702	240	61	61
706	240	49	60
715	240	43	59
726	241	39	58
730	243	42	61
733	242	44	64
737	245	44	68
741	246	47	69
747	250	46	68
751	259	50	65
756	269	54	57
763	272	61	63
773	278	62	63
782	281	61	64
795	284	60	64
807	286	60	60
825	288	48	62
839	286	44	65
848	288	43	64
855	289	47	68
865	286	51	73
869	282	53	76
874	282	58	75
881	281	70	73
883	288	81	67
885	289	86	63
906	291	92	72
912	292	100	88
916	285	98	102
929	288	82	103
935	286	67	106
932	289	73	105
924	289	83	109
921	286	108	111
916	288	125	108
907	287	153	109
916	284	167	109
965	279	162	95
1007	287	133	74
1014	294	117	67
1026	293	95	76
1035	288	90	81
1046	286	89	85
1068	286	80	83
1088	289	72	81
1109	289	61	80
1120	283	63	86
1130	285	67	88
1142	286	73	90
1154	286	83	92
1164	288	93	88
1181	289	103	87
1191	292	120	85
1191	294	131	79
1218	288	130	105
1239	281	123	115
1261	278	107	128
1277	274	99	136
1284	281	105	130
1303	282	95	134
1314	285	98	137
1325	294	97	126
1329	297	102	132
1333	295	116	130
1326	300	140	127
1319	304	166	120
1316	311	177	120
1315	314	171	140
1311	312	181	147
1330	310	163	153
1340	310	154	152
1350	312	144	147
1355	307	129	144
1363	308	123	153
1369	302	130	170
1374	297	143	173
1378	295	162	174
1376	286	185	189
1371	291	212	184
1362	304	262	175
1338	300	284	191
1349	305	280	198
1349	307	283	217
1353	301	257	230
1372	301	225	230
1376	312	225	215
1381	311	217	215
1383	301	225	246
1379	293	252	271
1386	282	271	262
1374	266	320	287
1335	247	328	286
1293	244	390	293
1255	255	437	272
1185	261	521	243
1167	263	555	272
1177	254	574	369
1131	241	647	426
1160	238	638	428
1173	230	652	436
1160	218	716	452
1141	237	744	432
1083	205	843	501
1091	220	752	485
1078	218	783	462
1004	235	875	440
948	232	956	453
817	221	1031	475
814	186	1048	495
877	174	1073	504
955	206	943	496
1003	235	926	480
1096	254	888	537
1198	280	808	490
1305	266	685	510
1362	258	613	499
1431	278	504	500
1407	279	538	427
1387	287	535	409
1335	274	548	448
1253	273	619	473
1236	269	649	476
1182	292	670	438
1152	308	637	390
1106	312	607	354
1067	336	575	317
1064	340	479	309
1068	341	393	293
1045	344	355	269
1040	360	290	267
1021	362	257	243
991	354	255	248
965	351	240	247
937	345	226	245
909	337	226	267
883	328	250	277
882	331	250	258
873	315	252	271
862	321	240	263
858	337	237	213
873	343	214	182
883	349	215	181
906	348	200	186
941	345	165	182
973	347	132	161
986	343	110	163
988	342	105	165
983	339	107	151
978	339	107	155
970	335	108	154
963	334	99	164
952	324	103	165
943	325	113	161
946	324	107	167
947	327	101	155
950	334	84	136
954	349	85	123
960	352	79	124
961	360	83	112
960	365	84	112
954	367	96	115
949	368	91	113
947	368	85	109
944	366	84	112
945	360	83	112
942	356	90	116
936	351	96	118
933	346	99	114
921	343	104	113
917	346	95	106
904	348	101	97
888	351	115	87
876	349	108	81
854	339	119	88
848	336	101	86
832	324	99	95
825	321	94	97
816	319	108	93
804	317	122	93
801	319	132	96
790	319	148	97
800	325	131	88
793	323	138	87
783	324	148	85
778	324	151	82
762	327	161	80
760	328	156	80
767	327	144	79
776	327	148	83
775	330	155	83
773	335	164	85
774	338	165	78
779	344	151	74
779	349	142	72
781	354	148	72
790	357	146	72
784	360	161	69
779	358	159	72
