329	599	33	29
340	600	29	31
349	601	29	29
358	601	30	29
367	595	30	31
373	593	30	31
379	596	31	30
390	596	31	31
399	598	30	30
403	598	29	29
409	595	32	32
416	594	33	32
421	593	32	32
425	593	33	33
435	591	31	34
442	594	32	31
446	594	33	33
453	595	33	33
459	595	32	32
465	595	31	32
470	595	34	33
477	594	35	34
483	593	34	34
489	595	32	32
496	595	36	34
502	593	37	37
491	593	38	34
491	594	38	33
487	595	34	33
485	595	32	32
488	595	31	29
486	596	34	31
486	596	31	30
488	595	32	29
494	597	30	29
497	597	32	30
500	598	31	31
505	599	33	33
509	598	33	30
515	600	32	32
522	599	33	31
528	600	33	32
534	601	32	32
541	603	33	31
552	606	33	32
558	608	31	32
563	611	34	32
567	611	32	31
571	611	33	32
574	612	35	32
573	613	37	31
573	614	37	30
575	613	37	30
574	614	35	32
575	614	34	31
548	615	35	31
512	615	33	31
477	612	34	32
443	610	38	34
417	609	36	33
389	610	43	30
367	612	37	32
350	613	36	31
336	614	34	29
329	613	30	29
323	614	28	29
320	615	29	30
318	614	28	29
316	614	29	31
316	616	33	30
318	617	31	28
321	618	29	28
321	619	29	28
324	620	27	26
325	621	25	26
326	619	24	25
322	619	25	24
320	620	26	24
317	623	24	23
316	622	24	23
313	624	24	22
310	624	24	23
306	626	25	23
302	626	26	23
294	626	26	23
287	623	28	24
285	623	26	22
279	622	24	22
274	625	22	21
267	624	23	21
259	620	23	22
252	620	24	21
246	620	23	20
238	621	25	20
229	621	24	19
221	620	23	20
213	619	23	20
205	617	21	20
199	618	22	19
198	615	20	19
207	611	22	19
219	606	23	19
229	601	24	21
236	599	27	21
247	597	25	21
252	598	25	20
260	596	25	22
266	594	24	22
270	598	24	21
271	601	25	21
272	605	25	22
271	610	27	22
269	616	26	22
268	621	26	23
266	629	26	26
264	627	27	28
260	625	28	27
257	625	28	24
254	622	28	25
252	625	28	24
251	625	28	24
248	628	28	25
247	632	29	26
243	637	32	27
243	636	29	26
242	635	29	27
239	635	29	30
239	636	29	30
240	639	30	30
239	641	29	31
240	641	31	34
240	640	31	32
241	638	31	37
242	641	33	34
244	643	31	32
246	645	33	32
249	644	32	34
253	644	32	36
257	646	32	34
258	645	33	33
262	645	35	35
266	645	33	36
267	646	36	37
273	644	34	36
274	644	35	38
279	645	34	35
286	645	32	34
290	644	33	36
297	644	33	36
303	641	33	36
309	641	34	37
315	642	35	35
324	642	35	38
333	643	36	36
342	643	34	37
351	644	34	35
360	645	35	36
371	645	35	36
378	647	37	35
390	646	35	37
398	645	36	37
408	649	37	36
420	648	35	38
431	650	35	36
439	648	40	36
419	646	39	39
383	640	34	39
345	641	38	43
315	641	38	50
280	643	42	48
251	647	44	45
230	650	40	38
204	651	39	36
192	651	37	36
178	649	35	34
168	652	34	32
160	652	34	34
154	652	34	33
155	654	32	33
157	653	32	32
162	651	32	34
169	651	32	32
180	649	32	30
189	647	34	29
202	645	33	28
217	642	31	27
229	639	32	28
244	639	28	26
253	638	29	26
262	635	31	26
272	633	32	25
278	631	29	26
283	631	27	25
287	629	26	25
287	628	26	25
279	630	26	25
273	632	26	24
266	631	26	23
256	628	27	24
250	627	26	22
242	625	28	22
246	622	26	19
254	618	29	22
272	613	28	22
287	611	27	23
300	608	27	26
314	604	28	25
329	605	28	24
340	604	28	23
351	607	29	23
361	610	29	23
368	616	28	25
373	618	29	27
378	626	28	25
379	635	29	27
380	641	29	26
378	652	29	28
374	652	29	28
367	648	29	29
357	644	31	29
347	643	32	28
335	645	35	29
327	649	33	26
319	650	33	27
311	654	33	31
301	653	35	33
291	653	34	33
283	653	34	34
276	651	32	35
269	654	34	35
264	658	34	36
261	659	33	32
259	658	31	31
255	655	34	37
256	657	34	37
259	659	32	33
261	664	33	31
262	668	32	32
262	670	34	33
262	672	38	36
266	676	36	37
269	674	34	36
270	669	35	36
271	666	34	35
272	658	35	37
272	651	35	37
273	642	36	37
274	638	34	36
274	633	34	35
277	624	34	37
279	616	34	37
278	610	35	37
278	603	36	37
283	596	36	35
291	593	34	36
300	592	34	36
310	593	36	37
325	593	37	35
338	593	35	35
350	594	35	34
362	597	36	34
374	604	35	34
384	608	33	35
396	610	34	36
408	608	33	36
419	611	34	37
433	615	36	35
447	620	35	35
462	623	34	36
481	626	41	34
494	624	41	36
469	617	39	34
451	612	39	29
431	610	39	28
414	609	32	28
397	608	35	28
388	610	32	28
379	614	30	29
370	618	32	30
368	617	30	30
370	617	31	33
372	618	29	31
375	622	29	25
379	621	29	25
381	623	28	26
383	625	28	27
389	623	28	25
391	621	28	25
392	621	26	27
390	622	26	25
385	621	26	24
381	621	26	25
375	621	29	23
368	622	26	22
364	622	24	21
357	623	24	24
350	623	24	21
347	623	23	21
342	622	23	20
340	625	22	19
340	625	23	21
338	627	23	21
336	629	22	22
330	630	25	21
322	630	24	22
313	632	25	21
299	632	27	22
284	632	26	23
263	634	27	23
244	635	28	23
226	638	29	23
208	640	29	24
198	644	28	24
189	644	26	25
179	646	27	25
173	646	28	26
172	645	28	27
170	647	28	27
173	650	29	26
178	651	29	26
188	651	28	24
196	653	28	25
206	653	28	26
213	654	28	26
221	654	27	25
228	652	27	25
232	652	28	25
238	655	28	25
239	654	27	25
241	655	27	25
239	656	27	25
239	653	30	26
238	651	28	26
231	649	30	27
226	649	31	26
223	648	29	27
217	648	30	28
210	650	30	29
204	654	31	26
202	652	30	27
199	649	28	27
199	645	30	28
200	646	29	28
201	648	29	29
202	652	31	28
204	655	31	29
203	659	31	29
203	661	31	28
202	662	33	28
203	663	30	27
202	658	32	31
201	653	30	29
201	649	31	30
202	647	30	30
204	645	30	29
205	640	29	30
202	633	31	30
220	619	34	36
248	611	34	30
269	610	37	29
291	615	36	28
313	622	41	31
334	635	38	30
352	644	39	32
369	652	38	33
375	654	36	37
369	665	40	42
363	678	40	38
360	690	38	34
357	696	36	37
349	703	40	41
346	706	39	43
342	702	40	48
331	700	44	52
328	698	42	52
329	696	45	46
327	698	41	45
324	692	42	47
324	676	41	48
324	658	42	51
326	650	42	50
332	646	43	46
341	642	40	46
339	638	40	44
336	634	40	46
337	630	40	44
329	625	41	46
316	623	44	48
308	626	43	46
301	634	42	44
291	637	44	44
285	641	44	46
283	644	42	44
280	646	42	44
281	648	40	43
279	650	41	41
282	645	39	39
285	641	42	40
285	638	43	42
287	637	43	40
287	625	43	42
289	615	45	39
291	606	42	38
295	598	44	38
309	588	46	38
319	580	42	41
324	579	42	38
333	576	43	38
346	575	43	40
361	581	41	40
376	584	47	41
387	587	59	37
390	590	50	34
382	591	50	36
375	598	53	33
364	595	59	39
354	597	64	39
344	602	56	35
340	602	51	34
344	600	40	33
344	597	36	33
345	589	37	34
346	580	34	32
343	563	34	35
348	540	36	35
362	524	38	34
376	523	36	32
387	522	34	32
394	517	35	32
410	513	36	31
426	513	35	31
432	519	35	30
440	525	35	32
445	535	34	32
450	545	34	31
450	551	35	30
455	559	35	30
456	568	35	30
456	574	34	30
458	579	34	31
460	581	34	30
462	586	31	30
462	588	34	29
465	583	32	30
464	578	32	30
458	571	33	30
456	569	31	30
455	570	31	29
458	572	30	29
456	573	30	30
456	573	30	28
457	571	30	28
460	570	32	29
467	572	29	29
471	573	30	28
477	575	30	29
476	575	28	29
473	579	29	28
473	584	30	28
475	592	30	27
472	596	32	28
448	592	29	26
429	590	26	25
406	594	27	24
394	594	27	24
381	595	29	25
374	602	28	23
367	608	28	23
362	612	30	24
365	614	33	25
367	616	30	26
363	619	27	27
363	623	29	24
362	630	30	23
358	635	28	23
353	641	30	24
348	647	31	30
344	647	31	28
347	639	29	33
349	637	28	27
346	638	27	25
345	635	26	25
346	633	27	25
347	634	26	24
351	633	26	24
352	634	27	27
354	634	25	25
362	634	25	25
365	634	25	24
365	634	24	26
367	634	26	25
368	634	25	22
370	633	24	23
373	632	23	22
377	629	23	23
381	627	23	22
379	626	23	21
380	627	24	22
381	626	23	20
380	628	23	20
381	629	21	19
380	625	21	20
377	623	21	21
374	621	22	21
368	620	25	22
365	620	24	19
363	617	26	21
391	613	23	20
414	611	21	19
433	608	25	21
453	605	25	20
471	603	27	22
488	603	24	21
501	601	25	22
514	603	26	21
525	605	25	22
530	609	25	20
530	615	26	20
529	622	28	21
521	626	31	25
509	624	31	25
495	621	32	25
476	619	33	23
456	619	34	22
431	618	35	22
408	619	34	22
390	620	31	23
366	623	34	28
342	625	35	29
326	622	33	29
306	620	32	33
287	620	32	32
276	620	31	34
260	622	32	34
250	624	28	30
243	628	30	27
237	628	29	27
232	627	29	28
226	627	28	27
225	626	27	28
225	626	27	26
223	625	27	26
225	623	27	28
225	622	28	27
224	624	30	28
231	623	28	27
233	622	27	26
239	620	26	27
246	619	27	26
251	620	27	27
262	620	26	26
271	616	28	28
280	617	29	25
293	615	27	25
303	614	27	25
315	615	28	25
331	612	28	27
344	613	28	26
362	616	27	24
379	616	32	24
403	615	30	26
424	613	31	28
449	613	34	28
452	614	32	28
437	614	26	32
417	613	27	37
400	614	26	40
378	616	27	41
357	621	29	37
337	629	31	31
319	636	29	28
304	638	30	30
295	642	28	31
286	643	31	37
283	645	27	31
279	649	30	31
275	653	32	31
276	651	33	32
284	652	33	31
290	650	32	32
299	649	31	30
306	651	32	30
316	654	31	28
327	652	31	27
343	652	31	27
359	651	31	26
371	650	31	24
386	649	30	24
402	646	26	26
412	645	28	24
428	646	27	22
435	645	28	24
443	645	29	25
453	644	28	25
462	642	27	25
469	642	26	24
471	641	26	23
474	639	26	22
474	638	26	22
470	637	26	21
465	638	27	22
461	637	26	21
453	633	25	22
445	629	26	22
433	626	27	22
423	624	26	22
413	625	25	21
398	621	29	24
386	622	26	25
388	618	22	22
403	606	23	21
418	596	25	22
433	587	27	21
447	576	30	23
464	567	26	23
479	561	26	23
485	555	28	22
493	548	27	23
496	544	26	23
491	540	31	21
485	538	29	22
473	534	31	23
457	534	35	24
440	536	37	22
422	537	33	22
399	537	33	24
373	538	33	28
341	546	35	22
310	552	36	23
278	554	36	25
246	558	37	25
218	563	37	24
192	570	34	25
170	581	35	23
151	594	37	23
138	605	31	21
131	615	30	22
122	617	29	24
118	608	28	24
117	601	27	24
119	594	26	22
123	588	27	22
133	584	27	22
145	581	28	22
156	578	27	22
166	578	28	21
178	579	28	23
189	580	28	23
203	585	29	20
217	587	27	21
231	591	28	20
246	598	26	25
257	600	25	22
269	597	25	25
281	595	25	28
292	594	25	29
305	595	24	29
316	597	25	26
327	598	26	24
340	601	24	22
348	600	24	21
358	599	26	23
368	597	23	25
376	597	23	22
382	596	23	21
390	596	24	20
398	594	24	22
402	596	23	21
409	595	23	21
415	595	24	21
421	594	24	21
426	592	22	22
432	591	23	21
437	592	22	21
443	592	22	20
449	590	22	21
457	589	21	20
455	587	25	22
437	582	22	22
421	580	22	19
404	577	21	20
389	575	23	21
376	573	23	20
365	576	24	19
356	577	25	22
353	581	24	21
350	587	23	22
350	592	25	21
351	599	25	20
351	607	28	22
353	615	29	22
354	623	31	23
351	635	29	24
350	642	29	27
351	639	27	29
348	641	27	26
343	641	29	25
337	643	27	25
327	644	30	26
317	645	29	26
309	651	29	26
299	657	30	29
291	660	28	27
286	659	29	29
280	657	29	29
273	660	30	29
269	660	29	31
264	662	29	30
260	666	30	27
261	664	29	27
264	666	29	27
268	667	29	27
271	667	30	25
275	670	29	25
282	669	30	25
289	667	30	26
296	666	29	27
301	669	29	25
307	669	30	25
314	667	29	26
319	666	29	26
325	668	26	24
329	669	27	23
333	669	27	24
335	667	28	24
341	666	26	23
342	667	26	22
346	665	27	24
345	662	31	25
347	661	27	25
347	660	25	24
342	659	26	23
338	657	28	23
332	657	27	23
327	657	26	24
322	656	27	24
318	656	26	23
314	658	26	22
309	659	25	23
309	659	26	23
309	656	26	24
310	654	26	23
315	652	24	22
311	648	30	24
307	644	31	26
308	638	32	26
315	633	30	24
315	632	30	23
315	630	28	22
318	629	29	22
318	625	25	22
319	622	26	23
317	621	26	22
315	618	23	21
313	618	24	22
310	620	24	20
307	621	24	21
305	620	24	22
304	621	22	20
301	621	22	21
300	620	23	21
298	621	23	22
295	622	25	21
294	621	23	21
294	622	24	21
292	625	24	21
296	626	22	20
296	627	24	20
297	628	22	20
299	627	24	21
302	629	23	21
302	632	24	20
303	633	23	20
303	632	22	20
302	636	22	21
298	638	23	20
295	638	22	21
292	641	22	20
287	641	22	19
280	637	24	20
274	629	24	22
270	624	22	23
262	622	23	22
253	616	23	23
247	609	25	23
237	603	25	22
231	595	25	22
224	589	27	22
216	586	24	20
211	582	23	19
209	580	23	21
204	576	22	20
203	579	22	19
200	584	23	19
200	588	23	20
203	588	21	21
205	589	20	20
206	593	22	20
209	594	21	21
207	596	26	20
208	596	27	22
210	603	24	20
210	610	22	19
208	612	22	19
203	612	23	19
197	611	22	19
192	607	21	18
183	603	21	20
177	601	21	19
170	602	22	19
171	602	22	20
172	600	19	19
171	596	19	18
176	596	22	17
195	591	23	20
208	593	31	20
234	595	28	21
257	597	29	20
283	601	29	22
304	603	31	22
333	608	28	22
352	614	32	25
374	621	33	24
391	624	34	26
407	624	33	27
421	626	32	28
430	626	33	28
441	625	35	28
446	627	36	31
446	633	34	31
444	635	35	32
437	640	38	33
424	649	38	36
413	657	37	35
405	663	37	36
393	668	37	37
375	671	40	35
357	675	41	37
333	684	44	39
321	685	44	40
307	689	41	38
294	689	42	39
280	687	43	41
271	680	43	41
262	676	42	39
247	672	41	39
229	670	43	41
218	667	44	43
204	663	44	43
192	656	45	44
180	645	46	43
165	636	50	47
159	629	44	44
157	622	44	41
160	613	41	45
158	607	42	47
156	604	47	48
159	607	43	42
158	614	44	39
167	616	41	36
173	614	45	40
181	612	43	42
190	614	42	46
193	617	45	45
203	620	42	47
212	624	39	46
217	628	41	45
225	629	40	43
230	626	39	42
230	620	40	43
226	610	40	45
221	602	39	45
218	599	39	43
214	595	42	42
216	592	39	41
218	591	39	40
222	583	39	41
227	574	37	42
225	570	37	40
227	567	36	40
232	568	36	40
233	573	36	39
241	581	37	38
251	587	35	37
256	592	36	38
262	591	37	38
268	594	35	37
272	597	35	36
279	599	35	37
286	600	35	35
288	604	38	35
296	608	36	35
304	606	33	36
307	607	33	35
311	599	34	37
313	590	37	36
319	582	35	36
318	571	37	35
321	556	36	36
324	547	37	35
327	543	33	34
330	537	34	33
335	528	33	33
339	517	34	31
345	509	34	34
352	504	33	33
359	506	33	31
363	510	33	32
364	512	29	30
361	514	34	32
360	521	31	32
359	526	30	31
363	527	29	28
369	527	29	31
373	531	28	31
380	533	29	31
389	536	31	32
395	536	30	30
404	536	30	29
412	532	29	31
413	527	29	30
413	521	29	32
414	519	32	31
416	520	29	32
420	522	29	30
424	524	29	27
426	522	29	28
421	520	29	27
419	517	27	27
417	514	29	27
412	516	29	28
407	517	28	29
406	517	28	28
406	515	28	28
399	516	29	28
397	519	28	28
396	525	28	28
393	531	29	27
393	538	27	27
395	539	28	27
398	544	29	27
402	546	28	28
409	549	31	29
414	552	30	28
419	554	29	26
426	554	29	27
434	551	29	28
440	546	30	28
450	541	29	28
459	536	29	28
464	537	31	27
440	537	31	30
429	534	30	30
410	523	32	33
396	521	32	31
388	524	31	31
382	530	31	31
377	537	30	32
374	540	30	32
373	546	30	32
371	554	31	30
369	554	31	31
370	554	34	34
372	560	34	35
371	564	33	35
374	570	34	33
379	574	33	31
382	580	33	31
387	586	32	31
391	590	35	31
401	594	32	31
408	595	33	30
415	596	33	32
422	595	31	31
426	595	31	30
431	597	31	29
437	597	32	30
445	595	33	31
455	590	35	32
468	584	32	30
474	582	31	28
481	582	32	28
487	586	32	28
494	587	30	29
498	588	31	29
500	586	31	28
501	586	30	28
501	589	32	28
502	588	31	28
502	586	29	28
496	587	30	28
493	585	29	27
488	585	31	27
481	586	33	28
474	584	30	29
467	581	31	29
459	582	30	28
450	581	31	27
441	582	31	28
432	581	30	27
423	583	32	26
415	581	30	26
405	579	29	26
395	579	29	26
383	579	30	26
376	577	28	25
367	578	29	26
358	578	29	25
349	576	29	25
341	576	29	26
333	576	29	27
326	574	30	26
320	573	27	24
313	573	29	24
307	572	27	24
297	569	28	26
289	568	29	25
286	561	29	26
287	545	30	30
288	533	30	27
288	521	28	27
287	508	29	27
287	499	28	26
288	491	27	25
286	481	28	26
288	476	26	26
287	470	28	25
286	466	28	26
285	464	28	26
285	461	27	26
286	461	29	27
286	464	29	26
288	467	28	25
288	472	28	25
288	474	30	28
288	465	27	28
289	459	25	24
287	453	26	22
285	445	26	23
282	441	27	23
282	436	28	25
280	433	28	23
276	430	29	25
273	429	28	25
272	431	28	24
271	433	28	24
271	433	24	25
270	437	23	23
268	444	25	23
266	452	26	24
266	460	26	24
267	467	28	25
269	477	26	26
270	488	27	27
270	500	27	27
275	503	27	25
278	495	26	25
282	490	28	24
287	483	28	24
290	478	28	25
295	474	27	25
296	469	28	24
300	468	29	24
302	467	28	23
304	465	27	24
307	465	27	24
310	468	26	23
311	472	29	25
314	478	29	25
314	481	28	25
316	488	27	23
317	497	26	25
316	506	27	26
313	518	29	26
309	529	27	26
304	541	27	26
296	556	28	26
285	570	30	29
273	571	31	28
259	567	30	27
244	563	31	26
231	558	31	25
215	555	30	25
202	554	30	23
187	554	32	23
173	556	32	24
167	552	34	27
183	532	36	26
203	512	29	26
221	495	30	25
241	478	28	24
260	458	29	26
283	439	32	29
307	430	32	29
333	415	33	31
353	404	36	29
371	396	34	27
393	384	31	28
393	384	31	28
393	384	31	28
393	384	31	28
393	384	31	28
393	384	31	28
393	384	31	28
393	384	31	28
393	384	31	28
393	384	31	28
393	384	31	28
442	397	35	35
411	401	42	39
411	401	42	39
411	401	42	39
332	409	49	43
332	409	49	43
332	409	49	43
332	409	49	43
251	410	41	40
251	410	41	40
251	410	41	40
251	410	41	40
179	406	38	41
166	403	36	39
151	403	35	36
139	402	35	39
126	399	36	42
119	396	35	42
118	396	32	40
117	394	28	40
115	392	28	39
116	392	29	39
117	392	28	39
119	390	30	40
123	391	31	38
128	391	32	41
137	392	31	41
146	391	30	40
155	392	30	41
161	392	32	39
171	394	31	37
183	393	31	37
191	393	30	36
201	394	32	38
211	397	30	36
220	398	28	35
228	398	30	37
233	397	31	36
240	397	29	37
246	396	29	37
252	395	29	38
254	398	29	36
258	397	29	37
261	397	28	36
265	397	28	36
266	396	29	36
270	398	28	36
271	397	27	36
275	398	29	36
279	398	30	36
286	399	28	36
292	399	29	35
301	399	29	40
310	398	30	42
317	402	30	40
327	401	29	40
337	401	31	37
346	401	29	36
355	403	29	37
364	402	29	36
373	403	29	37
380	404	29	36
385	402	30	36
392	402	28	36
395	400	28	37
399	400	29	37
400	400	28	36
404	399	29	37
405	399	29	36
407	399	28	37
408	398	28	34
408	397	28	35
409	395	27	37
411	394	27	39
414	394	27	39
416	394	27	37
418	393	27	37
421	393	30	36
425	391	28	40
428	391	30	39
433	391	29	39
436	392	29	38
441	391	29	40
445	392	30	37
452	393	30	37
458	394	30	35
465	395	29	34
473	394	29	36
480	393	29	35
489	392	30	35
497	390	29	38
506	391	29	38
514	391	30	37
523	391	32	37
532	392	31	35
541	394	31	34
552	393	33	35
566	391	31	39
574	393	31	38
583	394	32	35
594	393	31	36
605	394	32	37
616	395	33	38
626	396	33	36
638	396	33	37
651	395	36	38
667	392	33	41
679	393	37	42
675	472	45	43
675	472	45	43
675	472	45	43
675	472	45	43
675	472	45	43
675	472	45	43
675	472	45	43
675	472	45	43
675	472	45	43
675	472	45	43
675	472	45	43
675	472	45	43
675	472	45	43
675	472	45	43
675	472	45	43
675	472	45	43
675	472	45	43
675	472	45	43
675	472	45	43
675	472	45	43
675	472	45	43
675	472	45	43
675	472	45	43
675	472	45	43
675	472	45	43
675	472	45	43
675	472	45	43
675	472	45	43
675	472	45	43
675	472	45	43
675	472	45	43
675	472	45	43
675	472	45	43
675	472	45	43
675	472	45	43
675	472	45	43
675	472	45	43
675	472	45	43
675	472	45	43
675	472	45	43
675	472	45	43
675	472	45	43
675	472	45	43
675	472	45	43
675	472	45	43
675	472	45	43
675	472	45	43
675	472	45	43
675	472	45	43
675	472	45	43
675	472	45	43
675	472	45	43
675	472	45	43
675	472	45	43
675	472	45	43
675	472	45	43
675	472	45	43
675	472	45	43
675	472	45	43
675	472	45	43
675	472	45	43
675	472	45	43
675	472	45	43
675	472	45	43
675	472	45	43
675	472	45	43
675	472	45	43
675	472	45	43
675	472	45	43
675	472	45	43
675	472	45	43
675	472	45	43
675	472	45	43
605	388	42	37
605	388	42	37
605	388	42	37
676	383	44	39
643	383	40	39
605	386	38	40
567	390	39	38
533	394	37	38
495	395	38	37
464	396	38	36
435	395	38	38
408	395	38	37
381	396	37	36
359	393	36	37
336	391	37	37
311	389	41	37
290	386	39	39
270	385	40	39
250	383	42	38
230	379	43	39
215	375	38	38
202	371	36	38
188	368	34	39
179	366	31	36
171	365	32	40
169	363	28	38
170	361	29	39
169	362	29	38
171	361	28	36
171	359	28	37
169	358	28	39
160	356	30	39
147	357	32	36
128	357	36	37
106	356	38	39
84	353	38	39
51	352	42	39
12	355	43	40
12	355	43	40
12	355	43	40
12	355	43	40
12	355	43	40
95	285	36	46
95	285	36	46
105	230	46	50
23	275	52	47
57	220	65	45
34	216	74	44
16	216	83	40
1	220	84	39
-1	225	80	41
-3	224	76	46
0	225	71	46
-1	230	66	37
0	236	67	32
0	242	68	33
0	249	69	32
-2	249	72	32
-1	250	72	30
0	246	68	33
-1	237	68	37
-4	238	64	35
-8	237	59	41
-8	237	59	41
-8	237	59	41
-8	237	59	41
-8	237	59	41
-8	237	59	41
-8	237	59	41
-8	237	59	41
-8	237	59	41
-8	237	59	41
-8	237	59	41
-8	237	59	41
-8	237	59	41
-8	237	59	41
-8	237	59	41
-8	237	59	41
-8	237	59	41
-8	237	59	41
-8	237	59	41
-8	237	59	41
-8	237	59	41
-8	237	59	41
-8	237	59	41
-8	237	59	41
-8	237	59	41
-8	237	59	41
-8	237	59	41
-8	237	59	41
-8	237	59	41
-2	208	50	49
