382	335	138	115
370	349	141	114
400	354	134	96
406	361	150	99
406	370	168	92
417	360	181	95
434	355	173	97
438	343	169	93
447	321	165	95
440	323	157	94
450	316	150	100
472	298	153	108
473	305	161	115
491	312	161	103
505	314	178	110
520	325	195	100
533	323	198	98
535	337	195	93
551	334	184	112
551	341	180	105
559	348	187	106
569	337	188	113
560	340	196	110
565	342	190	114
547	337	193	122
533	352	175	110
542	357	189	101
535	355	206	99
508	355	209	102
520	336	208	111
513	333	208	105
502	328	207	108
517	324	208	106
524	332	209	105
520	329	210	110
525	308	209	119
532	318	194	109
533	312	205	109
520	305	207	117
510	314	211	108
525	314	195	103
540	321	196	109
545	331	209	119
552	331	203	124
552	332	203	112
570	335	191	115
567	341	184	114
559	349	191	112
575	354	200	111
584	346	210	111
587	336	215	114
593	334	211	107
594	323	207	113
598	330	195	111
607	315	204	121
621	306	201	126
631	295	205	139
640	291	196	140
644	299	182	136
662	312	171	127
682	318	174	122
679	333	180	117
680	341	188	118
689	338	187	112
696	342	177	122
698	342	182	117
699	321	185	138
698	310	177	154
693	309	163	163
710	289	162	177
720	278	155	176
699	279	156	167
694	280	153	151
686	264	165	158
679	248	178	162
679	236	175	169
681	236	181	155
679	225	182	164
682	219	171	170
688	214	170	165
682	201	163	169
673	200	169	164
680	190	170	168
679	180	168	168
671	153	173	195
676	137	163	221
667	127	155	222
656	135	148	211
643	135	145	202
628	147	131	185
612	154	129	178
597	154	126	180
578	159	134	186
572	179	144	197
578	193	152	188
572	209	146	191
570	230	141	182
567	230	174	199
574	239	156	210
569	256	158	206
579	253	114	230
578	268	101	220
573	271	101	204
562	262	104	207
565	272	92	211
560	269	92	222
554	271	90	235
529	268	102	247
518	265	113	267
506	249	123	294
485	224	143	326
494	206	133	315
498	201	128	297
496	199	130	291
506	185	134	297
509	189	137	302
503	191	149	301
508	185	154	301
506	177	152	341
509	183	156	336
507	176	153	337
505	185	154	335
513	207	140	376
493	212	153	349
486	242	151	348
491	298	160	332
476	288	184	353
458	272	187	421
447	274	215	439
455	282	212	442
461	293	227	426
432	298	258	414
453	317	252	409
476	323	230	389
485	315	228	408
502	417	223	338
491	447	250	289
487	497	322	245
497	559	290	177
516	607	249	145
516	607	249	145
516	607	249	145
531	521	233	194
531	521	233	194
531	521	233	194
531	521	233	194
531	521	233	194
531	521	233	194
531	521	233	194
531	521	233	194
531	521	233	194
531	521	233	194
531	521	233	194
531	521	233	194
531	521	233	194
531	521	233	194
531	521	233	194
531	521	233	194
531	521	233	194
531	521	233	194
531	521	233	194
531	521	233	194
531	521	233	194
531	521	233	194
531	521	233	194
531	521	233	194
531	521	233	194
531	521	233	194
