1.0
279.66450724494456,133.0782427956281,90.78543844275723,60.07432951023306
278.4780797451418,134.42672513787056,95.82678017917145,59.29037625662398
277.8899758129514,136.7887667009509,99.47510660948414,59.95767149981306
275.033795601894,138.8181024488443,102.9267687612582,59.65160516923185
273.8039114369462,140.625469363241,106.76340284741096,58.94205610177293
278.2023631708226,139.78337837288908,106.13764744947026,60.516078531153724
277.1498416565886,143.02919531101537,106.57201286952065,60.10695855073962
281.45877995053934,143.32188996521086,103.91544675175527,61.61811724406115
286.86131610274106,145.90320659858034,101.18356126462415,61.11267714100942
288.9816885320012,146.27466540885112,101.56771289351423,60.516404137296334
294.01231163511665,146.56040850800647,98.57439868799803,61.7336413454273
297.2199596973832,146.34691408847124,97.1224358565926,61.88654366241891
302.2951396125939,146.58229551392978,95.76079466575848,62.09510623247126
304.9826291033666,146.25859003182154,96.15066408306829,61.56354574035362
307.85616536856725,144.38185728714947,94.97181154330228,64.24301923347024
317.9097428823551,143.16650480517995,91.30629700463172,67.55917248011467
320.21309383704414,153.03321792510738,95.7547749814642,61.74178905520721
327.25518907932315,156.1229065103815,94.90459616295237,59.60516622794704
330.34970745667397,155.20856700306726,94.03461143610272,60.1789703754837
330.03067926996664,150.57618934629943,96.31802381053417,63.49650542305849
331.8728763818366,155.97250204360765,99.82542381130318,61.4861837351945
335.7391197452878,158.32088914102187,99.8546261046094,59.35166782118207
335.45960708536546,147.54981954092142,100.72832686870932,63.919383397922864
330.89599684059374,139.2495654379861,106.75277558980878,61.976418639471596
330.41051060484153,137.05500122094904,111.82681803904389,59.24385559555515
333.23190033305764,139.20246998716522,114.81700456236335,57.392343148240734
331.4380252368116,141.08540654652543,116.1597434175093,55.28814446386951
332.03784214345643,138.99994821335014,116.11361292744967,55.61978785412953
340.80993024407,140.6587479742684,114.60315606930786,57.11313840387031
341.06561425823514,144.679959039478,116.65884814285134,54.74971586307567
342.67151311037287,147.83132531350503,117.32537003825047,54.97508378714835
347.4611099117766,153.235804599891,118.43795271258108,57.74927004801257
347.4718152724545,155.61334605557414,116.48587715613324,57.78643003783606
346.80685229413643,154.54179591403937,110.44546304140118,58.313961774980044
348.9693378155365,151.4922098344873,105.53448807595352,59.03014033353469
352.1686985742373,150.11853950962146,102.13769301537928,58.89017100091983
352.84619372989664,150.4129201357551,99.84682001420376,59.95167220341436
359.1686586628285,148.90605460912934,95.70508194884484,64.23069494471346
361.5169397238634,145.49077175052224,93.63780566581579,69.64318303288317
362.5279979289386,146.09516607073766,94.02705667622642,72.30193670792951
363.6924611187407,146.97792410350706,94.3856111204728,72.7780137119497
365.34076310881994,151.15385272078993,95.30218504141554,71.63587745462132
365.7558387293391,153.30978602421104,96.5177104426294,70.8590496829135
367.06365105993257,157.13238268753787,94.60488680788869,70.40069913137759
371.87532044680194,160.72722548703504,93.08139071799077,69.06487402443322
373.91568955843195,161.1121061685244,90.10776436667135,68.81636704788201
375.81622260700414,163.96152275142663,89.46880766668501,68.21799256815913
380.6934728710995,164.91299509120634,86.12755807637217,69.19931878406595
384.19536944509497,166.56512285695177,84.52992941028575,70.19042192367976
386.05477690903416,169.3456175557495,83.09033656793572,70.1295499447276
389.82161637088177,170.5935416302377,81.30178976067222,71.36653833116064
389.0501100897799,171.00845232326628,81.875211923707,72.03651814898755
388.65632915277587,171.76683318354551,83.31823840781162,70.56443149748026
388.2093295267762,172.62941064367453,84.90388717705278,69.90325009142953
387.06999222315227,174.30457582960366,85.94841685157033,69.2332904363818
387.1949964476422,174.179591466768,85.65943223979205,67.07311130487764
388.4013786875204,172.34124206329594,83.02170907525709,66.54463228243743
386.24074923428276,170.44679168418065,81.78211778179265,63.70212530832769
387.2142557218758,170.36250018019052,79.78025939852529,61.88013402835344
383.3550114822608,170.0908581651516,79.49605991615326,58.59714873500209
382.28354608770707,167.1260959214912,78.59719408966762,56.75263829736737
376.62719320385975,168.0327419467419,80.09024702452058,51.67631664838062
377.2460982059057,166.489004317009,78.58441431016529,49.36925644846828
374.71519272630354,165.1652672776424,76.11069542533684,48.07073514735093
369.19212885953914,162.9024141923968,76.25269618504385,46.587321132174544
370.20817994638065,158.4482699438726,72.61531832076867,47.89797216830674
372.1837136144848,156.08799551896516,66.79688006615717,51.026848573163306
366.5384779722933,152.24544921082025,64.0994876461644,53.1431422184686
360.9062431057634,152.36566324723853,65.46597052581144,51.10501990204428
360.5503041539258,151.99371763252972,64.21622851739386,49.155165439134215
360.44316246362126,152.77773250761012,62.78915348706407,48.115652125520924
362.4573877188623,155.20703160909426,61.56858884743289,46.83743714643161
359.83720141280565,153.67804890705133,58.08976542805381,46.383409824839845
359.54619677784564,153.74150751125632,54.00951675181139,47.05877767318137
357.2434090615937,152.66096167127668,49.88149233709712,47.79897520919747
355.31601782911304,150.73135783791093,47.35393632924237,47.37187038528228
348.70425427151747,149.49784521318028,48.03016414397938,47.62869525972202
345.61643390124254,147.89677670350142,47.08938965679931,49.53414183798112
351.48057215074965,145.47524577770525,42.22178111206692,53.47702920295342
353.38740621038954,141.539431248028,37.27959881848715,57.07661767459982
352.6733939603333,140.2482773149045,34.98375979813969,58.86320156380074
352.7092471308084,137.4186333276484,33.311996288053194,60.895726467152535
350.8587808930425,134.6281266298148,30.679445445166934,62.669319673676846
346.1974662863407,129.28725744808617,29.947541381117446,60.90372869576504
345.58783632834025,128.05219671507209,30.34429696196558,59.08773582913659
344.08762040248075,128.0518849478961,30.55197053419204,57.90201800683742
342.31598969921447,127.11056622974354,29.38636196783193,57.503228125811
342.11308903470984,126.43496019010664,28.618293068909008,56.272890748632456
342.4316934510281,124.0396564038582,28.010975986057545,54.83014958663078
341.06750358455304,123.1976402077049,27.904057479658256,53.051845755377755
341.5284054362972,122.88095490710606,27.293875435164832,52.682453071221616
339.0853081989133,122.8410164934339,27.826706126797934,51.46417827985006
339.88693427647877,122.37056820641638,27.074788085516218,50.586038731324535
339.07858396853743,121.06655740193098,26.453320483718645,50.367133920060006
339.29347301389606,119.63804925585589,25.781013359593736,50.80270967196055
339.0648230237513,121.63399259373185,26.23400480429162,48.34876254848159
337.835642710422,122.36915063620646,26.14309046221676,48.51229984034086
337.7029734433491,123.66154606342211,26.904747829600325,46.189469940721864
336.20600907887786,122.89233667678488,26.973203915474336,45.43542278638449
334.897262885994,123.74810982839145,27.499647747518992,45.03129119577506
334.8994515708307,125.1111401069885,28.491506383475006,43.946895144335244
333.28274324249736,124.78207940847818,27.83084021607865,45.34266094271749
332.50434184083616,127.79748807128755,28.903843141142282,44.43728426212697
332.7703357015135,126.8703553160465,28.649501123253952,45.18351676957775
330.41181726172357,127.10683101973544,28.882719520884347,44.16388134606325
330.9050105568869,128.31546077938867,27.28351661112543,45.57317660535807
330.83417241393346,126.49555771351062,25.619224186044868,46.07192829589164
331.80420563107305,127.98477661876663,26.647947552188153,45.50870283000005
330.9008669748465,131.49061833539855,29.114165572886375,43.190809056031696
330.3085313417653,130.95373996810827,30.555092435588453,42.554630214140865
329.1369243291451,132.5023306991466,30.599490739248772,44.39470317834978
329.1351246970432,132.34265093027275,29.170891540032727,46.38949207433022
328.0486616665062,130.60234263670952,27.362755664780714,47.648449021982756
328.9967180691226,131.37881450496388,26.241954847213634,48.581592665509596
327.3880281367347,130.48960292411275,26.151426970200408,47.561645876880625
328.23399848461963,130.24827684129792,26.346669201982323,46.506414613305935
328.4511821826993,130.3569292414455,25.463709033556594,45.93745337288897
329.13282062127655,130.81684048367543,25.536094493163876,45.21899427107812
329.0678939197764,129.1899459429793,25.903318546200683,44.775143977246614
328.80354212165315,131.74066946385994,26.459795513456356,43.69601660327747
328.59640136715115,132.3858505306942,27.194354738458593,43.16731552075393
328.1665993805636,134.2169622753525,28.566460661267094,42.68893814750059
329.2126236309413,135.12481835958314,27.75575702328335,44.08938215051535
326.35508768124174,134.01320688893938,28.22394161826637,44.99750374811924
329.9907894803465,134.85132014245931,29.92892970662762,45.11281288437513
329.5018007569329,135.44470119287644,30.630016814128858,46.99013180043397
327.7823308033085,135.80744258332302,33.22686987357997,46.75247487616188
326.3108826718273,135.0643491817487,37.57076650206427,45.45712977526101
323.6205529820909,134.91651266810234,41.44240852020976,45.011262755573156
321.44915149648193,137.3601592748161,45.8979694222478,43.227642557145046
319.5674405715786,137.65838010546622,49.862477842425164,40.87575472585402
320.13419965372475,137.51688854232768,51.66952861469329,39.44105402690986
319.2649358901658,138.8364058589568,53.533913911819816,37.966390124090594
319.0817011714739,140.2221237854612,55.051836005027404,36.054617537751106
319.4192963171633,141.4199817960514,55.31815960545784,35.338883345357765
320.9375051935305,138.70179366922898,54.930394365091495,35.31675583500488
323.32765490596984,139.67631392369034,55.80395576160052,33.560170809228175
321.41109275662126,139.2457301499396,57.82931411484469,32.86227492818559
319.86726449251114,138.98709556233285,60.269843804288904,32.32118821813944
318.53205994807,138.62915994867225,60.96614702330497,31.749265623641925
316.46033667542565,137.1222252127644,62.675686770790584,31.612741884323906
313.9558281909937,137.62196550163964,62.8752578980634,31.193442604278278
313.14099287991604,136.34241580953918,62.596842646749764,31.50526461556494
312.2831587870816,136.12134487352972,63.08792984777535,31.85836713753637
311.9034067467272,134.9823188855811,62.33199715464559,32.343249455920976
311.08504653272894,134.639156408162,62.61989678505708,32.57404849410742
310.576930608323,133.83784350379406,62.61221433295881,32.263980229848315
309.7594147235191,135.44618030176628,62.407286066126055,31.466013552489215
311.03536199658544,135.39228981025246,60.76084226374828,30.792695139833036
310.98129920288494,134.97555291799017,60.717804418718174,30.422123156890194
311.09716640440774,134.15341814716047,59.035038601080764,30.928764309221638
313.6611168201425,134.3196869780185,57.90957749025819,31.025271475052083
315.8557831556352,134.63310504668812,57.14360328498442,30.5688566278355
317.2495961317622,135.97218098157126,56.28388339539573,30.921234242404235
316.1948751473047,137.25385723913723,57.34937725679942,31.34939960409556
314.7141042472979,138.1267470303437,58.52578895699496,31.24852448055014
314.6167486206686,139.72329275949244,58.94550593460005,30.494242595050128
313.1159241899034,141.3004046499531,58.729883761547775,30.63168690901857
313.6854097823086,140.25165409476153,58.401842251598225,29.88644308580315
314.6785686533556,139.64208000997075,57.169031143622966,30.18204864019728
314.2932847424247,139.66458822031385,56.967692255285385,30.486660704349667
314.4792363759795,139.67415281372948,55.5121459664952,31.98371229727767
316.17641234116587,139.17279869466756,54.5257702951122,32.90430078274838
318.20277367665625,138.823606906097,53.40744915731292,33.74311424609918
316.707490439191,139.48264968542546,55.956998378519145,31.613173809207794
315.16202145329186,139.83846099979212,61.28623231948207,29.504923085602385
312.9984177649297,138.9727579824592,64.2252368550941,27.690282294357893
310.16952541048636,137.74204007802027,64.32061064545557,28.214770847643187
311.79395481860786,135.9983219659256,64.36114419032714,28.256173019935314
339.84296372379447,129.17425940062145,64.3646026736095,28.25624264326966
351.0508094933014,125.13231316186791,64.64373280529266,30.43218106486867
365.3756503509103,117.3411728236122,68.47624510545512,30.85422893002344
365.30380310935084,116.24687432705937,70.89840501615524,31.193982357446544
364.81032538312115,116.09933040589769,73.34566487796991,32.21019159849289
359.83076998343523,116.05846973601331,76.31113684799786,34.653840422551134
351.5407095279255,119.97751493454325,72.40189421346915,39.249070471908155
351.58948363253467,119.31956167119618,70.09266077229023,41.91322694898842
346.66338282888836,118.53662751109376,71.40103322555626,40.879851108407735
341.43258445405155,122.16088741381793,65.66453210449546,47.581007457394165
340.5491220039183,123.36606760278774,60.00663102242688,51.0522608054155
355.59493409028187,111.61259981417412,60.97075280130315,44.522849882761115
345.9446577578873,117.4131495946883,58.11208601155769,44.01690897515109
333.041465621366,135.04593781259783,53.09347850690364,49.08953799907878
2.0
0
0
0
0
1.0
381.8854409372638,105.73214784950088,77.35587586561316,26.998607673574302
382.04941711290746,104.80663813769675,78.80312336459424,26.261114774581714
382.75913491787867,104.5222542390319,80.04878169214808,26.370377611405956
386.5612405904869,103.81355371326592,79.74333485006142,24.92762096703747
386.47785113326375,101.45742493895881,82.96127267092689,23.274155104614167
387.28930600700994,100.46689476613311,86.90372879227832,22.089362267469227
390.472128460572,99.94021684976755,89.45175390862968,21.766167654111957
394.65858732972504,98.45358267837985,87.61528883208695,23.56587466325868
398.0614317821819,96.80472239046844,85.3532922430992,25.594804401139815
403.28498395292365,95.30077304685415,81.46992819469114,27.41864772703513
401.3541430306608,97.3466955271436,81.25823054047649,27.069232794897218
399.74565930478525,100.84946588097245,82.2674569139292,27.46615345143318
397.5990675535861,99.85523382020362,83.04672506098662,28.06447383635955
393.7318029574949,101.17882588385518,84.03108547086232,27.505039274734955
395.3623278366889,102.62689064597139,83.09018095047409,28.981713783100087
403.21290849355586,103.22446314195521,76.08287440963157,30.55515182109477
400.1860110375665,101.69058219331991,72.61684448231183,32.04216497897445
400.59020935251317,103.55444190924108,73.66210116300198,31.426487952564422
401.16231253754626,102.72353620092687,73.20113099443176,32.54428586320573
396.9196624567731,103.5614384245666,76.01126389537384,32.732485646409735
396.45804613136113,105.32376247858075,78.52673970281975,33.06880288241919
403.78438514836705,105.89702751997606,74.15224515688851,33.87835780626956
409.6964348063176,107.68737488457384,70.39296044439483,33.16192680401078
409.73596426404515,108.72875029545096,70.14875156401887,33.221880045508996
409.20736876718934,110.30325767813935,71.75191604424903,33.25283991004953
410.5049595245902,110.91968509966038,70.77295611613125,33.67169584303119
411.65356394077406,110.76856084978442,71.11161403357245,35.0251175835096
411.7658250094902,112.2479131694775,70.93652533102052,35.51367638081518
413.31788039824164,114.15741093990704,70.70306323484643,35.18465982152441
413.3490863317403,114.95095213181995,72.59503427768334,35.22366920744973
415.35037620930365,116.55889115840817,73.56536670299093,36.04533476444963
415.5864009278938,117.52889444004902,73.85443816058688,37.196804643363336
415.7583500424077,116.82147385982279,74.59828546278368,38.84873065293788
417.6838715605403,118.74044937970655,73.61329343507454,39.217046553012736
418.39189060116587,117.12665842896826,74.25154642173692,40.04586993096337
417.66658996731445,118.76992402375922,74.88728501140506,40.302028013538354
420.63734707561844,120.21549182709491,75.03671773338237,39.889330415732466
423.63726617781253,121.89879848082907,74.24158312086067,37.97419230443711
426.24378281501606,121.38778606290154,73.06297743705726,37.047878193751885
427.7441638634182,122.80541154304943,71.96699709006569,36.24191845897766
428.86385158714126,123.04634601672502,72.53913084547357,35.125307327158595
429.6729951266812,122.52265192306368,72.30529493929953,34.782022980120416
429.4068984730299,120.34179722870633,72.69360018814568,35.61519726827209
429.3503593693414,119.56381311384783,72.92211571184276,36.09938698939301
431.02343541762906,119.97099040763199,72.189286024803,35.89087550094379
431.2273244558058,118.49164569630561,70.43570352517223,36.19521721053306
434.2758623013744,118.2801793951588,68.68362474129098,37.17818393044984
433.06266200049424,119.64521482961837,68.010923534847,38.19194082803766
436.34509780008057,123.68584965684127,65.37630431980313,37.98818878404404
436.5023643132699,125.40079221321639,63.27065633353702,38.774882189943696
435.0960043912365,127.33893821426254,61.60592851615863,40.770203156339655
432.4615123090247,127.01931049501042,61.47790368295385,43.35351223539442
432.307663900207,128.2160555254476,59.98915689228845,45.12332071231914
435.79660915948034,129.9406890504787,56.818724003842064,46.68319618315142
438.14415809049166,129.9064776553189,54.53876442582876,48.839524950586366
439.5430448395308,127.97937428921527,51.811350674209024,52.17065620495229
438.70714677925025,126.80220071924089,49.62634891969694,56.2951594331928
441.2727558436748,127.83996111740655,45.391828031040454,59.72035626977133
441.8391003316702,127.76862348243958,42.92508082276166,61.98317214134819
441.4784882229527,137.39110869290798,43.26593102949204,58.14933429835806
437.0398318112297,143.2320130748964,44.36155161420998,54.518997969983175
439.65271229582675,140.52801772866783,41.702463324428834,56.68297481207411
444.75547581329835,144.7259729644079,37.35711853804152,63.64641688495334
443.20492432254605,138.74712401166428,35.28175496549483,68.1051595631169
443.6307008008638,144.0131186918027,32.6720660147884,74.75463372687983
443.3586913077107,149.16127446462545,32.67046377025075,83.92453454569447
441.04077879655586,187.04484258039238,39.89912721728654,75.2512419181237
433.4855159908891,188.38927466467564,44.757175334593065,68.76581564556385
424.4198488701186,188.69625256569822,47.93037520933224,64.19274671782509
420.3043521284317,174.35532989063773,48.90414129962172,55.506187290328086
416.4469925839012,178.3986364547385,52.34843130510602,47.371055196874835
412.83329242113507,180.52978808678068,55.01326607697648,39.98106358462784
410.4120629424806,181.79203267163592,56.45786398017916,34.772947406591285
408.8878448821134,182.14038796553547,59.4388876482316,31.94975295486862
406.32532396764793,181.47975621017193,63.781327230857265,31.819006614009076
403.86535830856633,179.65136322450792,67.65371993048076,31.708102169673836
400.9795931402584,176.43488869382165,72.33776893262596,30.166373524651757
397.9366646684518,175.57524225197446,75.0986645574233,29.031248614396894
394.95083557468365,174.7090785692261,76.35486085183378,29.167423865588905
391.90205223350523,173.37633827529962,77.59942632640083,28.494727603551137
388.703728105103,171.7873449251159,77.79685810783201,29.450094401108466
384.7681420833147,169.56415642349185,77.51567992768727,29.438042233824284
381.51509859882935,169.5252596179259,75.94772380776283,29.063712314996778
379.89145633078067,168.6699053751092,72.58006667586041,29.648611755530563
376.5986076298389,167.69258155027632,67.98073292166336,29.92966050661368
374.17927283131417,165.86487816969458,65.34253931869301,28.687114533223877
372.5968636281417,165.21242148074674,65.65397733834041,28.20041829322127
370.9566322920664,162.91496216701836,66.47800042997764,28.549105350365522
369.0750027123135,162.9506122701338,69.1352692028571,28.4022592151454
365.1802838068938,163.35558141166297,72.03433207914354,27.85170180044759
361.8777658358511,162.9473162966083,73.66556292426283,27.70761746335737
358.1135815379131,163.06707143872347,72.7570533789134,27.941644011189197
356.63140445189146,163.2417258265721,73.92482112429842,27.792056374265727
351.1011895084611,162.24241652247082,71.79239802518546,28.828032760733485
351.08515166071885,162.95298059525092,70.42562303619324,28.646634008034347
2.0
0
0
0
0
1.0
399.99046313557926,184.07197488542297,44.61903080475119,58.96327163965594
397.60653106126995,182.9693953527473,41.63141259117343,63.22567295102617
395.4406773467074,184.63417879294684,38.65574168796114,66.47698139848696
393.5137603714588,184.8218240086249,38.72466477061894,68.14511764225344
389.9406455434728,186.4657784375685,39.488709660992455,69.97491148381057
389.38852986929254,188.53251967380922,41.85577653733176,66.36888517491747
390.50001326946386,188.8153826520399,43.06380673378889,64.63862832096007
385.6216894059575,194.41808161055215,45.202460149018385,62.741515314479166
381.364429701742,200.1144126281662,46.22352848725668,62.523812276362335
390.1653130991453,189.42775809571086,45.76916686434147,64.37032492955126
379.9966020486375,201.39421782161244,48.0535641181032,64.72456614878752
373.1067145865971,203.18356531245578,51.886945459533884,64.02102192687676
358.83569681132764,190.34702182275547,47.48860847219101,65.03180608539104
356.2134484761188,187.4751248534152,43.22386995278535,67.1148895369271
359.80171414493174,181.4035036368901,43.09068895337167,65.6999081366958
353.4175194918782,179.44374844053078,43.13580446603353,64.4993713215111
359.83476558523734,181.93179203726348,43.296268958690305,64.74471960775035
352.47754382901405,169.23438955204102,44.740285172848594,62.632193317941415
349.4259393673872,166.50764546373046,46.97438742718213,60.00949908775473
