1
190.92826935936273,218.15014635931627,41.10657158033412,104.67893118300465
189.41530021329476,216.72939182484976,40.99063689735674,105.30920880377562
187.46856500947555,218.45999154392922,41.06201483015669,105.50754169750975
186.19122357407068,218.90439109576525,42.565987085839915,104.51796944444271
182.24872261389459,220.9903464306805,44.82179410114974,100.70081536395203
178.8845755828788,226.04121643739575,45.93479709900974,98.37833300171246
175.41784669382696,227.29445322653436,47.30529156959122,94.32564009968928
174.49329177271076,232.57148436343692,47.895880733905074,93.90357239314815
176.01681171363163,235.66241047209257,48.890214313165615,98.06630882153775
175.7175866851921,235.6630671011261,49.70156619564503,101.08423994591817
176.83716252884207,236.10012842768958,50.940530836719766,103.49390668465614
167.56955967703257,237.36593432780825,54.0736001859634,104.81926566085555
173.66289408701715,234.62837322533792,52.56369461184755,107.31919209170718
173.176334090524,233.66535964594556,52.74528485607534,108.45091449539622
175.8774454558441,229.15473874747295,52.16675593618788,110.22825548109248
183.6980199892611,216.2903347023198,56.368114046583095,106.92516453439512
186.04367045015783,210.2894212068116,60.645523619269106,104.35562416416585
186.92111686722748,210.2393102599126,62.21484486212684,104.51586169790879
186.87349957658842,212.09510266981982,62.14433448792204,107.06000763471567
189.23883941809004,211.67025312911227,60.805824209680466,109.75538337220144
193.34874221115365,215.03043569350604,61.489769113015356,113.39713188914186
195.4378056223539,213.8126116655457,60.7664277129678,117.34010335523527
199.29808406654382,217.53185918072097,63.89209099313484,117.64397026306213
207.54440258816553,223.9791602434824,64.38508424301709,116.01407690813281
212.4929607699438,229.0085380355601,62.212288292563784,116.94950375939331
214.00227235122384,228.56231369993134,59.44444254412687,118.21614944376121
214.7033717105996,228.33650783358542,58.202922317265724,118.45310391080932
222.55419285251156,226.83251503851463,58.567317377918044,117.2293571300259
224.16619245339095,227.28775459477032,59.83846542042147,116.16476897719542
228.54498642334963,227.29820276740497,61.62922631796137,115.19736439854037
232.0811820205725,226.38214225900904,62.17338543121277,115.44424728904556
235.77354896731467,225.26504231044794,63.01299637132472,115.01191910339386
242.76880410250757,225.14778402617787,63.27482363168524,115.1613248874586
249.19987952774883,224.41686657097802,60.95112728462376,115.61360966347182
255.86743578957638,224.58892787638615,58.70214433511653,115.77369401903218
260.7829354036097,225.4111275491523,58.006532573300646,115.48089883139914
265.48500565217773,227.1800591239116,59.103127800727236,115.11913435324612
268.73226530074896,229.19696269686406,61.16816608438578,113.58230730745373
271.6655120275394,232.14379967932558,62.176239777101046,113.33293721786558
274.69912961961165,232.2449795567464,63.136171982282654,111.79812630114677
276.626661190211,232.96601446331184,63.46597259351633,109.86065904279627
279.94299559230797,234.48020966047628,62.67357613629053,108.16296354829085
282.76180197805746,234.56387595668906,60.5611290277549,106.76296116087534
286.5000747196092,234.376982490684,56.81518224869559,107.11147091599682
285.43835587818035,234.17972803410532,53.981648645940645,108.20531884196133
286.25394715228646,233.66884573516552,52.32322314269121,109.20836591590236
286.3770247334883,232.6151024719411,52.31263311378647,109.3555153320826
284.21113341373155,233.14377708793427,53.15939063054013,110.21486503104964
284.2303546724603,233.01753748318234,52.76855682787952,112.3483702224558
284.664210281777,231.3943569576702,52.47291304076319,114.30283486545213
283.45266179938477,229.42964792386644,52.323471999717235,116.86904579877665
279.3941367014478,224.4537413390555,54.07950204268241,116.06511438863473
276.54495525312774,224.19128556053437,55.51220868570409,114.4189992996546
275.6374222113783,224.54459017050578,56.64966475197556,113.6592047688155
274.43403421016365,226.60145897349125,56.40464366245938,113.47062817337321
273.72690271456685,226.6038405146294,55.86406332470105,113.32753369260655
271.4277583417984,227.89274447735136,54.81676994723635,112.98868308688701
270.01408780542926,230.98124221095998,57.4670895587835,110.44570954772482
265.97082219413437,234.2869650744597,61.52836033102516,107.67551199479651
261.83860982745915,235.2643852571582,63.581422901156444,106.89523777656669
259.1620186218844,237.88361495567307,64.71176850297425,105.74437098411508
256.4024658095689,238.42919566608222,65.06355247373322,104.32643337217515
250.79741016579183,238.79655414005558,65.39829997210751,104.03716288175015
242.77490795151942,239.62235850561513,65.41419854415247,102.84550605963818
235.28667587008715,238.66570349692336,63.293514097521545,103.31300543132633
231.39476709330282,238.52819037345182,62.03668387909268,102.50375628220866
227.18974336700347,241.4413317471831,60.57170907178456,102.03888349183597
221.678850191157,243.74570472125134,62.03529100036706,100.09137721241657
215.93404220366557,244.3043788719396,65.30716545439489,97.39199196073676
207.7810050763754,240.9265042406392,66.65182348973936,95.39117108252711
200.34050225756647,238.9769252796489,65.56144359508582,97.25752227945856
196.4396688972106,236.23019706456046,66.20281901850569,97.54995666806118
187.51602137954316,234.33296390799006,68.22187772280392,97.07916136859365
184.15265798054762,233.10879972422867,72.50287229419625,97.27559143664544
175.95001219114897,234.97127060732439,73.49050905211064,98.67890243389269
170.52453764798813,237.0486319809056,69.834206537184,103.16580345307284
162.69026954632307,236.00096151748645,63.51939905630503,107.38924321633311
161.2733402183785,234.18544588714872,61.454821571929564,109.5953347627117
155.86005776064002,233.5458393945578,61.07009959665973,110.25696053280907
149.75544959536634,231.472411888048,64.61391105288293,109.15000830645648
143.7815600045784,227.65875698256005,67.22690775035267,106.93643494861936
140.18317344959235,228.29015863739147,67.85915991310893,109.33480967113294
139.9838464736473,226.15435591982364,68.77354375709997,111.28757840787517
137.4657878255476,225.28403799313213,70.238257802835,113.42071375162143
131.36980217876692,223.02799441979664,73.39054020622639,114.31678345404774
129.17047056440575,221.21325836090435,75.2967230389808,115.36925142382351
119.5591558966386,219.86562733813997,70.66283305872473,118.33520641349625
116.43549553123606,216.6278166689043,65.95501083695194,122.38150664630018
111.17530196967869,217.30127917704021,64.3729441061592,123.27862902316267
109.08000947607091,217.54557887072986,63.70461175283511,122.01665247167452
110.22113280547569,217.44172825141652,61.807222541912,120.45694757911824
109.76096743988087,215.2270423060248,61.652350262587476,118.86674741899805
108.71805892892334,214.74757085215373,63.54996756546437,117.27046676963815
109.51224532216266,213.53470743032568,66.86366104336943,116.6380775441078
107.94069383626591,212.9814430998023,70.50276227355889,116.39518753404427
107.46205210224612,211.88740046983222,73.15920534593457,115.89993997898938
104.24260077717909,210.52304136211956,75.5475876919907,115.27876527274238
102.37559853352005,209.8905999196756,76.55051282179949,115.11070762199199
99.77441866679189,210.20902167110887,76.09856138177531,115.30324992352271
97.7560388729872,208.41927499361844,72.21224341840338,116.19381779886487
99.43813585984734,205.1292592971562,65.9707739401083,118.54518247674065
104.13504717104112,201.14818783721896,59.33646931597013,122.01236202547061
109.65436185248231,198.37110789714586,57.96981801493159,122.49034781953674
113.86874808565668,195.36439534982662,57.78994052960273,121.72454852429107
116.20497494784462,194.53147809599054,58.920352616043154,119.68104003130804
116.47165473489936,192.7731720659803,56.98296046738121,118.09355305586745
115.9111812017471,192.89614189715957,56.13185009197332,115.43319663774707
120.05257785435856,194.3938177023756,55.82540762667317,114.65798965706503
129.90972653352662,194.39724666645924,58.80750624159728,112.79608883615006
131.86104590155327,194.56323723210036,57.89543069412197,111.58477178539749
133.55955895289173,193.53333260402377,53.47113211387992,112.42699361441717
139.5261989653508,192.94879195534335,51.211012885230716,114.03723405967781
145.43095158584995,190.22267230891518,53.56735692209353,114.06821398952843
150.10495500792268,186.98374869838054,57.681407198643,114.10864913244512
151.4179992085535,184.38881827856414,60.38744218770515,114.40587413505239
153.81015781992352,183.47385972390222,64.74821113452515,113.43449755204863
154.5737006656966,183.94143112384577,67.12588435092968,112.96460609647426
160.97397674115564,184.4040533521799,71.8963274073038,111.27984238739151
164.2861880481083,183.07000246081364,73.98309573346899,109.95056448406979
163.64306484275482,183.72689410276018,73.13877033095454,109.90528170596858
162.73832916927984,183.16177045598374,70.6867106440096,110.17541285456011
166.04686261376966,180.76418323574205,64.61853804242041,112.06883569746063
169.95093759572828,178.7470535781997,60.11292778662216,113.06628414405901
175.35700855159462,175.50330488462305,59.55258983994446,114.18138769255333
181.43873627552642,174.14774718649244,61.499465465427846,113.98338264738666
184.43799118698126,172.9099175343515,64.99125244541275,113.35476732684978
187.45032683262207,172.4696697208695,68.4854449059695,112.64943317759662
188.92191827233034,172.17797664628245,70.95421537225424,112.14064139897235
192.1480027036661,171.90953033079927,70.14789208992455,112.23027936469956
192.54511358043987,169.917846965661,65.2596534049013,111.78347849855483
194.95323309351502,171.04896335726082,59.55082715136395,112.28407482368078
197.84163031871455,170.07972963359634,53.395793400044205,115.2361361786811
201.83880684861677,167.7271325177986,49.88691743579302,116.40345397466866
207.6849777528575,166.59048154895487,52.02542340544002,115.20319126060392
210.36541135100998,165.85180875993066,56.377979047258776,112.88471289571726
209.75832051373172,165.9145590156695,60.154129098326514,112.92022894163898
210.18213797257985,164.98854268349118,64.46392254183388,111.4271394278872
209.31031268473933,164.3171766968686,69.28572006712137,109.46294242794222
208.6534791477692,165.419079610867,72.39896850716508,108.07988708189527
209.26812575643808,166.3925877703217,72.40585777475611,107.63989171825948
208.81421966413544,164.18629223049345,70.17142546277012,107.56363359328876
209.49058186268326,162.54883538400978,65.15161854008815,109.13329950780792
212.1830766219815,162.34385958549586,59.73381348173291,109.87114684472544
213.65475085202118,162.70512665893844,54.68389981807493,110.68071462567134
216.38224239186442,163.63346588844453,50.93738614073477,110.12388649134834
219.18597168085904,163.68467348261333,48.0484344796015,109.30006750900611
220.71898165249667,163.1518300844868,46.67442504977723,108.62260532713773
222.9120423625697,161.4299065344482,44.816232411428416,108.27726410350797
226.49766533653502,161.37481336064084,42.79395089147718,108.41365487409924
229.515648061955,162.1115798406684,39.90216171021972,109.94000963353801
232.75604541854182,162.5629847937436,38.69080223203842,110.42679075202409
234.0238104842938,162.29285788667394,38.120710396699664,110.17227068203887
234.788083623187,163.18281628501,39.5879235960507,108.56452183467508
235.94081996570608,165.8773527584014,40.50729845126108,107.72587269333542
237.16922390187165,164.56487559397152,43.50012201551553,104.33393729769361
239.77445382863974,164.54579063064915,47.06077229960321,102.3375519921938
238.94013105058065,162.480951125157,50.960634914386006,100.99309496403518
240.96706691383642,162.0261138742375,55.22764919661181,99.87419776242558
243.40745325540814,162.81220106037958,59.196000942983346,98.69499037644209
246.3968878113243,163.824749044993,61.4234169172937,98.18937955556476
246.1894687612833,163.0449292222591,62.955834126017876,98.56569062005536
246.06814307675475,161.78922802451035,60.99197904520024,100.04209715927598
247.08678471542683,162.84952699579458,56.60072537514209,100.38661712579464
250.13181673844213,160.84386000479662,51.37834297264182,101.81257966042732
255.54871173808448,159.39144745839656,45.96088552356616,105.11634063759041
259.47704322862893,158.07468291018796,42.39861247713159,105.56835235534538
264.2350840269378,156.50294494856448,39.534358900325465,104.5908971431245
267.23368725628563,158.48822198717005,38.21140788706515,102.18526038590544
269.9359845675117,160.28242247544648,37.587926392211806,99.71179120563383
272.6988907121221,161.9155921267895,37.72234393643835,97.3762162361636
274.42913575368993,162.61852642633244,38.301805413731415,96.24414954875701
276.4138652435772,164.07856699024953,39.42404276139814,95.55012630525106
275.58958299109645,161.87729706825812,41.45058247838675,95.11972843166916
273.744870697507,162.6307311234907,44.541376020692965,94.09854818356203
271.9092439030097,161.70837775137366,48.842261968653425,93.47540468740878
270.12857704077254,160.08347758026366,53.70851229015766,93.25443136572787
269.52113064333884,159.5743081178663,59.24364773525695,92.71871339533095
267.98587499208196,158.44137362476633,63.98769382003829,92.47904716672645
267.25911929206154,157.05335524337406,66.08670567069936,93.8378795570357
270.10362047670117,159.48747508906,67.75361324888672,94.7074039582813
272.70602298589205,158.13596706971197,67.4014652645375,96.07325480393126
273.51040117963566,157.76683015239436,63.26886198400635,97.91969796835667
274.21948762185696,156.31060832902264,57.66253229415946,99.72994011133221
274.6705492654953,153.83235131736257,50.73295115639411,102.1167822149653
276.558333768612,151.75394446292722,45.87894391586296,102.93170938034754
278.75041577936366,152.46446712780016,42.27741551337913,102.84064898975252
279.7581135861559,150.96589426510974,40.15527340369088,101.64038803477139
281.38648186872945,152.20787403573064,39.09384249165579,99.77451566175563
282.4222159641793,151.26225179092216,39.05036471086282,98.03064798025639
280.0592394092986,153.2713787016744,38.65439911355827,97.64482313055328
277.51989016390155,155.03198198453023,37.41776465594593,97.46663083483827
278.50453938294856,158.26231258922118,38.26481274088135,95.78159547492652
277.9780295341437,157.2857839072511,38.28136309993,96.13014937340353
279.41794220369434,155.59934547511946,38.01476855635528,97.37008486568696
279.0145817556445,158.05632295676222,39.48832765556458,97.69065644731484
280.15722944490034,156.47026482277957,40.56676826391768,98.10784138712512
276.0402985033071,156.76762181276098,41.510235831061124,98.99921641673657
278.5211181953022,156.0586992609949,43.25341366125724,100.5269355152412
277.321408544543,156.44291136978802,43.37657682022597,101.9358143185278
280.57059935080173,154.25894177621024,41.879408882824485,103.62755306502714
282.0534030937796,151.6108688887753,39.16453789757593,105.43578746849867
281.7174997976178,153.87785409892643,37.29968322746994,105.69154412636655
283.35994022129165,153.30088869965613,37.569250607993105,104.76791592554505
280.7910977700462,153.84447237392627,38.65635094842956,106.05636967973464
280.63743657408924,152.3398119248978,39.87065249827569,108.16018460867693
275.8040065072352,154.33846789174743,41.40382774908364,108.41414842977943
272.88198577847095,157.12471693183863,44.32775783569986,106.8397451093916
272.505022406557,160.080404115246,47.68735144880286,104.66065938818281
275.04268763209143,161.6793260504113,49.23733727658457,103.98889238750175
277.1049571635981,161.04815943095738,49.01795225721983,104.55321311733053
279.8114418621629,161.08244399528502,49.494851894200195,104.38709405002993
279.94563961826043,161.6018746079319,50.7101714416972,103.40912648610046
280.7733908095169,163.1515916587702,49.238785525190266,105.21764036309665
279.65339740996023,160.28330559308262,46.681875070864976,107.17796669828188
278.6226781943017,160.0085137375928,42.40093661975097,109.71210889025107
278.56345145834285,161.5438219163502,39.76051248966204,110.15720110353358
279.65551970265335,160.45300829882913,37.06792437140702,111.20578035061065
278.42945184978936,160.94061387590858,34.1577839452257,113.25158028076822
278.82594592787797,160.5274848085352,31.58912917580961,117.22655249355823
280.5708320708042,162.98079143272486,30.244332675906563,118.07745282363868
281.9630722913361,163.51383074650886,30.245626959578836,118.79438338299967
281.0297110152724,164.3619108608906,30.677949379180966,118.68476675399788
279.4228136949621,166.8242670750605,34.034122825129366,116.9322770024948
275.13788272645553,168.6760131571969,38.18852258254936,115.26652527075308
271.78054028351943,169.07908078844497,39.19568739193083,115.9654615099411
269.0294594610915,170.3456006665526,40.476224936525526,114.97109933624763
268.74336315706387,171.31275255589009,41.19708664712353,114.2733067104474
267.26882702294483,172.40841674476047,40.31326518940193,114.65517920423648
267.3391106279049,170.90676569128453,38.53626926323103,115.46515258076232
266.7143377183111,169.63272584946822,36.196368645383345,117.37831103170015
265.4809967344948,168.57784074919778,33.61540397549186,119.45826930248406
264.0309780071815,167.55540905010128,32.25103903520875,119.39632744745822
261.5725277762934,167.78011053753517,31.100654889307513,119.5675371603757
259.9642779158921,167.7041780246958,30.178338347962175,121.07778330733102
257.3809775663284,169.89077842815064,29.72404740658191,121.1452364935292
256.6415637945372,172.25026926466364,29.31693684348923,122.01445134881858
254.53763832416698,173.81974068441744,30.361662726359967,121.40774718309478
251.36504633788638,175.51855884154764,31.36460467040694,120.34770834588667
249.5746747947309,173.5090411805659,32.88096929936882,118.85979865721959
246.13814012368758,179.32298956959647,33.55936206719223,118.40135867637369
243.94617681765516,180.38792187342588,34.990284991517655,117.87951885258701
241.49031091032688,183.68892460399343,36.574772884694696,116.67845687082567
236.38850059115208,185.5294198390951,39.23906963545929,114.87921401266001
233.08993891872672,184.70333985076354,42.441282031821686,112.11011945344208
230.2991455872905,186.79803385518395,44.84523559361727,110.78357724197616
227.19474223185767,186.93199621025389,46.76787546780048,110.83856023943409
224.51548638949234,186.01564293001485,47.70655407636123,111.32729604197647
222.68416303514744,183.87657886679125,48.29980730803671,113.89786876905711
219.43863975969845,182.06990740637002,49.15042016318125,115.03632037252541
216.51227835175314,181.54306973584715,49.29216782634548,116.31463101759388
215.2759296049072,180.23245132223104,48.5355849134974,118.7248378340835
213.49975141859352,179.0130284550241,46.08301399250344,121.67964261023337
212.30371388537353,179.89654333806777,43.97717465150971,124.25590077713073
210.91229199263836,179.9984332297327,41.50079607734639,126.65242224658121
209.8507501243344,183.92595993512785,40.70925810787108,127.00837299303868
207.77297013515243,185.5033420382174,41.289435843015376,126.9137250078278
205.27727747975044,186.697391619153,42.58709207021213,125.58227492303256
201.74601004614513,187.90637121413425,44.49910888942985,124.5167771307618
200.1096860315355,188.35862761162278,46.27853436262072,122.80324041432755
197.63130777324722,188.11481748021947,47.862364964206904,122.69263477953696
194.37580208276358,191.26936902637948,50.17617928063103,121.06713052459529
192.0590416408873,193.02758216701085,51.943087890975136,119.11106560141772
191.0109043564613,191.47037435253182,51.00291426544736,118.87848874366922
189.29934598966238,191.2754493841677,51.34959890024828,117.82595254865194
186.30300789665674,190.04063580146385,51.38459874150469,116.52133928785398
185.32818536235567,189.08086879298753,50.474021762408015,115.83695939116714
184.25271830405478,186.90904962807156,49.29326001945097,116.53510393583028
186.10887052225968,185.674081441155,47.78115144621989,117.82783218005261
186.12910885958658,185.2391661374329,46.383166472252256,120.80529403609188
187.4923834944803,183.24696269965034,44.968153251493014,123.0627744499914
188.6198590093912,183.47899060736034,44.28861763545801,125.55233137181295
188.64931222850396,184.03866775802342,43.50317792761893,127.18920627104605
189.77593565010594,185.024653610106,42.91978972944626,128.73180688099313
188.69457467102183,185.9005669515388,43.40990532805518,129.84429150603103
191.1888854250674,184.146715459121,43.14348652150429,129.46350275528005
190.54513631470996,184.14505703800643,42.8260031080691,129.77131652599834
189.14174947373795,182.9091190440328,43.668893811427864,128.81449374744585
187.22381297047633,181.9392879750913,44.80949918161241,128.03266571677017
186.65201518400252,179.81929886269089,43.99171200012571,130.48017082528935
185.50253586550568,177.61383644187785,45.04617080166743,128.90454380079143
180.56655236866425,169.07456657271715,46.456399441061464,130.1164731648193
179.36013551514503,172.39410345639916,49.22819119928091,130.65430352002352
178.63398546620704,172.91854318118078,51.37150990373435,132.50549231848277
178.5097700246215,178.84878644626116,54.44858436280336,132.4928681705981
180.47183495771026,173.4401205008749,55.245893241700685,135.20828831888892
182.93538901431933,170.09764891529574,55.49995471265676,136.49251210020088
189.27944365826977,148.53591801818027,52.63446416291095,135.48982930974498
183.70014901361293,173.4558723811906,51.59848205363771,136.62109970034368
186.24239810884413,171.0538367205578,49.32844863823309,137.78214059187817
186.30528738832996,172.2214097131827,47.01189076245013,139.0612798438654
188.24501992896413,169.6744613532229,46.281283285147424,140.38067560398864
185.94875871641636,172.6022035754617,46.117112724966006,139.73860326100532
185.1651593462255,177.07120069775948,45.80632469368504,138.45972227561924
185.16475111662695,179.54878014707577,43.81631049688015,139.52385025334004
185.57753191754426,181.66883874592168,44.126934436161676,136.6238930222769
183.006680583991,182.36842034336598,44.80039473413236,136.15775738505826
180.86691153481047,183.94157985416572,46.9718272759516,134.61874229561607
177.38460564829546,187.2419575964127,49.46326938107197,133.92337364774124
174.377218318887,192.82582273443364,52.51383618291347,132.15518650916707
174.4077553409381,192.09234187967257,53.42696803922574,132.752007757137
169.7659550353469,188.7672133142215,54.825135704345854,134.69729295666338
165.1416555226202,188.0028114922489,55.343523117172595,137.02211676233412
160.79366826811616,187.9057536354482,57.272834731568004,138.60984117340809
154.45545522500774,189.41322731068055,59.8017026766794,138.66946408055094
151.45324911524352,192.68036642748942,61.540128606656076,137.5850593662355
146.6113398035994,192.3313152375026,60.16228448572896,139.2052601614211
147.10695858000636,191.41598814094485,57.04768136331466,142.05850294575401
144.45954042928696,190.8727102125084,55.28676723251452,143.68217649113848
145.25330433836666,190.67470285192672,52.866119489159644,144.66143867547783
144.42387409344119,190.05033365153872,50.63009931086329,146.2700231562135
145.6412437991553,189.52950272394028,48.68516741865846,147.551638272032
141.8986062122181,190.64099956585113,47.07590509811183,147.70915433469523
140.6305095307792,190.25171445221673,45.87558070246644,146.89362326341404
137.7890101457752,190.86683572007473,46.53318046782582,146.04304590758463
132.99023319474964,192.207360837585,48.39481522470227,144.67310016896786
126.33246033690622,194.26935714946322,51.148700437430875,141.95561175379322
122.4167884719863,195.90976303432478,53.783274407205816,139.8719690423632
119.57823864134427,197.25865202881496,56.53260051967768,138.039111039479
117.59339753092857,199.0455647781289,58.46586115710703,136.69590457293987
117.1521600711088,200.2597012055342,59.39120276904418,136.51318823228655
119.68670817174926,201.49867137423584,57.47050334354296,137.52053762670226
120.50169631156689,202.72446651475178,55.9628269903762,137.71707565906854
120.62296337262809,204.0595400004466,54.903137786428566,137.52757997257308
121.70060290463962,202.63397719458314,52.28707234338596,139.4985747248365
123.12663140264311,203.71849120595863,49.93580515071044,141.09506506479693
123.65134747955398,201.6898030124076,47.621742354804894,143.08681802862964
125.44690200918816,203.25377526706222,47.11042708530222,141.91628933163625
125.04872582452984,202.12136094415325,47.13864895605127,139.92077693132114
125.72658559983799,203.9340527245796,46.06229198505776,139.46319361794042
126.09063875241773,203.84001495748734,44.573835064189396,139.2685415177296
127.41167081640113,205.3584919837208,44.02154123004439,137.94180007217983
128.42051778603704,206.43100355112472,43.33038490221357,136.7815023468842
129.6429812070052,206.12524018067296,42.06251069525642,137.05860030493
130.80775145381153,207.57822835853466,41.51514585848943,136.0228651524793
132.42413713440178,209.42078038211218,42.17470577843063,133.8521844887274
133.2388745124355,210.55938634081613,41.78745571633025,133.40627828931366
134.92794833112433,210.72134236562005,41.80849255077051,132.53279033016267
137.15428717045123,211.90316995081466,41.3328857033481,132.0813188873379
138.30960541311418,212.03384742553,41.70517609911107,129.76358631468003
139.60360112050026,210.73319107704083,41.08367475849736,129.7542415266545
140.75876369480952,210.8305594887458,40.15600194966661,130.50659792995953
141.40323075063048,210.08953493233756,39.03486689474473,132.00547910063898
141.26112316116183,210.17374839139882,38.47653221830775,132.89567034914054
142.65782767429457,209.84761444770754,38.69849785021249,133.4652466689541
141.3848274643695,210.46819205125098,39.077623061528875,133.0478354955326
143.20589636750384,210.4235259547446,39.17581744026338,133.32266984349997
142.04800658049433,210.42979268536487,39.963357744781256,132.5852797920428
141.643204004727,209.59620346184704,39.477928092537574,132.78582380669704
142.5336996631674,209.07038806061018,39.22019074348053,134.13622444406292
141.2600598060037,209.9528862974206,40.121360846885686,133.10153623550366
142.13892465775223,210.91000135562285,40.60213037799442,132.33717090576945
141.95432320670363,211.31086565754578,41.4179424909976,131.4412766985026
140.57847028895463,209.7950777847516,41.35282597192035,132.3837083518285
140.70785569335104,212.78925035855573,41.990690148690355,130.52663473619742
139.6775252798703,210.2266802750625,41.98442631453579,131.23670151193656
139.43525531054826,211.47774875918435,41.4667944941662,131.84412416151906
138.27537270262115,210.92621564579335,40.908586041437815,132.08034778850055
137.68059420949496,211.73196257276874,40.14252985256514,132.3490780011026
137.817451316362,209.90413972595644,39.102196483308006,134.31490136170328
137.95115765266831,208.48544011596258,37.06054122984099,137.58924897397725
137.28772471502012,206.89094228674384,35.47715921647047,140.02025889485517
137.77514989720154,206.9130816045593,34.33038882587727,143.07646610162953
137.58799976832086,205.29268854337056,33.316944689614225,145.4788791940383
138.07206127752607,204.20789055692669,33.44271393066046,147.01867540971233
138.76241895901308,204.6828458294585,33.335204211255366,148.11023742014646
138.49507642075486,204.9573711461922,33.705500892099664,148.12674522160913
139.93698746980388,204.97866523888683,33.41183649820756,148.07662423390715
140.4877042095973,206.48814239776664,34.09790065247948,146.50599317611682
140.19116029192404,206.9958492493924,33.71662747936101,146.63898116020005
142.49650278502796,207.13780023670878,33.699374823629554,147.64573741193618
143.20290195153265,207.77651306961872,34.27922393785269,147.98571070903085
144.64275295083746,208.30219904832177,34.7633128013907,147.3349871148625
145.08174889342078,208.442425703833,34.8065066945927,147.17318774017465
147.54804921450943,209.0354090114337,35.99102725923743,146.32391436894585
147.10281112785069,210.4935336196451,37.19302905924541,145.52135389196593
147.0739257634239,209.78965726675412,38.35419592639227,143.59854709106804
147.84071426888198,211.1243494240064,37.883593335645486,143.32660067435648
148.9124984794343,211.96090216882476,37.205310662286315,142.1987359543998
150.09338954074465,211.78979324858722,36.264773957901184,142.49323804104017
150.47542512722447,213.5704202302488,35.98027158781252,142.10338115089843
152.69776472933822,213.03602436115045,36.23059820683776,142.4595455306808
152.92516184207122,214.0771273832815,35.29493227639999,143.86056049327695
154.19653957449458,215.52370297108422,35.46260027867305,143.71879020834922
155.4629951948251,215.4052153679871,36.28307594372927,143.68812645225904
153.5710100341609,216.22378428552759,37.41068400043754,141.46295321314346
153.7354876486861,216.95169415935075,37.20837635063468,142.00603394812146
153.2217943950584,216.34915934175683,37.54389296495188,141.8288849817562
153.11762548915917,216.269662269654,37.7363000700778,140.80931356370053
153.540662774322,216.89241613207764,37.292994073387824,140.30364447706782
154.06534352232177,218.53428385211282,37.515643374771486,139.11995120892334
154.39692811823508,216.61055677766296,37.114594498702935,139.68042859038312
155.26564063884103,217.9768644388209,38.32467333986907,137.99747456609163
155.0706060380889,218.25727035541763,39.662166679547525,137.0327333834147
153.74171181989632,217.78194386297736,40.80595764502897,135.97197123273403
151.62559156133344,220.1721024411848,41.536545961327946,133.80187327864482
153.38396112052214,218.9911489079935,41.78651995641309,134.10908414564
152.83196361631377,220.683200504924,42.35517071743854,134.93792033209797
151.9365871141205,222.14494065992304,43.30616200768873,134.36459870363723
151.13191878720963,223.09826694856432,44.337561377650914,133.7929701097184
150.31060060538027,222.3867519093167,46.74667156300322,131.64532517367064
149.64152448478865,221.00274496302842,48.21573901655608,130.55600218297494
146.64985572806034,219.52669489319936,49.94879499095626,129.925672601345
146.47617340855192,222.08589064928478,50.98040775494164,127.21652898019516
146.99496405802654,222.40370972291404,50.1412860760889,125.90303331214882
147.6731993544187,221.92505509109102,48.21597295417825,126.00093365510675
147.59039279995787,222.00767121849935,47.13505923379141,124.5173515247142
148.8293254724607,222.02235271062597,46.73262899777151,124.46793578466225
150.28687066600324,222.08383998137356,46.439015815139044,125.25383095394444
151.597548706008,222.6399588151338,46.77726221782922,125.57241466422269
152.5609547777142,223.65384801615374,47.944808466047206,124.68335773120137
154.20898040368775,223.75724129858486,48.736659302416584,124.37478317505523
153.20820271370903,222.3308606102447,49.72994182972568,124.95461761153251
153.83077917755736,220.87305888400186,49.50493452182896,126.2877168055243
154.6464571453759,220.46002124540638,50.03591718786882,127.07571786954087
154.64662267490274,219.61356186580582,50.51440985972238,128.41310753558878
156.90304785754466,221.57586013393302,50.59182014883547,128.24823648854965
158.00583902373057,218.80536389511377,49.96538300378931,128.6536301764588
158.18085666991936,220.78087327244646,48.47010874837085,128.98865970398333
159.47100106504826,222.0443176630285,47.83649615163262,128.49480512660372
160.53181903273193,221.12596024010764,47.614754560645096,128.05033402298068
160.7502110386327,220.2743064000186,45.572646027990366,129.38756198313547
162.9200148819995,220.72460859741415,44.773503984929405,129.33131621748976
164.5780781873837,222.1784634883162,44.63808012434316,128.83762691172876
163.83042957059595,223.21805633650482,46.39888935012304,126.21859640246139
164.6884148263961,224.12112548830993,45.43917153851693,126.68659103417306
165.04643920553085,223.72563839507112,45.11490082996242,126.04963018943879
165.44530913066143,224.69640729067,44.88041244768718,126.0952920737257
166.02685158131374,222.89189923574716,45.24472425436574,125.93538486408767
166.17623429288122,224.4826150764412,45.7627469814188,125.8984023014513
166.60249258069797,223.82155817859535,45.67036887388983,126.33651522646554
167.08716828677603,224.186671923812,46.00439228018152,125.79201560903468
168.1528850974023,223.38625237879972,46.08474647742399,125.39292427822156
171.03323920747607,223.71785538465144,45.986442045396146,124.70937836967394
174.05411069088666,223.40136922829157,45.577818079262784,124.60216614312864
176.88826533264387,224.81991092678948,45.06855059015107,124.30567904111047
179.97560740439565,224.1632665761848,44.02781319280015,124.70364497071864
182.389290959238,223.499320540133,43.444317964445766,125.01497450936958
184.83691887560866,222.7695503025586,42.67647631019425,124.88349296946848
187.62437067888777,222.5837568930465,41.67686037159056,125.64341663001183
190.7411590467368,223.281542988171,40.69576814717228,125.93540672113502
192.8951764553139,222.06647403457646,40.20618613356128,125.53751589972569
194.99109314975672,223.75967122913576,40.10367427813226,125.08389626660056
196.8249241395318,222.06321810062747,40.20105777158313,125.14895385509715
197.99787673175766,221.52684136008563,40.0137039505712,124.76990599465314
199.07097626050918,221.67226604811506,39.4815423749791,124.52462543504367
201.73362240266238,219.92340101129676,39.23665510101151,124.69168140608137
203.41741314896873,219.1866898677742,39.154798707884765,125.82922531991326
205.2675750191056,218.1454349955489,38.97807271161002,126.65601923588942
206.39232696344442,218.3563035532603,38.493311380027905,127.82771709239711
208.39992983604407,216.61834705929124,38.34019168004565,128.8390448628703
209.37299403925448,216.01769474761502,38.80798231379564,129.60544260909302
211.68570916900805,217.58236202162084,39.46517567898081,128.97323038860608
212.47547736901083,217.02901300705048,40.22276484042002,129.77285395447166
213.4148881494594,219.80835076731174,42.35667091051433,128.1692563132088
215.92022109737923,220.79639329365347,45.26344820107098,126.57832859029998
217.09438545619855,221.85140199428065,46.876005277871464,124.39577338081881
220.37173195983323,223.74434119749682,48.93308913649912,121.90399100239694
223.20535654502612,225.1713692032191,53.23231529016056,119.33115143553795
225.37105286916196,228.001247062039,58.606233480038554,117.03463917017942
225.54007357566516,228.21514803600647,63.18851102075511,115.0152451968167
225.13371050449587,229.1019698974171,68.25623710148432,114.77959977274946
226.818497713991,226.4749977988738,73.00062788498178,115.85190381444997
231.97905834709215,223.9574741837631,73.66573832115301,117.15623750197696
245.33678815891483,212.28569770970455,73.02337998762764,117.82036864272138
270.2794660926352,191.78488225328277,68.60349909161783,117.88020130235012
275.71696747095467,172.83663967780046,66.42287477986022,121.16692444661797
282.0828074899531,123.75089708297847,60.30876994110306,133.36896694700926
282.12067331943723,149.44846011690979,56.09472277812699,142.09629959949075
278.3590725652341,196.24105081768826,54.96012105404411,143.2995627725208
287.037789989326,186.72854780654654,52.14797807050982,148.64979313002777
294.1856369685205,180.506745836535,51.58228631589324,149.16609821706263
302.7586029425232,204.97374257404795,50.90841564428687,143.1851849924753
308.21642570717427,209.4920068985649,51.08710653713197,136.92403097900797
315.12647774734353,214.7883982704741,51.377606927694586,130.29143287549505
319.5041521678872,218.85615441850294,50.06749660118654,125.35833275537533
324.5642554802909,219.90188314997994,48.980034061911944,122.00729357616197
327.4395632576299,221.72658606732688,52.471298541831956,118.24326857790706
334.1963727145342,218.06864789594255,59.80090833272857,116.09797303146433
352.4578068366198,203.3592446240733,61.69790077826008,116.43742896338313
369.68887042714124,191.35629183780748,60.33263322655473,123.27433359695915
367.25569542410824,193.49147201391276,59.79309030152194,124.91355437573995
369.6628674837729,198.64130782266525,59.36627101509353,125.25277321425341
372.8248127151093,202.1095372846303,60.96544639754066,124.81282581915553
373.8973804358194,197.95546707304163,65.92166865327906,124.54707497988207
371.7536078220593,198.46506242812626,69.70033247057293,125.25972211594748
369.9849890705391,198.79053928653295,75.09856643466993,126.35271808656972
371.04197528922646,200.38976307038516,74.85485672694169,128.98364229393036
383.2779243480673,209.28308997813477,76.00065738163528,128.7631320369506
400.385412123284,213.42133393300944,69.64625390037645,130.22964134809928
404.8606860625521,213.80759412437615,63.67256390322035,129.3289752075214
409.1536942712332,215.3285946799886,59.99567895504299,126.15919224084165
412.5142095074484,214.16836848435028,55.902084270263586,124.96608150676542
413.43243972794505,211.9835204971164,51.76999920327975,124.92037994078177
411.97095297238826,209.39251571337803,49.25929985649756,125.14792781232381
409.346213870452,204.91063676832093,47.073716981332225,125.91776809922105
407.1519805107681,200.78466552441415,47.4520494388264,123.68757225817674
405.3331407818176,199.61057053662012,48.19488654454065,122.51187759551088
403.3549505932102,198.96339004661542,48.845788437338314,121.43441948052939
400.83411174104174,196.8430287050559,48.973772176536784,121.37899368233495
397.6035611832102,193.99005908566113,50.17681343887378,120.2019548405411
393.9856560252884,191.78647211040885,49.91253641269358,120.01098958086064
391.33399336785254,191.0076226728703,49.84949316517046,120.43159090981966
387.596135775362,187.2509281704673,49.94174641653741,120.5607824403802
383.1228520770786,184.65943975318723,49.13430660828671,120.80756328745144
380.67361176507,183.71653072374176,48.392580138905025,120.66783018406986
375.6222347492117,182.44775432300315,46.93267943980061,121.29877890345642
371.20024302260276,182.1225382331366,46.07627947021952,121.33071288822003
367.9065494380398,182.8172929873096,46.334172780358685,120.37140054694683
364.0122450554469,183.3667099878401,46.08434017298641,119.83661064883944
361.1636363435068,184.5163338331418,46.06287314809753,118.87992768951128
356.96943473821216,183.63292973784564,45.50150566017176,118.50715299949879
353.6169752911205,183.5942299740725,45.76803594461393,117.6154465307907
351.2189959321363,183.19422193050195,46.557088997850705,115.48558998631358
349.6148298895969,183.83771881682355,47.2008710063713,113.7809699673233
347.3612491274788,182.54031249042484,48.21337628759301,112.53503813502103
346.1466029767507,181.57801958770028,49.33500874350378,111.16554668455663
345.20509222882674,180.1763051298954,50.557623263583324,110.4066164007998
345.2782106104244,178.20125720842384,50.957659816922686,110.13356613387691
345.25412453651415,177.04885930747173,51.322166711173054,110.39537908482042
344.3585084686236,176.0819552860421,50.58424693632985,109.72609388005063
342.8266948692921,173.71976954029265,49.4218619320068,108.74554577408082
341.849467942153,171.1211330605092,48.28042102994152,109.10606474969153
343.04162553686604,170.2631452441609,46.960153700333265,108.76364461214075
344.1257194001514,170.4107581820075,45.75259462699118,108.86522609865297
343.98375301832044,170.29729374366934,45.97775251911129,107.75176964921627
345.1322180591692,170.93646932104224,45.160439042642494,108.10809308653708
345.2753514765314,171.43324537928694,43.94289822234508,108.26778844357972
346.526252304287,172.06124139723923,42.406277372165576,107.51446923484617
347.45173609020804,173.14019724895206,40.558026356476184,106.7499574259389
348.3328772546862,173.80482142079114,38.81272082810216,105.6281515727791
348.7539586529238,174.55199339305432,37.68266121695451,105.28234737715273
346.47588147400273,175.8352023791421,39.421585253687816,104.30344050595961
344.8006387811785,176.0732416396902,39.342140357757145,104.24970672785877
343.28575355751633,176.77833635556806,39.002539246906295,104.3474764720506
342.5981225030431,176.2917335747514,38.58530986078453,104.67204369510492
342.04261037798904,175.74285810678148,38.36794505254213,105.25724444735664
340.9171259027189,175.40800757785885,37.68137481000459,106.615691405785
339.61866620360195,175.076610148801,38.152225337162164,106.64435670898172
339.23094730363437,175.70185009102778,38.47290789764321,106.5267831076275
338.10775183977023,176.21511680706874,38.79563710684408,106.41215742649786
336.0236738280623,178.10458047409907,39.58850494650301,105.10091318719628
334.5753776353617,179.2002634900286,39.8008291741498,104.42194571264415
334.65489238203276,180.3884424827729,39.646466996891625,104.47190392026624
335.16820083671996,182.40762735175034,38.66680886062457,104.67038136631521
333.77468158986267,183.95189784975113,38.33849382907647,104.68954446215531
333.13795347736243,182.81191146596814,38.11047312387133,104.90436065073007
332.1791512638323,182.46675482989045,38.057092949265574,104.52105183183363
331.0679402896091,182.44389203562514,38.04438706999058,103.90497882984565
327.95645758533726,182.16288841655876,39.00693189982957,103.07807149442553
324.7476528027272,180.85422980540017,40.64220448678432,103.25722646524493
321.53947094754784,179.2154697967476,42.827970955080126,102.91490869490487
319.4241727659147,179.1302617338352,44.71210738460901,103.28887554704912
316.8017408599241,177.05509062501463,46.587621421260344,104.25792621069361
315.41047776357254,176.17306152392715,48.03612768021623,105.07151875345937
315.34510114448585,175.54731065737343,47.922021248749715,106.51103624020695
315.76805463915963,175.08359131327543,46.985391237263705,107.37770446306024
315.3679771622031,175.30545565688215,46.99408890336731,108.36967589930603
314.80648797507837,175.1384723117551,47.00509040631103,109.76973960715159
313.18549404734745,175.26472587456334,46.966541802844006,111.93211601828487
312.6162401774943,175.57638865370956,47.46427615409097,113.65908168137352
310.50601281370797,176.5556035371298,48.33223658332397,114.41392404423729
308.2489284317699,177.30263581707433,48.76426204769045,114.12535523474183
305.60186949219354,178.6742238285662,49.501036676759554,114.0122629056086
302.65920033506893,180.97433040318234,50.2615223406985,113.5182375179018
300.37926790633105,180.99687340824923,50.89659090625079,112.88911748449725
298.6540611801292,182.51291804159814,51.70786214460272,112.29202389981937
297.0926350564877,182.33163551089928,52.316858734170495,111.85851917744142
295.11781219542826,183.60493454817504,53.23210627238028,110.97296475242248
293.04926664221733,183.52539154326666,54.374691717750686,110.17467884299779
290.75139820043375,182.60979131394356,54.86206609587437,110.65065414568666
289.26903560100925,182.20080451155582,54.55823029231641,111.32681532640117
288.76195632906916,180.22137655418496,54.31764799534397,111.95607276805781
287.1240070834727,177.99198054913816,53.97637806948065,113.0341490703532
286.751285486128,174.8883460521256,53.613055503444066,115.1510045008872
287.8737113319471,174.29272096946698,53.55023728188186,116.2172907721874
288.2803283076542,173.39990293327304,53.41053799175549,116.71558193041955
290.4393423216263,172.20675163754518,53.221701543236435,116.90980552753223
289.64359269629074,172.8971361468914,51.74749795049473,117.3271633145009
289.3137510081773,172.69293834562615,49.23940497616954,117.81183943588182
290.9495746243383,173.99934129357,47.3453713468567,117.35193477506297
289.46946805614533,174.5005384990108,46.76314019194929,115.83823442865025
288.51307467126196,176.34423079609914,47.63210027409317,114.0859133799126
285.9042075937706,176.08859705485506,50.499170417416344,112.12852537545164
284.4329379673101,176.49120492913823,53.023880005051595,110.55376325297175
283.74685773917724,175.38971414761326,55.05413510775649,109.71910883885562
282.4524004648743,175.2432902392147,57.19047716339603,109.74250162185245
282.0702796372278,175.00849804795664,58.925330453207245,109.76311916772511
281.34104588819423,173.37753286852046,60.52190713766748,109.81708649208323
282.2497350155311,171.93663716027808,61.00603578840247,110.2989510584938
282.84995291211175,169.81584210119323,60.75179914405331,111.2410431985137
282.9443210007098,168.54920303983255,60.254269205568775,112.00540683524329
283.1564908032774,167.07099099531132,58.476868980573215,113.1457424219622
284.2431753553687,165.40966576216533,56.46976475732472,114.15863933019898
284.9591559180223,164.48846402171534,54.66862960137735,113.78640273930043
285.95686669820805,164.11914227744796,52.485529723186986,113.93808572600614
285.95439241425566,164.52182279543598,51.70885374505084,113.0676677133169
286.00116595872754,165.29720354281892,50.49630505472449,112.65739916689353
286.3443740414613,166.014535046883,49.96758064757128,111.60780078551113
287.5866892961261,165.58509551305826,49.47567999782963,111.2302409938643
290.09306222679584,165.43524591252861,48.14393277541738,111.67315476508868
291.53183997671067,163.8822156507809,46.67163753492906,112.94941208075099
295.47942130082146,163.0144784789707,45.924287962620056,113.15015460275436
298.74722786487746,161.30277755027964,44.47538161643058,113.79828646725451
302.2114021279353,162.3834679001073,43.65229346715651,113.6690570601507
304.65090459502767,160.9008245440891,43.25472083879944,112.31354515563238
308.6926349535638,162.60933919176904,44.062834564855876,111.12405997439578
311.88046507620106,161.48926089438802,45.04336602658223,109.87457617926579
313.81986954647124,163.10964376234108,46.442389069925035,108.44571533342385
315.39691515524476,164.855292900518,47.78069761872133,107.45091262585518
316.6721906748066,165.1254069906928,48.28256281471715,106.51644612171819
317.61825910303577,164.7998786592292,48.66526255359762,106.3521637338614
319.47674609957346,164.1583303205046,49.342397797803805,106.03720911142581
320.0537096035116,163.43173943852918,50.280243965396835,106.1531024349878
320.39173534664025,161.3585254325033,51.272146252772245,107.16762389835085
324.33392016667045,160.48737168832074,50.3947985578495,107.24994271331751
325.8050868750112,160.83637050595706,50.27555640322012,106.97564222695021
327.04002247595497,161.8129959947966,50.564408105433536,106.52509821805475
329.74452654218595,159.9366520705998,50.488134746887155,107.52571970950041
332.2428613100087,158.17858003019916,49.53880080222118,109.31447893589498
330.8418697283695,161.91989747412532,50.90319901933243,108.91400459819998
329.2845838732784,151.55569089926422,52.43123873086317,111.38786425536614
329.62015750232825,148.28819984162408,53.92611886096419,113.16387610166817
324.3221732195942,145.0424289118254,55.38916435963254,116.74647778022768
320.64474471760917,138.62387377126285,57.35144814550047,116.26119136451393
320.8426183620644,135.3868658639094,56.3984906958172,116.18514131518067
320.39385938774666,131.9915549143597,56.47471160120604,112.85000348618236
318.9384276785209,132.24312527784292,54.166936203790875,111.7073353535192
322.435381358308,134.15627069469159,48.0470254989325,117.18518813730401
323.72728156536544,132.49169980501244,43.52213777798069,122.91053615462809
326.9767210641944,132.57507652265406,39.975868938507745,127.3889109539567
328.1895336041429,134.30961548682754,39.57761751069894,127.60359706135051
328.7462838290825,138.73736449804696,41.17752189836534,124.69279275308713
329.76826673707694,140.18823881436487,42.75607941459508,123.01136416945354
330.0515059528073,143.3410404062252,42.987200312972625,122.29412553519037
325.7635992902458,148.80732174325698,42.81292823982045,120.0285205275247
322.3919450818126,157.35297584360293,41.39062553277115,119.89272462133573
321.31407813097854,170.9927020923313,40.35316802376778,118.91977623775546
322.311303733217,170.6061383091028,40.76297189144045,116.2876762204128
320.27860281223445,164.8444579746874,42.65417409390935,113.05924343431025
321.49655292225725,162.49343021271673,42.5653025879176,112.47543052851522
320.79214266688643,159.694884106869,44.38795459674459,111.86713958228188
318.97358195053096,176.5392311336912,46.177793811396484,112.44109506626694
317.6176153749177,177.74029943397477,49.09771525631807,115.04389606294497
316.241864227121,180.1486187727203,51.25744180831362,121.06288905132914
315.8883109656477,183.63864052210414,52.89366130785166,122.59842367572726
317.4643926625046,196.6068788783515,54.706299080544014,123.1089952226798
319.7924864779327,210.25215652371176,54.5501749130877,128.4786309107066
321.43588618456135,194.0841216837399,51.571301086858064,138.71766777228564
329.20451578237225,216.52115395608837,52.949316285517,140.1205878623134
326.9912142012465,181.00654526512807,50.82418310835215,148.42009021290212
329.16962275440005,182.36297084764283,49.34002317199962,158.4762302176579
326.65704864003874,180.39045000768868,48.09855967879463,167.25335993136125
332.99381335807107,181.44238329534363,45.296156072352034,180.81351332677409
335.02805906723876,180.10540744914027,44.793123599298156,191.62600084992516
330.3965526007908,162.59067513313386,47.73986213660605,195.1768642572505
327.90396939942383,151.53008963352664,53.77868696606402,196.50442216173647
323.90949436868726,138.1474341845173,60.69619158575839,192.42151928202884
326.6774725952105,135.58582356750765,62.57754095875418,198.48641437385606
327.5324374941919,137.90547442332957,64.8509657642862,195.223802836239
332.5018339309838,159.3886671503894,65.20446007608312,198.4966706641631
343.8606011921993,189.49820589364444,64.06591046743259,207.22901310472565
346.95619188957784,192.86405186556186,64.42038727887007,209.54420871527054
353.6497012175176,200.39480448782282,63.356484834117744,213.2175789738264
357.41448793906574,194.67108447450923,63.58636146219935,212.61792972254676
350.32962702912715,203.76673271609133,66.34708647379243,211.1589890767839
360.47879094261856,207.7579042848931,67.18638609608591,212.4917835943166
349.64865989615413,204.90199252608042,69.36866507883391,212.87529528801468
356.64446157268003,211.65078947927947,71.62112626110891,212.02977533676327
342.53822340097736,198.50694700901107,72.65109195283746,212.18703927844865
349.15881095596603,199.0361776976547,73.59892408887353,212.05503242789143
2
0
0
0
0
1
342.16590987763044,215.13436014597363,36.719040442808605,112.99662728308044
342.07157848317127,212.74848560862048,36.36479089400202,114.4788767166413
343.47143879729197,211.53862602388472,35.75530723062552,116.23785509642575
344.754557193247,210.53929819875785,35.58966796141533,118.9781427266998
345.5349261749279,208.5970555522344,36.08069563302961,119.79937003035027
345.58973038055893,209.72468936855768,37.7509391314826,119.87076978609343
346.0936655680729,209.79027669047872,39.392277736789964,118.18806683215675
347.209063774348,210.83765534354902,40.00037489089779,117.39141613870339
347.0498047774422,209.36205710096726,40.05015850822953,117.36962058545362
346.87107102563374,207.63722964843913,40.3392339689589,117.31329063449894
347.1617747144299,208.2450269278983,40.43177453496514,116.08345587925459
347.3637364689923,208.27155090862271,39.060062491356625,116.81030369768817
346.81825798096224,206.60518477140252,37.59417692249414,117.25954239235197
346.490991253268,203.1014760899614,35.881974786880136,120.02206033854262
347.41852400163754,202.60548469600587,34.22860328881619,121.59544634916709
346.89561422251995,202.66159922668447,33.57486714162991,121.28888556222194
346.2661400055979,204.20046005863864,33.77428713985113,120.05717687708926
345.2889608032268,205.0474890718786,33.37432265912538,120.70470825843266
345.557862628557,205.4056306498522,33.194740300988855,120.2954069347532
345.27486889768966,203.7945965026876,32.751811098685835,121.58724442519184
343.879575849222,203.31060460828297,33.477125166764566,121.71074816882103
342.8845630384243,206.19382833485622,35.3290659673134,120.73934506266053
340.8812386920269,204.6657758254031,36.85290547780975,118.66819395510677
340.6816713884109,205.81301433390092,39.391533756426284,115.56740779407937
339.84400431380334,208.23625994054382,40.366607715614485,113.9220106304853
340.5465494643536,208.34084007255848,40.26533411645137,113.38655750747253
340.1458211221763,204.58165751656978,40.35202228958221,115.44813744395304
337.7264033173388,205.2125766725197,41.52865544024553,114.06319737073528
336.88024870381673,204.53803379846724,41.16891847132233,114.59030117762808
335.30883664513414,203.8238293081837,41.5607327901987,112.45693765646207
336.1736356839103,201.1291628556769,39.550738171385134,113.76446478690141
335.0985345605792,200.17260181503266,38.94885999179478,114.67750301835969
331.01356532112345,200.67991862393788,40.84373466942557,113.63736491058212
326.75080126052626,208.25182450272894,44.41505529254394,109.53368612952193
327.2926402146939,206.33039536488837,46.945099814901,108.14367817691459
335.29270727140164,211.72655572600326,44.6669653428951,106.30251016492866
335.27080640032057,213.16965357133267,43.561768959100434,105.21183962389247
337.0316967685727,213.0335149667159,41.527105203733306,105.3791513788563
339.2280599590508,213.3602364591469,40.01225558032269,105.20635288382073
339.5139203247148,211.97129316809867,39.25270426915368,105.96678967169066
337.8779455426201,208.72925030504462,37.84896458822454,106.98193166240596
334.7568708393304,205.44237979208532,36.50171515062112,105.56375720511758
331.71077819510083,209.7041178925246,36.823816763218915,103.41195023297826
329.0847465084149,210.59377746194912,39.26769796144358,100.34529816639849
325.9783269853623,212.03191283808152,42.30954177838666,97.30950488195009
321.8632841375406,208.26355060404723,44.64157632204057,96.8195357124383
316.679839811993,204.7964691738437,47.61268294848995,97.6656140592354
310.9991556789675,200.74691452912327,52.53766248339285,98.20679706791623
