1
192.00165010394485,343.8671049438436,46.732743256269714,117.19678415107262
202.24497569335207,350.7757307644572,41.75484892028423,122.5633191518902
208.2635101104324,348.8497378735573,37.43802353184682,135.61414835964956
214.66763831054996,355.0374665351415,36.86553395510691,146.98119036048706
225.25224670150973,344.71994107841897,36.932044331897224,159.72391905773725
228.41007805784682,350.98987523158917,51.2778290345329,147.5037494298671
242.29471085036104,359.6940559863198,53.66718890459339,152.27453186272623
254.72629328342,363.05251512979635,50.71508103211755,159.03432597080499
273.33624203722565,349.5179087083511,44.447984619404416,174.9415246934411
283.5224605242077,343.9314314925478,45.856943547351165,180.41803934661698
295.60446778966224,338.0401614817764,53.058618460967445,179.20305593276674
308.61748885571615,319.2579554845637,60.16742914332906,169.43251735528563
322.634465831893,345.3952653717534,68.44007171733158,143.3243424523041
342.108920904036,345.0350332097386,65.69798544504145,136.0882166670154
362.96731725197503,336.8286964948654,59.24324264344229,142.08918240670218
381.2610935445103,336.0252483499049,56.044717436360216,152.49130950841055
396.69376497153837,374.22402159407676,60.0824427461624,150.98215498457068
412.993292200652,367.8207688647899,61.5249579195021,177.6356491098909
422.6644661970663,384.6489019687333,73.65291774496076,183.1364451940468
412.15462965230375,401.2506851432184,99.17501489091481,171.11421561455208
433.8036057511528,410.5572421047421,117.1008454578922,164.56332061659282
445.6858961196228,408.1406431011491,130.48580136380576,151.54411825731427
469.96444236955097,376.8254501355242,135.9473486606725,170.76072009058623
502.9084823462897,397.6457113628407,134.75421155759136,175.20158934408073
489.65070880879506,400.8657354201107,148.60900802628308,173.30523166354115
513.9406695359669,399.0099264292075,138.0887011629103,184.21482481027886
507.4616859769421,370.16966135111363,116.87873124154078,201.92754125829163
501.52657752234717,370.1903884237614,109.68334121309624,209.225429105302
509.46046042350196,333.055062084454,106.70152466104227,230.9318235049837
529.7216778423902,317.04418517155966,117.97734954371262,230.8667925769139
512.173741080933,342.45593183086163,165.44767655466276,190.0591846289184
501.32698259577404,353.3048552801821,197.11186285497692,157.4968014117901
511.28324186411203,358.6394300332678,192.6514284803513,162.15204998747151
579.2343247593133,384.52919878928674,163.38108580326127,198.4364140462942
604.9920240925021,379.76859337942307,126.71404192365588,237.54845332969612
624.6188010358826,367.7207390769563,96.3064480880156,259.8410810529745
634.6653335468551,315.5386178160453,76.80715742292985,299.55447713009625
637.2318815290865,271.9139442135978,86.33958860634628,311.59308691608345
613.0092724692049,277.50033564012597,103.2354841367185,295.71634061013185
601.7065486911296,263.21374143186944,161.27898707939693,250.55835170089938
577.1082955245747,262.4805016535861,219.1951128116467,210.83194105724795
547.2673901610302,264.9735869201395,252.375205078617,198.06355830600927
520.0558711406231,255.34557240035994,263.9687560436518,198.27579198779546
486.98663570277563,181.92925318214657,275.6214353454515,189.9677927180538
518.9050274999166,133.91470510627113,246.36862750503724,195.59230867240782
549.4300123352612,85.459339541916,200.90147539045643,221.9239253768077
608.107789162608,59.94498580088097,148.31583444478792,250.00210231959971
656.4058455423465,53.08585596767048,122.9923230757507,252.44525059456652
669.0886524973375,65.1774315277199,139.75527380650612,235.04816172064466
663.6202704789853,99.26474008957342,171.547720371055,212.47649073847992
639.9550584034185,154.66466365738685,215.78181118110598,185.29543419738872
535.0800147520498,214.90886789531325,230.41211059418424,168.76566927350513
490.53545400011797,205.2488587826235,279.3823774520875,153.6932947357762
492.09410490591017,182.61156836846305,233.22608519354247,179.5988674412562
508.56265226439814,152.82493549551742,202.6204496883699,203.19637443122667
531.4703573169513,126.87253303847682,182.77020413199534,213.33762188261156
562.7388717349555,133.70896514135137,150.42083150461386,259.38530579870724
596.2106634759888,140.87870154482425,133.36200025859233,271.71260877213274
561.1524855003154,178.7890551073868,166.66579288680546,240.13260023953455
530.3532885819493,185.33325504855515,212.67599715257163,206.32099378443965
500.1179987599927,204.5516296953327,262.45223345480736,173.42598095728152
486.8794206828796,205.33571134472015,291.98676477784886,145.69787306334845
490.0551701191273,178.86999419307037,278.15471209469473,178.7938001572865
520.07305122859,141.12601499164936,246.5272748522862,215.26245801687395
578.1534732701963,130.94385594608838,193.653024162453,269.39178638530973
615.6339976596275,128.32536011651274,151.09477953051044,295.65670792590004
655.3502636503088,157.57769429350319,141.3566445592708,307.77846725732167
660.7888848334601,192.52798835916093,169.9356038444119,271.7096979173167
658.67924597829,255.90005569299475,191.94212557737865,256.08545647110947
621.2536190854864,351.14666152533204,190.2075157493737,260.38475484733135
649.1201547415633,362.8199038872267,216.86674874850024,248.39056327805548
657.3968668465577,391.3609307260084,216.15224250071503,230.7430272039577
683.7983373875824,417.89229957533126,186.00571779533948,231.53831169302438
719.8059788489115,427.46093765896427,142.66351452954655,252.36678061867374
733.9416477436013,423.2814752694282,118.96211685501467,256.46438241781914
740.6164388126505,419.3939906922138,105.78543168291972,250.75501786324722
746.9792812476487,420.96067654317505,95.16115403581232,249.12472600107506
747.1694133673286,422.7986921459816,91.91712241070127,243.10209052619854
751.6675768246931,435.583463206156,91.32675745498278,232.59701540577976
753.3777599085965,423.9340869046674,84.75062110291924,235.547943140278
751.8490459508622,418.7433805971879,87.204613533104,236.19255291748607
759.4159518128018,421.72921449199254,83.38085650969396,235.72178105913972
758.7130403134047,417.14199526229805,80.19256093155046,237.54339405948178
759.2805693455284,407.59309487273543,74.23795957296451,246.9885850574154
753.741498638436,375.9666466270433,71.51001331816568,268.38496651701143
749.4738700620793,365.16724183337294,72.79263553974512,279.88956136010574
750.3399474463927,361.451442159824,71.32130979863052,286.7830519448818
748.4421423695406,350.22375380807784,72.31607803980404,292.3116597529021
751.0569714926797,354.7784143063939,73.40987435744958,293.01367738605745
749.913912499696,367.08392107039106,75.57396359704799,281.64806852008485
747.9424263364498,368.33269500716074,75.51547591164571,276.6300618516035
744.8146013109945,373.7905993463248,77.42332910922066,268.1696603082015
742.2814294834668,375.82774493164175,80.81305099664439,259.3449025490284
739.2104509855642,362.8022598295033,82.40681822538453,261.367890514666
748.730769221339,362.17393721464464,75.99010692482925,271.9978796138313
751.5990585978528,357.2931266063978,74.59012103884831,276.28738652573696
741.6707152030667,352.84462167589595,80.67962273330266,272.1662506923838
741.3268066367259,351.59681731562813,81.72448294113731,272.944443611431
744.7023160770652,359.2025414461016,80.00552475947242,274.2456275668532
740.6873278357123,355.20709298894076,82.43669445608447,271.3234276765533
751.8074501727568,362.3376523464683,78.05173671536559,272.6622080451187
748.0677735300684,362.9774935676195,84.50918132445585,259.2184107495329
738.7756337759839,367.7970184520193,93.84182230352866,246.68374760000245
724.5363729130531,362.3099225358214,106.57336099088964,231.34090296118913
709.7305292180098,356.89035572662766,117.84778418209598,220.48277318598718
703.0373836907536,357.6819512342993,120.63238928075955,222.50441756620995
732.3233239841459,368.6737583260542,107.4005539890984,243.93023124911014
743.5572011738683,365.8277330385894,98.00540811352235,251.328454254325
751.140291476489,363.9682876081249,91.16010355330461,254.09595496748688
747.2307837784007,363.0082716925567,91.74380372360704,243.1057330370826
754.0362083778236,358.13537043965835,86.89522353573122,245.44805815964202
750.4332279593602,355.34328363693453,85.47179094214579,240.25455123522042
757.8063142329582,361.1616697089007,81.27403362921177,244.70208067700577
760.6836065213437,363.0273144875191,78.17287331754936,244.66634329815406
763.3827354460541,358.59525626700673,75.51830006254369,248.9703824654075
758.312564050952,356.52506206650264,74.4185846320382,247.22568391073065
754.4952228319677,354.99671152107476,74.17910765440226,246.69827670292602
