550.0,554.0,168.0,165.0
550.5745492937665,548.298483096316,169.77739948109325,166.65713559276523
545.4118611730195,543.4865805486247,169.64593499045824,167.7094640538284
545.4691809692149,543.326372986612,169.60519608016887,168.0775503363548
544.776346089147,539.2624609795666,168.8780343825996,168.61006752675135
544.6316207374175,536.1839902381682,168.68848566929557,168.79139701016692
545.6966867481204,533.9373401918357,168.0934977346744,168.13297832272627
544.6517754576628,529.8636806349685,167.64275800364462,167.50638934396343
544.9614417342077,529.97109857771,167.7574865218487,166.24236411733358
543.1455327953242,528.572215852157,167.06328138403126,165.3710581856295
541.9232803999757,527.7759146683566,166.71075072832969,165.09285093500782
540.3555480019429,525.1266065918985,166.17728293368043,164.5592184964112
538.0743527792717,524.1043998421194,165.49402623992432,164.4377811697945
538.2562310579405,524.0658739717167,165.49592428410423,164.04073159784858
536.8858664207667,521.9024892877994,164.82244044044285,163.78066031933378
536.9010172494477,520.652023430637,164.4855002094465,163.7557151411083
535.558969001074,517.6712571471235,164.33027538135488,163.20324521808396
533.5825097627742,514.7330593384233,163.69308808529104,162.64731540742224
533.1189626789184,515.5011306543768,164.02011181006452,162.42651973671104
532.5502163831763,508.29908600178436,162.73035013385345,162.41200299244326
531.7281970889678,505.59325306723224,162.22916337278016,161.75935618996772
529.287892881845,504.6580173143649,161.67713941370596,160.82323841893074
527.3215662320616,500.3805374170137,160.63847427713486,160.4692246828614
527.3430736529255,500.63118565509143,160.58524044429333,159.89914412447015
526.473351859759,497.35773417453737,160.2691920806531,160.3541997432582
526.7898106696389,496.0849692587277,159.4723189860955,159.79141325157389
525.6919715062904,491.9951104536769,158.83213994508225,159.5152617294383
523.8625281576266,489.0969268289226,158.0860742443572,158.5362237621909
523.9629557964904,489.51125130072876,157.86535178857872,157.84284091403998
518.4431219503415,484.7504691391998,157.1126353108331,156.99813884105632
514.2159328853878,482.6184089502403,156.74529182871262,156.45893553604228
509.0636093535537,479.6366530346622,156.73928616596731,155.9531414280833
506.58931769472525,474.9744572063722,155.90095864612556,155.5988207710666
506.26698732951945,474.9334712557282,155.98637120693087,154.9603598443388
505.2585390720732,468.9447244435289,155.62257645951155,154.99309149363938
503.5069298485032,462.96288293282157,155.20595010753053,154.71186793184933
501.0455932644444,456.8361991513655,154.85653020180487,154.54213124441745
498.66949433684346,451.5330990103763,154.59582975342266,153.85824190134826
497.91245643237056,452.24303933515813,155.06443560864378,152.92570152026894
491.6618719249885,442.9040279404392,154.2923098828518,152.68828516455198
490.1883116979963,439.0160696502305,154.07595103331087,152.18729165686798
487.9536129431526,435.9333002794135,153.91323428410584,151.44302649477007
484.5842573764109,431.9393557002493,153.1759287659164,151.31482372710403
484.5189523494405,432.437090671126,153.14897710639815,150.73962353290585
481.0253680436412,431.79204393483167,153.1839917930414,150.95568679235447
479.96417155681456,431.87497062132434,153.0930196899119,150.72247370913664
479.532557849869,428.8570703430822,152.67707983634816,150.56057822137544
479.2850912929508,426.4651732205217,152.30245817313943,150.3471046430444
479.3079524131043,426.9759132862488,152.179642816687,149.87263519230765
480.97428018652704,423.4940621147762,152.79326023080284,150.35122192059657
479.94844741949373,418.403669155591,152.1688364120444,150.53517753400988
479.40710221065274,418.95978795435644,152.05505054882357,150.46228337860623
478.6437806581829,421.2999886996581,152.42233355291273,150.23647562257543
478.90258560099915,420.49314798123754,151.96044633420098,150.53036757976133
475.536133276093,423.00022518855747,151.9809247699959,150.11628421087875
472.4238133762473,426.7443400131177,151.74552853232478,150.3694956906301
472.6504986884561,430.4196523191831,151.582436255095,149.92044568379634
474.6877506687893,433.9994130550273,151.97099694331578,149.96527450677382
474.80708736344167,434.02139108596714,151.33490189381985,150.01264081104938
478.10984950824536,436.4924436031582,151.728742271529,150.23840976820503
484.36622669695964,441.1168911880499,153.02139963608263,151.4390685381976
490.1944305928632,442.2561456946564,154.36501947015952,152.78897463659516
497.4020577522806,445.033592423125,154.92626356535214,153.6739510950522
497.2301202072787,446.0343407784844,154.71881783640788,153.24169451281546
501.6389651015624,449.2540887498531,155.07607544351356,154.05854781778234
504.56074853972814,452.34990455998343,155.83994896468857,154.16702644385032
506.9900756895615,457.24392861793234,156.19240578313375,155.22688690617852
514.6274033498265,461.64001589281037,157.08307932031897,155.97885447397684
514.3488411893006,462.1881798864301,157.1980594215264,154.91593214483683
520.4074971642783,467.2243919696074,157.5447534172683,156.2134301594458
525.3640811540827,475.04028159196656,158.52299038427887,158.06337608479438
536.7810145006772,494.38749306914644,159.4408297835906,159.6810253732437
538.4895774698973,501.00732848519016,160.60942535468266,160.62634682231115
538.6324426350889,501.0653018509411,161.0038015821318,160.5246081763083
542.3511638901076,508.809001522415,162.11901857027792,161.5453268806732
547.9242156917617,518.7632189449016,162.9993496368988,162.5466864299733
553.0768330341974,529.958096222528,164.56847508334704,162.93969585860327
556.7243821581151,529.6188501866353,165.74035524588118,162.67339618902537
556.9457225736787,529.5356551299336,165.490549109131,162.5246318631853
559.7478621199427,528.6808452941012,165.97565368429005,163.70299559303675
560.0226187791034,536.2963469300716,165.64524295404047,164.8947443222144
566.0837880474123,539.3628097959254,167.72868444147764,166.3561901485295
566.1031637775959,543.7958455323791,167.89210574161496,166.05678173493206
566.2210070991251,543.530857413035,167.64677951868728,166.85362688352933
563.2494991557234,543.8904592872047,167.99197462196716,167.7750744092766
562.0513837855663,542.7359329451064,167.88457306998112,168.45644463040557
561.5437532107615,542.389874267187,168.4654549020242,168.52598513824438
565.6885712837552,540.9865085760823,170.52408525190756,168.93046368685384
566.031673341261,542.0630964448225,171.0828123153006,168.72101829547563
579.1385399611377,545.8692506837555,171.92472470009724,169.0050369356288
592.2202502240665,548.3084188721818,171.64667138713642,168.5779399759765
593.8049206921987,534.6136060782148,172.8604501679987,171.97936137297106
593.2913316252257,534.5465691248073,173.49109009610098,174.23477251832003
592.6444383549494,533.7778063157887,174.56740897429356,175.49558852688105
593.7555359896496,536.7064630339178,175.44146785854014,175.25556971931806
591.8820119604744,535.0306007412993,176.55039476848228,175.45490904869934
591.9662681410281,537.0130009422115,176.4463734315802,176.35940565414893
599.1626176307282,550.5979060636487,178.19587740626287,171.90394659353717
599.7737383869076,552.3625218010422,177.50391774684977,169.66658343965764
600.7819069887723,545.0887286869552,177.11317440032036,170.7259000995649
596.3487904718306,521.93898493015,177.52503421145278,172.1590696992166
587.7279017730706,512.2534462753772,178.97897395417448,175.68580242048301
597.2584609916593,537.9268119370854,182.0916648217862,178.448410459242
596.1781918579813,537.1267387456647,183.38856934111675,180.39792408612465
608.0714146425946,541.1779987509384,185.49116232279448,178.65131483438796
616.5754104177195,542.805091197989,187.04052409927306,177.31997137992954
619.3797166136925,560.0651259343433,185.25201592417574,167.78709611530633
615.5263136142931,564.9628138390265,184.8108718796797,161.20775218791874
616.1507828496447,566.3414059288754,185.92334286869664,157.86340974105315
612.4540778256085,557.6036186829017,184.5822393906461,162.74893651364113
613.2525522543507,556.4686943017439,185.1137570028352,164.66011138671564
614.1860446708064,557.0884127415922,184.60098238260798,165.00980162950418
601.0652514320934,565.342280762779,184.49769203254272,159.24381707813887
600.7972336172561,567.3567447708095,184.2710940265873,157.23470793846042
593.8696270661642,575.743287106348,182.8915169513964,151.59069050886745
601.6209148416027,580.5355798662002,182.98449649426738,146.04577894661006
609.1046094359627,580.3080542300511,181.12479218025018,145.2337007298787
607.6029738922306,583.3760833234694,181.11684549018995,142.4880276512011
607.4384091061368,583.6432809501305,180.89961114688407,141.88935628780632
612.6271503820444,583.9536328659583,181.23539832681018,140.75634365447002
619.527136736104,582.6957801050721,180.8872481803422,140.8467577838254
627.375613623707,580.968107691749,179.83647993467707,142.34511725886068
633.0084804512984,568.0584204406491,179.9455624760929,150.37501381108098
632.9745399620854,566.4312921471841,180.7215389999235,153.9890720231484
629.7000723998843,566.5241000313905,183.41524407283185,154.98132713151776
623.7152534440021,563.6756667120294,183.67214728363177,157.5704619372794
629.081621960903,562.9715704391286,184.00840337702368,158.67482390971787
635.1588411996636,559.4426400513928,183.29350725000614,161.51345520650915
635.2376265611676,557.7986617685839,183.7475827031252,162.33644745509284
638.3504336366872,554.3877305993303,183.21962938944333,165.72733423227794
644.8088690405317,549.2710988892267,183.3820390496296,169.12298079930923
650.6713362462514,541.3980577325126,182.6317772029948,173.57315769143145
651.7515638819494,538.3078817851051,180.84682710125395,176.98180128740495
651.8378520354036,537.834837759859,180.14318448530534,178.48653485296433
651.9441409807397,542.6872623302194,179.8189427235691,177.1651368323412
651.9060539556759,544.2078294263949,179.9252903160023,177.15338768593136
654.7753972623377,539.8389245857853,181.1545501307192,178.7778991449204
653.2582308012244,547.7263375827642,181.63861187131238,175.10883122476207
652.7609545799297,549.7397559765425,181.35418027367183,172.18226016836752
651.4936602396676,553.2845183950848,182.58686216056628,168.9724781004718
653.8986376484826,555.0398982394445,183.0708327868017,166.85612445637003
660.141268031542,556.7555437219874,183.70437565200768,164.73674327662013
666.7083999283316,555.114922108893,183.7616358456058,165.3454481977516
667.6451453757286,555.5089164200127,182.63979092691764,165.07214917075385
678.1167164257379,551.0747804461862,181.72850610003118,167.34613518186381
681.254978501455,548.8460569018225,180.5691484578363,169.75628796355133
680.0762385048421,549.1768304200896,180.42340305991658,169.87736448273532
682.204574529966,551.565065286944,180.156429202335,168.5277729081901
681.9960591841005,552.1108731371631,179.59775536782465,168.61225328319875
681.6683300745262,549.9562625572216,179.334102069253,170.564896230114
681.4843548683775,551.5222905347377,179.02817834524558,169.7917412974514
682.5589332350013,550.2991963800653,179.54604479763293,169.98973917017096
682.8093205579298,544.5266714259296,178.56434533208983,173.47934821429902
683.6490199815764,544.1912870673548,178.28877928610797,174.5250147941962
686.969127843226,539.5273293275457,178.8153987445413,177.2615397505753
688.6267231435154,534.8401114026761,178.34364771607835,179.09817350172236
693.3501091359312,532.6448057210425,178.87800204148266,179.6263400982046
695.8218520571065,533.3108492262188,179.62439578655614,179.24632900532274
696.0977323610448,533.7849189865599,178.54528029703363,179.0755238927378
698.5667700980587,530.8266001794267,178.06969621647784,179.80807571483533
698.3666116131031,534.1544753982876,177.44474374686598,178.84719941754673
695.218618975223,534.4608653152161,177.92937486564173,179.1155671476698
691.748846161228,536.5521945999077,178.9407437432364,178.9592009001893
691.3532888396064,536.615520214143,179.2255545335493,179.14358086744045
689.70169288121,541.1912558051588,179.2344097493296,177.42960961361865
688.8712372241188,537.5657266312825,179.34287286251742,178.65432054833678
689.341065421773,538.339830378603,179.9733379327114,178.46159623195237
684.3603504210562,540.8564519295966,180.3945453803135,178.00922278919532
684.3759614614411,541.3018429070695,180.15712994434054,177.83134115890334
680.143325213038,543.7669291393847,180.36342708243782,176.8033198708505
673.6836406326679,541.606914398193,181.12346224196813,176.8836177131853
661.6223337154842,543.2220918676038,183.4462825418909,176.38317271491542
644.7910116875631,547.7047539216513,183.81363459246182,172.89124271901386
644.9067147120916,548.6652201065042,184.44487818498348,171.61356674908149
627.2132435129337,554.7608404847485,184.9600085703609,168.57083346126356
619.0722123179313,556.2112814487923,184.00675997493622,165.51259367930444
605.3776538912501,563.8758235715331,183.00304491071026,160.18081407016953
600.2547996372562,568.4191804003473,180.5875881640681,155.9209133909608
600.4132289344453,569.8413455989069,180.37974869355722,153.96682166450685
598.7731986286719,570.7635324968045,179.2287974300147,152.85749616087296
600.532648763427,571.1944674955198,178.9944042322427,152.09742915803085
599.603307464312,571.6803543436729,178.60389361999617,151.45604887745998
599.3248897127593,571.50345896368,178.01179623609937,151.38812278514376
599.2930823083624,571.4641273961422,178.2923219249031,151.03034928723318
599.460708534069,569.9465059596891,177.6388146409386,151.76301088584307
597.6177116981773,568.0695728278097,177.17360151644937,153.2844623354115
590.5273367375765,564.3503661596735,176.82494962478353,156.05905944638755
590.3303866765675,562.314995417489,176.94490510464695,158.07705000762633
590.8934247126205,562.0029214827579,176.63306965621788,158.70743449392768
586.7757128745991,560.2191224324102,176.99064330466337,160.1314289081701
587.3654668037722,557.5643901920326,176.3804813668199,162.110751715795
584.9893630449351,555.7073307812045,177.14889416567325,164.10035327587863
582.3955730215534,557.1436554124016,177.5089553729101,164.01628715553352
582.6787334991263,556.7165014463491,177.22358763852094,163.97668425695656
584.7725913441247,557.8372770259223,177.4263765548099,162.7038353113768
589.2880258995119,556.692154158042,177.2618360350644,163.31074735847298
589.3780968771395,558.6809961086789,177.0660355812004,162.19087752632004
589.6286848471091,561.1105582661955,176.81543892081515,160.2698299025967
589.9333764573835,562.3964164143259,176.8127466925648,159.50192562892653
585.6356481970253,563.5732878554859,177.49631550159685,158.64004410626603
580.9612060228159,565.0626352081532,178.07186647286693,157.12311410148254
584.2139198008979,566.1725885834994,177.9783702318367,155.85094159483208
584.7931953173077,566.6329593891055,178.13400718170524,155.2539215220219
584.7933567914882,567.453888271936,178.12846002013924,154.56839501499084
586.5731132852236,568.3872406787756,178.55611484247055,153.94263798319224
591.0220969880515,567.1095983936816,177.26659865629665,154.91481382062523
593.6331347409475,565.204012378947,177.11893571407012,155.86008984004
598.3386045843632,560.5636025206811,176.06523952500464,158.4595692384846
598.1780669536422,561.3399245021451,175.44063224566787,158.78550855576836
597.8998614279443,560.8919622043127,174.79399434848375,159.05618350371435
594.4664954420214,561.8527281584428,174.2092040389649,158.04958936664227
592.7428309393074,562.0225334530522,174.33525571895225,157.81167038467964
593.8611432068528,561.0137420466276,174.66113976365784,158.46618541876808
593.5778655130297,561.675632220152,174.89330870302837,158.9714123162094
593.6408179402321,560.3418397223792,174.53143509705023,159.78744915845033
591.982701007672,562.309394525323,175.0018249053664,158.808597921316
592.3392522882004,561.7951961106648,174.93298623460456,159.0279811746027
597.7182009389559,554.4765143911969,174.91036304748283,163.49315156849596
596.9443395008959,553.5891046053642,173.87063802537665,166.1949238758428
602.1838698621143,546.7609826465965,174.01708114935764,169.06541305505488
604.9524254410312,543.1700844597228,173.62432342513205,171.3798052238424
606.2360587697311,544.181848307089,171.82765749310076,171.46324801782708
607.5827482286586,542.0364234561214,171.57206390516228,172.24003185776098
607.8367984718677,542.1862227204111,170.64114717706232,172.35847329897518
609.4331316094459,541.5374268852324,170.55120415188108,172.58438923400178
611.2325003111248,540.8304751699552,170.6539272179657,172.52083038041934
611.7445994275416,541.6420388917037,170.1555193683799,172.81350297327884
610.0055377028668,544.6710291044277,170.47360293849508,171.4899267451869
610.2604904054264,544.2467796627426,170.21260268773648,172.10389549796747
611.4406440792983,540.9403473518531,170.53466311077548,172.78669837621888
609.9547014234214,540.6654010656675,170.59699432752217,173.41166437306472
603.1906374665746,545.9235652007947,171.53247243446532,172.18434694120634
596.7964878196087,545.3122576155155,172.9830516416711,172.62582184954445
596.2229342695196,547.2871355124721,173.01534322772216,172.09148782063892
598.0027011477289,543.4834460650293,173.57596754695848,171.9760192816942
603.6902592763958,536.8831472558809,173.35489642810833,171.93109877647123
602.8945221392562,538.1319948612181,172.74131732630923,173.47568077502876
598.3562350434411,538.5123230262838,172.82036223213288,173.97289891109367
598.4197856057193,539.0486135188316,172.12967041987778,174.17321205132313
599.4954141882233,537.5748910608205,172.5641050469436,174.77636090066625
598.6443980359104,538.5925310054456,172.2166511914945,174.70769778951194
596.7483986969878,541.4027961371374,172.0436359768106,173.63518205006693
596.7527235270578,544.4307392954989,171.59163737230293,172.4390227356317
596.2670950204279,544.3672245981156,171.37237680287564,172.5565451849077
598.0015060192079,541.911853377103,171.77050523047762,172.8815669224346
597.517809277012,544.1167037440007,171.8000376225418,172.67839749610374
596.5981245372319,545.883639979272,172.11918223829437,172.43605713336996
597.9410128624827,542.9426332305325,172.86614630205688,173.16710184216618
598.0757809008666,542.8509454532788,172.96700869959972,173.60370662033102
599.1761415597832,541.6674517459678,173.28610594718083,173.39669175551433
600.4651799245079,540.3064281625773,173.43561778405956,173.44048860134797
600.2723955923905,542.4856185082888,172.51520274558823,172.8352390715512
594.8286390935423,548.4529790273041,172.48129039224673,171.4506783137702
595.2796138424205,548.67128235007,173.15798580604257,171.48095588920785
592.2521234529975,551.1533538949125,173.03612647517213,170.32777110391376
591.4638024707134,553.1713306429083,172.55983837370846,168.63285115912106
589.4616407538259,552.80641163007,172.5530710216314,168.78154278049277
589.6587159435292,553.2790762822129,172.65273262578614,168.352580974433
589.9011220713744,553.630665630809,172.55540697326876,168.0947030574543
592.8633516977454,550.1138990040026,172.84412077711562,169.97982885136548
594.6736915333539,546.4797590085971,172.47419840745027,171.47333707956344
594.736126899022,544.1674209989226,172.44936923632696,172.5371544566426
597.2953662898526,540.7547512960657,172.0192241771727,173.00869129016485
597.4921824088858,540.6105765868301,171.5062811307484,172.60264921309692
598.1219147058677,538.2872739863204,171.64733694686106,173.1090269018232
594.339953151158,540.621763840843,171.8554435545913,173.09271620468917
590.9117774954148,541.356321717361,172.29518459414678,172.722901617065
593.7723032858369,535.1234682681436,172.781636647198,171.97879819840773
593.3617509405075,535.3022718110411,172.615825645842,172.63188834232002
595.5937011156393,531.1974808578439,173.00727926718912,173.38801281769378
593.0775793068169,532.6445389848169,173.1315624416718,173.7447677895033
595.3597662436956,530.2289209794417,173.26709008447853,174.44771059000706
596.4140423665476,530.169469590532,172.98236669996265,174.50251676213173
596.1463267522353,530.2493377005098,173.0630624299203,174.5977499263386
594.9102305754441,529.161677205124,173.14638197985425,175.46072124658036
593.8335839709057,528.8033175287749,173.4027556385787,175.2617997097783
595.736341045138,525.6297555702681,173.73394325806032,174.83342828927366
596.0551088535644,525.6405707032075,173.22977846691163,173.86586346589255
595.9950120071867,525.6977709525733,172.89510396459383,173.7780068061841
596.5139538773922,528.3171360015139,172.60886231217103,173.56828011578523
597.0608079807276,528.3993436733815,172.563538157244,174.45808736150062
597.6571561921974,531.058493286132,172.46782072039716,173.94856109535448
597.2445972034849,530.4013702905688,173.27629024923746,174.40365349199058
596.7488682012807,530.88422685283,173.7121102351639,174.30690181396977
596.8732339551799,528.8651242830749,173.85120652226618,174.64036653693665
596.3224643205853,526.6573259768526,173.86065272901698,174.79859488101926
597.1006426842682,524.3650300266037,174.01452385579236,174.2287198000909
599.7582790163092,521.6989885778521,175.06653356059712,172.8102699014333
599.6962195885961,521.7359488791758,174.57693404565276,171.76720425275596
604.9728105330047,516.7616551975674,175.03628933370592,170.99181420030504
609.0452262738293,515.0411296365846,175.01826839493907,170.92162581375896
612.7273707042001,511.44217893376674,175.07786499378972,170.84611627089996
617.7715200373709,509.3958756280832,174.9731775810625,170.61558626887836
617.628016152569,510.536411234868,174.1110721685419,169.62882701606
622.0760174571146,507.51826168212415,173.66021784451613,170.17458955747583
622.3462014343586,509.1240059263947,173.37431233459472,170.8242761351462
622.233157526057,508.06783107073034,173.39435667636616,171.6559451279641
624.7773856579522,505.04550920588053,174.2014470987266,172.73658509371896
624.3277759368455,505.96333851049894,174.32108571389477,172.3781951052567
626.7500449942106,504.4639981990357,174.31532753504234,173.26508481986616
626.5269525080819,505.9685313997899,174.28114065987737,174.0226644847734
628.3132918367154,505.31383329824854,175.36099005245947,174.18963688856468
632.1066187353438,503.3249321045593,175.46114415355112,174.2409926889237
632.0500832325314,503.7117903866224,175.32541258185262,173.8440644747506
632.6106223224048,502.34521769913886,174.938282907831,173.95743949607203
634.0092990401524,502.1543022691353,174.83012642795222,174.2390051977822
635.7926460706374,498.4172442825353,174.64584529157295,174.69991660733848
635.574153926377,495.7107737175422,174.74817220604962,174.55258724685092
635.7431532141288,496.5091317984407,174.70533293530215,173.78203805272105
636.6854815038671,495.08396778595136,174.69657295047125,173.88360025768264
639.1246549504344,493.4198954762173,174.5362751980819,173.79682812729777
641.2986934548126,492.8940303654978,174.2746816274892,173.9147628264719
641.318962125087,492.002886602756,174.13112746905756,173.4152696700953
641.1651794659388,492.430588902434,173.7630077038171,173.17083730025678
641.4191191666579,488.94258363834604,173.74930553664603,173.24447196211912
641.7173677737155,485.86215772221965,172.72845034770896,173.6190675738638
639.1177782890921,486.4890991348735,172.93796593003796,174.09626092607388
633.9663033986225,488.32434938323894,173.10788282395046,174.34793643562773
633.8815431916199,488.8602054348784,172.89692986288944,174.17309617675468
633.8719584569183,487.2657723665489,172.8047716114625,174.10516517641364
636.8938637993347,483.96152863048576,173.28889458720218,174.47666410976217
638.3570351759315,482.9671845338575,173.20236652552111,174.23666996576333
638.6243227512979,484.84935633080124,173.8946069702974,173.69951637062442
638.3648393246189,485.123460835461,174.1576571074846,173.58929908770816
640.3996901268521,481.12630284311524,174.54627229509956,174.24419592775894
639.890082555228,480.59831695147716,174.95790147391074,174.45068721637747
637.6999830027132,482.9253104806378,175.14440052375863,173.95269628540228
637.4186767994389,481.7930089127893,175.13404208714854,174.5794264699986
637.3844432507339,481.63987027026656,175.16382696953391,174.77022959624767
636.7061545589163,483.4958854503147,174.8256692635331,174.88505160012198
633.1723118811734,486.43629553322995,174.749761931936,175.3366329433644
630.1702361837307,486.5094437472693,175.83592831813326,175.38998975033562
632.1843152137121,483.70074778079527,175.63937141326156,175.72675962125624
631.6512706839268,484.3581091841979,175.82312667049285,175.2301443739476
632.6438515479061,484.88333927638604,175.62939920882536,175.54776944405094
633.3918350781018,484.9101963373874,175.67944428722046,175.47908200487825
636.969066102137,483.43523108069417,175.7332679078325,175.40668848536146
639.8719754535135,482.17171379400185,175.35944984282145,175.34149395508064
640.1756440269145,483.21013801708796,175.00183695412474,174.82735379421547
640.1661468586183,482.9462968015284,175.2375339449912,175.08128664723483
640.3076328085825,482.26160152637306,175.444953630913,175.3451600575442
641.2156776458299,478.6776951434832,175.1598537698374,175.36641318921582
642.3282316322378,475.2404363018021,174.82110336962373,175.79721868746267
641.6152276230711,475.9068439909681,174.67927532773973,175.21165589570995
640.77228504391,473.89727271539573,174.11137835939576,175.35180155735435
638.1582414185618,475.358948014259,174.41239691388284,175.61005856420346
635.2349268040007,475.64138892563886,174.9111656515933,176.28649172051578
635.1658003713059,473.5166678922128,175.17068338562424,176.17522991203302
635.1142962659386,473.7480545527518,175.37592201033067,175.6754195683646
640.139449241553,469.386433658893,175.54197279555555,175.5850742002367
644.6063438450271,466.25007838627107,175.32807075682837,175.60661829470155
647.7822935079216,462.35203885405474,175.65801836581284,176.0616045155316
650.3870335168941,458.2289104669323,175.83084597895814,176.3985076326904
650.3695349111247,459.8254622199746,175.63655020265128,175.4235816873508
658.2477392796061,449.1278717267305,174.57735612356606,175.4632578632402
654.9675428976027,451.5848319801637,174.75884680279574,175.09275155940824
652.0578211851376,451.716653069881,174.43908530395905,174.67284293168797
650.2772732742404,453.16750417787284,174.48562921119816,174.3284168048583
649.6513478939744,452.88235452222807,174.49666114886338,174.6503145163544
645.8864441959342,455.80469999158106,174.41678854903,174.4790239423765
641.8017989180489,458.8763045859849,174.27089344474155,174.53907872807224
637.3617559456674,461.7716640934318,174.83878831767052,175.50801315581248
631.5977388553292,465.47318132135524,175.01043098179218,176.6179327679185
631.2920613017901,465.857447828333,174.97424036711897,176.99909178173462
627.6263484832566,469.31388892448894,175.12157745502338,176.5724500485095
627.7930876662147,464.99661889179515,173.8359726699488,176.37161273310124
624.996467858547,466.8658683988766,173.84977559890925,175.0172282704691
622.0460045646089,466.9836643695051,174.14623084607686,175.15882429016608
621.6943448039927,465.9213919750183,174.2465611784535,175.6091405490133
618.6343337451527,466.9305793667039,174.41220020384137,175.2988426569728
616.5852049008556,465.3118500121298,174.60993826077527,175.4673512698176
615.5352488977139,462.54536969870856,174.49738196475207,176.2329826900213
614.580727151505,462.14488193483186,175.07869712525292,176.52452969896726
613.7908264942993,461.90902702051443,175.4730754078956,176.51679294371857
612.3312155001431,461.68802492645585,174.7897492048502,176.15828490535057
607.4047957877243,460.35849521807137,175.0641970720867,177.05939699781254
602.578435500558,462.77058730735865,175.89380125948918,177.5933476722765
598.9775215799448,463.09952087865486,176.37250682943696,177.749653161615
598.1222779090936,462.85771666671747,177.15606057521052,177.9299229664295
598.9627191893014,458.57257103655456,176.5277712570313,177.8966154165246
601.1856974539389,454.4971901338658,176.41933190948177,178.1672290232324
600.3697018681388,452.16581535186333,176.04986339587373,178.00182860568083
599.5045871368487,451.80993014782956,176.15691176220926,177.81926591806507
598.7008235438,451.518918640688,176.17696555253838,177.6662587456204
597.7205622479272,450.84684343311153,176.56184431949586,177.91783495183745
597.1898573899189,449.05738420354703,176.35301477934235,177.1299016963074
597.920845489825,443.7969752086307,175.06392422961463,176.75400249402207
592.7797470706137,443.4219651785962,176.4301408355838,176.17635635562164
592.7510267361181,443.78030268907173,177.02665952273816,175.9803994454792
586.5136631604809,439.7557745454181,177.08583740010712,176.45483384755119
581.5719393105481,437.1840191944324,177.65931456100753,176.08359218973692
579.3003749410007,430.92711751466476,176.75460072714012,175.7285148639056
580.786213001757,424.047797405364,175.57750912942114,175.8678519685703
581.051537370876,424.14119090007665,175.30796136507223,175.51757337515423
584.066412479125,417.2759080162024,174.8415853371335,175.0351392372732
588.6297901151607,409.5979768411713,173.5902668504519,173.2197987061856
600.3095706863385,394.151625930715,170.70466394586526,169.995584300639
601.9631799474006,387.6389522137709,170.8670615904819,168.81338509065506
602.3226017292936,386.9544551932714,171.4532442350514,168.5201126225622
604.5431958450856,386.2973245230646,165.02147789120752,169.01285451356293
607.6149647029763,382.1507888804547,156.72110196544594,170.27136441585992
623.0742319468357,387.80545899038236,154.09974693262012,170.27045953728708
697.8901790467808,593.1941533874741,163.28139240995182,154.91844923266376
694.2705945622672,602.4001038410337,172.64590037545685,136.28360883069863
676.2415662661516,609.9477349625752,181.8149883066549,120.84086438834896
669.2328181342135,613.603067961184,185.29206260539488,111.60044742174355
667.0681385068549,610.5450868777691,183.68570818760213,109.8622553329504
666.5101514483887,607.5577661375312,180.31818219446183,110.77210723911813
668.2238932192274,607.8785200311574,179.25361717925944,111.20599807249545
661.2949205766213,607.2594836632628,178.84978597419274,111.12000565834903
649.830529878437,607.6341930694847,183.08919054666708,111.54156234005765
641.0705855978202,608.9134894122283,186.84761526499912,111.40696956575414
637.6088410766976,608.3468247131511,189.00217158999158,111.24850103400897
636.3883002501839,608.5196737493173,190.5385689240167,110.74606640005604
634.8400091362258,606.188633786428,191.58891308118228,112.52513398592336
625.6732392381977,607.2666632186348,192.51961004613855,112.81895651818112
622.2331663752939,610.9616918524839,192.1083209422543,110.63945454916887
622.0069782223492,611.596412640858,192.26480495265702,109.88320863459147
622.4348230151336,611.7635894624128,192.30710252293665,109.41828485836065
617.2515054832398,616.0730161597908,191.29046569097403,107.30726238579273
616.2858790310916,618.9589120328906,193.10948179404437,104.31483993361906
615.671750006744,619.0310739152441,191.33069899667976,102.70347866841709
614.6253800071341,621.7897059019672,190.44814173822914,100.7363909517435
615.6693360464477,621.7826603341543,189.8842299248936,99.56031436105177
609.7460097498556,627.3806862377764,192.02700807258867,95.96754246036488
608.689816219285,631.6467563710917,191.77117244290866,91.80229255536429
608.9179118532985,635.0116280444229,192.3470163334407,88.43434561336306
510.5043224115216,445.6279721805864,192.3470151038638,88.43434756725628
527.2774631591784,423.8364104666587,172.32459675139017,110.78093512172882
532.7068894113314,413.53317164538885,159.1993546595006,128.8401933571011
533.1211545875758,406.5392058916535,152.68055413855217,142.28804123617152
535.0041516511428,402.01603857313563,148.48984363874183,150.6679085033188
539.5912356423798,400.6409757974341,145.41719378499891,154.43519261370625
540.3058843806907,399.2417462726835,143.89926276338085,156.50224030129155
541.0014036342592,401.09045133297695,143.7214273360168,158.06096098593918
541.5632463668579,400.91735613139895,143.61912832922343,158.3722986491518
543.2424621985608,400.47235498280355,143.58528230290025,158.04873015900455
543.8718392138379,401.5230668899399,143.7244196520885,157.85095445249317
543.5813843297095,400.92303499046346,143.7930263739486,157.9480602476483
540.2667475366122,399.7102775070022,144.28422020138873,157.84828443710558
540.9562784554604,401.7177727744775,143.75872426507948,157.98391108880642
536.5942561210759,403.83573242721616,143.92188380115795,157.57108435584226
537.1125117951249,403.4015107748638,144.00958758280092,157.75249372305322
537.0034927612967,403.7156667053472,143.7427898843995,157.96254068700364
542.4184232967825,400.10903044342604,142.12157452009689,158.10724680424843
543.1339721893271,399.66170962948104,141.49370199445434,157.41696519037504
542.1395539867517,403.1061422975611,140.47925127560856,156.96265155988206
541.1534318950512,402.98529257628263,139.90424023100712,155.85491182224013
541.3606314760884,404.11649643183785,139.1756406947519,155.85364384922548
544.5094021602386,405.1649316584393,137.40699479461932,155.15827256103293
544.6022847489849,406.2593270821933,135.8762510781886,153.69394653351785
546.1026186520535,408.26734623318737,134.21418249123164,152.00962777663284
551.4327202320625,407.68612636878885,132.2868623306581,149.44258647569646
551.8701417948749,408.8698871355481,130.4434585359816,148.84329780095692
551.1492875127051,408.32356911309773,130.2939752982433,147.4251642216513
550.3668554704927,409.83269754516516,130.1515297506138,147.40118087104491
550.3641932299952,411.5478329277861,129.33979614768725,147.32472884455774
550.1797362205763,413.1103213874958,128.85132549460755,147.28372042405195
550.5324047184367,413.1440237131206,128.47917000223134,147.8820985044341
551.2476487240704,414.61847690852903,127.9305366188623,147.67412201385005
552.9017554894972,416.66154386423614,126.59097535084251,146.75059864929602
548.7616265986675,418.5970654886589,126.1374043095719,145.69373502636518
549.5848441031283,419.8573752010451,125.77320966330288,144.87990536236578
550.2259326287858,420.14962913772433,125.5383424296453,144.14315177176098
548.6875666972579,419.87689954139967,124.90871080751185,144.1523746893049
543.2214162036596,424.34831103920186,124.69840084431833,142.60922912875753
537.5650277537225,427.5720272021735,125.11719003526859,142.99532864090304
533.3517750288618,427.7666090107001,124.80729863108681,143.57824453106332
534.6895140401007,428.6517673717416,124.68865117295519,143.87139062030354
529.4457524267532,432.37144581352186,124.87906354244126,142.28902339164034
513.7504913909349,437.3845081410277,125.03265897528448,141.98913611339177
507.96156320151135,435.78762209058306,125.23661663524854,143.15465706297425
505.54753946036703,432.55502846304324,125.66313960767667,144.4421683623912
506.08127729943766,430.30943030303644,125.6343342828078,146.4393493275617
502.7432588707115,428.7063268539106,126.70036531129345,146.63009352051998
500.17144113303374,429.7801696110418,127.5445090711222,146.56110027685784
499.79603910681,430.4426085280177,127.51623223881117,146.8542948392225
497.48414542391225,433.9150638257222,127.28536411351834,147.6334549025403
496.6068553709817,435.1115792892,127.6844705642824,147.9057042962026
498.64483952393635,436.5104633688372,127.15511297387465,147.98903825483941
502.89012078703263,439.7163332857487,126.7119215271257,147.81780871371268
500.9203475042145,442.51394248416415,127.49541023757857,147.00090503753412
500.08191348766996,442.98389930785703,127.36690128653626,147.47357537538403
499.6624885051777,443.5778722131763,127.41409517449856,147.4202444850975
498.25223070326297,444.2720876122683,128.1593716863619,147.48220206460056
496.74992477299037,443.80602057115834,128.48904599699915,146.6863902269347
495.2085740804028,441.45265876912765,127.88459254805719,147.75664801002853
488.84594222303826,445.1071265350356,128.19611912590585,147.91802248270432
488.5192640644502,443.9710756092091,128.5872321759195,148.35270577660083
483.8263812893805,445.3122177597114,128.90683374786482,148.56852440374468
480.7299332278375,443.28456488371023,129.3121553968354,148.62063134475034
480.88702071547226,442.9556318099705,129.6136228501695,148.20401938428054
480.9105284450204,442.6908342778196,129.27844746623595,148.6340082437742
480.35369146627386,442.49488742127016,129.40624839855744,148.8559133489287
476.57463605275615,444.4019817147273,129.20919465953907,149.28822371410496
476.6229965423661,444.9606533058809,128.82009016508732,149.32758650111344
477.15102867520466,446.46367638814826,128.27208579944391,148.66975349485378
474.80534492625645,451.2265641383476,127.46826091456069,147.69779413744476
473.66088776738843,452.3111462590562,127.6561917327488,146.37116004742794
471.6118836949015,454.1390083875563,126.16981874127967,146.86389008406005
471.59540956304073,454.932427090333,125.79632308667638,146.7947334176601
470.44347400351967,454.41160297928786,125.2521679396457,145.76506823984238
469.8717028484048,453.5649331438008,124.2914967992884,145.1356392191051
471.3515342145145,456.18059690602445,123.31354600042746,143.73497988585353
470.61624293931163,455.3733087960562,122.7951544411696,143.5574218366132
469.21923375172446,457.39218429801565,122.87734546267717,143.26114645877072
468.69903571288705,455.73475349410535,123.01052513118866,143.12728284706284
466.83502487106637,456.87631992977373,123.77155686981885,142.1360204153976
467.7568148207019,457.6294714193059,123.82119066588226,142.04368588415247
465.2253870739737,453.4153075791744,123.729475889502,143.4537153891402
463.3395347619968,452.29389856520436,123.94576643256956,143.94336529287762
466.96972786791173,447.85300413717437,123.99496855466435,142.5155543014719
468.58122451202127,451.0747881308153,123.66829002585828,141.6097410302256
467.9271661759078,449.1343540356345,124.21965808829549,142.6427319675818
467.58859960328084,450.6705953013285,124.06780453668986,143.08774409746798
468.25187060691735,453.5651000415389,123.01834696310587,142.9202650523052
469.71673245160247,452.98277440181107,121.42377952058462,143.08841741306784
472.83514571575665,451.1992721230856,120.44628210322317,141.85644952532783
472.45370965274503,451.9754092128569,119.8602573201336,141.08091935436
477.65419075560106,452.0287842311481,117.7344660215002,138.3141388439377
480.3275966449602,450.6593719974448,114.97091747289738,137.34530324530292
482.8613447974947,452.7563730206622,110.95030634208554,135.50591266967584
488.55217854953645,443.1513066265695,105.3259729759933,136.39904864145362
492.0068601651521,443.68068335662815,100.97948587837536,137.1337889597283
501.86792079134756,439.51915387523763,95.1303323288918,135.06930386643788
507.3029342127015,437.6406817286162,93.07012427049169,127.44274732156106
509.7345353294698,418.85634841726994,91.87811565162438,127.71803568545027
504.6585150404128,409.96979977043657,91.90013625326623,125.10092109930196
504.4643646609332,412.91872370896766,91.54099514901932,123.12031991096954
504.35583678359205,402.30936273101054,94.8806588559582,121.41368549575489
479.21972443539653,364.0094208709465,105.64901677357943,121.24792759731459
462.7629910513082,341.49826973794904,126.84424731251244,120.16990804734368
465.01153855413963,358.6313336362224,136.7772668218927,121.5201010097631
460.6328289837142,354.39300908260435,143.46373569429952,124.66608733587739
466.30375188362297,330.0540008085829,142.35632420095376,135.88970500305288
437.1257268105734,302.8934860253522,157.0664257137244,131.963610575842
427.9409586217938,301.0888343319924,165.76209245098138,136.22077368430112
414.78487056626284,290.7218688333259,172.30528115528006,142.56138488090502
413.20199400026667,288.97765341403397,175.48372172950732,146.10626208386276
399.31740352721056,276.81838123571777,177.54599320485426,150.0777814621193
391.0190644219007,255.2474261275353,177.00478292024306,157.42535410247564
384.4310323379912,229.18424052239715,176.72545207201856,163.18948546785057
379.2775010008735,165.87218282396054,178.13743519955187,167.27930399175878
379.5028874418189,164.87455886342966,179.56712549696383,169.77511798015615
371.1141775241453,139.31345548459143,180.3501481194486,170.6684074204057
366.4332796747359,118.1234808773609,179.93556472499853,172.13818461322606
366.76284265559514,105.02019135363679,180.648935429407,173.94666114506367
367.69343179589646,91.47866106079913,180.8280429079818,175.54463902193882
368.0819004842309,89.57936567041325,180.93214660505987,176.03217278319968
372.2934693042918,80.2642516515619,183.28353860015886,175.70029527552063
386.04177631494224,70.90239590423101,184.01764427599446,174.27608111550086
400.405510590152,61.558333649003586,182.2833924549482,172.77897396891493
409.7968673044204,55.42336478555477,181.0153383974283,172.74038198808094
410.49257598033535,55.65487862775345,180.64034319021036,172.24322671069052
431.4871027426202,43.9107329325807,178.3674318387898,171.03811149795197
436.05485395924813,39.89887032410647,178.06981469737565,171.5210783865919
437.77214248858434,34.5374091471171,176.3619319148017,170.95534997834366
441.2127581045921,22.763271559191523,176.18026651748366,169.66713982246205
441.7095747195548,23.014379009545053,175.76406771676514,169.30347158109774
445.737264605166,8.364236635810656,175.05016085566595,168.3705926987613
451.36805279254725,1.0,174.6944509866541,162.26904753336845
457.9448466319398,1.0,175.14290421988366,152.30601605210762
461.4050345191946,1.0,174.14766206684106,142.49110622403205
462.46981385827615,2.4079187175682932,174.20047592567843,136.78483064694012
463.62348584154114,1.0,173.41503743794044,126.85509346959401
464.3338804953123,1.0,173.297710477555,119.21196549196061
464.1669171566408,1.0,172.74231040672746,112.56262774500378
468.64390292735436,1.0,170.9443460449277,107.92901914709395
466.6767094154095,1.0,170.3901284667934,105.24017998451133
468.9231232717469,1.0,170.30120278943593,102.81546325721463
467.81699465763324,1.0,170.03094613277682,99.69360938904143
466.644532961593,1.0,169.73496002002827,98.15001857330348
467.18644281368614,1.0,169.34350990029802,97.4264595924174
467.72389352078517,1.148794458227492,169.04614100562395,96.90218871472217
472.4542745003065,1.718129884284032,168.37598355040473,96.91804444293764
478.033376113337,2.0847814111175325,168.29054082395675,96.47879764449223
482.71164189150375,2.116698835949407,168.53303883599204,95.85600964752065
487.26776021320217,1.6495256189196752,169.10952734365682,94.42157566436879
486.89987215879523,2.837156312944799,168.36607657748434,93.84333382182467
486.73136419199113,2.671033922328661,169.07540073939322,93.94474921664182
487.14535725041947,2.4366509211645777,169.61870016626497,93.9849019851018
494.38982060567406,2.6420639630595133,169.86514574151252,94.60710159977101
495.81221879016533,2.791159885499269,169.787133728515,95.79440862702685
495.3548496013312,2.936894406529042,169.80826611358805,95.88071289679777
493.35389444848005,4.317838992900342,170.20895009118013,98.25083895185463
493.54486111718415,3.9420878763829137,170.24386606181423,101.35779748433264
494.513001775803,2.867487003640065,170.15958883538906,103.48972636349785
492.78434296758644,2.7568472090658034,170.53308524234825,105.24164574620401
492.4175015881292,2.324173790538403,170.64806042302664,106.08895061262746
493.61512891909564,2.553402608698292,170.04702106637674,107.34694461446173
492.26698323909545,2.499962273548803,170.36567086289776,108.02550237572348
491.4149340116234,2.0835531600480905,170.46440800041944,107.907881257562
489.93362081955024,1.7684583455757732,171.16248214680104,107.32279685679742
489.7537537269361,2.063144027228809,171.10216780777364,107.17377884215543
495.0156436051362,1.0970520571807754,170.55288680934555,105.90760214221734
500.0876723406833,1.662843057396735,169.67470628288294,106.31562800146428
496.3058350652147,3.4987383783757693,170.36458001488916,107.65892115596591
496.79898291502184,3.301202638407318,170.3185402007345,108.46018666346285
497.0666580802969,3.1451915073169303,170.06797628289735,108.73296247690297
498.5545656595323,3.626357374394381,169.68624533838937,109.52832158424644
498.46017492295533,4.646544918644359,169.7691014003932,110.67233750640588
495.7594126452445,5.116313746202351,170.232779558762,112.28516782223005
497.41160871140494,4.771778507951375,170.06672354903617,114.39518656698561
496.6589420474972,4.877071335650349,170.2916531240691,115.29205032815656
498.9096075513605,4.326501160403154,169.86778771128343,115.56009176754087
499.35827393769256,4.803455502113458,169.93394975480226,116.50934436841825
499.93582923304535,5.528159320691813,169.78793534587805,119.17158156267675
497.37272746122176,5.447445996258182,170.34257253977538,122.53658990701211
497.2475331712469,5.394241839575486,170.31841311473255,124.62710359813744
497.30283263277755,5.50038294234956,170.60376459988615,125.7732886621234
501.291781452282,5.2019442339720285,169.39354791576048,126.1829371111273
502.9871031158888,4.541914264400418,169.5148735576334,126.2632462907815
495.4949266359986,5.244312560745534,170.84925571914414,127.20814036265698
494.8720918351433,5.133700044581104,171.60037232904105,127.7702193635082
492.229355343168,4.837463511466019,171.92727699458538,127.66220140931465
493.799222861839,4.577015961433318,170.9245264042495,127.66463148474233
489.3650355240341,5.368681531114234,171.5923763196096,129.46368270743437
486.84712939582215,5.684870788219129,171.40208123351962,131.48582581463506
487.4313072193139,4.751171334047868,171.02788402460578,133.17116861483677
489.1272514451616,4.3775556434955405,171.0155700185923,134.5969604569589
489.9787861850147,4.214110243888797,170.04885981949505,135.58849341847855
490.3797227663981,4.383285471367458,169.5877537083543,136.34240686263112
491.1121135004323,4.616631082060309,169.3707315645691,136.56063169702406
490.2498741757314,4.863275529127563,170.15256531376718,136.70937620825617
490.37966934237517,5.3202688695711515,170.0833220356161,138.1433759496605
490.974813146422,4.748056074589627,170.23202472495592,139.74953508462244
491.1294609271656,5.441995391466179,170.39414704328578,140.98267457910688
491.1404088334248,5.240634870850172,170.46678682267793,143.16400351199883
491.1225785929648,4.946104010464666,170.6130523738555,144.1334301589036
491.0368038758746,4.875903356118997,170.5422448635033,145.1853525792483
491.10950517714593,5.100567073624774,170.87820628228997,146.35159230281258
493.1308401140544,5.217602450091604,170.73300247927705,147.00681104298343
495.23790376909847,5.999556122383439,169.91246307100738,147.182644075824
495.05911925140924,3.9544801783166292,169.9360578298297,148.83211000911965
491.1535621123717,5.694576325283407,170.1360770234167,150.24611113292323
487.81630862171886,5.2731227381338925,170.44936746237286,152.94684673544634
490.9530372444228,4.752160785212311,170.08663197836168,154.15885123344918
497.64364110446223,3.0154683430697418,169.6925609936585,151.48828308487157
498.8327242262352,4.185277071700511,169.05383804610875,149.9991679199903
500.73248061679294,3.2544918572814225,169.2652740150193,149.3891010301501
506.24054172514377,3.6328003036525303,169.5323141618053,145.8590179218155
513.101509643275,2.3822509819059547,169.15125555707186,142.0993507388065
514.4002845848152,3.1244322721314433,169.57759485793883,139.94728540594517
514.5746492040972,3.4870978987461143,169.49673582680455,138.97490436494496
506.9241802636323,4.050550927397325,170.93668637112356,138.1245280602862
499.56206025587795,4.30287216543303,173.4129622907104,137.7051341479127
495.76653927709066,4.000953236608311,174.10155611953553,138.20999841536178
504.1180085489486,2.733938315165858,173.96202678487555,135.51596794534785
503.0538158700838,4.088750771783566,175.31908064987562,134.46979417090714
509.12041820109175,4.1041960215942055,174.3229479507911,132.35186735012817
515.1760579950576,3.6196320047684765,174.3432061408178,129.79780402902162
523.0724326512767,2.374364136311158,176.30954853798377,126.64326783113157
531.2259178124476,3.1307889209243385,177.42431146444665,123.46041736585369
530.4956337361473,4.47562145917783,177.61856461734578,121.96338749042388
539.5896542229692,4.786907504185514,177.93273300707597,121.39985939069096
545.3428075944927,4.336322507654863,177.29458303935007,120.68149007487519
552.2068471702003,5.2096821942871046,176.20766819992824,120.99484294959903
555.1555726173523,6.082380004934819,175.745349380254,121.8997098515778
554.8486353510611,5.351038885392001,176.29375492016445,122.67498102317643
566.557678583026,5.555584564714998,177.68875558703496,122.02321817504072
573.36168246844,4.839642671443158,178.4465990308746,121.17954542119736
576.791876487963,5.432346096390468,177.06159278505805,121.27818566762362
579.7807383720854,5.7196346299467535,177.53947461205178,121.4344615031504
579.9175049813518,6.015216574415902,177.9623649901523,121.24756286644191
587.1734752854893,6.265924616827135,178.38029496379215,121.8824223078883
588.9793342223667,5.928319717766399,178.32644565171785,123.66107741567257
590.9374423347241,7.336746609588346,178.2775799120863,126.42327208331827
598.5260415825371,7.139645563414177,179.77865361573117,129.51325855349262
598.7035243452478,5.173293825840233,180.08542570014794,131.45120731057833
610.7339775162671,6.309243482605552,178.83728092822307,134.98734549437506
614.0796558355428,6.342513137069602,178.27079111103268,138.5026739124089
620.7163606015365,6.474838402927844,178.12860051781115,139.9107096490931
624.8654694851666,6.8158572838542995,177.79141029461871,140.83413294979943
625.803713205902,5.596712732316405,177.78189918035886,142.2033897874809
625.5272121445887,5.37357219860688,178.40040721226137,143.67335663094022
627.4569769438326,5.4422936343651855,178.94542856686093,144.20084441212808
630.8707761942472,5.3516550086500985,178.94524393486054,143.48065502620335
630.7117446066923,4.8075884780570135,179.9041603313325,143.85187029216192
630.5812158039046,4.85408311251129,179.6521448248961,143.82091061289958
632.0415698864981,5.0518210752275365,179.73359272716652,143.60218161645977
632.825090882347,6.266234565698426,179.8434967815856,145.866746860433
631.745167924963,6.514288814761727,180.4556905942309,148.96544061934674
633.5244264002677,7.027532509913314,181.27280085846743,151.03627700811404
634.3288172145844,4.452273304974497,181.62622730948226,153.164790365731
637.7480297071959,4.928347668959418,181.41940113430417,153.497495320212
640.5200906622945,5.6080668850900395,181.48927885720195,153.93774047418276
644.5498420943732,5.219006462419713,181.2609363547274,152.9568838431085
647.9312344719594,6.2375758343315795,181.1560843370953,154.24325019173062
647.8624324781507,6.372617484454693,180.86676758693358,154.59685811620673
648.5149764953655,4.873051265396228,180.5981804254301,157.38881925768348
651.9406694977024,6.974824395327445,180.8857805344634,159.59800454899477
654.0395494894798,4.94858949578537,180.94150116286124,162.34006139184027
650.8247396588466,5.435824109966049,181.51120203713705,165.7417667077412
651.7675455681566,5.4083340575651135,180.97494023638038,166.70201051502193
652.0199801585967,5.587647525204517,181.17396976954257,167.46244126877835
655.0750954476263,3.335705615183187,180.95667365582113,168.65184392031787
655.4462605314905,5.346342878600538,181.76799489266566,170.29542854524365
650.7855837661958,7.204865645073397,181.00900866519285,173.48451491689127
651.3046420394847,6.030502921363677,181.1889026444098,175.00143998399437
650.3466883772252,5.041563558062052,181.76854830900606,177.02959622153264
650.7932045576164,13.300079783180664,182.46017385819337,178.70878314930584
655.016781039551,16.25113971248119,184.0334964421657,179.92884164499714
657.485292474282,23.731814459542605,183.89070039226124,180.21569342050046
658.0503945788134,22.56515744291478,184.14174031932504,181.23346992683767
656.7744975271399,29.819683751486167,183.56466868024305,181.0062061679999
660.3487920012542,34.495993552329,185.5199833685495,180.41450277102538
665.5453949553666,39.68389495210765,185.76162576353207,179.92263353291608
668.1618981519795,45.34746632246288,184.08201206002178,179.9002200151288
668.8371823046225,45.624690932700716,182.65224145501645,179.89804407389417
667.1482120080677,52.34496104080307,182.00087612466038,180.19260784851906
665.7898614731438,59.22619919568797,180.93725710458443,179.0023360755472
662.4372058364348,67.34141303275898,180.2059856086136,177.9369942146005
655.4650406644032,72.91743126108318,180.82027379283937,177.68799368668283
656.7655962344331,72.54311502200424,180.95345455985264,178.6359008869413
648.7947927053967,76.33923907081774,181.1486854475171,178.4648329860704
647.500248759225,75.87293278691268,180.33630729001817,178.9126251419405
645.1807102451434,76.39722218296275,180.2285673671132,178.816161377248
641.8382992379751,76.70249473810416,180.21534886114569,179.38299270036023
641.9067243138646,76.46957402821994,180.89689810848023,179.80468403838182
637.3187620508639,77.91465845667845,181.29969743846019,179.91584320863936
636.0660947154615,76.77275575906651,180.959637843086,180.0370435014495
638.1137411214577,76.96049123825924,181.37993247679697,179.47101880280684
637.5956238971874,78.9651676543589,181.04852244989513,179.49591910514087
637.5611864254831,78.87574324772491,180.4474648251622,179.75911459574948
634.8741501613259,81.63110469818264,180.41491742889212,179.8299090821086
633.2328315224877,83.76019194744963,180.48846456825174,180.2056412444651
632.2363794224201,87.33040431750229,180.84104938996649,180.14600297274586
630.9606734054619,91.27582049083631,181.07793984431305,180.34162652430092
630.7540929730371,90.68082392155638,181.4118577098235,180.5710853000247
628.3515643275603,97.75117872710004,181.65860042259055,180.29848682096508
623.7619448347796,103.04535320875958,181.00004674696885,180.1999020300277
624.0627306019084,105.61343611852976,181.84153115158165,179.79040798373535
625.065927346515,110.56011526164308,181.26941071909138,178.90883992088308
624.8621601046916,109.70794642813232,180.38551136685845,179.44071601837965
623.4994816075989,114.42963523918615,180.1697233177831,178.99685886583404
621.8249372961917,118.3336084253329,180.02107766131206,179.0349334436337
621.5406807340736,123.44338417735972,179.8203542030508,178.48819358667015
624.1817181563271,123.57148147226496,180.5039869591119,178.52071894451785
623.8196035665324,124.2174953686767,180.3305253703292,178.25630190771668
626.1776395061398,124.71973831864516,181.09001656866482,178.69912913640897
623.3864004473967,128.76251969760563,180.58951604332285,179.00159664288165
624.7438047852672,133.38452513916224,180.79786490311233,178.00994395409305
629.9594678521673,137.39280477389673,180.32405938859813,178.14293855395198
630.1973313093331,137.13543728585785,179.58041177649739,178.93518781947648
628.2202819563927,144.5416192887144,179.39298853009603,178.1696709906366
631.2352749694024,145.47211648531749,180.31493860712075,178.18743499733628
635.9413608321942,143.7234560676581,180.3308244294581,178.36274575828966
635.8806826459253,147.46000514246867,179.8566838190702,177.97676363375538
636.4909924734118,146.39096304499154,179.79961606908824,178.4000099312388
634.6555946185598,148.54873026019357,179.48576813627378,178.05448122897656
637.0024226235777,148.32359175428147,180.13768033945502,178.14443492367877
638.3127578438605,150.40085296032865,179.93968318828436,178.07702386989922
634.8343631521591,156.5740069057121,179.6419522306195,177.64683906729556
634.539339572288,155.39429290412548,179.38811750800286,179.03184312630395
632.1394868405444,158.80224747296919,179.57520353399912,178.6285127274091
631.4976268506153,159.6259411475456,179.58390279350002,179.492056579032
631.3117269082315,163.15615790949266,179.35358263527243,179.7923953801586
629.533525746254,169.68478654401883,180.08779264809755,179.64439740161427
629.2703967431693,168.73968188468035,180.29453885502647,180.86187068306734
628.8857159795107,175.93545185565873,180.18153652810753,180.2039688316459
628.7397765061254,182.4468356339217,180.03361624878033,179.43030549203127
628.4787905897085,191.27034096124845,179.4638390800218,178.80264402727005
627.528962481602,204.58561314219753,177.90037194344285,178.8094637801222
627.1270862827494,205.96063130801167,178.8016850366508,177.97038705806904
632.4235487466332,224.8792846186645,179.23387554476633,177.51864475489452
638.3231701844098,233.87243405061378,179.46991382063896,176.46558266447872
645.2014399103305,241.02136445256184,178.42979454649617,175.02393396658445
649.9121212140453,247.01234632924337,177.92940655595953,173.31102520474587
650.263867394833,247.48168440779295,176.75155034643288,172.3598051261279
655.3137242880737,252.7951581705149,176.60369152206016,172.20674461303423
660.3134361734109,257.3817776331005,176.0073074778424,171.75584908293024
663.2576539067172,259.99622623359187,176.08724157959347,171.6827402883281
666.5546477984357,265.312674348928,176.07203066113408,171.98718960072733
666.4007031719664,265.1311311622468,175.54640592609405,172.49168313595754
674.253337089836,280.5659948576443,176.3664720821619,172.47957014932274
679.5879927243368,286.6945970045299,175.96205748388468,172.59502043023176
681.2225494197698,297.3288441245311,174.48703118339793,172.98893677210768
684.2395638064379,309.9933509148294,175.04490676027154,172.04124438797942
683.411829469424,310.2200937201226,174.63283552743954,171.41151866865187
690.766451985674,319.0401909236376,174.1579160697682,171.45381818660005
694.2328737919504,326.08207229451835,173.64931079840298,171.46287291687156
693.2537240396289,336.190254432396,172.36787923233962,172.02021176125766
695.8352208915753,344.24808660967483,173.01058035327964,171.5948239945779
694.8429760612846,344.99657608972285,172.63235090151684,170.5776448280267
697.518342979596,350.2428272355336,173.22812740651938,171.35161630109593
691.4952073866534,364.0286122839972,172.17165493417346,171.4818214125734
688.8046259197487,369.1843408410595,172.214826433093,171.50602578263738
682.702443947545,376.7119126777466,172.99320968703955,171.86886941917547
681.7437071578615,375.94148412599407,173.1514194318729,172.42983367925882
677.4586406633066,380.6430390846492,173.65961929998082,172.76655615002184
674.0366722950727,386.1287081146827,173.7454533303563,172.26983322586005
672.0326078884569,387.5961099391959,174.4907046523624,172.0330816344224
670.9014114824726,388.56390214744715,174.3742324274054,172.47971378050917
670.9000661970249,387.66063607695816,174.3274355584341,173.4738653178391
670.6596741520427,385.84585383513377,174.3407315413853,173.5636613374839
667.504441564803,383.51289873952413,174.22496308217092,173.10765376893983
664.236536454296,382.05353229967517,174.24712042653624,172.01153820336356
659.7833661928681,378.09778192976546,173.50853016802233,171.35865899782283
658.1090554593252,379.36499483063955,174.0625448800502,170.1173330224069
651.9405986852971,379.3329503055649,173.77246643434495,169.76602747356478
642.027671008048,380.1160547035431,173.90266992001725,169.42055530147636
632.6508861846887,386.004394806159,173.39672594436382,168.85537007582428
621.739301736484,392.7904319302968,173.15633675052936,168.16879189159735
622.3917357197452,392.12539202800525,172.64467411605858,168.64227760145502
611.5360730827404,398.0010615220175,172.59717097271584,168.4679012547799
596.373264863044,403.8318672879665,171.7007470283343,168.19825453649523
590.9587122968957,409.421112620444,170.38055673925055,167.9740942445235
587.3355947258958,413.68649823466814,170.182064385177,167.49755641331538
586.9372203784956,412.2771383961683,169.90448791275978,168.52969828851514
585.7312248561491,413.53188807183005,169.7478599259129,168.13185742105836
580.9388447969491,420.1515224380049,169.1709984173075,168.65494445282542
576.267503464702,426.15427413746346,168.62037668952303,168.482761460536
572.1000268675559,427.461543248872,168.77394654875266,168.3024893821233
572.3147367319666,426.7390754140473,168.55339044914314,168.43372759897022
566.7516928970201,433.5059845076267,168.62259661064584,169.00913369721556
562.9130758158747,439.33817219356376,169.1952413037021,169.44021818783312
555.2660161635633,443.7591672329009,169.7326902751828,168.95606431470864
554.3865373872104,441.06003073772246,169.6271170556624,170.19528075619306
554.1392092437609,441.54241077966003,169.5939928345739,170.07821130361896
552.6236649145396,445.59063212881154,170.26541015084152,170.61687190989412
550.9413214632182,448.1371975451751,170.96008415937592,170.35632342343962
551.5490285400562,449.6051815167998,170.98457071495113,169.71851509966547
551.9805568461893,451.7143573552586,171.01107641258602,169.76855815986116
552.6489108608267,452.0329326385772,170.82679600201806,169.71167484916054
552.7743904206568,457.911617845763,170.37713857724717,169.85578107061974
554.7219202641778,459.90546238857087,170.17753619945034,168.46341273860506
561.2852944350143,462.6205151315703,169.72029190113932,168.16993480280053
560.0769246878376,469.24748063569984,168.5444103499102,168.04460418068192
560.0602612854133,468.9904551722415,168.22373646844554,167.7162296213841
560.4112753787609,472.0796917016985,168.10317528856584,167.08283045617435
563.6756235343337,474.4066439293375,168.04870956469904,166.8409099803651
564.7503159575058,479.15274219134506,167.6749849444888,166.9922423794258
564.7839344774254,481.6765950473301,167.62985310961574,166.20011532608527
564.9433275989811,481.5881162420761,167.02974309206445,165.74608986152293
567.346639162159,479.1874296723628,165.9108235805514,165.7382870293318
570.7415989957096,476.83544922224064,165.38196176811232,165.43173703918092
579.654662524332,473.68337859857087,164.31767060315303,163.43407840417296
593.7718368438015,464.8499005580188,161.46256537986815,161.32459715144972
593.1146895807234,465.01675395647464,160.41486797589855,160.03216495051447
587.8646619369197,471.6195210355442,160.28028472413013,160.36651011721426
582.0226419531909,481.8396709230884,160.72223259219686,161.49940705377168
583.0725540941594,482.3030677486649,160.5533100562907,160.95680867917883
584.2613633844327,482.54883445059517,160.22678272769016,160.52542510281833
584.3232409968907,482.6488179333129,160.8316504377019,160.712453867085
585.0457183828704,480.744469268452,160.1593384347336,160.55574860059528
580.5199860984459,486.95671857135073,160.6187645730483,161.4636345624826
576.2502974495635,493.18446330158554,161.0112818652173,161.34897300195706
572.8075239053816,498.6546991485604,160.808625740746,160.43524824028205
573.0408564897247,498.6471024592365,160.068097084765,160.1843650329895
568.4144130489328,509.88585820223614,159.5329272649815,160.75172451336084
561.0713738290077,524.9943577375388,159.4868162306765,160.76743991534576
551.9294002440856,538.5522570812765,159.37785849439658,160.97646361604978
546.8457707444263,547.7936308298913,159.9075714253077,161.44063465135744
546.619702137923,547.2794597750714,160.5200141067461,161.646301220299
550.7675360683563,553.2507157808412,162.38321839603373,160.39856271248465
561.6287108305486,554.3104571895736,162.0283404149492,159.29971867787825
566.910317028372,555.8668816556399,161.07419416269772,158.2785778894974
565.454639800412,562.3799559837561,159.68157820073847,156.76431509208533
565.7185854919805,563.2768460291363,159.3663654975636,156.39380595385086
564.3044792658766,564.5747491359979,158.89949606732665,155.66913017147382
562.3363898986917,558.8880268644015,158.53771919421257,156.339816865023
557.6487894701274,556.7880364637851,158.31020945924686,156.76212685554862
554.6961794038154,550.8581397843994,157.19741525580525,156.2488695827145
554.5797851125341,550.4295481272068,157.2181881064286,156.32626263154617
549.6440507997993,545.1500783059361,156.68707341170054,156.4650262777261
547.3956655810364,547.8304457634333,157.04068634939836,155.21065672736734
548.19699799331,540.1326020160657,156.03140113207655,153.37146932653798
549.0366212088536,534.7404904578632,155.2311239817116,153.48098716861955
548.9343549150838,535.1644540416889,154.77524708995728,153.00148931045118
550.9057480682679,527.6275856157736,154.41497421859873,153.0560440602029
550.5296070978801,524.0642137988032,154.74428501821998,153.53731016008817
553.6687681138204,524.5622398511016,155.9473796919039,152.42881128169176
566.0591221247307,519.1527657968807,154.69337684621516,151.19760612311796
566.800964769106,519.6133779538483,153.92977431740303,150.27652422152872
572.6702959346452,514.9023595215606,153.66435964253466,150.66823262034353
577.3707286117128,517.2023035569438,153.1759431196051,150.30965658892984
584.0000587985872,517.3596834138849,152.37167329388643,149.6922969487253
583.8442607269207,521.166988633145,151.5101166544185,148.52565589684363
584.2949803338133,520.5851154133636,150.55366332683124,148.87621722203303
574.5055192845145,530.0264708716604,150.49795982964417,149.46909213182767
570.6422063092211,527.824277759099,150.9007992662594,148.8845222908185
571.891797548831,521.0996528766003,150.9560092608786,149.98744346541343
572.1450976859868,524.1502856998351,151.56403307842146,149.64570925263138
572.5031299687735,524.1666357280844,151.0654812685024,149.2856928276008
568.1745056007219,524.8132303955201,151.2878500486916,149.44996625637214
564.2296003661454,524.7307177868926,151.24162839674563,149.80624271240885
557.4968512607493,527.3707459034567,151.21564028017679,149.25267958878922
543.7904564396674,530.5131319064122,152.25721181821098,149.5884068014181
544.6258225361887,530.1410378019938,152.25383949924628,149.6853914294231
543.0713336203327,531.2039272307582,152.4966446920352,149.24725721915695
552.0870372467743,519.9833436408888,151.18291009492435,149.87807570774333
554.1081090840908,514.495059527605,151.30956336712472,150.60590532146762
552.7219570776,514.2314433514163,151.75289947137776,150.7790214841062
551.6530693158006,513.4033953045628,151.7716776942867,150.91812482359617
550.3103057623457,508.9595989854412,151.65340980152183,151.22960122729114
549.3385726574088,508.1348152311416,151.59375103525576,151.71520564663888
549.4419875740992,516.4837311992147,151.67825634899282,151.91171923305748
554.560608892889,520.384990379252,151.8280782880081,150.68674695001164
555.306025223796,520.1902536761196,151.4053638841988,150.10750060717947
555.8430281021427,523.5051167012805,151.67012414124744,150.10834485559943
556.103105175728,524.7622602500254,151.7954610642419,149.48648210178007
557.5795166345112,525.2877870569794,151.2365433589996,148.8441688429688
557.4768811073264,530.1433290985568,151.06748138454486,149.08630710423265
557.6982174474344,529.8864378913223,150.90291495797118,149.04322337562124
558.7304303704727,533.9316074098948,151.0004741639956,148.48635746594496
560.9044275598276,535.1519427490603,151.00657184981003,147.8863624996842
556.0668141800786,540.1111657827481,151.38614989783753,148.29846740731074
556.4431067437512,545.1483269019005,151.2200037097511,148.86471871656877
556.6875439067996,544.8252163066546,150.91064366968817,148.9911092229799
559.0485366417541,550.6412598160517,151.34912321310267,149.31261157234462
559.1382630880502,554.1976319928214,151.36170833224077,148.89042476731638
553.1606570533071,554.0118900264662,151.8643491287719,149.14055000533094
547.2550386788786,551.0369209052283,151.89506774305946,149.022676080075
547.3031597575797,551.0137374677497,151.58403326444824,148.61745845948226
539.0888878462595,550.2405609471679,152.83737095550867,149.1551701342607
530.0152260826018,548.6361042830354,153.90498329208953,149.40512788977105
524.0340599358208,549.3134485892435,153.3686478150911,149.7257361234409
522.3423012537929,547.9886097998437,152.3893913594045,149.2460468587283
522.7026671596005,548.3156428436226,151.7750658516991,148.83372679731679
522.7784886625227,543.6853921355789,151.32624686067578,149.17294870537194
523.4092215558135,543.13052265588,151.16951778438147,149.38186256317798
524.1775473153964,539.3743893247199,151.24635433663383,149.57301105828356
524.3693237374379,534.1864605061704,151.30002411784065,149.59699269056858
523.3407079003067,534.6977487222226,151.68857826344137,149.48729527229042
526.1009549923623,529.7911425694319,152.0284893764388,150.1205331968142
528.1637518904215,525.6516216825905,152.22636660557362,150.7078762096308
525.4090447112447,531.4485939632333,152.10457986734488,150.80910104184704
522.8942007483271,535.1784069320056,152.49084164897099,151.02319684385895
522.8491758454427,534.4354049981673,152.04234533883186,150.86310829342145
520.219332529978,541.4764400572689,152.2650581783977,151.36304063486614
515.1638254619222,549.7086326097242,152.99904698331252,152.15820602918586
515.1055805924674,549.6074108525584,153.0087895381361,151.6247942553835
519.4796400837249,547.627956084539,154.12541453275145,151.73897869790798
519.2149201561883,548.0933026993874,153.67939692766913,151.0624670304297
522.2417026558106,546.7542221989476,154.2691078240593,151.17508734483332
526.6231513040927,542.4280654490144,154.7023356937166,150.4944929768116
527.6123430978471,535.98256032243,153.14844264091994,150.7000046781884
525.9776154034582,539.6366990661711,152.5845224218846,150.543522699047
526.7322759902024,540.1129132084095,152.5368862983083,150.4636357993524
524.3018625289054,540.1632260009033,152.57651896355793,150.83466921118625
523.5435876593853,537.5432653610924,152.11836026562992,150.6824897036419
521.9439144331895,537.5435333259989,152.0836129664751,150.59171120507807
519.9889411320625,540.0031158367964,152.5033152984263,150.39785626172943
519.0832359611552,539.6880333135759,152.65983431533454,150.62544943797883
521.5120622476759,539.3188279557183,153.23412382524154,150.77738063305122
522.6876782740011,535.7358032670456,153.3343291220736,151.0122586635796
524.6047310594365,532.0361758053318,153.96936298572797,151.12886311023527
525.3877181580687,530.0956915217434,153.20544736359784,151.09318248415047
526.0933853596264,530.289589670261,152.99110357875554,150.7931088606051
526.0679023780883,530.9865675175066,152.86406028254044,150.6148464087818
524.0463232788563,531.8826687755901,153.33706678196853,150.58776129097924
521.9244556907906,531.41647941749,153.7211198891406,151.01224037785315
522.1875135198898,530.5870816745177,153.5714150849445,150.97255322272017
522.0770305436081,530.1196510943967,153.40621933565498,151.01036024644523
522.9582199446419,529.0473897365612,153.46784584524858,151.0030125070956
522.2936720234594,528.4832312202939,153.4091039960453,151.20033676842377
522.2209028520963,529.8941907809541,153.22982173807688,150.918590410813
523.6601277463843,530.5562857797711,153.42407908760242,150.30306081464312
524.0000609016115,530.0832045251279,152.77460124878058,150.2228666070047
528.1730041325951,525.1073521404271,153.319280367921,150.87188749334376
527.7112863717061,526.4046738241377,152.97754138717767,150.49506962365876
527.9105287303662,528.2305208052044,152.9873868324595,150.1093971201457
529.4194593294226,528.7360221378439,152.6606850471826,150.00588685883355
529.2741629144095,528.1843448415598,152.30120483075152,150.48795084101786
528.235551844265,528.6601930915763,152.18802740010244,150.37173752893057
527.7716275363988,528.1725650592153,152.08834778697792,150.86695937814426
528.1439693689952,528.7304814910822,152.34096628703765,150.72792672676962
528.0406263376199,530.812766811384,152.59244031010323,150.69878230687908
527.8270586419633,530.5104234580009,152.66951374790477,151.17446813423393
524.1396908244445,533.754694516099,153.34236467101272,151.46492078121295
523.3842833384183,534.765063772728,153.67467195594932,151.22744855125922
519.9699025330633,535.6370221684779,154.26786257576083,151.33727949528995
519.573064981547,535.5073916186876,154.0595563358779,151.64458532304678
519.8371628320983,535.4764897132499,153.99991348410427,151.6718129592293
519.6545690220623,536.2679123112356,154.2193924306406,151.45480524518393
517.8095270787238,538.2385336415223,154.24915381739805,151.0282582992396
516.1503604213891,536.7902359887224,154.33482156816734,151.58228837286453
515.8822238669418,536.9149730704003,154.41660605764972,151.8656138235116
516.0162110540118,536.7285411200354,154.29945641240857,151.91496514355325
516.2928143300489,535.1471330261875,153.997070830699,151.64945324720898
515.6752361215522,534.8886366658556,154.0136589088937,151.44221798106727
516.166665810762,531.7915787935804,153.27974648221965,151.67196533760546
516.8271970526147,533.725568005544,153.75945917961673,151.07943470685134
516.3688336866401,533.1436437118336,153.76729424303778,151.23839641851407
515.4175742332093,534.9118224014186,154.1194019258316,151.19783576327774
515.7041756175088,534.7293381170497,154.04842821657337,151.40885571166572
515.3243803227223,536.7948624160975,154.19348195293645,150.9999480187837
514.689532052066,537.7586212087656,154.5657417466985,150.89417688767426
513.9339843786831,537.4992977525314,154.54140343222707,151.1308598604165
512.5563430608291,537.5432942492452,154.4108836461769,151.1830015177923
514.2823321312801,536.2302321584779,154.54617464805335,151.72503571545252
515.5368955474589,536.0739965556108,154.12960933614283,151.59192180114735
515.4929929588213,535.1289574294627,153.91156969977567,152.06350767577803
515.3495295561934,534.342811595156,153.86522041315664,152.2866758877882
515.2424509714026,536.9976609289859,154.18073423889092,151.83832641705897
514.8309094476643,534.98549707818,154.162158819195,152.43259667110323
515.414132631728,534.9288667245013,154.56191649042697,152.39795389152945
516.1648083366762,535.034129487389,154.59439195148593,152.2244193754878
516.110998201593,534.9869358272116,154.60875709913478,152.35787265733603
517.4403256016508,535.9381681438589,154.8998945155601,152.02318472862012
518.9420734407444,536.9931118312309,155.13868268938103,152.09384474746867
517.4446413966823,538.5791386924225,155.094165969607,151.73319773958846
518.1348343334498,537.1296388103748,154.91275809446557,152.07567969177168
517.6828279321829,536.8569288234753,154.8988524514154,152.2516685541607
521.1174898302654,535.1427161615736,155.36107049955945,152.38056838086214
522.0732881652127,535.1778406352839,154.68391397682757,151.97417871877218
520.4624908389036,535.2292188698557,154.5941098573219,152.06552554812234
520.4072113132565,534.9946789374644,154.4862794475609,151.91883730893872
520.0618535589708,535.2281566877123,154.5915387199476,151.8580465014352
521.1819636472189,534.2822906063086,154.5068040821414,151.97587982909747
522.069447308591,535.3772828517494,154.87613845181318,151.5849312346453
520.4727355031854,536.0924046750287,155.0635476663461,151.92245458397662
519.2234100894062,538.3852427619283,155.11806046281475,152.08286952535434
519.3383245685196,539.2343442344554,155.18725066067614,152.07646484978346
516.6581662233086,542.608676504107,154.98245904454353,152.4866226549434
514.049184242299,546.5378455259497,155.0151606918664,153.07925636022526
513.375839047466,551.5136240110647,155.260769983893,153.57155752557165
514.4223066766838,551.2853002465715,155.1839026526853,153.68406609793718
514.3249648446933,550.7996213932308,155.1046375591366,153.86752830765957
514.406896145451,553.4766921274919,155.63587603900547,153.95048543707554
513.6379008103845,552.8735118048215,155.77809042865448,154.63067107813632
513.2190017588945,554.8027831801032,156.0556303896737,154.1961041988581
513.7330508559685,554.8234003975886,155.8960988984929,154.3947870396256
512.9622884879973,554.9723990426558,155.83613782156576,154.43170560785447
513.4560123591348,553.8200104773982,155.68471796894715,154.60420738699315
515.7163119981853,550.2341426204264,156.2756834557655,154.24778510629702
515.805994640323,550.4062364644668,156.06417684890906,154.0843433902534
515.8891672002167,549.092756921376,155.44878770956842,154.25743462741556
516.0103097448898,548.2268504510989,155.03613435761756,154.38373088552643
511.6946728284295,548.03751226381,155.53880791423336,154.13288508650888
508.07820733057133,539.743050302626,154.9686477228886,153.18050723518596
505.20400782071295,534.3952466027522,154.51989168781614,152.78989437992442
505.4370377751979,531.9316280115995,154.1126031572763,152.19257122137867
505.21093413303794,533.170755258509,154.4037659546965,151.22217670002382
504.5984357239837,525.7880867340406,153.85798102190049,151.13328615610672
500.9018528803116,520.2152657995629,153.3963433424526,151.35647827656456
490.33805665830045,507.96107169477614,153.68598506655613,150.760876448644
479.6359790627303,490.8043771671776,153.18522755082373,149.41038275574184
478.8090754045074,491.9169671208413,152.32831717112768,148.00972362867572
476.30553336403784,483.17248817150664,151.33248311259314,149.4813345376142
474.64863844685703,485.64017698837597,151.38142232783278,148.94202925398343
474.8711253441969,483.391398367609,151.01449143947303,148.83049504007494
475.3773692518902,477.2715784841579,150.2275278833899,148.73302881497187
475.4902570565372,477.95349080300014,149.9548999270271,147.7235309450186
476.58693105746676,472.34468373503694,149.49157279902633,147.87570494555237
481.06824091128715,468.7883540085454,149.7512889849445,147.4282617755068
483.93720676504023,459.2747694135087,148.94350999774804,146.83508932375815
484.9136058381605,456.4422257214001,147.97326452005063,145.64433650452168
485.74366711937023,456.6461600973168,147.30661173027073,144.4524215174807
485.7033995365197,450.11500523828465,146.55265544172687,144.6558124385703
485.36474322216225,446.07444967637696,145.9553889949496,144.70701809407663
484.20663674742184,438.5051712937744,145.60266981900102,143.94995437462552
483.6474720870184,425.40228885000437,145.39111091146464,142.92957383189878
483.64077964418124,425.94932468843115,145.60297038827875,141.71433288888193
483.2663557057864,419.62084968263275,144.86565055217895,142.47242236438032
481.3285413588893,418.005264070056,144.6685190384713,142.34668911165437
479.6518054819304,412.76963189743225,144.6433341471668,142.40757704776547
480.2883886598671,404.51699253029113,145.0851337762868,142.054923972286
479.75702285733473,404.69733148076193,145.22412099381106,140.69724346563615
479.8606543941997,391.46171424680597,144.85245885040823,140.95130064109375
480.2393209468761,388.0487995950991,144.4223190484651,141.3613658340998
481.242835855308,380.968411320045,144.09968059257122,140.6307142974817
482.3632284926095,368.6235785198455,143.91036168542414,140.22606205709417
482.6787856275427,369.7652066346224,143.5133636937959,139.140552285574
485.16681201055644,364.564529386038,143.51902140667158,139.725737469958
487.1419895384964,360.02158829933256,143.1492845990814,139.56150944497395
488.440023116319,351.9593239336145,142.12973566076033,139.69514478200801
490.6841532118109,348.3237311542678,142.07165974415352,139.69742855012979
490.55302719805326,348.5094471509249,141.47641507092783,138.70144277285976
489.5757146319245,344.75944292155185,141.53099234398115,138.65075611852401
487.20836730178945,339.63680940228824,140.97770032026358,138.20242349171338
486.41881006414957,335.8412482933767,140.762726888108,138.05530263248255
485.42246292301036,335.0942178897282,140.4672120856926,137.58209588959062
485.1531770340406,335.3513566790083,140.46079271064633,137.1639833949094
483.6312969552866,331.3612268075787,140.31881472515678,137.43517544271825
482.5190888752097,329.4655337900904,140.18797637830036,137.39341679338412
478.1835188419027,332.900100986799,140.62773045535027,137.39482569122427
477.97201037712216,332.71417332539147,141.0926517925147,137.58621147384073
477.8225982015765,332.74896129541446,141.07350567303573,137.45076800982824
472.1359146411728,339.1618464885511,140.88807921901838,138.00302120046626
466.97265296248594,343.2761731810981,140.89235341269602,138.07264031317553
458.9246229342856,346.7690866373755,141.59585337538653,138.3276274095424
450.8553911240548,350.38760869331725,142.55180105927326,138.3055576643846
449.72742614316394,350.0455858225671,142.73362112491148,138.2541897757416
441.95294765389775,353.8862218968233,142.9520303223968,138.32346051203356
437.4569763663291,355.0705661803836,143.02736456786434,138.60374103049878
433.820226291386,355.7321136062359,143.4777763900075,138.4263070983373
430.841530975385,358.26141144178473,143.81049306397912,138.44656790971408
430.5545294098789,358.1405473329314,143.50830183892847,138.62086819365118
424.8204536622868,360.26644473795386,143.62910419097648,139.17369557388446
423.99970308408143,362.9294517110737,143.70646008169328,138.88356241229133
424.92824660523786,367.8715819008685,143.6532307793837,138.97528953546527
424.65607249787746,375.1928036176593,142.57068835038146,138.95470896597024
425.30313524964765,375.65588507997285,142.1095676477591,138.01277137309853
424.4653202828759,378.3311260883179,142.06732979463195,137.6428543841248
426.0850542455243,380.5283884056204,142.46006763740357,138.13227934966932
430.7603277713297,384.8541303863172,142.7010751669377,138.97027969835483
432.5027217481777,389.9675598000293,142.9706031584193,139.54595520224686
432.7670224883328,390.1486488275982,142.77368575718634,139.45635345498846
434.4635067809374,397.13190596975744,142.97731907510138,140.1551294927015
