575.5,365.5,48.0,146.0
585.1337976353755,367.5482870486792,49.18459894311627,147.44215938500244
585.5175769313935,356.8220141271893,50.45603180234377,150.95843737519908
588.5254726528314,362.1828410522438,53.48291537777844,145.8454485145614
584.8607366900345,360.2267730052414,55.851773098965324,146.21202591754152
581.0556147605508,358.94520559215096,58.28211297386301,147.59227593136737
600.1118258474456,365.2826806641573,59.836076450708205,145.09539204101682
603.6660459907689,368.3802552748586,59.87210304104512,144.7389636181066
611.1650121317688,369.6111879979927,61.89061019691162,145.52249883902897
610.4406254309422,367.23098291987435,61.31332373261321,143.78894527685134
619.3652447701558,368.0759093180646,60.88600010850738,142.15338196673008
622.6570692432309,366.85036221791154,60.4108010982703,141.03555841572393
625.3008790246355,367.08881416248,59.841601087310536,140.28775999915172
628.1106924003503,365.29221443353106,59.80380149957705,141.43504542697448
637.471529219708,365.7283139766773,59.53293924697009,142.12634960606277
643.4633395528386,364.32879838103656,59.950821189961644,144.61483860130892
647.4782514378398,359.3140065386518,61.60782698691496,148.23343967728326
651.1042608501499,361.7192211904186,62.10021724661495,148.76765396658422
654.1519599614609,362.84733517894017,62.190247643377745,149.1249692615595
658.7507482019714,364.3097185916142,62.000953823794504,149.09167930579446
663.7056535576943,364.71472547702615,61.64935920731948,147.06179329871878
670.6086766382684,365.7553561046443,60.61423475332454,144.0769699745433
676.904503145807,368.7572404935339,58.17021147610137,141.8299181633931
677.2385933558305,368.14554310457754,57.449738839485335,143.4536863405635
686.952961641633,369.58876045033264,54.234386896176176,144.93931719318172
686.0191201816001,365.54151142549335,53.32827897990777,144.69705186090232
693.9959525089978,368.36855775171244,51.60554846817876,153.01008414742898
699.5730802942373,367.41091998650097,55.86528387212604,158.83058066326447
699.8302897842949,368.3367117827653,60.77968216419719,159.96767624134435
714.5987590067847,368.5009341790866,62.66151164829469,167.43393397860908
709.4656355471884,367.0691607184294,62.531130187665475,174.47005255901163
705.463204120571,368.5484435531736,63.9632853878545,177.62035215060098
701.9011918549108,366.6421724105288,64.33412083226091,177.83958074189042
700.2767001157082,363.5739286130522,67.59314952429102,178.08392270314607
693.9000526235811,362.04676682858997,67.44181289385998,178.1505832414462
687.629066512487,362.5967147133966,68.25085970100909,181.31012789389104
682.0422701757666,362.0964663074194,68.76256234454289,181.26427982955596
674.4168766832705,362.22969768934365,68.79991892487196,181.5194612407602
667.0633058036749,363.1124154622662,72.9241892469903,179.10041922051545
666.2086177976149,358.88227968188886,77.87121422303863,183.898336788808
657.5792090525338,358.37391643433466,81.56831181879163,184.21012779283132
649.9962431177012,357.49780859412147,83.97271948801742,183.517103929343
651.9729773312841,350.2597770877352,85.01320047415106,185.58493139218876
641.2412755003193,349.27397001671375,83.2865120492888,185.0418115044618
634.4115484507284,350.2224828930521,81.35415782937869,182.73766442128544
626.554827773297,350.0427346664658,80.2393082449105,182.14078688487604
628.6429393720217,345.1767486315332,78.73859402344375,183.24804314968742
619.9046527130436,349.74506871163004,77.38836794869991,179.17180442916052
614.2784583389612,352.64105544062954,72.97761067788275,176.5315991787116
610.1686574008463,353.83541070113836,71.24860892404654,172.6676865741062
605.7875150949608,353.3380093812532,71.77656335851032,174.1497778677271
598.7278563113961,354.1228001970187,73.52674602268566,177.03572640282206
593.2304018761693,350.92608905427545,73.00040702936988,176.43540479182423
588.1954853490716,347.584761837721,69.57124048792305,177.75928790077546
589.4011297608841,349.1717845910545,63.11744115480711,178.891921166081
585.9932415450764,348.8769620351267,58.54412800207179,181.2622632660424
586.7810587018608,351.2237304592497,56.67932777444439,186.669398185985
582.4510915520365,345.93415599703013,56.79995638714231,188.91149381147383
586.6568802191812,349.8857083953724,55.1936449563259,185.01432229954884
587.9351660400696,349.41415312075696,55.440669334294,186.68371723350725
587.1350999998086,349.447210433078,56.74024940427972,188.04356732196175
585.3493258015287,351.0604456401877,57.206366959393634,184.73889142657077
584.7728139524841,351.37886855525704,56.008348148403876,184.1639400914722
585.2013627458455,351.5631840026052,54.040864547696444,185.30956925041045
584.0769977642155,349.592551704341,53.26389537231498,185.99593076885967
584.2074086677675,350.29652791879823,53.141777447905284,184.61860732660188
583.6347075002216,348.41222366315094,54.576216682802226,185.28080008930033
582.5664015469372,346.02919024184746,57.61668915837126,188.56655816077392
581.2793009963274,346.78827219327513,60.18880167372234,187.57328509797208
579.3288659510645,345.7672875777587,61.32449165331666,186.18636958436076
577.0339747715087,345.9812569846559,62.42087439237207,186.57744955175156
574.8543636680483,346.17295330609545,63.59479911012655,186.0060578242805
576.7975799643573,345.49464604807673,65.8331724447853,187.56484174375183
572.4996266835187,347.6828643839832,66.08064455822019,186.08061150237398
570.4806499727292,348.3743913041922,66.24449848677256,188.11207029623336
568.8811500008762,352.6876910203375,66.23562317870856,188.76348695433578
568.0941632894103,350.634063859241,66.82617527595667,189.75773849942925
568.2062446803656,351.4486751660555,67.34843198342989,189.89685683104398
568.7779393688753,350.15801401193016,67.33350182157452,189.64275566975124
568.5888455254368,350.75822759560555,67.49801274289045,189.63398235009495
565.4651705325962,349.9947245052172,67.75108191344727,189.41971333956448
564.0520396718905,349.35833304606825,67.74123638083032,189.31781442745623
567.3736801080469,350.98311309885537,68.24920348672794,189.95918616659327
564.572203497137,351.4706609497532,66.04974181444356,189.3010575349003
566.0886284569006,348.58399913020367,62.69194549141324,193.11755710974467
567.4294429168173,348.6976755943633,61.09612818657009,193.40638004755243
568.8847768166851,347.1966188501532,59.77641981657536,193.92175080106358
563.1806838711814,347.73512019213933,59.45530997699199,192.21790657198625
572.9052570670774,348.0435917075362,60.41129587890101,191.39178337983557
569.4769269144366,349.3304474154097,58.6475195157866,189.78962016374228
560.5944482848021,349.56411003846404,57.86323666275095,187.17089673571834
570.2333402820971,348.0714465618154,55.83920060822446,189.8742339655716
561.6038751569157,348.9685997998775,56.11129537885093,188.9304594847439
564.389850534247,348.77698805180336,55.056913689282375,187.95618123566817
563.8545834171132,348.14697549743926,55.295259198078426,186.35003569963624
563.744256893578,350.8198802455157,55.167542140120425,183.03139519266477
564.6059664905738,351.5208664320617,55.527857458458215,182.14148310418742
564.8325671086941,350.7817328011587,55.678047511928625,180.30857788064196
564.9132763240455,350.3121036480787,55.71598471329262,180.52943940392686
565.4332032734989,350.61921653706054,56.35918240053678,180.32349468403623
565.138039457452,349.53140240663583,56.36390250394406,181.18980023007998
565.8560776341048,349.89997435407656,56.71782837746777,180.3102802550431
569.3851876961616,353.15277448658344,56.470069297665965,181.7753502132655
570.723155919895,350.3070960756056,56.993912837534275,182.38498000732807
571.1473174074322,350.7877952924305,56.50569415509102,183.23320040435925
570.6047459045069,350.71771906219993,56.853570322391114,182.3652567659204
570.1486849308576,350.5240578577224,57.249044394380675,181.63822778308318
570.0776929979235,350.30308154242005,57.04257926847351,181.65627682920763
570.0327796882442,350.55061541504773,57.05748186587276,181.18796655149038
570.101845065078,350.6305903507231,57.15452241535811,180.43055390681658
569.8021337602478,351.85908624470284,57.070560666135535,180.0070797179629
569.2515405949862,352.91033411685453,57.172160950916904,179.1208500096932
570.7977866452165,353.6086075968379,57.275208324943435,182.7195427843761
571.269699181149,352.38899338708075,57.50250020120614,183.8336906899363
570.5407527665127,352.6957691959144,57.313710768058215,185.97294382843344
571.5126237375739,350.83772787537737,57.09269791281173,188.76141976765672
571.5637166162549,349.2196769630231,56.94080476508185,190.41397173522554
573.6060652280619,345.0883487031948,56.851550647165425,191.1872989168085
572.7936153003309,346.7181670243051,58.09042993163403,191.055896661032
573.1215442025855,346.4812491056995,58.272797968646984,190.64444312722952
572.5050142183335,345.49820532377254,58.67097192268946,192.75208029323434
569.74149144414,346.97808874016306,59.46496283316752,191.84396779929003
569.1583742335284,347.3861762187727,60.201977323026604,192.21314171044082
569.8698978377456,344.56148729075557,59.97831182369092,193.1221898240434
570.4932560616726,346.026741716056,59.42214522630093,190.56427577701427
570.5020333019024,346.7432006886013,59.22821574417227,189.50719700571747
572.343095445832,346.45894816145426,59.437796254057965,189.57069938257092
573.5845794852512,346.993992098736,59.34731188646229,189.64999457609213
575.4723123689204,345.85217092379514,60.282325855451894,189.35475303963648
577.7520987564387,347.87440809521985,58.77147773175197,191.0756266543982
586.1289797099008,347.05112468429553,58.69281042931998,190.4498016801348
584.1583098063692,348.81580182927576,56.802444189325016,190.12116793880404
583.6393643143515,346.98914027363185,56.26948039030235,190.5841123841678
584.4527140326506,344.94091825007155,56.4179080069647,189.04300130891298
585.5119082844193,344.08891609778993,55.603325212312775,187.27210703673967
586.7407960057483,342.22629394816863,56.887498135819804,188.27236645172025
587.8661828415072,342.01468478079823,56.7448942583846,186.4934721117479
595.469006426503,337.3481729689283,57.96860843177686,192.2108221934651
594.9111379945997,340.4369024864877,56.01234717622931,186.58652692520718
596.3422082862735,342.523900143032,54.461664822900204,184.04243826647658
599.6252106338892,343.00776364139057,54.71603413966235,183.67290276946946
602.2444186485739,343.612397398742,53.532335174196646,186.32737569894994
604.4825108443214,344.59891662649386,53.427295554277535,187.19968488634487
613.0881820444904,340.3764227382731,55.05618409571197,192.60176494794257
620.9577046944278,337.85085304914037,54.71014798162836,193.95180755306052
615.0362129622764,337.9557027485675,54.6105722036825,193.9508293896007
618.6555356764233,339.2573342014302,53.52655982058547,195.1561161264382
622.2104328833033,338.9420641527612,53.970529273249994,192.53300174379567
625.965063975333,339.0571365191216,53.62787494594089,192.13000915896396
628.718453534569,337.2364920078023,54.439727476486176,192.23512078482827
631.9992036031688,337.9778315480152,55.717516050834455,190.4079579712253
631.2185423758565,338.5424119575031,56.94053631038685,190.2404318477795
630.9898202089157,336.80529944396847,58.02828349070022,190.2307699176801
629.7028914249241,330.06700584179964,56.9731966617107,190.96079797895146
629.8882901615467,328.20150311300637,58.172974425739774,192.95409153010482
630.9276776765012,329.03837330369305,61.72688171928657,191.76661305297114
633.041455904714,330.5360451869369,64.03778790171589,196.90924021086084
623.6851938953398,332.0238540285703,68.85945994597704,193.8587191288418
614.320393885859,329.6406893483062,69.89511694125719,193.52378591994258
616.956468412079,330.9394182275671,69.53858916948741,188.11858389681805
624.7414531067429,331.33320358260477,68.57661862812068,185.33996353941157
616.3637715229459,333.9750914497881,66.20725645391798,179.59012573610568
621.3274681294306,330.8252911886458,67.11094177030654,176.80301437484536
628.9777323912265,332.10823076627,66.44415557917327,176.99924497606662
636.9775629790039,331.2038865146587,64.65215031029565,176.03989616010594
646.0252859131389,330.85375844426756,63.29271213245535,174.6099011316835
654.0659450354042,329.24370686360623,63.12883620970197,176.0692146602089
661.5534798267158,329.6596342825512,64.02313708758912,177.99648505501543
668.1784737695071,329.35031156509046,63.09369439853964,179.1896256266748
670.8996212999261,329.5562146176844,61.833284103326676,181.6852885556819
674.8566118386698,324.7119254418743,62.971729364035035,185.45896708125224
668.0803786466827,326.86905113357705,61.32497604433499,182.71091547735725
665.3210632237897,326.6470912691326,60.299017847457336,182.16684327719184
662.4129311376355,327.13077289531253,60.7595171538906,182.97418233539415
668.8383874862027,326.1147380693369,60.116508318755706,182.0218951071575
670.5137826374206,328.0068273660239,59.21746448009549,182.32504494777396
673.4935784541304,329.2353032746777,58.68415572936632,183.10499131428898
670.5800084097763,331.90680504926183,60.328069709523476,185.06191166191024
679.3391053342352,336.36389282641096,59.342798605356734,186.6533046119455
686.4575874987759,342.0725222164352,59.54296615798911,188.52621840880136
693.4962732605554,351.13997866732996,60.131243094818295,190.9061370499805
700.8897341753486,354.42951673392395,59.83897496701413,191.86728642262142
708.312531027836,357.20682289085147,59.7180659773103,191.30067640902885
712.6101985835202,362.2041803938595,58.61847461746788,190.34407881176529
715.8720676293859,364.5269546736283,57.96903366776529,189.9951639726255
717.0752201705719,365.63029547776733,57.281717957646556,190.68739527099424
716.4808180673988,367.13121468033734,56.97710430491554,190.01595852486605
723.5339844797207,364.2689282675741,57.30604178971973,192.75081410529057
719.4618984276985,365.7148373919348,56.28063248049513,190.4587598460177
713.3646978156194,365.70894616977756,55.59147161664084,188.4681025530123
715.2028247896491,364.2215546156211,57.052856237459544,191.75485419651008
716.2422103720658,363.0854731824895,57.3903832236423,192.38031632291265
717.5874277434923,363.7920089944124,56.86666195697033,193.5718673015296
717.5165978148025,365.728269581852,56.922552861384155,192.5276466027248
717.9074264537985,364.44770388174595,56.62507215952968,195.40061662979838
718.1466365481622,366.15015125950356,56.69511561339971,195.22798496250945
717.0361578435221,362.18251904307886,56.20601385672519,194.22696914480957
714.7549670737194,362.07382783984247,56.20424363241449,193.92484694455857
713.7279323194413,361.7864107142177,55.57303424845383,194.48584229741755
712.3229835736465,359.37733260830834,55.892831356284624,194.71728900987716
711.2269228267999,360.1969767645425,55.6941406913935,193.42006013086908
712.3358014760876,360.5965171359484,55.30262715101952,193.41962667256513
713.5755064551299,359.6736275446862,54.324778953837345,193.5897414301932
707.60532044365,359.08996938630526,54.47089762749288,192.97299893767467
708.7775396665025,361.2266275375375,54.06151062298049,192.66926829232983
707.6613173955947,361.7633822576638,54.30506582821022,192.08795651466932
707.3889535819764,363.45054960696734,54.2513115023027,192.2464985460274
708.4300621376997,362.7543103389237,53.284092731462906,192.65567371402318
709.0023154511454,363.4775188225401,53.209067119776925,191.72152594568482
709.4443733050459,362.1192178207376,52.82355642486947,190.46551819091263
709.6734854209624,362.6068446941738,52.800268627067105,190.9757865950337
710.974806193055,357.32578077869385,52.9104752693747,193.62864747729364
712.1050030749005,358.49160098349523,54.043003191856165,192.55388627816302
713.548722369759,356.40904782860923,54.51330762696513,193.40652811230322
714.2677520445534,355.52923796896516,54.449272310922794,192.55118954530604
712.6150770485706,360.0677019194661,54.2006190642104,190.99781167787336
713.079579317726,358.8443539991301,54.29594371138554,190.51411024643548
712.9495225545755,357.7910708040955,54.8828801742213,189.7964690921778
712.4941866248067,358.32084094210296,54.71046339736066,189.6332081511849
712.8034777756081,356.7949518880283,54.28249457417994,189.56390347658888
711.5013207218399,358.1224186964164,54.60906295799203,189.10121438953678
710.4272216848384,356.8173451208738,54.88017403496295,189.90241958028724
710.5383036690293,359.3247719146053,54.51032513482592,187.72878732537427
710.3089035433464,356.5546723763564,54.72787858159677,188.6643297055525
709.3650153368079,354.1889615100282,55.74946360749738,191.60972984797604
708.836898681103,357.20496087081546,56.10483051771162,191.34942340240252
707.2611118696298,353.29825923106534,56.48391173190578,193.30123152809415
702.9313647124179,355.6748256537655,60.30137933581918,192.0551735156101
701.8870616140358,354.3322516662379,60.32004091245082,193.70633516063305
701.8432620447297,355.38892027719925,59.36312861364701,192.94002249868495
709.9293263453055,356.422908812795,57.80595114622339,193.38892570131236
706.3091760677924,353.76180148080846,57.033168243303066,193.17429182021095
704.3371338216808,353.68822031472644,57.03193618241012,195.13552270820693
701.7401713381187,354.25275730476204,58.05953891824175,194.88279281287544
700.9075823283382,355.9570167093696,58.094527757428416,192.14407410637102
706.8222280257085,354.89698418393834,58.31651352333252,191.52009032338654
704.2235379273818,351.37728757307593,58.02099191792297,190.52452184467185
702.2874728480045,350.02040112499014,58.49581348864947,192.59094198577372
699.950392579702,349.70943274263254,58.651913341050445,192.32761077754273
699.3917268582401,354.01116284620906,58.26394533500721,192.8961752972574
