952.5,336.5,51.0,30.0
947.1759844377568,339.6384948710339,52.41848457755021,26.639657215329606
942.9557778497435,340.24993880723116,48.41484887204612,24.56023265651469
938.0581085904623,341.22035438111715,47.25875897721754,23.956640774184567
930.9307919805806,341.56517931902874,46.66125558504256,23.42853240500955
925.2021174043573,341.5967725220398,46.64549835321172,23.209282338008006
920.6955398606508,340.43015043851756,47.001526060253575,23.205605528413813
915.1935639175721,341.3959687703752,47.3494587355957,23.2937399637891
908.9472049409791,342.08283916624134,47.798650039306565,23.370376517142
905.9645967975341,342.83940524912,47.464553257806514,23.289779046056303
902.3924978986086,346.8288532540561,47.77860188192105,23.028873434590942
898.013518223372,345.9584602796421,46.98219988901033,22.35053048861315
895.8975233320651,349.76396245258815,45.97174181853571,20.897173275594547
876.4595744599,338.8131246592254,43.21589899279766,23.866903061538764
870.7105006698864,339.6684713344001,44.77217969812989,24.245362285728504
866.0274905171501,340.94385793441256,45.24525471399085,24.510584540491873
860.8935627947999,340.78918890428344,44.5340461709594,23.793327604297865
852.8261583397974,344.84323859971494,45.27289331948966,23.561544283991413
849.4518235962074,345.05136650848044,44.56826280743253,23.257299481875656
845.4104832231459,342.83937990436027,43.95009974252055,22.817538921652883
839.7286569783312,343.93214134243425,43.78747755105863,22.607089621478423
834.35616760306,347.03126667341735,44.02895250216241,22.507413121041697
832.606924567935,347.5902825058833,43.24635069704618,21.932474720212767
828.4580917250141,346.7088693138006,44.13981821317965,21.521047640633025
824.5020286690333,350.88130145088365,45.64035851734111,21.897802018810683
812.9701049166218,340.2722261190531,41.68172219648037,24.868403625465035
806.3156199996391,346.10533475828174,43.24392975475003,22.819323302268934
799.0053032461014,346.6423242036292,42.938918387252635,22.638986121855417
794.3283568849008,346.80897425493737,42.8340069790998,22.69357370573002
788.7238539399871,345.55684102466427,43.30773760037259,22.36566610354737
780.7372945099814,344.3740987551455,43.37393793468807,22.613041893195245
777.2994281322298,342.6230209676941,43.790631478918094,22.449386406238872
769.653276850199,341.8642912994934,45.10621990876347,23.153140238699763
766.3958399321649,342.7131930434915,44.59582614381829,23.32475644465029
765.8374344846759,341.6722699465885,42.979825826256715,22.407596843931273
761.3839118103064,341.7698078134105,42.00117094916582,21.886890594473357
758.9200398589576,342.3706049400435,42.833988971431154,20.859227612045206
755.1033281516123,342.92626816695696,43.446272764387,20.826230602149828
748.7952699561436,345.96480286491607,43.59542538731928,20.589854203210358
742.7392761881547,337.75394764065356,41.51643010469349,21.974378982790093
737.1553884056619,336.3168148485608,40.175501484193134,23.430342627011278
731.906803691306,340.8736256503702,41.618534636659874,22.762985290360394
727.0365316047574,339.87285518850507,41.99203245355586,22.846893395868474
722.4003167885782,340.87061111135426,41.7372518503186,22.853857050276883
714.348855883876,340.9658263080023,42.091867385308895,23.10131480242757
709.3114042747541,339.75045844412494,42.62636819113834,23.612858692871608
704.6499706670827,338.6340746761152,43.09834143217677,23.58346950396129
699.7516585171597,338.063628316766,43.28062208883432,23.69695004652734
697.228449832713,341.55334673571065,43.16309187548292,23.583100919972402
692.5242143851701,341.8912567105405,43.245274547302024,23.00137947867063
687.4716002430741,341.9589653427079,42.799631936108156,23.29172999368605
683.5760919665724,345.21310245613074,43.52930005084869,21.73288766305017
676.893143660639,337.4909314313207,40.73431562023514,23.606424163048686
669.0194234049052,334.8649029776772,41.7584389854014,25.295708796318316
663.5168499197064,337.5624749237547,42.87162485808186,25.03452801222613
657.5325154944722,337.28491221213244,43.501611533867326,24.35190731597138
653.1104217177199,338.29611610577797,43.62597715744052,24.163620517526184
647.7455218882866,337.85442875114455,43.1902771291123,24.049879197530412
643.824365100226,338.17050552589245,42.19483264096344,23.703291381944233
640.3645550064273,338.3794602010276,40.58844136158096,22.686297058338685
634.9971194807581,338.31737201417326,41.160565983475806,22.339402486784486
629.5721145746273,336.6982791813522,41.66843082961198,22.829841684836353
624.6827374151011,335.66052061936097,41.762363066144765,22.983812588039367
619.9811879072201,335.4781474557038,41.84183651733166,22.979660523630066
614.7015732111798,333.57803072557493,42.06099518492482,23.143921007203154
609.8864939581534,333.1714897890909,42.03376405016958,23.082896830633608
604.2093189616895,333.8279018634062,42.11306578717692,23.194079024890762
599.9933694898267,334.4344348412801,40.71886819617359,22.481611320962706
596.1837629513051,333.1133353975941,40.05313483156644,22.035403407110955
589.8899973576863,332.2629424906819,41.198143016179614,22.160892818957798
582.9360018706329,329.37871265973445,41.006111674307256,22.168191153490604
578.2669482335745,331.6166337677181,41.47989151769907,22.149406413566975
572.0871701023406,331.2194340256511,41.66436175874361,22.015423501003077
567.0611183480862,329.69822009772076,41.520075115274686,22.189132732748735
563.2505600286898,330.39075848860557,42.11364487143815,22.228754899839238
559.1924319522014,331.51189295579815,40.695567795350016,21.510718352996793
552.1360634996687,331.2887653176369,40.6865052314213,21.41390831979485
549.4097793802221,331.6075137542656,40.48895941086639,21.29399797579232
542.1081560617765,329.7708058375624,40.3042679297763,21.10543885459351
537.4733035513923,326.97838172553026,40.50106645640416,21.819281543532114
532.626701387098,329.61077584622825,41.437815363545056,21.378634327679396
527.2454372866622,329.68515691890497,41.601434186364976,21.364935711340536
524.216099306834,330.7183588225623,41.38790813109805,21.19170714835715
519.7296156089483,329.30662276212075,40.675138870680605,20.944293610976192
514.7549093523149,330.41228748450965,40.74871310422329,20.727235206161176
509.15671629947735,330.4268157040246,40.5012458316025,20.864906786845662
504.08699867737,327.1732775494794,41.16503124213807,21.632710978321267
499.5148344542836,325.89836413135293,41.570192474870964,21.808770915465328
495.79437639764717,326.76000470397554,41.1437665929045,21.823018690393763
491.2322848846368,326.8238305665523,41.92220834695268,22.013699011510568
487.4255079815592,326.57995545964945,41.130722365815345,22.11294162071728
484.0461538418299,325.89269244058823,39.93114865140792,21.463237655482715
477.3943482704841,325.7227906997831,39.933400617463775,21.452052212589685
473.3115051999822,325.70166727825927,39.914550778243,21.570030958951996
467.34235537736413,323.56650624421553,40.156671033525555,21.736608043366306
463.12274531201024,323.56005693448844,40.68261353819567,21.498187790845545
457.399278610826,323.40253449772666,41.69802457117942,22.023516822956633
450.9844640549035,322.55803689989136,41.74724577744577,21.90243137115859
448.54436962958937,321.97429920377607,41.6751789022135,21.88476579602018
445.18855004966736,320.85539283368985,40.119991432418814,21.891753350416796
441.50542623781524,321.03797660901546,39.86750994159061,21.81713883311751
437.09637206349396,319.5417209099713,39.23450935773804,21.440127659642165
429.6333577349046,318.8896447976885,39.54299479439674,22.14657446037572
426.5998718739662,318.8307997517634,39.673137426155115,22.053076355090028
421.1069579802307,316.87470288043437,40.8968039587434,22.729299600616756
416.41147260855223,316.9880267080181,40.799387594251186,22.650982335902704
410.3389017715425,318.3723623183115,41.07173130226716,22.869243631413827
406.6709020815222,316.6769782467926,39.53790245812568,23.584390026481092
402.5584673459555,317.17273258407306,39.54077085351447,23.26040020606132
395.64623929011503,317.1352366602593,40.331361036545445,22.839586760367244
391.57560822953326,315.87905748051884,40.57970218679224,22.978338199605933
387.3753576346069,313.72389729110506,40.27436803423771,22.91112228158901
382.1418675324253,313.2584359527973,40.435525866164426,22.440510639280596
377.76849827061403,314.68499786679234,40.080636086259105,22.354088986430796
373.05607672444484,314.8117273022285,39.691375098397344,22.232451956560034
368.50318762484824,314.3223977657347,39.372643295454324,22.201274117392458
364.77816106014524,314.7287066131599,39.238345362085596,21.824463710235083
358.7299249653954,312.483071042618,39.273366593333314,21.652735221344507
354.99589973600564,313.1810588916002,39.060081126057014,21.92852580450817
350.45675122392845,314.2995765407996,39.317307479129816,21.252861355718622
344.0209896247625,313.2964320445316,40.1304715313436,21.786897264071897
340.36485472615465,311.99374584458263,40.46612542279755,21.96243649021802
334.98017039351754,312.3091700979505,39.99593968285932,21.945322288387175
329.2199312763602,310.6545996925801,39.03316157714706,21.303727768546334
326.15244510937856,310.9590725350978,38.870149311043306,21.23643506097758
321.01729761721674,309.37189220588317,39.2249264883601,21.039702684662515
314.451836268903,309.0366057514618,39.96280662059554,21.42793596099413
309.729787178847,307.89107891140844,39.964475258165976,21.520492584139824
305.0039269060121,306.4277187474865,39.7746276199368,21.90190718307128
299.7712762237191,306.72567078920497,39.953177237391515,22.079413658334985
293.5813709070836,305.8528676209324,39.98451622912194,22.357082763816265
290.0444986569862,305.1463967450205,39.263139536384585,21.99423847342659
285.6295961105825,304.79545029732225,39.31149721860855,21.693638106532152
280.1502587969626,303.64006293039387,39.42999717086056,21.885417173885
275.6660788925808,304.0959951139524,39.1797977144875,21.86752907792043
272.9753056497803,304.3305924424411,38.64709144206232,22.98183289887874
265.38841074400153,306.9602522485618,39.43870676173753,23.92288836674605
260.93624771919224,305.2342780357631,39.920906041336636,24.03461705624424
255.73339946074958,307.93085304259375,39.81350002678883,23.158111997264278
253.94473627323057,305.1163792055784,38.53825443756288,22.343095666778318
251.30438152733646,306.4987861079843,37.330056115325235,21.509192568486707
244.41045513071197,303.0745167784343,37.856855823247095,22.12537467927732
239.3088223884733,304.209409572049,39.10764289891096,20.906200707228884
233.81661656322476,303.1770116632276,39.14495772476204,20.73249807554628
228.92588458471928,300.2987248084595,39.82924512995412,21.19124787913752
224.287564719336,300.7200057337835,39.96095688220511,21.240400661000663
219.59109350697864,298.3128622052005,39.404021567967156,21.8699271476406
215.39914880144372,297.36001907285595,38.97060350680799,21.578599318930575
209.7813178275486,296.9454224093018,38.95649433643413,21.249586540806686
203.11280108706737,295.3945324148815,38.707819199232574,21.296334753219014
199.95458520641577,296.1850407069126,39.209740138239624,21.302427973310227
195.12622977476133,294.98409919761065,39.011607861900046,21.231978752763226
189.78540087007832,293.61304916841885,40.02593111468648,21.32633344028196
184.56086403878768,292.6349219928772,39.7839380353244,21.2835512408434
178.76326981799883,291.3689823983298,40.536756443637955,22.290562180044937
175.86655751725831,290.6980482605208,39.784829063002284,22.447628400304136
172.15473447400421,292.31590360117906,38.850852049229715,21.98154791269793
166.78895104898004,291.7246480964704,38.682809333543204,21.875158308330516
161.27416194739322,290.12819795838374,39.56376407022516,22.404073570541993
157.732333148603,290.5543653129136,39.37370188020796,22.157121482770574
151.59746354023983,288.0589332543566,39.67446126142403,22.233575485596283
147.49698571303787,286.7556424936477,40.2297569922745,22.500367854868585
143.2515225173077,285.21287802814686,39.86072187403023,22.252780969754003
139.92208585355309,284.3166146387757,39.392075117158385,22.501859538733747
134.35022787949632,282.3225142629338,39.21251740651947,22.367790183148223
130.72675136432963,283.2668300064391,38.81558911589947,22.024156388245892
125.47005420547252,283.8503634070256,39.312030918965235,21.873450227598603
120.9998952777566,283.1903253302405,39.4861248669264,21.807289117489272
116.81396206779739,280.24326301515134,39.73009307059723,21.598367330431284
109.92802287640276,279.09871276046454,40.93312951918238,22.68610403784877
105.3705802259037,280.29441386423406,40.856759250722526,22.60711051599388
102.95409849581051,279.58390968073394,40.272964173616415,22.497900639395226
98.15396001711201,276.6841398492283,39.53966111392355,22.657462370430203
93.44606902233201,276.6532856148351,39.88021536605681,22.722198959363592
89.00825979760042,277.22888608527046,39.63944263357419,21.5578002304555
84.03046108947476,274.644748898549,39.374709811483235,21.058546451432676
79.40504850084467,273.6889839234813,39.70226285586986,21.012643893099423
73.45664216595847,271.9294611170262,39.88941690290058,21.151283603147053
70.78141857189,269.23776497004644,39.463669041751615,21.66195851658288
63.370117934157115,267.9616760026172,38.74463575758604,21.31893548365266
57.68165034924634,266.2017658270383,38.39410052945836,21.428379762880613
54.28206094380092,266.57854942434903,38.228744103990564,21.475153935980696
50.63773215491632,266.5525765087361,38.30924652657787,21.09726498412928
45.138694692778174,264.63770641157026,39.25055875554167,20.49175632668484
37.8631417090665,264.3694265414554,39.9991210828283,20.61234454935164
33.790342810073234,262.46360195348535,39.5587384654706,20.7251385636249
29.292046952433235,261.59935026101243,40.097299480067,20.87948268400627
28.12310792566363,261.0391200588965,39.52604719875209,21.505669366066282
24.579208618699308,260.4034826819973,38.535204874875554,21.432131130629852
21.793774554717317,259.73196190548254,38.303177456880064,21.271491620007232
20.553064488533728,258.3840637490082,38.300564004652514,21.545932447039803
16.742465132084575,259.6216213513707,38.64137293178422,20.458792577435887
13.969124287205094,262.7427549863833,38.71792751583029,20.389879456275462
12.839648402530663,265.9040132507825,38.83685533841707,20.288508557359947
8.1718650432861,265.1730009405282,38.97805560182807,20.821633710877062
5.679627484546732,266.4421022325703,37.97908269074235,22.046990945060777
1.9641807087544372,269.9439510344535,37.54124712779447,22.01281677116493
-1.3334071214698078,269.00415102566893,35.41883054886308,20.963969780601104
-0.31592079606372536,267.60242877667224,33.36084908583201,20.456015534011414
-0.45343844910883746,263.15965116522443,29.244128334182975,21.210123918528055
-0.20595435167957277,262.82144739095,26.079331009151716,20.294222707387625
0.48618101437308425,261.3000571957094,23.058438921035965,19.6077808002003
1.0362852715862694,260.4388707338411,20.588351280060827,18.80479743121233
-0.4927352477867668,261.9337573559372,18.596520397267593,17.057008077553597
0.24182814418696275,263.47532284571076,16.777989546519063,16.040174152297272
0.4183432626989667,268.316539917936,19.10815609256085,14.23654183050919
0.7623619424340085,274.62880999187934,20.61943213526667,14.799495960576564
6.13623864984209,279.4308888891253,22.454377542471992,15.281587517586134
21.398643754137012,289.3166600824339,22.426252361958316,15.908515055895707
34.809389611043315,296.06488335669303,23.871610165967976,17.156743189994597
51.667871598454354,302.71848709537795,25.4792197079916,18.561527976418642
68.49461160724125,315.15994013107394,27.837519475574066,19.367018358884174
86.56686627668252,324.8697434793247,30.037469670382944,19.308457499784893
100.03789529611817,336.76032955493736,32.15551790897747,19.385521661425898
114.67124055676946,342.7111390673898,33.09180933652741,19.390578928940414
128.96852198191723,346.11333733949124,33.59654496340473,19.054938583620572
141.69998519457926,349.66585075710196,33.69304198473592,19.091120397080775
154.74631179205534,359.10098714409713,33.8121483570445,18.744603650312147
162.21633851345547,364.9375152540508,34.072397038267674,18.759826582321267
173.33039413258905,369.77680478309463,33.74247534467825,17.825013355227227
186.61271055031247,376.30390289375276,32.226798426589816,17.24434218121331
195.8347019946986,382.5290168560025,30.541982255346838,16.465009833190877
202.69812385234417,386.9862759521251,29.71131106355427,15.821601221939334
225.3460812695082,389.0656407710194,27.64726878781994,15.796069368574555
231.67065730095197,389.3867620681463,28.994390719378195,16.642178357801498
244.66951781488933,392.57765079559596,30.040414732397036,17.087297093545576
254.16449579472817,393.9524560566429,30.213506563246707,17.1465213626351
263.6286209182656,399.44427442762424,30.585095335947255,17.398829368597262
273.9299074914903,403.13595060579155,30.867680728316103,17.303006480799002
281.38976725305776,405.89159099991633,30.663915985759886,17.144288596907316
288.63030357934815,405.7626891031068,30.19201100438271,17.073142074812502
295.069402429991,405.63077255322816,29.282760713680553,16.89108468832946
300.5112653945435,408.01631249703684,29.375344560881626,16.758430150901262
307.065717490176,409.2970510082137,29.15306947423095,17.158435415000778
311.4580148498562,409.98027930695133,29.4883258672362,17.552925329747826
318.1103447159294,412.4907644606408,28.771421338336907,18.151733178649483
324.4503467549636,416.58256665326627,28.018977112868615,17.624553792635513
330.16003431715984,417.693412123847,27.37891316859088,17.469508950564624
335.33805962392285,421.43382100410275,26.915918470897353,17.10967383699525
341.85899266822713,425.24198082185524,27.130638457117893,16.59880340116678
346.49292707395745,425.0144621892076,28.003099960293508,16.181256204296247
352.92985224948745,425.944289697579,27.21942714524425,16.345908200111495
359.5731008646866,429.0122393642534,27.55980388487771,16.58469415423822
365.8867581950054,432.40168101413263,26.63565713958434,16.31743948225685
372.3994124343498,435.4036957911873,26.28209682221139,16.774236325089646
379.69003090370626,438.5017883588753,26.466501095961917,16.901601414017914
385.9021671095015,441.7774691349871,26.56920908445696,16.870242226906562
391.6725876374833,443.36182060833914,26.19337848076388,17.13894057491077
398.90433779445885,445.42082182438827,26.647692421573396,16.800592407262556
405.4697672711037,448.32969759913476,26.50151841243651,16.3850420334593
411.1917579518748,449.45959070078237,26.61384961192945,16.497965819711744
417.3042146370973,452.15463132323526,26.322427948332646,16.48102967826058
423.1638872074181,453.8761057795318,26.117284925610992,16.148156239452852
428.4370024083341,453.16783009477643,25.715232914281952,16.215380521561297
433.89339403352534,451.7311108969858,25.674008806965876,16.31396902547998
436.1778360048967,451.78055993382696,25.47537890398763,16.40362182638858
437.98480465731876,454.29707729931556,25.506938205970133,16.476660951765094
441.14515605251574,453.271835148737,25.333769785998527,16.650140748718403
446.6126283593638,453.8637881198714,25.251915458557384,16.853983643920607
452.00935892035466,458.12778317699036,24.46844216769137,17.124313346272064
454.6950665086231,460.0726531344002,24.37815444400487,17.19448620839948
456.5822394723186,460.1832809732526,24.318271035305926,17.308715273812936
461.0603238220252,460.05598050156675,24.24663049598786,17.416693216682063
465.0999747032505,461.5626752096653,23.507918256852705,17.351857362649163
468.79406159037734,463.1455920814153,22.952132406793325,17.15825715300844
472.81552911393214,464.8595588835696,22.889597445132956,16.757951016808953
475.9995417991183,466.9568423999265,22.525981387962606,16.30187814188639
479.35467367913503,467.79453190082563,22.054808070586525,15.950048172299383
481.6471189382421,466.2277070083053,21.556053416630185,16.196702641788335
481.4690158092129,467.5824237350877,21.164064145704472,15.973544145880368
479.50748927434745,468.59723062499813,21.68557979706998,16.01366231681942
481.01780718203776,467.14814626385026,22.01957564405815,16.333735603018923
481.58159760198293,467.32652474735124,21.484010309004844,15.99131626789069
480.1314637288084,471.057429014953,21.579608913584423,15.928247070608307
476.7535028732648,471.5983038644317,21.10593210248546,15.72654469297048
475.5538195523846,471.39642960339216,20.558945547148042,15.644429052604561
474.9285060842345,472.8791138403568,19.9806442512552,15.40514886412143
473.29783172158596,473.0172923455599,20.198248650914433,15.4870326071275
471.92389263753574,473.638562931135,20.20369398629699,15.499598719569484
468.4029597544012,472.9896645793489,20.228400290590972,15.498217180458205
468.63066292286936,475.5575401618348,19.938827754685757,15.476468720106817
467.2883050159616,478.2561008021928,19.902888604054333,15.401913948637738
465.578691582552,478.8364026398255,19.39853792380015,15.409336243831243
462.67946511619,479.9431886633549,19.144750007982935,15.330417288203224
461.5004152470225,480.4704135824762,18.990485835642836,15.235946566877193
459.64334140107326,482.81029813408094,19.271154456877838,15.003084030287585
457.10950543066923,483.2746579471704,19.5822837150382,14.462573985483827
454.4828978791788,483.4353432580541,20.178712376216147,14.076030631839966
450.59565390739874,485.7661149462489,20.15223310328448,14.088882339831516
449.80698120481276,485.7235038125343,20.02033950241402,14.182133818573224
448.02757455188663,485.18916499357107,19.83130405910548,14.796385793743738
445.03634529371675,484.9137479218188,20.100670248327344,15.182386168046012
445.73140792248734,483.5623393807356,20.46878330636849,14.799086697859558
442.5003346369262,482.9286223364032,20.418631293506373,14.989143944025582
437.331843594518,485.2542584345856,20.185109189785123,15.800097661662171
435.4205300652397,486.7593516354943,19.772106212941374,17.492290009692258
435.866979800111,485.87549527354116,18.54373809333456,18.863447786699137
435.43938838363476,485.3759222408379,18.4071048824333,18.42631133657984
434.83348648395116,488.2995892689306,18.959765293529095,17.530316048399722
431.4365172803796,489.31637241212434,19.293578254352703,17.622538212253414
431.8166830789631,487.81644626064065,19.623981377415774,16.89704228104414
430.2622191811311,488.2579817981994,19.77706334025502,16.544153686738678
433.95529342976005,486.573500392361,19.427586958323097,16.579336209719305
434.7743355492765,489.55037723858084,19.554432490713534,16.000845254553706
444.3416335190787,483.94578869643055,20.526299029746855,15.434983619677077
444.47457773738324,485.8966494886054,21.389273808584257,15.270950815158262
447.4415332817414,484.62828155128676,22.31543628630476,14.630770090521914
444.9161725326088,489.7050824301358,22.74052120696362,14.360350858458506
444.57346332814257,492.9910576073081,23.274783056309673,14.212731692315831
446.328518848938,491.4215860920935,23.562729094033905,14.225781129910573
