313	148	25	28
312	154	23	23
312	159	24	23
312	164	21	25
310	168	20	25
310	168	19	28
311	171	21	29
311	173	23	30
309	179	24	28
308	179	28	29
311	181	25	33
312	185	25	30
312	194	25	26
313	205	26	24
315	209	26	27
315	221	31	23
314	231	31	24
313	242	36	22
313	252	34	26
315	263	36	27
313	275	38	27
316	286	37	29
318	297	38	31
317	306	38	32
321	316	43	32
331	325	43	33
338	336	43	34
344	344	44	36
356	356	48	35
370	364	49	37
381	375	52	45
394	395	57	52
409	416	59	55
418	443	67	57
428	471	68	60
431	506	77	63
535	558	75	65
442	589	78	72
582	551	75	69
599	552	79	65
620	550	82	63
643	546	76	70
643	546	76	70
643	546	76	70
643	546	76	70
643	546	76	70
643	546	76	70
643	546	76	70
643	546	76	70
643	546	76	70
643	546	76	70
643	546	76	70
643	546	76	70
643	546	76	70
643	546	76	70
643	546	76	70
643	546	76	70
643	546	76	70
643	546	76	70
683	491	70	75
673	474	71	71
664	449	59	81
653	431	72	71
643	418	78	64
632	405	80	62
623	390	82	62
618	372	80	68
610	353	83	64
598	327	82	68
589	303	84	69
580	275	85	67
570	251	86	67
564	226	87	73
559	202	90	76
560	177	92	81
559	147	90	87
561	117	92	96
560	83	102	99
563	47	105	97
569	14	103	101
572	-11	112	101
576	-34	133	83
576	-34	133	83
576	-34	133	83
576	-34	133	83
576	-34	133	83
576	-34	133	83
576	-34	133	83
576	-34	133	83
576	-34	133	83
576	-34	133	83
576	-34	133	83
576	-34	133	83
576	-34	133	83
576	-34	133	83
576	-34	133	83
576	-34	133	83
576	-34	133	83
576	-34	133	83
576	-34	133	83
576	-34	133	83
576	-34	133	83
576	-34	133	83
576	-34	133	83
576	-34	133	83
576	-34	133	83
576	-34	133	83
576	-34	133	83
576	-34	133	83
576	-34	133	83
576	-34	133	83
576	-34	133	83
576	-34	133	83
576	-34	133	83
576	-34	133	83
576	-34	133	83
576	-34	133	83
576	-34	133	83
576	-34	133	83
576	-34	133	83
576	-34	133	83
576	-34	133	83
576	-34	133	83
576	-34	133	83
576	-34	133	83
576	-34	133	83
576	-34	133	83
576	-34	133	83
576	-34	133	83
576	-34	133	83
576	-34	133	83
576	-34	133	83
576	-34	133	83
576	-34	133	83
576	-34	133	83
576	-34	133	83
576	-34	133	83
695	-11	112	69
695	-11	112	69
695	-11	112	69
695	-11	112	69
695	-11	112	69
695	-11	112	69
695	-11	112	69
695	-11	112	69
695	-11	112	69
695	-11	112	69
695	-11	112	69
695	-11	112	69
695	-11	112	69
695	-11	112	69
695	-11	112	69
695	-11	112	69
695	-11	112	69
695	-11	112	69
695	-11	112	69
695	-11	112	69
695	-11	112	69
695	-11	112	69
695	-11	112	69
695	-11	112	69
695	-11	112	69
695	-11	112	69
695	-11	112	69
695	-11	112	69
695	-11	112	69
695	-11	112	69
695	-11	112	69
695	-11	112	69
695	-11	112	69
695	-11	112	69
695	-11	112	69
695	-11	112	69
695	-11	112	69
695	-11	112	69
695	-11	112	69
695	-11	112	69
695	-11	112	69
695	-11	112	69
695	-11	112	69
695	-11	112	69
695	-11	112	69
695	-11	112	69
695	-11	112	69
695	-11	112	69
695	-11	112	69
695	-11	112	69
695	-11	112	69
695	-11	112	69
695	-11	112	69
695	-11	112	69
695	-11	112	69
695	-11	112	69
621	120	103	67
601	151	93	72
623	182	91	54
644	123	84	47
644	123	84	47
644	123	84	47
644	123	84	47
644	123	84	47
644	123	84	47
644	123	84	47
644	123	84	47
644	123	84	47
644	123	84	47
644	123	84	47
644	123	84	47
644	123	84	47
644	123	84	47
644	123	84	47
644	123	84	47
644	123	84	47
644	123	84	47
644	123	84	47
644	123	84	47
644	123	84	47
644	123	84	47
644	123	84	47
644	123	84	47
644	123	84	47
644	123	84	47
644	123	84	47
644	123	84	47
644	123	84	47
644	123	84	47
644	123	84	47
644	123	84	47
644	123	84	47
644	123	84	47
644	123	84	47
644	123	84	47
644	123	84	47
644	123	84	47
644	123	84	47
644	123	84	47
644	123	84	47
644	123	84	47
644	123	84	47
644	123	84	47
644	123	84	47
644	123	84	47
644	123	84	47
644	123	84	47
644	123	84	47
644	123	84	47
644	123	84	47
644	123	84	47
644	123	84	47
644	123	84	47
644	123	84	47
644	123	84	47
644	123	84	47
644	123	84	47
644	123	84	47
688	75	90	53
695	85	88	46
695	85	88	46
695	85	88	46
695	85	88	46
695	85	88	46
695	85	88	46
695	85	88	46
695	85	88	46
695	85	88	46
695	85	88	46
695	85	88	46
695	85	88	46
695	85	88	46
695	85	88	46
695	85	88	46
695	85	88	46
695	85	88	46
695	85	88	46
695	85	88	46
695	85	88	46
695	85	88	46
695	85	88	46
695	85	88	46
695	85	88	46
695	85	88	46
695	85	88	46
695	85	88	46
695	85	88	46
695	85	88	46
645	75	75	39
621	111	72	38
621	126	68	40
616	117	65	44
616	117	65	44
616	117	65	44
616	117	65	44
616	117	65	44
616	117	65	44
616	117	65	44
616	117	65	44
616	117	65	44
616	117	65	44
616	117	65	44
616	117	65	44
616	117	65	44
616	117	65	44
616	117	65	44
616	117	65	44
616	117	65	44
616	117	65	44
616	117	65	44
616	117	65	44
616	117	65	44
616	117	65	44
616	117	65	44
616	117	65	44
616	117	65	44
616	117	65	44
616	117	65	44
616	117	65	44
616	117	65	44
616	117	65	44
616	117	65	44
616	117	65	44
616	117	65	44
616	117	65	44
616	117	65	44
616	117	65	44
616	117	65	44
616	117	65	44
616	117	65	44
616	117	65	44
616	117	65	44
616	117	65	44
616	117	65	44
616	117	65	44
616	117	65	44
616	117	65	44
616	117	65	44
616	117	65	44
616	117	65	44
616	117	65	44
616	117	65	44
616	117	65	44
616	117	65	44
616	117	65	44
616	117	65	44
686	70	59	45
596	158	59	49
596	158	59	49
596	158	59	49
596	158	59	49
470	92	51	59
474	77	65	55
482	66	67	53
482	66	67	53
482	66	67	53
482	66	67	53
482	66	67	53
482	66	67	53
482	66	67	53
482	66	67	53
482	66	67	53
482	66	67	53
482	66	67	53
482	66	67	53
482	66	67	53
482	66	67	53
482	66	67	53
482	66	67	53
482	66	67	53
482	66	67	53
