1005	618	122	239
1012	625	116	237
1069	612	105	273
1105	602	112	305
1115	637	146	305
1209	645	148	332
1296	628	168	359
1407	612	219	345
1384	456	236	399
1348	301	253	444
1309	178	196	437
1149	197	230	418
1117	255	199	392
1336	667	257	375
1461	428	304	440
1511	274	346	419
1657	202	255	390
1537	142	268	326
1548	153	359	258
1264	182	335	262
1585	111	316	243
1296	144	295	232
1283	127	264	214
1255	100	222	203
1181	145	177	154
1083	148	179	187
1013	162	164	188
945	219	138	163
907	256	127	158
884	290	105	151
882	299	83	143
895	312	74	138
1000	286	84	132
955	276	90	124
958	298	94	120
940	331	97	120
940	331	97	120
1067	375	106	132
1077	379	101	141
1074	390	106	141
1074	390	106	141
1065	434	119	122
1065	434	119	122
1063	448	106	126
1060	474	105	136
1060	486	94	143
1064	500	96	149
1038	523	106	150
895	650	125	149
1060	552	108	153
1102	567	109	157
1142	573	116	163
992	746	140	141
992	746	140	141
918	675	117	165
915	669	125	189
922	650	115	203
930	665	122	197
946	664	126	199
889	612	140	165
897	618	134	155
1001	733	136	150
1013	742	130	158
1031	759	141	157
1056	786	145	144
1084	776	143	158
1105	750	149	161
1125	753	147	161
1126	759	144	166
1116	782	157	177
1122	769	143	216
1154	765	144	218
1183	771	179	207
1223	727	171	220
1251	712	179	223
1269	675	188	235
1288	666	169	245
1257	681	186	226
1223	694	192	225
1185	684	191	245
1153	674	183	253
1154	661	166	242
1133	647	169	247
1103	631	149	252
1113	613	141	268
1100	616	140	263
1092	550	160	283
1121	505	206	319
1102	516	219	331
1120	517	185	325
1137	506	130	329
1147	520	128	327
1195	556	103	312
1205	551	118	301
1184	544	141	318
1166	555	168	292
1173	570	157	252
1181	587	176	274
1127	576	227	265
1549	723	192	277
1560	694	194	240
1534	576	175	252
1497	517	176	240
1203	422	213	281
951	396	153	248
958	402	142	216
970	397	129	197
959	401	127	180
967	381	116	180
991	370	102	170
998	371	95	166
966	362	107	168
915	380	114	166
872	400	114	152
846	408	123	176
937	299	121	154
820	383	136	141
790	381	170	134
777	362	209	143
909	-3	201	173
942	3	156	192
948	11	127	209
954	46	119	191
954	72	125	184
960	98	114	177
951	143	121	174
983	175	112	161
987	187	101	151
1008	213	104	157
1017	224	94	146
1026	234	93	148
1037	253	92	139
1050	255	100	137
1062	257	97	134
1083	275	85	133
1092	281	80	126
1100	286	79	119
1108	290	72	124
1122	297	70	124
1151	309	73	126
1149	317	72	123
1159	329	70	120
1165	325	62	117
1156	340	61	114
1160	354	64	110
1147	354	62	113
1149	353	67	109
1142	361	65	112
1153	386	63	114
1161	401	65	106
1164	404	61	101
1167	411	56	98
1174	398	58	97
1168	393	60	94
1175	397	62	102
1180	400	57	100
1182	400	60	98
1165	402	69	97
1151	413	73	99
1145	436	71	104
1130	452	70	101
1127	463	67	94
1129	471	66	92
1130	482	65	93
1123	471	67	90
1132	450	60	101
1124	452	62	96
1125	444	59	102
1132	443	72	102
1127	441	69	104
1122	446	69	106
1112	452	71	104
1112	453	71	104
1104	450	83	93
1105	461	83	100
1114	483	79	97
1123	485	79	94
1127	479	85	94
1142	474	91	93
1170	479	81	96
1188	468	82	98
1205	468	83	98
1228	460	79	104
1236	449	78	104
1242	430	76	108
1258	413	82	110
1267	397	89	106
1290	389	86	104
1296	378	80	104
1321	349	80	107
1335	320	76	110
1345	283	78	109
1367	253	75	109
1385	227	71	107
1402	192	63	114
1414	144	67	114
