205	273	33	55
209	275	27	53
209	270	25	52
205	269	26	52
209	261	29	53
217	257	28	53
213	257	28	54
213	263	26	55
218	268	28	54
215	271	32	51
212	273	33	51
212	272	33	54
209	274	34	56
210	280	34	55
214	286	31	55
214	286	31	54
221	287	27	56
229	287	26	55
234	287	27	55
234	284	26	57
235	279	27	57
241	275	29	58
247	273	27	61
249	272	28	61
254	271	30	58
256	269	30	60
254	268	32	58
257	267	32	57
261	264	31	61
259	261	35	60
265	258	36	61
271	260	35	63
276	262	34	61
284	261	31	63
289	264	29	64
298	263	30	64
306	262	30	63
312	261	30	64
320	257	28	66
326	260	33	65
330	261	39	66
336	260	41	69
343	258	40	68
346	259	39	66
348	259	38	66
354	256	37	67
356	255	37	67
357	254	38	72
361	256	39	72
363	255	38	74
361	255	42	73
362	256	42	71
379	260	32	74
385	259	31	73
394	258	31	75
399	259	34	76
406	257	40	78
408	261	48	75
414	262	54	74
419	262	56	75
434	260	48	79
438	261	49	78
450	261	45	78
453	263	47	77
458	264	51	78
462	265	51	79
461	262	55	80
485	271	47	77
498	271	38	77
504	270	34	78
511	278	33	72
519	277	36	74
522	273	44	79
525	272	48	81
529	275	52	79
541	273	66	83
546	274	63	86
552	275	61	82
560	280	56	79
567	288	54	72
580	287	51	75
581	288	60	73
584	286	67	71
589	283	70	77
586	279	80	81
594	284	83	78
596	282	84	79
596	282	90	78
600	283	91	78
597	281	99	79
604	281	94	80
609	283	95	79
614	284	98	80
617	282	100	82
616	284	107	82
620	291	108	72
621	290	109	76
629	292	107	74
626	285	115	80
638	283	110	85
611	294	140	72
618	286	137	79
629	281	144	83
615	281	149	86
616	281	156	88
621	281	156	86
625	278	155	89
621	281	157	86
621	280	162	88
627	286	149	81
646	277	152	95
653	288	130	79
655	288	131	82
665	280	111	94
675	279	101	98
675	280	97	94
681	275	84	98
679	273	82	104
676	277	85	103
671	275	76	104
667	277	72	101
658	275	73	101
650	276	61	102
633	275	64	103
620	272	60	107
603	272	59	104
584	268	60	107
576	270	58	106
559	268	64	108
551	270	65	108
539	267	66	110
525	266	77	110
515	268	86	107
511	274	90	103
505	270	95	108
502	273	101	109
505	271	100	106
503	269	101	107
502	270	105	104
522	267	88	106
541	270	73	93
559	267	54	94
564	263	51	94
568	267	49	90
570	266	50	93
574	269	53	94
580	267	53	97
584	268	52	97
593	265	47	100
597	268	44	99
597	269	45	98
604	269	43	103
611	270	42	102
612	276	43	97
615	271	42	103
618	267	43	113
622	270	42	108
622	273	43	107
620	277	54	103
623	283	55	99
628	282	53	104
630	284	52	103
635	290	52	99
639	289	50	98
643	287	50	101
645	289	52	99
644	286	53	101
645	286	52	101
642	285	53	102
641	280	53	104
641	273	52	110
641	270	51	112
640	266	51	113
638	265	48	114
628	268	59	110
630	254	47	119
624	258	53	113
617	254	57	116
609	258	67	109
602	258	71	112
597	263	82	107
597	263	87	108
599	265	84	108
598	264	87	107
598	269	87	100
599	266	80	105
607	263	75	107
608	260	68	107
614	259	62	113
619	261	61	109
623	258	65	110
626	254	69	111
633	256	72	110
641	250	68	116
646	258	67	114
658	266	62	114
665	264	56	117
669	274	54	115
673	283	63	110
680	278	62	112
686	282	64	111
694	283	59	112
701	281	57	114
704	280	56	114
712	287	48	111
715	280	44	113
717	280	47	115
722	279	46	115
725	275	48	118
729	281	56	113
734	271	59	121
743	277	62	118
749	287	63	110
751	292	65	102
755	293	70	103
754	291	74	105
759	292	71	104
759	292	79	104
765	290	77	106
768	291	81	103
771	290	79	103
773	288	80	102
775	296	79	94
780	289	73	104
785	293	70	102
787	291	78	104
775	293	89	102
775	290	92	103
778	285	89	105
776	284	72	108
769	282	78	108
761	287	88	104
753	290	97	98
753	291	95	97
757	286	83	100
758	286	72	101
755	287	69	99
760	285	58	103
764	286	50	103
763	285	50	103
759	285	50	103
757	289	50	100
755	288	47	102
749	288	56	102
740	295	64	93
734	294	67	92
733	298	62	90
732	298	59	91
732	294	58	95
736	293	54	95
730	295	61	93
735	295	58	93
735	292	56	97
739	288	51	98
742	286	48	103
741	287	47	102
741	288	46	99
737	288	53	96
738	287	52	97
740	288	61	97
735	289	74	95
733	288	76	96
736	286	73	98
738	287	67	98
734	285	71	96
740	283	66	99
746	287	60	96
753	289	53	95
759	289	48	97
762	289	47	98
762	289	46	96
760	289	48	97
757	288	54	98
756	292	60	92
761	290	56	95
772	294	45	92
781	293	39	94
780	296	47	89
781	296	49	88
783	294	51	90
784	293	53	90
781	295	61	92
782	296	66	90
785	301	65	88
794	300	61	90
800	297	54	93
804	297	51	92
805	300	53	89
806	300	54	92
810	303	54	88
816	305	50	87
816	311	54	82
810	316	67	77
818	316	64	79
820	320	63	77
826	317	54	81
828	319	51	80
827	320	50	79
825	320	54	78
822	318	55	83
821	318	57	83
819	320	58	82
819	320	55	83
820	321	54	81
821	322	49	81
820	324	52	80
816	326	57	77
810	325	62	79
805	325	69	77
804	323	67	80
803	322	65	83
799	325	67	82
801	322	66	84
799	325	66	82
805	325	58	83
810	323	52	83
804	328	55	79
795	327	59	80
788	327	68	82
