327	219	238	121
328	218	240	123
300	203	227	128
264	208	243	126
253	279	236	149
210	241	253	175
202	218	267	187
204	203	269	188
200	188	276	189
197	175	282	193
189	161	297	210
201	155	294	218
212	164	301	210
243	166	296	224
261	164	288	225
289	167	284	231
308	164	288	249
327	179	298	242
350	190	297	237
386	218	298	219
412	211	295	234
440	227	298	227
461	240	300	220
493	262	303	198
537	264	285	205
578	283	275	191
600	280	274	194
638	289	259	196
668	289	253	196
696	283	246	208
732	276	241	221
749	269	249	234
774	275	251	232
806	243	247	275
798	241	281	289
828	231	265	315
827	222	277	326
837	240	306	307
848	270	314	295
835	242	330	332
883	273	314	307
911	322	289	260
944	344	280	233
955	344	261	232
965	333	248	248
976	351	248	226
995	344	228	234
1012	344	217	227
1029	361	191	215
1042	350	180	223
1080	363	145	205
1092	372	137	196
1110	364	112	200
1121	372	99	183
1128	383	96	167
1136	371	81	169
1137	371	77	161
1130	362	73	170
1115	366	84	157
1124	354	68	158
1079	457	81	171
1068	440	102	188
1068	410	118	227
1093	375	95	251
1104	386	89	226
1100	387	89	199
1104	378	70	196
1094	374	73	183
1092	366	67	183
1092	366	67	183
1072	354	65	175
1043	349	81	174
1035	341	71	189
1174	336	95	203
987	335	85	219
987	335	85	219
987	335	85	219
987	335	85	219
987	335	85	219
987	335	85	219
1168	335	100	210
1140	346	134	197
1117	358	161	214
1117	358	161	214
1117	358	161	214
1117	358	161	214
1117	358	161	214
1117	358	161	214
1117	358	161	214
1117	358	161	214
1117	358	161	214
1147	398	137	207
1162	396	115	226
1165	408	112	218
1157	413	121	208
1167	415	111	223
1167	413	107	224
1156	411	118	222
1163	402	111	230
1169	400	101	228
1170	394	101	242
1161	391	112	239
1176	388	97	237
1186	394	89	231
1185	386	91	230
1203	388	74	240
1183	387	100	231
1170	390	94	229
1172	391	95	213
1184	393	86	196
1192	393	82	205
1172	399	102	204
1181	403	91	205
1199	408	75	204
1204	414	71	197
1181	403	84	188
1175	401	96	164
1167	408	110	150
1168	406	102	153
1179	415	100	147
1183	415	90	148
1184	420	92	150
1201	424	74	145
1206	420	71	140
1212	385	60	160
1216	379	59	164
1210	382	66	152
1210	382	66	152
1210	382	66	152
1210	382	66	152
1210	382	66	152
1193	422	80	168
1179	408	96	183
1168	404	104	195
1169	411	104	202
1180	411	92	207
1184	415	90	205
1188	420	86	209
1178	402	95	224
1158	395	115	231
1153	396	122	219
1155	431	114	196
1161	421	115	189
1174	440	94	170
1193	412	94	197
1193	412	94	197
1193	412	94	197
1193	412	94	197
1193	412	94	197
1193	412	94	197
1193	412	94	197
1162	399	121	199
1181	407	88	171
1181	407	88	171
1181	407	88	171
1188	428	96	145
1188	428	96	145
1188	428	96	145
1188	428	96	145
1199	549	80	121
1199	549	80	121
1176	566	101	107
1175	558	113	118
1160	551	117	126
1160	551	117	126
1159	544	120	142
1181	272	123	165
1162	-11	107	185
1162	-11	107	185
1162	-11	107	185
1162	-11	107	185
1162	-11	107	185
1162	-11	107	185
