582	400	33	32
579	372	28	27
578	343	25	29
574	321	24	29
569	304	26	30
566	292	25	30
561	287	25	29
557	287	26	27
552	290	26	29
550	300	26	29
547	312	28	29
544	333	27	32
542	356	25	35
538	382	26	38
534	422	28	32
534	460	28	35
530	502	34	38
518	481	39	33
517	447	31	32
512	420	31	35
502	398	34	39
495	381	34	41
487	364	40	47
478	357	44	47
477	355	40	50
477	364	35	40
475	372	29	43
472	393	29	40
467	416	29	36
466	446	28	35
462	479	26	35
461	515	23	41
463	475	24	38
464	434	27	37
467	396	24	35
471	365	26	34
473	342	27	31
477	322	28	31
480	308	29	30
483	299	30	28
487	296	30	26
492	296	28	30
497	302	29	33
498	317	29	34
503	336	29	35
506	362	29	36
513	395	28	35
514	429	27	35
518	474	25	37
519	418	27	37
526	347	27	36
529	280	32	38
537	219	36	37
540	164	38	39
545	116	38	43
554	85	36	43
563	56	32	37
571	30	31	35
579	11	30	33
584	0	30	31
590	-6	30	29
597	-4	28	28
602	-3	28	30
606	4	28	32
609	20	30	32
610	41	32	34
613	67	29	33
616	104	29	29
619	140	29	30
623	185	27	30
624	230	25	34
627	282	24	36
628	342	24	32
630	402	26	26
635	465	22	21
638	508	26	22
638	464	25	23
634	419	25	27
634	382	23	32
633	352	24	33
634	329	25	33
635	316	31	27
635	304	31	31
634	300	29	28
638	296	26	30
637	294	27	31
638	301	27	35
639	319	27	35
638	343	28	36
640	367	26	39
639	399	30	37
640	439	29	33
642	482	28	34
640	493	29	36
640	440	27	35
641	393	28	35
644	350	27	37
645	316	30	38
646	292	33	34
652	264	33	39
657	249	29	42
658	238	33	42
660	230	35	49
663	231	31	53
666	241	34	49
668	261	33	47
672	286	29	44
675	313	32	38
676	345	29	40
680	383	30	36
683	428	29	35
684	478	30	35
686	500	26	39
680	438	26	39
675	390	28	38
670	342	27	40
663	308	31	34
659	278	31	36
654	249	29	34
649	229	31	34
645	216	30	31
641	209	29	31
638	205	28	33
635	212	29	32
634	221	28	33
628	238	29	35
624	257	30	39
623	284	30	37
622	318	29	38
621	361	25	38
617	410	29	33
616	457	27	39
615	512	27	39
615	496	27	41
613	455	28	40
615	420	26	37
615	397	27	33
614	378	28	34
613	362	29	32
615	350	28	34
616	349	29	29
616	348	28	30
619	356	29	30
618	368	32	32
620	385	31	39
622	411	34	42
623	439	38	45
622	475	43	49
619	523	45	46
618	545	54	55
615	498	49	50
615	457	40	49
614	431	33	47
613	412	29	42
611	397	27	38
608	385	26	39
607	382	26	35
599	385	27	31
596	389	27	33
592	398	27	34
591	411	26	38
587	429	28	40
585	460	27	34
585	496	26	33
581	531	28	39
588	503	26	34
594	462	27	36
605	427	27	35
612	397	27	35
621	365	26	39
628	350	27	34
632	336	29	28
639	326	28	27
645	319	27	28
651	320	27	29
657	329	27	29
662	340	28	30
667	354	27	33
671	382	27	31
673	409	31	36
673	449	35	34
672	454	36	33
669	414	31	33
669	378	26	32
664	348	27	32
659	328	27	31
653	313	28	28
649	302	26	27
644	295	26	26
640	295	27	25
635	299	27	25
632	306	25	28
627	318	26	29
622	340	26	26
619	365	24	27
617	391	24	32
614	422	25	34
611	461	25	33
608	499	27	35
611	468	22	30
615	437	24	31
617	410	24	30
619	390	23	31
622	370	24	32
623	359	24	33
624	352	25	33
625	352	24	29
628	356	24	28
630	364	26	29
632	374	25	32
634	394	25	33
633	421	24	32
636	450	23	30
636	486	24	33
634	463	24	36
631	424	24	34
628	392	23	35
624	366	25	34
620	348	22	33
618	335	23	32
615	324	24	31
614	319	25	32
610	318	27	32
607	326	27	30
605	335	26	32
601	348	27	35
599	372	28	33
595	399	28	33
593	434	27	32
590	471	27	32
589	488	29	35
601	455	27	34
611	420	24	37
618	393	25	38
625	374	26	35
632	360	26	37
640	352	27	34
648	349	30	34
655	352	31	33
665	359	29	34
674	374	30	35
681	391	30	36
692	420	28	31
697	455	27	29
701	493	27	33
703	451	24	37
698	410	25	36
696	374	26	34
688	342	27	36
680	319	31	38
681	298	26	43
679	286	27	37
675	285	29	35
673	287	27	36
671	293	25	35
666	301	26	41
663	316	26	45
663	337	26	46
660	369	28	39
660	406	27	37
658	449	28	34
660	491	26	33
657	446	26	35
656	407	28	33
655	369	28	37
655	342	27	38
653	314	26	46
648	294	29	41
646	280	27	44
637	275	29	39
633	276	28	37
627	282	30	37
621	292	30	41
617	314	31	38
611	341	30	39
605	368	30	44
600	409	28	42
590	444	32	39
575	390	32	38
559	340	30	37
543	297	27	40
525	261	29	40
506	233	36	43
487	212	40	41
470	195	40	43
452	178	44	50
435	176	45	49
432	189	36	42
424	207	34	37
414	225	32	35
408	247	30	36
405	274	31	32
412	301	33	33
425	334	31	34
441	359	33	40
480	301	30	36
510	247	34	34
536	204	32	29
555	166	29	30
571	137	30	29
579	114	32	34
588	101	33	33
592	91	34	35
601	95	29	35
605	103	30	30
608	113	30	32
609	127	30	35
609	147	30	36
611	181	30	33
613	208	29	36
617	243	27	37
621	287	25	33
624	333	27	36
628	371	29	35
621	335	33	35
623	301	30	39
623	277	30	41
623	257	29	42
623	247	27	39
620	241	28	37
618	238	28	36
619	237	26	40
622	247	25	39
622	261	26	36
624	279	28	39
628	299	25	45
629	321	25	47
630	365	29	40
630	371	28	39
624	332	28	40
618	300	27	40
608	271	29	43
601	247	28	44
596	233	29	44
587	224	29	41
576	220	35	40
567	224	36	39
561	235	33	37
555	251	30	35
545	272	33	33
539	302	29	33
529	338	29	30
524	381	28	31
525	374	28	28
533	315	30	33
543	260	32	38
554	218	33	33
567	176	34	36
581	141	35	36
592	115	36	39
607	97	34	39
619	81	35	39
632	76	37	36
646	75	38	34
660	77	36	36
676	84	37	42
687	100	39	43
701	128	36	48
716	173	30	42
728	216	31	39
738	268	31	37
748	319	32	42
754	359	31	44
749	306	31	46
744	256	30	49
739	223	33	42
729	198	36	41
726	173	35	41
723	153	33	41
723	146	33	37
720	141	34	37
718	143	35	37
716	151	37	39
714	171	33	40
712	195	31	42
712	226	29	44
710	265	30	41
709	304	31	42
710	354	27	39
708	406	29	39
708	436	27	44
710	390	28	40
711	351	30	38
715	317	30	37
718	289	26	41
716	270	27	39
718	259	24	37
720	252	26	35
721	254	26	31
724	256	26	31
725	263	25	36
723	275	28	41
723	298	28	39
725	329	25	38
726	360	28	35
729	396	24	38
726	383	25	40
728	347	24	38
728	319	24	36
730	292	24	36
730	278	25	34
732	260	24	35
733	256	26	30
734	253	26	28
734	255	26	27
735	263	27	27
734	274	28	28
735	291	29	28
737	314	26	30
737	342	25	33
737	376	24	35
740	413	23	38
739	382	22	34
737	341	24	33
735	314	24	26
731	284	27	26
729	262	29	25
729	245	26	28
726	232	27	26
724	225	27	27
721	223	27	28
718	225	27	28
714	235	26	27
715	248	25	27
712	267	26	28
704	291	26	32
702	319	24	36
699	357	24	33
696	392	24	33
699	356	23	36
701	324	25	36
704	298	24	34
703	272	26	40
708	261	24	35
709	253	26	34
712	248	27	32
715	250	27	32
718	255	26	34
720	266	27	36
722	284	28	34
725	310	29	33
727	337	29	36
732	372	27	36
735	414	28	38
735	408	26	39
728	373	29	37
720	339	32	37
716	317	32	37
709	304	30	32
703	290	31	33
697	288	30	26
691	282	29	30
686	289	27	28
679	294	28	33
674	308	29	36
670	328	29	36
663	356	28	34
660	392	27	33
649	432	30	33
655	417	27	29
662	372	28	35
667	335	26	37
671	311	26	34
678	289	26	35
680	278	30	32
687	266	28	36
695	261	28	34
700	264	28	35
704	273	28	31
710	286	27	34
713	305	26	34
717	328	27	35
723	357	27	34
726	394	28	36
726	402	27	38
723	355	29	37
723	311	28	41
725	279	26	37
722	251	26	35
719	231	29	33
715	215	29	32
715	205	29	30
713	201	28	29
713	202	29	27
712	207	28	29
710	217	29	30
708	234	29	30
707	253	30	33
706	285	30	32
705	317	26	34
702	361	27	33
700	403	27	37
700	429	25	42
698	384	27	36
700	348	26	33
696	312	27	35
693	287	29	33
687	260	28	32
681	243	30	32
680	229	29	31
679	221	28	31
677	220	29	28
672	223	30	30
669	230	30	31
666	243	29	34
661	265	29	36
657	292	30	36
652	326	28	40
648	365	34	44
649	425	31	36
649	428	30	41
653	385	28	44
657	352	30	42
662	321	30	43
665	295	32	45
670	278	29	50
676	271	29	44
682	267	29	43
686	271	31	40
694	274	31	45
699	290	31	44
703	313	34	44
705	344	33	43
706	379	33	42
711	421	32	44
716	463	32	40
719	411	30	42
721	372	32	39
728	333	28	42
728	305	30	40
732	278	29	44
737	263	29	43
738	254	30	43
741	256	30	40
743	261	31	40
746	272	34	39
749	287	34	44
748	318	38	37
752	351	36	39
758	391	34	41
760	436	32	46
760	492	36	45
759	436	43	47
758	386	40	47
758	341	34	46
754	308	36	42
751	277	38	45
746	260	38	45
741	250	38	39
738	241	38	41
735	242	35	43
732	253	37	45
728	271	40	49
719	305	43	47
719	340	45	50
718	383	41	58
716	443	40	60
713	472	41	61
702	399	41	60
696	332	43	61
689	274	45	61
680	227	41	59
674	193	41	59
670	164	37	60
663	146	37	59
658	135	37	60
654	141	37	53
646	151	41	55
642	164	43	59
640	196	40	53
642	235	39	48
642	281	37	51
640	332	39	48
638	394	36	50
635	449	38	50
640	393	35	54
641	354	40	49
643	320	38	52
647	293	36	55
648	279	34	54
648	277	35	47
650	282	36	43
653	286	39	47
659	304	33	47
660	322	34	53
661	351	34	49
663	389	32	45
666	430	27	41
667	443	29	41
666	398	29	37
669	356	27	41
670	325	29	36
670	298	31	40
671	280	29	39
672	265	27	41
674	259	26	39
675	259	26	38
675	264	27	36
678	273	28	38
679	293	29	36
677	315	30	40
680	339	26	42
681	374	26	41
682	371	24	41
678	329	27	38
670	294	28	37
664	264	26	34
656	244	26	30
651	224	24	32
645	212	26	30
638	203	27	32
633	201	28	31
627	205	30	30
620	212	37	35
614	230	34	33
613	247	26	40
610	277	26	36
605	309	24	32
602	343	24	32
597	368	24	33
590	334	25	33
587	303	25	32
584	281	28	33
577	258	26	34
572	242	27	32
567	229	25	37
561	226	27	33
556	224	30	32
550	231	32	35
545	250	33	29
541	263	28	34
537	288	25	33
530	316	26	32
526	354	27	30
521	369	26	33
518	330	27	31
516	291	26	32
512	259	28	33
509	235	30	34
506	213	30	33
503	195	30	35
499	188	29	32
495	184	33	30
492	189	33	31
491	197	32	34
489	213	31	35
485	237	31	35
483	265	32	37
480	305	32	34
478	352	32	34
475	396	35	40
471	343	32	41
470	300	30	36
463	257	34	38
461	224	34	41
460	196	33	43
458	174	35	43
453	164	35	39
451	155	33	42
448	155	33	42
447	161	33	47
442	183	36	42
436	205	38	39
432	233	37	40
426	272	36	42
420	315	36	49
415	362	37	56
410	405	38	52
421	343	35	51
432	294	34	46
439	253	34	45
445	215	38	44
446	187	43	46
454	169	41	41
462	164	41	38
470	159	41	35
478	161	42	35
490	171	41	36
501	185	37	41
509	209	36	44
520	246	35	45
527	289	37	44
531	336	37	45
537	397	37	43
541	348	35	47
542	292	36	44
544	239	36	51
541	203	36	46
539	175	39	43
541	156	37	44
543	132	35	43
543	131	42	36
538	130	46	31
538	130	46	31
533	150	46	38
539	177	42	36
541	200	36	40
540	234	39	42
539	280	36	35
542	323	31	39
540	374	32	42
549	361	33	44
567	321	32	42
582	288	32	40
597	263	32	43
610	242	34	41
625	227	31	44
639	222	32	41
649	223	41	42
662	227	37	44
672	245	35	42
685	267	34	38
697	293	29	37
707	324	28	35
715	361	26	35
720	398	29	40
726	362	27	41
729	325	29	41
732	292	34	44
736	272	33	36
742	255	31	36
746	243	33	35
750	232	35	36
753	235	33	34
756	242	32	37
761	257	31	36
763	280	31	35
766	306	32	39
769	341	32	38
772	382	31	37
774	432	30	35
780	382	30	36
781	337	32	37
784	295	31	41
782	265	33	37
779	240	33	41
774	223	36	37
770	208	32	38
766	205	35	34
764	206	36	34
761	214	35	37
759	232	36	40
758	256	36	41
756	290	34	41
753	331	34	41
754	376	33	45
751	428	34	47
749	374	34	43
750	325	32	43
749	283	33	43
748	250	35	42
748	228	36	43
747	207	39	40
746	197	37	39
746	196	36	36
747	198	35	38
748	205	35	40
751	223	35	41
757	247	37	42
757	281	36	41
757	317	37	44
759	364	32	40
754	418	33	38
748	437	32	40
739	389	37	40
730	352	36	40
719	321	35	44
706	300	38	38
689	278	41	45
677	272	41	44
666	270	48	43
661	272	39	46
658	282	35	48
657	302	36	43
653	330	37	42
654	361	34	45
654	401	30	46
652	448	34	49
650	458	32	50
653	411	30	46
648	366	33	49
647	334	34	54
646	305	34	58
644	294	37	49
644	280	35	49
640	273	37	51
640	272	37	54
636	286	38	49
633	308	39	44
634	330	33	46
630	360	34	46
625	397	32	49
623	441	37	61
622	418	37	66
625	347	35	55
628	287	35	54
637	235	31	51
641	192	31	46
644	159	33	44
648	135	35	43
652	114	35	40
655	100	35	41
660	91	34	40
663	92	33	42
664	103	35	37
667	117	35	37
668	135	35	40
670	158	33	41
673	195	33	38
671	227	35	43
671	274	37	47
675	322	33	50
677	381	28	48
680	440	27	50
676	451	30	54
670	396	32	47
667	349	30	44
662	310	31	42
659	270	32	45
655	245	30	42
648	227	32	38
642	214	33	36
638	205	32	34
631	207	34	32
626	210	32	35
623	221	32	35
616	239	31	37
611	267	30	36
605	302	32	33
603	338	33	36
599	385	31	37
598	437	29	40
595	400	30	44
595	363	31	42
597	336	34	35
603	312	35	37
606	293	35	36
608	285	34	34
610	280	32	34
614	281	31	35
616	289	33	35
618	302	35	34
623	324	34	35
627	345	30	40
636	380	29	43
639	422	30	42
638	380	31	36
633	334	32	33
630	297	32	33
629	261	32	35
627	236	34	37
626	216	33	39
625	205	35	34
622	199	33	34
621	200	34	35
621	206	34	38
622	221	35	37
623	240	35	45
622	270	37	42
621	308	33	41
620	355	32	39
617	408	37	34
610	409	41	41
613	362	34	41
608	324	34	36
605	287	35	37
602	257	34	42
596	235	36	41
591	221	37	37
587	213	35	36
581	210	36	38
574	216	35	39
569	233	34	41
561	254	36	42
556	282	37	43
549	321	35	44
546	364	33	47
539	418	36	45
542	398	37	42
549	333	36	41
560	279	35	43
567	237	36	41
573	203	36	40
582	172	35	40
587	154	36	40
593	138	39	42
600	132	41	41
611	136	38	39
621	139	34	45
626	156	37	44
633	179	34	44
641	210	35	41
649	244	34	44
654	291	32	43
659	336	32	40
660	397	33	36
664	347	33	41
667	306	33	39
670	269	30	43
671	240	32	40
672	219	34	43
673	204	36	41
673	194	33	45
674	194	32	42
677	198	26	43
681	213	26	41
680	232	27	41
679	259	28	37
677	286	28	39
677	319	28	37
676	363	29	33
672	357	27	30
664	330	27	32
653	316	30	28
645	303	29	28
636	296	29	27
628	291	28	25
621	289	27	28
608	296	31	27
599	309	30	25
594	325	27	26
589	347	22	26
583	368	24	28
577	392	24	31
577	353	25	28
580	313	25	25
582	283	26	23
586	255	25	22
589	234	26	24
593	216	28	24
596	204	27	23
602	195	25	25
605	192	26	27
611	194	27	27
616	201	26	29
619	216	25	30
622	235	25	30
626	258	24	29
632	288	24	31
634	318	23	31
631	316	25	27
627	281	27	23
623	250	26	23
619	222	24	24
616	200	25	24
611	184	25	24
607	175	24	26
602	168	24	27
599	166	26	26
595	168	25	28
589	175	26	29
585	188	25	30
578	208	27	31
575	231	26	30
571	262	25	28
566	297	25	29
562	336	24	30
559	362	25	31
559	322	26	30
560	288	26	29
565	262	25	24
565	235	26	25
565	218	26	27
565	205	28	27
568	195	26	27
570	190	26	28
570	192	25	31
570	200	25	30
570	212	25	31
572	231	25	29
574	256	24	29
574	286	25	29
570	319	23	30
574	334	23	33
574	293	27	28
578	254	27	28
577	219	29	27
576	188	30	27
574	167	31	29
573	150	28	31
574	142	28	29
576	138	29	28
576	141	30	29
578	147	30	31
575	161	30	32
571	180	30	31
567	203	27	37
562	229	29	37
558	262	27	43
555	307	29	40
555	355	28	42
556	362	29	39
558	316	30	41
560	279	31	37
562	250	32	35
568	222	30	36
573	204	29	36
580	187	29	35
581	181	29	32
585	176	27	32
589	178	30	30
596	183	31	33
605	196	32	36
617	217	28	36
622	244	31	34
629	274	28	35
629	314	30	33
636	358	29	34
636	327	29	32
635	280	30	35
634	244	28	34
634	216	28	30
632	186	31	38
632	167	30	36
628	149	34	36
624	143	37	31
621	144	37	28
619	150	36	27
615	160	35	30
614	175	34	34
611	194	29	37
605	219	30	41
602	252	28	43
600	295	28	38
598	338	27	38
594	391	28	37
594	349	30	37
596	295	28	39
602	253	28	35
606	210	27	36
608	177	30	32
611	151	36	27
614	126	34	29
616	110	31	31
617	102	30	30
618	97	29	31
623	97	27	34
624	107	27	31
627	116	26	36
628	135	26	41
630	159	24	45
627	192	28	42
629	235	28	38
629	277	29	37
630	323	27	35
632	377	28	32
633	384	26	34
631	339	27	34
627	298	28	33
625	264	29	33
626	234	27	35
624	212	25	34
622	200	24	32
617	185	25	32
614	181	31	29
613	178	29	30
613	182	27	31
608	191	31	35
609	205	38	35
610	225	30	41
610	254	30	42
609	289	31	44
608	335	30	36
606	376	30	41
603	388	33	38
610	348	28	37
610	308	30	36
612	280	30	36
612	249	31	38
614	229	32	40
614	211	30	41
613	200	29	41
614	197	31	41
615	197	36	44
620	211	31	42
621	227	34	43
625	247	28	50
622	272	30	53
624	315	26	46
628	360	26	40
624	408	32	38
621	369	31	39
611	314	30	44
604	272	31	39
599	228	28	43
594	192	28	41
586	167	32	39
576	142	33	44
569	128	33	42
561	123	33	39
557	119	31	40
549	124	32	41
548	142	31	41
548	161	32	43
541	186	35	46
536	222	34	44
532	267	32	41
530	316	33	43
536	371	32	45
535	437	40	49
533	419	45	50
526	353	34	45
518	303	30	44
509	260	33	44
500	218	37	43
492	186	38	44
478	154	40	44
469	136	39	41
459	123	39	41
449	123	40	39
440	129	40	40
431	145	38	39
421	168	38	38
416	198	36	44
415	235	34	49
413	286	32	46
409	338	34	51
418	339	36	51
441	291	34	46
465	252	38	40
499	219	34	38
525	192	41	36
548	174	42	39
570	159	46	39
592	157	47	37
615	162	49	39
645	171	47	42
671	187	49	41
697	208	42	44
717	238	39	47
729	275	40	48
737	326	42	41
749	373	35	42
754	418	41	45
760	358	33	48
760	309	34	46
755	274	38	44
753	237	36	45
750	214	35	40
749	195	33	40
747	182	33	37
748	177	34	35
747	182	33	36
747	195	32	38
749	212	32	39
750	237	32	40
752	263	32	40
754	301	31	39
757	340	31	40
759	326	29	42
755	278	32	43
753	237	30	38
750	198	30	43
746	170	32	42
741	150	34	40
739	139	35	36
737	136	31	35
734	137	30	34
730	144	29	34
725	153	30	36
722	170	29	37
718	192	28	39
718	220	25	38
717	258	26	34
717	298	26	37
714	345	25	39
708	374	27	36
709	336	27	37
711	304	26	39
707	278	28	41
704	254	28	37
703	237	27	37
697	227	28	37
691	222	28	35
686	225	28	33
680	231	28	33
676	243	30	33
674	261	32	35
676	287	31	35
676	317	27	40
674	357	29	41
667	399	36	42
669	349	34	44
669	310	35	44
673	280	33	40
677	254	30	36
681	237	29	34
688	220	28	34
690	210	29	34
692	206	28	35
695	205	27	37
696	210	25	40
696	225	27	41
694	248	31	36
693	274	32	41
695	306	33	44
697	344	28	45
699	391	28	41
698	441	27	40
701	491	27	41
697	451	27	39
694	408	28	41
693	375	28	41
686	349	31	44
683	328	30	45
677	313	31	41
675	305	31	38
670	303	33	38
666	307	32	38
661	319	32	38
657	335	31	41
652	358	31	42
650	386	32	43
647	424	31	44
645	473	32	39
646	473	32	39
644	429	31	41
645	393	30	41
642	367	31	39
640	352	33	35
637	335	34	37
638	323	34	40
642	321	33	39
649	319	32	38
651	326	31	41
655	342	32	43
657	358	33	48
657	391	32	43
658	428	31	41
661	472	30	34
665	506	35	33
672	455	41	28
678	411	33	31
679	371	30	36
672	344	34	34
668	328	33	33
668	313	32	35
672	300	31	37
676	298	31	32
677	301	32	34
675	304	32	36
671	309	31	39
665	332	32	35
661	351	32	42
661	384	30	42
664	419	30	42
659	462	34	40
667	433	29	34
668	385	28	35
670	342	29	37
669	311	31	38
670	287	33	36
671	266	32	35
674	251	30	35
678	241	29	38
679	236	30	40
681	243	30	39
682	258	35	34
685	272	31	39
688	295	31	40
689	324	30	40
690	358	32	42
696	404	28	38
700	457	28	34
702	481	32	37
697	432	33	33
695	384	30	38
691	341	32	40
687	310	32	44
684	282	35	42
678	261	34	43
672	248	34	40
667	240	35	38
662	239	34	37
657	243	34	36
649	256	35	36
643	276	35	38
635	303	35	44
633	330	32	50
630	380	32	46
626	432	34	46
624	482	32	47
621	435	34	46
618	399	35	41
616	368	37	42
617	343	37	48
616	328	36	47
616	319	37	48
619	320	34	45
621	324	33	45
