664	499	123	109
644	487	140	98
624	464	131	101
605	455	129	107
600	448	121	102
605	443	122	105
613	442	123	96
611	439	116	104
602	442	123	102
597	452	127	98
605	453	120	103
615	460	129	96
631	459	123	101
645	456	118	107
656	459	118	107
666	463	119	99
676	464	120	100
674	472	123	96
671	476	118	96
658	479	126	95
661	489	118	97
657	497	117	94
644	498	124	95
642	504	117	96
643	503	115	102
653	507	116	98
664	513	118	97
676	521	114	94
677	525	115	95
674	532	114	96
661	540	114	96
650	539	112	96
644	544	109	97
639	542	110	100
631	541	109	98
625	540	108	95
629	538	110	92
637	532	107	96
643	529	102	101
639	532	105	95
632	528	111	87
624	523	104	95
616	523	102	96
610	523	102	93
611	519	104	93
615	522	101	92
614	523	101	92
609	523	105	90
599	522	103	90
585	520	103	89
579	517	104	90
578	517	102	90
586	516	98	96
590	510	103	91
593	512	101	88
586	512	101	94
568	518	105	88
553	519	102	93
539	516	103	92
534	518	102	89
540	517	102	87
547	520	105	87
557	518	103	86
559	520	105	82
556	520	99	83
545	521	103	83
542	525	100	88
543	522	100	87
543	522	98	87
539	516	98	89
537	518	99	89
545	522	99	82
549	522	98	85
539	523	98	85
520	522	102	86
510	528	99	84
510	523	96	85
514	523	95	83
522	523	100	82
532	525	101	82
536	525	97	82
524	524	104	82
512	529	103	81
508	531	104	79
514	534	100	83
518	539	99	83
518	543	99	80
521	539	97	84
521	537	99	79
523	542	104	77
530	539	98	82
536	538	104	82
542	533	101	81
541	537	103	75
546	537	102	77
556	532	102	78
563	536	105	74
565	539	100	75
563	545	98	73
565	542	92	79
569	540	95	83
575	539	92	79
575	542	94	74
573	537	87	77
563	537	88	77
556	538	95	73
561	537	86	77
574	533	83	79
583	535	94	74
591	533	93	74
597	535	88	74
594	534	88	75
584	533	88	76
574	541	89	78
570	549	89	74
580	551	87	80
591	552	91	72
604	545	88	72
610	542	88	72
612	545	85	72
614	546	84	73
612	545	84	73
612	546	83	73
610	538	86	71
609	526	86	66
598	517	84	69
592	523	86	69
588	532	85	67
589	540	85	70
594	538	83	71
595	541	84	70
603	542	80	69
614	538	81	70
622	538	81	69
630	544	82	68
635	552	85	67
637	555	80	68
632	560	80	66
623	559	80	71
609	569	81	67
600	572	78	72
590	575	79	68
579	574	78	71
568	574	78	71
556	580	81	69
548	587	82	68
537	593	80	67
535	592	83	69
540	586	79	68
551	581	80	66
558	578	76	65
561	581	78	67
567	575	73	67
569	573	75	67
573	569	73	67
582	565	74	66
589	565	75	67
595	573	73	64
596	583	75	64
598	581	73	67
602	584	72	71
601	589	73	67
605	589	70	68
606	583	70	66
603	580	70	66
600	581	72	64
598	581	72	64
594	587	73	65
591	586	70	66
591	585	70	64
592	579	70	63
593	574	70	62
593	573	71	61
597	569	71	62
598	569	69	64
597	578	69	65
600	592	68	65
601	612	70	64
603	621	67	64
601	616	67	67
598	611	67	63
591	611	65	66
582	619	71	63
582	627	67	64
580	628	68	61
582	619	68	61
585	612	67	59
585	609	66	59
584	613	68	59
585	613	67	62
582	620	69	61
587	623	71	63
610	619	75	64
637	610	70	64
657	604	69	60
666	594	63	62
665	591	62	62
672	587	63	62
685	585	67	60
683	586	63	58
685	593	64	59
667	601	66	57
633	615	69	62
604	631	70	57
603	638	67	58
609	645	65	59
614	650	64	57
612	645	62	61
614	644	64	57
636	646	66	59
663	642	63	59
668	641	64	59
645	637	62	57
644	634	63	59
654	634	64	57
659	629	63	54
670	621	63	56
676	611	60	56
666	612	62	54
655	605	60	56
650	605	61	55
647	602	60	54
651	596	63	54
660	591	60	54
671	590	62	53
663	584	61	53
648	587	61	55
640	586	59	52
639	582	58	54
631	588	62	52
631	586	61	51
632	582	62	52
638	580	59	52
643	575	59	54
639	573	61	53
627	573	60	54
621	575	59	54
616	575	60	55
607	576	59	53
603	576	59	53
603	575	57	54
608	579	55	56
609	584	58	54
606	586	60	54
603	586	56	53
599	585	56	53
600	583	56	52
603	583	54	53
603	584	58	50
602	579	59	51
600	576	57	53
591	578	56	51
587	577	57	50
585	578	57	51
586	579	54	53
587	584	51	52
589	581	56	52
592	579	56	51
597	577	54	50
602	571	56	51
610	567	58	51
617	563	56	48
620	559	53	52
623	556	54	49
622	553	54	50
621	556	56	49
620	560	55	51
617	567	56	49
619	568	57	48
618	565	54	49
618	568	53	50
618	572	50	50
618	575	54	48
616	577	55	47
614	579	53	49
611	582	54	50
610	582	52	50
609	586	51	49
608	594	53	46
610	594	52	49
612	594	55	47
615	590	50	48
615	591	51	51
618	595	50	52
622	598	54	50
631	601	52	52
637	602	53	49
641	601	54	47
644	598	52	47
640	597	53	49
636	598	54	48
633	598	52	50
626	599	51	51
621	606	55	48
616	608	56	47
614	606	58	45
611	605	57	45
615	601	53	49
618	601	56	47
618	603	53	47
618	606	54	45
620	605	52	47
617	605	52	47
613	604	53	46
610	604	54	45
608	603	51	48
601	610	52	46
596	614	53	47
597	614	50	47
595	612	50	48
593	611	47	48
590	611	51	47
588	615	52	45
588	614	52	45
586	613	52	44
586	611	51	46
588	606	53	47
592	601	52	48
592	606	55	46
593	612	53	46
595	612	54	46
593	610	53	47
591	612	53	46
594	610	53	46
598	608	54	46
600	614	56	45
601	619	57	45
601	619	53	46
597	620	53	48
598	623	55	47
602	622	54	45
606	621	55	45
609	618	53	47
606	619	54	46
599	619	58	45
598	615	56	45
596	614	57	42
590	615	56	44
587	619	55	44
592	623	55	45
595	629	55	47
597	635	53	45
592	642	55	44
587	642	51	47
582	647	54	43
582	647	52	45
578	649	52	44
576	648	50	46
569	650	52	46
563	654	51	46
559	655	51	45
559	657	53	42
564	651	54	43
570	652	50	44
577	649	48	46
580	646	50	43
580	642	51	43
577	634	50	43
575	626	54	40
576	611	53	43
583	601	48	43
586	597	49	43
588	596	49	41
587	594	50	39
587	589	50	41
587	587	48	41
590	584	49	42
592	576	51	43
592	575	50	42
592	579	49	38
591	579	50	39
590	576	50	40
587	577	50	40
583	581	50	40
581	581	48	40
577	580	49	41
574	580	48	42
579	579	47	42
581	577	48	41
583	576	47	39
588	574	47	40
591	571	46	41
590	569	47	38
588	569	46	39
586	568	46	39
587	566	45	40
580	567	49	40
581	572	50	37
583	571	48	40
583	571	51	38
586	570	50	35
588	569	49	37
589	566	49	38
597	566	48	40
599	572	48	40
604	579	47	40
612	584	49	39
619	584	47	39
623	583	47	38
622	578	46	38
608	569	49	40
587	571	49	40
565	571	50	39
550	577	48	36
538	582	50	37
534	586	48	38
538	592	49	36
540	591	50	38
545	589	52	37
550	581	48	40
548	574	50	37
546	566	50	37
543	563	49	38
541	561	48	37
541	564	49	37
539	570	53	35
546	574	52	36
546	574	52	37
548	573	50	38
552	574	53	36
564	577	51	37
573	578	51	36
582	575	51	37
588	571	50	37
587	567	52	35
583	565	49	36
572	572	55	35
575	578	49	36
574	582	49	36
571	587	50	37
569	590	50	36
573	588	47	39
575	581	51	38
588	572	49	39
593	565	53	37
597	563	50	36
599	567	49	35
605	568	46	35
603	573	50	34
610	577	45	37
611	579	50	33
609	581	54	32
607	583	52	32
604	583	53	32
612	579	53	33
614	573	56	35
616	570	56	35
614	565	58	34
607	567	55	37
595	577	55	34
596	577	56	33
600	573	55	35
593	570	56	33
582	568	55	35
561	571	54	35
539	579	54	36
528	587	52	35
522	587	57	38
518	589	58	34
506	597	59	37
506	607	55	38
511	609	56	36
512	614	55	35
517	611	55	37
531	601	55	36
557	598	57	34
571	602	56	35
568	603	57	33
583	606	55	35
596	603	54	36
592	592	55	34
572	584	53	35
549	592	51	33
544	598	56	33
552	603	55	34
548	600	54	35
537	594	58	34
524	590	57	33
515	593	58	34
520	593	58	35
527	593	60	34
528	594	61	34
527	591	58	32
530	579	63	33
547	569	60	33
568	565	58	33
589	566	61	32
605	565	59	32
610	565	57	32
594	572	64	31
588	578	61	31
592	577	60	31
597	577	60	32
600	577	59	32
601	579	59	32
600	586	59	31
607	593	61	30
620	592	61	32
641	587	62	34
655	574	64	34
669	565	62	33
669	557	62	31
662	552	61	32
646	551	65	30
641	553	63	30
639	555	62	31
637	562	63	31
629	564	68	30
629	566	64	31
630	569	62	32
633	571	62	30
631	566	65	29
631	561	64	30
630	557	66	30
630	554	65	31
624	558	71	30
621	566	73	30
617	569	73	31
621	575	69	30
621	575	68	30
614	577	69	32
605	579	72	29
605	577	70	29
604	574	68	30
597	574	73	28
596	575	74	30
593	577	75	29
595	583	71	28
587	587	77	25
585	589	76	26
579	596	78	27
584	597	75	29
590	595	78	29
598	588	76	31
605	584	75	29
606	579	80	27
604	574	78	29
597	574	80	29
588	580	78	31
584	586	75	31
589	594	76	30
588	599	75	29
574	600	79	27
570	599	78	31
571	597	80	29
568	592	79	30
571	597	81	28
581	601	77	29
586	602	77	31
586	602	75	32
589	603	81	30
601	601	86	26
618	593	84	27
621	586	83	28
612	593	88	26
610	605	85	28
605	608	84	27
607	607	89	26
611	601	84	28
606	594	84	29
596	586	83	26
591	578	85	28
605	576	84	27
616	573	86	24
629	574	87	27
639	575	87	28
649	574	86	30
649	576	84	27
645	582	84	26
638	580	88	29
630	579	86	28
614	585	88	28
604	592	93	28
603	593	93	27
599	591	95	28
611	590	92	29
635	586	92	27
644	576	95	27
648	571	95	25
648	567	94	23
640	564	92	26
629	570	93	26
623	581	93	26
615	581	93	27
605	582	94	28
594	589	97	27
583	593	98	26
576	596	101	24
580	596	99	25
580	592	101	25
578	587	105	25
580	583	102	26
580	582	105	27
586	588	103	27
580	593	106	24
588	594	101	25
599	588	96	27
607	579	97	28
611	577	95	22
612	581	98	23
614	581	100	25
621	583	95	27
620	589	98	26
621	595	97	24
617	599	101	23
620	600	103	22
616	597	111	26
622	598	114	26
616	602	118	25
630	604	111	25
636	602	113	28
653	607	103	24
659	608	99	27
664	606	101	27
668	610	96	24
660	607	86	25
665	604	76	26
675	605	71	26
680	603	66	31
678	605	63	29
674	606	62	30
671	605	60	31
665	603	58	32
665	606	57	31
663	609	52	30
658	605	43	31
656	603	38	30
656	600	38	32
653	598	39	32
654	600	38	32
651	602	39	32
646	601	36	33
643	601	36	33
640	602	37	32
641	600	37	31
642	597	38	32
641	600	37	32
642	598	35	33
639	596	36	33
632	595	38	32
627	594	37	30
626	592	35	32
625	590	35	31
629	589	35	31
633	584	35	32
638	580	34	32
643	580	33	32
649	584	35	31
653	582	35	32
653	581	37	30
653	578	37	30
655	573	35	31
654	572	34	32
657	575	34	32
662	578	35	32
665	576	34	33
666	574	35	31
664	573	34	32
659	575	36	31
659	577	34	32
660	582	35	31
665	582	34	31
669	580	35	31
674	577	35	31
678	575	35	31
681	577	35	30
685	578	35	31
686	579	35	30
686	580	35	30
686	576	34	31
687	574	36	30
690	572	35	29
693	570	36	31
694	570	36	30
697	567	35	30
700	566	35	29
703	561	36	29
707	559	34	30
707	559	35	30
705	562	35	30
700	565	36	28
695	568	35	29
690	571	35	30
685	571	35	30
683	574	35	31
675	578	36	30
669	581	36	30
661	587	35	30
658	593	36	29
654	597	36	30
652	600	37	29
654	599	37	32
658	596	35	30
660	592	34	30
662	590	33	33
661	592	34	31
659	595	34	30
656	602	36	29
653	607	34	30
647	614	35	30
647	617	34	31
647	616	34	31
648	611	34	33
651	609	34	31
655	607	34	32
657	609	34	32
655	610	34	31
658	608	33	33
662	608	34	32
668	610	36	30
675	608	35	31
678	608	34	32
677	606	33	31
672	603	34	30
671	601	34	32
669	601	35	31
672	603	33	32
673	605	34	29
676	606	34	30
677	605	35	29
680	604	35	29
681	598	34	30
681	592	35	29
681	589	34	29
685	586	33	29
685	590	33	31
684	594	35	29
682	593	37	31
680	596	38	31
685	594	35	29
686	592	33	30
683	591	33	29
677	590	33	30
672	589	32	30
666	588	33	29
667	589	33	30
671	593	33	30
679	597	33	30
684	600	33	31
690	603	33	31
697	607	35	30
705	609	35	31
713	613	36	29
720	612	34	30
722	607	32	31
721	607	33	29
721	604	33	30
724	602	34	29
724	604	33	30
725	610	34	30
729	616	33	30
734	616	32	30
739	615	33	31
740	611	35	31
734	600	37	31
723	590	39	34
705	587	42	29
695	584	36	29
693	581	34	29
689	581	33	30
690	586	32	30
691	587	33	30
689	581	35	27
689	573	34	29
685	563	34	29
683	554	33	31
679	555	32	29
679	557	32	29
677	559	33	27
677	562	32	29
681	566	33	29
688	570	34	29
698	568	33	28
702	563	31	29
704	559	33	27
700	555	33	28
697	553	33	29
696	557	32	28
700	557	31	32
704	562	31	30
707	565	31	29
713	570	31	29
718	570	31	29
720	569	32	29
717	567	33	28
714	564	33	28
710	562	31	28
704	565	32	28
703	566	32	27
703	564	30	29
698	565	32	28
699	563	31	27
696	565	32	25
694	565	32	28
692	565	32	28
690	561	31	28
686	561	34	29
681	561	33	28
679	563	32	26
677	565	31	27
675	568	32	26
677	566	31	28
677	569	31	28
678	569	30	28
679	564	31	28
686	555	30	27
693	547	31	27
697	546	32	27
700	545	32	28
703	548	32	27
710	557	32	26
718	561	32	27
723	562	31	28
722	557	30	28
713	554	33	27
706	548	32	26
699	546	31	27
696	550	31	27
695	554	30	26
697	561	32	26
699	569	32	26
705	573	32	27
710	576	31	27
714	576	30	27
714	572	31	27
709	567	31	28
702	562	31	29
695	562	31	27
688	561	32	27
683	567	31	27
677	576	32	26
672	583	31	27
670	587	31	27
668	587	31	27
668	583	31	27
669	572	32	29
685	554	34	30
703	538	35	28
716	536	33	25
715	536	30	26
703	539	33	28
688	549	33	27
682	555	30	25
681	560	30	26
684	563	30	26
683	562	30	27
680	563	30	27
674	570	31	28
665	586	32	32
664	604	31	30
670	612	30	28
671	617	30	27
677	615	30	27
681	614	30	28
686	608	30	29
689	599	31	28
696	595	29	29
697	591	31	27
706	585	30	27
716	581	31	26
721	579	30	28
722	581	31	27
728	580	30	25
736	572	31	26
738	567	30	25
738	563	31	26
734	561	30	26
720	566	32	25
707	574	32	27
701	584	31	27
696	590	30	26
695	594	30	27
691	598	29	27
689	597	29	28
681	594	31	26
664	596	34	24
648	595	34	24
643	582	32	26
647	565	31	28
652	556	29	28
659	551	29	28
663	547	31	25
672	551	31	25
678	558	30	26
686	566	30	26
693	572	29	26
698	584	29	25
697	588	29	25
692	584	29	25
687	582	29	27
685	585	28	27
688	590	30	25
700	589	29	27
710	586	29	27
714	582	29	26
715	574	29	26
710	565	28	27
705	563	31	25
704	569	30	25
703	572	30	26
710	575	34	29
720	576	38	25
733	585	32	30
740	600	31	29
736	610	32	26
721	614	33	26
704	615	31	27
699	621	29	25
698	619	29	25
707	614	31	25
712	601	31	27
714	589	29	28
714	581	30	27
715	573	30	26
722	565	32	26
727	558	29	26
726	558	28	26
720	565	31	25
715	568	30	25
709	574	30	24
703	578	29	24
699	580	29	25
692	581	30	26
686	578	29	27
680	578	28	28
671	576	29	27
663	576	29	25
655	572	29	26
647	564	29	27
646	557	29	26
645	551	29	26
646	543	28	26
648	534	29	27
648	522	29	27
647	515	28	26
651	511	28	26
652	504	31	28
653	502	28	28
656	504	29	27
657	513	29	26
654	524	29	25
650	534	30	27
645	548	31	28
640	565	32	29
637	579	29	24
636	579	27	25
639	567	29	26
641	558	28	25
646	552	28	26
653	551	29	25
663	552	28	25
672	551	27	25
673	544	29	26
670	541	28	25
668	544	27	26
670	554	28	26
672	559	28	27
677	563	28	26
679	571	29	25
683	578	28	26
687	582	28	25
690	582	28	25
686	576	29	25
687	572	27	24
687	569	27	26
687	574	28	25
686	579	29	25
688	583	29	24
693	583	28	24
695	580	28	24
697	578	28	24
695	577	28	24
696	574	28	25
695	575	28	24
691	581	28	23
693	579	28	24
694	573	28	25
696	571	29	24
699	569	27	24
701	573	28	24
695	579	28	25
687	585	29	24
686	587	28	24
689	586	28	23
694	584	28	24
696	579	29	25
695	575	28	24
690	576	29	24
686	581	29	25
684	587	29	24
678	596	30	26
676	601	31	25
677	599	28	25
679	597	28	26
687	595	28	26
690	590	28	25
690	582	28	26
689	580	28	26
688	580	27	27
685	584	27	27
683	588	27	26
684	589	28	25
680	589	29	26
677	589	28	28
677	586	26	29
678	587	28	28
680	583	29	28
677	579	29	29
673	576	28	28
669	575	28	28
666	576	28	29
665	583	28	30
661	588	27	30
659	592	28	30
662	592	29	28
666	590	28	29
670	590	28	26
675	584	28	29
676	584	27	28
673	582	28	28
673	580	27	28
674	582	27	29
676	592	27	31
676	604	28	31
673	611	28	30
673	617	28	28
671	615	27	30
671	613	28	30
670	605	28	30
666	597	29	30
665	590	28	29
665	588	27	29
665	593	27	30
665	601	27	29
667	609	29	27
674	609	28	28
677	607	29	27
680	599	27	30
682	598	28	28
684	604	28	28
677	614	29	28
669	626	29	30
663	640	29	29
658	653	29	29
660	659	27	30
661	665	27	30
664	667	27	28
665	667	27	27
666	662	27	27
662	653	27	28
664	646	26	29
663	643	27	27
664	643	27	27
665	644	28	26
669	646	27	26
672	644	26	28
671	643	27	26
669	639	27	26
671	631	28	26
674	627	28	26
678	623	27	27
681	619	27	26
689	611	26	26
694	609	27	25
695	614	27	24
694	621	26	24
695	621	26	24
694	625	28	24
693	629	30	23
693	622	28	24
693	621	26	24
694	621	25	25
697	618	25	25
697	618	24	26
696	614	25	24
695	608	26	25
691	603	25	24
689	600	25	26
685	601	25	23
684	604	26	21
683	606	26	20
682	607	24	21
681	605	24	21
680	607	24	21
682	605	24	22
683	602	25	21
686	597	25	21
687	593	25	21
688	586	25	21
689	586	25	21
687	589	25	21
686	592	24	20
682	591	24	21
681	587	24	21
681	583	25	20
682	584	25	19
683	582	24	21
681	584	24	20
680	583	25	19
677	583	25	20
679	580	25	20
684	578	24	22
683	578	24	22
680	579	24	21
680	575	23	22
684	572	24	21
688	572	24	22
690	575	24	21
691	575	23	22
691	572	23	21
693	570	24	22
695	572	25	20
699	573	24	21
697	574	24	21
696	572	24	22
696	570	24	23
697	573	24	21
703	577	25	21
705	583	24	21
709	583	24	22
711	582	25	21
716	580	25	21
715	574	26	20
713	569	25	20
709	567	25	21
702	568	24	20
703	573	24	20
702	577	23	20
703	582	24	19
703	585	23	20
701	582	23	19
698	571	23	22
693	566	23	20
693	558	24	19
692	553	25	19
690	556	24	19
689	558	23	20
694	556	25	20
699	553	24	19
702	551	22	22
706	548	23	21
711	544	22	21
707	544	22	21
702	549	23	21
703	561	24	21
702	572	24	22
695	581	24	20
697	587	23	20
697	589	23	20
696	586	22	20
695	583	23	21
699	582	24	19
703	577	23	19
705	572	24	19
708	567	23	19
706	566	22	19
701	565	23	18
701	565	24	17
701	566	22	18
700	567	22	20
700	570	24	19
702	572	25	20
702	572	25	20
697	572	25	20
695	569	25	19
695	568	25	18
698	563	23	20
703	562	23	19
702	561	23	18
703	561	24	18
705	560	23	18
700	562	22	19
695	568	23	18
691	573	24	18
691	574	24	19
691	575	23	19
695	571	24	18
697	566	23	18
699	562	22	20
702	562	22	19
704	561	22	18
702	565	25	18
700	571	27	17
698	578	26	18
695	580	29	18
695	578	28	18
694	577	28	18
692	573	29	18
689	572	31	16
687	578	31	17
686	581	30	17
688	581	31	18
689	583	32	17
695	586	32	18
702	587	33	18
708	586	34	16
706	582	34	18
697	579	34	19
685	575	35	17
681	577	33	18
677	582	33	17
677	584	34	17
678	584	36	16
676	593	38	17
676	600	38	16
680	598	37	17
683	592	37	17
688	584	33	16
688	584	33	16
686	574	32	15
682	576	33	16
681	575	34	16
681	575	35	17
682	576	36	17
685	579	35	16
689	579	36	16
693	579	31	16
696	576	27	16
696	572	24	16
699	567	22	17
700	562	22	18
703	566	21	18
701	571	21	18
694	575	22	18
691	581	22	19
687	590	23	19
686	596	22	19
689	602	21	20
692	605	21	19
695	598	22	21
695	594	21	20
692	586	21	19
689	585	21	19
688	588	22	17
690	589	24	19
690	589	24	19
692	601	30	18
686	603	31	15
682	597	30	17
677	594	30	17
678	591	31	16
681	592	31	16
683	594	31	17
681	598	30	16
676	597	31	16
669	594	32	17
655	586	31	18
656	587	31	18
670	592	34	17
679	596	33	17
688	596	33	17
689	591	30	17
682	590	32	15
674	586	32	16
670	583	33	16
671	584	32	16
672	589	30	17
668	592	32	16
660	592	32	17
651	592	34	16
652	591	31	16
651	592	31	16
649	593	32	16
653	593	33	17
658	600	32	16
652	599	32	17
650	595	33	16
654	595	32	16
654	598	33	15
650	592	33	16
652	587	32	17
655	579	33	16
658	578	33	17
671	579	36	16
692	582	38	16
716	582	35	17
728	581	33	17
731	576	32	16
728	577	33	18
725	578	34	17
722	575	33	16
721	571	33	16
725	568	34	16
730	568	33	16
726	572	34	16
718	577	35	17
704	587	36	19
691	593	34	18
680	594	35	16
675	595	35	16
664	598	36	16
658	598	35	15
660	591	37	15
670	591	37	17
684	590	36	18
697	588	35	18
706	586	35	16
701	583	35	16
689	585	34	15
686	579	34	16
686	582	35	16
686	592	35	17
673	592	35	17
670	591	35	15
664	592	35	15
653	596	36	16
646	597	36	17
641	601	36	16
637	608	37	16
637	614	37	16
639	618	39	15
639	618	39	14
637	616	39	15
638	616	38	14
638	615	38	15
636	616	39	14
635	619	40	14
633	617	39	14
631	613	40	14
631	611	42	14
632	609	41	15
633	606	40	15
631	604	41	16
627	607	43	13
629	607	44	14
631	608	43	14
633	612	42	15
629	615	44	16
629	615	44	16
629	615	44	16
634	615	45	12
631	612	47	14
633	610	46	13
631	609	48	13
627	605	48	15
625	603	47	15
625	600	49	15
625	603	51	13
628	602	50	15
635	601	50	14
638	599	50	13
640	597	49	14
639	596	51	14
640	594	49	14
640	590	50	15
638	588	50	15
638	587	51	14
637	586	51	14
635	587	52	15
633	589	52	15
632	590	54	14
629	588	54	14
629	586	53	14
629	584	51	16
629	582	54	15
626	583	54	15
624	581	52	16
622	582	55	15
618	585	55	15
617	584	55	16
617	584	55	16
617	579	55	16
618	582	55	15
620	588	57	15
620	594	58	14
623	596	56	14
623	594	61	14
628	588	60	15
627	587	62	14
622	588	65	14
618	591	67	14
622	588	63	15
625	587	65	15
628	590	67	15
630	592	65	14
633	593	65	13
635	590	67	13
639	587	66	12
635	584	71	13
633	585	71	12
633	583	73	13
637	584	67	13
637	585	70	14
643	586	67	12
638	590	73	14
640	591	70	12
641	593	65	11
649	593	63	12
650	593	63	14
634	594	63	13
639	594	63	13
648	592	63	14
656	589	62	13
659	586	61	14
662	584	61	14
662	587	62	12
661	587	63	14
661	587	65	14
658	590	65	14
680	587	61	13
689	589	53	12
666	590	51	12
668	593	49	14
666	594	48	14
663	594	53	13
663	590	52	14
664	589	51	13
686	591	51	12
659	591	49	14
649	593	49	14
647	597	52	14
640	599	50	13
637	600	49	14
627	602	53	15
623	608	55	15
617	610	56	14
611	611	55	14
602	612	59	15
603	609	55	15
606	607	57	14
614	604	58	15
625	603	55	15
637	600	54	15
644	600	54	15
644	600	54	15
644	600	54	15
644	600	54	15
644	600	54	15
644	600	54	15
644	600	54	15
648	594	55	14
644	594	59	16
641	599	59	15
641	601	61	16
644	607	61	17
646	612	62	15
645	611	65	16
642	608	70	17
640	605	79	19
644	608	84	16
643	608	88	17
638	608	92	17
639	610	92	17
636	614	93	17
637	613	90	21
643	615	85	16
643	613	88	16
651	609	87	15
653	604	89	16
653	601	88	19
647	600	92	17
637	603	97	17
628	603	99	18
626	604	98	18
628	607	100	18
631	607	97	18
634	607	95	16
636	606	93	16
637	604	88	18
628	605	88	17
626	607	92	18
626	611	90	18
623	616	91	17
620	617	91	18
622	616	92	18
622	614	93	18
631	611	87	17
634	611	85	15
633	607	87	19
637	614	82	15
642	616	79	16
645	617	76	18
646	618	78	17
655	619	74	15
659	616	69	15
659	615	63	12
657	617	61	12
653	615	62	14
649	614	66	14
648	615	67	12
649	617	66	13
649	617	66	14
647	618	65	16
649	625	67	13
653	625	65	12
654	623	67	13
661	621	66	14
664	621	63	12
665	617	66	13
665	616	70	14
668	615	68	14
672	613	66	14
677	614	65	12
684	615	60	13
686	615	57	13
690	615	58	11
693	613	56	14
691	615	59	14
689	617	62	12
694	617	63	14
698	620	62	12
697	621	63	15
695	623	65	13
694	623	67	13
694	623	68	14
699	624	67	13
701	625	66	15
701	627	66	15
707	625	62	15
705	619	66	14
705	608	66	16
708	606	66	15
711	599	66	16
714	601	67	13
717	603	64	14
713	606	66	14
717	609	64	15
720	609	66	14
724	608	65	15
726	606	65	15
722	603	65	14
720	603	67	13
720	604	66	14
720	606	66	16
723	608	65	17
726	611	65	16
726	611	67	15
730	612	65	14
730	608	66	17
735	607	66	16
737	608	65	18
736	610	67	18
736	608	68	18
737	609	65	18
738	608	65	18
735	607	67	17
734	606	71	17
732	601	76	21
728	601	80	19
738	598	74	19
739	597	78	20
742	598	76	18
744	597	74	18
744	593	74	21
745	591	75	20
750	588	75	21
750	591	74	21
751	591	74	21
749	592	77	19
746	592	80	21
747	594	77	22
745	596	78	21
745	595	76	23
742	594	79	22
742	594	79	21
745	590	81	21
747	585	81	24
747	587	82	22
748	590	82	22
747	590	81	24
744	590	83	22
747	590	84	22
752	588	80	23
754	587	82	23
754	582	82	23
751	578	84	24
753	573	83	22
757	564	83	26
758	564	83	25
762	564	82	24
762	566	83	24
759	568	83	24
756	567	86	23
755	559	86	23
757	550	87	27
758	547	89	23
758	544	86	24
761	545	85	24
758	547	85	24
758	550	86	23
758	548	90	23
761	548	89	24
763	549	91	23
767	550	91	26
770	550	88	28
770	553	92	26
770	553	91	24
773	549	90	26
770	545	93	26
767	545	96	28
769	547	91	27
764	557	93	18
764	562	93	17
764	559	91	21
771	561	87	17
776	559	86	17
781	557	82	16
785	556	80	15
789	555	75	16
790	558	72	17
798	556	66	17
803	559	63	16
810	561	61	17
816	560	57	16
818	557	56	17
820	555	54	17
823	551	51	18
822	550	52	18
821	549	51	18
823	550	50	19
820	553	53	17
821	553	53	19
818	553	54	19
817	552	54	21
817	552	53	18
815	546	53	18
815	542	54	19
812	543	56	18
816	544	54	19
818	547	55	19
820	551	54	20
821	552	56	21
823	555	56	19
823	554	57	21
823	550	58	21
828	549	56	21
829	547	54	20
831	548	55	22
829	553	57	21
826	557	58	23
828	561	57	20
828	559	57	20
830	557	56	21
831	552	58	23
837	548	59	24
843	548	57	21
851	546	59	23
858	547	59	24
866	547	57	24
873	549	57	23
882	549	55	24
889	547	55	23
892	544	55	22
894	540	52	22
889	545	49	19
886	547	45	22
886	548	43	21
888	548	38	22
892	550	35	21
894	551	35	21
896	549	34	21
894	549	34	20
894	547	34	20
895	545	34	20
897	545	34	22
899	547	35	21
899	545	32	21
901	545	34	23
906	543	35	22
911	542	34	23
912	544	36	25
914	544	39	29
914	544	40	38
912	538	39	44
913	533	39	45
908	536	46	49
913	537	48	45
915	537	53	46
920	536	54	47
921	540	57	48
921	544	60	48
927	543	62	48
931	538	67	51
932	535	75	52
934	533	83	50
944	539	84	45
945	548	90	38
951	554	90	40
958	556	92	39
965	556	99	41
974	554	105	42
985	553	109	46
1001	555	112	44
1012	557	122	45
1031	558	128	48
1043	558	138	50
1056	555	144	56
1064	552	159	59
1078	548	177	66
1087	553	193	63
1099	555	182	69
1112	553	174	63
1125	549	155	69
1145	545	141	67
1163	538	124	66
1191	537	106	68
1216	533	92	81
1238	532	99	89
1260	527	104	101
1260	527	104	101
1260	527	104	101
1260	527	104	101
1260	527	104	101
1260	527	104	101
1128	528	115	96
1128	528	115	96
1128	528	115	96
1128	528	115	96
1128	528	115	96
1128	528	115	96
1026	399	133	126
1026	399	133	126
1070	392	134	120
1084	381	143	125
1095	368	150	135
1098	360	170	138
1098	360	170	138
1098	360	170	138
1135	325	155	134
1135	325	155	134
1135	325	155	134
1135	325	155	134
1135	325	155	134
1135	325	155	134
1135	325	155	134
1135	325	155	134
1135	325	155	134
1135	325	155	134
1135	325	155	134
1126	311	143	143
1150	315	122	128
1178	309	103	133
1178	309	103	133
1178	309	103	133
1158	334	115	112
1149	338	130	105
1149	338	130	105
1150	342	134	109
1158	312	140	129
1105	336	156	165
1105	336	156	165
1105	336	156	165
1119	318	160	195
1119	318	160	195
1119	318	160	195
1059	426	178	199
1059	426	178	199
1059	426	178	199
1059	426	178	199
1059	426	178	199
1059	426	178	199
1059	426	178	199
1059	426	178	199
1059	426	178	199
1059	426	178	199
1059	426	178	199
1059	426	178	199
1059	426	178	199
1067	389	215	167
1067	389	215	167
1052	406	213	132
1052	406	213	132
1052	406	213	132
1052	406	213	132
1052	406	213	132
1052	406	213	132
1089	373	193	135
1089	373	193	135
1089	373	193	135
999	298	186	162
1102	319	170	185
1107	314	175	187
1099	-45	186	179
1033	302	180	181
1031	292	178	218
1042	282	202	225
1044	266	220	235
1055	268	209	229
1084	255	196	239
1090	247	176	261
1101	240	166	259
1115	236	161	267
1129	225	146	278
1138	231	140	273
1141	227	136	275
1152	257	129	245
1155	312	141	277
1196	175	190	277
1077	172	212	295
1077	172	212	295
1023	331	261	258
1030	338	256	253
1030	338	256	253
1030	338	256	253
1042	-196	265	270
1042	-196	265	270
1042	-196	265	270
1042	-196	265	270
1042	-196	265	270
1042	-196	265	270
1042	-196	265	270
1042	-196	265	270
1028	221	238	231
1038	203	234	249
1055	195	219	248
1064	182	214	259
1057	221	235	218
1072	211	213	226
1089	230	185	222
1123	214	150	224
1102	215	176	234
1118	225	160	228
1134	208	142	256
1130	212	143	245
1136	198	140	253
1151	186	129	269
1159	178	122	290
1175	184	105	283
1181	186	100	289
1200	191	83	282
1155	190	78	298
1154	230	114	281
1154	230	114	281
1140	271	140	230
1121	421	153	210
1152	289	133	196
1152	282	128	201
1161	281	118	201
1158	283	123	198
1074	309	128	190
1071	323	115	179
1071	317	127	184
1139	461	137	168
1107	306	155	185
1113	296	143	194
1120	287	155	204
1133	278	143	209
1145	271	138	215
1155	268	123	214
1154	267	122	215
1147	253	131	227
1152	243	141	242
1188	243	128	232
1181	231	108	261
1203	216	132	270
1117	201	164	289
1117	201	164	289
1098	195	180	287
1120	172	162	309
1096	175	192	307
1091	140	193	338
1122	130	161	341
1092	192	190	292
1027	206	241	280
1014	207	255	276
1021	198	255	281
1033	190	236	292
1041	173	238	302
1042	267	230	307
1061	262	219	325
1072	262	193	322
1092	216	186	382
1094	233	183	351
1131	216	143	357
1150	198	129	393
1172	179	105	416
1177	171	96	427
1171	164	121	433
1135	222	139	375
1135	222	139	375
1135	222	139	375
1103	207	144	361
1142	183	111	368
1168	155	109	403
1170	162	97	391
1159	166	121	380
1108	74	168	417
1099	31	177	469
1028	0	163	502
1055	-9	153	526
1066	9	203	492
1047	2	230	494
1039	-5	236	507
1025	-1	248	511
1034	-9	232	527
1039	-6	231	523
1094	-13	171	544
1091	63	186	474
1122	102	161	419
1133	100	144	407
1160	149	113	365
1173	182	106	328
1191	169	99	344
1202	192	112	334
1094	227	146	321
1138	230	136	277
1168	227	136	284
1115	224	158	275
1123	224	150	274
1153	24	130	274
1157	198	111	290
1123	188	144	304
1130	192	155	328
1057	180	199	353
1053	179	218	377
1047	245	194	327
1075	244	158	322
1103	244	158	325
1133	203	156	295
1133	203	156	295
1075	190	198	327
1078	217	220	362
1110	153	208	420
1022	165	263	391
1018	18	274	305
1018	18	274	305
1032	258	242	287
1045	-282	253	314
1045	-282	253	314
1045	-282	253	314
1045	-282	253	314
1028	-8	258	294
1046	261	236	281
1046	261	236	281
838	322	258	244
838	322	258	244
838	322	258	244
1030	317	236	224
1074	310	207	229
1121	322	164	207
1144	314	157	222
1179	292	108	240
1159	312	134	239
1177	278	107	262
1176	302	85	247
1198	275	76	249
1208	261	76	255
1168	300	76	217
1196	335	88	197
1186	360	81	161
1195	413	87	128
1176	416	90	122
1200	414	78	126
1219	397	54	135
1231	403	44	117
1248	383	36	127
1250	381	29	128
1240	323	38	129
1248	373	34	144
1245	376	32	143
1247	381	29	134
1249	387	30	126
1199	339	32	120
1227	330	41	122
1243	383	44	121
1220	406	54	109
1182	422	49	94
1198	429	64	88
1220	436	57	86
1111	411	69	91
1133	412	81	95
1151	411	96	101
1169	401	109	113
1170	427	109	92
1177	421	97	91
1187	424	84	86
1201	414	79	93
1210	413	73	94
1217	388	61	107
1208	382	65	103
1203	387	73	101
1196	388	79	103
1204	393	73	106
1222	395	57	103
1224	398	55	103
1231	394	72	110
1231	394	72	110
1189	404	85	118
1137	381	86	128
1178	376	93	130
1182	369	92	131
1182	366	96	132
1199	370	95	133
1185	366	88	132
1206	370	70	130
1211	372	63	134
1211	374	60	137
1224	375	49	140
1222	375	49	145
1220	381	48	143
1221	380	51	146
1229	376	48	146
1238	374	42	143
1238	370	42	139
1239	366	38	133
1233	380	43	116
1226	385	50	104
1226	388	52	99
1228	363	45	122
1235	354	41	139
1232	342	46	153
1227	345	48	151
1231	369	39	133
1229	372	38	132
1227	400	41	129
1217	392	57	131
1216	376	59	115
1219	385	58	95
1215	386	64	81
1211	384	67	81
1214	374	65	87
1213	371	65	86
1218	373	54	83
1224	365	53	85
1228	362	47	90
1244	358	39	91
1234	373	47	88
1237	366	40	96
1238	371	39	95
1228	370	44	89
1231	366	44	79
1236	363	45	81
1232	364	46	87
1227	366	56	86
1222	372	57	92
1228	354	51	115
1224	344	52	128
1223	328	53	115
1223	328	53	115
1223	328	53	115
1223	328	53	115
1213	316	63	108
1222	303	56	115
1214	446	64	91
1228	498	50	85
1231	474	50	92
1228	489	51	99
1228	489	51	99
1228	489	51	99
1228	489	51	99
1228	489	51	99
1228	489	51	99
1228	489	51	99
1228	489	51	99
1228	489	51	99
1228	489	51	99
1216	487	62	104
1216	487	62	104
1216	487	62	104
1214	479	66	111
1214	479	66	111
1189	364	87	111
1191	374	89	101
1176	413	92	124
1197	415	77	123
1200	392	78	144
1175	386	101	154
1167	370	107	163
1172	357	109	173
1184	341	96	192
1195	333	86	188
1199	335	83	187
1214	333	66	203
