215	362	242	78
218	360	224	78
205	361	238	79
195	343	259	95
193	332	289	114
234	329	290	126
212	318	346	126
214	311	385	131
198	299	423	150
167	272	458	183
139	258	501	199
143	252	501	215
147	249	505	221
141	243	529	222
162	235	503	241
130	244	553	222
152	235	544	241
112	225	589	254
124	217	586	268
122	220	599	264
104	221	620	269
123	210	603	284
95	228	644	266
80	231	664	262
73	235	676	260
68	222	681	270
91	215	677	282
74	227	694	259
71	209	683	285
92	217	668	278
71	183	695	318
60	196	716	294
64	196	707	290
82	187	688	300
79	218	701	263
85	197	699	299
86	183	699	317
87	183	697	318
89	194	703	303
102	188	682	297
109	191	680	297
120	205	672	288
117	205	679	292
136	198	659	305
152	210	643	294
162	211	627	284
163	208	619	290
167	224	615	276
167	220	612	285
183	224	593	288
191	217	562	303
211	219	534	289
208	226	522	282
198	234	557	265
212	239	512	270
223	233	500	279
234	245	479	265
235	249	477	256
229	237	473	272
242	259	460	250
254	251	435	257
273	263	419	252
256	261	435	254
249	256	438	257
279	262	404	255
302	273	382	249
306	282	380	235
309	294	374	224
321	296	357	221
314	299	360	214
323	300	352	207
332	291	338	215
334	292	335	212
330	296	338	205
336	298	331	194
342	301	331	189
335	310	335	174
337	318	339	168
338	322	337	163
338	316	328	165
337	315	335	165
