689	446	154	74
690	440	152	79
699	440	157	74
698	438	149	80
697	437	167	78
706	433	165	81
712	425	152	86
722	425	142	75
725	414	158	88
730	400	140	100
731	408	138	88
733	402	157	95
729	395	145	97
730	398	140	88
731	400	151	85
727	395	147	92
733	395	139	91
731	398	153	92
726	411	153	93
727	406	136	105
730	405	139	116
724	412	158	109
736	413	148	109
747	412	173	113
748	418	166	102
751	421	172	103
750	426	184	99
743	428	173	99
746	426	178	107
759	416	178	121
763	422	186	110
782	415	160	115
781	422	180	107
770	418	186	108
783	413	170	114
788	400	183	127
787	400	170	122
786	391	184	127
775	395	183	119
770	391	176	118
770	389	182	118
771	384	167	123
767	384	174	118
769	391	184	114
770	395	181	113
762	404	192	107
764	406	196	120
769	409	202	117
769	419	207	118
778	422	201	120
787	416	171	128
804	417	174	127
801	420	195	114
795	423	197	108
791	426	223	120
787	426	219	129
767	426	237	142
780	428	213	148
787	444	196	137
803	440	221	145
822	440	242	151
814	446	229	139
836	442	216	141
841	439	215	137
866	427	190	159
875	432	179	153
869	427	184	157
859	421	205	162
876	419	221	162
874	419	207	160
893	406	197	177
891	421	193	169
878	423	201	160
874	429	212	169
870	431	229	172
864	428	227	186
855	427	224	178
833	420	240	175
813	410	254	178
798	401	247	175
780	384	259	185
768	369	260	186
768	356	245	186
756	354	235	195
735	364	263	192
703	361	270	201
667	365	266	206
641	376	272	199
596	388	278	194
582	386	298	196
556	383	300	196
515	374	288	197
466	361	322	208
404	363	345	207
297	362	352	205
250	352	291	214
208	338	273	214
139	320	301	227
113	293	295	247
68	277	320	263
38	245	292	297
19	241	331	298
-2	216	334	329
5	227	347	325
-13	212	298	313
-39	210	287	325
-39	210	287	325
-39	210	287	325
