1171	224	58	39
1174	226	50	36
1150	226	46	32
1106	217	53	28
1073	209	50	37
1043	222	51	31
997	238	57	30
977	252	51	35
960	257	42	39
939	259	50	36
912	272	57	39
896	290	58	31
873	303	59	30
852	324	68	22
825	329	57	25
823	330	58	32
808	339	59	36
790	361	72	25
769	381	74	25
755	393	69	28
745	395	65	22
741	388	59	30
725	387	56	38
709	397	59	36
703	405	65	34
697	409	55	25
697	392	52	30
697	380	46	35
683	374	51	36
667	377	52	26
685	379	43	32
675	371	36	35
684	357	34	38
676	343	33	41
673	338	33	43
674	341	28	34
689	351	31	29
666	339	37	35
673	319	37	39
666	301	35	44
664	296	42	44
661	294	45	34
673	297	50	29
659	296	46	41
655	288	48	37
652	270	44	43
654	271	51	41
649	278	61	32
633	283	58	27
665	289	48	35
651	283	45	39
640	273	49	30
649	271	53	32
650	270	59	33
644	275	57	25
670	281	57	28
652	274	51	37
634	258	52	29
642	252	59	34
637	252	65	30
634	252	72	23
657	254	68	27
648	258	69	36
636	241	69	44
630	218	73	48
630	217	81	46
641	221	87	40
617	221	88	38
645	218	96	46
638	210	91	46
649	191	96	40
654	181	99	42
653	172	102	43
656	177	108	31
657	183	121	32
652	179	123	44
658	171	122	48
682	146	115	49
687	154	127	44
685	161	135	39
689	166	146	48
694	175	135	45
684	173	116	50
680	162	107	47
659	160	109	55
651	159	106	59
625	182	106	45
617	190	118	50
617	194	107	51
601	196	93	59
559	187	101	55
544	196	97	47
530	206	96	44
508	210	100	42
470	220	110	52
447	227	107	68
444	229	107	66
401	221	115	69
348	206	128	54
321	184	121	64
321	184	121	64
321	184	121	64
321	184	121	64
321	184	121	64
135	202	118	60
135	202	118	60
19	187	126	57
