582	400	33	32
577	369	32	31
573	342	31	30
569	318	32	31
565	301	34	33
560	289	34	33
556	284	34	33
551	282	34	33
548	288	34	33
547	298	32	31
542	310	34	33
539	330	35	34
536	357	34	33
533	384	36	35
531	420	35	34
529	462	36	35
528	505	36	35
523	480	35	34
517	448	34	33
509	421	35	34
501	401	36	35
493	384	37	36
486	371	39	37
479	363	40	39
474	362	42	41
474	368	40	39
471	378	39	37
468	396	37	36
464	418	36	35
460	445	37	36
457	481	36	35
453	518	37	36
456	479	37	36
456	435	38	37
459	396	39	37
464	366	37	36
468	341	36	35
471	319	37	36
476	304	37	36
479	294	38	37
483	290	36	35
487	292	36	35
491	301	36	35
494	315	37	36
496	334	39	37
500	360	40	39
504	391	42	41
506	427	43	41
510	473	42	41
512	418	43	41
516	345	44	43
520	277	46	45
529	214	47	46
533	158	49	48
537	110	50	49
545	80	48	47
555	50	46	45
561	24	48	47
567	5	48	47
575	-9	47	46
582	-15	45	44
588	-14	44	42
594	-12	43	41
599	-1	41	40
602	16	39	38
604	39	40	39
608	63	40	39
609	96	42	41
612	133	40	39
615	178	39	38
616	225	39	38
618	280	41	40
619	338	43	41
622	399	44	42
625	460	44	42
628	498	42	41
628	454	40	39
627	413	39	38
625	381	39	38
626	352	38	37
628	329	36	35
630	312	35	34
631	303	35	34
633	298	34	33
632	294	34	33
633	295	33	32
633	304	34	33
632	318	36	35
631	343	36	35
632	369	38	37
633	400	39	38
635	436	39	37
634	480	40	39
633	491	39	37
633	440	40	39
635	392	40	39
637	352	39	38
640	318	40	39
644	290	39	38
646	266	41	40
650	251	41	40
651	240	43	41
653	236	44	42
657	240	42	41
659	251	42	41
662	266	41	40
664	286	42	41
667	314	41	40
671	347	41	40
674	384	39	38
676	427	39	37
676	477	39	38
677	502	39	37
672	442	40	39
667	390	42	41
661	344	42	41
656	303	43	41
649	272	44	43
645	244	43	41
641	224	44	42
637	210	42	41
634	203	40	39
630	201	39	38
628	207	40	39
625	215	42	41
620	231	43	41
616	253	44	43
613	280	46	45
610	313	48	47
608	355	48	47
605	401	48	47
604	451	48	47
603	506	50	49
603	496	48	47
603	452	46	45
605	419	44	43
606	391	43	41
606	372	41	40
606	357	41	40
607	346	41	40
608	342	40	39
610	343	39	37
611	350	39	38
612	363	41	40
614	383	42	41
616	408	44	42
618	438	44	43
619	478	46	45
618	523	48	47
615	543	50	49
614	501	50	49
611	459	48	47
608	434	46	45
604	412	44	43
601	396	43	41
600	385	41	40
597	381	39	38
593	383	38	37
589	388	36	35
587	399	35	34
585	413	36	35
583	433	36	35
581	460	36	35
577	494	36	35
575	531	38	37
581	506	37	36
589	463	37	36
597	428	38	37
606	397	37	36
614	369	38	37
621	348	36	35
628	331	36	35
634	320	36	35
640	316	36	35
645	317	37	36
651	325	36	35
657	337	36	35
661	354	36	35
664	377	37	36
668	408	36	35
670	448	38	37
670	452	39	37
665	412	37	36
662	377	36	35
657	347	36	35
653	325	37	36
648	309	36	35
643	297	36	35
639	290	34	33
635	289	35	34
630	292	35	34
625	301	34	33
621	315	34	33
618	336	35	34
614	362	34	33
611	390	34	33
609	423	34	33
606	462	34	33
603	501	36	35
605	470	37	36
607	436	36	35
610	408	34	33
613	388	34	33
616	372	32	31
619	361	31	30
621	355	31	30
623	353	30	30
625	355	30	29
626	363	31	30
628	376	32	31
630	395	31	30
629	420	32	31
630	450	33	32
631	486	34	33
629	464	34	33
625	424	35	34
622	394	34	33
618	369	34	33
615	350	34	33
612	334	34	33
611	325	33	32
608	320	34	33
604	318	35	34
601	323	35	34
599	333	35	34
596	351	34	33
593	372	35	34
589	398	36	35
586	433	36	35
584	471	36	35
586	489	36	35
596	454	36	35
604	422	35	34
610	395	36	35
619	375	35	34
628	363	34	33
635	354	34	33
644	350	34	33
653	352	36	35
662	360	34	33
669	374	36	35
675	391	37	36
685	419	36	35
692	450	38	37
693	490	39	38
695	452	38	37
690	408	39	38
688	373	38	37
683	345	37	36
678	321	37	36
676	301	38	37
671	288	39	38
668	284	39	37
664	285	39	38
661	291	39	38
660	305	38	37
658	324	37	36
656	345	37	36
654	374	36	35
654	409	36	35
653	448	38	37
651	487	39	37
650	444	40	39
649	404	39	38
648	370	40	39
647	343	39	38
646	321	38	37
642	298	39	38
637	284	41	40
632	277	41	40
625	276	43	41
620	283	41	40
614	295	42	41
609	314	42	41
604	340	43	41
598	369	44	42
592	409	44	42
584	443	44	43
568	387	44	43
552	338	43	41
534	297	44	42
516	259	45	44
500	233	47	46
481	208	49	48
463	191	51	49
446	179	53	51
429	174	55	54
422	186	53	51
414	199	51	49
405	216	49	48
398	241	47	46
396	264	48	47
401	293	48	47
414	325	48	47
435	357	46	45
470	296	45	44
501	241	47	46
527	194	47	46
546	157	45	44
561	127	45	44
572	108	44	43
579	93	46	45
585	85	47	46
592	89	45	44
596	94	45	44
599	105	44	43
599	121	46	45
601	143	44	43
602	173	44	43
604	204	44	43
608	241	43	41
612	283	41	40
616	329	41	40
619	370	39	38
618	333	40	39
617	301	40	39
617	280	39	38
618	263	38	37
617	251	37	36
614	243	38	37
613	240	36	35
613	241	38	37
614	250	37	36
614	261	39	37
618	281	38	37
619	303	39	37
622	330	39	38
625	366	39	38
625	374	38	37
617	336	38	37
609	302	39	38
602	275	41	40
595	253	41	40
588	238	40	39
580	226	42	41
572	220	41	40
562	222	43	41
554	232	44	43
545	245	44	43
538	265	45	44
530	295	44	42
520	332	45	44
512	371	47	46
515	367	45	44
524	308	47	46
533	254	49	48
544	209	49	48
557	167	51	49
571	132	51	49
582	106	53	51
596	88	51	49
609	73	52	50
622	64	52	50
636	62	52	50
648	65	54	52
662	74	55	54
676	92	57	56
687	120	59	57
700	164	56	55
713	206	54	52
725	257	54	52
736	313	53	51
741	355	52	50
738	304	51	49
731	256	52	50
726	218	51	49
720	192	50	49
716	167	51	49
713	150	49	48
712	139	50	49
711	135	48	47
708	135	50	49
705	142	52	50
703	162	51	49
699	187	52	50
698	220	52	50
698	258	50	49
698	301	49	48
698	351	47	46
698	403	45	44
698	438	44	43
702	391	43	41
705	351	41	40
708	319	40	39
709	292	39	37
709	272	40	39
711	260	39	37
713	254	38	37
715	252	38	37
716	253	39	37
716	263	39	38
716	279	39	37
718	302	37	36
718	329	36	35
721	359	37	36
720	397	39	37
721	387	37	36
722	350	36	35
723	321	35	34
724	294	36	35
724	276	37	36
725	261	37	36
725	251	36	35
728	250	35	34
727	249	36	35
728	256	36	35
728	267	38	37
729	285	36	35
729	311	36	35
730	340	38	37
731	376	36	35
733	417	37	36
732	383	37	36
729	340	39	37
727	307	37	36
726	279	36	35
725	256	36	35
723	240	36	35
722	228	35	34
719	220	36	35
715	218	37	36
711	222	36	35
710	230	35	34
708	243	36	35
704	262	36	35
699	288	36	35
695	321	35	34
693	356	34	33
691	394	35	34
693	358	35	34
694	326	36	35
697	300	35	34
700	280	34	33
701	263	35	34
704	253	34	33
706	248	36	35
709	248	36	35
711	254	36	35
713	266	36	35
716	283	36	35
719	307	36	35
722	335	38	37
724	370	39	37
727	413	39	38
728	410	38	37
722	373	38	37
715	340	39	38
710	318	39	38
703	300	39	37
697	287	40	39
692	281	39	37
687	280	37	36
680	283	36	35
674	293	36	35
668	309	36	35
662	329	38	37
659	356	36	35
653	390	36	35
647	429	38	37
649	412	37	36
655	372	38	37
661	337	38	37
666	310	37	36
671	291	37	36
674	275	38	37
681	266	36	35
688	261	38	37
691	261	39	38
696	269	39	37
701	283	39	38
705	303	39	37
710	326	39	37
716	356	39	37
719	393	39	37
720	403	37	36
718	357	38	37
718	316	38	37
715	278	39	38
714	248	41	40
711	226	42	41
707	209	43	41
706	198	41	40
706	194	40	39
706	194	39	38
705	200	39	38
704	211	40	39
702	228	40	39
700	251	39	37
698	280	39	38
698	316	39	37
694	357	40	39
691	402	41	40
691	430	40	39
691	385	41	40
689	344	43	41
686	307	44	43
683	281	43	41
679	256	41	40
675	238	42	41
673	224	41	40
672	215	40	39
668	211	42	41
663	215	44	42
660	223	44	42
656	236	44	43
651	257	46	45
647	285	47	46
644	324	45	44
643	367	44	42
640	418	45	44
641	427	44	42
645	387	43	41
651	353	42	41
655	324	41	40
660	300	42	41
664	284	44	42
669	273	44	42
674	270	43	41
680	272	42	41
685	279	44	42
690	292	45	44
694	312	47	46
697	343	45	44
698	377	45	44
702	420	45	44
707	462	44	42
710	412	45	44
715	370	44	42
718	334	43	41
720	304	44	43
722	281	44	43
725	266	45	44
728	255	46	45
730	253	47	46
732	255	49	48
735	267	49	48
737	284	50	49
741	312	48	47
744	344	49	48
747	385	49	48
750	435	49	48
752	490	49	48
752	435	51	49
749	383	51	49
747	340	51	49
746	305	50	49
742	275	48	47
737	256	50	49
732	240	52	50
727	232	54	52
721	233	56	55
719	245	57	56
715	263	59	57
712	296	57	56
709	335	56	55
708	384	57	56
705	445	59	57
700	475	59	57
692	399	61	59
684	332	62	60
677	278	60	58
668	227	61	59
660	191	63	62
653	163	66	64
648	145	63	62
642	135	65	63
639	136	62	60
634	145	62	60
629	160	65	63
629	191	62	60
630	230	60	58
630	278	57	56
629	331	55	54
627	389	57	56
622	447	60	58
627	394	57	56
629	351	57	56
632	321	55	54
636	298	53	51
639	285	51	49
641	279	50	49
643	279	50	49
647	288	49	48
651	304	47	46
651	325	49	48
652	354	48	47
655	388	46	45
655	429	47	46
656	440	45	44
658	396	44	42
660	356	42	41
660	323	44	42
662	298	44	42
663	279	43	41
665	268	41	40
667	261	39	38
667	260	40	39
668	264	39	38
670	274	39	38
670	291	41	40
671	315	41	40
673	342	39	38
675	377	39	37
676	374	37	36
671	330	37	36
665	294	37	36
658	266	36	35
650	241	37	36
644	222	36	35
640	210	36	35
634	203	36	35
627	200	37	36
620	201	39	37
616	213	37	36
611	229	36	35
608	252	35	34
605	279	34	33
600	309	33	32
595	343	34	33
592	368	33	32
588	335	34	33
582	304	34	33
578	280	35	34
572	258	34	33
567	243	34	33
561	232	36	35
555	225	36	35
551	223	38	37
545	230	39	37
540	243	39	37
534	261	39	38
529	284	39	37
525	314	37	36
520	351	36	35
516	368	38	37
512	326	38	37
509	289	38	37
505	256	39	38
503	229	41	40
499	207	43	41
495	190	44	43
490	179	46	45
485	174	48	47
482	178	48	47
481	189	47	46
477	204	49	48
474	228	49	48
472	257	49	48
470	296	48	47
470	345	46	45
466	391	48	47
462	339	49	48
459	293	47	46
455	252	49	48
451	218	51	49
448	189	52	50
445	168	53	51
443	155	52	50
439	149	53	51
437	151	51	49
435	159	53	51
430	173	55	54
425	194	55	54
422	226	53	51
417	266	52	50
411	314	51	49
406	368	53	51
401	404	53	51
411	343	54	52
418	292	53	51
429	250	51	49
435	210	52	50
439	183	54	52
447	160	55	54
454	146	57	56
462	143	57	56
469	145	60	58
480	156	57	56
489	174	56	55
499	201	55	54
509	241	53	51
515	283	54	52
520	332	54	52
527	392	52	50
530	346	53	51
532	288	53	51
533	240	53	51
533	200	53	51
530	167	55	54
530	143	57	56
533	125	55	54
532	114	56	55
529	113	56	55
526	123	54	52
526	141	55	54
530	163	57	56
529	190	55	54
530	229	53	51
530	271	51	49
531	318	49	48
531	369	48	47
542	361	46	45
560	320	44	43
574	285	46	45
589	263	44	43
604	241	45	44
618	229	45	44
631	222	45	44
644	223	45	44
655	230	46	45
668	244	45	44
679	263	44	43
688	289	44	43
697	319	44	42
706	356	42	41
713	399	41	40
717	362	43	41
721	324	44	43
725	296	44	42
730	270	43	41
734	249	44	43
737	235	46	45
741	225	48	47
742	226	50	49
745	236	49	48
749	250	48	47
753	271	50	49
757	300	48	47
758	332	50	49
761	374	48	47
762	423	48	47
770	377	46	45
773	332	46	45
773	292	48	47
771	259	50	49
766	233	52	50
762	212	53	51
759	201	51	49
754	193	53	51
752	193	54	52
749	202	55	54
747	221	55	54
744	245	57	56
743	281	55	54
741	323	55	54
741	373	53	51
739	426	51	49
738	370	53	51
738	322	52	50
737	280	53	51
735	243	55	54
734	216	57	56
734	196	57	56
732	186	56	55
732	185	54	52
734	188	54	52
736	196	55	54
738	215	54	52
745	239	52	50
748	277	50	49
750	315	49	48
750	360	47	46
745	411	49	48
739	434	47	46
731	387	48	47
722	347	47	46
709	318	49	48
697	296	48	47
684	279	48	47
670	271	50	49
658	266	52	50
653	271	50	49
649	283	50	49
647	300	50	49
645	323	52	50
642	356	52	50
642	398	51	49
640	448	53	51
641	457	51	49
641	410	49	48
639	368	50	49
636	338	51	49
636	313	50	49
634	294	49	48
632	280	51	49
631	274	52	50
629	274	54	52
627	287	52	50
625	304	51	49
622	326	52	50
620	360	50	49
616	399	49	48
613	444	49	48
613	424	51	49
614	352	53	51
620	292	51	49
623	237	53	51
627	191	55	54
630	152	57	56
634	125	57	56
638	104	56	55
643	90	54	52
647	85	52	50
650	87	52	50
654	95	51	49
654	107	52	50
654	125	54	52
655	149	54	52
659	186	52	50
659	223	54	52
661	270	54	52
662	324	52	50
665	381	50	49
664	441	52	50
664	451	50	49
660	398	48	47
658	351	46	45
653	309	46	45
649	272	47	46
642	241	49	48
637	220	50	49
632	205	48	47
627	198	48	47
621	195	49	48
615	201	49	48
611	212	50	49
604	229	52	50
600	258	50	49
593	290	52	50
590	330	52	50
589	377	50	49
585	430	52	50
584	399	50	49
582	358	52	50
587	329	50	49
591	305	51	49
594	284	52	50
597	273	53	51
597	268	54	52
600	271	53	51
602	278	52	50
605	290	54	52
611	313	53	51
615	340	54	52
622	376	52	50
628	420	50	49
625	370	52	50
620	323	53	51
617	283	53	51
616	250	53	51
616	226	53	51
614	206	54	52
613	193	52	50
611	187	52	50
609	189	52	50
609	196	53	51
609	209	55	54
608	231	57	56
607	260	59	57
607	300	56	55
607	345	54	52
607	398	53	51
603	406	54	52
603	358	52	50
599	316	50	49
595	280	50	49
589	251	52	50
585	226	54	52
581	210	53	51
577	202	51	49
569	201	52	50
563	208	52	50
555	222	54	52
550	243	56	55
543	273	56	55
537	313	57	56
533	361	55	54
527	412	57	56
530	390	55	54
537	325	57	56
546	271	57	56
552	225	59	57
561	191	56	55
569	163	54	52
575	143	56	55
581	126	59	57
589	118	61	59
599	123	59	57
607	134	56	55
614	150	55	54
621	172	55	54
629	201	55	54
635	239	54	52
641	283	52	50
648	333	50	49
648	387	52	50
654	342	50	49
656	300	48	47
660	270	46	45
663	238	45	44
665	219	44	43
665	204	45	44
665	196	46	45
666	195	47	46
668	201	45	44
669	214	44	43
670	232	43	41
672	258	41	40
671	287	39	38
671	320	39	37
671	358	39	38
666	354	38	37
660	328	36	35
650	311	37	36
639	298	37	36
631	290	36	35
623	285	36	35
615	285	36	35
605	291	36	35
596	304	34	33
588	320	34	33
583	342	33	32
577	367	34	33
572	394	32	31
572	350	34	33
574	310	34	33
577	276	35	34
580	248	36	35
584	228	35	34
587	210	35	34
591	197	35	34
593	189	36	35
600	188	35	34
606	191	34	33
610	198	33	32
613	212	34	33
616	235	33	32
619	258	34	33
624	286	36	35
627	319	34	33
626	313	33	32
622	276	34	33
617	244	34	33
613	216	35	34
610	194	35	34
606	178	35	34
602	170	34	33
597	165	33	32
593	163	34	33
589	165	33	32
584	173	34	33
579	186	34	33
574	205	34	33
569	229	34	33
564	259	36	35
560	293	37	36
556	332	36	35
552	359	36	35
553	320	37	36
556	285	36	35
557	254	37	36
558	229	37	36
559	213	36	35
561	199	37	36
563	191	36	35
563	187	37	36
563	189	36	35
564	197	36	35
564	209	36	35
565	226	36	35
566	251	36	35
566	280	38	37
562	316	39	37
564	329	39	37
567	288	40	39
569	247	40	39
570	212	41	40
568	180	43	41
566	160	42	41
565	144	42	41
566	135	42	41
567	131	41	40
569	133	41	40
569	141	43	41
566	154	44	42
561	172	45	44
557	199	44	43
554	225	44	43
549	264	44	42
546	305	44	42
545	355	44	43
549	362	43	41
549	317	44	42
553	279	42	41
557	248	41	40
560	220	43	41
566	199	44	43
571	182	46	45
575	174	45	44
576	169	46	45
580	171	46	45
589	178	45	44
598	191	45	44
608	212	44	42
615	240	42	41
620	273	42	41
624	310	43	41
628	354	43	41
629	323	42	41
628	279	41	40
627	242	41	40
625	209	43	41
623	185	44	43
622	162	43	41
621	147	44	43
618	139	44	42
615	137	44	43
612	141	45	44
609	153	44	43
604	169	46	45
601	191	44	43
598	220	44	42
595	256	42	41
592	295	42	41
590	338	43	41
585	388	44	43
588	349	43	41
589	294	43	41
593	250	42	41
598	208	43	41
601	173	44	42
603	141	45	44
605	117	47	46
608	102	45	44
610	94	44	42
611	91	42	41
613	94	42	41
616	102	42	41
617	116	43	41
619	135	44	42
620	161	45	44
620	194	44	42
621	232	44	42
621	274	44	43
623	320	43	41
624	372	42	41
624	382	40	39
621	336	42	41
621	296	40	39
619	262	41	40
618	233	41	40
616	212	39	38
614	193	41	40
610	179	43	41
607	171	44	43
606	169	44	43
603	176	44	42
599	188	44	43
601	203	44	42
604	227	42	41
603	258	40	39
602	292	41	40
601	331	43	41
600	378	43	41
602	388	41	40
602	347	41	40
602	306	43	41
605	277	42	41
605	247	44	42
606	229	42	41
606	212	42	41
605	201	44	42
605	197	45	44
607	198	47	46
611	209	47	46
615	228	45	44
614	253	44	43
613	283	44	42
615	319	42	41
617	359	44	42
618	404	44	43
614	370	43	41
605	316	44	42
595	268	45	44
589	228	45	44
583	188	47	46
574	161	49	48
565	140	51	49
558	125	51	49
552	118	49	48
545	116	50	49
537	120	52	50
535	134	52	50
534	154	54	52
529	178	56	55
522	213	57	56
518	259	55	54
518	310	54	52
524	369	52	50
529	428	54	52
526	414	52	50
514	350	54	52
505	298	53	51
497	253	54	52
489	208	56	55
479	174	59	57
469	147	57	56
458	124	57	56
447	112	59	57
437	110	60	58
428	117	60	58
418	131	60	58
409	155	59	57
402	190	61	59
398	230	63	62
398	278	61	59
396	336	59	57
403	338	57	56
426	284	60	58
452	238	62	60
484	204	60	58
513	177	60	58
538	159	60	58
561	145	59	57
584	143	59	57
608	148	61	59
636	159	59	57
663	172	61	59
687	196	61	59
704	229	61	59
715	267	63	62
726	313	61	59
734	364	59	57
742	411	59	57
746	355	56	55
746	303	56	55
741	263	59	57
739	230	56	55
737	204	55	54
737	186	53	51
737	172	52	50
735	165	54	52
733	169	56	55
734	184	54	52
735	204	52	50
739	232	50	49
741	262	48	47
746	300	46	45
749	340	46	45
750	329	44	43
748	279	45	44
744	236	46	45
742	200	44	43
738	169	46	45
733	146	48	47
731	135	46	45
728	130	46	45
724	130	46	45
720	138	44	43
716	149	45	44
712	167	44	43
710	191	43	41
709	221	41	40
709	256	41	40
708	296	39	38
704	345	41	40
701	373	39	38
704	339	38	37
704	307	38	37
702	281	37	36
699	256	37	36
695	240	38	37
689	227	39	38
683	219	41	40
677	219	43	41
671	226	44	43
667	237	45	44
666	255	44	43
668	281	44	42
668	318	42	41
667	360	41	40
663	398	43	41
663	352	44	43
662	309	46	45
664	278	44	43
667	250	44	43
671	229	46	45
676	214	46	45
680	204	46	45
682	200	47	46
682	200	48	47
683	207	48	47
685	222	47	46
685	242	46	45
686	272	45	44
687	306	46	45
687	345	46	45
689	391	45	44
689	441	44	43
689	491	46	45
687	450	45	44
687	409	44	42
682	375	44	43
678	350	45	44
673	329	44	43
669	313	44	43
665	302	45	44
662	299	45	44
657	302	46	45
653	315	45	44
648	333	45	44
643	356	47	46
639	384	48	47
637	423	48	47
635	470	50	49
636	469	48	47
634	426	47	46
635	391	45	44
634	366	45	44
630	345	47	46
626	329	49	48
628	320	48	47
633	317	47	46
637	313	49	48
641	324	47	46
643	339	49	48
646	360	49	48
649	391	47	46
651	427	45	44
654	469	44	43
658	498	43	41
666	447	44	43
671	405	44	43
672	368	43	41
666	337	44	43
660	321	45	44
658	306	47	46
662	295	47	46
666	288	48	47
667	292	49	48
666	300	47	46
661	306	47	46
656	326	46	45
651	350	48	47
652	383	46	45
654	419	45	44
655	459	47	46
657	430	45	44
658	381	45	44
659	340	45	44
658	308	47	46
658	281	49	48
661	259	49	48
663	243	49	48
666	235	48	47
667	232	50	49
669	237	49	48
672	249	48	47
673	267	49	48
677	291	47	46
680	322	45	44
684	359	44	42
688	403	43	41
691	451	44	42
693	475	45	44
690	429	44	42
686	382	45	44
683	342	44	43
679	309	46	45
674	281	47	46
669	260	47	46
662	243	49	48
658	233	51	49
653	231	51	49
645	234	52	50
640	247	51	49
631	265	52	50
627	296	50	49
622	332	50	49
619	377	49	48
616	431	49	48
612	479	51	49
612	436	50	49
609	395	50	49
609	365	49	48
607	342	51	49
606	325	53	51
605	319	54	52
607	317	52	50
610	324	50	49
