205	273	33	55
209	272	32	54
206	267	32	54
203	266	32	54
210	257	32	54
216	254	32	53
212	254	32	54
210	259	33	55
216	266	32	54
216	267	32	53
214	268	33	55
214	269	32	54
211	272	33	55
212	278	32	53
213	282	32	54
215	284	32	53
219	286	32	54
225	286	32	54
230	286	31	52
231	282	32	54
232	278	32	54
239	272	33	55
243	271	32	53
246	271	32	54
252	269	32	53
255	269	33	55
254	266	34	57
259	265	33	55
262	264	32	53
262	260	32	53
267	258	32	53
272	259	32	54
277	261	32	53
283	261	33	55
286	263	34	57
295	263	34	56
303	261	34	57
308	258	35	58
315	256	35	58
323	257	35	58
329	258	36	60
335	260	36	60
341	258	37	62
344	255	39	64
348	253	39	64
354	250	40	67
356	249	39	66
357	249	41	68
363	252	39	66
369	254	38	63
372	255	37	62
375	253	39	64
379	258	38	63
384	259	37	62
392	260	38	63
397	259	39	66
403	256	41	68
413	257	40	67
421	260	39	66
428	260	41	68
436	261	43	71
445	263	42	70
455	264	41	68
461	264	40	67
468	263	39	66
473	262	41	68
478	264	42	70
488	265	41	68
497	269	40	67
503	271	40	67
509	273	39	64
518	276	37	62
526	277	37	62
532	277	38	63
539	276	39	64
546	274	40	67
550	274	40	67
560	276	39	66
566	279	38	63
577	276	39	64
590	278	39	64
593	281	38	63
600	281	38	63
607	282	39	66
612	284	39	64
620	285	38	63
624	286	39	64
633	288	37	62
636	287	36	60
638	286	37	62
643	286	36	61
647	285	38	63
649	284	39	64
655	286	38	63
666	286	39	66
669	286	39	66
670	284	41	68
672	283	42	70
679	284	40	67
685	284	39	64
689	285	38	63
692	284	39	64
696	286	39	64
692	287	39	66
695	287	39	64
699	285	39	64
699	282	40	67
698	282	40	67
699	281	42	70
702	283	41	68
704	283	43	71
700	282	44	73
705	282	44	73
708	281	44	73
706	277	44	74
706	274	46	77
705	272	47	79
703	273	46	77
700	274	44	74
693	272	46	77
688	272	47	79
680	272	47	79
668	273	45	76
654	271	44	74
637	270	46	77
618	266	47	79
598	264	49	82
590	263	47	79
581	264	46	77
573	265	45	76
564	262	47	79
557	263	47	79
557	268	45	76
554	268	47	79
552	267	49	82
553	264	51	85
554	263	51	85
555	263	49	82
555	261	51	85
556	260	51	85
557	260	51	85
560	264	50	83
564	262	50	83
570	261	51	85
571	260	53	88
577	262	53	88
582	261	53	88
585	260	54	90
592	261	52	87
594	262	54	90
597	264	52	87
602	266	53	88
606	266	55	92
610	269	53	88
612	270	51	85
617	271	50	83
619	268	51	85
621	270	51	85
624	274	49	82
629	276	50	83
633	279	49	82
636	281	50	83
639	284	49	82
641	283	50	83
643	281	52	87
643	279	54	90
642	277	55	92
641	275	56	94
639	273	56	94
641	270	54	90
640	267	53	88
638	265	54	90
636	260	56	94
631	258	59	98
627	257	60	100
625	256	57	96
622	254	57	96
619	253	57	96
615	252	57	96
609	254	59	98
610	255	56	94
612	256	57	96
612	259	56	94
612	260	56	94
612	259	57	96
613	256	57	96
615	253	56	94
616	251	59	98
619	255	56	94
621	254	59	98
629	251	57	96
633	249	56	94
641	249	56	94
645	249	56	94
648	251	59	98
660	262	56	94
665	265	55	92
671	270	53	88
676	275	52	87
686	279	50	83
691	280	51	85
696	283	49	82
701	281	51	85
704	285	49	82
708	286	50	83
712	282	52	87
716	280	54	90
718	276	56	94
721	272	59	98
726	273	60	100
733	273	60	100
738	272	62	104
744	275	62	104
746	277	65	108
753	280	62	104
760	282	61	102
761	280	61	102
763	279	60	100
768	277	62	104
773	279	60	100
774	279	60	100
774	280	59	98
776	282	59	98
779	286	56	94
783	286	54	90
784	283	56	94
781	280	59	98
783	279	57	96
781	275	59	98
779	276	57	96
776	276	57	96
776	279	55	92
773	279	56	94
769	279	57	96
768	278	60	100
765	278	60	100
762	278	60	100
761	279	59	98
759	278	60	100
758	278	57	96
755	278	59	98
753	279	59	98
750	280	59	98
750	283	56	94
750	287	54	90
746	286	56	94
743	288	56	94
741	289	56	94
739	289	56	94
737	287	56	94
735	287	57	96
737	285	57	96
739	285	55	92
740	282	56	94
740	283	54	90
741	284	52	87
741	284	53	88
740	281	55	92
741	285	53	88
741	282	55	92
743	284	53	88
744	284	53	88
744	280	55	92
746	281	54	90
747	280	54	90
749	281	53	88
751	281	55	92
755	284	53	88
757	282	52	87
759	283	52	87
761	282	51	85
763	284	49	82
767	284	48	80
769	284	50	83
771	285	51	85
774	288	49	82
777	288	50	83
779	286	52	87
783	286	51	85
786	284	52	87
787	287	50	83
791	287	50	83
795	287	51	85
798	289	52	87
802	288	53	88
804	289	54	90
806	289	53	88
810	289	52	87
813	291	50	83
815	291	51	85
819	294	52	87
821	295	54	90
823	299	52	87
823	302	50	83
825	305	49	82
827	306	50	83
827	305	52	87
828	306	51	85
828	305	53	88
826	306	54	90
826	306	52	87
824	306	54	90
822	306	53	88
821	307	52	87
821	309	50	83
819	310	50	83
818	313	48	80
815	312	49	82
813	312	49	82
813	312	49	82
811	309	51	85
810	309	51	85
808	309	52	87
807	310	51	85
806	310	51	85
808	312	49	82
804	311	51	85
797	312	50	83
794	316	48	80
