471	339	23	21
477	339	22	20
487	356	22	20
497	367	21	19
504	376	20	18
507	389	19	18
507	388	19	18
507	379	18	17
506	370	18	17
508	363	18	16
511	354	18	16
515	347	18	17
516	342	17	16
518	336	17	16
517	333	16	15
518	331	17	16
519	330	17	16
519	327	17	15
517	324	16	15
515	323	17	16
514	322	16	15
512	323	17	16
510	322	17	16
507	321	17	16
502	319	18	16
495	311	18	17
491	301	19	18
489	289	20	18
490	278	19	18
493	267	20	18
497	256	20	19
502	250	20	19
506	246	21	19
512	246	20	19
518	248	20	18
522	250	20	19
528	255	21	19
532	259	22	20
534	263	21	19
537	264	22	20
542	270	22	20
550	278	23	21
562	286	23	21
577	293	23	21
592	294	23	21
607	295	22	20
617	291	21	19
619	286	20	18
618	281	19	18
610	275	18	17
602	269	18	17
591	258	18	17
577	248	19	18
565	239	18	17
557	230	18	17
546	221	18	17
537	217	17	16
527	211	18	17
518	205	18	17
509	198	18	17
499	186	19	17
486	172	20	18
471	161	20	18
455	158	20	19
441	160	21	19
430	174	22	20
418	189	22	20
410	203	21	19
404	215	20	18
398	224	21	19
389	233	21	19
380	241	22	20
373	247	21	19
367	254	20	19
359	258	20	18
351	261	20	18
351	254	19	18
352	249	18	17
351	244	18	17
355	242	18	16
357	241	18	17
358	240	18	17
357	240	19	17
357	238	20	18
359	239	19	17
364	241	18	17
365	246	18	17
364	250	18	17
364	255	18	16
365	258	17	16
366	261	16	15
369	267	16	15
373	272	17	15
373	278	17	16
375	283	17	16
377	291	18	16
381	302	17	16
380	312	18	16
380	323	18	17
380	331	18	17
378	336	18	17
377	343	18	17
382	349	17	16
385	353	17	15
387	358	17	16
391	363	17	15
393	364	17	15
397	367	16	15
402	370	16	14
407	371	15	14
414	370	15	14
417	372	16	14
421	370	15	14
426	372	16	15
429	372	16	15
434	372	17	15
436	373	17	16
438	373	17	15
436	371	17	16
435	371	17	16
433	369	18	16
433	369	18	17
434	370	18	16
434	372	18	17
433	375	18	17
434	383	18	17
434	396	18	17
435	408	17	16
435	419	17	15
437	433	17	15
436	442	17	16
435	433	18	16
435	424	18	16
435	415	18	17
436	404	18	17
436	397	18	17
435	390	18	17
434	386	18	17
436	385	18	16
440	383	17	16
440	377	17	16
444	377	18	17
448	380	19	17
455	386	19	18
461	400	20	18
471	411	20	18
476	425	21	19
473	421	20	18
487	443	20	18
490	430	20	18
494	419	19	18
498	409	18	17
503	397	18	16
506	385	18	17
507	370	18	17
509	357	19	17
509	346	18	17
507	336	18	17
505	329	18	17
503	324	19	17
502	321	18	17
500	321	18	17
495	320	18	16
492	321	18	17
489	323	19	17
489	330	19	18
491	343	20	18
493	356	21	19
494	370	21	19
495	387	21	19
495	402	20	18
496	419	20	18
495	416	19	18
496	407	18	17
495	397	18	17
495	389	18	16
494	380	18	16
495	371	18	17
495	365	19	17
495	359	18	17
494	354	18	17
493	350	17	16
493	347	17	15
493	344	16	15
492	340	16	14
491	337	15	14
488	336	16	15
489	334	17	15
494	332	17	16
494	331	18	16
496	331	17	16
501	335	18	16
505	337	17	16
510	338	18	16
515	342	18	16
521	346	18	17
524	348	19	17
528	352	19	18
531	356	20	18
534	361	20	18
537	370	21	19
541	382	20	19
543	393	20	18
545	406	20	18
550	418	20	18
554	432	21	19
556	429	20	19
557	418	20	19
559	406	21	19
561	396	20	19
563	386	20	18
567	376	20	18
573	368	20	18
578	362	19	17
586	357	18	17
591	353	18	17
593	349	19	17
595	347	18	17
595	344	19	18
595	340	20	18
598	340	20	18
599	336	21	19
597	337	21	19
595	339	21	19
