508,319,65,62
509.36,318.52,64.742,63.684
513.32,318.67,64.687,64.9
516.93,318.01,65.021,65.71
521.35,318.78,65.217,66.437
527.6,318.27,65.173,67.24
533.28,318.37,65.223,67.656
541.06,317.49,65.954,67.985
549.51,316.99,66.417,68.47
562.15,316.84,67.317,68.726
571.79,316.74,69.807,68.204
582.65,320.08,73.927,65.048
605.71,317.16,73.588,66.72
617.01,313.18,73.004,67.539
626.09,308.51,72.462,68.718
628.81,303.66,72.197,69.407
631.94,299.71,72.215,69.506
633.02,297.84,72.271,69.666
633.28,295.78,72.409,69.498
633.12,294.4,72.505,69.333
631.51,293.56,72.599,69.304
630.75,292.97,72.79,69.352
631.19,292.02,72.965,69.767
629.16,290.49,73.78,70.103
628.03,288.16,74.358,69.784
628.05,287.13,75.017,68.959
627.33,285.65,75.671,68.154
626.52,285.2,76.474,67.22
626.36,285.85,76.355,67.055
627.09,285.72,76.9,67.158
631.32,285.82,76.905,68.263
635.51,285.31,77.716,69.589
645.01,283.99,78.992,70.17
648,284.21,79.302,71.177
659.52,285.43,78.555,71.868
667.66,287.44,77.679,71.748
669.87,290.35,77.386,72.286
677.09,293.38,76.506,72.817
677.79,297.26,75.716,72.735
680.09,300.65,75.129,73.069
681.43,304.14,74.743,73.603
681.43,308.49,74.343,73.531
679.8,313.44,73.558,72.844
678.65,318.86,73.627,72.852
677.71,320.39,72.646,72.783
677.57,321.85,72.055,73.164
679.2,322.83,72.028,72.953
680,324.25,71.514,72.622
681.58,324.21,70.976,72.047
683.7,325.18,70.771,71.725
684.52,325.54,70.533,71.427
685.37,327.33,70.12,71.324
687.41,328.1,69.821,71.268
689.38,327.79,69.617,71.113
690.21,328.92,69.383,70.767
691.65,329.1,69.133,70.268
691.5,329.85,69.263,69.746
688.95,330.19,69.224,69.279
687.28,330.84,69.245,68.614
686.72,331.15,69.04,68.144
685.86,331.42,69.032,67.832
684.26,331.66,69.364,67.527
682.31,331.66,69.858,67.388
681.6,330.18,70.323,67.208
680.49,329.31,70.495,67.009
678.05,328.53,70.615,66.677
676.49,327.99,70.277,66.546
675.27,327.11,69.799,66.372
672.97,326.35,69.888,66.415
670.98,325.86,70.012,66.32
668.42,325.55,69.894,65.845
665.59,326.26,70.632,65.486
662.06,325.33,70.88,65.296
659.84,323.79,70.974,65.402
658.15,322.1,71.049,65.642
658.22,319.91,70.696,66.343
657.63,315.17,70.197,67.496
658.11,310.62,69.506,68.705
658.41,305.18,69.345,69.939
657.66,300.06,69.094,70.939
659.12,294.25,69.039,71.256
659.15,291.83,68.87,71.387
658.86,290.49,68.925,71.651
658.48,289.19,68.818,71.864
658.7,288.4,68.691,71.869
657.87,287.41,68.737,72.039
656.8,287.13,68.58,71.992
655.34,286.29,68.41,72.104
655.01,286.28,68.479,72.07
652.36,286.44,68.915,71.864
651.75,288.13,68.932,71.549
651.27,290.07,68.943,71.265
651.35,291.81,68.436,70.745
650.55,293.31,67.965,70.387
651.78,294.52,67.521,69.906
653.24,295.77,67.044,69.216
655.03,296.77,66.302,68.856
656.87,297.8,66.03,68.587
658.32,298.19,65.683,68.462
660.4,300.11,65.033,68.048
661.86,301.21,64.62,66.993
662.02,302.17,64.503,65.763
662.26,303.07,64.314,65.045
661.92,304.42,64.158,64.814
660.32,306.01,64.125,64.502
658.07,307.67,64.291,64.551
655.09,310.1,64.909,64.159
650.28,312.44,65.205,63.82
646.1,314.5,65.408,63.924
642.05,315.01,65.875,64.051
636.64,313.89,66.803,64.318
631.41,310.41,67.821,65.582
625.46,305.53,67.847,67.11
622.17,301.35,67.441,68.615
618.23,295.89,67.259,70.524
613.55,290.61,67.649,73.144
609.48,284.55,68.588,76.067
605.43,278.17,69.747,78.266
602.55,272.86,70.527,78.83
602.24,269.45,70.345,78.439
603.18,266.4,70.104,77.285
606.87,265.32,70.272,76.632
613.31,265.67,70.727,76.344
619.49,268.99,72.011,75.869
627.84,271.62,72.881,75.511
632.69,273.5,73.169,77.24
642.51,277.2,72.822,76.758
652.04,280.48,72.358,76.823
655.93,283.27,72.078,76.381
665.77,284.72,71.195,75.123
673.84,286.62,70.609,73.691
677.19,289.4,69.758,73.117
682.14,292.09,68.715,72.757
686.96,294.44,67.735,72.282
688.17,296.87,67.177,71.418
688.99,298.91,66.665,70.308
687.86,299.77,66.088,69.455
683.29,299.94,66.339,68.303
675.85,298.37,67.322,67.842
668.14,294.62,68.18,68.446
659.19,285.98,68.306,68.558
652.8,276.11,68.933,69.494
645.87,270.78,69.878,70.461
637.8,258.71,71.07,71.5
624.02,248.72,72.473,71.468
611.33,248.77,73.127,71
600.11,249.53,74.442,71.198
594.77,253.7,75.721,71.938
577.88,273.34,76.384,75.219
560.43,295.41,75.224,77.125
553.19,307.4,71.525,80.073
553.97,304.8,67.65,81.878
553.16,316.27,65.163,83.394
544.65,316.19,62.63,85.927
541.95,309.01,61.036,86.53
539.79,311.98,58.975,86.868
537.36,313.51,59.428,83.235
533.96,304.85,60.075,79.389
530.41,298.1,61.21,75.581
517.36,302.51,62.285,74.073
505.32,299.78,63.809,75.479
501.29,284.23,65.537,75.777
496.23,275.22,67.544,75.761
493.43,270.46,69.159,74.459
491.09,268.5,70.262,72.543
490.47,269.5,71.209,70.799
490.63,275.77,71.499,69.84
492.2,284.12,71.946,69.412
496.39,294.3,72.796,69.656
504.4,302.54,72.858,70.531
519.04,311.19,73.257,70.732
532.24,315.56,73.538,69.61
545.37,319.46,74.56,68.842
557.73,310.78,75.274,70.784
569.01,291.68,75.185,75.407
569.76,283.24,75.447,76.753
561.62,271.91,77.373,79.694
562.51,258.09,78.126,82.41
555.65,246.49,78.791,83.113
555.98,245.34,79.041,83.293
553.97,248.78,79.649,83.895
552.98,265.3,80.08,84.205
555.35,282.17,80.54,83.448
547.91,295.57,79.92,83.331
549.55,309.44,79.192,83.234
541.63,327.46,78.025,83.294
533.8,340.67,73.951,86.229
533.47,341.23,70.117,89.187
534.13,338.74,67.493,90.426
531.99,336.92,67.854,88.342
517.13,370.51,68.516,84.877
507.56,368.33,69.614,83.047
492.77,343.22,70.397,83.778
486.67,314.22,71.014,83.627
481.07,297.94,72.212,82.341
476.83,292.25,73.246,81.165
472.74,287.97,74.29,79.625
469.38,284.13,75.16,77.436
467.16,282.75,75.454,75.677
464.97,282.16,74.917,74.275
465.03,284.88,74.186,73.432
466.56,289.18,73.047,73.024
472.51,293.62,72.166,73.29
477.26,298.03,71.411,72.734
482.49,301.66,70.459,72.288
488.9,304.85,69.23,71.689
494.71,306.89,68.255,71.239
502.41,308.9,67.684,70.435
509.12,310.77,67.213,69.192
516.74,312.01,67.139,68.023
528.44,311.17,66.575,67.752
538.14,310.49,66.648,67.109
548.23,310.05,68.065,67.562
566.14,306.52,68.426,69.115
573.3,290.18,68.444,73.064
572.72,280.2,69.964,73.653
571.41,269.86,71.489,74.754
557.37,261.09,73.206,76.201
560.22,259.94,74.738,77.172
559.27,258.96,74.681,78.031
557.89,262.99,76.107,78.616
556.75,276.95,77.999,78.513
549.19,288.61,77.738,78.612
551.83,298.68,77.096,79.292
572.04,290.72,76.16,78.645
580.41,301.81,75.292,78.947
578.95,302.91,74.068,79.284
578.3,294.23,73.72,79.51
533.1,338.41,68.921,85.264
528.15,319.56,63.781,91.111
528.38,313.48,62.287,92.498
517.7,287.35,61.017,92.257
519.46,335.89,62.701,89.649
518.27,323.2,62.702,90.371
516.25,303.28,65.225,86.556
515.3,292.61,66.902,84.097
513.44,284.49,68.053,83.273
516.33,282.46,69.057,80.431
518.73,282.41,69.962,77.529
521.13,283.14,69.994,75.424
521.88,285.82,68.774,73.573
524,285.96,67.605,72.549
527.59,281.51,66.607,72.369
531.75,274.68,66.102,72.881
534.66,267.99,65.733,72.622
539.3,262.22,65.614,71.735
543.69,258.6,65.276,70.804
548.23,257.31,65.113,70.024
550.66,256.92,64.924,69.121
553.81,256.76,64.97,68.638
555.41,256.32,64.913,68.558
557.72,259.72,64.911,69.088
558.45,265.07,64.304,69.212
560.77,271.95,63.604,68.746
562.48,279.25,63.101,68.852
563.68,286.99,62.651,68.892
564.51,295.28,62.758,69.236
565.7,302.15,62.998,70.227
567.44,308.28,63.096,69.601
570.32,308.18,62.662,67.877
575.61,300.21,63.075,68.422
578.53,290.68,63.913,69.812
580.96,280.44,64.11,71.216
580.3,272.14,64.28,71.402
579.41,265.93,64.689,70.145
578.01,266.55,64.801,69.148
578.83,268.43,65.056,68.089
580.09,274.95,65.992,66.621
581.25,281.1,66.558,65.397
583.95,294.76,65.761,66.414
576.52,321.38,65.299,67.275
578.1,329.86,64.923,67.672
596.36,333.13,63.423,68.752
605.71,329.07,62.864,68.239
612.92,333.94,62.294,68.091
620.72,335.2,62.001,67.927
620.47,330.24,61.484,67.483
620.58,331.38,61.202,67.69
621.11,326.22,61.011,67.595
547.97,319.75,61.96,66.393
539.91,313.42,61.541,66.021
537.01,305.42,61.158,65.339
538.34,300.63,60.759,64.172
541.6,301.49,60.538,62.489
547.98,306.39,60.869,61.541
555.14,314.24,61.335,61.781
567.78,324.02,62.345,62.259
583.38,335.06,61.924,62.777
598.78,338.86,61.734,62.426
604.05,337.13,61.872,65.205
606.18,333.37,61.84,68.055
605.46,331.52,61.801,69.662
604.01,334.64,61.999,68.569
601.27,334.74,61.511,68.161
597.77,330.81,62.188,68.367
594.99,324.09,62.529,66.655
594.14,323.95,62.339,65.514
593.69,324.55,62.602,64.838
592.11,327.34,63.274,64.878
588.43,330.63,64.395,65.321
580.09,335.57,65.156,66.467
582.11,356.07,64.722,68.556
592.46,384,64.277,68.121
601.78,409.99,64.021,67.72
583.86,408,62.755,69.417
585.62,414.66,59.544,73.592
593.66,383.31,56.547,73.96
602.3,378.07,56.476,71.732
594.15,380.14,54.651,73.296
602.03,371.46,53.91,73.665
604.47,363.73,54.243,73.448
615.59,364.42,54.785,72.858
676.5,321.93,59.218,68.403
664.03,326.86,62.239,65.403
647.26,340.55,63.611,63.907
643.48,353.25,64.685,63.8
641.28,361.76,65.053,64.266
638.1,362.11,65.022,64.23
637.06,363.99,64.341,65.231
637.53,373.05,63.339,66.764
639.01,383.25,62.516,67.772
637.91,393.82,62.153,69.423
634.99,412.6,62.066,69.318
631.35,439.15,62.05,69.656
622.97,432.17,62.449,69.584
622.99,477.11,62.068,68.881
622.55,488.32,62.177,68.595
630.85,511.85,62.411,66.916
638.1,520.11,63.576,64.439
620.32,523.28,68.471,61.292
625.3,525.29,72.318,59.248
633.19,519.85,71.58,60.484
632.64,519.41,71.207,62.399
631.81,518.05,70.674,63.543
631.56,517.8,70.441,63.939
632.9,518.92,70.383,64.052
634.35,513.76,69.956,64.207
642.62,515.46,72.044,62.854
643.02,508.96,71.77,63.281
642.52,510,73.714,61.962
642.57,503.28,73.046,62.543
642.22,503.77,72.709,63.211
648.16,503.95,71.8,64.371
645.17,503.69,71.432,65.802
642.64,496.95,71.167,66.059
639.98,498.65,70.825,66.216
629.88,500.06,70.506,66.635
627.55,500.8,69.999,66.778
619.13,495.79,68.964,66.648
617.39,496.54,67.925,66.606
612.01,492.95,64.333,67.964
614.02,494.1,60.859,69.097
615.75,490.15,57.51,70.016
617.51,490.6,55.456,70.253
623.14,493.47,55.301,68.91
623.05,489.33,52.784,69.473
624.06,491.01,50.845,70.085
625.61,490.11,49.146,70.69
630.74,490.34,47.548,70.173
631.83,492.32,46.441,69.553
637.08,493.68,45.48,68.246
637.22,495.85,44.588,67.156
638.22,499.47,43.892,66.15
644.38,503.13,44.401,64.816
651.44,505.53,44.628,64.389
651.72,507.54,44.785,64.098
652.95,507.91,44.937,63.851
646.7,507.97,45.213,63.226
646.01,501.79,45.716,62.056
637.96,496.68,46.47,60.399
631.5,498.17,48.315,59.1
633,494.31,51.614,55.897
644.45,496.75,54.531,53.303
648.9,500.54,57.138,50.285
647.43,508.47,58.715,48.82
646.59,509.36,59.747,47.78
646.15,509.67,60.289,47.301
638.14,509.96,59.938,47.694
630.08,504.78,58.984,48.236
629.19,506.53,58.205,48.975
633.86,507.62,57.196,50.169
631.67,502.07,56.473,50.891
635.23,502.73,55.612,51.728
632.52,497,54.857,52.356
630.65,498,54.185,53.101
633.84,499.18,53.635,53.402
631.45,500.59,53.141,53.651
624.82,501.99,52.59,54.485
625.23,503.14,51.748,55.363
625.65,503.67,51.147,55.866
625.82,503.85,51.14,55.934
625.66,503.64,51.581,56.076
630.5,497.75,52.005,56.074
633.88,500.03,53.363,55.429
630.02,497.92,57.203,51.191
633.38,507.34,60.875,48.288
630.23,510.55,63.592,45.709
628.54,513.5,65.408,43.865
627.5,516.68,66.607,42.395
632.09,520.02,67.66,40.779
629.75,521.93,68.884,40.229
627.86,518.43,69.98,39.186
632.37,520.96,71.162,38.601
636.5,523.02,72.167,38.395
626.8,518.88,74.751,36.555
630.28,521.08,76.804,35.343
634.06,522.92,78.398,34.419
638.27,524.57,79.79,33.687
635.66,526.21,80.968,33.094
640.66,527.83,81.936,32.691
638.55,529.28,83.206,32.39
629.69,524.77,83.992,31.717
628.6,527.03,84.745,31.272
627.83,529.1,85.459,30.952
626.93,531.19,86.117,30.599
626.06,533.17,86.481,30.427
624.45,534.97,86.827,30.492
624.46,536.27,84.606,32.211
631.28,537.25,82.765,33.885
622.87,531.51,81.3,34.946
614.41,526.16,79.694,36.006
612.87,526.84,78.339,37.167
605.51,520.61,74.91,40.031
604.65,514.52,71.844,42.325
602.9,514.48,69.467,44.571
601.45,514.55,67.872,46.224
600.09,514,66.36,47.951
598.91,513.29,64.957,49.622
598.9,511.86,63.269,51.633
600.74,511.24,61.579,53.303
608.01,511.34,59.245,54.785
609.4,509.39,56.213,57.183
613.3,507.14,52.775,59.76
616.58,505.5,50.321,61.367
618.35,505.07,48.882,62.241
618.58,505.04,48.569,62.351
625.21,500.85,47.811,62.315
625.61,502.8,46.517,62.29
625.93,504.24,46.813,61.573
626.34,505.24,47.508,60.807
626.38,505,48.049,60.575
631.33,500.28,48.273,60.109
624.79,507.78,48.82,59.92
624.25,508.35,49.309,59.828
623.7,508.92,49.823,59.955
623.94,509.23,50.106,60.325
628.68,504.48,50.149,60.192
626.92,505,50,60.021
625.69,504.94,49.69,60.002
625.17,503.91,48.268,61.007
625.54,502.24,47.441,61.461
626.37,500.55,47.042,61.655
627.56,499,46.979,61.681
641.35,498.96,47.251,61.102
641.13,500.39,47.302,61.023
584.28,535.65,49.107,57.849
592.67,536.31,49.079,56.941
631.66,563.15,49.999,55.026
631.51,568.8,50.745,53.203
638.32,568.85,51.887,51.78
645.21,555.58,52.142,51.624
646.19,549.8,50.872,51.131
638.72,548.15,50.607,50.862
618.97,545.62,50.819,50.073
612.27,545.5,50.331,49.218
611.96,552.05,47.507,51.691
623.7,558.99,47.41,51.93
631.17,564.54,48.548,52.168
638.05,567.18,49.95,51.105
644.54,568.45,50.467,49.837
656.02,570.51,50.374,48.438
661.8,565.68,50.032,47.038
669.43,559.55,49.469,46.132
678.11,550.79,48.062,46.576
691.7,542.44,47.919,46.615
693.04,528.74,47.991,46.974
688.01,520.44,47.522,48.102
681.73,525.28,47.512,48.802
676.01,524.59,47.186,49.367
669.77,524.51,46.906,49.378
658.64,516.25,44.701,50.951
655.26,515.02,42.167,52.308
661.19,521.67,42.285,51.127
665.72,527.02,42.204,50.108
660.5,524.22,40.793,50.507
660.51,536.44,40.404,48.773
665.07,535.85,39.808,47.357
671.01,533.7,38.225,46.738
674.83,532.19,38.458,45.802
665.11,531.01,39.621,45.065
651.98,531.79,40.558,44.271
633.11,536.87,41.152,43.776
615.69,529.87,41.303,43.653
599.44,517.46,41.631,44.657
587.39,511.7,42.455,45.6
580.34,510.99,43.254,46.025
573.27,510.83,44.006,45.909
567.06,516.08,44.332,45.437
565.83,522.11,44.425,44.615
565.54,529.01,44.39,44.363
566.91,547.77,44.345,44.227
562.03,554.97,44.48,42.931
561.76,555.21,44.705,41.848
561.58,555.21,44.606,40.981
563.22,555.76,44.761,40.3
563.44,553.99,45.042,40.462
559.58,548.34,44.873,40.949
571.08,554.49,46.019,40.23
571.64,552.27,45.919,40.109
564.69,551.13,45.974,40.156
559.14,529.51,45.333,39.847
548.69,536.73,46.321,38.744
546.64,539.29,46.886,38.424
547.68,540.97,47.235,38.159
565.14,531.42,47.742,36.868
564.03,533.47,48.651,35.625
562.07,534.99,49.164,34.795
555.47,531.64,49.613,33.741
554.63,532.99,49.82,32.8
559.19,530.03,51.77,30.583
548.8,526.13,51.269,30.393
540.04,519.23,49.629,31.337
540.57,519.21,49.622,31.343
541.72,519.67,49.622,31.342
542.25,519.96,49.622,31.341
542.51,520.16,49.623,31.34
543.01,520.46,49.624,31.34
543.59,520.88,49.629,31.336
543.25,521.5,49.643,31.325
542.72,522.22,49.665,31.308
542.75,522.54,49.685,31.289
543.09,523.31,49.69,31.283
542.95,524.19,49.692,31.279
542.74,525,49.694,31.276
542.67,525.82,49.696,31.272
542.84,526.68,49.699,31.269
542.91,527.51,49.691,31.276
542.4,528.44,49.686,31.28
541.69,528.77,49.683,31.283
541.68,529.42,49.686,31.28
540.5,530.27,49.692,31.274
538.86,531.28,49.7,31.265
534.55,532.43,49.717,31.246
531.67,538.12,50.598,30.565
531.98,539.2,52.001,29.597
543.19,535.91,53.616,28.386
549.45,536.75,54.542,27.859
556.63,536.96,55.348,27.334
565.1,537.23,55.738,27.079
572.83,537.39,56.033,26.891
581.16,537.85,56.338,26.697
582.86,538.12,56.457,26.632
590.91,527.97,56.929,26.358
607.34,523.73,58.148,25.562
608.75,519.58,58.72,25.211
610.74,520.48,58.915,25.088
611.52,521.25,59.057,24.991
612.89,521.69,59.135,24.942
614.96,522.07,59.171,24.913
616.81,522.38,59.23,24.87
625.89,517.25,59.39,24.737
632.5,513.13,59.776,24.458
633.26,513.43,60.108,24.265
634.79,513.7,60.296,24.172
636,513.88,60.392,24.125
636.76,514.14,60.415,24.114
637.56,514.83,60.43,24.105
637.57,515.39,60.439,24.099
637.18,515.92,60.451,24.091
636.55,516.49,60.463,24.083
635.39,517.06,60.479,24.073
634.07,517.71,60.498,24.062
632.74,517.9,60.51,24.053
630.88,518.27,60.516,24.049
633.39,519.32,60.52,24.044
632.73,520.11,60.526,24.038
633.18,520.34,60.563,24.015
633.82,520.79,60.64,23.965
633.8,521.21,60.663,23.952
606.12,499.5,58.891,25.112
613.92,498.42,56.871,26.686
619.49,497.8,55.373,27.323
616.23,497.3,54.601,27.782
616.68,497.08,54.044,28.11
616.68,497.68,53.77,28.249
615.06,502.54,54.377,27.516
613.89,501.39,54.292,27.446
613.41,500.49,53.847,27.941
613.89,501.04,52.629,28.333
618.8,500.45,49.641,29.647
621.6,500.65,48.414,30.029
620.6,499.96,46.746,30.605
620.15,498.66,43.984,31.799
616.83,501.79,41.586,32.136
619.2,499.25,39.962,33.189
634.82,498.55,37.269,34.678
641.25,502.48,34.485,37.282
646.67,509.01,32.518,39.713
651.12,518.08,31.296,41.397
651.26,528.89,31.545,41.393
651.12,533.63,31.822,40.305
650.3,533.72,32.117,39.764
649.75,537.23,32.252,38.993
649.2,536.05,32.324,38.499
648.15,535.32,32.346,38.183
647.59,535.96,32.38,37.833
646.33,535.56,32.264,37.49
645.41,535.25,32.17,37.145
645.92,535.07,32.27,36.944
645.53,535.15,32.197,36.695
645.07,535.59,32.135,36.505
644.74,536.12,31.975,36.319
645.13,535.89,30.975,36.811
645.51,535.36,30.002,37.237
644.93,535.1,29.302,37.512
645.25,535.6,28.772,37.741
645.23,536,28.286,37.877
644.99,535.88,27.896,38.051
646,535.99,27.494,38.287
646.82,536.95,27.091,37.431
647.03,535.43,26.491,37.506
644.25,535.23,25.923,38.06
639.52,533.13,25.603,39.046
626.84,530.01,25.72,38.634
624.84,529.89,25.722,38.632
625.96,529.86,25.755,38.616
618.24,510.86,26.671,37.507
622.81,504.54,29.459,34.87
629.82,505.81,30.611,33.152
632.32,511.47,32.059,31.324
635.03,532.66,33.868,29.813
635.24,542.1,34.839,28.738
634.76,550.38,35.446,27.914
638.18,551.48,36.199,27.198
632.57,551.5,37.453,26.269
630.37,548.07,39.256,24.955
629.41,544.99,40.761,23.807
628.55,545.56,41.581,23.174
628.04,546.38,42.371,22.589
627.43,550.77,42.926,22.093
627.17,554.95,43.655,21.572
634.81,551.2,44.378,21.057
638.08,546.96,44.912,20.717
640.62,543.04,45.802,20.231
640.87,539.35,45.357,20.448
649.35,539.74,45.061,20.785
655,540.46,44.613,21.163
664.75,537.08,44.056,21.388
664.96,538.23,44.042,21.399
653.88,542.89,42.219,23.458
665.2,546.82,40.464,25.485
687.1,551.23,38.804,26.374
703.97,555.95,36.564,26.7
712.66,555.36,35.024,27.184
723.39,559.42,36.181,26.284
727.98,560.28,37.045,25.614
728.42,560.62,38.002,24.931
728.13,560.79,38.942,24.334
728.16,561.29,39.822,23.745
724.88,552.61,38.767,24.695
717.99,548.42,37.416,26.107
699.21,530.02,39.931,24.248
695.64,496.82,37.595,26.878
698.62,488.63,36.23,28.185
697.99,485.49,35.328,28.599
695.87,486.83,35.818,28.098
686.73,488.22,36.691,27.362
685.51,489.7,37.616,26.571
684.89,491.32,38.203,25.989
684.51,493.31,38.674,25.469
680.43,494.59,38.828,25.155
683.54,499.17,38.981,25.074
686.15,500.49,38.068,25.657
684.98,501.62,37.273,26.182
684.15,501.61,36.041,27.181
686.49,498.1,34.79,28.259
685.48,494.52,33.672,29.368
684.57,490.84,32.539,30.247
680.25,487.88,31.478,31.275
679.09,483.7,31.052,32.001
678.26,484.66,31.064,32.566
676.64,486.03,30.956,33.195
674.77,487.95,30.522,32.789
670,497.75,30.28,32.22
670.21,507.16,30.586,31.625
657.76,511.82,30.735,31.406
656.89,512.28,30.733,31.407
627.14,525.38,31.642,31.891
621.05,523.48,31.16,31.982
614.37,506.06,29.198,33.177
600.6,526.42,29.064,32.548
622.39,554.15,31.693,29.829
614.39,552.66,31.389,29.047
614.05,553.13,32.302,27.808
610.46,549.16,32.621,27.28
613.03,549.25,32.622,27.278
632.52,550.61,31.942,27.722
636.41,544.95,30.461,29.142
636.95,542.29,29.094,30.911
637.78,539.86,27.949,32.509
641.61,537.63,27.402,33.466
641.53,536.17,26.858,34.534
638.05,535.23,26.48,35.22
638.65,537.69,26.113,35.841
642.25,539.79,25.837,36.267
639.23,538.41,25.566,36.741
642.24,531.11,26.533,35.955
642.02,530.17,26.632,35.86
614.95,557.74,27.982,34.822
626.74,550.78,28.009,34.584
642.58,560.18,28.455,33.649
642.52,573.66,28.647,33.11
642.25,574.83,28.859,32.833
642.13,576.3,29.117,32.529
642.35,577.59,29.424,32.325
642,578.57,29.587,32.213
642.81,579.34,29.698,32.166
634.34,580.4,29.816,32.016
634.74,584.43,29.862,31.959
635.37,589.06,30.399,31.386
649.73,590.26,31.594,30.137
652.49,591.65,32.662,28.6
648.24,592.94,33.757,27.515
647.3,594.41,34.495,26.613
645.44,598.68,36.195,25.079
644.16,599.45,37.842,23.704
647.82,596.22,38.408,23.225
652.15,596.7,39.58,22.387
657.23,593.6,41.152,21.15
665.63,590.6,41.726,20.411
667.11,582.39,40.497,21.313
671.99,581.36,38.507,23.636
689.96,555.12,38.287,23.219
658.38,548.34,39.766,21.467
652.47,544.9,41.695,20.035
646.62,549.5,42.353,19.536
633.86,550.49,43.514,18.773
617.18,562.08,43.709,18.375
611.38,570.53,43.641,18.277
588.98,563.87,42.167,19.062
591.42,564.82,41.751,19.43
592.59,565.6,41.661,19.533
591.07,569.58,39.574,21.408
624.22,554.13,37.42,22.836
625.49,554.62,37.476,22.783
624.98,555.01,37.481,22.775
624.5,555.38,37.485,22.768
623.94,555.95,37.491,22.758
623.66,556.49,37.499,22.749
623.65,557.24,37.508,22.736
623.78,557.72,37.518,22.724
624.2,558,37.525,22.715
624.53,558.44,37.531,22.706
624.64,558.93,37.535,22.697
624.66,559.25,37.54,22.689
624.61,559.67,37.541,22.685
624.57,560.04,37.542,22.682
624.54,560.41,37.542,22.679
624.65,560.93,37.543,22.677
624.52,561.23,37.529,22.687
624.06,561.55,37.529,22.683
623.86,561.84,37.531,22.679
623.54,562.02,37.54,22.669
623.24,562.2,37.55,22.659
623.09,562.31,37.563,22.647
622.97,562.45,37.578,22.633
622.59,562.71,37.589,22.622
622.2,563,37.603,22.609
621.79,563.29,37.615,22.597
621.46,563.58,37.628,22.585
621.24,563.78,37.641,22.573
621.05,563.98,37.652,22.562
620.94,564.18,37.663,22.552
620.24,564.45,37.672,22.543
619.62,564.63,37.682,22.533
619.65,565.11,37.703,22.513
619.44,565.55,37.723,22.494
619.2,565.98,37.746,22.474
618.95,566.59,37.749,22.469
618.73,567.18,37.752,22.465
618.52,567.76,37.755,22.461
618.31,568.31,37.757,22.457
618.15,568.88,37.777,22.44
617.88,569.35,37.801,22.418
617.44,569.57,37.819,22.401
617.04,569.85,37.831,22.39
616.66,570.2,37.84,22.382
616.28,570.55,37.849,22.374
615.9,570.9,37.857,22.366
615.64,571.1,37.864,22.359
615.45,571.36,37.87,22.354
614.97,571.58,37.877,22.347
614.36,571.91,37.888,22.337
613.64,572.19,37.897,22.326
613.46,572.71,37.897,22.324
613.29,573.34,37.895,22.322
613.15,573.97,37.894,22.319
613.04,574.53,37.892,22.316
612.58,575.1,37.89,22.313
612.07,575.57,37.889,22.31
611.55,576.05,37.887,22.306
611.29,576.44,37.886,22.302
611.34,576.84,37.883,22.298
611.36,577.26,37.881,22.294
611.4,577.81,37.879,22.29
611.46,578.38,37.876,22.285
611.55,579.17,37.873,22.276
611.03,580.05,37.868,22.262
610.69,580.84,37.862,22.247
610.27,581.41,37.922,22.189
609.99,581.95,37.988,22.129
609.67,582.74,37.996,22.119
609.36,583.53,38.004,22.11
609.04,584.27,38.015,22.101
608.46,584.95,38.024,22.092
607.98,585.51,38.031,22.087
607.59,586.03,38.036,22.084
607.5,586.69,38.042,22.083
607.9,587.39,38.049,22.082
608.44,587.97,38.059,22.081
608.8,588.4,38.067,22.08
608.89,588.75,38.069,22.08
609.14,588.56,38.057,22.094
609.03,588.32,38.046,22.104
608.36,588.5,38.047,22.103
608.04,588.75,38.047,22.102
607.72,589.16,38.047,22.101
606.97,589.47,38.061,22.086
606.34,590.3,38.062,22.082
605.41,590.81,38.064,22.079
604.3,591.72,38.064,22.077
604.68,592.45,38.047,22.094
604.92,592.69,38.042,22.099
605.1,592.59,38.037,22.104
605.31,592.39,38.041,22.1
606.51,592.18,38.047,22.096
607.9,592.27,38.054,22.091
607.45,592.55,38.059,22.086
607.63,592.9,38.07,22.077
607.78,593.12,38.079,22.069
608.1,593.74,38.086,22.063
608.55,594.31,38.098,22.052
608.55,595.35,38.096,22.045
607.76,595.59,38.104,22.032
607.41,595.38,38.108,22.028
606.71,595.33,38.112,22.024
606.8,595.3,38.127,22.012
606.97,595.87,38.135,22.006
607.82,596.52,38.141,22.001
608.46,597.17,38.148,21.994
608.9,597.39,38.159,21.984
608.92,597.77,38.158,21.983
609.02,598.28,38.158,21.981
608.67,599.02,38.158,21.979
608.24,599.54,38.169,21.967
607.35,600.13,38.18,21.957
606.15,600.63,38.179,21.954
605.88,601.19,38.181,21.951
605.75,601.55,38.181,21.949
605.31,601.79,38.181,21.948
605.01,602.28,38.181,21.947
604.57,602.74,38.181,21.946
604.44,603.17,38.18,21.945
604.14,603.6,38.18,21.944
603.86,604.01,38.18,21.943
603.57,604.5,38.179,21.942
603.13,604.96,38.184,21.937
602.73,605.45,38.189,21.932
602.18,605.87,38.194,21.927
601.7,606.32,38.2,21.921
601.17,606.6,38.205,21.915
600.7,606.89,38.21,21.91
600.25,607.18,38.215,21.905
599.7,607.27,38.22,21.9
599.43,607.37,38.225,21.894
599.33,607.17,38.24,21.879
599.02,606.95,38.253,21.864
598.44,607,38.258,21.86
598.3,607.24,38.256,21.858
597.93,607.43,38.255,21.856
597.44,607.57,38.254,21.854
597.14,607.95,38.259,21.849
597.39,608.53,38.258,21.849
597.6,609.05,38.258,21.848
597.17,609.35,38.264,21.841
596.6,609.65,38.263,21.839
596.04,609.91,38.262,21.838
596.05,610.17,38.26,21.836
595.82,610.39,38.26,21.835
595.96,610.55,38.268,21.827
596.02,610.75,38.272,21.823
596.36,611.03,38.272,21.822
596.44,611.2,38.276,21.818
596.91,611.58,38.28,21.814
597.4,611.91,38.284,21.811
597.73,612.21,38.288,21.807
597.29,612.5,38.293,21.803
596.77,612.7,38.298,21.799
596.44,612.93,38.303,21.795
596.02,613.28,38.307,21.79
595.48,613.68,38.312,21.786
595.03,614.08,38.317,21.782
594.96,614.55,38.317,21.781
594.68,615.04,38.322,21.777
594.49,615.53,38.329,21.771
594.28,616.04,38.335,21.766
593.92,616.53,38.342,21.759
593.63,617.02,38.35,21.753
593.43,617.48,38.358,21.746
593.66,618.13,38.374,21.733
593.25,618.86,38.434,21.688
592.78,619.57,38.433,21.685
591.49,619.9,38.449,21.67
590.96,620.42,38.452,21.667
590.99,620.74,38.452,21.666
591.22,621.02,38.45,21.666
591.62,621.23,38.449,21.665
591.52,621.13,38.446,21.663
591.42,621.37,38.445,21.661
591.22,621.43,38.443,21.66
591.01,621.69,38.442,21.659
590.97,621.9,38.441,21.658
591.34,621.98,38.44,21.657
591.73,622.1,38.438,21.656
591.58,622.13,38.438,21.655
591.53,622.36,38.437,21.654
592.07,622.64,38.455,21.637
592.67,623.11,38.471,21.621
592.72,623.28,38.482,21.61
593.2,623.52,38.501,21.593
592.89,623.68,38.51,21.584
592.65,623.69,38.509,21.582
592.17,623.52,38.508,21.58
592.29,623.76,38.519,21.57
592.25,623.97,38.528,21.56
592.38,624.02,38.541,21.546
592.4,623.92,38.553,21.534
592.43,623.82,38.565,21.521
592.87,623.69,38.579,21.508
592.94,623.87,38.59,21.497
592.95,624.07,38.605,21.484
593.05,624.31,38.617,21.471
592.43,624.45,38.631,21.456
591.67,624.8,38.646,21.439
591.66,625.27,38.67,21.416
591.23,625.77,38.682,21.403
591.2,625.88,38.682,21.403
591.19,625.86,38.682,21.403
590.83,625.91,38.684,21.402
590.57,626.02,38.685,21.4
590.64,626.17,38.687,21.399
590.55,626.25,38.689,21.396
590.52,626.3,38.692,21.393
590.48,626.35,38.695,21.391
590.86,626.36,38.698,21.388
591.24,626.47,38.702,21.384
591.65,626.6,38.705,21.381
592.15,626.75,38.708,21.378
592.55,626.97,38.712,21.374
592.99,627.26,38.716,21.37
593.17,627.48,38.721,21.365
593.78,627.75,38.725,21.361
594.48,628.02,38.729,21.356
594.94,628.51,38.734,21.351
595.14,628.88,38.737,21.347
595.18,629.35,38.74,21.344
595.06,629.82,38.739,21.343
595.15,630.3,38.739,21.343
595.13,631.11,38.741,21.34
595.07,632.03,38.747,21.333
595.4,633.05,38.758,21.322
594.07,634.05,38.764,21.314
593.19,634.84,38.772,21.305
592.11,635.58,38.779,21.299
591.72,636.44,38.789,21.287
591.34,637.11,38.799,21.276
591.18,637.59,38.811,21.264
591.34,638.14,38.827,21.248
591.57,638.43,38.843,21.232
591.8,638.67,38.859,21.218
592.06,639.41,38.874,21.204
592.41,639.96,38.892,21.187
592.49,640.36,38.911,21.169
592.73,640.64,38.928,21.154
592.9,640.97,38.942,21.141
592.88,641.03,38.962,21.124
592.32,641.25,38.986,21.1
592,641.3,38.995,21.09
592.54,641.46,39.006,21.079
593.07,641.84,39.01,21.074
593.65,641.8,39.017,21.065
593.96,641.59,39.026,21.055
594.42,641.64,39.023,21.055
594.58,641.66,39.021,21.055
594.81,641.75,39.019,21.055
594.99,641.91,39.017,21.055
595.18,641.99,39.015,21.055
595.59,641.74,39.013,21.055
595.83,641.32,39.021,21.045
595.72,640.92,39.031,21.033
595.7,640.97,39.025,21.032
596.46,640.84,39.036,21.02
596.9,640.71,39.047,21.007
597.24,640.66,39.061,20.991
597.54,640.63,39.069,20.98
598.13,640.56,39.083,20.963
598.86,640.54,39.093,20.947
599.57,640.37,39.098,20.941
599.46,640.29,39.104,20.934
599.43,640.18,39.109,20.927
599.66,640.14,39.114,20.921
599.7,640.14,39.118,20.917
600.06,640.12,39.122,20.912
600.61,640.08,39.127,20.906
600.94,640.21,39.129,20.904
601.29,640.27,39.132,20.9
601.66,640.44,39.133,20.898
602.03,640.6,39.134,20.897
602.66,640.77,39.135,20.896
603.38,640.99,39.136,20.895
604.03,641.09,39.138,20.893
605.04,641.35,39.139,20.891
605.88,641.94,39.138,20.891
606.52,642.57,39.136,20.891
607.36,643.57,39.128,20.896
608.13,644.35,39.116,20.904
608.36,645.04,39.108,20.911
608.62,645.67,39.085,20.931
608.93,646.11,39.066,20.947
609.23,646.45,39.045,20.965
609.37,646.96,39.033,20.976
609.51,647.73,39.02,20.986
609.64,648.55,39.008,20.996
609.73,649.3,39.001,21.001
609.86,649.81,38.984,21.016
609.89,650.39,38.967,21.03
609.97,650.84,38.961,21.035
609.81,651.38,38.953,21.041
609.34,652.09,38.945,21.047
608.69,652.69,38.948,21.044
608.69,653.25,38.948,21.043
608.66,653.62,38.952,21.04
608.47,653.96,38.954,21.038
608.47,654.35,38.957,21.035
608.84,654.03,38.954,21.037
609.5,654.37,38.955,21.036
609.85,654.2,38.95,21.04
610.26,654.05,38.945,21.045
610.81,653.79,38.941,21.048
611.31,653.61,38.936,21.053
611.29,653.78,38.933,21.055
611.12,653.7,38.928,21.059
610.95,653.61,38.924,21.063
610.67,653.32,38.919,21.068
610.3,652.85,38.914,21.072
610.01,652.46,38.908,21.078
609.6,652.84,38.908,21.078
609.22,653.19,38.908,21.077
608.91,653.77,38.912,21.074
608.34,654.37,38.917,21.07
607.96,654.87,38.922,21.066
608.03,655.53,38.911,21.075
608.29,656.07,38.898,21.085
607.92,656.81,38.906,21.077
608.07,657.79,38.903,21.077
608.13,658.19,38.885,21.092
607.86,658.77,38.885,21.092
607.6,659.13,38.875,21.1
607.4,659.54,38.866,21.108
607.12,659.82,38.851,21.121
606.86,659.93,38.84,21.13
606.67,660.04,38.827,21.141
606.51,660.45,38.826,21.141
606.42,660.7,38.826,21.141
606.23,661.31,38.825,21.14
606.22,662.11,38.824,21.14
606.21,662.02,38.798,21.161
606.14,662.6,38.797,21.161
605.99,663.22,38.795,21.16
605.91,663.86,38.793,21.159
606.2,664.59,38.789,21.157
606.24,665.01,38.787,21.157
606.56,665.64,38.801,21.143
607.25,666.32,38.822,21.124
607.58,666.97,38.838,21.107
607.49,667.53,38.859,21.085
607.56,668.03,38.879,21.065
607.4,668.42,38.892,21.052
607.27,668.84,38.905,21.039
607.06,669.3,38.915,21.03
606.86,669.7,38.923,21.022
606.91,670.16,38.941,21.004
607.12,670.51,38.958,20.988
607.54,671.01,38.971,20.975
607.97,671.52,38.984,20.962
608.55,671.98,38.996,20.95
608.72,672.35,39.007,20.938
608.87,672.66,39.018,20.927
609.22,673.02,39.03,20.916
609.52,673.35,39.041,20.905
609.91,673.68,39.05,20.897
610.41,673.95,39.059,20.889
610.94,674.17,39.068,20.882
611.29,674.46,39.075,20.876
611.93,674.89,39.081,20.871
612.49,675.29,39.088,20.866
612.73,675.41,39.094,20.861
613.4,675.55,39.104,20.852
614.13,675.67,39.115,20.843
614.28,675.82,39.126,20.833
614.48,676.06,39.138,20.822
614.66,676.36,39.151,20.81
614.96,676.55,39.167,20.796
615.34,676.71,39.185,20.78
615.75,676.87,39.198,20.769
616.17,677.04,39.209,20.759
616.12,677.25,39.219,20.751
616.28,677.68,39.225,20.745
616.79,678.17,39.232,20.739
617.27,678.82,39.239,20.732
617.76,679.46,39.247,20.724
618.03,680.23,39.25,20.721
618.49,681.07,39.258,20.712
619.13,681.82,39.264,20.706
619.28,682.59,39.272,20.699
619.47,683.32,39.278,20.692
619.26,684.01,39.287,20.682
618.92,684.72,39.295,20.674
618.49,685.23,39.303,20.666
618.38,685.64,39.311,20.659
618.41,686.01,39.318,20.652
618.51,686.39,39.325,20.645
618.88,686.72,39.33,20.641
619.12,687.06,39.336,20.636
619.39,687.39,39.342,20.63
619.55,687.57,39.358,20.617
620.03,687.78,39.371,20.606
620.33,688.17,39.388,20.592
620.75,688.57,39.404,20.578
621.16,688.92,39.424,20.562
621.36,689.31,39.445,20.545
621.52,689.92,39.462,20.533
621.65,690.49,39.48,20.52
621.85,691.37,39.499,20.509
621.93,692.47,39.499,20.513
622.13,693.67,39.5,20.517
622.38,695.03,39.503,20.524
623.12,699.42,39.512,20.53
623.4,700.33,39.723,20.382
623.36,700.81,39.831,20.301
623.42,701.31,39.944,20.217
623.27,701.74,40.044,20.144
623.13,701.93,40.158,20.055
622.89,702.13,40.258,19.974
622.65,702.34,40.355,19.894
622.54,702.55,40.452,19.811
622.27,702.75,40.56,19.723
622.39,699.12,40.52,19.768
622.44,699.2,40.493,19.803
622.59,699.26,40.473,19.833
622.46,699.29,40.458,19.852
622.57,699.34,40.438,19.876
622.74,699.55,40.418,19.897
622.83,699.38,40.39,19.923
623.14,699.62,40.375,19.939
623.24,699.42,40.359,19.955
623.3,699.66,40.351,19.967
623.24,699.5,40.34,19.982
623.14,699.65,40.332,19.993
623.29,699.41,40.32,20.011
623.53,699.52,40.31,20.025
623.76,699.27,40.297,20.04
623.75,699.25,40.289,20.053
624.16,699.45,40.285,20.063
624.5,699.68,40.281,20.074
624.68,700.25,40.352,20.035
624.91,700.74,40.433,19.989
624.95,701.2,40.508,19.947
624.76,701.39,40.571,19.909
624.5,701.49,40.629,19.874
624.18,701.62,40.674,19.85
623.75,701.8,40.721,19.819
623.3,701.98,40.766,19.79
622.97,702.18,40.821,19.756
622.9,702.04,40.866,19.724
622.72,702.3,40.92,19.69
623.03,702.27,40.973,19.654
623.35,702.24,41.026,19.619
623.44,702.16,41.083,19.583
623.22,702.39,41.138,19.551
623.29,702.27,41.193,19.516
623.39,702.11,41.253,19.48
623.38,702.37,41.325,19.437
623.53,702.29,41.388,19.395
623.64,702.5,41.465,19.352
623.8,702.42,41.527,19.311
623.64,702.21,41.596,19.269
623.24,702.35,41.681,19.225
622.87,702.5,41.764,19.182
622.75,702.29,41.828,19.144
622.54,702.45,41.912,19.102
622.42,702.59,41.987,19.064
622.36,702.38,42.048,19.028
622.18,702.5,42.123,18.99
621.99,702.61,42.197,18.953
622.13,702.57,42.28,18.907
622.27,702.53,42.362,18.862
622.75,702.52,42.484,18.796
623.1,702.51,42.605,18.728
623.46,702.5,42.726,18.661
623.46,702.52,42.831,18.603
623.32,702.5,42.898,18.568
622.67,702.51,42.971,18.531
622.12,702.51,43.038,18.497
621.72,702.46,43.09,18.469
621.6,702.45,43.143,18.441
621.33,702.49,43.204,18.41
621.39,702.51,43.238,18.392
621.29,702.57,43.285,18.365
621.12,702.67,43.327,18.341
621.02,702.83,43.379,18.312
620.92,703,43.43,18.284
620.49,703.23,43.531,18.229
620.09,703.45,43.636,18.174
619.65,703.01,43.712,18.13
619.16,703.23,43.804,18.081
619.23,702.96,43.84,18.06
619.83,703.29,43.908,18.018
620.34,703.18,43.971,17.98
620.86,703.04,44.027,17.945
621.23,702.91,44.08,17.909
621.27,703.27,44.151,17.868
621.47,703.18,44.209,17.831
621.68,703.01,44.264,17.797
621.85,703.31,44.317,17.767
622.14,703.15,44.358,17.738
622.8,703.07,44.396,17.713
623.08,703.42,44.426,17.693
623.39,703.26,44.465,17.669
623.51,703.12,44.49,17.651
624.01,703.43,44.517,17.637
624.5,703.31,44.54,17.62
625.12,703.21,44.562,17.604
625.18,703.09,44.584,17.589
625,703.42,44.595,17.58
625.02,703.27,44.61,17.569
625.18,703.09,44.626,17.557
625.02,703.41,44.637,17.548
624.94,703.33,44.648,17.538
625.03,703.19,44.664,17.525
624.88,703.5,44.68,17.51
624.81,703.38,44.697,17.493
624.81,703.23,44.711,17.482
624.48,703.54,44.731,17.469
624.72,703.49,44.757,17.452
624.57,703.41,44.775,17.44
624.28,703.42,44.79,17.428
624.09,703.42,44.807,17.415
623.87,703.48,44.824,17.401
623.42,703.51,44.842,17.384
622.95,703.49,44.862,17.37
622.44,703.48,44.882,17.354
621.89,703.46,44.901,17.339
621.49,703.47,44.923,17.32
621.04,703.53,44.948,17.296
620.81,703.55,44.968,17.276
620.45,703.62,44.983,17.261
620.18,703.69,44.999,17.245
619.96,703.68,45.012,17.234
619.74,703.68,45.026,17.222
619.68,703.6,45.042,17.207
619.81,703.64,45.061,17.193
619.92,703.61,45.084,17.179
620,703.69,45.111,17.161
619.92,703.76,45.14,17.142
620.07,703.84,45.167,17.124
620.22,703.91,45.19,17.108
620.34,703.96,45.213,17.093
620.48,704.05,45.235,17.078
620.65,704.1,45.252,17.065
620.82,704.14,45.27,17.052
620.97,704.18,45.287,17.04
620.98,704.21,45.303,17.026
621.05,704.19,45.321,17.012
620.86,704.1,45.341,16.996
620.69,704.02,45.361,16.981
620.91,703.73,45.383,16.969
620.76,703.49,45.394,16.962
620.89,703.78,45.407,16.953
621.2,703.7,45.421,16.943
620.97,703.51,45.429,16.932
620.86,703.71,45.434,16.924
621.08,703.47,45.441,16.916
621.16,703.63,45.444,16.911
620.82,703.41,45.456,16.896
620.73,703.59,45.462,16.886
620.38,703.36,45.468,16.872
620.28,703.58,45.472,16.865
620.15,703.39,45.48,16.854
620.38,703.65,45.484,16.845
620.6,703.62,45.495,16.833
621.05,703.6,45.506,16.823
621.49,703.58,45.517,16.813
621.25,703.89,45.529,16.806
620.92,703.74,45.55,16.791
620.9,703.61,45.577,16.775
620.64,703.4,45.599,16.76
620.33,703.68,45.624,16.749
620.03,703.54,45.641,16.733
619.59,703.85,45.66,16.719
619.24,703.71,45.678,16.703
618.83,703.59,45.693,16.686
618.53,703.9,45.715,16.674
618.22,703.76,45.737,16.657
617.9,703.61,45.758,16.64
617.54,703.91,45.782,16.629
617.58,703.86,45.805,16.617
617.93,703.79,45.828,16.605
618.28,703.74,45.85,16.593
618.63,703.68,45.872,16.58
618.69,704.06,45.903,16.571
618.82,704.01,45.933,16.556
618.71,703.81,45.959,16.545
618.62,703.63,45.983,16.534
618.38,703.92,46.01,16.527
618.34,703.84,46.038,16.513
618.28,703.81,46.064,16.498
618.11,703.62,46.083,16.488
618.28,703.8,46.097,16.488
618.49,703.57,46.112,16.481
618.47,703.66,46.124,16.482
618.54,703.83,46.14,16.482
618.38,703.61,46.151,16.476
617.95,703.74,46.172,16.476
617.86,703.88,46.184,16.478
617.8,703.55,46.201,16.472
617.95,703.66,46.212,16.473
618.02,703.76,46.218,16.474
618.52,703.9,46.231,16.474
619.12,703.66,46.244,16.468
619.57,703.78,46.249,16.468
619.99,703.52,46.258,16.464
620.42,703.67,46.258,16.464
620.91,703.83,46.258,16.467
621.66,703.69,46.269,16.463
622.23,703.98,46.277,16.464
622.87,703.89,46.287,16.461
622.77,703.75,46.295,16.459
622.55,704.06,46.303,16.462
622.19,703.93,46.311,16.46
622.17,703.81,46.315,16.458
622.12,703.79,46.32,16.454
622.13,703.78,46.335,16.447
621.97,704.26,46.348,16.446
621.62,704.3,46.365,16.435
621.22,704.34,46.385,16.422
620.87,704.41,46.41,16.41
620.61,704.45,46.439,16.397
620.23,704.15,46.472,16.379
619.95,704.44,46.497,16.371
619.39,704.15,46.527,16.354
619.04,704.4,46.541,16.346
618.18,704.07,46.568,16.324
617.55,704.39,46.59,16.31
616.86,704.12,46.628,16.283
616.46,704.5,46.657,16.267
615.83,704.24,46.702,16.239
615.48,704.63,46.737,16.223
614.93,704.39,46.787,16.195
614.71,704.84,46.826,16.178
614,704.57,46.869,16.152
613.36,704.32,46.912,16.129
612.81,704.7,46.928,16.122
612.16,704.45,46.948,16.109
611.51,704.22,46.968,16.095
611.06,704.61,46.981,16.089
611.05,704.35,46.996,16.08
615.17,704.61,47,16.07
614.91,704.25,47.016,16.046
615.05,704.62,47.025,16.024
614.8,704.36,47.05,15.994
614.95,704.86,47.071,15.97
614.89,704.57,47.101,15.942
614.79,704.26,47.14,15.914
615.47,704.61,47.126,15.905
615.78,704.36,47.143,15.887
616.28,704.68,47.149,15.884
616.23,704.27,47.151,15.878
616.37,704.56,47.153,15.878
616.51,704.85,47.154,15.877
616.45,704.53,47.158,15.87
616.37,704.91,47.157,15.869
616.04,704.68,47.162,15.857
615.85,704.45,47.171,15.846
616.03,704.85,47.17,15.843
615.82,704.6,47.184,15.83
615.66,704.37,47.194,15.818
615.74,704.75,47.197,15.814
611.48,704.42,47.215,15.802
611.5,704.61,47.218,15.812
612.22,704.06,47.202,15.812
611.72,704.12,47.237,15.834
611.62,704.12,47.253,15.858
611.66,704.1,47.25,15.893
611.07,704.22,47.251,15.904
610.28,704.36,47.268,15.903
610.26,704.48,47.276,15.903
609.92,704.62,47.287,15.903
609.89,704.04,47.295,15.902
609.76,704.1,47.306,15.902
609.93,704.12,47.325,15.901
609.75,704.05,47.33,15.903
609.81,703.98,47.331,15.906
610.16,703.9,47.332,15.909
610.45,703.76,47.332,15.912
610.76,703.6,47.331,15.915
610.88,703.55,47.331,15.918
611.22,703.59,47.333,15.919
611.49,703.67,47.336,15.92
611.75,703.75,47.338,15.922
611.85,703.84,47.337,15.922
611.91,704.2,47.34,15.92
612.03,704.52,47.342,15.919
612.39,704.92,47.343,15.916
612.62,704.52,47.351,15.908
612.63,704.51,47.352,15.919
612.69,704.5,47.353,15.931
612.15,704.64,47.351,15.934
611.62,704.15,47.355,15.93
611.11,704.21,47.354,15.934
611.08,704.4,47.36,15.938
610.97,704.57,47.362,15.943
610.54,704.1,47.375,15.94
610.37,704.29,47.385,15.945
610.36,704.71,47.413,15.927
610.35,704.41,47.457,15.898
610.41,704.75,47.494,15.889
610.34,704.55,47.545,15.858
610.18,704.82,47.555,15.867
610.07,704.36,47.593,15.863
609.69,704.5,47.603,15.871
609.16,704.73,47.617,15.877
608.83,704.33,47.632,15.873
609.2,704.53,47.64,15.879
609.04,704.66,47.647,15.884
608.74,704.49,47.66,15.884
608.57,704.3,47.67,15.884
608.43,704.09,47.675,15.885
608.69,703.88,47.688,15.885
608.59,704.16,47.676,15.902
608.29,703.96,47.685,15.902
607.9,704.32,47.692,15.916
607.58,704.14,47.703,15.916
607.03,703.81,47.707,15.916
606.53,704.03,47.705,15.931
606.44,704.2,47.709,15.941
606.24,703.91,47.716,15.941
606.1,704.11,47.717,15.951
605.58,703.6,47.719,15.954
605.53,703.72,47.723,15.97
605.43,703.93,47.731,15.987
605.36,704.17,47.739,16.003
605.32,703.87,47.756,16.005
604.88,704.02,47.76,16.021
604.45,703.61,47.765,16.023
603.86,703.71,47.757,16.036
603.06,703.85,47.745,16.05
602.42,704.01,47.737,16.064
601.77,703.62,47.738,16.065
601.2,703.79,47.733,16.079
600.8,703.94,47.726,16.092
600.6,703.98,47.724,16.11
600.4,703.52,47.723,16.111
600.29,703.63,47.702,16.13
599.97,703.8,47.691,16.145
599.75,703.97,47.68,16.159
599.24,703.53,47.683,16.161
598.75,703.62,47.678,16.175
598.38,703.68,47.673,16.191
598.15,703.77,47.67,16.206
598.01,703.87,47.671,16.221
597.88,703.99,47.671,16.234
597.95,703.59,47.679,16.234
598.22,703.72,47.682,16.25
598.13,703.82,47.687,16.265
598.23,704,47.695,16.281
598.4,704.01,47.711,16.282
598.45,703.96,47.718,16.285
598.19,703.97,47.729,16.286
597.46,703.99,47.733,16.286
596.72,704.05,47.736,16.285
596.19,704.23,47.742,16.281
596.03,704.4,47.748,16.279
596.43,704.09,47.764,16.269
597.12,704.44,47.776,16.264
597.98,703.99,47.808,16.251
598.95,704.24,47.835,16.247
599.16,704.42,47.897,16.244
599.06,703.82,47.946,16.236
595.49,703.91,48.001,16.23
595.64,703.71,48.036,16.246
595.76,703.52,48.067,16.26
596.03,703.31,48.104,16.28
592.24,703.5,48.146,16.341
592.3,703.26,48.173,16.35
592.47,703.22,48.189,16.367
592.66,703.19,48.206,16.383
592.47,703.18,48.228,16.397
592.34,703.16,48.247,16.411
592.35,703.2,48.266,16.422
591.79,703.02,48.261,16.433
591.47,702.89,48.255,16.441
590.81,702.8,48.256,16.446
590.36,702.74,48.257,16.45
590.28,703.48,48.245,16.451
590.75,703.74,48.239,16.449
590.51,703.99,48.238,16.445
590.68,703.68,48.248,16.44
590.63,704,48.257,16.437
590.69,703.78,48.261,16.434
590.69,703.58,48.266,16.432
590.77,703.93,48.272,16.431
590.25,703.8,48.277,16.426
589.98,703.43,48.285,16.423
589.69,703.59,48.284,16.423
589.63,703.84,48.286,16.424
589.69,703.31,48.288,16.423
589.74,703.6,48.289,16.424
589.56,703.85,48.29,16.424
588.95,703.38,48.29,16.421
588.48,703.53,48.29,16.422
587.58,703.63,48.294,16.425
587.21,703.84,48.303,16.428
586.86,703.43,48.343,16.415
587.16,703.53,48.359,16.423
586.98,703.6,48.366,16.427
586.89,703.89,48.378,16.424
586.61,703.35,48.392,16.421
586.72,703.28,48.378,16.433
586.83,703.33,48.396,16.448
587.29,703.39,48.443,16.462
586.61,703.5,48.487,16.473
585.87,703.55,48.5,16.48
586.36,703.44,48.518,16.496
586.1,703.4,48.526,16.494
586.27,703.2,48.535,16.495
586.59,703.38,48.539,16.51
586.88,703.11,48.555,16.514
586.93,703.24,48.57,16.526
586.89,703.07,48.591,16.525
586.76,703.16,48.592,16.542
587.12,703.3,48.592,16.554
587.47,703.07,48.6,16.555
587.89,703.19,48.604,16.565
588.31,703.49,48.604,16.57
589.04,703.21,48.607,16.572
589.19,703.45,48.604,16.575
588.89,703.44,48.605,16.572
588.74,703.29,48.605,16.572
588.71,703.17,48.605,16.571
588.34,703.46,48.603,16.576
587.8,703.33,48.6,16.575
587.13,703.12,48.599,16.576
587,703.47,48.596,16.579
586.8,703.4,48.6,16.577
586.77,703.35,48.61,16.574
586.97,703.33,48.619,16.568
586.9,703.38,48.627,16.563
586.85,703.43,48.63,16.561
586.88,703.38,48.634,16.558
586.84,703.35,48.635,16.556
586.87,703.27,48.638,16.555
586.97,703.24,48.64,16.553
587.26,703.29,48.645,16.551
587.49,703.36,48.65,16.549
587.65,703.43,48.656,16.546
587.75,703.39,48.662,16.545
587.63,703.37,48.666,16.543
587.69,703.34,48.671,16.542
588.03,703.27,48.677,16.542
588.19,703.21,48.686,16.541
588.47,703.49,48.683,16.547
588.95,703.42,48.691,16.547
589.32,703.34,48.693,16.546
589.67,703.3,48.7,16.545
589.93,703.32,48.706,16.543
590.65,703.34,48.705,16.541
591.28,703.34,48.707,16.54
592.35,703.3,48.704,16.54
592.88,703.22,48.709,16.541
593.27,703.63,48.703,16.554
593.92,703.57,48.705,16.556
594.51,703.52,48.708,16.557
595.51,703.41,48.711,16.559
596.73,703.31,48.721,16.561
597.38,703.22,48.721,16.564
597.96,703.16,48.724,16.564
598.46,703.53,48.715,16.577
598.79,703.46,48.722,16.578
599.06,703.48,48.733,16.575
599.48,703.4,48.742,16.574
599.85,703.33,48.753,16.573
599.9,703.29,48.759,16.571
600.08,703.4,48.768,16.566
600.29,703.53,48.774,16.562
600.05,703.69,48.781,16.557
599.81,703.74,48.785,16.556
599.74,703.76,48.786,16.555
599.77,703.75,48.788,16.555
599.55,703.66,48.787,16.557
599.28,703.58,48.788,16.558
599.06,703.54,48.792,16.559
598.81,703.53,48.798,16.559
598.69,703.53,48.802,16.559
598.59,703.51,48.805,16.559
598.3,703.55,48.815,16.558
597.91,703.44,48.824,16.559
597.61,703.31,48.832,16.561
597.32,703.23,48.841,16.563
597.1,703.03,48.858,16.568
596.71,703.09,48.864,16.584
596.56,703.15,48.871,16.601
596.67,703.08,48.879,16.622
596.77,703.02,48.888,16.642
597.11,702.89,48.901,16.653
597.45,702.76,48.913,16.664
597.94,702.67,48.923,16.673
598.39,702.48,48.929,16.685
598.76,702.4,48.927,16.717
598.93,702.38,48.927,16.745
599.12,702.37,48.927,16.771
599.3,702.47,48.941,16.795
599.53,702.6,48.959,16.819
599.73,702.48,48.977,16.827
599.97,702.61,48.99,16.847
600.15,702.62,49.009,16.852
600.18,702.63,49.028,16.858
600.47,702.68,49.053,16.863
600.7,702.69,49.082,16.87
600.5,702.74,49.128,16.873
599.94,703.04,49.208,16.876
599.03,703.27,49.247,16.888
598.39,703.13,49.299,16.872
597.78,702.95,49.355,16.859
597.1,703.32,49.416,16.86
596.77,703.12,49.463,16.85
596.3,702.97,49.539,16.835
595.68,703.26,49.574,16.84
595.39,702.83,49.594,16.84
594.88,702.83,49.609,16.853
590.39,702.95,49.664,16.879
590.15,702.96,49.695,16.909
589.97,702.8,49.737,16.925
589.79,702.65,49.779,16.941
589.69,702.44,49.816,16.958
589.39,702.61,49.842,16.989
589.19,702.36,49.865,17
588.81,702.43,49.881,17.023
588.56,702.52,49.903,17.049
588.4,702.22,49.921,17.061
587.76,702.2,49.929,17.091
587.36,702.2,49.933,17.112
587.25,702.03,49.937,17.127
587.14,701.86,49.942,17.142
587.24,701.89,49.935,17.167
587.21,701.9,49.929,17.191
587.03,701.64,49.925,17.206
586.56,701.61,49.916,17.232
586.16,701.67,49.919,17.251
585.79,701.72,49.921,17.269
585.26,701.74,49.918,17.292
584.75,701.74,49.919,17.313
584.29,701.69,49.92,17.339
583.93,701.68,49.925,17.369
583.41,701.71,49.926,17.404
583.17,701.75,49.927,17.436
583.5,698.06,49.738,17.647
583.89,698.32,49.63,17.761
584.09,698.73,49.497,17.891
584.38,698.92,49.373,18.011
584.64,699.05,49.315,18.063
584.77,698.7,49.219,18.144
585.19,698.86,49.173,18.186
585,702.88,49.228,18.16
584.94,702.77,49.271,18.14
585.02,702.65,49.315,18.122
584.7,702.58,49.342,18.106
584.89,702.47,49.359,18.098
585.08,702.37,49.376,18.09
585.26,702.26,49.393,18.082
585.37,702.15,49.418,18.073
584.81,702.04,49.451,18.061
584.64,701.95,49.464,18.054
584.51,702.11,49.468,18.055
584.52,701.98,49.477,18.051
584.59,701.84,49.485,18.048
584.51,701.93,49.49,18.05
584.43,702.02,49.495,18.052
584.52,701.83,49.505,18.049
584.58,701.96,49.511,18.051
584.59,702.11,49.519,18.053
584.73,702.01,49.534,18.047
584.85,701.9,49.548,18.04
584.85,702.05,49.556,18.043
584.91,701.93,49.574,18.037
584.6,702.13,49.594,18.04
584.76,702.38,49.634,18.017
585.19,702.57,49.662,17.997
585.65,702.78,49.691,17.977
586.36,702.89,49.72,17.956
586.81,703.01,49.754,17.935
587.36,703.14,49.784,17.916
587.17,702.62,49.814,17.898
587.2,702.31,49.822,17.895
587.31,701.97,49.829,17.893
587.03,702.14,49.848,17.904
582.7,701.99,49.892,17.889
582.47,702.4,49.917,17.893
582.43,702.39,49.956,17.871
582.43,702.42,49.994,17.849
582.44,702.44,50.029,17.829
582.12,702.44,50.057,17.819
581.57,702.33,50.082,17.812
581.38,702.32,50.11,17.801
581.35,702.34,50.134,17.791
581.29,702.34,50.157,17.782
581.22,702.34,50.18,17.772
581.21,702.56,50.195,17.766
581.13,702.75,50.211,17.761
580.95,702.24,50.231,17.748
580.91,702.4,50.244,17.744
581.05,702.48,50.273,17.738
581.13,702.5,50.3,17.736
581.14,702.5,50.321,17.736
581.14,702.54,50.35,17.736
581.17,702.56,50.379,17.738
580.64,702.59,50.395,17.74
580.14,702.57,50.415,17.744
579.72,702.58,50.439,17.748
579.32,702.62,50.459,17.751
578.79,702.61,50.492,17.759
578.19,702.58,50.514,17.764
577.63,702.53,50.537,17.77
577.29,702.48,50.555,17.776
576.95,702.43,50.564,17.78
576.64,702.37,50.574,17.784
576.45,702.35,50.586,17.788
576.31,702.37,50.6,17.791
576.16,702.38,50.615,17.794
576.06,702.37,50.63,17.798
575.95,702.36,50.646,17.802
575.64,702.38,50.662,17.805
575.61,702.41,50.688,17.808
575.6,702.21,50.716,17.804
575.79,702.03,50.746,17.799
575.49,702.16,50.759,17.804
575.02,701.94,50.78,17.799
574.44,702.04,50.79,17.805
573.82,702.01,50.795,17.818
573.18,701.97,50.8,17.83
572.52,701.91,50.801,17.843
572.6,701.93,50.82,17.854
572.66,701.96,50.837,17.864
572.72,701.98,50.854,17.874
572.9,702.05,50.87,17.88
572.9,702.1,50.897,17.889
573.04,701.97,50.912,17.884
572.87,702.08,50.93,17.889
572.9,701.85,50.961,17.885
577.42,701.89,51.007,17.903
578.06,701.99,51.041,17.915
578.61,701.93,51.088,17.94
579.28,701.92,51.162,17.935
579.86,701.88,51.233,17.933
580.34,701.84,51.316,17.931
580.7,701.66,51.362,17.941
581.07,701.51,51.399,17.946
581.21,701.66,51.426,17.974
581.44,701.69,51.486,17.971
581.54,701.68,51.534,17.97
582.11,701.66,51.565,17.968
582.3,701.75,51.59,17.962
581.97,701.89,51.606,17.961
582.26,702.08,51.621,17.958
582.47,701.96,51.661,17.922
582.63,702.34,51.683,17.904
582.61,702.07,51.728,17.886
582.64,701.83,51.773,17.869
582.61,702.07,51.8,17.869
582.52,701.8,51.855,17.852
582.27,702.2,51.896,17.833
582.12,701.85,51.937,17.823
581.95,701.99,51.948,17.84
581.64,702.35,51.989,17.837
