128,52,161,165
121.11,55.802,162.65,165.69
116.1,63.038,165.5,166.04
111.03,77.648,167.16,166.29
106.35,94.403,168.93,166.91
102.36,113.63,171.43,166.59
97.014,132.9,173.8,168.79
93.655,153.24,174.74,167.9
89.342,171.53,175.94,166.33
86.321,186.16,176.82,163.97
86.505,200.54,176.37,159.52
88.847,210.22,175.05,155.33
95.062,213.64,172.78,152.37
104.35,208.3,170.27,151.46
112.96,197.07,168.35,152.95
122.55,181.21,166.41,156.3
131.65,167.26,164.08,162.37
143.16,144.95,163.45,167.85
151.27,123.78,164.08,171.55
157.05,102.94,163.75,173.7
167.31,85.893,163.63,175.65
176.7,70.747,163.34,176.53
183.17,57.777,163.61,176.99
187.9,49.634,163.42,176.95
191.17,45.478,163.8,177.25
192.72,39.799,162.86,178.03
190.52,31.374,162.16,178.12
190.11,27.698,161.05,177.61
192.99,23.312,160.82,176.75
194.31,21.941,160.87,175.52
195.44,21.101,160.86,173.72
200.63,24.499,161.62,172.66
203.8,27.769,161.84,171.72
205.61,29.983,161.71,170.16
204.57,33.061,161.83,170.15
204.39,33.199,162.35,169.71
199.28,35.145,163.16,169.2
193.84,38.779,163.89,169.11
191.46,46.133,165.2,168.19
187.73,52.415,167.13,167.89
182.17,61.235,169.82,166.97
178.53,73.093,173.37,166.8
176.79,83.829,177.2,168.78
173.14,94.388,181.39,171.16
169.03,107.68,182.91,176.55
164.34,136.31,183.9,180.97
158.22,168.87,181.46,178.54
159.18,197.11,178.79,172.12
164.97,226.15,180.78,158.11
173.13,249.31,183.8,143.61
193.07,255.5,191.87,129.74
217.32,256.3,196.68,123.66
244.11,255.22,199.72,120.41
281.54,256.21,205.74,116.36
297.97,257.46,212.04,112.19
311.75,258.53,219.64,107.71
325.38,259.68,227.15,103.9
339.12,260.7,232.74,101.13
338.7,261.48,237.42,98.848
354.53,263.9,242.67,96.82
368.96,264.99,246.74,95.651
379.47,264.26,247.97,95.543
388.68,262.62,248.48,95.654
394.21,260.82,248.32,95.914
398.09,258.74,247.79,96.06
320.19,258.54,247.08,95.2
300.26,258.19,242.18,97.029
273.7,260.63,233.65,99.749
251,253.2,221.36,104.88
241.22,233.21,207.75,114.59
230.95,221.49,195.07,124.66
229.3,212.21,185.48,132.82
222.74,200.49,178.46,140.44
217.67,188.09,172.97,147.98
210.97,175.38,169.7,154.91
205.02,159.78,166.76,160.12
201.91,143.39,164.47,163.41
199.58,127.43,162.2,165.05
196.72,114.29,160.29,166
193.24,104.79,159.33,165.84
190.67,101.1,159.54,165.71
189.2,100.22,159.05,165.27
185.14,98.391,159.18,165.13
181.44,96.64,159.72,164.61
174.35,97.354,160.05,164.66
166.78,100.67,160.34,164.03
156.24,102.06,161.01,164.09
146.31,110.03,161.75,164.03
138.47,121.62,162.08,164.24
131.57,133.94,162.83,165.12
126.23,149,162.37,165.21
123.5,166.31,161.32,165.72
123.5,184.1,160.2,164.31
121.44,197.6,159.59,161.07
122.26,215.8,160.18,155.21
127.82,227.57,162.63,148.77
134.46,234.57,163.28,143.58
141.01,232.51,162.22,141
158.31,226.99,161.46,138.94
158.87,225.65,158.26,138.6
158.56,227.34,155.3,138.9
156.99,227.97,152.15,139.66
156.79,229.63,149.99,139.61
155.32,230.54,148.47,139.38
152.81,230.97,147.05,138.78
150.87,231.56,145.49,138.33
150.31,232.9,144.03,138
148.52,233.78,142.78,137.35
145.48,233.79,141.24,137.24
143.67,234.47,140.38,136.84
142.71,230.81,138.65,136.68
141.3,229.65,136.83,137.07
140.55,231.49,135.85,135.85
145.17,229.01,136.31,135.87
147.59,226.11,136.69,136.92
151.29,221.87,138.09,137.35
164.31,220.47,141.56,137.61
160.98,221.55,143.29,137.59
159.48,222.29,143.35,137.37
162.05,229.93,142.63,136.67
176.2,224.14,141.62,137.25
175.2,219.18,138.47,138.6
176.25,215.92,135.83,139.74
181.6,214.9,134.17,139.85
186.94,221.62,132.87,139.74
198.65,214.07,131.99,141.04
197.58,210.5,130.18,142.89
200.73,201.19,125.37,148.76
205.17,194.29,121.76,153.92
209.45,198.17,117.99,157.13
212.97,214.39,118.09,155.75
228.43,214.36,119.63,152.25
233.81,204.61,116.27,153.57
250.61,225.46,117.5,148.28
261.53,244.93,124.94,136.55
258.65,163.06,134.54,145.51
255.52,174.84,142.54,148.88
256.46,196.44,148.41,149.48
257.33,199.57,152.45,149.1
260.33,196.13,155.12,150.81
265.99,183.46,155.93,154.71
269.06,168.76,156.83,161.01
272.54,147.83,158.84,166.22
277.08,124.83,158.79,171.93
280.2,101.61,160.49,175.4
283.68,81.818,163.21,176.98
286.69,60.992,164.77,178.17
289.42,43.909,164.95,178.85
294.82,27.095,165.78,178.72
301.54,16.303,164.72,177.58
308.15,8.6999,163.77,176.79
313.53,-0.22189,163.84,175.11
313.9,-3.9446,163.53,174.57
313.56,-6.2747,163.69,172.32
307.76,-5.9804,163.89,170.88
301.9,-7.1623,164.85,167.48
298.44,-7.9771,164.27,164.25
297.08,-9.1383,163.6,161.3
296.95,-8.4978,163.65,159.08
295.96,-7.904,162.31,156.78
290.71,-4.6233,161.31,155.75
286.41,-4.0767,162.54,154.43
274.88,-3.1588,163.4,154.05
262.09,-4.2396,163.73,154.18
250.88,-4.3789,163.26,153.48
239.59,-5.0361,162.77,153.36
232.5,-5.8948,164.54,151.9
224.49,-5.6712,165.47,151.57
219.27,-4.6537,165.91,151.94
213.53,-3.952,166.06,152.25
209.59,-4.3121,166.54,152.23
207.33,-2.0018,166.84,153.53
198.79,-1.9618,164.8,154.46
189.18,-2.456,165.02,154.62
176.95,-3.7848,164.7,154.37
164.99,-3.0429,164.97,154.66
153.14,-2.2539,164.56,155.8
143.72,-2.217,164.16,156.96
136.33,0.19373,164.57,159.07
129.27,4.6884,165.68,160.71
122.56,11.374,167.2,162.28
118.35,21.845,168.98,162.63
120.21,33.686,171.48,162.87
119.24,46.254,174.72,165.73
117.45,57.316,178.44,167.77
116.88,74.83,178.93,172.72
116.85,105.48,178.09,179.09
116.97,131.44,177.09,183.69
120.26,162.87,176.16,183.85
124.61,188.63,176.73,179.39
121.12,217.14,185.11,165.82
122.13,224.7,190.74,155.73
109.56,220.67,188.21,153.69
114.58,217.5,185.85,152.28
121.79,234.96,187.89,148.21
125.77,234.82,189.46,144.9
130.03,235.3,190.66,142.46
133.15,236.62,192.15,139.79
135.53,238.48,193.76,136.88
186.89,242.51,205.87,129.59
142.01,244.4,204.53,125.54
140.68,239.16,200.78,124.71
148.32,191.96,190.07,139.07
162.41,100.98,185.37,149.14
162.39,30.617,183.25,157.48
161.15,-9.9995,181.07,152.5
275.31,42.485,166,164.71
292.7,41.529,154.98,171.75
313.78,34.303,151.47,169.47
315.31,35.9,147.97,168.39
327.08,36.164,145.25,168.56
338.44,36.205,143.65,169.05
351.23,34.962,142.03,168.97
360.46,35.182,141.26,168.89
366.99,35.59,141.31,168.23
371.52,35.305,142.07,167.33
373.26,35.529,142.29,166.08
374.13,35.395,142.64,164.95
371.57,34.757,142.87,163.68
368.95,35.249,142.67,162.54
366.44,36.706,142.78,160.99
364.17,38.754,142.9,159.85
361.49,40.96,142.55,159.43
350.92,42.361,141.64,159.45
350.94,44.138,141.53,158.99
340.78,47.346,140.51,159.1
333.79,50.919,139.57,160.17
333.95,55.99,139.15,160.51
331.82,60.844,138.94,160.5
329.43,65.144,138.74,160.48
327.53,68.778,138.73,160.42
326.92,72.767,138.07,161.08
318.83,64.035,138.02,161.23
323.32,71.961,135.31,164.01
320.45,60.201,135.64,162.98
305.85,65.04,136.33,162.84
312.91,66.151,136.19,162.82
312.62,56.935,136.54,161.88
309.27,63.195,136.94,161.59
305.23,68.126,137.53,161.51
301.26,70.407,137.77,161.16
293.48,71.095,137.68,160.85
273.79,68.277,138.81,159.97
273.5,73.451,138.6,161.13
270.14,71.711,138.47,161.21
267.28,70.919,137.84,160.18
262.26,70.952,137.64,159.14
256.65,71.849,137.67,158.39
251.2,72.604,138.03,157.97
248.93,73.875,137.59,157.77
246.85,74.518,136.8,157.3
246.88,73.805,136.11,157.58
249.8,73.211,135.65,157.76
254.09,73.369,135.22,158.06
260.78,73.099,134.66,159.11
268.92,72.761,134.32,160.31
278.57,64.99,134.79,159.3
288.37,68.786,134.45,159.05
297.96,69.496,134.02,158.87
309.27,69.091,133.41,158.6
322.17,68.224,132.8,158.39
334.24,67.263,132.47,157.63
354.23,68.087,133.67,156.87
363.5,68.522,133.99,156.64
375.43,68.984,133.55,157
387.76,69.947,133.15,157.24
408.32,71.71,134.62,157.27
415.87,73.62,134.79,157.99
434.51,74.555,136.16,158.47
438.58,76.339,136.7,159.87
446.6,77.382,136.58,161.16
456,78.625,136.24,162.2
476.13,81.035,138.14,162.99
479,85.028,139.55,163.98
483.8,90.91,140.36,164.7
489.75,101.16,140.91,164.61
493.41,124.49,141.29,165.23
498.6,133.74,140.04,164.62
500,160.52,138.58,166.05
500.61,187.97,137.66,163.84
504.15,210.84,136.52,158.91
506.68,223.14,135.36,152.24
507.58,234.68,134.36,144.93
510.46,245.37,133.49,138.36
508.99,253.95,134.71,131.91
510.33,261.4,135.58,126.9
507.97,268.39,136.7,121.37
502.25,274.56,140.2,114.02
491.46,281.07,144.12,106.42
478.75,286.38,148.67,96.642
458.56,291.03,153.94,87.062
432.21,290.98,159.14,80.451
408.63,286.6,159.83,80.141
387.01,279.63,159.14,82.638
362.33,272.42,157.81,86.154
338.29,261.6,153.66,93.959
311.22,251.66,150.54,101.09
282.81,243.54,147.96,107.56
253.6,235.24,146.13,112.98
223.96,224.88,144.71,118.02
196.32,215.32,142.91,123.64
171.11,205.14,140.84,129.99
149.14,195.01,138.96,136.79
136.32,190.3,138,142.79
122.46,175.91,137.85,145.81
114.29,172.57,137.46,150.6
112.98,156.81,137.22,152.13
121.66,142.19,136.33,152.21
140.19,137.51,135.73,154.11
153.14,120.14,134.28,153.55
176.1,115.37,133.38,153.23
199.21,100.99,131.94,151.46
225.65,97.864,129.81,150.86
251.92,94.282,128.4,150.09
274.75,91.089,127.25,148.64
292.98,82.014,125.97,147.26
310.11,83.949,124.51,146.05
323.87,76.636,123.32,143.88
333.09,79.931,120.72,142.84
346.8,81.798,119.26,142.08
353.99,83.089,114.3,143.93
361.44,81.465,110.26,144.28
367.94,79.36,107.1,143.69
373.65,77.205,104.83,142.2
378.73,77.473,102.51,140.59
381.95,77.451,103.2,136.63
385.07,78.867,103.37,133.15
388.67,80.267,103.38,130.12
392.56,81.059,103.11,127.53
397.03,82.424,102.55,125.39
401.73,82.762,101.84,123.56
406.7,84.098,101.24,122.3
411.27,85.277,100.83,121.23
415.53,86.809,100.31,119.83
420.7,89.275,99.974,118.49
425.68,91.756,99.723,117.46
430.22,94.379,99.454,116.39
435.57,97.269,99.247,115.55
440.05,101.55,99.005,114.96
443.59,108.17,98.986,114.32
446.82,116.16,98.984,113.53
449.67,125.17,99.009,112.87
458.36,139.23,99.335,112.47
458.08,152.32,99.63,112.11
458.35,156.75,99.587,111.65
457.24,162.71,99.498,110.87
455.43,167.87,99.558,109.98
451.77,172.74,99.827,108.61
446.51,176.99,100.22,107.16
440.67,180.1,100.47,105.56
432.79,181.94,100.77,104.22
416.77,185.32,101.16,103.39
410.62,186.95,101.39,102.53
395.32,189.33,101.4,102.13
381.44,190.7,101.02,102.04
374.73,189.57,100.54,101.92
357.57,188.43,99.839,102.15
342.18,186.86,99.098,102.73
332.4,178.27,97.864,102.55
315.47,179.46,96.433,102.76
308.46,180.46,94.695,103.96
296.18,180.7,90.354,108.82
289.89,171.21,88.185,109.2
282.96,165.02,86.183,108.66
277.92,166.66,84.556,108.89
274.38,159.17,83.857,108.07
273.64,155.56,83.5,106.58
275.31,151.52,83.069,105.01
281.32,153.12,81.015,107.06
286.63,145.52,80.865,105.34
295.27,145.88,78.385,107.59
309.48,139.3,76.9,107.3
323.15,139.05,75.595,107.67
330.13,132.13,74.33,106.52
342.39,127.69,75.239,102.75
350.97,128.92,75.136,100.51
364.12,128.9,73.239,100.59
370.63,122.63,72.913,97.866
381.32,125.54,71.182,98.136
387.68,119.06,72.125,96.239
392.02,115.71,72.89,94.784
383.49,120.82,73.855,94.64
385.64,123.55,75.117,95.393
387.08,116.32,75.786,94.93
400.06,111.26,75.959,92.84
401.57,112.81,75.908,90.947
401.4,114.39,75.853,89.407
399.57,114.83,75.646,88.451
395.04,114.84,75.772,87.568
386.83,118.37,76.286,87.069
393.18,118.23,75.877,86.717
391.72,118.42,75.241,86.191
390.9,118.69,74.561,85.552
388.47,119.49,74.028,84.787
383.45,119.28,73.801,83.885
374.91,121.43,73.337,84.245
367.35,123.56,74.114,84.102
374.53,122.84,73.387,83.65
373.32,122.8,72.441,83.17
369.6,123.46,71.749,82.72
364.74,124.1,71.075,82.011
358.5,123.25,70.769,80.856
353.69,128.03,69.422,81.178
346.98,130.02,69.142,81.317
348.68,123.76,68.465,79.355
347.53,126.08,67.703,77.945
345.08,127.14,66.977,76.808
338.7,127.93,66.089,75.67
337.24,128.92,65.487,74.842
334.8,129.32,64.88,74.331
329.51,130.17,64.237,73.864
327.5,129.4,63.751,73.47
325.59,129.3,63.343,73.148
320.15,129.82,62.94,72.962
320.18,129.73,62.219,72.365
318.81,129.57,61.987,71.971
317.95,125.61,61.79,71.027
316.78,127.93,61.599,70.749
316.21,124.92,61.649,70.212
315.11,127.2,61.513,70.053
314.18,127.68,61.419,70.2
313.47,124.56,61.542,69.653
312.49,126.56,61.244,69.469
310.63,122.97,60.989,68.935
308.53,125.13,60.615,68.727
306.34,124.98,60.187,68.832
303.04,121.4,59.896,68.049
294.92,123.61,59.687,68.117
287.68,124.28,59.703,68.34
284.28,122.06,59.77,67.537
275.82,122.81,59.854,66.837
258.22,125.54,61.853,65.078
255.49,127.28,62.762,64.514
249.73,127.41,58.252,68.299
250.17,126.27,54.635,71.479
244.63,123.56,52.422,74.6
235.41,124.07,54.061,73.796
225.44,127.7,54.987,72.758
215.92,128.66,55.275,71.694
206.5,129.54,55.493,70.945
200.52,130.66,55.824,70.534
193.22,131.33,56.137,70.402
183.83,131.49,56.191,70.126
178.41,131.94,56.422,70.037
172.26,132.86,56.796,69.899
166.72,133.46,57.04,70.036
161.17,134.36,57.546,70.373
155.45,134.23,58.076,70.993
150.83,134.22,58.556,71.223
145.67,134.86,59.191,71.467
141.42,134.81,59.821,71.799
137.53,135.33,60.354,71.89
133.56,136.22,60.753,71.903
130.95,136.39,61.042,72.327
127.65,137.61,61.495,72.62
125.38,138.96,61.936,73.098
122.57,139.32,62.27,73.552
120.48,140.11,62.463,73.945
118.62,140.87,62.791,74.471
116.95,142.3,63.135,74.926
115.15,143.13,63.391,75.701
113.54,144.18,63.656,76.38
112.15,145.42,63.926,76.777
110.3,146.05,64.273,77.146
109.5,146.52,64.444,77.421
108.48,147.01,64.551,77.379
107.87,146.63,64.766,77.156
108.17,147.34,65.132,76.285
109.06,148.11,65.254,75.71
109.49,149.7,65.042,75.212
110.98,151.23,64.978,74.706
112.16,152.89,64.749,74.54
112.9,153.92,64.564,74.59
114.83,155.65,64.534,74.493
115.75,157.09,64.297,74.586
116.18,158.52,64.128,74.853
117.36,159.68,64.124,75.056
118.54,161.03,64.111,75.428
119.05,162.36,64.058,76.04
119.36,163.66,64.009,76.484
119.79,164.78,63.847,77.164
121.08,166.25,63.686,77.827
122.82,166.96,63.641,78.43
123.86,168.57,63.412,78.793
124.38,170.14,63.42,79.027
125.37,171.97,63.201,79.121
126.55,174.4,63.236,79.212
126.93,177.65,63.099,79.315
128.13,181.34,63.07,78.975
127.47,185.62,63.148,78.711
127.9,190.76,63.209,77.851
128.19,195.73,63.263,77.168
128.66,201.44,63.178,76.187
129.27,207.79,63.026,75.283
130.01,213.84,62.858,74.466
131.55,218.94,62.86,73.691
133.33,223.84,63.071,72.978
134.91,227.51,63.561,72.497
136.62,230.13,64.327,72.296
138.13,231.88,65.417,72.248
146.35,231.91,65.239,72.881
147.46,231.54,65.517,73.569
154.25,228.34,65.258,74.913
160.12,221.43,64.498,75.659
165.12,215.41,63.796,76.214
169.77,208.42,63.346,76.734
175.5,201.8,63.211,77.357
179.88,194.5,62.758,78.382
184.87,185.93,62.352,79.549
187.61,179.93,60.817,82.022
191.21,172.42,59.634,84.473
194.46,164.1,58.561,86.844
197.64,155.31,57.531,87.852
201.07,148.78,56.535,87.735
204.22,147.3,55.255,89.529
206.59,141.17,54.225,89.556
206.83,136.16,53.964,88.388
207.48,132.2,53.857,86.454
168.86,146.79,61.553,83.652
160.5,127.07,64.778,81.991
160.23,99.407,66.795,80.454
158.44,72.321,68.76,78.25
157.3,53.683,69.849,76.214
156.62,35.564,70.778,74.121
155.72,19.779,71.268,72.508
155.68,9.1147,71.565,71.202
156.23,0.12309,71.174,69.089
156.1,-2.861,71.156,65.839
154.4,-3.731,71.165,62.625
155.07,-3.2352,70.743,59.727
155.36,-1.5281,70.442,57.555
155.18,0.50121,69.748,56.673
153.45,3.8772,69.401,57.195
152.45,13.865,69.075,57.382
152.62,29.253,68.649,58.425
152.14,46.616,68.641,59.553
152.31,66.733,68.319,60.201
151.55,86.323,68.237,60.463
150.27,104.36,68.309,61.562
147.87,119.96,68.686,62.778
146.55,132.49,68.675,62.529
145.87,143.81,68.765,62.647
144.12,151.11,69.142,63.216
145.53,153.36,69.56,64.533
146.28,150.62,69.853,66.28
146.56,147.14,69.849,67.848
146.98,143.82,69.596,69.834
150.15,136.7,69.215,71.742
150.84,129.72,69.451,73.392
151.01,123.03,69.003,74.659
151.18,117.67,68.701,75.238
151.36,115.56,68.838,75.894
152.36,113.16,68.005,75.688
152.15,109.95,67.98,74.589
151.27,107.9,67.419,73.948
152.18,108.78,67.306,74.448
151.83,108.38,67.74,74.675
154.33,109.07,68.239,74.286
156.56,109.2,68.052,74.271
155.08,110.55,67.838,74.193
154.04,111.12,67.23,74.553
150.9,111.77,67.369,74.258
147.29,111.5,67.78,74.707
143.99,110.84,68.217,74.768
143.54,110.34,68.163,74.326
142.95,113.08,68.301,74.314
142.7,114.32,67.697,73.919
140.46,114.52,67.429,73.36
138.18,115.15,67.197,72.786
136.22,115.83,67.081,73.267
136.67,116.07,67.409,73.369
137.49,117.44,67.371,73.505
140.3,120.08,68.052,73.219
141.04,122.45,67.597,73.19
141.17,124.71,67.628,72.734
142,126.99,67.597,72.627
141.74,129.77,67.783,72.377
142.59,133.18,67.824,71.777
144.15,137.65,68.031,71.224
145.59,144,68.243,70.325
147.42,149.97,68.39,69.303
149.84,158.78,68.645,68.475
154.12,167.82,68.877,67.497
157.16,177.52,68.872,67.126
160.75,188.12,69,66.847
167.46,199.24,69.152,66.484
173.01,210.91,69.234,66.602
181.16,225.4,69.077,67.581
192.29,238.7,68.685,68.963
198.45,249.14,68.911,69.692
206.26,259.37,69.1,69.94
213.07,269.8,69.595,70.555
220.22,278.43,69.515,70.656
226.19,285.79,69.529,70.367
232.98,291.89,69.655,68.563
240.09,298.45,69.612,66.325
246.26,303.47,69.778,63.735
252.38,308.33,71.343,59.859
257.43,313.11,72.73,56.02
260.22,316.22,73.992,51.985
261.52,318.44,74.814,48.63
262.12,320.68,75.341,45.574
262.9,322.22,74.973,43.178
263.28,323.61,74.395,41.287
263.23,324.19,73.024,39.9
263.32,324.23,71.038,39.104
263.28,322.98,68.627,39.102
265.12,317.95,64.277,41.38
265.72,312.41,60.622,44.466
264.23,306.81,57.671,47.978
262.97,300.32,55.007,52.148
262.99,291.96,52.876,54.977
261.66,285.01,50.996,56.763
259.84,279.6,47.738,59.814
258.08,276.16,45.493,61.574
251.35,267.95,44.354,62.94
249.98,264.38,43.587,64.205
248.19,253.44,42.831,65.383
246.38,249.42,42.351,66.156
244.55,239.81,41.545,67.404
242.93,231.19,40.983,68.273
241.63,228.98,40.261,69.441
240.92,225.79,39.246,71.212
240.15,223.16,38.575,72.34
239.47,220.49,38.162,73.061
238.99,218.54,37.393,74.36
238.58,215.95,36.837,75.399
224.7,212.9,37.075,75.385
224.48,209.84,37.365,75.382
224.28,212.62,37.693,75.267
223.95,209.14,37.944,75.213
224.23,210.83,38.156,75.106
224.43,206.78,38.363,75.044
224.79,203,38.614,75.039
225.61,205.08,38.763,74.955
226.37,206.77,38.887,74.867
227.47,208.49,38.989,74.673
228.37,209.65,39.042,74.585
234.5,210.76,39.062,74.528
234.19,212.44,39.09,74.451
234.09,213.8,39.113,74.399
234.88,208.66,39.142,74.311
236,210.46,39.15,74.223
236.64,212.29,39.121,74.189
237.83,207.4,39.099,74.153
237.84,201.91,38.885,74.451
238.14,196.49,38.631,74.869
244.04,177.65,38.017,76.552
244.26,173.8,37.331,78.643
244.39,176.57,36.499,81.177
244.86,172.85,35.754,83.571
244.47,176.56,35.105,85.798
244.4,173.66,34.605,88.158
243.19,171.94,34.381,89.735
241.77,171.21,34.289,91.109
239.57,177.37,34.17,92.498
237.89,175.97,34.064,93.538
230.75,176.44,33.921,94.76
229.87,182.9,33.778,95.891
229.18,181.52,33.86,96.726
228.39,181.03,33.951,96.946
227.89,180.83,34.062,97.108
226.98,180.39,34.152,97.109
225.88,179.58,34.204,97.055
225.2,178.49,34.254,96.984
207.46,180.18,35.419,95.821
198.34,182.77,37.082,94.184
189.94,179.36,38.649,92.437
182.47,182.72,39.774,91.145
181.66,178.23,41.641,89.023
181.22,174.13,42.955,87.528
179.88,176.67,44.252,86.311
178.65,172.38,45.576,84.972
176.71,174.8,46.459,84.187
167.95,177.5,47.539,83.171
167.21,179.09,48.353,82.476
166.37,180.44,48.915,82.024
165.79,182.26,49.611,81.447
165.18,184.13,50.287,80.953
164.54,186.59,51.02,80.439
164.29,189.09,51.615,80.05
164.63,192.13,52.154,79.707
165.48,195.75,52.756,79.276
167.42,200.69,52.251,79.936
170.55,214.4,48.709,86.329
179.52,217.05,45.87,92.882
182.56,214.57,43.09,98.586
191.13,212.09,42.015,102.53
194.06,215.6,40.957,106.75
202.73,219.09,42.085,108.71
211.18,220.98,45.355,107.25
219.87,223.28,48.181,104.5
222.53,221.94,50.414,100.98
232.7,222.89,52.021,97.907
235.21,213.77,52.641,95.625
246.14,204.77,53.066,94.215
257.57,205.53,56.025,90.722
262.06,203.82,57.257,89.109
255.35,181.99,55.418,91.508
258.35,169.09,54.96,92.66
267.68,158.53,58.92,91.119
267.37,157.04,62.579,89.172
265.95,157.48,64.792,87.166
266.53,110.82,63.821,84.379
265.95,118.4,63.42,80.459
263.56,125.22,62.985,76.86
260.98,129.24,62.537,74.002
259.75,132.12,61.96,71.393
258.38,135.74,61.643,69.326
257.1,139.41,61.271,67.613
255.32,143.19,61.145,66.553
254.33,146.94,60.554,66.085
252.39,151.6,59.85,66.132
251.33,156.24,59.12,66.541
249.6,161.66,58.537,66.92
248.01,166.79,57.984,67.373
245.91,172.45,57.773,67.436
243.76,179.58,57.855,67.353
241.73,186.46,58.179,67.088
240.06,192.09,58.459,67.197
238.03,197.56,58.782,67.321
236.85,202.21,59.206,67.707
234.78,205.68,59.603,68.003
231.93,206.61,59.935,68.083
229.1,206.53,60.613,68.306
223.32,204.74,60.614,69.093
219.97,202.6,61.392,69.43
212.89,200.11,61.6,70.097
209.57,197.49,62.226,70.756
205.76,194.47,63.031,70.792
203.07,191.63,63.47,70.855
201.11,188.69,64.048,70.634
199.55,186.34,64.5,70.431
199.3,184.86,64.642,70.293
199.91,183.24,64.977,70.058
201.9,181.71,65.333,69.931
203.78,179.78,65.601,69.711
206.15,178.59,65.724,69.73
207.99,177.4,65.959,69.768
209.57,176.98,66.148,69.751
209.5,176.75,66.014,69.936
210.16,176.1,65.853,69.877
210.74,175.41,65.896,69.687
212.08,174.95,65.734,69.484
212.97,174.75,65.734,69.389
213.93,174.32,65.946,69.635
214.34,173.33,66.194,70.05
212.33,172.87,66.541,70.408
210.11,172.86,66.669,70.642
208.1,171.41,66.422,70.863
206.35,171.39,66.094,70.652
206.01,170.57,65.818,70.634
206.23,170.17,65.316,70.579
207.07,169.81,64.687,70.534
208.97,168.61,64.164,70.208
208.37,167.63,63.923,69.889
208.25,166.61,63.357,69.549
206.89,166.51,63.118,69.118
207.31,166,62.966,68.802
207.8,165.35,62.812,68.462
209.71,164.24,62.787,68.156
212.41,163.42,62.647,67.795
215.32,162.19,62.407,67.437
217.23,161.89,62.321,67.191
219.08,162.18,62.12,67.39
220,162.79,61.876,67.754
222.96,162.49,61.594,67.979
225.01,161.69,61.314,67.93
228.74,160.84,61.227,68.178
233.29,160.64,60.741,68.545
239.13,160.14,60.225,68.857
243.08,159.97,59.992,69.174
246.14,160.19,59.85,69.267
250.12,161.75,59.7,69.387
254.87,163.11,59.414,69.365
260.23,163.94,59.242,69.005
267.21,165.44,58.862,68.638
274.63,166.66,58.428,68.484
281.92,166.18,57.924,68.322
289.13,167.16,57.499,68.298
295.56,167.2,57.348,68.358
300.65,167.24,57.168,68.418
305.75,167.12,56.954,68.274
311.23,166.49,56.869,68.01
316.69,166.15,56.841,68.019
321.76,165.49,56.419,67.95
325.95,166.13,56.461,67.995
328.56,165.65,56.263,67.897
330.66,165.37,56.162,68.153
333.37,165.81,56.114,67.986
337.37,164.76,55.898,67.812
340.51,164.6,55.591,67.843
344.74,164.06,55.258,68.107
348.73,164.29,54.851,68.34
350.92,164.21,54.542,68.404
351.49,163.29,54.3,68.378
352.76,163.35,54.122,68.415
354.1,162.52,53.907,68.4
355.05,162.13,53.603,68.536
356.41,162.56,53.224,68.614
358.51,160.64,51.319,70.86
360.27,159.05,49.428,72.532
361.93,157.93,47.515,74.194
363.46,157.25,46.045,75.667
365.54,152.91,45.231,75.117
369.21,148.9,46.903,72.434
378.84,151.43,49.637,70.977
373.42,146.12,50.469,69.11
375.02,141.81,50.58,66.909
378.12,143.85,50.842,64.529
380.01,144.85,50.657,62.866
382.04,145.77,50.152,62.692
383.97,144.72,48.455,63.86
385.9,144.26,47.247,64.969
386.57,143.14,46.338,65.722
387.54,141.41,45.785,65.957
387.37,140.97,46.769,64.501
386.54,140.83,47.373,63.578
386.43,140.07,47.858,63.079
386.69,139.65,48.348,62.577
387.36,139.45,48.599,62.016
387.64,138.69,49.023,61.536
387.9,138.28,49.368,61.027
387.96,137.66,49.662,60.514
388.52,136.54,49.948,60.454
388.92,134.72,50.141,60.905
388.24,132.47,50.649,61.128
387.35,129.61,51.189,61.551
386.81,127.49,51.305,62.1
385.95,125.07,51.647,62.542
384.79,123.53,51.868,62.582
384.14,121.88,51.834,62.337
383.87,120.88,51.995,62.105
383.82,120.37,51.862,61.884
384.33,119.81,51.78,61.342
385.97,119.89,51.45,60.905
388.25,119.35,51.414,60.491
390.97,118.98,51.314,60.07
394.97,118.85,51.175,59.764
401.45,117.47,52.635,58.737
403.94,117.59,53.316,57.418
409.26,116.21,52.865,57.83
414.06,114.47,52.544,58.079
418.03,113.32,52.221,57.719
421.67,112.54,52.045,57.709
424.54,110.83,51.731,57.324
433.43,102.78,55.168,60.27
439.53,74.073,58.646,62.972
431.27,95.917,58.002,63.826
432.51,94.341,57.116,66.927
435.02,85.546,56.171,68.132
438.1,81.27,55.467,68.969
440.79,77.384,53.282,71.161
443.2,72.113,51.715,72.568
445.68,67.332,50.523,73.476
448.5,62.029,49.746,73.985
450.42,58.977,49.164,74.441
451.6,56.286,48.803,74.719
452.69,53.179,48.374,74.948
453.68,51.77,47.804,75.14
453.89,51.06,47.52,76.445
454.61,47.247,47.604,76.979
455.13,45.641,49.239,74.718
457.09,42.587,48.72,74.857
459.37,45.215,48.141,75.395
461.96,48.651,48.359,75.201
463.53,53.029,50.465,73.828
464.14,22.454,54.932,73.15
462.29,34.842,59.259,72.02
465.88,63.057,63.095,70.737
471.8,78.968,64.765,72.278
479.02,94.072,66.295,74.196
486.27,125.21,69.089,75.911
492.72,144.39,71.035,77.775
499.36,157.29,72.712,78.689
506.17,166.54,73.808,79.839
508.37,166.4,75.063,80.544
515.14,167.39,76.157,81.012
517.89,162.01,75.856,82.193
516.98,147.2,76.869,83.65
514.41,136.8,77.89,83.987
514.52,130.76,77.37,85.777
513.35,115.74,76.557,87.278
512.99,107.07,76.39,89.658
512.59,94.047,75.856,89.57
511.77,88.045,75.104,89.781
511.04,79.538,74.316,90.473
509.11,71.496,73.652,89.854
507.73,66.466,72.861,88.519
503.99,62.62,72.968,86.815
502.4,56.641,72.048,85.566
497.92,52.16,71.433,84.249
494.17,50.386,70.592,82.176
490.86,51.678,70.115,80.506
488.26,52.263,69.8,79.151
484.8,52.397,69.81,78.011
478.38,54.317,69.406,77.521
471.92,53.692,69.549,77.18
463.94,53.534,69.58,77.004
456.5,51.679,69.825,76.956
450.52,52.257,70.299,77.17
444.15,53.349,70.324,76.778
438.17,54.127,70.153,76.268
432.74,56.502,70.175,75.85
428.67,59.49,70.007,75.048
423.29,61.917,69.579,74.687
414.19,61.83,68.847,74.527
406.5,63.455,68.818,73.465
397.59,64.792,69.23,73.261
387.11,66.789,69.516,73.414
378.2,70.306,69.772,73.08
368.51,72.843,70.17,73.063
358.85,76.631,70.488,73.004
348.66,81.009,70.769,72.8
339.27,86.338,71.019,72.478
331.32,92.948,71.074,72.134
325.09,99.898,71.13,71.778
319.07,108.1,71.286,71.483
313.66,117.4,71.358,71.419
311.17,128.17,71.692,71.557
310.01,138.93,72.383,71.606
310.3,148.17,72.918,72.063
311.85,158.99,73.307,72.362
317.06,173.61,72.22,72.371
321.61,183.5,71.313,72.407
329.89,198.35,71.822,72.732
334.36,211.52,72.216,73.677
337.52,223.32,72.842,74.449
343.78,236.8,72.546,73.96
348.83,248.98,72.182,74.083
356.14,255.83,72.518,74.209
357.16,269.47,73.038,74.136
357.7,276.26,73.335,74.314
357.78,281.72,73.742,73.749
358.15,287.32,73.419,72.162
355.37,288.81,73.191,71.083
350.42,287.37,73.081,71.189
347.47,287.93,72.733,71.242
344.6,288.27,73.127,70.838
343.72,287.16,73.401,70.491
343.18,279.37,71.938,69.915
352.54,272.25,72.399,69.757
352.1,266.11,75.701,66.672
355.44,266.87,79.353,64.206
351.14,266.3,83.445,62.935
352.72,258.36,87.133,61.543
348.67,258.08,90.401,61.397
345.36,249.28,92.73,61.266
281.4,216.13,91.148,65.608
276.88,201.15,89.349,70.009
272.31,186.42,86.996,73.743
269.1,171.59,83.928,76.501
267.4,156.94,80.631,78.316
268.08,142.9,77.632,79.248
269.94,134.12,75.66,81.031
270.26,117.96,73.589,81.231
271.76,102.73,72.077,80.59
275.22,87.542,71.305,79.953
279,79.762,70.938,80.47
283.32,63.525,69.774,80.495
287.75,47.414,69.041,79.58
292.26,38.373,68.594,80.283
297.72,28.753,67.98,81.407
304.78,12.772,66.96,80.349
312.2,4.6233,66.068,80.116
319.6,1.1936,65.427,78.031
330.27,0.17342,65.725,75.544
340.97,1.2328,66.029,72.742
345.85,-3.4279,66.297,70.305
357.22,-1.1758,66.517,68.042
369.22,0.90155,66.095,66.157
381.12,1.9596,65.592,65.073
392.57,2.0901,64.632,64.438
402.84,2.2448,63.542,63.975
412.12,1.7836,62.419,63.567
420.72,2.2258,61.61,63.282
429.26,3.5345,60.953,62.71
436.93,4.1938,60.929,62.318
443.52,4.0433,60.847,62.28
445.85,-3.25,61.402,59.632
454.76,-3.1835,61.831,57.45
461.96,-3.3324,62.212,56.211
468.87,-1.466,62.526,55.572
475.65,0.34071,63.044,55.801
480.57,4.3782,63.609,56.983
484.32,12.618,63.845,58.314
488.66,21.029,63.748,59.241
489.94,32.825,63.57,59.58
493.86,44.978,63.298,60.803
493.22,56.24,63.047,61.253
493.46,70.184,62.827,62.141
492.05,82.893,62.276,61.824
490.24,97.737,61.872,63.323
485.52,112.4,62.061,64.32
483.53,126.55,61.732,64.046
479.79,135.67,60.621,64.464
475.81,137.88,59.079,64.783
471.25,139.48,57.775,65.058
471.02,142.24,56.667,65.015
470.19,145.74,55.75,64.799
469.17,149.44,54.974,64.437
467.7,153.68,54.497,63.797
464.96,156.66,53.813,63.538
464.05,160.74,53.765,62.736
462.83,164.38,53.868,62.037
458.54,168.09,53.535,61.526
455.63,171.19,53.472,61.087
451.48,174.59,53.523,60.859
447.1,176.89,53.397,60.77
442.66,179.09,53.474,60.703
441.06,181.18,53.868,60.901
434.51,181.99,53.957,61.683
431.94,182.39,54.49,62.6
428.14,181.7,55.377,63.399
424.94,181.54,56.203,64.184
421.7,181.95,57.383,65.104
418.89,180.95,58.664,65.86
416.06,180.06,60.094,66.782
414.69,177.85,61.291,67.665
413.66,174.27,61.855,68.311
413.51,170.53,62.22,68.828
415.5,161.39,62.356,68.947
419.41,158.38,62.42,69.278
423.2,148.89,62.324,69.38
429.08,145.44,61.819,70.11
435.3,136.01,61.199,70.3
442.01,127.88,60.476,70.21
447.4,126.02,60.081,70.918
453.49,117.92,59.811,71.025
457.77,112,59.715,70.611
461.77,106.81,59.845,70.151
469.08,102.99,60.221,69.768
473.75,104.01,58.054,72.225
479.35,97.883,57.927,71.932
483.68,94.097,58.089,71.298
486.4,94.186,58.194,71.131
489.03,90.575,58.505,70.251
490.19,92.06,58.688,69.92
490.81,88.873,58.823,68.8
489.5,90.594,59.339,68.205
487.81,92.476,59.583,67.557
485.76,93.897,59.384,67.392
484.76,100.82,58.175,69.038
452.62,61.878,60.517,69.525
452.79,68.422,62.558,69.684
455.24,83.041,64.655,69.743
457.6,99.508,65.895,70.333
458.01,112.84,66.843,70.06
457.65,129.15,68.177,71.219
454.52,140.18,70.856,72.657
450.04,146.47,74.14,73.987
447.88,159.99,76.18,75.763
452.34,179.84,76.22,75.953
452.91,193.26,75.813,75.883
449.87,207.74,75.191,75.681
447.58,223.36,74.719,74.907
445.41,238.89,74.402,74.658
441.48,251.73,73.457,74.558
436.61,260.23,73.455,73.998
431.52,268.15,73.186,73.406
425.63,274.66,72.888,72.273
419.43,279.64,71.916,71.89
413.36,282.55,71.317,71.403
406.54,284.38,70.826,71.012
399.94,284.18,70.406,70.765
394.31,281.92,69.686,70.874
388.8,276.59,69.252,71.817
383.73,263.96,69.842,72.981
373.35,247.39,70.119,74.078
368.56,231.77,70.558,74.787
362.88,219.67,70.561,75.454
356.45,213.05,71.118,76.104
348.99,207.15,71.459,76.69
341.64,204.31,71.516,76.374
335.57,204.56,71.662,75.281
329.13,208.27,71.375,75.191
322.25,213.15,71.462,74.968
313.88,223.02,73.516,74.221
298.33,230.84,75.499,73.991
273.38,231.48,80.46,70.489
258.48,233.3,83.626,68.573
233.67,236.02,87.688,66.526
219.21,238.22,89.939,65.833
207.49,248.62,87.961,68.542
190.23,257.58,85.533,71.893
186.03,268.1,82.992,73.861
171.69,277.48,83.538,74.464
156.8,281.81,87.829,71.24
144.5,286.48,91.045,68.328
131.16,289.32,94.255,66.201
127.72,291.45,96.344,64.745
125.43,292.33,97.865,64.103
124.82,292.69,98.462,64.193
125.63,291.33,97.517,65.12
125.86,289.89,93.404,68.224
125.51,287.39,90.206,70.763
124.52,286.29,87.751,72.495
123.84,285.7,85.843,73.651
122.17,286.41,84.587,74.27
121.31,286.5,83.967,74.274
120.07,288.99,83.774,73.59
119.18,290.37,83.282,72.86
118.39,290.92,82.875,72.116
117.83,291.1,82.435,71.598
117.38,290.29,81.545,71.394
117.65,289.27,80.776,71.298
118.35,287.56,79.853,71.855
118.84,286.01,79.396,72.598
118.07,282.98,78.88,74.158
118.7,279.31,78.408,75.886
118.68,276.23,78.028,77.533
118.37,273.24,77.27,79.117
119.29,271.69,76.082,81.124
120.04,270.43,75.52,83.014
121.65,269.71,74.816,85.542
122.18,268.35,73.966,87.796
122.36,269.07,74.028,89.009
122.07,270,74.29,89.639
119.89,269.71,75.031,89.552
116.69,269.99,76.117,88.735
107.88,270.62,77.299,87.031
106.87,270.07,78.776,84.721
104.11,269.43,80.266,82.47
103.74,269.33,81.132,80.672
104.04,269.14,81.881,79.033
104.15,269.04,82.369,77.316
109.93,268.55,82.868,75.956
112.83,269.38,85.526,72.809
114.26,269.82,88.042,70.207
111.83,270.92,89.756,67.743
112.01,272.64,91.25,65.554
115.07,272.91,89.779,66.312
119.09,272.18,88.337,66.942
126.56,264.69,90.231,65.034
129.07,265.99,88.74,66.342
133.29,265.58,87.315,67.285
143.08,266.74,88.956,65.656
148.48,268.06,90.06,64.612
128.62,231.62,83.644,68.577
141.26,236.16,78.744,69.562
155.01,251.57,74.956,69.882
168.61,268.54,72.551,69.054
182.18,284,72.398,67.726
186.61,296.67,71.047,66.233
198.91,301.23,74.465,62.524
209.25,295.83,74.654,62.598
218.26,296.43,75.055,62.598
220.91,297.37,75.053,62.502
231.14,298.11,75.168,62.37
249.32,307.01,78.193,59.846
258.13,307.22,81.343,57.042
266.45,306.84,82.921,55.069
268.79,300.31,80.338,56.753
279.45,300.99,78.373,57.859
288.34,301.99,76.949,58.09
299.1,302.88,75.575,58.722
306.74,303.96,73.094,59.161
318.79,302.81,70.904,59.405
330.2,301.64,69.069,59.551
340.59,300.85,67.741,59.571
350.01,298.96,66.338,60.155
355.73,296.23,65.33,60.87
360.89,294.34,64.586,61.526
364.11,292.82,64.075,62.35
365.26,290.87,63.534,63.399
367.73,287.61,63.614,64.687
370.7,285.23,63.521,66.469
372.58,280.65,63.551,68.773
377.7,270.04,64.362,71.307
383.7,259.98,64.775,73.961
392.99,252.47,62.858,76.606
399.82,243.44,64.272,76.522
407.23,236.7,66.76,75.56
409.71,231.41,68.879,74.841
412.27,229.79,70.36,74.616
415.19,224.33,72.203,74.098
416.86,224.8,73.794,74.594
419.03,219.78,74.835,74.449
426.62,216.66,73.424,74.222
424.17,213.19,71.746,73.906
418.21,205.97,70.302,73.923
411.14,200.71,69.589,75.234
393.08,187.15,68.882,75.788
380.67,173.08,68.354,77.419
361.4,146.71,68.946,80.213
349.78,128.62,72.25,82.064
334.81,111.97,74.739,83.952
322.67,84.95,73.983,85.171
321.36,55.181,73.095,83.302
322.16,34.9,72.859,81.047
322.43,15.308,72.905,78.704
323.53,-1.4787,72.347,75.716
323.53,-4.594,72.277,71.487
322.49,-9.5415,73.421,66.31
324.93,-9.3376,74.092,64.05
323.59,-9.3145,74.379,63.363
322.07,-10.333,75.038,62.336
321.42,-10.837,75.645,61.257
321.5,-9.1264,76.017,59.147
320.41,-5.3005,75.763,55.666
320.93,-0.83746,74.446,54.256
320.29,9.1405,72.678,56.755
320.62,25.067,71.262,58.567
321.24,42.285,70.334,60.408
321.26,63.22,69.471,61.398
322.8,90.096,69.153,64.346
321.82,116.53,69.573,66.33
322.06,139.97,70.04,66.662
324.13,162.44,72.007,66.607
324.49,180.67,72.822,68.417
325.01,184.03,73.88,70.788
324.67,200.04,74.9,72.836
327.08,207.99,75.2,74.735
327.66,221.89,75.376,76.708
329.95,226.79,75.04,78.351
332.33,229.97,74.482,79.387
336.56,227.61,74.189,80.097
338.74,224.67,74.715,80.608
339.04,220.46,75.499,81.157
340.1,213.59,76.227,81.91
339.64,206.51,77.442,82.862
337.96,198.73,79.496,83.951
336.59,190.49,81.186,85.151
333.54,175.34,83.539,86.073
331.29,167.83,84.829,86.504
328.49,158.48,85.17,87.572
325.94,149.9,85.039,87.463
323.31,143.16,84.196,86.724
319.62,137.42,83.584,85.548
315.33,132.38,82.85,84.764
311.74,127.46,81.965,84.436
309.56,121.79,80.609,84.553
306.29,116.19,79.103,84.748
302.45,112.23,77.633,84.125
300.46,108.92,75.931,83.486
298.12,106.17,74.694,82.455
297.08,104.7,73.441,81.324
294.9,104.74,72.559,79.85
294.12,105.51,71.841,79.054
293.59,105.53,71.49,78.082
292.68,104.44,70.806,77.271
291.52,102.68,70.428,76.768
290.78,100.95,70.156,76.351
290.66,98.834,69.489,76.005
290.39,97.365,69.161,75.492
291.54,95.113,68.842,75.457
291.42,94.103,68.537,75.291
290.94,90.921,68.274,75.181
291.28,88.233,68.157,75.675
292.45,84.499,68.266,75.965
292.02,82.108,68.613,75.983
292.63,78.615,68.958,76.587
292.59,75.972,69.383,76.358
293.75,74.041,69.702,75.874
294.01,72.077,70.032,75.686
294.47,70.635,70.258,75.841
294.08,68.327,70.64,75.88
294.7,67.459,70.737,76.03
295.47,66.335,71.02,76.292
296.11,63.681,71.176,76.618
295.74,61.683,71.258,76.809
296.49,59.12,71.225,76.889
296.45,57.762,71.345,77.126
296.42,55.617,71.268,77.082
296.96,53.926,70.879,77.011
299.62,51.791,70.752,77.373
299.92,49.2,70.842,77.209
301.38,47.151,70.784,76.934
303.18,45.399,70.638,76.834
304.32,44.212,70.636,76.955
305.65,43.065,70.923,77.19
305.8,41.117,71.03,77.265
306.45,40.771,71.486,77.077
308.65,39.625,71.686,77.118
310.83,39.132,71.619,77.118
310.82,38.536,71.774,76.829
312.68,40.217,71.953,76.814
313.97,41.361,72.28,76.547
316.42,43.184,72.258,76.77
317.86,44.84,72.031,76.622
319.72,45.744,72.077,76.635
319.76,46.788,72.065,76.475
320.72,47.088,72.394,76.56
320.26,47.568,72.619,76.603
319.81,48.001,72.532,76.232
318.41,48.44,72.595,75.766
316.48,48.863,72.599,75.17
313.33,51.211,72.915,74.54
310.89,52.932,72.998,74.124
307.57,55.86,73.047,73.891
303.96,58.429,73.195,73.588
299.38,61.488,72.814,73.311
295.9,64.567,72.766,73.163
292.91,66.462,72.74,73.175
289.82,68.77,72.618,72.972
287.19,71.727,72.55,72.701
285.07,72.763,72.209,72.31
283.04,75.92,71.858,71.816
282.07,77.795,71.794,71.743
281.31,79.077,71.663,71.708
279.73,81.768,71.658,71.409
278.34,82.323,71.535,71.336
277.63,83.065,71.444,71.345
276.19,84.231,71.405,71.36
274.86,85.702,71.357,71.699
272.94,86.927,71.378,72.158
271.96,87.759,71.095,72.289
270.5,89.189,70.834,72.276
269.25,90.738,70.963,72.228
268.71,92.723,70.954,72.098
267.83,94.206,70.874,72.076
268.13,96.636,70.7,71.865
267.65,96.882,70.325,71.711
267.5,97.478,70.309,71.507
267.73,98.426,70.26,71.241
268.39,98.215,69.788,71.473
267.96,99.619,69.54,71.372
267.8,99.765,69.41,71.475
267.73,98.608,69.288,71.332
268.94,99.775,69.396,70.779
269.99,101.41,69.268,70.558
272.07,101.45,69.046,70.644
274.43,103.63,68.96,70.719
277.11,104.86,68.954,70.907
279.1,104.92,68.553,70.755
280.83,105.12,68.673,70.589
282.82,106.02,68.49,70.34
285.49,106.79,68.032,70.324
287.73,107.72,67.858,70.331
289.13,107.1,67.569,70.382
291.69,107.49,67.185,70.32
293.68,106.95,67.194,70.354
295.78,105.42,66.903,70.407
297.03,104.86,66.623,70.419
298.58,104.54,66.606,70.417
299.08,103.19,66.392,70.207
299.66,102.64,66.178,70.035
300.28,102.01,66.155,69.871
302.08,99.918,65.885,69.847
302.08,98.883,65.776,69.595
303.5,99.184,65.781,69.291
303.72,97.527,65.824,69.285
303.61,97.292,65.948,69.395
304.85,96.744,66.198,69.213
305.89,95.22,66.143,69.048
305.82,94.53,66.089,69.248
306.66,93.669,66.273,69.351
306.62,92.141,66.302,69.404
306.87,91.113,66.583,69.496
306.93,89.232,66.868,69.518
306.89,88.7,66.87,69.369
306.42,88.158,66.928,69.538
306.83,89.213,67.056,69.558
306.05,88.989,67.385,69.47
305.75,88.961,67.462,69.211
305.05,90.717,67.811,68.94
304.74,93.524,67.851,68.824
304.5,96.752,67.92,68.549
304.18,100.07,68.162,68.35
303.86,104.67,68.189,68.226
303.64,109.53,67.974,68.617
302,113.96,68.246,68.438
301.15,116.06,68.535,68.458
302.62,119.42,68.192,68.684
301.76,122.52,67.936,69.016
301.43,127.23,68.014,69.455
301.76,131.39,67.805,70.024
302.47,136.4,67.979,70.084
304.59,144.11,68.395,69.647
303.66,151.32,68.677,69.926
301.32,159.41,68.735,69.881
298.98,169.12,68.767,69.463
294.76,177.73,68.859,69.186
289.19,183.05,69.415,69.146
282.29,189.98,70.171,68.993
274.34,198.9,70.255,68.969
266.39,210.12,69.867,70.506
257.84,221.98,70.084,71.519
246.1,231.9,70.255,72.354
235.52,234.79,70.821,72.775
231.67,237.87,71.86,72.932
228.05,242.26,72.813,73.622
223.78,250.36,73.805,74.317
220.86,256.92,74.527,75.209
219.74,252.97,76.06,76.397
220.23,251.92,77.173,77.164
225.25,250.96,78.567,78.254
226.49,247.79,79.578,79.985
232.77,236.57,80.745,81.722
239.64,223.72,81.292,83.69
247.82,210.58,81.877,84.787
253.28,196.63,81.454,85.916
253.81,180.15,78.035,89.948
256.56,164.37,76.244,92.597
257.16,136.8,77.173,91.719
258.09,132.82,78.231,90.976
258.92,135.48,79.582,90.431
257.54,131.75,81.255,89.99
257.88,133.5,82.702,89.438
256.08,129.48,83.929,89.372
255.4,131.96,85.41,89.794
245.05,124.38,84.349,90.229
233.94,117.54,80.336,91.62
233.31,118.1,76.128,93.058
232.63,116.18,72.416,94.725
231.07,115.24,69.574,95.742
228.85,114.53,67.359,95.995
225.87,110.27,65.788,95.336
224.09,112.52,64.389,94.848
220.73,111.88,63.169,94.446
217.33,111.04,62.29,94.161
213.8,106.59,63.483,91.342
204.86,108.09,61.62,91.922
197.56,105.19,59.589,91.955
197.8,101.63,58.316,91.207
192.61,98.323,57.021,89.75
203.25,100.32,60.127,87.102
209.95,106.08,65.792,82.665
197,102.46,66.659,81.614
193.48,100.4,67.47,80.302
191.85,103.9,68.499,79.063
188.89,100.15,69.279,77.729
179.36,96.156,68.531,76.586
178.87,98.903,67.855,75.613
176.47,96.279,66.107,73.923
175.88,98.794,64.454,72.582
177.04,99.887,63.23,72.107
177.54,101.57,62.209,72.203
178.35,99.073,61.393,71.98
180.25,101.67,59.093,73.732
185.08,102.04,56.937,76.126
189.61,101.55,55.296,77.869
194.46,101.5,53.984,79.252
199.53,100.45,52.672,80.539
208.46,101.1,52.782,80.682
212.66,101.63,52.048,81.049
218.3,101.7,51.245,81.583
226.85,103.4,51.636,80.989
231.7,104.8,50.921,80.701
240.94,107.21,51.134,80.013
248.39,109.77,51.09,79.733
255.34,107.21,53.042,76.979
262.99,111.41,54.464,74.916
270.96,114.64,55.213,73.788
280.13,117.89,54.159,74.618
286.42,113.63,54.631,72.726
291.54,116.67,52.991,73.806
299.01,112.2,53.799,71.49
306.7,113.75,53.011,71.008
310.06,114.85,51.802,71.716
314.3,115.17,50.666,73.572
318.92,115.6,49.905,75.8
322.85,115.62,49.525,77.752
326.81,114.4,49.226,80.019
330.49,113.12,49.325,82.226
333.64,112.43,49.53,83.949
336.33,111.98,49.853,85.28
339.27,111.18,50.1,86.689
341.53,111.61,50.465,87.44
344.25,111.7,50.701,88.097
345.65,112.57,51.184,88.403
346.61,113.26,51.577,88.639
347.87,113.75,51.745,88.777
348.66,114.54,51.976,89.16
348.96,116.27,52.124,89.344
348.57,117.12,52.281,89.586
348.48,118.14,52.398,89.85
347.36,119.14,52.566,90.092
346.66,120.25,52.634,90.482
345.45,122.04,52.84,90.749
344.4,123.5,53.036,90.825
342.7,125.32,53.081,90.898
340.2,127.18,53.014,90.566
338.11,130.61,52.888,90.307
335.06,132.9,52.649,90.195
332.44,136.24,52.613,89.713
325.79,138.84,52.746,89.455
322.88,140.92,53.342,89.324
316.29,142.91,53.784,88.749
311.28,144.08,54.043,88.186
311.91,145.11,54.852,87.174
311.48,146.91,55.79,86.159
310.64,148.89,56.093,85.264
309.52,150.95,57.927,82.774
308.95,152.9,59.215,80.757
308.02,153.93,60.176,79.268
308.15,154.17,60.89,78.001
308.01,154.07,61.226,76.605
307.64,154.54,61.339,75.44
307.11,154.52,61.231,74.482
307.01,154.83,61.222,73.561
306.25,154.82,61.259,72.791
305,154.76,61.179,71.81
303.73,154.47,60.985,71.146
303.48,155.36,60.727,70.69
302.7,155.92,60.535,70.248
301.69,156.01,60.476,70.011
300.11,156.25,60.587,69.803
298.5,156.42,60.986,70.279
296.63,156.28,61.434,70.764
295.2,155.55,61.839,71.544
292.98,151.17,61.644,71.351
293.46,151.86,60.946,72.109
293.3,147.94,60.559,71.696
294.99,149.65,59.772,71.822
295.63,146.57,59.367,71.108
296.75,148.98,57.22,73.482
295.99,145.04,57.295,72.338
295.83,147.71,55.716,74.256
293.99,144.32,56.055,72.786
292.92,146.98,54.54,74.283
292.04,147.56,53.275,76.16
290.69,146.38,52.343,78.077
289.32,144.97,51.744,80.121
287.98,139.48,51.292,81.507
287.03,135.34,50.936,82.173
287.44,133.97,50.882,83.715
287.34,127.98,50.887,84.427
286.66,123.31,51.034,84.23
285.97,123.08,51.233,85.116
285.64,117.72,51.411,84.588
285.44,113.98,51.643,83.281
284.57,114.54,51.61,83.665
284.08,114.25,51.573,84.156
282.6,113.01,51.808,84.407
281.7,110.8,52.047,84.197
280.73,109.1,52.283,83.379
279.32,106.68,52.431,82.367
277.08,104.97,52.607,81.347
275.75,101.46,52.602,79.935
273.12,102.24,52.452,79.633
267.2,101.44,51.651,80.42
262.27,101.7,50.962,81.463
260.37,98.636,50.987,80.565
253.08,100.41,50.76,80.957
246.54,100.89,50.76,81.945
239.59,96.986,50.869,81.369
231.43,97.628,51.139,81.894
224.54,93.367,51.324,80.597
218.05,93.583,51.219,80.892
211.8,93.05,51.149,81.255
206.12,89.299,52.959,77.698
199.6,91.427,52.256,77.724
195.62,87.945,53.41,75.146
190.79,89.884,54.541,73.335
183.87,90.772,55.058,72.32
181.44,91.711,55.972,71.443
176.62,91.25,56.002,71.32
175.16,87.057,56.504,70.196
173.27,88.225,56.922,69.417
171.55,84.354,57.13,68.487
170.3,86.116,57.407,68.027
168.46,86.959,57.657,67.684
167.77,88.028,57.728,67.712
166.8,88.956,57.767,67.787
166.34,89.169,57.699,67.755
166.4,89.081,57.562,68.004
167.43,88.823,57.248,68.162
169.08,88.632,56.876,67.667
171.15,87.954,56.351,67.137
172.26,87.499,56.148,66.202
177.5,87.847,56.127,65.04
178.24,88.377,55.826,64.006
184,89.002,55.688,63.324
189.77,89.767,55.302,62.905
196,91.232,54.964,62.431
202.24,92.501,54.339,62.035
208.5,93.728,53.534,61.882
215.13,95.138,52.709,61.492
223.32,96.801,51.876,60.998
229.97,98.432,51.561,60.534
237.59,100.63,51.331,60.317
245.17,102.89,51.369,60.168
253.5,105.29,51.049,60.154
261.17,107.82,51.026,60.126
269.38,110.08,51.06,60.127
276.72,112.03,51.159,60.187
285.03,113.38,51.223,60.267
291.42,114.2,51.344,60.394
297.27,111.03,51.433,60.29
303.2,112.1,51.418,60.431
308.61,108.79,51.453,60.214
313.03,110.6,51.804,59.944
318.44,110.96,51.955,59.889
322.26,111.52,52.318,59.843
326.39,112.11,52.569,60.234
329.1,108.49,51.934,60.622
332.01,111.01,51.453,60.995
337.02,112.68,51.538,61.094
338.76,113.49,51.57,61.588
339.88,113.9,51.782,61.796
342.32,114.11,51.965,62.111
343,114.63,52.309,62.411
343.1,115.17,52.706,62.964
343.71,115.86,53.197,63.531
343.83,116.41,53.63,63.981
343.97,116.94,53.999,64.263
343.32,117.59,54.225,64.527
342.84,118.49,54.531,64.629
342.45,119.64,54.83,64.806
341.56,120.4,55.194,64.856
339.9,121.7,55.332,64.966
337.32,123.71,55.334,65.155
335.07,125.3,55.175,64.917
329.45,126.73,54.608,65.042
329.13,129.71,52.731,66.76
326.75,131.55,51.354,67.907
323.67,132.3,50.387,68.482
317.51,133.44,49.288,69.09
314.65,134.91,48.764,68.596
309.29,136.36,47.827,68.661
307.43,137.42,47.462,68.397
302.9,135.7,48.347,66.13
299.3,138.48,49.157,64.499
296.77,140.49,49.81,63.443
293.47,142.13,50.366,62.622
291.26,143.69,50.55,61.976
289.6,141.28,50.632,61.374
288.11,143.81,50.727,60.911
287.67,144.88,49.365,62.78
287.41,145.71,48.264,64.813
286.48,145.69,47.587,66.917
285.77,146.01,47.075,68.863
284.17,145.81,47.123,70.876
283.53,145.65,47.299,72.324
280.46,142.91,49.049,70.252
278.19,145.09,50.324,69.218
276.15,142.15,51.451,67.496
275.06,144.78,52.13,66.273
274.07,141.57,52.603,64.937
274.32,143.8,52.848,64.278
275.04,144.8,52.734,64.138
276.77,145.59,51.025,66.472
279.29,145,49.591,69.074
281.2,140.5,48.544,70.036
283.64,140.27,47.771,71.545
284.34,139.28,47.561,72.466
285.56,138.57,47.368,73.914
286.27,134.76,47.249,73.422
287.11,135.99,47.049,74.214
288.36,136.26,46.936,75.271
289.68,136.48,46.993,76.237
289.38,132.66,47.195,75.507
290.31,133.86,47.23,76.099
291.9,134.48,47.425,76.584
292.14,131.08,47.572,75.875
294.62,131.96,47.512,76.426
297.2,132.2,47.473,77.076
300.46,128.78,47.323,76.223
304.37,128.72,46.834,77.024
308.96,124.99,46.298,76.095
318.45,125.2,46.472,76.823
325.87,124.55,46.961,77.627
329.25,119.15,46.617,77.209
336.69,119.06,46.924,77.67
340.64,117.65,46.786,78.844
344.87,112.04,46.795,78.642
351.63,112.81,47.386,79.058
354.72,112.24,47.376,80.276
357.74,111.53,47.407,81.446
360.21,110.93,47.601,82.318
362.18,110.28,47.877,82.957
363.26,110.45,48.42,83.449
364.34,107.72,49.015,82.202
364.94,109.66,49.487,82.147
364.92,110.26,49.965,82.511
364.91,107.28,50.333,81.018
363.67,109.25,50.675,80.731
362.97,109.4,50.808,80.962
362.37,109.28,51.035,81.622
360.37,109.37,51.273,81.986
355,105.97,51.203,81.025
353.81,107.96,51.41,80.852
348.03,108.29,51.179,81.472
342.47,105.2,51.142,80.232
337.28,106.82,50.913,80.453
331.92,103.78,50.821,79.326
326.5,106.12,50.685,79.313
320.5,107.3,50.61,79.693
314.49,104.11,50.571,78.938
308.37,106.52,50.398,78.917
302.27,107.8,50.192,79.791
295.24,104,50.141,79.159
288.31,105.93,49.881,79.401
281.07,106.79,49.738,79.967
273.56,103.89,49.633,78.84
266.79,105.33,49.443,79.124
260.26,106.36,49.373,79.375
254.38,107.23,49.518,79.799
248.62,106.93,49.617,80.14
243.38,107.46,49.768,80.221
237.61,108.25,50.141,80.133
231.86,108.91,50.307,80.141
226.78,110.18,50.491,80.285
224.5,106.91,52.538,77.151
221.67,109.94,54.184,74.841
219.12,111.78,55.494,73.404
216.91,113.21,56.429,72.303
214.02,114.39,57.289,71.386
212.29,115.05,58.006,70.732
210.91,116.39,58.494,70.352
210.1,117.11,58.731,70.137
210.47,117.02,58.672,70.001
211.44,117.11,58.569,70.049
213.12,117.32,58.534,70.367
215.14,116.57,58.476,70.828
216.9,116.59,58.394,70.988
220.38,116.31,58.19,71.044
224.28,116.13,57.733,70.957
227.68,116.37,57.311,70.75
232.79,116.77,54.857,72.913
237.81,116.23,52.712,74.674
243.87,112.35,52.692,72.6
252.48,114.83,53.585,70.512
259,117.24,54.192,68.753
265.49,117.58,54.437,66.989
271.84,118.46,54.558,65.412
278.03,119.81,54.614,64.064
283.51,121.19,54.544,63.092
266.79,154.73,57.709,63.391
267.89,154.86,60.339,63.819
272.47,151.91,62.988,65.022
275.44,137.51,65.22,69.277
273.71,122.02,67.151,71.962
270.8,96.356,67.595,72.466
268.19,78.914,68.203,72.886
266.29,67.209,68.798,74.339
263.95,54.969,70.02,74.493
262.65,44.163,70.979,73.653
259.87,36.95,71.567,72.228
257.97,32.977,71.494,70.609
255.91,32.237,71.282,68.984
254.25,35.146,70.984,67.418
253.32,41.441,70.478,66.437
251.72,48.627,70.299,65.8
249.96,59.841,70.15,65.028
248.73,75.98,69.801,65.685
248.28,92.192,69.504,66.876
248.41,105.26,69.46,66.815
248.08,116.16,69.506,66.58
248.12,126.64,69.443,66.595
248.42,131.85,69.59,67.226
247.32,135.57,69.711,67.359
244.44,138.4,69.977,67.497
241,138.9,69.837,67.521
237.75,139.89,69.653,67.865
233.71,140.48,69.696,67.963
230.84,141.47,69.532,68.012
228.85,141.88,69.429,68.135
226.1,142.08,69.411,68.396
223.17,142.2,69.182,68.55
220.64,143.35,68.91,68.587
218.24,143.48,68.993,68.651
216.25,143.99,68.99,68.669
214.23,145.61,68.974,68.934
212.2,147.27,69.122,68.829
211.1,149,69.192,68.952
208.32,152.46,69.422,69.043
206.8,156.34,69.533,69.217
204.56,159.27,69.458,69.327
203.38,162.26,69.441,69.592
201.56,166.37,69.855,69.893
201.49,170.87,69.86,70.083
200.32,173.96,69.926,70.534
199.36,176.6,70.225,70.913
199.24,179.45,70.178,71.362
199.62,181.55,69.763,71.9
200.7,183.06,69.69,72.48
200.24,184.34,69.705,72.98
199.9,184.93,69.899,73.215
200.53,183.92,69.492,73.593
201.78,182.72,69.144,73.844
202.03,180.35,68.902,74.316
202.07,179.03,68.966,74.86
202.63,176.93,69.112,75.052
204.47,174.01,69.259,75.222
204.49,170.57,69.347,75.353
204.57,167.3,69.619,75.545
205.47,164.04,69.756,75.687
206.14,162.14,70.072,75.902
206.45,159.12,70.336,76.181
206.81,155.77,70.585,76.692
207.38,153.39,70.862,76.632
209.97,154.28,71.836,76.369
214.53,153.48,72.295,76.181
218.92,151.01,72.517,76.627
221.35,147.77,73.787,76.775
219.86,144.12,76.237,77.653
217.4,140.5,78.306,78.363
212.84,138.04,79.875,79.395
208.76,138.21,80.869,79.766
207.66,138.15,80.63,79.979
210.6,137.6,79.677,80.575
215.38,135.29,78.117,80.204
219.19,132.43,77.299,80.439
222.55,127.1,76.593,80.779
224.05,118.12,76.814,81.111
217.14,97.488,77.352,82.618
214.73,93.193,79.363,83.086
213.35,96.37,81.446,81.379
213.13,101.57,81.965,80.382
215.3,106.93,81.081,79.892
217.43,114.8,79.472,79.962
218.74,125.93,77.936,79.569
218.78,139.26,76.834,78.74
219.33,156.7,75.949,78.937
220.22,176.39,75.6,78.521
219.13,194.81,75.23,77.357
217.68,204.88,74.509,76.143
219.09,212.6,73.127,75.638
222.26,219.64,72.25,75.481
227.55,227.2,71.994,74.858
231.57,237.25,71.931,74.823
235.8,249.16,72.521,74.372
241.68,263.6,72.762,74.025
246.45,276.35,72.922,74.279
252.6,287.01,72.922,73.953
258.27,288.59,73.195,73.054
268.15,287.67,74.441,72.656
272.28,286.4,75.189,73.166
277.33,285.57,74.288,74.166
278.91,284.66,73.871,74.778
278.34,284.6,75.358,75.082
269.97,283.31,76.919,75.289
266.52,284.73,78.561,75.134
261.05,286.74,79.904,74.396
255.95,288.45,79.666,73.48
251.33,289.52,78.302,72.716
247.51,290.14,76.184,72.062
244.4,286.54,74.345,72.355
242.72,281.08,73.287,73.998
242.56,271.73,72.816,76.64
243.36,256.3,71.723,80.408
244.31,232.88,70.709,82.907
248.82,210.36,69.591,84.628
256.65,188.08,69.35,85.519
266.24,172.2,68.994,84.707
275.47,153.83,70.38,81.57
284.24,144.97,72.385,78.188
291.18,141.31,72.564,76.319
300.31,137.18,71.59,74.981
308.45,134.62,70.717,73.567
318.59,135.69,70.106,72.213
327.05,139.48,69.679,71.511
336.96,146.22,68.963,70.778
344.22,150.68,69.584,70.58
348.64,154.78,70.728,71.63
351.27,157.33,70.392,73.375
347.49,149.34,67.47,74.128
351.82,150.73,63.716,76.322
360.58,150.12,60.727,78.063
365.59,148.19,58.235,79.181
373.79,149.26,56.636,79.898
381.95,149.53,55.461,80.756
386.01,147.65,54.195,81.132
394.29,148,53.454,82.308
401.43,145.9,52.788,82.584
404.72,143.74,52.198,82.527
408.94,141.88,51.64,82.051
413.25,140.91,51.066,81.449
417.71,139.64,50.35,80.705
421.41,140.77,49.983,80.8
424.53,138.33,49.769,79.613
426.82,139.66,49.483,79.458
428.64,140.64,49.182,79.34
431.03,140.75,48.799,79.811
432.29,140.52,48.663,80.318
432.78,139.61,48.533,80.598
433.08,138.99,48.558,81.081
431.78,137.83,48.774,81.61
429.45,137.02,49.059,82.063
426.74,133.75,49.343,80.752
422.1,135.06,48.962,80.848
417.4,132.4,48.704,79.343
414.68,134.38,49.255,79.014
408.64,131.27,49.22,77.211
402.84,132.28,48.735,77.51
397.49,128.04,48.391,76.436
392.08,128.81,48.143,76.819
386.78,124.91,47.952,75.869
381.6,125.87,47.584,76.648
377.02,125.17,47.451,77.442
372.48,124.88,47.396,78.12
370.16,121.68,47.946,76.784
366.89,122.66,48.432,77.502
361.85,118.82,48.292,76.624
360.09,120.11,48.698,76.903
357.79,116.83,49.008,76.159
355.39,118.55,49.304,76.522
353.77,118.48,49.739,77.336
352.46,117.91,50.199,78.273
351.71,116.67,50.575,79.55
352.25,115.72,50.804,80.372
351.99,115,51.23,81.284
352.93,114.17,51.501,82.074
353.77,113.2,51.77,82.813
354.91,112.31,51.781,83.518
357.11,111.37,51.743,84.23
358.83,111.57,51.801,85.096
361.04,110.39,51.946,85.632
363.4,109.52,52.035,86.023
366.33,108.62,52.018,85.99
369.65,108.55,51.932,85.947
372.21,108.05,52.007,85.773
375.4,108.99,51.965,85.625
378.49,109.29,51.914,85.785
381.85,109.25,51.849,85.986
385.05,109.95,51.851,85.921
387.95,110.55,51.94,85.749
391.16,110.75,51.942,85.508
393.24,108.03,52.148,83.268
