82,166,331,148
77.825,166.59,331.4,146.76
74.294,166.23,331.77,146.55
71.883,166.7,331.29,146.18
69.26,166.74,331.19,146.15
68.883,167.73,332.67,146.21
73.448,166.91,333.04,146.38
75.274,167.38,332.97,146
75.028,169.41,331.33,144.87
75.115,170.26,330.43,144.56
75.807,170.37,329.98,144.2
75.954,171.81,329.77,143.61
74.947,172.54,330.97,143.16
75.286,173.1,332.12,143
77.215,172.79,333.06,143.17
78.608,173.2,334.61,143.74
81.341,173.55,335.24,144.08
84.603,173.73,335.41,143.72
87.643,173.89,335.75,143.64
90.625,174.8,335.96,143.19
93.754,175.48,335.44,142.91
97.491,175.79,334.61,142.95
101.83,176.16,332.8,143.11
108.21,176.31,331.58,143.58
113.84,176.26,329.46,143.78
120.05,176.16,326.72,143.85
125.68,176.13,324.54,143.95
132.52,176.89,320.64,143.6
140.8,176.59,316.25,143.54
148.53,177.9,311.52,143.08
156.56,178.47,306.45,142.53
155.54,181.77,303.46,139.31
158.99,183.12,300.75,137.04
161.06,184.27,298.06,135.53
164.85,185.2,297.01,134.29
167.51,184.62,295.78,134.1
166.71,185.64,294.41,133.3
166.93,186.48,292.67,132.83
169.09,186.62,291.67,132.4
170.09,187.21,291.6,132.35
170.32,186.76,291.91,132.29
170.36,186.24,291.84,132.53
171.42,185.35,290.97,133.08
172.44,184.76,290.71,133.8
174.48,184.22,291.03,134.36
174.83,183.25,292.26,135.06
176.77,182.43,294.32,135.97
178.07,182.36,296.41,136.58
180.32,181.84,297.82,137.22
183,181.21,298.77,137.9
184.28,180.15,300.2,138.29
186.65,178.44,301.21,139.62
189.1,177.02,302.97,140.72
193.02,175.4,304.37,142.06
197.33,173.46,305.74,143.93
200.74,170.54,306.07,146.45
203.97,168.77,306.09,148.64
206.79,167.32,305.98,150.64
209.24,166.21,305.01,152.3
209.46,166.34,302.22,152.87
208.63,167.12,299.67,152.91
208.6,167.32,297.5,152.94
208.87,168.66,295.9,152.24
210.76,170.11,294.86,151.39
214.16,171.09,294.17,150.53
218.23,172.2,293.04,149.46
221.33,173.02,292.23,148.16
228.32,167.09,285.27,152.33
233.2,164.13,280.5,155.64
236.67,163.77,276.73,158.1
239.06,163.9,274.37,158.59
240.33,164.21,273.14,158.46
240.45,163.67,272.56,158.42
241.54,163.19,272.01,158.4
240.53,163.59,270.94,158.27
241.72,164.42,270.52,157.34
243.34,165.19,269.7,156.74
245.24,165.92,268.2,156.44
249.53,167.08,267.79,156.24
251.58,167.89,268.19,156.45
252.26,168.06,268.66,157.13
251.12,167.31,268.66,158.36
249.84,166.71,269.24,159.39
248.23,166.9,270.18,159.73
249.03,168.74,270.21,158.56
251.23,170.46,269.19,156.74
251.82,172.51,268.31,154.94
252.46,174.6,267.63,153.04
252.13,174.94,265.63,151.88
254.04,173.94,263.33,151.46
254.85,172.8,261.89,151.6
255.77,171.86,261.2,151.87
258.31,171.46,260.66,152.55
257.05,170.24,259.32,152.91
259.12,169.74,257.15,154.19
262.55,169.79,254.19,156.08
264.25,169.57,251.61,157.02
267.66,169.64,248.61,158.63
270.41,169.84,245.49,158.84
271.77,171.74,243.28,159.4
274.83,170.14,242.45,160.04
273.33,172.64,244.76,158.36
276.81,174.36,243.65,157.7
279.1,176.53,243.65,156.74
279.89,176.75,243.38,155.79
281.42,175.28,242.78,155.3
282.8,176.19,244.53,154.52
283.29,175.42,244.95,153.76
284.66,175.19,246.31,152.96
284.94,175.23,247.65,152.65
284.39,175.2,248.99,152.21
280.08,176.89,254.47,149.06
278.21,179.72,258.32,146.4
277.92,181.62,260.75,144.28
277.8,181.52,262.82,142.58
277.14,181.62,265,141.74
275.77,180.52,267.07,141.52
275.34,179.83,268.98,141.33
275.58,178.74,271.54,141.69
275.04,178.4,273.78,141.69
275.98,177.43,275.82,142.4
275.36,175.2,277.88,144.15
274.57,174.54,280.72,145.83
273.01,173.73,283.34,147.09
272.64,172.75,285.78,148.2
272.78,171.47,288.33,149.17
270.86,169.66,291.06,150
269.13,169.98,293.52,150.16
268.32,170.43,293.89,150.18
268.26,170.78,293.81,150.2
266.09,171.02,294.01,150.42
265,172.03,294.76,150.48
264.55,171.4,295.57,151.29
265.71,170.57,296.26,151.79
264.61,170.45,296.51,151.86
264.39,168.31,295.63,152.37
263.85,167.92,295.33,152.71
264.47,168.26,294.45,153.09
263.87,168.68,293.95,152.99
264.68,169.74,293.36,152.47
264.27,169.78,291.65,152.84
262.12,170.37,290.85,152.63
260.25,171.55,289.69,152.13
256.11,173.1,289.65,151.77
253.62,174.08,290.66,151.09
251.5,174.79,291.79,150.44
249.48,175.13,293.87,149.62
247.17,177.02,296.25,148.33
245.44,179.24,298.31,146.84
246.39,183.38,299.64,144.54
248.04,186.67,301.04,142.55
250.3,188.13,300.92,141.35
251.87,188.51,301.03,140.28
252.79,188.75,301.26,139.15
252.33,190.15,302.15,137.9
252.69,190.29,301.98,136.67
251.67,191,302.05,135.99
250.91,191.47,301.14,135.85
251.5,189.85,299.58,135.82
249.04,191.15,300.67,134.51
248.25,189.74,301.43,133.61
248.74,188.21,301.6,133.55
247.77,187.56,300.27,133.53
248.54,187.04,298.37,133.46
249.01,186.34,296.73,133.38
248.54,186.71,295.9,133.55
249.2,188.55,295.42,133.44
250.72,189.61,295.86,133.28
252.9,190.96,295.86,132.73
253.65,192.85,296.64,131.63
255.77,194.01,297.26,130.76
255.3,195.27,297.87,130.13
256.37,196.26,298,129.7
257.42,196.67,297.18,129.48
257.89,197.55,296.75,128.87
259.32,198.7,296.1,128.22
262.53,198.51,294.81,127.72
262.94,199.17,292.75,127.04
264.19,199.26,291.52,126.62
266.4,198.74,290.05,126.82
267.14,198.97,289.02,126.91
267.03,199.59,288.33,127.09
268.47,198.76,287.65,127.55
268.64,198.61,286.33,127.99
269.64,198.09,285.08,127.91
272.16,198.4,284.16,127.33
273.76,199.15,283.49,126.69
274.7,200.08,282.31,125.88
274.79,200.03,281.74,125.26
274.99,201.5,281.59,125.08
275.14,201.36,281.59,124.95
276.83,200.73,281.67,125.14
279.94,199.54,282.93,124.94
281.8,200.48,283.54,124.5
283.54,200.83,283.85,123.71
283.73,201.33,283.92,123.26
289.06,199.83,283.11,123.98
291.11,199.38,282.55,124.12
292.12,199.25,282.08,123.63
292.47,198.62,281.04,123.49
293.75,198.73,279.69,123.76
288.73,198.15,278.47,122.57
288.55,199.44,277.76,121.8
288.39,198.33,275.62,121.47
288.32,196.19,273.37,121.55
287.71,196.99,271.95,121.76
287.81,195.51,269.93,122.18
287.01,194.77,270.06,122.37
285.7,195.13,272.04,122.54
285.02,194.96,274.01,122.34
289.63,193.94,273.73,123.45
291.02,193.08,273.39,123.69
290.93,193.63,273.4,123.56
289.58,194.53,274.28,123.08
287.84,194.38,274.95,122.33
286.9,193.49,275.46,122.09
286.58,192.87,277.2,122.1
286.54,192.5,277.1,122.93
280.38,190.96,278.22,122.98
277.13,188.34,278.74,123.81
276.32,186.9,278.92,125.52
275.85,183.83,279.41,127.27
276.79,183.16,279.9,127.66
276.13,182.99,280.69,127.92
275.18,181.04,280.58,128.78
274.9,178.57,279.98,129.06
273.63,178.8,280.41,129.12
273.69,178.49,280.27,129.36
274.45,178.85,279.97,129.13
274.17,179.02,279.42,129.05
274.2,178.56,278.96,128.97
274.82,179.03,279.1,128.45
276.83,178.73,278.07,128.43
278.17,178.61,276.7,129
277.97,178.04,274.52,129.45
277.91,178.72,273.33,129.27
278.12,179.63,272.98,129.05
278.97,178.87,273.63,128.8
279.16,179.29,274.39,128.47
279.92,179.77,275.37,127.99
280.55,180.44,275.42,128.16
280.92,180.13,275.39,128.77
280.88,178.02,273.96,129.44
280.77,177.21,273.84,129.39
279.73,177.61,274.36,129.71
280.82,177.21,274.68,129.89
282.44,176.83,276.14,130.39
282.34,176.64,278.38,130.88
281.94,176.09,280.08,131.29
281.58,177.44,282.06,131.07
281.36,178.31,283.17,130.98
281.05,178.64,282.92,130.44
281.3,180.09,283.45,129.8
280.95,179.96,283.61,129.37
281.15,180.66,283.44,128.92
281.42,181.64,283.07,128.22
281.25,181.48,282.41,127.99
280.85,183.11,282.3,127.7
279.25,183.19,282.11,127.74
278.82,182.52,282.05,127.88
279.18,182.45,281.32,127.94
278.92,182.37,279.74,127.77
278.46,182.29,278.28,127.84
277.93,183.21,276.5,127.29
279.2,182.89,274.13,126.94
279.29,182.8,272.94,126.66
278.97,183.42,272.92,126.42
278.53,184.05,272.39,126.28
279.17,184.98,271.66,126.01
280.32,185.7,270.56,125.57
280.28,184.88,269.82,125.44
280.99,184.9,270.08,125.19
281.83,184.21,270.77,125.06
283.25,183.15,271.64,124.88
283.36,182.92,272.8,125.06
283.36,182.62,274.01,124.99
284.1,181.98,274.77,125.19
283.99,180.99,275.3,125.49
282.97,180.74,275.69,125.77
283.97,180.57,276.52,126.1
283.03,181.12,276.51,126.29
282.84,180.58,275.33,126.65
282.62,180.57,273.51,126.98
283.22,179.26,272.74,127.25
282.15,180.34,272.87,127.97
281.78,178.61,272.81,128.14
280.84,178.55,274.34,128.56
279.37,178.2,275.31,129.11
277.4,178.01,277.32,129.23
276.13,177.21,278.92,129.31
275.02,178.81,279.86,128.93
276.64,179.03,279.87,128.01
277.77,178.97,279.61,127.1
277.9,178.64,279.61,126.9
276.94,175.32,280,127.67
275.98,173.97,281.57,128.4
274.3,172.59,281.9,129.27
272.55,171.37,282.88,130.16
271.56,170.47,283.5,130.68
269.27,170.78,285.61,130.46
267.18,172.93,286.37,129.23
265.89,174.48,286.26,127.65
263.3,174.8,286.18,126.7
262.52,174.46,285.55,126.57
258.92,174.19,286.01,126.52
258.64,174.34,285.76,126.33
259.34,174.74,285.15,125.88
259.1,174.56,285.06,125.79
258.6,174.93,284.71,125.82
257.32,175.49,284.06,125.75
255.8,176.44,284.46,125.98
256.72,176.2,284.39,126.12
258.3,176.02,283.39,126.02
258.19,176.13,282.13,125.68
257.58,177.81,281.66,124.54
260.32,178.09,281.56,123.39
262.29,179.29,281.34,122.38
261.97,180.23,281.21,122.18
263.27,179.58,281.66,121.86
263.69,178.59,281.59,122.05
265.15,177.66,280.75,122.81
261.09,178.26,279.84,122.87
259.52,176.94,279.88,123.36
257.95,177.21,279.72,123.68
254.88,175.43,280.3,124.3
254,174.18,280.78,125.29
254.4,173.19,280.93,126.74
254.47,174.12,282.41,126.99
251.34,175.16,283.54,127.27
249.72,176.54,282.84,126.78
250.47,176.45,280.03,126.82
252.82,176.18,277.28,126.91
252.87,174.79,275.73,127.18
255.1,175.76,273.64,127.44
255.33,176.53,272.62,127.21
254.11,177.23,273.27,127.1
254.95,178.32,273.81,126.77
255.1,178.67,273.56,126.58
261.76,177.04,269.48,128.42
263.32,176.82,267.1,129.17
264.01,177.62,264.95,129.88
266.68,179.61,261.95,128.99
267.33,179.62,259.84,128.12
267.14,179.43,258.57,128.06
267.36,180.5,257.1,127.99
267.72,180,256.9,128.42
267.96,179.15,256.1,129.39
268.3,178.9,255.6,130.3
268.23,179.13,256.28,130.93
268.92,178.78,256.6,130
267.56,181.51,256.06,129.64
264.6,183.03,257.33,128.94
260.23,185.35,260.02,127.84
256.95,185.35,261.9,127.1
254.27,186.12,264.68,125.72
253.44,186.23,266.03,124.95
252.55,186.74,266.17,124.15
250.4,188.16,267.47,123.61
249.46,187.71,268.25,123.46
248.32,185.91,267.17,124.31
251.08,184.16,267.05,124.79
253.76,183.44,265.68,125.49
249.62,184.04,266.86,124.72
249.14,185.07,268.58,123.94
251.14,185.1,270.38,123.18
252.71,184.37,270.66,123.13
252.33,183.54,271.84,123.84
250.43,183.24,272.12,124.06
251.38,184.36,273.33,124.24
251.06,184.28,273.79,124.46
251.07,182.59,274.49,125.11
250.65,181.19,274,125.77
250.33,181.07,274.09,126.6
252.75,180.05,275.08,126.71
256.25,180.03,276.72,126.75
258.54,180.95,277.36,126.14
261.33,182.44,278.63,124.81
267.38,183.4,278.46,125.62
270.44,187.59,280.37,124.39
271.14,189.94,283.46,123.52
272.52,190.6,287.21,122.06
276.73,191.12,291.36,121.26
277.96,192.06,294.8,120.66
276.81,192.65,298.27,120.53
275.31,193.46,301.29,120.44
273.32,192.27,304.52,120.01
270.27,191.3,308.37,120.3
269.03,190.7,312.03,120.42
268.58,188.91,314.71,120.82
271.31,189.49,316.29,120.77
272.65,188.19,316.52,121.19
274.89,187.96,316.27,120.96
275.49,188.02,315.86,120.98
277.4,187.17,315.84,120.66
276.24,188.21,316.76,120.16
276.76,188.59,317.29,119.55
276.19,188.36,316.7,118.62
275.35,188.4,315.82,117.17
276.73,189.51,314.51,116.01
280.38,188.74,311.54,115.02
283.78,190.33,308.9,114.58
283.23,191.83,308.61,113.97
283.98,191.73,307.84,113.69
285.35,191.2,307.03,113.62
286.39,190.37,306.51,113.93
286.32,191.07,305.77,113.95
286.26,189.99,305.09,114.12
286.37,190.41,304.69,113.88
286.41,190.64,304.5,113.72
287.68,190.67,303.45,113.59
288.78,191.05,302.64,113.35
288.6,190.25,301.13,112.88
289.24,191.03,299.78,112.58
289.92,190.9,298.4,112.63
290.6,191.1,297.34,112.45
291.77,191.29,296.04,112.26
293.7,191.67,294.88,112.04
294.52,191.24,293.84,111.89
295.8,190.79,292.71,111.69
296.09,191.08,292.13,111.67
294.91,192.21,292.18,111.52
295.14,192.52,291.77,111.27
295.65,192.68,291.28,110.9
296.82,193.14,290.78,110.5
297.73,193.65,290.2,110.23
298.26,193.17,289.57,109.9
298.69,193.54,288.9,109.41
299.47,194.18,288.57,109.16
300.63,194.29,287.92,108.86
300.73,194.41,287.64,108.59
300.63,194.57,287.59,108.25
301.24,194.67,287.11,108.2
301.44,194.55,287.06,108.2
302.46,194.45,286.6,108.13
303.86,194.32,285.89,108.14
305.68,194.74,284.67,108.22
308.48,194.66,282.98,108.57
310.07,195.08,281.42,108.79
312.26,194.57,279.4,109.36
314.45,193.04,277.38,109.95
315.23,192.47,276.43,111.19
315.39,190.69,275.39,112.44
315.71,190.05,274.41,113.71
315.91,188.12,273.95,115.43
317.44,185,273.79,117.11
318.92,182.34,273.82,118.98
318,180.61,274.07,120.5
318.95,178.44,273.99,121.99
319.12,178.1,273.37,123.06
317.87,177.55,273.8,124.09
315.66,177.15,273.67,125.05
314.5,176.2,273.67,126.21
312.63,175.93,273.68,127.4
311.48,175.77,273.61,128.57
309.11,175.01,274.77,129.59
308.59,174.37,276.63,130.93
305.11,174.31,279.17,131.91
302.12,173.8,283.21,132.87
301.39,171.44,285.72,134.83
297.75,169.89,287.34,136.85
291.08,169.37,287.21,138.26
284.36,168.8,285.63,139.33
273.9,170.06,286.03,137.71
266.47,171.65,284.61,136.48
262.37,172.64,282.03,135.5
259.17,171.74,279.91,135.12
257.99,171.83,277.81,134.69
257.41,171.1,275.12,134.37
258.06,170.93,272.51,134.36
258.8,170.96,270.65,134.56
260.38,171,268.5,134.22
262.98,170.59,266.2,134.04
264.98,170.48,263.34,133.77
266.43,170.8,261.05,133.58
268.94,169.96,258.78,133.67
269.7,169.92,256.46,133.3
271.02,169.17,254.28,133
272.84,169.42,252.27,132.82
275.42,169.64,250.76,132.41
277.4,169.87,249.49,132.02
278.76,169.44,248.25,131.85
280.82,168.91,247.64,131.6
282.14,169.28,247.42,131.38
283.15,169.1,247.21,131.18
283.7,168.29,246.97,131.2
285.76,167.69,247,131.38
286.53,167.69,246.5,131.52
286.49,167.13,246.18,131.5
287.36,167.72,245.53,131.45
287,166.88,245.27,131.38
287.53,166.78,245.28,131.31
287.86,167.15,244.89,131.3
287.71,166.35,244.51,131.1
288.17,167.05,244.18,130.76
287.4,166.26,243.72,130.57
287.55,165.8,242.65,130.29
287.42,166.16,241.83,129.83
286.61,165.36,241.47,129.59
286.67,165.47,240.89,128.96
286.61,165.34,240.28,128.59
288.35,165.47,240.52,128.19
290.21,164.96,240.12,128.15
291.68,164.14,240.09,128.44
292.61,163.74,239.52,128.67
295.95,162.97,238.48,128.34
300.31,161.36,235.86,128.06
304.41,160.35,233.11,128.23
307.47,159.08,230.12,128.13
309.79,157.72,227.9,127.86
314.53,152.04,221.73,133.73
319.91,148.44,216.1,137.46
324.14,145.6,211.81,139.94
327.79,142.33,207.85,142.02
329.61,140.23,204.47,144.83
332.21,138.92,202.22,146.3
334.58,136.66,200.46,147.63
335.57,135.69,198.76,149.41
336.55,133.62,196.91,151.18
338.06,133.88,194.78,150.94
340.64,127.81,188.73,153.8
342.86,124.97,183.52,156.01
345.7,121.65,178.62,158.46
348.8,119.77,174.44,160.46
350.71,117.99,170.79,162.24
352.96,116.59,167.61,163.63
353.89,116.81,165.54,164.06
355.7,117.14,164.2,163.71
357.63,117.34,163.64,163.25
357.65,118.81,163.57,162.4
358.66,117.64,163.93,162.14
359.29,116.22,163.95,162.27
360.24,117.35,164.63,161.86
360.51,118.07,165.59,161
360.25,118.04,166.33,160.65
361.93,119.22,167.61,160
361.46,119.89,168.65,158.95
361.46,120.89,169.8,158.05
360.92,122.58,170.55,157.28
360.41,122.92,170.98,156.68
361.04,123.67,171.02,156.04
359.31,124.26,170.49,155.71
359.38,125.64,169.59,155.3
358.51,126.01,168.56,155.46
357.35,126.47,167.07,156.07
357.51,125.52,165.8,157.2
357.52,126.62,165.15,157.23
357.68,128.61,164.61,157
359.16,128.32,164.03,156.99
359.37,129.66,163.99,156.32
360.47,130.45,163.64,155.98
360.89,130.61,163.33,156.08
361.29,129.72,162.98,156.5
361.97,130.04,162.76,156.83
363.12,130.36,162.7,157.12
363.5,131.95,162.49,156.65
361.72,131.57,162.78,156.13
360.01,131.2,163.78,155.75
357.03,131.32,165.9,155.2
351.91,132.61,169.05,154.57
346.29,132.96,172.8,154.73
341.38,133.97,176.99,154.64
335.8,134.25,181.7,154.81
331.39,134.6,186.94,155.23
328.55,134.79,191.48,155.6
324.43,134.8,195.79,155.91
321.39,135.36,199.24,155.74
318.1,135.49,202.7,155.95
315.85,135.86,205.94,155.98
311.68,135.7,209.3,156.06
308.76,135.85,212.41,156.02
306.74,136.36,214.84,155.94
304.1,135.82,217.27,155.85
301.97,135.42,219.28,156.01
299.4,135.61,221.29,156.54
298.22,135.57,223.3,157.02
296.4,135.14,225.57,157.34
293.38,135.56,227.96,157.81
292.14,135.47,230.13,158.57
291.13,135.02,232.13,159.13
289.73,135.7,233.79,159.44
289.39,135.5,235.51,159.81
287.75,135.91,236.78,160.17
288.18,136.14,237.82,160.48
288.49,136.05,238.06,160.79
288.89,137.55,238.1,160.46
292.39,138.55,238.09,160.14
294.36,138.64,236.7,159.95
298.05,139.01,234.15,159.48
301.2,139.8,231.38,158.86
303.03,140.35,228.85,158.33
304.03,141.41,226.74,157.64
303.94,142.68,225.52,156.74
303.34,142.79,224.88,156.35
301.73,143.83,225.06,156
299.12,144.29,226.06,155.5
297.25,144.84,226.93,154.87
297.45,145.46,227.72,154.76
297.95,145.61,228.28,154.79
297.57,145.03,228.7,154.63
298.77,145.19,229.21,154.75
299.66,144.89,229.29,154.62
298.79,145.51,229.6,154.39
297.49,143.84,229.96,154.42
298.47,143.27,230.25,154.32
299.99,142.41,229.87,154.54
302.11,141.71,228.97,154.87
303.27,141.41,228.19,154.69
306.55,139.99,227.08,154.49
308.44,139.47,225.88,154.1
309.84,137.86,224.37,153.72
310.43,137.3,223.3,153.22
311.52,136.16,222.35,153.12
311.43,135.15,221.38,152.64
312.46,134.9,219.97,152.29
314.26,133.66,219.06,152.01
316.28,133.96,217.75,151.85
317.22,132.82,216.98,151.63
317.84,131.88,216.13,151.47
318.08,131.63,215.49,150.71
319.27,132.86,214.67,150.27
319.46,131.78,213.89,149.64
320.68,132.4,212.91,149
320.5,133.58,212.34,149.35
321.4,133.5,212.45,149.48
321.38,132.67,212.66,149.44
321.07,133.5,212.73,149.47
321.37,133.68,212.98,149.37
320.85,134.76,213.64,149.7
320.84,134.24,214.43,149.59
320.49,134.74,214.67,149.68
320.86,135.65,214.24,149.25
321.57,136.9,213.51,148.97
323.55,137.59,212.68,148.15
325.14,138.46,211.43,147.6
326.56,137.94,210.21,147.32
325.01,140.49,211.55,146.44
326.24,142.15,211.41,145.14
327.2,141.84,211.11,144.46
328.1,142.55,210.94,144.07
329.33,142.23,210.85,144.16
329.24,142.2,211,144.38
329.47,142.46,210.92,144.22
329.51,142.04,210.96,144.34
329.61,141.65,211.11,144.44
328.96,141.44,211.43,144.68
329.17,140.95,211.5,145.25
329.45,140.4,211.76,145.5
329.58,140.13,211.96,145.97
329.76,139.96,212.27,146.41
329.31,140.43,212.6,146.98
328.7,140.73,213.03,147.09
329.43,140.61,213.06,147.54
329.41,141.43,213.18,147.82
329.29,141.44,213.35,147.84
329.88,142.03,213.53,147.64
329.53,142.67,213.92,147.55
330.1,142.99,213.86,147.23
330.13,143.18,214.09,147
330.5,143.46,214.01,146.61
330.46,143.51,213.76,146.59
331.25,144.41,213.67,146.7
329.57,144.81,214.31,146.68
328.22,144.6,215.18,146.66
326.89,145.15,216.31,146.38
325.5,145.52,217.35,146.15
323.74,145.4,218.3,146.25
322.71,145.92,219.21,146.05
321.52,146.52,220.22,145.89
320.13,147.04,221.32,145.77
319,146.82,222.62,145.65
318.63,146.44,223.48,145.33
317.79,145.92,223.99,145.19
316.98,145.61,224.09,145.11
317.15,145.9,223.7,145.42
316.19,144.84,223.76,145.99
315.59,143.85,223.74,147.1
314.25,143.34,224.21,148.04
313.59,142.93,224.54,148.55
312.41,143.1,225.15,149.14
311.54,143.27,226.11,149.36
311.21,143.73,226.93,149.12
309.76,144.18,227.28,148.92
309.26,145.29,228.71,148.14
309.97,145.93,230,147.65
310.01,146.54,231.61,147.6
309.99,147.25,232.87,147.54
310.99,147.1,234.42,147.7
311.17,147.87,235.43,147.68
311.56,148.35,236.54,147.34
311.89,147.66,237.54,147.32
311.3,147.86,237.86,147.54
312.61,147.49,237.51,147.59
313.43,147.47,236.61,147.69
314.96,148.1,235.64,147.36
315.87,148.54,235.08,146.9
317.17,149.23,234.33,146.42
319.6,150.45,232.56,145.39
322.56,151.38,229.98,144.31
325.69,152.31,227.13,143.3
329.63,153.02,223.78,142.49
332.29,154.21,220.77,141.39
336.11,154.99,217.5,140.25
339.07,154.83,214.34,139.18
341.95,155.18,211.22,138.31
343.93,155.22,208.07,137.71
345.13,155.26,205.28,137.31
345.89,155.7,203.9,136.98
346.41,155.85,202.96,136.88
346.33,155.7,203.04,137.06
346.9,155.14,202.81,137.25
347.82,155.8,202.89,137.42
348.01,156.06,203.57,137.42
348.1,155.47,204.34,137.65
348.38,155.96,205.26,137.66
347.57,155.4,206.99,137.84
347.76,156.2,208.65,137.54
347.69,155.77,210.26,137.59
347.57,155.26,211.76,137.51
347.97,155.49,213.12,137.12
347.54,156.11,214.37,136.68
346.68,157.09,215.85,136.27
346.67,157.47,217.35,136.08
346.59,158.58,218.4,135.83
345.94,159.48,219.71,135.63
344.98,159.67,220.9,135.58
343.73,161.06,221.65,135.04
342.07,161.44,222.02,134.57
340.22,161.01,222.77,134.41
339.29,160.97,223.13,134.29
338.52,161.02,223.52,133.89
337.34,160.67,223.31,133.87
336.13,160.06,222.3,134.1
335.2,158.99,220.89,134.33
336.27,157.98,218.72,134.51
337.91,157.03,216.39,134.7
339.31,156.64,215.4,134.8
340.88,156.31,216.4,134.69
342.44,156.59,219.15,134.58
344.28,156.06,223.04,134.76
343.32,156.2,227.89,134.9
341.94,155.21,230.94,135.42
340.49,154.32,234.23,135.78
338.97,153.02,236.73,136.33
337.49,152.56,238.9,136.83
334.91,152.48,240.81,137.11
332.91,152.02,241.76,137.33
331.55,152.02,242.43,137.6
330.99,151.93,242.88,137.64
330.74,151.98,242.52,137.41
331.78,152.75,241.66,136.55
334.48,152.89,240.72,135.67
337.03,154.88,239.79,135.14
339.36,156.47,237.71,134.76
340.67,156.28,236.72,134.57
340.44,156.37,235.46,134.69
339.63,156.86,235.32,134.39
339.77,157.11,236.25,134.01
340.87,155.76,237.3,134.37
342.67,154.82,237.95,135.41
344.95,152.76,238.94,136.95
344.76,150.65,239.07,138.85
345.6,149.57,240.03,139.33
346.19,150.46,241.85,139.08
346.22,151.58,244.6,137.7
346.17,154.06,249.09,135.6
346.06,157.53,253.39,132.58
344.8,159.73,255.95,129.88
342.98,163.25,257.52,127.01
342.25,165.34,258.69,124.85
343.25,167.18,259.12,123.06
344.23,167.92,258.14,121.83
342.84,169.29,256.93,120.83
342.2,170.95,256.79,119.52
342.32,171.17,256.2,118.06
342.48,171.58,256.5,117.42
342.2,171.07,256.67,117.29
341.16,171.08,257.41,117.57
339.64,171.53,258.29,117.54
334.64,171.37,260.2,117.46
331.36,171.37,262.54,117.1
329.18,171.92,264.42,116.93
326.64,172.54,266.22,116.62
324.72,173.07,268.35,115.91
321.99,172.36,271.08,114.73
319.63,172.42,273.31,114.43
318.82,172.74,274.78,114.26
317.74,172.87,275.74,114.12
316.86,173.06,275.77,113.76
316.55,172.28,274.89,113.46
315.39,171.76,274.14,113.73
315.28,171.35,273.83,114.23
315.2,171.53,273.66,114.43
315.19,170.3,272.54,114.77
315.1,169.47,270.99,115.47
316.52,168.1,269.89,116.5
318.59,166.78,268.57,117.57
319.14,165.86,268.34,118.32
319.28,165.34,269.01,118.67
319.88,166.14,270.07,118.7
321.08,166.32,271.61,118.32
322.08,166.78,272.49,117.89
321.29,167.56,273.77,117.54
320.18,167.54,274.62,117.37
318.61,167.65,276.46,117.62
316.6,167.33,277.96,117.8
315.38,166.16,278.65,118.13
313.97,165.82,279.81,118.22
313.29,165.55,280.8,118.36
312.53,164.7,282.13,118.74
312.24,163.53,283.23,119.21
311.01,162.93,283.37,119.86
310.16,160.29,283.61,120.88
308.77,158.09,283.75,122.22
308.16,156.06,283.83,124.01
303.83,155.53,287.87,123.93
302.51,154.17,290.95,124.59
300.33,152.73,292.61,125.52
298.14,151.71,294.32,126.43
296.28,149.85,296.18,127.79
295.12,147.29,297.94,129.29
295.06,145.32,299.11,130.64
294.66,143.77,300.77,131.93
293.74,143.17,301.58,132.84
293.42,142.4,302.7,133.68
293.07,142.07,304.46,134.25
292.3,141.59,305.77,134.64
291.9,141.31,306.94,134.85
290.51,141.68,308.14,134.72
289.62,141.52,308.75,134.46
288.57,141.86,309.72,134.08
286.63,142,310.89,133.57
286.25,142.94,311.46,132.91
286.27,142.98,311.62,132.23
286.85,143.59,311.54,131.39
287.08,144.27,311.29,130.92
288.14,144.24,310.81,130.66
289.32,144.62,309.98,130.68
290.42,144.95,309.27,130.82
291.53,145.12,308.62,130.69
292.53,144.28,307.91,130.77
293.73,144.4,307.7,130.7
294.24,145.16,307.82,130.86
295.76,144.71,307.08,131.08
297.23,144.8,306.82,131.28
297.78,145.61,306.73,131.23
297.24,145.48,306.6,131.49
297.16,145.85,307.31,131.28
298.19,146.92,307.96,130.98
298.2,146.14,308.99,131.07
297.37,145.1,310.05,131.07
295.87,145.15,311.94,131.21
294.43,144.04,312.8,131.77
293.64,143.93,314.11,132.02
291.86,143.52,314.95,132.15
292.78,142.97,315.34,132.03
293.09,144.01,316.14,131.8
292.9,144.66,316.18,131.79
294.35,144.05,316.19,131.5
294.72,144.88,315.74,131
296.05,145.29,314.9,130.57
296.86,145.98,314.14,130.43
298.88,148.28,312.5,130.01
301.41,148.73,310.35,129.94
303.1,149.07,309.38,130.01
305.1,149.33,308.46,129.89
305.86,149.29,307.04,129.89
306.45,150.15,305.75,129.57
304.7,150.38,306.11,129.52
302.66,150.56,306.52,129.25
299.63,151.17,308.28,129
295.73,151.99,309.48,128.64
293.64,153.23,310.15,127.92
292.5,153.17,310.42,127.21
290.23,153.6,310.18,127.03
289.18,153.19,310.38,127.04
289.45,153.67,310.53,126.82
291.6,154.31,309.96,126.87
294.47,152.1,310.06,127.66
294.26,151.65,308.13,128.69
293.51,149.8,306.32,129.74
291.24,147.11,305.44,130.89
290.38,146.12,304.99,131.77
291.11,144.99,303.94,132.77
291.55,143.85,303.02,134.31
291.25,143.19,301.51,135.22
291.59,143.17,299.5,135.51
291.46,144.15,297.84,135.2
291.41,144.52,296.09,134.53
292.53,143.37,293.96,134.4
292.27,142.84,292.53,134.22
291.8,142.26,291.42,134.47
289.57,141.2,291.03,135.05
289.12,141.23,292.44,134.64
291.24,141.18,293.22,134.7
294.54,142.32,293.43,134.66
295.73,143.26,293.25,134.57
295.56,146.15,291.41,133.72
295.34,150.91,291.1,131.81
298.11,151.59,288.88,133.22
297.47,152.85,288.43,133.87
297.88,155.64,289.6,133.25
296.28,157.06,291.52,131.74
294.63,158.81,294.66,130.4
292.62,159.52,298.3,129.51
290.96,158.03,299.66,129.43
289.08,157.79,300.19,129.93
289.36,156.72,300.28,129.95
291.32,155.45,299.99,130.52
292.07,154.33,299.92,131.28
292.52,152.43,298.75,132.86
294,152.57,297.29,133.83
292.71,152.25,296.8,134.51
291.43,152.08,296.99,134.5
291.84,152.53,297.07,134.77
291.45,153.18,297,134.66
291.01,153.17,297.62,134.08
289.84,154.78,298.93,133.51
288.41,155.02,300.37,132.82
286.44,156.23,300.47,132.03
287.45,155.75,300.17,131.12
287.61,157.09,299.8,130.22
286.51,158.83,298.87,128.41
286.18,159.59,297.9,127.6
286.48,160.67,297.88,126.78
287.73,161.52,297.02,125.46
288.01,161.08,295.39,125.1
289.4,161.2,293.89,124.91
289.35,162.54,293,125.07
291.07,162.33,293.35,124.96
291.41,161.69,291.88,125.15
291.74,161.2,292.57,125.18
293.04,161.26,292.91,125.42
293.81,161.76,293.19,125.3
293.33,163.84,293.29,124.53
292.34,164.13,293.63,123.22
291.12,164.71,294.61,122.48
291.06,164.35,294.99,122.15
289.95,164.78,295.99,121.92
287.48,163.81,296.65,121.76
286.37,163.77,298.17,121.87
286.18,163.08,300.8,122.05
282.73,163.35,302.86,122.39
279.41,162.84,303.97,122.49
277.27,159.98,305.67,123.6
271.29,160.37,308.94,124.59
270.54,158.87,308.63,125.63
267.29,157.91,309.79,127.12
264.79,157.11,310.25,128.28
282.42,155.55,307.7,130.05
272.61,157.47,309.19,129.54
263.49,160.23,308.71,127.68
255.93,159.68,309.81,126.38
297.04,157.44,303.55,127.66
291.67,154.63,298.15,129.4
262.65,147.79,299.97,132.89
256,109.19,290.63,148.57
254.07,99.93,281.83,161.18
264.37,96.522,275.4,169.41
275.12,99.634,270.35,174.35
282.49,104.37,265.88,177.28
289.46,108.21,260.89,178.5
296.23,108.18,256.73,179.74
302.22,107.56,253.05,180.21
309.61,109.74,249.34,179.95
317.71,111.28,247.67,179.52
322.06,113.22,245.66,178.19
329.15,115.45,245.66,176.29
335,117.83,246.58,174.63
337.05,118.43,247.6,173.92
337.52,119.83,248.45,172.9
340.78,119.61,248.33,172.28
343.83,122.17,248.11,170.76
346.04,123.9,248.25,169.64
346.77,125.41,247.04,169.1
344.31,127.41,247.33,168.29
342.33,128.28,249.37,166.72
339.44,129.63,251.98,165.03
339.08,131.3,254.13,163.42
336.07,131.35,260.69,162.14
332.13,136.65,270.66,159.68
325.52,139.31,280.3,157.66
322.29,140.55,286.91,155.99
322.5,141.22,291.27,154.26
325.6,142.38,292.47,152.63
328.67,143.55,291.6,151.14
334.27,144.42,288.44,149.79
337.88,145.83,285.41,148.76
340.92,145.89,282.36,148.06
345.7,146.01,278.81,147.07
349.07,146.13,276.26,146.51
351.46,146.69,274.39,145.97
353.65,146.88,270.95,145.05
355.42,146.68,267.82,144.75
357.19,147.09,265.18,144.99
358.2,146.7,261.24,145.02
360.04,149.33,257.56,144.12
364.27,149.92,254.64,143.56
369.51,150.37,250.74,143.27
373.77,149.98,247.48,142.9
375.53,149.95,244.05,142.94
377.86,149.99,240.53,142.59
379.6,150.14,237.77,142.76
379.85,149.49,235.43,142.93
379.83,150.26,233.64,143.47
379.16,151.16,232.19,143.56
379.14,150.97,231.66,143.2
378.48,150.18,231.6,142.78
379.42,149.88,230.88,142.89
378.37,149.68,230.63,143.05
376.98,149.41,230.4,142.96
374.81,149.26,231.45,142.48
373.67,149.24,232.03,141.91
373.35,149.7,231.94,141.86
373.66,149.86,232.02,141.68
375.22,149.43,231.05,141.85
376.39,148.77,230.25,142.16
376.41,148.18,229.5,142.53
378.13,147.53,228.54,143.17
380.41,147.16,227.88,143.49
379.82,147.24,227.74,143.74
378.7,146.56,227.67,144.31
378.99,144.96,227.58,144.87
379.93,144.1,226.84,145.08
379.41,143.2,226.39,145.88
377.4,143.41,227.48,146.34
375.33,143.15,228.76,147.41
375.11,141.87,229.4,149.13
373.31,141.53,230.29,149.84
370.25,141.28,230.36,150.16
368.27,139.27,231.95,151.89
366.99,139,234.81,153.2
366.79,138.63,236.89,153.73
368.2,137.73,238.02,154.49
369.82,137.65,238.36,154.78
370.69,137.51,239.09,154.75
371.57,137.67,238.6,154.6
371.64,137.57,238.43,154.37
372.29,138.6,238.22,154.08
373.08,138.19,237.94,153.89
372.05,138.2,237.61,153.22
372.59,139.17,237.62,152.67
374.57,139.33,237.51,151.9
377.43,139.24,236.61,151.86
378.92,138.73,236.24,152.29
378.29,138.52,235.69,152.52
377.81,138.82,235.3,152.64
378.06,138.61,235.07,152.87
377.04,138.16,234.88,153.19
375.57,137.63,235.61,153.8
373.98,137.42,236.87,154.3
372.41,135.86,237.76,154.73
369.74,136.55,239.28,154.99
366.74,136.56,240.75,155.09
364.56,136.36,241.23,155.03
363.06,136.72,241.71,154.89
361.61,137.14,242.29,154.95
360.49,136.05,242.84,155.64
360.74,127.16,240.02,160.45
362.44,122.58,237.15,164.81
364.76,119.32,235.63,168.3
366.25,116.28,233.41,171.41
367.64,112.89,232.67,174.39
368.16,110.36,233.11,176.95
370.29,108.95,233.1,178.26
372.59,106.57,232.63,179.44
376.72,107.35,231.43,179.53
381.37,107.93,229.2,179.42
387.73,109.49,226.54,179.26
392.94,110.67,223.82,179.31
397.86,111.58,221.03,178.47
403.58,114.56,219.69,177.21
405.87,116.29,218.31,175.4
408.5,118.24,217.69,173.11
407.97,118.89,217.57,170.96
406.73,116.83,216.59,171.32
405.05,113.98,215.4,172.8
404.68,110.19,215.71,174.55
403.35,107.13,216.6,176.87
402.06,103.65,217.71,179.3
400.54,99.095,219.5,182.57
400.37,98.107,221.72,184.99
398.75,96.354,224.89,186.73
397.01,96.829,226.78,187.96
394.58,100.1,228.49,186.34
390.47,104.03,230.67,184.31
387.78,106.42,234.85,182.92
386.88,109.07,238.64,182.25
384.09,110.19,241.83,181.51
373.61,116.28,248.44,178.04
365.07,119.13,254.85,176.16
356.83,120.7,259.72,173.86
348.47,123.65,263.71,171.28
292.43,128.3,254.81,166.52
285.41,133.18,245.64,161.93
279.5,137.51,238.51,158.36
272.43,140.78,230.25,155.6
265.88,144.84,221.53,153.06
262.66,147.78,214.37,150.5
258.86,150.12,210.47,147.82
257.16,154.13,206.2,144.22
257.69,155.02,202.62,141.51
255.84,156.52,199.99,139.25
252.48,157.41,198.04,137.64
243.28,158.97,199.9,136.59
236.06,159.78,202.06,134.79
228,160.42,205.5,133.82
222.85,160.06,209.1,132.86
216.57,160.39,213.27,132.08
211.92,159.82,217.16,132.22
206.87,158.73,220.62,132.74
202.43,157.69,223.92,133.29
199.23,157.89,227.15,133.57
195.37,158.6,230.39,133.73
190.64,159.69,233.89,133.46
190.51,160.76,237.37,132.12
187.97,165.23,240.79,130.41
183.14,172.53,246.65,126.31
181.28,177.13,251.41,122.05
179.19,180.65,255.63,118.25
174.74,185.06,260.19,114.61
174.09,186.75,263.24,111.49
172.4,188.48,265.24,108.84
171.39,189.49,267.64,106.81
169.71,190.25,270.2,105.24
169.91,190.14,272.4,103.82
170.41,190.05,273.56,102.9
172.3,191.11,273.95,101.92
173.62,191.45,273.43,101.36
175.05,191.3,271.87,100.89
175.36,192.19,270.6,100.91
177.08,191.12,268.91,100.91
176.86,189.94,267.7,101.8
174.97,189.86,270.37,101.65
175.76,188.83,269.64,102.65
176.93,187.45,270.24,103.75
179.15,187.07,269.96,104.6
180.09,186.51,269.8,104.83
181.61,186.35,268.7,105.46
180.75,186.13,267.84,105.65
180.97,186.31,267.04,105.99
181.94,186.22,266.37,105.88
180.79,185.72,265.81,105.72
181.32,186.24,265.36,105.74
180.27,185.57,265.33,105.94
181.81,185.6,265.65,106.51
181.35,186.02,265.94,106.74
181.51,186.04,267.83,106.36
181.48,185.65,269.65,106.1
182.02,185.84,271.3,105.94
182.85,185.86,272.75,105.83
183.83,186.2,274.28,105.62
184.49,186.11,275.55,105.48
185.63,187.28,276.4,105.5
186.71,187.16,276.47,105
188.7,187.24,276.13,104.8
188.93,186.93,275.09,104.53
191.3,187.91,274.18,104.7
192.92,187.98,273.01,104.66
196.19,187.64,271.95,104.55
198.35,187.63,270.29,104.16
199.01,187.31,270.25,103.98
200.95,188.29,268.42,103.51
199.39,187.96,269.83,103.19
199.83,188.91,272.15,103.08
201.8,189.49,274.56,103.09
202.22,188.92,277.04,102.78
201.63,189.19,281.02,102.74
201.11,189.48,285.64,102.31
199.57,189.34,289.86,101.91
197.72,190.16,293.53,101.34
196.74,190.68,297.38,101.08
197.07,191.8,300.1,100.93
197.31,191.44,302.04,100.82
198.31,191.38,302.53,100.67
199.2,191,302.29,100.68
200.01,190.74,302.98,100.81
201.5,189.93,303.82,101.05
201.25,189.62,303.56,100.98
200.23,189.06,302.7,100.9
199,188.96,300.68,100.65
193.27,190.07,301.94,99.759
192.95,190.66,300.23,99.503
190.7,192.01,299.14,99.1
188.53,192.84,298.29,98.579
186.83,194.22,297.12,97.79
186.77,195.91,296.5,97.131
186.71,197.01,295.71,96.823
185.67,196.46,294.39,96.451
183.45,196.39,291.67,96.188
184.02,197.14,288.75,95.754
184.44,197.12,286.2,95.377
185.04,197.76,282.94,95.132
185.56,198.02,280.21,94.888
186.47,197.64,278.67,94.793
185.49,197.43,278.18,94.693
186.46,197.99,278.26,94.277
186.85,197.71,277.72,94.022
188.31,197.21,277.23,93.558
189.59,197.59,276.88,93.346
189.41,197.2,276.15,92.956
190.44,197.32,276.29,92.943
191.03,197.18,276.34,92.972
191.65,196.39,277.28,93.341
192.99,195.53,278.54,94.104
194.27,193.99,279.66,94.834
194.95,194.36,280.5,95.459
194.91,193.08,281.21,96.03
196.45,192.48,281.6,96.457
198.19,192.2,281.47,97.1
201.55,191.11,281.2,97.706
202.79,191.53,281.18,98.23
203.41,190.05,281.25,98.779
203.82,190.8,281.76,99.187
204.68,190.13,282.33,99.586
205.4,189.59,283.11,99.79
204.94,189.85,284.37,99.967
204.5,189.56,285.35,100.13
203.96,189.03,286.35,100.44
203.72,189.1,287.07,100.64
204.35,189.1,287.24,100.81
205.87,189.59,287.37,100.73
207.4,190.25,287.04,100.64
208.17,190.8,287.12,100.55
208.28,190.48,287.16,100.56
209.03,190.76,286.75,100.46
209.38,189.73,286.25,100.73
209.31,188.78,285.45,101.2
209.69,188.26,284.77,101.69
209.65,187.96,283.32,102.1
210.37,187.46,282.38,102.52
209.99,186.48,280.55,103.22
206.31,186.81,281.87,102.69
203.42,187.33,283.89,102.25
201.45,186.79,284.09,102.06
201.16,186.34,285.31,102.19
200.98,185.57,286.73,102.26
200.62,183.85,287.36,102.75
200.15,183.59,288.54,103.11
200.23,183.09,289.48,103.3
200.06,183.04,291.26,103.91
199.57,182.75,293.19,104.46
201.35,182.75,296.6,105.08
202.21,183.19,301.01,105.59
202.89,184.03,304.15,105.85
202.74,184.12,306,105.72
209.83,183.35,304.86,107.07
214.74,182.32,305.36,108.22
217.18,181.63,305.27,108.98
219.21,181.16,305.67,109.45
220.01,182.01,305.78,109.87
220.05,181.95,306.41,109.77
220.04,182.32,307.23,109.93
220.9,182.48,308.15,109.73
220.81,183.01,309.06,109.58
219.85,183.04,309.83,109.4
218.76,182.45,311.06,109.52
218.94,181.95,311.43,109.75
218.72,181.47,311.21,110.06
218.52,181.06,310.43,110.35
217.53,181.39,309.46,110.54
218.54,180.82,308.72,110.5
219.2,180.11,307.7,110.62
219.28,180.28,307.37,110.97
219.99,180.28,308.24,111.04
220.28,180.77,309.51,111.08
219.95,180.8,311.19,111.11
219.25,180.67,313.47,110.91
219.18,181.22,315.16,110.74
219.24,181.92,317.66,110.49
218.95,182.29,318.83,110.41
218.53,183.42,321.01,109.92
217.09,184.26,323.35,109.5
214.72,184.48,325.87,109.14
214.3,184.85,328.1,108.55
214.8,185.79,330.23,108.21
214.52,186.23,331.92,107.9
214.23,185.53,333.07,107.8
213.74,184.64,334.29,107.76
211.61,185.55,336.76,107.48
209.67,185.06,339.27,107.29
208.28,185.28,340.51,106.95
206.26,184.98,340.32,106.79
206.87,185.94,338.96,105.84
205.52,186.32,336.63,104.98
203.25,187.43,334.3,104.62
201.5,188.41,331.08,103.85
200.85,190.34,328.56,102.86
202.61,191.31,327.01,101.86
204.21,192.06,325.23,101.22
205.29,192.66,323.9,100.71
206.5,192.78,322.32,100.3
207.69,193.08,321.25,99.668
208.23,193.56,319.99,99.112
209.18,193.33,318.9,98.529
209.27,194.03,318.18,98.242
209.15,194.12,316.59,97.695
209.23,196.07,315.26,97.02
211.09,195.6,313.23,96.516
211.76,195.84,311.14,95.962
212.45,196.63,308.76,95.579
213.41,197.11,306.48,95.253
213.69,197.24,304.99,94.795
214.65,197.31,303.09,94.416
216.36,196.93,301.13,94.225
218.41,196.22,299.6,94.186
218.06,196.29,298.98,94.434
218.09,195.1,298.47,94.549
217.58,194.65,298.33,94.769
217.36,193.74,298.03,95.135
216.71,194,297.27,95.489
215.38,193.71,296.55,95.871
214.19,192.65,296.29,96.206
213.53,192.85,295.64,95.889
214,192.85,295.05,95.443
214.82,193.23,294.11,94.925
215.79,193.61,293.75,94.298
216.44,193.95,293.86,93.52
217.39,194.55,293.68,92.89
216.27,194.94,293.71,92.633
217.45,194.4,293.15,92.45
217.65,193,292.24,92.655
218.4,192.47,291.22,93.047
218.25,192.48,290.15,93.381
218.99,191.43,288.63,93.445
218.34,191.19,287.07,93.512
218.11,191.46,286.12,93.512
217.32,191.57,285.88,93.729
216.9,191.65,286.18,93.978
216.41,190.91,287.05,94.298
215.96,191.95,287.46,94.091
216.12,192.22,288.49,93.962
216.38,192.47,289.36,93.965
215.75,192.37,289.77,93.906
215.05,192.91,290.16,93.762
216.57,192.35,290.05,93.83
215.11,193.04,289.97,93.69
216.22,191.87,289.39,93.687
215.17,191.95,289.07,93.79
215.39,191.59,289.1,93.793
215.26,191.71,289.12,93.693
215.59,191.33,289.62,93.819
215.23,191.71,290.55,93.495
213.94,192.9,292.27,93.206
214.74,192.76,292.95,92.878
215.76,191.76,293.34,92.786
215.07,192.43,293.94,92.236
215.51,192.76,294.09,92.175
216.47,192.84,293.79,92.017
216.22,193.57,294.6,92.038
215.78,192.45,295.89,92.169
214.4,191.61,296.76,92.557
212.48,191.33,297.82,93.006
211.69,190.51,298.44,93.074
210.38,190.23,299.16,93.186
211.27,190.1,299.01,93.243
211.89,189.71,299.22,93.56
212.66,190.21,299.22,93.463
213.45,189.69,298.17,93.368
212.78,189.86,297.4,93.248
212.73,190.31,297.88,93.084
212.16,190.56,298.67,92.677
211.71,191.16,299.69,92.198
210.37,191.26,300.8,91.6
209.53,191.03,302.33,91.002
207.51,190.74,303.27,90.426
206.13,190.81,304.59,90.12
205.07,190.63,306.33,89.742
203.88,189.74,307.69,89.627
202.09,189.46,307.97,89.588
201.67,189.56,307.56,89.613
203.29,190.52,306.96,89.648
203.29,189.53,306.68,89.759
204.4,189.24,305.07,89.737
203.77,189.87,303.87,89.656
204.39,189.86,303.06,89.799
204.42,189.83,302.03,89.955
204.4,190.98,300.23,90.022
204.11,191.72,299.19,89.772
203.73,192.04,299.56,89.886
202.77,192.84,299.68,90.041
203.51,194.46,299.71,89.981
203.63,195.75,299.55,89.703
202.77,196.12,299.98,89.495
201.77,197.19,299.45,89.098
199.77,198.05,299.51,88.558
195.19,198.81,298.11,88.497
189.17,199.26,296.87,88.654
183.29,198.04,294.99,89.011
177.28,197.03,293.02,89.492
171.02,196.79,291.63,89.82
165.3,195.35,289.24,90.131
159.56,194.31,286.9,90.776
148.26,194.4,288.05,89.776
139.93,193.02,287.31,89.047
130.73,191.17,285.48,88.826
120.78,189.88,283.89,88.646
110.57,188.8,281.79,88.418
100.92,188.12,280.14,87.986
94.338,186.8,278.34,87.687
86.628,186.64,276.31,87.354
80.56,185.04,274.58,86.969
76.854,183.38,273.44,86.67
74.267,182.41,271.1,86.506
72.018,180.76,268.46,86.136
69.971,178.56,265.18,85.687
69.319,175.43,261.48,85.618
68.483,172.35,257.94,85.403
69.873,170.26,254.17,84.877
71.639,168.27,250.2,84.219
72.331,166.89,245.76,83.346
73.871,166.97,240.4,82.214
76.358,165.78,234.97,81.051
78.873,165.43,229.49,79.666
82.804,163.85,223.67,78.252
86.227,162.93,218.24,76.949
90.35,162.52,213.89,75.335
94.002,161.94,210.41,73.809
96.974,163.37,207.4,72.273
98.862,163.79,204.23,70.938
101.28,164.41,201.74,69.771
102.53,165.61,199.48,68.711
103.54,166.73,197.31,67.844
104.3,167.43,195.31,66.807
109.18,168.26,192.35,65.784
112.41,168.23,189.77,65.111
114.94,168.93,187.49,64.562
116.51,169.28,185.78,64.103
118.95,169.86,183.91,63.494
121.43,169.93,181.51,63.107
123.61,170.04,178.68,62.806
124.24,170.06,176.38,62.716
123.9,169.76,175.11,62.633
124.22,169.56,173.96,62.506
124.96,170.51,174.35,62.154
125.6,171.13,175.57,61.703
127.25,171.89,177.28,61.676
129.99,172.33,179.06,62.049
130.45,173.18,180.42,62.015
130.43,173.8,180.92,62.058
129.64,174.79,179.22,62.238
120.99,176.87,177.22,61.281
119.75,178.03,172.96,60.483
126.85,177.19,167.99,61.505
133.6,174.92,163.64,62.808
152.8,172.1,161.55,65.607
153.98,169.26,158.44,68.995
145.05,167.91,153.08,71.451
148.97,164.82,147.89,73.95
154.1,163.04,144.05,75.198
157.18,153.78,137.73,82.381
153.59,150.72,131.62,86.639
161.73,149.36,128.3,89.824
184.88,147.74,132.19,93.196
188.96,147.19,136.66,95.212
189.93,146.49,139.56,96.802
190.4,147.08,141.34,97.214
187.39,147.59,142.84,97.677
183.72,148.66,144.3,98.339
180.24,148.18,145.76,98.962
177.41,148.21,147.4,99.695
175.05,147.99,148.95,100.28
174.17,147.8,149.75,101.01
172.97,148.57,149.73,101.67
171.45,148.82,149.49,101.85
169.75,149.8,149.43,102.03
169.27,150.07,148.65,102.53
167.83,151.07,148.13,102.67
168.52,151.39,148.29,102.99
168.44,152.59,148.44,103.22
167.52,153.01,148.39,103.6
168.17,153.38,148.55,103.81
169.16,154.13,149.04,104.08
169.17,154.26,149.81,104.2
169.24,154.62,150.31,104.45
170.23,155.04,151.29,104.71
170.88,154.94,151.9,105.02
171.74,155.44,152.23,105.32
172.23,156.79,152.5,105.56
173.25,158.08,152.46,105.73
174.61,159.17,152.43,105.25
174.82,160.41,152.13,104.67
174.84,161.58,151.86,104.24
175,162.7,151.46,104.06
174.41,163.69,151.21,103.8
173.2,165.07,151.67,103.47
172.21,166.2,151.87,103.04
172.56,166.63,152.36,102.55
171.75,167.53,153.08,102.33
171.76,169.32,153.65,102.14
170.85,170.4,153.99,101.57
171.43,170.4,154.99,101.26
171.49,170.51,155.63,100.85
171.98,171.52,156.1,100.94
172.21,171.89,157.25,100.73
171.42,171.85,158.14,100.87
172.78,171.8,158.97,100.86
172.24,171.67,159.14,100.91
172.41,171.65,159.48,100.94
173.11,171.77,159.96,101.11
174.3,172.18,159.91,101.19
175.1,171.63,160.17,101.21
176.13,171.64,160.49,101.35
175.82,171.25,160.66,101.24
176.27,170.73,161.13,101.69
177.01,169.97,160.92,101.81
177.91,169.9,160.51,101.85
178.38,169.21,159.88,101.42
179.44,168.81,159.21,101.29
180.03,168.51,158.32,100.99
181.54,168.59,157.78,100.71
182.66,168.77,156.62,100.72
184.94,168.45,156.36,100.6
185.2,168.98,155.99,100.3
185.11,168.35,155.65,100.15
186.2,169.38,155.59,100.27
186.31,168.6,155.74,100.22
186.7,168.79,156.15,100.29
186.7,169.4,156.46,100.37
186.45,169.36,156.78,100.39
185.75,169.46,157.41,100.67
185.24,170.17,158.46,100.89
184.38,170.7,158.97,101.19
183.68,171.36,159.84,101.33
182.31,171.73,160.58,101.53
181.62,172.01,161.17,101.97
180.75,171.93,162.26,102.19
180.82,171.75,163.19,102.52
180.27,172.29,164.32,102.95
178.5,172.45,165,103.47
177.59,171.91,166.39,104.32
176.62,171.51,167.9,105.32
175.26,172.2,169.2,106.28
175.39,171.46,169.73,106.94
174.96,171.28,170,107.92
176.21,170.52,169.71,108.91
177.51,170.21,169.82,109.82
179.52,169.41,170.04,110.66
181.85,169.13,170.18,111.4
184.17,169.36,169.98,112.41
186.05,169.51,170.17,113.07
185.68,168.61,171.24,114.2
185.43,168.72,173.65,115.49
184.61,166.85,176.01,116.92
182.8,166.36,178.77,118.14
183.83,165.95,180.14,119.32
187,164.81,180.31,120.47
190.66,164.11,180.07,121.79
191.34,166.82,182.19,122.22
191.26,167.32,183.81,122.6
191.1,166.72,185.7,122.93
191.79,166.33,187.76,123.28
191.36,166.69,189.27,124.05
192.49,165.92,191.2,125.55
193.53,165.26,192.88,126.86
193.08,165.06,194.79,127.37
193.54,164.44,196.26,128.28
194.15,164.11,197.63,129.4
193.46,162.62,199.42,131.16
191.7,162.08,201.75,132.72
192.17,161.87,204.14,134.51
191.46,160.58,206.65,136.6
191.69,160.23,208.79,138.64
191.98,159.11,211.04,140.5
193.16,158.28,213.51,142.52
193.32,156.69,215.57,144.51
194.37,156.23,217.16,146.18
194.97,155.71,218.95,147.58
195.57,155.09,221.7,149.01
196.41,154.51,224.86,150.12
197.43,153.68,227.65,151.25
197.58,153.55,230.03,152.2
198.14,152.84,232.7,153.15
199.47,153.21,234.84,153.95
200.38,152.69,237.28,154.73
201.12,152.27,238.87,155.51
201.36,150.94,240.63,156.76
202.33,149.28,242,158.78
203.19,146.25,242.95,161.44
205.67,143.44,243.91,164.58
207.97,139.93,245.26,168.1
209.8,136.92,246.82,171.69
209.91,133.01,248.79,174.75
210.74,130.61,251.22,177.39
212.3,127.77,253.41,179.03
211.49,126.84,256.25,179.95
210.31,124.8,259.53,182.36
214.91,121.99,258.97,185.66
215.53,120.27,260.19,188.37
214.34,118.77,262.35,190.48
212.5,117.21,266.12,191.63
211.79,115.37,270.45,193.39
209.83,113.68,275.37,195.2
208.95,113.98,279.45,196.63
207.9,113.17,283.63,198.25
208.35,112.33,288.31,199.53
207.32,111.78,291.76,200.15
206.99,111.08,294.81,200.66
206.69,109.61,296.68,201.07
206.22,107.29,297.86,201.96
206.09,104.49,299.25,203.32
206.43,102.3,299.39,204.75
206.76,102.84,299.43,205.5
206.01,101.12,299.86,206.51
204.96,99.9,300.58,207.65
203.47,100.5,301.43,208.31
202.23,99.708,303.07,208.68
199.05,99.694,304.73,208.37
197.68,99.76,306.64,207.84
196.64,101.96,307.91,206.06
197.61,101.98,308.09,205.59
195.65,99.611,308.43,206.8
196.3,98.458,308.39,207.9
199.97,97.709,307.87,208.08
204.86,96.906,307.78,208.88
209.45,96.022,306.9,210.04
212.98,94.011,305.05,211.69
209.89,99.232,307.76,208.79
207.06,101.87,310.49,206.92
208.38,105.02,311,204.16
212.8,107.75,309.86,202.4
218.81,108.68,307.8,201.07
222.38,109.14,305.9,201.29
224.41,108.44,305.54,201.79
226.91,108.28,306.7,202.49
226.53,109.3,307.67,203.36
226.24,109.1,309.26,203.59
229.23,110.1,310,204.05
230.65,110.05,310.94,204.47
231.57,110.85,311.7,204.82
231.31,108.97,311.68,205.94
231.83,107.8,311.56,207.63
234.5,106.77,311.5,209.19
239.22,106.98,310.74,210.95
245.01,110.1,308.72,211.45
250.32,111.24,306.18,212.86
256.89,111.39,303.52,214.01
260.14,109.78,301.27,215.59
262.34,108.82,299.4,216.93
269.01,107.19,293.08,222.24
274.92,105.03,287.21,226.46
278.53,103.41,282.39,229.8
280.72,103.34,279.23,232.46
281.77,102.28,276.67,234.55
282.58,101.88,275.3,235.78
284.79,100.6,274.6,236.43
288.53,101.1,274.76,237.81
288.8,101.17,276.27,237.6
291.05,103.81,278.12,236.31
288.42,105.75,280.88,235.23
288.23,105.18,283.6,235.09
289.1,104.68,286.36,235.68
285.64,103.83,291.81,236.47
282.83,101.78,298.78,236.99
283.22,100.15,305.14,237.94
284.41,98.956,309.67,240.44
281.42,97.754,313.07,244.44
279.58,99.378,315.13,246.73
279.09,99.383,316.2,247.71
280.83,99.781,317.19,248.02
282.88,100.23,318.04,248.34
279.71,105.11,320.62,246.45
276.03,109.24,323.5,244.4
269.83,111.6,326.11,242.57
265.8,112.17,327.47,241.45
263.4,111.88,328.11,239.67
257.05,111.87,331.98,238.31
245.41,110.83,338.58,238.28
237.3,112.06,344.55,238.1
230.02,114.56,348.65,238.6
225.22,116.33,352.36,238.78
225.15,116.89,353.96,238.48
223.02,117.5,353.47,238.23
221.29,118.33,354.29,239.06
217.09,118.07,356.1,239.38
210.46,117.65,358.83,238.86
205,120.03,360.85,238.49
197.77,121.59,361.92,238.11
192.34,121.39,360.59,237.99
189.78,121.51,357.53,237.47
185.61,122.18,354.94,236.82
187.15,120.28,352.4,237.32
192.01,118.83,349.14,238.11
195.5,118.25,345.32,238.61
199.74,115.22,342.14,238.12
203.51,113.03,338.82,238.63
205.75,112.23,334.91,239.32
208.69,109.58,331.84,240.39
209.55,106.08,329.26,241.79
212.04,104.88,326.85,243.26
210.68,102.84,326.47,244.47
207.56,100.92,327.24,246
205.97,100.45,329.16,246.74
204.8,98.3,331.5,247.95
204.02,96.265,333.97,248.16
200.22,93.852,337.73,247.58
198.9,92.479,339.72,246.15
198.04,92.426,340.19,245
196.35,93.235,340.05,243.34
194.85,92.862,339.18,241.23
193.95,92.237,337.26,239.83
193.59,90.216,336.24,239.09
192.71,87.901,332.95,239.13
191.81,86.035,331.13,239.42
190.68,82.602,330.14,238.72
190.75,79.545,338.12,232.24
188.23,81.192,337.98,232.66
186.92,81.295,337.88,233.78
184.69,82.504,337.86,234.16
182.1,79.482,345.85,231.53
179.71,80.176,352.48,228.62
178.94,80.515,358.01,225.76
177.04,81.085,362.67,223.74
175.19,80.282,366.98,222.52
171.45,79.333,371.09,222.1
167.94,78.498,375.58,221.99
165.3,77.277,379.34,222.57
162.98,76.086,382.46,223.71
160.87,74.897,385.45,224.41
159.19,74.402,388.9,224.3
158.18,74.259,393.42,224.17
155.02,74.386,398.54,224.29
153,75.646,403.25,224.35
153.76,76.403,408.07,223.72
152.5,77.325,413.02,223.16
150.54,77.494,416.79,222.48
149.5,76.874,418.39,222.55
149.54,75.766,419.68,222.79
149.98,74.824,420.44,222.87
150.42,73.141,421.84,222.67
153.93,71.655,422.01,222.47
154.73,71.036,422.87,222.31
155.04,70.524,422.69,222.02
154.94,70.071,422.75,221.2
155.17,69.543,422.67,220.4
154.26,69.602,422.32,219.69
154.44,70.704,421.85,218.8
154.75,70.138,421.16,218.35
155.46,70.087,420.07,217.94
156.37,69.827,419.44,218.27
155.72,69.589,419.35,218.21
155.45,69.344,418.74,218.33
156.71,68.586,416.91,218.47
156.66,69.447,415.25,218.64
159.48,69.19,412.74,218.58
160.55,69.364,411.11,218.82
162.24,69.257,409.57,218.97
164.41,68.737,408.18,219.24
165.95,68.212,407.14,219.02
165.78,67.884,406.58,218.5
166.01,67.999,405.93,218.77
166.2,68.295,405.55,218.85
166.03,68.648,404.72,219.02
166.71,68.91,404.52,218.89
167.5,68.881,404.23,218.87
167.68,69.382,404.15,219.21
167.66,69.072,404.5,219.5
169.39,68.293,404.13,219.87
171.16,68.265,404.07,219.79
171.39,67.983,404.39,220.08
172.58,67.066,404.48,220.3
171.85,66.756,404.9,220.72
170.42,66.402,404.9,221.06
168.86,66.051,403.71,221.29
167.78,65.762,402.9,221.16
166.89,65.853,402.12,221.12
165.86,65.259,401.32,221.12
164.87,64.548,401.12,221.02
164.58,63.675,401.07,221.24
163.78,63.109,401.25,221.31
163.5,63.37,401.11,220.76
161.96,63.571,401.32,220.48
161.8,63.369,400.58,220.47
162.74,63.683,399.75,220.83
161.08,64.928,400.15,221.14
158.48,64.937,400.69,221.78
156.71,64.315,400.37,222.19
154.24,64.893,400.75,221.43
151.19,66.862,402.5,220.04
147.98,67.965,404.86,219.05
147.19,68.596,406.9,218.16
146.14,68.038,408.55,217.71
147.04,68.013,410.02,218.03
147.06,67.599,411.02,217.87
148.07,68.465,411.93,217.68
148.33,69.707,412.81,217.44
146.09,69.294,414.54,217.61
143.69,68.901,415.83,217.87
140.57,68.557,417.48,218.84
138.88,67.909,419.23,220.06
137.83,66.764,420.64,221.79
135.11,66.334,421.92,223.16
132.64,65.599,423.88,224.28
130.42,65.581,426.21,225.24
128.05,63.798,427.24,227.06
126.06,63.526,428.77,227.82
121.98,62.236,430.5,228.41
118.03,61.431,432.26,228.82
115.47,60.316,433.67,229.7
113.87,58.246,435.27,231.18
107.75,58.616,439.74,232.07
103.26,58.736,445.46,232.22
99.5,58.557,451.86,231.99
95.836,57.215,458.36,231.98
91.585,59.516,463.84,232.47
89.123,60.047,469.21,233.39
84.954,58.845,474.84,233.8
80.305,59.729,478.72,233.51
77.649,60.336,481.09,233.47
74.133,59.599,482.69,234.1
72.573,60.433,484.74,234.84
68.825,60.231,487.87,235.96
65.287,59.982,490.26,237.15
61.817,60.065,493.05,238.45
60.909,59.04,493.3,240.84
62.469,59.748,493.37,244.61
63.443,59.273,492.88,248.27
66.856,58.971,489.94,251.04
71.28,58.663,486.76,252.92
73.998,59.011,484.75,254.42
77.411,58.149,482.75,255.65
79.637,58.103,481.17,256.93
84.958,57.388,479.82,258.82
89.208,58.778,481.1,259.52
92.312,58.951,481.45,260.19
94.071,58.362,481.63,260.94
98.452,60.234,481.09,260.92
101.18,58.672,479.48,261.44
104.8,60.584,478.56,261.3
105.92,60.131,478.42,261.77
106.63,60.202,478.17,261.65
107.81,62.486,477.67,261.38
109.9,62.489,476.34,261.22
110.04,63.825,476.32,260.61
109.14,64.155,476.54,260.43
109.67,65.136,476.17,260.4
109.78,66.114,476.23,260.06
108.97,65.945,475.31,259.88
109.79,65.724,474.8,260.42
110.64,65.62,475.57,260.78
110.36,65.161,475.91,261.32
107.62,65.29,476.15,261.66
106.07,65.76,475.45,261.64
106.31,66.032,474.93,261.58
106.52,66.552,475.66,261.28
106.05,67.034,476.97,260.64
106.19,68.488,478.29,259.93
105.98,68.463,478.99,259.56
106.01,69.174,479.58,259.02
105.86,70.661,480.27,258.16
105.79,71.999,480.76,257.74
105.3,72.738,480.7,257.01
106,72.591,479.78,256.3
105.17,73.552,479.42,255.02
105.7,74.72,478.1,253.76
106.07,74.983,477.02,252.7
105.21,75.759,476.38,251.73
105.25,76.615,474.86,250.51
102.39,77.6,474.74,249.4
102.22,77.097,475.68,248.92
99.864,77.616,477.01,248.09
97.259,79.023,478.5,247.43
91.657,79.424,478.93,246.65
87.394,81.839,478.83,244.44
82.709,81.408,479.69,243.68
77.213,81.765,480.25,241.31
75.273,83.034,479.43,238.56
71.914,84.785,478.05,235.97
69.509,86.304,474.57,233.38
67.69,86.65,468.68,231.16
63.12,88.255,460.37,228.48
57.243,89.076,451.98,225.36
49.758,92.253,443.08,222.29
34.801,96.618,438.89,217.98
22.947,98.42,429.68,215.27
11.623,99.106,423.12,213.93
4.7617,98.266,419.85,212.35
0.33626,99.123,418.38,211.41
-3.7828,98.56,419.11,210.65
-3.9744,98.765,418.77,209.6
-4.8681,99.075,420.82,209.58
-4.6306,99.375,423.03,209.13
-5.7316,99.683,422.96,208.42
-3.923,100.95,420.25,207.26
-4.1648,102.49,415.41,205.88
-5.3606,104.3,409.82,205.47
-5.0745,104.66,404.13,204.31
-5.7281,105.45,399.98,203.66
-5.2707,106.73,394.36,203.49
-2.6065,100.24,381.04,209.74
0.066147,95.62,369.85,213.97
1.9316,92.781,359.35,215.69
1.8896,90.226,350.8,215.99
2.4705,88.704,344.62,214.88
2.4454,88.759,339.76,212.81
-0.031036,87.606,336.14,212.62
-4.625,88.054,332.64,211.64
-7.3262,88.096,331.02,210.23
-11.034,86.38,329.13,208.09
-11.935,85.672,326.78,207.03
-12.479,86.119,322.45,207.05
-14.368,89.491,315.22,207.12
-9.687,89.977,308.64,206.57
-11.194,90.214,302.36,205.21
-11.842,91.105,295.85,204.5
-15.899,90.487,289.74,202.89
-14.245,90.971,285.62,201.4
-13.845,93.207,281.46,199.38
-14.357,94.033,276.51,196.88
-16.337,95.629,271.58,195.18
-17.377,96.311,266.04,193.62
-18.931,97.209,260.21,192.11
-21.547,97.545,254.29,189.92
-24.585,99.012,244.73,190.95
-20.89,102.54,235.95,191.61
-15.641,102.56,228,190.73
-14.096,105.46,221.92,187.54
-12.392,107.98,216.67,185.27
-7.8013,109.4,212.75,183
-3.7198,109.89,209.64,180.46
-1.9719,112.7,208.36,178.15
