539,237,212,354
537.84,238.58,214.23,352.88
535.81,240.87,216.13,352.15
534.96,244.42,217.3,351.06
535.01,247.99,218.11,350.2
535.76,250.3,218.79,349.52
535.65,252.85,218.77,349.37
536.18,258.68,219.01,349.27
539.11,263.77,218.8,350.15
538.77,266.43,219.65,348.7
538.72,273.08,221.12,347.17
537.77,278.68,221.92,344.67
536.85,283.42,221.94,342.44
535.72,287.95,222.74,341.44
533.23,291.26,222.68,343.04
531.13,293.51,221.87,346.3
530.86,295.08,222.2,347.87
530.07,294.88,221.77,347.83
531.18,295.54,221.22,348.02
531.06,295.65,220.19,348.85
529.19,294.84,219.43,349.58
528.35,293.5,219.64,349.61
526.27,292.06,219.63,349.85
525.83,293.65,218.27,350.78
529.08,280.17,209.13,365.93
534.36,265.5,203.14,379.03
535.78,257.47,198.03,392.05
535.91,251,195.04,401.17
535.57,243.29,192.8,407.73
536.79,235.79,191.71,413.14
536.33,228.8,190.14,417.43
535.04,222.18,189.42,418.32
533.94,213.96,188.57,419.31
533.6,205.79,187.37,421.55
532.33,201.01,186.63,426.61
532.19,194.71,187.08,429.56
531.48,193.02,187.81,430.13
530.04,192.32,189.35,429.81
528.05,191.95,191.33,429.23
524.2,190.41,194.25,427.87
521.88,193.43,197.73,425.27
520.62,192.95,200.26,424.59
518,193.55,201.48,425.5
515.89,194.31,202.17,426.62
513.26,194.67,204.1,427.46
508.82,195.33,204.87,429
504.69,198.53,206.53,430.19
500.49,200.2,207.58,434.03
496.6,200.49,208.74,436.26
492.8,199.94,208.35,438.59
489.86,199.31,207.96,440.74
483.91,201.09,208.42,442.91
478.49,202.52,208.86,445.27
473.81,205.43,209.44,446.52
465.86,207.02,210.54,447.5
458.27,212.93,211.68,446.64
454.39,219.13,213.51,444.34
450.26,223.41,214.48,442.66
446.77,231.09,215.72,440.84
442.58,238.63,218.05,439.43
439.11,242.46,221.32,437.8
435.71,244.42,224.76,436.98
431.54,244.97,227.42,437.56
428.43,246.27,229.25,438.29
427.56,243.84,230.47,442.61
427.36,240.02,231.24,447.81
427.64,236.03,232.09,452.59
426.8,233.65,233.61,457.7
424.62,232.52,236.07,461.61
422.84,231.76,238.93,465.87
421.4,229.89,241.2,468.24
420.4,228.04,242.51,472.32
417.55,226.17,244.16,477.99
415.27,220.35,245.84,483.02
413.94,216.94,246.83,485.59
413.34,213.92,247.83,487.39
408,209.53,249.59,486.25
403.98,203.12,251.82,481.58
398.4,197.71,252.55,478.14
392.85,192.96,254.45,474.45
386.9,191.07,257.23,471.68
381.28,188.49,259.71,470.51
376.27,186.08,260.68,471.15
372.29,181.65,260.78,472.32
368.88,181.26,261.29,473.96
365.2,180.8,260.47,477.6
362.75,179.4,260.05,481.71
361.52,180.73,257.8,488.18
360.14,183.89,255.9,493.64
359.12,186.7,255.98,497.41
358.99,192.03,257.59,498.26
357.97,193.44,258.87,500.72
357.15,196.06,260.51,503.06
355.84,198.26,263.1,504.23
355.93,204.88,263.89,505.1
355.48,211.13,265.61,502.86
354.64,211.53,267.09,503.82
353.36,216.39,270.01,501.91
353.95,221.83,273.19,501.08
355.23,225.86,276.11,500.98
356.08,229.59,278.97,500.06
355.56,232.48,281.45,498.99
354.68,236.61,285.98,496.59
354.02,240.58,289.21,495.32
356.43,246.06,291.6,493.42
358.55,251.8,294.03,490.94
361.19,253.92,295.64,488.76
363.64,252.47,296.45,486.24
368.18,250.38,297.2,485.35
372.96,250.06,298.24,486.26
375.24,251.55,298.86,487
380.51,245.86,299.27,488.98
387.01,241.67,299.55,489.7
392.52,234.69,299.92,491.69
395.16,231.21,299.88,494.22
397.88,228.95,300.77,496.94
398.45,228.45,302.44,498.99
398.57,227.96,304.55,501.01
400.43,226.59,305.31,503.61
402.98,226.13,305.13,506.05
405.87,227.11,304.59,509.06
407.64,227.6,304.36,509.45
408.48,229.46,304.75,509.68
411.53,228.81,305.16,511.64
414.59,226.63,305.65,512.4
415.39,224.25,305.77,513.18
417.65,226.81,305.03,511.56
424.36,228.25,302.25,510.82
431.73,230.06,299.16,510.17
435.44,232.75,298.13,507.78
441.09,231.9,296.95,506.64
444.97,230.98,295.77,505.63
448.68,229.43,294.75,506.01
452.02,229.57,293.97,506.66
455.01,231.81,293.93,505.47
457.59,229.5,294.72,503.81
460.26,225.34,293.47,504.91
464.6,224.78,291.34,504.54
469.14,227.62,289.23,504.07
473.54,237.1,287.5,503.37
474.03,245.82,288.52,498.59
476.01,244.52,289.1,495.11
474.71,243.54,290.85,492.01
477.54,246.8,290.72,490.59
480.15,245.55,289.91,490.03
480.98,245.04,289.97,488.82
481.41,245.33,288.92,487.27
483.96,243.78,286.93,487.25
484.96,241.56,285.98,485.11
485.4,241.02,284.54,482.36
484.03,242.13,283.8,478.49
482.99,245.52,284.91,474.04
480.43,245.11,286.12,469.87
476.24,250.03,288.65,464.91
473.9,244.81,291.68,463.7
471.82,242.16,292.69,462.59
466.71,242.91,293.9,461.73
463.98,243.38,294.03,461.5
462.59,242.33,294.03,460.52
461.97,242.73,293.48,461.1
465.02,241.06,292.11,458.1
466.46,237.74,290.59,458.23
470.55,232.38,288.56,457.9
475.08,229.61,286.52,457.76
480.35,227.37,284.08,456.84
487.45,222.35,281.36,455.68
494.12,216.62,279.34,455.79
499.69,211.05,275.53,460
502.81,208.96,274.4,465.05
503.75,210.34,274.5,466.94
505.21,207.78,273.71,471.46
507.2,203.14,273.52,476.3
509.71,200.4,272.7,480.22
514.93,193.12,270.61,487.54
521.23,191.95,267.81,492.71
525.25,188.7,266.16,496.92
533.09,184.98,263.32,501.23
537.3,181.89,261.87,503.13
540.02,179.31,260.75,504.27
544.84,181.95,259.12,503.49
551.42,189.47,258.09,501.44
552.76,199.06,259.27,496.97
556.23,203.49,259.72,492.21
559.07,208.49,260,487.51
562.87,213.35,259.54,483.81
565.54,213.54,259.96,477.81
571.7,213.69,258.3,475.11
578.32,209.84,256.55,475.06
582.8,205.07,255.04,477.68
587.23,202.77,254.51,479.61
591.21,200.65,254.41,481.36
594.66,202.33,253.47,482.35
598.19,203.04,252.95,481.74
600.42,203.66,252.24,479.38
601.71,204.24,253.68,476.38
602.93,198.79,254.86,474.52
605.9,197.34,254.67,471.63
610.06,192.77,252.58,469.54
611.73,186.71,251.72,469.82
615.6,180.21,247.7,470.93
619.84,172.13,245.62,470.51
623.73,166.81,245.04,470.8
624.21,163.3,246.78,468.51
623.41,156.43,248.18,464.13
623.78,155.21,249.84,460.99
619.93,151.35,250.66,460.64
616.79,145.69,251.94,458.71
616.7,141.64,251.2,455.95
614.62,138.34,251.01,454.37
610.15,136.32,251.73,453.93
603.63,132.86,254.02,452.94
594.28,131.36,257.57,452.65
589.36,131.81,258.21,454.16
583.84,131.47,257.48,457.25
576.52,128.86,256.83,460.16
572.67,129.41,256.18,461.68
574.88,131.55,254.62,460.64
579.11,130.33,251.38,460.61
580.45,133.31,249.33,461.76
580.63,135.1,248.2,462.39
578.68,140.13,248.1,461.62
575.52,142.5,248.2,458.88
574.07,147.91,248.72,454.24
572.53,146.48,249.48,450.75
573.86,147.75,249.16,447.44
575.75,147.6,249.56,444.36
579.16,150.38,249.73,441.75
582.39,154.41,249.78,437.06
585.73,158.1,248.62,434.08
589.27,160.55,247.59,432.67
593.19,163.17,245.68,431.84
596.08,165.48,244.51,428.58
598.22,168.81,244.7,423.36
598.96,168.43,244.75,419.45
600.12,168.44,244.94,417.95
600.24,167.56,245.86,416.6
599.21,168.12,247.3,414.38
599.22,168.94,248.77,410.44
600.19,168.02,249.32,406.76
599.59,165.86,251.09,404.75
595.55,161.53,253.8,404.08
589.96,160.98,256.52,403.92
586.37,159.03,258.62,404.32
584.86,155.04,260.23,405.06
578.22,153.63,261.58,407.49
569.93,158.69,261.86,409.12
564.34,164.04,262.17,409.35
562.65,172.12,259.59,408.98
542.15,196.68,278.29,387.08
529.13,210.33,292.03,371.78
524.48,224.38,302.2,360.32
517.49,237.54,311.21,350.46
511.28,247.26,317.68,342.93
507.64,257.93,321.2,338.3
502.26,267.44,326.22,333.7
497.08,271.03,330.36,331.13
493.7,270.32,332.13,327.47
489.85,270.94,333.74,326.8
487.86,271.27,335.51,328.65
490.41,274.9,337.47,330.47
490.86,275.31,340.3,331.73
492.83,278.06,344.91,331.8
492.45,279.89,347.45,333.45
490.86,281.7,349.45,336.16
494.22,284.83,350.91,338.56
491.44,284.81,354.11,337.09
492.82,286.67,357.57,338.08
496.87,291.22,359.7,339.15
497.27,292.61,361.97,340.9
498.14,296.45,364.37,342.26
500.05,297.48,365.54,343.34
501.11,299.33,366.74,344.65
501.08,302.68,369.22,345.16
500.01,307.45,371.23,345.48
499.46,315.11,373.9,345.03
497.78,320.92,373.74,345.02
499.33,325.22,375.44,343.9
500.49,328.78,377.08,343.24
500.83,331.84,380.09,341.3
500.39,333.83,382.45,340.22
500.92,337.56,384.73,338.27
497.04,337.87,389.41,337.08
496.72,338.28,391.29,337.54
492.63,337.56,393.66,338.05
488.94,339.94,398.7,337.83
483.94,340.95,402.9,339.21
480.49,340.49,407.95,342.01
477.06,339.53,411.94,346.55
470.47,336.4,416.74,351.75
465.39,333.16,421.05,356.7
461.19,332.83,424.54,361.37
454.82,328.7,429.65,365.47
449.04,325.33,433.75,371.93
443.99,320.08,437.49,378.21
438.6,315.35,439.89,384.34
433.46,311.53,441.76,389.82
428.54,306.96,443.56,395.21
421.46,300.89,444.92,400.04
418.98,291.43,444.31,406.78
412.65,286.18,445.75,413.13
406.33,281.82,448.7,418.9
399.39,277.76,453.73,423.84
392.27,273.65,456.41,430.44
384.06,266.3,458.28,438.23
384.64,264.04,460.42,445.07
380.99,260.01,463.8,451
377.24,256.2,467.87,455.49
374.43,249.43,469.86,461.86
375.22,248.14,472.83,466.83
376.24,243.34,477.44,469.12
373.48,234.86,481.46,473.44
373.56,229.86,480.66,479.41
374.1,227.08,482.67,483.3
380.18,222.6,482.4,488.07
385.22,217.71,483.41,492.21
392.06,210.15,485.65,496.78
399.87,202.11,486.26,503.41
406.15,197.93,489.27,507.04
411.03,193.74,493.47,509.99
414.38,187.9,496.53,513.44
417.74,186.35,500.28,516.1
424.3,181.52,502.47,520.02
433.23,175.67,502.63,524.88
443.52,169.07,501.28,530.48
453.58,165.5,499.19,535.54
464.71,162.06,497.82,539.64
468.82,158.82,496.7,545.23
478.93,156.86,493.64,550.75
492.19,153.66,490.33,554.83
503.75,150.76,486.7,560.74
510.89,152.18,486.79,563.32
521.64,149.74,488.04,564.45
528.88,146.57,487.44,564.33
536.44,143.01,486.95,566.37
538.66,140.24,486.74,567.83
546.61,138.08,484.95,568.72
550.45,134.45,483.58,568.3
557.21,132.04,481.07,568.88
561.8,131.8,477.56,569.3
564.3,131.42,474.78,569.59
565.78,133.54,472.38,571.21
565.22,135.14,470.66,572.04
563.83,135.76,468.38,573.63
564.95,138.8,467.14,576.84
565.78,141.99,466.99,580.64
562.28,142.7,468.05,583.12
557.29,140.04,468.46,586.98
556.13,135.78,467.91,590.99
552,129.82,465.93,596.16
548.53,124.28,464.86,598.07
546.78,119.34,464.06,599.96
542.87,116.41,463.88,599.25
537.61,112.57,465.56,599.77
539.32,105.51,467.59,599.04
541.85,100.4,467.08,600.71
545.12,95.546,468.9,600.2
547.81,90.397,471.64,599.81
552.74,89.53,473.31,600.45
555.71,83.713,473.34,602.13
562.47,81.592,473.64,604.43
572.5,80.512,474.2,606.44
576.45,81.244,474.95,607.33
575.87,79.822,475.36,609.15
575.53,76.232,475.64,612.37
576.8,75.144,473.85,615
572.36,74.935,473.77,616.11
565.28,70.489,472.66,619.29
566.95,64.662,471.06,621.5
558.41,56.593,467.34,627.2
545.29,50.297,465.47,631.23
530.76,45.235,464.81,634.66
511.93,42.606,463.23,638.4
494.98,38.063,464.22,642.14
483.88,44.177,466.57,644.52
473.39,46.393,470.09,645.61
468.17,45.899,476.56,645.48
469.85,39.799,482.44,648.42
476.29,38.559,489.44,648.27
479.83,37.34,494.65,648.28
485.53,35.721,498.47,650.21
494.62,37.053,502.26,652.95
499.81,36.553,506.45,656.86
507.48,34.446,508.55,660.71
512.35,31.5,513.38,663.93
512.61,31.46,519.69,664.11
505.66,29.646,521.35,668.36
502.22,25.71,519.31,671.17
489.54,19.866,516.33,674.87
468.53,10.326,514.63,675.27
446.84,10.598,514.4,672.44
422.71,10.488,512.43,673.43
398.41,11.377,510.86,672.14
373.19,15.356,512.13,670.33
348.69,13.249,509.5,669.08
325.78,12.489,507.67,666.77
295.96,14.478,506.74,665.47
269.82,13.438,507.62,664.27
255.93,14.088,508.35,659.97
245.95,17.979,508.56,658.66
233.22,22.319,504.59,656.59
232.01,31.16,500.28,654.89
229.28,41.14,499.25,652.26
222.59,50.405,499.81,648.14
221.29,49.788,500.82,644.03
226.12,48.658,497.97,643.74
225.26,50.38,499.79,641.61
232.49,47.814,506.21,641.06
236.87,40.934,511.61,642.72
249.51,40.35,517.5,643.74
274.39,36.863,516.73,648.18
296.92,33.707,517.32,651.29
312.11,33.669,517.47,653.5
314.99,38.416,521.62,654.11
314,39.945,524.91,652.37
317.28,38.998,527.8,651.93
328.01,37.456,528.81,652.05
336.72,37.847,529.46,652.42
345.15,40.543,528.95,653.42
345.42,46.56,529.09,652.04
345.59,50.623,527.52,651.1
343.42,50.85,523.56,651.54
338.36,55.476,518,654.04
338.35,57.311,513.45,657.57
337.53,56.119,508.42,654.67
338.37,61.949,502.61,649.87
336.72,65.59,498.74,643.16
334.26,74.255,496.19,638.31
335.32,80.041,492.83,630.11
332.05,86.487,489.38,624
328.49,94.976,489.33,617.6
327.33,103.89,490.89,609.59
328.28,111.22,491.61,603.47
331.11,117.36,493.23,596.49
339.71,124.48,494.53,589.44
345.53,130.69,494.26,584.53
355.27,133.23,493.84,579.33
366.42,134.9,492.75,574.05
376.62,133.49,489.72,572.68
387.89,136.22,486.89,570.26
403.28,135.08,483.83,566.9
414.76,137.48,480.5,565.78
431.94,140.01,476.58,563.7
444,143.69,475.27,559.02
457.23,151.88,473.71,554.04
465.82,154.14,470.58,549.59
483.25,159.87,469.03,545.72
497.54,167.76,466.2,540.68
511.99,177.01,463.91,535.05
527.22,189.12,463.42,529.34
542.67,195.75,464.5,523.39
553.85,203.92,464.75,518.53
567.36,213.16,464.09,511.2
576,221.83,464.34,503.01
586.26,229.93,465.88,493.9
597.83,236.91,468.01,484.82
604,247.1,468.33,475.6
611.31,251.31,466.96,466.24
621.19,257.44,462.83,459.95
625.85,266.43,459.09,453.89
631.42,271.09,454.91,447.44
634.99,274.24,450.27,442.03
640.68,279.93,447.02,436.43
650.8,284.5,444.39,430.25
657.53,284.54,441.59,426.64
664.86,286.96,439.09,423.95
671.02,286.91,436.92,421.43
676.96,287.76,434.22,420.21
682.28,290.07,429.62,420.44
687.78,291.72,425.66,420.72
691.05,295.1,422.38,420.35
697.38,297.39,418.09,418.23
703.87,302.98,415.19,415.01
709.17,310.39,410.84,411.65
709.5,318.52,405.76,407.56
707.45,326.57,403.48,401.24
705.69,335.42,402.59,393.34
704.66,344.24,402.54,384.79
696.71,347.52,402.61,376.97
689.26,348.65,402.03,371.15
680.18,348.73,400.77,367.02
672.53,349.87,396.45,364.48
665.16,348.07,393.17,362.35
655.5,346.34,388.38,360.61
641.98,349.05,385.96,359.01
631.51,346.51,382.43,356.29
623.33,345.85,376.79,355.65
614.28,343.24,371.35,353.7
603.78,338.36,370.5,351
592.74,330.62,368.57,346.71
585.66,321.36,364.23,342.73
584.3,313.7,359.74,339.62
583.53,305.77,354.08,336.74
583.35,301.72,349.21,333.11
584.31,297.71,343.84,329.81
584.7,291.78,339.86,326.5
588.51,285.59,336.3,323.29
590.95,281.39,333.96,319.31
595.73,277.28,329.38,317.67
598.34,277.45,325.74,315.79
599.77,280.11,322.14,312.81
600.07,284.97,319.68,309.53
599.5,287.81,317.56,305.51
598.44,287.28,316.84,301.85
597.33,286.08,316.34,297.92
596.77,284.59,314.99,295.99
597.6,284.7,312.9,295.07
594.01,287.12,311.65,292.95
590.77,283.87,310.58,289.8
589.04,282.11,309.68,286.83
588.73,281.79,307.45,284.51
587.72,281.1,305.36,282.52
586.95,279.81,303.5,279.41
586.11,277.54,300.32,278
583.81,273.82,298.39,276.37
580.9,273.25,296.32,274.76
579.35,273.19,295.23,273.34
577.33,273.05,294.08,272.64
575.13,272.53,292.73,271.8
570.19,271.62,292.89,269.62
564.89,272.25,292.79,267.88
558.49,270.57,293.54,266.87
555.5,269.44,291.62,266.95
553.34,268.05,289.18,267.21
552.6,269.51,286.59,267.28
549.92,268.09,285.47,267.05
545.37,268.93,284.52,266.47
543,267.54,284.33,265.26
539.06,268.8,284.16,263.94
535.5,267.47,284.21,263.68
533.86,267.18,285.28,264.24
529.91,269.61,287.55,265.16
528.44,271.21,289.28,266.75
524.11,271.37,292.12,268.4
524.41,269.57,293.4,270.47
524.49,265.79,293.33,273.18
525.21,267.65,292.77,273.97
525.83,267.95,291.75,274.31
527.26,271.35,289.17,275.84
526.59,272.45,287.19,276.56
526.77,274.45,285.35,276.58
530.1,273.68,282.74,276.33
533.56,276.59,280.18,275.73
534.06,278.48,278.97,274.48
533.72,279.54,277.1,274.63
536.95,280.4,273.9,276.05
541.7,285.18,270.07,278.69
544.48,286.71,268.77,278.03
546.89,288.69,266.92,277.32
547.99,287.43,264.73,276.14
549.1,286.9,263.83,273.61
548.31,287.32,261.92,272.18
547.87,287.68,261.28,271.9
549.25,288.12,259.61,271.66
550.99,291.06,258.17,271.51
551.17,295.4,256.69,270.58
551.52,296.95,256.36,269.36
549.78,297.53,257.09,266.66
547.86,299.4,257.85,265.15
548.01,298.8,257.87,263.22
547.35,298.79,257.19,262.36
546.36,297.74,257.47,260.23
545.29,295.97,258.21,258.47
547.05,293.45,257.84,258.33
549.98,292.07,257.2,258.48
549.73,291.32,255.37,258.52
551.64,290.81,253.24,258.87
557.09,289.85,251.5,260.26
560.34,287.13,250.84,261.51
563.72,286.63,250.7,263.34
565.54,285.96,251.16,263.94
568.94,286.14,251.17,266.2
571.63,286.09,251.43,266
574.28,284.22,251.26,266.82
574.87,284.32,251.47,267.3
574.6,284.62,251.87,267.45
574.69,284.91,252.05,267.42
575.59,285.01,251.99,266.96
576.07,285.1,252.05,266.82
583.12,283.88,252.33,266.29
586.18,285.56,252.17,266.2
587.05,285.45,253.75,264.35
587.93,287.35,254.48,264.97
586.08,289.26,254.41,266.28
586.05,292.92,254.47,267.65
584.27,292.56,255.07,267.55
586.84,287.04,254.98,267.29
588.69,283.47,252.68,269.01
588.41,280.76,251.01,270.08
592.01,277.39,248.76,272.27
592.02,275.39,246.7,272.65
593.45,273.31,244.22,273.83
595.16,271.86,242.35,274.71
596.93,270.68,241.04,276.19
597.85,272.65,240.56,278.02
599.41,273.61,240.68,279.35
601.91,273.91,239.97,280.65
606.92,273.17,238.25,281.89
612.07,276.57,235.72,285.26
616.28,279.57,233.87,286.52
619.53,283.85,232.56,285.81
624.86,285.37,232.07,285.3
632.48,287.18,230.36,284.35
640.01,290.64,228.32,283.92
645.58,291.16,226.37,283.95
650.62,292.54,224.29,285.46
658.46,292.3,221.47,285.72
665.43,291.15,219.76,285.63
672.89,291.69,218.18,285.4
679.17,292.61,216.74,285.77
684.97,293.91,216.52,284.78
689.17,294.53,217.72,283.38
694.62,293.3,218.19,282.98
700.76,290.52,218.84,283.52
704.86,289.54,219.75,283.92
709.23,289.68,220.92,284.66
712.1,290.78,222.96,284.75
715.27,290.14,225.44,283.68
719.63,289.31,227.23,283.39
721.06,286.5,229.07,283.65
720.14,287.92,231.58,282.72
719.99,288.53,233.81,281.48
718.44,286.44,236.93,280.25
715.82,286.15,240.47,278.94
713.45,285.88,243.82,277.95
711.47,282.91,248.91,277.04
710.08,280.33,253.22,276.82
705.68,280.29,256.26,276.77
700.9,279.46,259.32,277.15
698.11,276.73,261.72,277.35
698.74,278.57,262.62,277.22
695.77,279.77,263.89,277.29
695.76,280.21,264.98,277.12
692.75,282.06,267.95,276.37
691.44,284.75,270.36,275.87
690.72,286.61,272.53,274.96
688.31,287.38,275.54,274.19
684.7,289.56,278.35,273.37
680.75,288.26,281.85,272.78
679.28,290.56,284.54,272.8
676.69,289.37,286.46,272.86
674.88,287.77,287.54,274.31
669.86,287.02,289.17,275.89
667.25,285.96,290.79,276.98
662.65,285.09,292.98,277.97
655.45,284.81,296.72,278.33
649.93,284.34,300.07,279.46
643.54,285.85,303.03,280.77
636.97,286.71,306.08,281.09
635.09,291.37,309.69,282.29
629.71,292.64,313.21,283.29
624.85,294.34,316.87,284
615.48,295.72,320.73,285.28
607.59,297.19,325.54,286.69
601.9,296.89,329.78,287.73
593.03,294.43,332.06,289.77
585.02,296.43,333.25,292.33
577.59,296.73,335.39,293.77
574.24,297.69,336.51,295.01
568.5,297.62,338.27,297.41
561.99,297.6,341.4,299.98
556.39,297.71,344.15,303.43
552.93,299.12,345.64,306.42
548.74,300.71,348.36,310
542.6,302.41,351.53,314.09
539.44,307.48,353.62,318.86
534.53,311.52,357.61,323.06
528.94,311.13,362.63,327.05
523.71,313.8,365.83,331.68
519.56,316.22,369.7,336.32
514.04,319.05,375.4,340.14
507.57,320.61,382.44,342.52
502.41,322.91,388.42,345.64
499.75,324.14,392.87,349.42
497.97,326.74,397.57,352.95
497.44,327.95,400.2,356.55
492.41,327.94,401.62,359.73
490.34,328.5,405.62,362.4
487.49,327.35,409.36,364.11
484.43,327.29,413.1,365.37
482.34,326.19,417,366.69
475.29,324.54,421.43,368.37
471.14,322.24,424.43,371.01
464.4,321.14,428.69,374.66
452.53,321.28,434.41,377.54
440.68,318.42,439.56,380.45
432.54,315.39,444.06,383.22
421.86,311.86,448.13,386.39
412.74,309.19,452.75,389.28
400.5,307.58,455.63,392.47
389.06,310.27,459.97,394.5
382.82,310.54,463.27,396.68
377.7,310.88,466.48,399.28
370.62,309.16,470.92,401.45
365.19,307.15,473.37,405.14
362.4,302.55,474.94,409.94
361.2,297.41,476.46,415.03
364.2,291.73,476.92,420.4
364.58,286.97,476.85,425.76
364.77,283.39,478.58,430.13
368.94,281.01,480.39,434.41
368.45,279.5,483.76,438.1
369.11,279.3,486.98,442.22
371.03,278.36,490.92,445.74
373.35,274.38,493.57,449.1
373.49,268.44,495.41,453.89
377.84,260.41,495.21,459.4
380.1,254.07,498.49,463.23
380.7,244.55,500.1,468.03
383.93,233.93,501.39,474.35
389.7,222.97,498.66,482.69
394.28,209.06,496.18,492.3
398.2,195.28,493.25,503.19
400.45,185.77,491.54,513.3
402.02,175.37,491.52,522.35
405.63,166.73,489.6,532.28
409.4,160.74,489.55,539.75
410.7,153.14,490.41,546.17
413.9,147.06,491.46,551.04
414.16,139.5,491.68,556.2
414.03,135.14,489.78,561.49
416.36,134.69,487.31,565.97
419.13,131.8,487.39,567.9
421.62,130.17,485.08,572.28
422.31,129.47,483.44,575.18
421.28,127.63,481.97,577.03
420.93,128.8,480.54,578.4
419.51,129.02,480.82,578.57
419.09,129.47,480.95,579.2
417.03,126.91,481.11,580.27
415.04,127.07,481.65,580.9
413.88,125.39,481.59,582.31
414.12,123.5,481.84,583.92
412.64,122.65,482.24,585.59
411.39,121.36,482.38,586.75
410.02,120.89,481.96,587.94
408.34,119.63,481.62,589.17
407.47,117.84,481.04,590.87
404.16,116.74,481.54,592.01
402.31,114.04,482.33,593.22
399.3,109.98,483.56,594.66
398.35,105.43,483.25,595.45
398.32,101.92,481.95,597.02
399.56,99.19,481.28,598.96
397.08,97.716,481.95,599.51
396.34,95.702,481.9,600.42
395.66,93.623,481.33,600.82
395.23,90.53,481.22,601.8
397.24,89.308,480.2,602.11
397.82,87.915,479.44,602.99
397.39,87.443,478.48,604.64
398.12,88.903,477.19,605.27
399.55,91.494,476.37,605.1
400.52,93.548,475.86,604.28
402.54,96.104,475.05,603.3
403.97,97.13,474.79,602.57
406.41,97.077,474.08,602.57
407.69,96.085,473.69,602.09
410.29,96.358,473.06,601.7
414.55,94.524,471.29,601.48
417.81,92.607,468.54,601.99
421.96,92.942,465.84,602.36
426.47,92.107,463.32,602.48
428.1,92.037,461.43,602.03
429.87,90.823,459.69,601.5
431.7,90.386,459.31,600.6
433.53,89.43,457.9,599.96
435.53,88.468,456.77,600.32
436.88,88.579,455.64,600.71
437.78,88.992,454.96,601.71
438.5,88.47,454.17,602.47
439.46,88.334,453.45,602.26
441.6,91.366,452.02,601.55
442.79,91.087,451.67,601.52
442.96,94.159,450.57,601.45
443.49,94.225,450.26,601.31
443.29,95.482,449.44,600.6
442.77,94.591,449.82,600.21
441.24,95.55,449.61,599.34
441.47,95.843,449.87,598.76
440.54,95.757,450.55,599.36
439.85,96.179,451.69,599.46
438.61,95.205,452.19,598.94
438.09,90.959,452.53,597.61
441.27,91.384,452.45,597.64
441.7,93.436,453.13,597.08
440.61,92.123,454.51,597.46
441.15,92.532,455.09,597.39
443.29,90.234,454.35,597.66
444.17,89.529,454.55,597.58
444.91,89.087,454.68,597.73
445.19,88.352,455.01,598.14
446.22,85.348,454.34,598.66
447.67,84.446,453.89,599.26
447.73,82.543,454,600.53
447.75,80.532,453.91,603.37
447.94,77.242,453.69,605.61
447.75,77.007,453.99,607.52
452.79,78.505,454.06,609.47
455.05,81.115,454.72,609.72
457.4,79.886,455.18,610.45
457.3,77.4,456.6,611.77
458.8,77.04,455.94,614.31
458.19,80.274,456,615.99
454.5,87.141,458.03,614.6
450.31,90.749,463.56,611.69
447.39,96.134,468.23,608.96
445.93,99.232,472.01,606.96
445.73,102.86,474.14,606.65
443.86,108.89,477.92,604.92
443.1,111.8,481.16,604.86
442.16,114.43,483.59,605.07
441.81,119.2,485.98,604.02
442.79,123.39,488.61,602.77
441.84,126.41,493.03,600.54
441.97,129.24,498.59,598.36
441.92,128.7,503.34,597.61
446.26,123.46,505.39,597.7
449.81,115.59,504.91,600.77
451.18,109.62,505.22,602.86
452.81,106.62,505.54,605.33
459.56,96.444,504.41,608.13
469.11,84.016,501.38,614.99
476.52,79.241,497.24,623.54
492.47,81.237,492.08,630.78
502.57,72.502,488.8,637.46
516.57,74.817,486.19,642.99
529.91,78.073,485.72,647.92
544.8,75.741,484.27,652.62
559,73.135,484.67,657.28
580.58,71.504,482.59,659.72
600.78,75.356,480,658.34
618.95,78.015,480.71,655.86
641.43,82.699,477.63,655.11
668.39,90.989,476.74,655.2
691.22,90.459,475.18,652.33
714.22,96.063,475.7,647.3
733.44,101.87,480.23,638.24
753.27,113.74,483.68,629.65
769.94,117.3,486.13,620.67
787.33,124.72,485.25,609.21
802.92,130.79,479.72,601.17
805.92,134.36,472.34,591.48
804.82,137.89,466.05,584.52
805.16,148.34,462.2,575.85
805.1,168.01,461.6,567.68
805.11,183.04,457.67,557.94
814.83,186.77,454.78,553.52
854.17,182.69,446.68,549.49
854.55,178.87,440.96,552.52
907.16,160.85,434.57,558.78
904.86,177.6,430.73,561.36
899.82,157.52,430.4,561.82
886.91,138.68,430.36,561.88
878.52,126.08,430.35,561.89
871.83,113.12,430.33,561.91
549.74,-20.752,429.17,554.02
543.8,17.814,427.83,543.04
614.6,-26.013,410.42,549.61
620.45,-18.17,399.55,554.57
555.25,22.45,401.86,541.62
552.05,9.9246,402.12,533.57
549.23,-1.7827,400.33,526.86
546.13,-10.879,398.68,517.54
538.72,-22.337,396.88,508.53
529.05,-32.456,395.91,499.54
520.78,-40.396,394.71,490.94
514.1,-44.036,392.45,481.54
513.92,-47.753,388.78,470.86
517.2,-47.226,385.57,459.15
517.94,-44.487,382.54,446.89
518.45,-39.827,381.22,435.43
567.79,-43.594,376.7,426.08
571.34,-39.553,373.3,416.37
625.45,-41.076,366.61,408.81
634.11,-35.708,363.38,401.36
691.16,-33.806,355.77,395.35
740.95,-35.351,347.53,389.37
788.7,-34.751,337.85,383.73
834.68,-33.851,328.7,379.05
880.53,-33.35,320.47,374.71
922.91,-31.903,312.28,370.8
959.01,-28.585,302.13,366.68
1011.5,-31.754,280.17,374.81
1031.1,-33.673,262.56,382.06
1085.6,-40.611,236.7,395.59
1096.9,-43.349,215.97,403.99
1099.6,-34.767,203.75,405.97
1055.7,-23.9,203.97,400.41
1051.6,-16.673,204.12,397.45
1056,-13.444,201.57,397.57
1060.8,-11.681,198.61,397.52
1066,-8.8876,195.11,396.94
1071.7,-6.818,191.73,396.45
1076.5,-2.717,189.06,395.52
1079.6,-0.81161,187.03,394.62
1081.7,-1.0265,185.83,394.09
1082.5,-3.4068,184.95,393.4
1083.6,-6.3563,184.53,392.9
1083.2,-7.2125,184.31,392.62
1081.5,-6.12,184.23,392.49
1111.5,34.768,180.66,392.04
1117.5,57.526,173.76,394.11
1124.9,113.96,165.71,407
1129.1,135.77,158.2,421.67
1130.4,184.52,153.98,429.95
1126.3,197.51,152.53,432.04
1120.7,202.31,153.15,426.07
1107.9,204.6,158.69,413.86
1100.9,180.61,164.29,406.2
1094.2,184.7,167.82,399.47
1090.4,158.68,171.42,396.92
1086.6,166.04,174.58,392.36
1083.1,143.25,177.3,390.85
1042.4,183.55,189.12,377.66
1034.3,186.92,197.78,368.51
1000.1,369.28,211.95,355.76
997.93,374.74,224.2,343.73
995.27,379.71,233.83,333.9
993.47,385.26,241.7,325.96
988.06,413.08,252.22,315.03
978.5,409.71,261.16,307.92
945.45,402.78,268.32,303.47
920.34,394.45,271.96,301.5
896.23,385.01,274.58,300.01
872.06,376.3,277.38,298.81
847.44,370.86,279.95,298.97
818.6,367.49,283.25,300.96
808.43,362.86,285.93,307.46
775.98,328.23,287.09,313.25
761.25,328.43,290.27,324.58
727.59,292.09,291.59,329.13
724.09,258.44,292,334.76
717.72,262.36,292.6,340.12
708.13,227,293.51,343.41
713.19,229.59,285.71,354.46
711.47,230.56,281.99,361.72
662.52,189.47,284.41,360.8
700.42,191.31,279,369.91
696.88,155.46,274.41,377.74
692.87,125.78,270.33,385.08
688.11,100.17,267.11,390.86
625.84,383.18,290.04,370.95
609.54,383.43,307.47,359.91
593.58,390.84,319.13,351.87
581.23,396.31,330.18,344.82
570.97,397.63,335.89,340.22
561.9,396.43,342.25,337.62
566.68,394.75,341.59,337.96
569.84,394.11,341.4,337.8
581.92,394.46,340.2,338.47
594.34,390.92,339.6,339.66
614.48,385.39,338.37,342.69
632.36,384.31,335.57,343.22
649.88,384.55,332.39,344.3
672.5,383.44,330.59,344.38
689.98,380.33,326.69,346.82
704.25,378.13,324.08,349.41
719.93,375.36,323.91,351.4
731.14,373.18,324.4,351.95
737.34,373.1,324.03,352.58
740.26,374.81,322.9,351.48
742.91,375.27,318.38,351.87
746.6,375.52,315.9,351.2
747.45,377.88,316.03,349.39
746.93,385.47,316.95,346.5
742.94,390.52,318.07,342.05
733.27,394.22,320.77,337.45
717.73,398.12,325.51,333.2
706.32,395.78,329.01,329.84
693.87,396.06,331.62,327.31
681.96,395.72,333.93,325.86
673.29,392.62,336.15,325.6
670.26,385.72,334.41,327.78
660.91,382.26,337.46,328.94
653.52,381.4,337.9,330.97
648.49,380.66,338.18,332.65
643.91,377.17,337.67,335.5
639.99,371.99,335.47,339.27
633.13,369.27,335.05,342.04
626.63,367.75,334.86,346.14
620.02,365.14,335.23,348.92
610.24,363.92,339.91,348.3
606.49,359.29,343.06,351.99
606.09,356.86,347.3,355.2
604.36,353.92,355.4,358.24
603.74,349.19,363.07,358.88
603.97,345.23,371.62,361.21
599.49,342.02,384.03,360.6
602.14,334.42,390.23,364.48
607.58,329.12,393.47,368.89
610.48,329.37,397.8,371.96
617.1,328.55,402,377.17
627.05,328.85,402.94,380.62
634.66,330.98,404.2,384.54
643.29,328.07,404.94,390.11
643.33,325.78,407.25,394.57
640.95,321.36,411.66,398.61
636.96,315.37,416.02,401.89
629.51,311.49,420.69,405.7
621.44,306.2,421.99,410.73
612.64,302.72,425.17,414.56
604.09,296.63,429.28,417.86
594.26,291.89,432.35,421.58
586.1,292.75,435.3,424.03
581.29,292.21,438.56,425.85
574.87,289.73,444.52,428.25
567.61,293.04,450.46,428.71
559.09,296.61,457.91,427.13
546.96,295.29,462.45,426.61
535.98,288.21,467.45,429.02
533.06,285.6,472.01,429.64
525.7,286.51,478.66,430.65
518.65,285.08,483.68,431.68
519.3,284.2,485.98,433.58
510.47,282.33,488.68,436.15
504.23,278.7,490.45,440.08
502.16,273.32,492.75,442.7
496.92,266.83,495.06,445.95
495.68,259.53,493.67,450.82
495.08,254.06,494.26,455.19
495.16,246.49,492.68,459.69
496.92,238.09,489,464.67
501.76,235.86,484.3,474.49
504.67,233.86,483.37,479.94
506.98,230.65,483.22,483.05
508.19,225.64,485.55,485.44
510.19,219.21,486.93,489.4
509.81,215.58,488.44,495.03
509,211.68,490.92,499.69
507.63,208.36,492.23,504.97
507.5,207.85,492.54,507.98
500.11,211.94,498.38,507.17
491.21,212.85,503.81,507.04
486.1,210.95,506.55,507.11
480.94,206.38,508.19,507.91
475.25,204.11,508.36,508.48
469.32,204.58,508.07,509.07
463.87,208.01,506.81,507.92
456.93,210.4,505.41,505.56
450.66,212.77,505.58,504.15
446.72,212.55,504.56,504.15
440.54,210.07,503.69,504.76
438.42,208.49,501.67,505.5
436.27,208.26,499.38,506.37
431.94,210.26,497.49,508.03
428.99,212.24,495.82,508.59
426.47,212.31,495.01,508.91
423.69,214.22,493.85,509.38
415.81,212.32,493.19,510.43
407.25,209.82,493.39,510.13
398.01,210.61,493.32,509.52
392.82,211.04,491.73,508.05
387.14,213.54,490.86,504.33
382.7,216.55,489.37,501.49
376.35,222.51,489.62,498.45
369.77,230.05,490.1,493.35
369.84,234.53,489.49,488.57
366.61,238.14,491.54,484.8
363.57,238.17,492.67,483.31
360.03,238.51,493.8,482.47
359.48,237.5,494.68,483.01
356.54,238.08,495.94,485.02
354.85,236.78,496.94,485.94
361.86,233.79,496.49,484.99
363.43,233.17,494.85,486.09
370.05,231.59,494.84,486.87
375.03,233.27,494.24,487.76
377.28,235.88,495.53,485.71
380.04,236.77,497.18,483.43
380.78,237.97,498.28,482.5
381.39,242.74,500.07,480.9
377.03,247.18,503.13,477.43
373.96,249.09,504.58,475.5
373.37,252.59,504,472.76
374.93,252.53,505.02,469.36
372.85,249.21,505.24,468.92
369.87,248.89,505.46,468.34
366.48,245.93,505.22,468.57
358.71,245.28,503.91,468.67
353.23,246.98,503.87,467.91
349.7,247.46,503.07,468.46
346.94,249.09,501.71,468.94
345.65,253.23,502.2,467.68
345.31,253.27,503.94,465.73
340.49,252.9,506.92,463.13
335.27,252.06,506.94,462.71
330.67,251.96,507.4,461.28
327.92,248.93,506.57,462.19
327.18,249.04,504.98,463.43
326.01,251.7,504.2,464.36
324.24,254.61,503.09,465.08
326.3,257.79,501.89,463.57
325.51,262.15,500.2,462.62
328.32,262.3,499.51,461.4
330.67,264.72,498.9,459.6
333.13,266.94,497.5,458.31
339.1,267.32,495.03,458.47
347.95,265.86,493.54,457.53
356.76,264,491.96,457.52
364.78,262.32,492.72,456.97
374.02,264.06,493.17,455.69
384.17,262.36,496.69,454.33
388.53,259.73,500.55,452.95
394.92,249.26,503.02,454.44
400.42,235.69,500,460.04
411.83,220.35,495.3,465.87
424.98,202.15,491.08,471.91
438.58,194.91,485.9,477.25
448.76,196.64,483.38,480.04
458.17,199.26,479.02,483.8
466.29,204.14,475.97,486.63
473.22,207.7,473.67,490.63
473.33,215.39,474.42,493.07
473.8,225.32,476.82,492.85
473.88,229.76,479.02,490.68
463.95,230.54,483.09,486.97
456.25,232.02,483.99,485.17
447.64,230.82,484.22,484.74
439.47,236.52,485.33,483.66
436.34,235.82,486.34,483.47
434.74,235.11,486.98,484.99
432.48,233.02,489.63,485.71
431.41,230.6,489.97,489.19
432.09,227.58,490.21,493
432.18,225.66,490.84,493.6
432.29,225.08,490.49,494.65
432.42,223.07,488.9,496.05
431.9,219.59,487.63,497.39
429.48,218.18,488.34,500.2
426.38,215.84,489.03,502.74
422.34,214.95,492.27,504.36
420.34,211.79,493.52,508.03
419.39,207.87,493.64,513.87
422.79,200.86,490.18,520.73
426.79,192.64,485.55,527.82
430.05,188.81,484.07,534.08
431.13,185.28,483.04,539.24
434.86,178.93,481.88,542.14
435.34,176.19,478.53,545.72
438.65,173.99,473.05,549.2
439.74,171.8,469.09,552.37
438.98,166.09,465.94,556.37
435.04,165.83,462.1,559.13
433.9,165.71,459.28,561
436.4,164.48,456.89,563.82
437.4,160.94,456.27,566.08
438.9,158.84,456.56,567.14
441.65,156.61,455.75,567.91
447.26,202.62,466.88,550.47
445.37,188.85,472.76,542.12
445.63,178.85,473.2,540.79
442.08,173.13,473.97,542.66
440.28,166.9,476.36,543.86
437.86,163.54,478.21,544.78
434.53,160.99,480.8,546.56
435.22,156.86,483.37,547.73
433.56,160.8,487.96,545.67
433.23,167.49,490.35,545.56
427.6,177.19,492.49,542.43
417.04,178.82,499.35,534.62
413.47,179.55,506.81,528.44
411.56,182.14,512.09,525.22
412.03,184.45,514.36,523.03
412.49,188.17,515.63,520.52
415.92,193.24,518.12,516.78
421.31,195.84,520.48,513.19
427.1,200.69,522.81,510.42
435.18,202.4,524.29,507.61
441.69,205.24,525.01,505.34
446.87,207.06,524.61,503.44
455.22,210.61,524.44,502.51
465.29,209.23,521.73,501.93
474.08,204.37,518.44,503.83
482.32,205.32,516.36,506.03
485.5,202.58,514.28,507.63
485.98,201.92,514.08,509.12
481.62,199.34,514.06,510.01
480.95,195.6,513.74,511.7
477.61,188.97,513.09,515.49
475.5,237.01,525.95,502.07
469.32,217.47,531.64,499.91
456.38,252.23,545.73,485.95
450.86,224.58,545.79,488.98
440.45,250.32,552.8,481.23
430.5,222.99,552.21,487.6
419.82,246.58,556.04,481.23
405.56,265.24,561.29,469.17
398.82,230.83,552.86,478.31
389.27,248.32,552.96,473.24
388.98,209.96,535.6,487.35
385.47,222.02,527.02,493.99
376.19,227.75,520.95,494.13
373.37,235.97,513.02,491.92
372.47,239.42,505.56,488.4
372.4,242.46,500.02,483.14
381.41,209.56,485.32,494.37
373.38,225.51,481.29,495.22
381.04,208.61,471.86,504.13
374.45,227.35,471.52,500.36
375.56,239.59,471.39,492.67
384.42,248.1,470,484.03
428.99,213.11,462.27,489.58
418.89,228.43,463.82,490.7
419.41,245.48,466.74,486.25
430.92,219.61,464.95,492.16
427.49,243.65,471.48,487.54
429.98,216.96,473.84,491.91
420.27,246.71,483.26,486.13
418.33,223.53,482.89,493
404.54,252.17,486.44,484.06
394.93,225.27,482.85,492.34
377.06,255.46,488.62,483.1
367.77,232.59,484.2,489.54
358.31,210.61,479.2,501.05
351.76,195.19,472.45,514.01
348.66,186.11,468.15,524.97
346.89,182.34,466.16,533.84
346.37,184.24,467.17,539.66
348.74,188.92,473.39,542.04
346.68,188.82,485.16,536.25
350.26,189.86,495.6,531.72
348.82,192.73,508.99,527.33
351.38,201.83,523.36,519.04
351.53,203.16,535.16,509.53
353.07,203.77,543.24,501.47
346.04,188.18,543.27,503.79
350.53,179.6,539.67,510.32
351.24,173.78,537.24,516.67
357.15,168.95,532.82,524.54
358.15,161.62,528.35,531.36
363.21,162.8,526.4,536.67
366.94,159.4,522.84,541.27
377.26,156.19,518.2,546.1
384.36,156.76,515.81,547.59
390.53,154.95,513.8,547.88
397.38,152.8,513.64,547.49
403.77,151.67,512.56,547.92
409.26,146.39,510.28,551.2
419.74,143.71,507.64,553.99
428.7,141.79,503.68,555.51
437.46,142.22,500.49,557.23
443.33,140.99,498.33,559.02
450.59,140.73,496.36,560.76
461.69,141.49,493.47,563.94
470.33,142.97,490.7,565.8
474.94,144.24,487.42,568.51
475.78,143.92,484.99,569.96
477.72,146.49,483.83,570.18
478.35,150.44,484.01,567.83
479.92,155.03,484.45,562.89
478.44,161.4,482.89,557.71
477.69,162.29,481.65,551.27
471.64,158.3,480.24,547.33
466.45,159.84,479.14,543.1
458.44,160.77,477.54,536.13
451.36,162.74,477.85,528.15
443.34,163.06,474.8,522.14
435.04,163.62,471.66,518.28
418.87,159.42,471.55,513.75
405.68,153.39,467.29,510.28
387.42,149.06,465.43,507.9
370.12,150,465.24,505.27
356.06,147.54,462.81,505.69
344.63,148.05,459.51,505.58
334.37,146.59,456.48,504.78
325.92,145.49,451.01,505.91
322.4,141.72,446.81,508.32
321.21,147.62,442.47,512.69
327.26,157.91,440.25,514.05
334.61,175.82,439.37,512.92
342.81,193.63,441.17,510.23
354.45,212.14,441.86,506.22
364.74,225.02,444.66,500.11
379.01,228.41,444.96,498.6
392.23,227.88,445.7,497.6
400.66,230.96,442.52,499.14
413.83,230.98,438.76,498.93
427.46,226.69,435.07,497.05
438.39,226.43,428.37,498.7
452.25,221.36,421.22,500.43
461.71,220.51,415.22,500.65
478.46,215.86,411.52,504.14
493.32,212.43,407.12,507.05
508.51,216.02,407.4,507.25
516.04,218.65,406.65,507.36
522.65,221.4,406.84,506.42
520.18,223.94,407.86,503.19
514.38,225.73,408.8,500.36
509.13,232.68,408.68,495.72
502.24,243.32,408.08,489.3
497.5,249.63,410.36,479.61
482.87,245.99,406.4,475.03
469.27,242.27,400.06,473.24
446.69,241.3,395.52,473.68
429.02,234.92,389.75,476.41
414.62,225.39,383.97,480.92
396.28,214.14,379.55,485.82
377.18,206.99,377.18,491.88
359.27,202.09,377.56,496.26
351.84,202.1,378.68,499.91
347.25,195.56,381.24,504.67
340.91,189.59,385.47,509.54
335.98,185.72,389.58,512.81
338.28,178.1,396.06,515.65
341.8,168.03,399.98,520.06
347.51,159.76,401.24,524.22
366.79,132.31,383.03,556.38
385.3,119.15,370.47,581.66
402.71,105.77,361.96,599.54
421.59,92.768,354.88,609.65
435.78,84.884,350.74,615.15
446.51,75.871,348.26,616.88
459.81,65.278,344.68,618.84
475.51,57.432,339.03,619.44
488.19,52.591,333.1,620.79
500.34,46.99,326.73,624.19
517.79,42.943,319.67,629.71
532.47,46.866,314.59,634.41
546.69,45.76,309.59,639.16
556.28,46.998,305.44,646.04
565.65,39.443,303.68,653.35
570.49,30.745,304.68,661.91
570.67,23.225,306.29,668.82
569.06,16.705,308.6,674.91
563.9,15.962,311.18,681.11
559.62,12.197,313.37,684.93
551.18,9.8299,315.7,686.8
540.4,12.398,318.57,687.8
532.42,9.7951,321.41,688.01
527.49,6.8684,323.82,688.39
519.02,11.27,327.72,691.07
510.31,12.315,332.05,690.74
500.74,14.06,336.37,691.78
493.09,17.574,339.85,692.57
489.82,18.722,343.35,693.39
486.21,17.879,345.43,694.48
483.84,19.831,345.59,693.97
482.53,22.732,347,691.64
483.69,27.452,348.74,690.52
481.54,32.661,350.06,689.66
484.12,37.047,349.54,689.38
488.68,36.178,349.25,690.33
492.66,34.68,348.11,691.46
492.93,31.04,347.64,692.24
498.18,32.78,344.95,692.05
501.06,36.7,342.97,690.35
505.13,42.388,340.02,689.13
506.73,46.264,338.57,687.2
509.26,52.307,336.65,684.71
508.95,57.085,335.38,680.45
506.07,63.001,335.59,674.56
502.25,63.452,333.94,669.32
493.6,81.498,334.7,661.34
483.97,73.717,334.78,656.18
479.16,73.454,331.2,654.2
469.97,75.768,330.3,650.51
460.59,74.192,329.29,646.48
448.25,92.521,330.4,642.93
440.53,88.303,329.92,637.91
435.88,85.913,329.09,636.44
430.44,83.571,328.98,636.03
424.64,81.425,329.39,636.75
416.85,104.07,329.05,634.06
415.75,91.498,329.47,632.32
414.12,89.279,328.81,631.32
411.43,89.842,327.1,633.31
410.45,83.923,327.19,635.92
410.53,87.474,326.02,636.75
407.83,83.265,326.62,637.65
407.83,81.574,324.57,637.18
406.3,82.835,322.24,636.05
404.46,84.87,320.72,635.83
400.65,84.042,319.58,636.88
397.79,85.149,318.52,636.21
395.46,81.347,317.94,637.15
394.77,78.193,316,639.99
394.96,78.471,315.94,641.61
392.76,78.814,316.94,642.45
389.69,74.327,318.13,644.08
386.87,71.076,318.89,646.37
385.61,68.897,320.41,648.7
383.32,66.289,321.82,648.59
380.54,63.037,323.64,648.91
376.34,62.422,326.03,649.13
371.54,62.558,327.15,652.09
366.87,63.325,327.5,655.02
360.71,59.931,328.11,653.54
357.2,54.527,327.65,655.18
356.55,50.646,327.91,658.04
356.39,46.643,328.83,660.76
354.39,40.841,330.92,663.5
350.62,33.193,335.81,665.9
347.49,24.402,341.27,671.22
347.21,15.724,347.31,673.13
347.84,15.689,354.2,675.72
354.2,16.373,358.14,681.61
360.78,9.8459,358.67,687.97
369.7,3.9343,358.92,694.34
378.59,-4.8972,359.17,704.15
392.99,-6.7469,358.81,709.76
408.58,-9.3943,357.91,712.86
427.69,-9.6585,355.9,715.9
447.71,-9.0579,352.46,720
470.06,-7.8495,350.16,720
495.55,-3.1607,346.74,720
517.88,4.9628,342.52,720
537.92,9.8803,337.21,718.11
553.8,14.187,332.67,718.44
568.54,18.924,328.23,720
572.03,19.961,327.27,720
574.57,20.838,326.17,720
574.12,24.716,327.75,719.15
575.16,29.621,330.35,717.76
571.66,27.048,336.53,716.73
567.15,14.33,343.11,717.6
564.73,0.31882,352.38,713.34
563.43,-5.7047,359.86,712.97
559.99,-11.843,366.49,710.82
554.71,-7.2608,373.49,706.73
547.99,-1.1836,378.82,704.5
542,-2.3656,381.68,706.44
541.03,-5.1757,386.07,707.8
538.67,-6.7161,389.78,709.46
538.65,-0.37387,392.75,708.89
540.05,-2.2358,394.75,707.62
542.24,1.2165,396.4,704.76
544.92,8.7121,399.63,699.26
549.65,19.96,402.11,697.47
554.64,26.213,403.63,694.73
560.29,24.197,404.48,692.69
565.35,21.171,407.22,691.04
569.91,21.984,408.69,689.94
572.43,22.032,410.75,688.68
574.23,25.398,414.01,685.71
573.92,27.99,417.33,684.24
573.35,27.406,418.53,685.89
571.37,25.045,418.7,687.33
571.25,18.704,417.79,688.37
570.78,16.056,418.86,689.1
571.94,12.929,419.08,690.84
572.2,11.901,420.15,689.88
571.67,7.9784,421.18,690.13
570.85,2.9356,424.04,690.6
568.9,1.7171,425.33,696.54
565.73,-4.5628,427.52,703.19
564.57,-2.7001,429.29,706.89
560.7,-5.3522,432.66,707.28
558.63,-7.6266,434.54,708.35
559.11,-7.5635,434.14,707.97
559.15,-5.2938,434.44,706.19
559.03,-12.76,432.93,707.93
562.79,-19.601,431.76,710.61
565.45,-25.92,430.69,712.44
564.97,-28.711,428.2,714.18
566.21,-24.789,423.95,716.89
565.52,-28.397,419.48,719.97
566.02,-29.092,413.41,720
566.46,-28.715,406.85,720
565.45,-27.738,399.43,720
565.31,-30.221,392.37,720
563.36,-31.728,386.56,720
560.46,-29.14,383.33,719.17
555.84,-22.869,379.87,718.37
553.19,-15.082,376.59,715.21
547.46,-16.165,373.48,712.95
544.38,-15.014,369.29,710.79
540.35,-12.457,366.58,708.42
536.84,-11.664,365.81,704.48
535.01,-7.3397,364.92,701.04
533.68,-3.6255,364.3,698.94
530.74,-4.4838,362.34,699.48
531.4,-2.9148,359.64,701.2
530.6,-4.4138,356.03,702.48
531.52,-8.3288,351.6,704.74
533.85,-10.31,348.64,707.34
537.04,-8.7524,346.52,706.72
538.18,-2.6652,344.03,707.38
542.02,2.021,341.61,707.49
546.93,4.0195,339.87,706.11
550.25,11.06,338.75,703.73
551.28,14.842,339.03,697.64
553.44,22.429,339.59,692.45
555.75,27.295,339.75,688.61
557.82,31.184,339.36,685.54
558.42,33.078,338.62,683.08
555.34,38.736,337.68,680.34
548.6,38.927,335.76,678.24
540.71,41.472,333.57,673.43
529.71,45.273,330.8,670.3
519.7,52.43,328.44,664.52
510.3,60.359,326.5,660.07
497.7,61.945,324.77,659.31
485.24,60.143,323.2,657.27
476.47,58.646,321.35,655.39
464.25,56.123,320.52,654.9
455.29,55.164,320.22,654.21
446.54,54.207,318.33,657.28
438.09,55.53,317.23,661.49
431.34,53.653,318.95,662.55
429.08,50.986,321.26,659.98
423.29,47.543,322.01,662.59
417.53,47.881,324.95,663.3
415.72,47.5,327.14,663.89
417.72,40.397,327.27,665.1
421.65,38.565,329.18,666.74
427.15,36.193,331.27,672.25
430.8,30.114,333.23,676.78
434.5,23.151,335.95,684.55
439.8,16.492,340.56,691.93
445.26,15.09,346.14,696.71
449.11,12.838,351.79,698.97
457.26,16.054,355.67,700.42
461.41,19.117,360.49,703.06
468.09,21.011,363.2,702.46
472.08,21.946,367.16,699.24
472.48,20.709,368.21,699.7
478.26,25.662,367.83,699.91
479.59,30.786,368.48,694.44
478.95,32.463,366.44,687.41
478.64,38.748,362.7,685.48
477.46,41.681,359.35,680.74
475.9,48.56,356.2,677.97
471.9,52.198,354.53,671.42
467.92,57.384,353.29,666.81
460.48,60.906,352.08,661.6
457.06,61.592,350.64,657.05
453.18,61.469,349.44,654.31
448.31,64.335,348.35,653.11
446.85,65.226,348.05,652.38
443.58,60.854,347.61,652.97
442.13,56.389,348.16,654.16
442.11,60.158,348.61,655.14
439.86,57.68,348.92,654.54
441.19,55.509,348.86,652.93
443.29,54.407,347.92,653.34
447.41,54.164,347.12,655.08
455.16,50.868,345.98,656.96
460.32,50.465,345.29,658.96
467.98,47.528,344.7,664.02
474.47,47.263,344.96,668.46
480.67,38.461,345.19,672.73
486.24,37.033,346.04,676.63
493.65,34.505,347.06,679.73
500.6,36.262,348.17,685.98
507.23,33.746,348.28,692.35
514.61,29.909,348.75,698.43
518.57,26.405,349.48,702.08
523.67,24.657,350.67,704.84
528.86,26.631,350.48,706.02
533.36,25.763,348.75,704.16
537.2,24.545,347.81,702.46
543.96,25.101,345.79,701.45
549.03,31.55,345.14,697.25
553.01,38.03,344.34,692.47
554.03,41.878,344.3,687.6
554.58,42.662,342.6,685.71
554.28,44.999,341.38,685.46
554.21,42.093,340.94,686.19
554.16,42.618,340.47,686.83
556.3,43.88,340.69,686.39
554.31,41.983,340.2,685.5
554.6,43.763,339.06,684.17
556.52,43.381,338.09,683.01
556.83,43.87,336.16,682.76
555.33,42.861,335.59,682.03
554.02,42.281,334.5,681.21
553.62,43.171,333.12,679.99
550.12,43.252,332.35,677.77
550.32,45.39,331.35,676.91
547.9,48.72,331.46,673.74
543.72,49.014,332.23,671.37
542.62,52.471,333.09,670.73
543.32,52.724,333.63,669.43
543.63,50.563,334.92,668.59
544.76,45.9,337.27,669.39
547.08,43.833,338.45,670.87
548.9,43.184,340.02,673.07
551.4,40.999,341.61,675.56
555.71,31.729,342.89,679.66
560.04,25.702,343.77,683.82
