134,194,56,49
137.88,196.29,55.646,48.2
140.01,198.15,55.473,47.626
141.8,198.98,55.308,47.334
143.1,201,54.527,46.619
145.66,201.72,53.634,46.321
146.9,202.75,52.819,46.025
147.32,202.77,51.979,46.148
149.81,202.93,51.05,45.918
150.78,204.66,50.076,45.313
151.57,205.61,49.364,45.185
152.01,205.92,48.914,44.771
152.2,206.48,48.41,44.329
153.24,207.9,47.926,43.543
153.42,209.11,47.238,42.733
154.54,209.83,46.289,42.107
154.73,210.3,45.087,41.171
156.34,210.96,43.565,40.474
157.94,212.59,42.43,39.58
159.39,213.47,41.068,38.966
160.76,213.19,39.863,38.533
162.82,214.13,38.229,38.151
164.96,214.82,36.714,37.866
166.39,215.4,35.031,37.699
168.85,215.28,33.196,37.767
170.02,214.44,31.614,37.897
172.28,212.79,29.006,40.125
173.73,211,27.231,41.654
174.9,209.4,26.37,42.285
171.78,172.13,26.161,41.074
172.44,171.1,25.835,40.089
173.07,170.54,25.534,39.31
173.21,171.3,25.331,38.676
172.48,172.15,25.563,37.809
172.11,172.11,25.606,37.507
169.06,172.74,27.577,36.118
166.36,176.18,29.147,34.52
169.63,172.48,29.247,34.022
168.31,173.13,29.512,33.503
165.61,174.56,30.072,32.759
160.42,179.75,31.26,31.552
154.63,184.08,33.254,29.452
142.51,184.27,33.354,29.165
134.05,183.7,33.28,28.792
128.14,186.81,33.7,26.986
115.7,181.79,32.183,27.488
97.355,174.33,31.171,27.479
84.992,162.36,30.742,27.32
92.422,170.1,31.407,26.447
93.41,170.03,31.44,26.411
90.367,167.09,30.991,26.89
90.829,163.51,30.606,27.249
87.331,159.59,30.814,27.052
80.213,156.02,31.203,26.41
68.974,156.78,31.764,25.508
58.588,153.71,31.985,24.887
62.499,128.13,31.069,24.692
54.896,127.38,30.305,24.282
47.641,126.27,29.873,24.108
27.023,122.62,28.761,24.05
23.46,122.97,27.802,23.832
24.543,122.55,25.347,24.881
25.209,125.06,23.586,25.592
25.052,124.4,22.275,25.945
22.358,126.92,21.227,26.033
20.098,127.01,19.928,26.116
13.019,133.22,21.977,23.587
12.389,136.81,23.297,21.702
15.814,137.14,23.873,20.256
19.416,137.62,24.052,18.841
22.524,137.74,24.144,17.851
19.686,137.85,24.413,16.947
22.891,137.72,24.933,16.121
27.64,135.5,25.062,15.561
31.789,133.22,24.888,15.371
43.998,130.82,24.587,14.874
47.943,128.95,24.118,14.539
43.348,124.57,23.814,14.402
41.266,129.93,23.703,14.414
46.595,130.22,23.547,14.096
49.661,132.68,23.054,13.653
50.074,132.98,22.549,13.399
50.635,133.39,22.228,13.078
50.959,133.44,22.161,12.727
53.267,133.58,21.94,12.423
53.874,135.88,21.575,12.273
54.429,136.19,21.147,12.055
57.305,136.19,20.86,11.795
57.98,136.18,20.436,11.462
58.63,134.39,19.922,11.244
61.476,132.65,19.372,11.063
62.151,130.96,18.966,10.899
60.725,131.07,18.508,10.703
60.933,131.4,18.09,10.577
59.455,131.46,17.682,10.384
59.502,131.66,17.546,10.244
59.845,129.97,17.303,10.153
59.967,130.21,17.071,10.027
60.368,128.54,16.621,10
57.437,128.53,16.56,10
57.723,130.18,16.307,10
58.032,130.17,16.163,10
57.992,130.26,16.175,10
57.971,130.29,16.235,10
58.181,130.34,16.274,10
58.302,130.46,16.405,10
56.715,130.54,16.317,10
58.738,130.9,16.211,10
60.544,131.07,16.104,10
60.849,131.18,15.97,10
61.326,129.73,15.935,10
61.732,131.53,15.868,10
62.357,128.4,15.723,10
62.691,128.69,15.147,10.31
60.81,129.13,15.294,10
59.22,129.16,15.379,10
57.833,128.08,15.391,10
59.786,128.43,15.269,10
60.063,128.73,15.21,10
60.529,129.02,15.233,10
60.631,128.99,15.367,10
59.384,129.05,15.372,10
59.423,129.02,15.489,10
58.287,127.51,15.445,10
56.913,127.56,15.439,10
55.328,127.58,15.384,10
55.678,127.57,15.307,10
54.317,127.64,15.174,10
54.901,127.61,14.933,10
53.753,127.5,14.77,10
54.042,127.59,14.796,10
52.477,127.64,14.908,10
52.891,127.66,15.216,10
53.077,127.63,15.465,10
51.573,127.53,15.483,10
51.84,127.46,15.591,10
51.862,129.04,15.613,10
51.77,128.95,15.467,10
50.286,127.38,15.438,10
50.522,128.83,15.431,10
52.418,128.8,15.496,10
50.951,128.63,15.322,10
51.245,128.48,15.192,10
51.399,128.49,15.018,10
53.215,130.05,14.992,10
53.628,129.96,15.023,10
54.028,131.71,14.831,10
54.472,131.7,14.661,10
54.765,130.18,14.799,10
54.854,130.05,15.021,10
54.887,128.47,15.049,10
53.395,128.46,14.892,10
50.307,127.21,14.99,10
50.313,127.33,15.222,10
50.333,127.54,15.475,10
49.19,127.9,15.654,10
49.803,128.54,15.721,10
50.12,128.91,15.865,10
50.433,129.51,15.929,10
50.773,129.84,16.035,10
51.448,130.29,16.072,10
51.488,130.74,16.126,10
51.438,131.13,16.209,10
51.538,129.85,16.255,10
53.294,130.39,15.853,10.355
53.525,130.98,16.087,10.206
59.084,132.62,16.092,10
63.389,132.74,15.966,10
65.505,134.54,15.909,10
67.322,133.18,15.89,10
68.116,133.05,15.891,10
68.593,131.36,15.714,10
70.876,131.03,15.566,10
71.478,129.36,15.424,10
71.789,130.71,15.379,10
71.894,128.86,15.491,10
72.464,128.61,15.607,10
71.155,128.41,15.448,10
69.687,128.44,15.391,10
69.881,128.24,15.551,10
66.485,128.22,15.771,10
66.487,128.24,15.834,10
64.774,126.61,15.911,10
64.866,126.61,15.986,10
63.434,126.54,16.005,10
62.187,128.01,15.967,10
60.821,122.93,15.815,10
61.237,121.33,15.605,10
59.424,122.83,15.734,10
59.865,121.06,15.757,10
60.301,117.81,15.715,10
60.681,117.88,15.879,10
61.16,117.9,15.628,10
59.6,116.28,15.529,10
58.414,112.98,15.543,10
62.004,111.48,14.902,10.6
64.336,111.54,14.001,11.326
64.728,111.76,13.743,11.538
63.485,110.13,13.397,11.799
62.423,109.77,12.428,12.5
65.395,111.89,13.422,11.756
64.704,113.78,14.02,11.287
64.61,112.76,13.671,11.579
62.743,113.1,14.141,11.177
62.667,113.18,14.557,10.879
60.88,112.26,14.309,11.127
58.836,112.75,14.109,11.272
56.756,116.34,13.967,11.44
56.395,116.89,13.798,11.639
54.253,118.59,14.298,11.189
53.877,115.73,13.928,11.486
51.663,114.44,13.704,11.712
49.55,113.4,13.603,11.847
47.551,113.9,14.062,11.394
45.723,114.2,14.493,11.076
45.474,114.62,14.778,10.742
45.814,116.62,15.006,10.483
47.393,116.87,15.122,10.399
48.848,115.82,14.691,10.75
48.815,117.69,15.088,10.501
48.8,118.03,15.496,10.243
48.628,119.79,15.567,10.123
48.744,119.92,15.736,10
47.411,119.88,15.777,10
48.101,119.95,15.624,10
49.918,119.95,15.672,10
49.813,120.14,15.631,10.027
49.962,118.76,15.516,10.047
49.869,119,15.515,10.012
50.051,117.72,15.54,10
48.505,118.11,15.591,10
48.981,118.24,15.677,10
48.739,118.26,15.661,10
47.208,118.25,15.758,10
48.792,116.85,15.739,10
50.352,115.76,15.391,10.286
48.754,117.71,15.405,10.257
48.915,118.15,15.475,10.206
48.586,119.91,15.531,10.089
50.211,120.06,15.562,10.018
48.451,121.36,15.789,10
48.705,120.03,15.82,10
48.619,120.18,15.826,10
48.552,120.33,15.834,10
48.507,120.49,15.815,10
48.422,120.64,15.863,10
48.592,120.69,15.906,10
48.992,119.38,15.935,10
49.389,119.62,15.99,10
49.51,119.94,16.031,10.001
49.606,120.37,16.082,10.064
50.001,120.72,16.103,10.036
50.053,121.05,16.022,10
50.04,121.01,15.947,10
49.895,121.13,15.933,10
50.301,121.31,16.088,10
50.399,121.54,16.133,10
50.43,121.78,16.161,10.003
50.458,121.93,16.099,10.012
50.416,122.27,16.306,10.01
50.303,122.39,16.408,10.012
48.747,122.61,16.526,10.019
50.295,122.84,16.49,10.058
50.258,123.07,16.415,10.072
50.355,123.24,16.421,10.07
50.51,125.19,16.323,10.036
50.41,125.49,16.305,10
50.697,125.45,16.451,10
50.842,125.5,16.55,10
50.836,123.94,16.58,10
51.091,124.34,16.519,10
51.074,126.13,16.519,10
49.083,127.27,16.506,10
52.24,124.27,16.355,10.044
53.919,123.27,15.718,10.665
54.052,122.32,15.26,11.091
54.056,122.89,14.867,11.443
54.01,123.04,15.156,11.168
53.974,123.16,15.289,10.941
55.669,122.16,14.878,11.219
55.482,122.47,14.547,11.47
55.537,121.06,14.916,11.114
55.643,121.31,15.214,10.844
55.382,121.42,15.306,10.597
55.188,121.47,15.441,10.406
55.312,121.62,15.687,10.268
55.259,121.8,15.737,10.193
56.955,122.19,15.145,10.654
56.621,122.22,15.269,10.479
56.371,122.32,15.431,10.333
56.301,122.57,15.606,10.242
56.002,122.69,15.629,10.186
55.973,122.84,15.762,10.106
56.157,123.04,15.931,10.012
55.92,121.63,15.846,10
57.482,121.9,15.765,10
57.443,122.09,15.738,10
57.345,122.24,15.741,10.003
57.558,122.4,15.799,10
57.758,122.61,15.751,10
57.82,122.63,15.577,10
57.846,122.6,15.54,10
57.954,122.6,15.495,10
58.027,122.52,15.524,10
58.104,122.43,15.535,10
58.127,122.66,15.512,10.011
56.721,122.6,15.649,10
56.792,122.5,15.714,10
56.761,120.91,15.754,10
56.469,121.16,15.705,10.061
56.536,121.48,15.885,10.08
56.262,121.67,15.922,10.077
56.209,121.9,15.917,10.067
56.013,122.17,15.887,10.115
56.285,122.13,16.054,10.032
56.172,122.16,15.989,10
56.016,122.24,15.96,10
56.499,122.16,16.067,10
56.484,122.18,16.062,10.034
56.376,122.23,16.089,10.038
56.447,122.28,16.14,10.004
56.563,122.23,16.172,10
56.666,122.18,16.195,10
56.947,122.31,16.2,10
56.911,122.47,16.24,10.037
56.888,122.63,16.272,10
56.763,124.02,16.378,10
57.141,123.96,16.417,10
57.767,123.74,16.48,10
58.062,123.63,16.466,10
59.691,123.77,16.286,10
60.042,125.3,16.279,10
60.372,125.17,16.353,10
60.47,125.06,16.337,10
60.777,123.43,16.421,10
61.016,124.98,16.487,10
62.738,124.84,16.445,10
61.473,124.79,16.451,10
61.938,123.24,16.488,10
62.399,123.32,16.508,10.004
62.476,123.4,16.538,10.023
62.831,123.37,16.462,10.013
63.021,124.84,16.423,10
63.309,124.56,16.444,10
63.205,124.23,16.39,10
63.519,123.96,16.513,10
63.407,123.76,16.435,10.023
63.298,122.06,16.317,10.074
63.774,122,16.468,10.06
63.877,122,16.477,10.101
63.9,122.02,16.473,10.114
63.905,122.01,16.464,10.067
63.727,121.87,16.286,10.017
63.889,121.92,16.273,10.009
63.86,121.91,16.088,10.033
63.931,123.21,16.043,10
63.746,122.92,16.106,10
63.755,122.81,16.13,10.014
64.044,122.82,16.169,10
63.735,123.01,16.1,10.016
63.689,123.11,16.184,10
63.839,123.27,16.208,10
64.111,123.34,16.188,10
64.075,124.93,16.073,10
62.793,126.4,16.27,10
63.271,126.19,16.394,10
63.534,126.07,16.454,10
63.398,125.87,16.456,10
62.16,125.73,16.366,10
62.77,125.62,16.411,10
62.607,125.5,16.536,10.047
62.462,125.47,16.656,10.083
62.364,125.4,16.774,10.124
62.568,125.38,16.841,10.145
62.595,125.39,16.905,10.189
61.211,125.5,17.048,10.172
61.798,125.43,17.097,10.2
61.615,125.44,16.964,10.331
61.725,127.18,16.849,10.28
61.777,127.07,16.728,10.224
61.613,127.01,16.616,10.175
61.519,126.98,16.698,10.07
61.49,126.8,16.604,10.059
61.48,126.53,16.403,10.055
61.389,126.3,16.245,10.027
61.52,127.8,16.224,10
61.618,127.75,16.134,10
61.492,127.33,15.997,10
61.333,127.04,15.814,10
61.16,126.77,15.637,10
59.908,125.41,15.683,10
59.944,125.65,15.678,10.006
61.437,124.39,15.067,10.612
59.695,124.67,15.403,10.409
59.758,125.08,15.546,10.313
59.867,125.36,15.681,10.226
59.979,125.62,15.796,10.151
60.217,125.67,15.902,10.058
60.056,127.37,15.793,10
60.109,127.34,15.813,10
60.053,127.16,15.771,10
59.971,126.96,15.892,10
61.386,127.01,15.89,10
61.025,126.88,15.817,10
61.008,126.96,15.906,10
62.477,128.48,15.847,10
62.644,128.22,15.701,10
62.768,128.03,15.593,10
64.849,129.33,15.315,10
63.259,129.13,15.163,10
63.375,128.78,15.04,10
63.119,128.63,15.046,10
61.689,125.75,15.117,10
61.653,126.02,15.12,10
61.755,126.25,15.089,10.025
61.986,126.38,15.084,10
63.516,126.73,14.468,10.428
62.073,127.23,14.62,10.296
62.086,127.32,14.669,10.199
62.059,127.45,14.722,10.126
62.116,127.64,14.743,10.05
61.991,127.86,14.791,10.027
63.491,126.8,14.421,10.414
61.937,127.19,14.584,10.29
61.716,127.51,14.686,10.228
61.656,129.06,14.764,10.119
61.518,128.96,14.803,10.057
61.695,130.4,14.91,10
60.203,128.97,15.021,10
60.443,129.21,15.188,10
60.454,128,15.288,10.014
60.679,128.38,15.416,10.008
61.017,128.64,15.473,10
59.84,128.79,15.454,10
59.848,127.61,15.385,10
59.93,127.88,15.319,10
61.538,128.23,14.771,10.367
60.117,128.67,14.863,10.25
60.192,129,14.867,10.146
60.262,127.87,14.868,10.05
60.213,128.4,14.878,10.005
61.767,127.25,14.291,10.472
61.855,127.73,13.852,10.706
61.942,128.03,13.391,10.901
61.79,127.09,13.066,11.204
61.776,126.15,12.886,11.304
63.029,125.23,12.678,11.536
62.89,125.96,12.538,11.693
62.812,126.47,12.35,11.793
64.116,126.8,12.177,11.795
62.446,126.9,12.38,11.69
63.423,125.83,12.397,11.791
62.855,126.22,12.451,11.67
62.355,125.18,12.475,11.672
63.44,125.65,12.522,11.57
63.144,125.85,12.447,11.608
62.846,126.12,12.366,11.666
62.529,126.45,12.408,11.695
62.489,126.8,12.483,11.638
62.226,127.27,12.469,11.727
63.228,127.5,12.416,11.711
62.493,127.85,12.395,11.547
62.115,128.19,12.358,11.331
61.794,128.51,12.287,11.18
61.502,128.72,12.333,11.094
61.441,128.8,12.245,11.053
61.329,128.89,12.183,11.002
61.305,129.1,12.331,10.877
62.73,129.05,12.231,10.825
62.762,129.12,12.114,10.835
62.832,129.13,12.048,10.841
64.058,129.07,11.81,10.87
63.803,129.03,11.669,10.853
63.353,129.24,11.619,10.904
63.113,127.86,11.563,10.934
62.679,128.26,11.511,11.044
63.617,128.56,11.536,11.07
62.984,128.9,11.609,11.048
62.447,127.96,11.616,11.136
61.954,128.39,11.658,11.156
62.771,128.75,11.646,11.202
62.283,127.87,11.659,11.238
61.844,128.46,11.75,11.262
63.002,128.68,11.661,11.252
61.413,129.12,12.324,10.756
62.732,129.27,12.171,10.921
62.715,129.46,12.036,11.01
62.658,129.69,11.935,11.076
62.621,129.89,11.845,11.018
62.525,128.89,11.774,11.067
62.338,129.23,11.739,11.049
62.008,129.52,11.75,11.032
63.029,128.39,11.669,11.107
62.553,128.89,12.214,10.674
61.117,129.28,12.838,10.279
61.144,129.57,13.335,10.021
61.002,130.95,13.77,10
61.052,135.41,13.927,10
60.855,135.34,13.981,10
61.933,136.86,14.101,10
61.63,135.22,14.154,10
61.27,135.18,14.194,10
60.88,135.03,14.239,10
60.632,133.21,14.363,10
62.072,128.84,13.861,10.512
63.378,127.67,13.494,10.815
63.163,127.86,13.172,10.992
62.928,128.16,12.91,11.209
62.462,128.39,12.711,11.323
62.278,127.13,12.503,11.573
60.811,127.7,12.693,11.415
60.54,128,12.95,11.149
61.967,126.93,12.788,11.388
61.881,127.25,12.747,11.477
61.911,127.64,12.657,11.602
61.826,128.11,12.63,11.66
63.104,126.96,12.478,11.756
62.915,126.13,12.369,11.902
62.781,126.73,12.293,11.981
62.454,127.22,12.276,11.899
62.128,127.7,12.254,11.824
61.74,128.12,12.239,11.726
55.551,126.86,12.057,11.8
55.431,127.11,12.062,11.73
55.316,127.33,11.994,11.662
55.279,127.29,11.92,11.699
55.129,125.86,11.851,11.722
53.622,126.21,11.862,11.775
52.456,126.54,11.783,11.803
52.887,126.83,11.689,11.818
51.568,125.64,11.672,11.83
54.426,125.63,11.701,11.816
55.803,127.83,12.546,11.104
58.791,128.32,12.639,11.139
58.658,127.34,12.608,11.239
59.94,127.57,12.526,11.275
58.228,126.44,12.471,11.335
58.224,126.68,12.499,11.259
58.087,127.23,12.924,10.777
58.025,127.74,13.261,10.415
57.73,128.09,13.702,10.111
59.092,127.03,13.462,10.353
59.065,127.52,13.318,10.471
59.103,127.88,13.225,10.621
57.782,126.67,13.838,10.27
57.89,127.01,14.264,10.024
59.351,125.82,13.901,10.349
57.726,126.11,14.223,10.132
56.382,126.35,14.628,10
56.51,126.59,14.826,10
56.94,126.81,15.042,10
56.929,127.04,15.179,10
56.971,127.12,15.355,10
56.767,128.57,15.479,10
56.746,128.43,15.543,10
56.794,128.5,15.586,10
56.932,128.44,15.601,10
57.083,128.7,15.608,10
57.147,128.65,15.635,10
57.251,127.37,15.658,10.007
57.146,127.8,15.615,10.011
57.116,127.98,15.571,10.005
57.125,128.28,15.418,10
57.214,128.54,15.313,10
57.137,127.27,15.233,10
56.928,127.45,15.228,10
56.65,127.62,15.249,10
55.258,127.89,15.302,10
55.414,126.66,15.382,10.002
55.552,126.88,15.47,10
57.181,126.01,14.758,10.548
55.671,126.35,14.859,10.385
55.796,126.63,14.94,10.242
54.599,125.35,15.185,10.089
54.867,125.7,15.392,10
55.128,125.93,15.411,10
55.387,126.02,15.432,10
55.626,126.12,15.456,10
55.85,126.21,15.47,10
55.697,126.33,15.364,10
55.795,126.44,15.428,10
55.664,126.65,15.294,10
55.906,125.33,15.31,10
55.785,125.61,15.202,10.02
55.74,125.75,15.267,10
55.552,126.01,15.362,10
55.549,125.95,15.51,10
55.672,125.93,15.708,10
55.467,126.04,15.801,10.022
55.42,127.6,15.747,10
55.748,127.35,15.784,10
55.627,127.37,15.658,10
55.663,127.43,15.687,10
54.208,127.48,15.826,10
54.486,127.71,15.851,10
54.359,127.75,15.847,10
53.266,127.96,16.009,10
53.424,128.03,15.986,10
53.513,126.46,15.848,10
53.559,126.73,15.797,10.032
53.592,127.02,15.752,10.047
53.829,127.23,15.832,10.014
53.958,127.28,15.815,10
54.231,127.45,15.747,10
54.329,127.76,15.716,10
54.478,126.6,15.67,10
54.511,126.79,15.6,10
54.485,126.93,15.647,10
54.425,127.04,15.713,10
54.371,127.16,15.773,10
54.426,127.33,15.894,10
53.227,127.48,16.126,10
53.206,126.18,16.174,10.028
53.557,126.25,16.211,10
53.854,126.17,16.094,10
54.203,126.12,16.013,10
55.959,124.57,15.197,10.612
54.488,126.4,15.332,10.426
54.538,125.13,15.535,10.347
54.616,125.54,15.572,10.238
53.419,127.45,15.706,10.075
53.879,127.71,15.712,10
54.004,126.46,15.599,10.022
53.981,128.17,15.557,10
53.868,126.79,15.492,10
53.763,126.88,15.383,10
53.99,126.96,15.468,10
53.844,127.12,15.493,10
53.696,127.48,15.45,10
55.421,127.93,15.372,10
54.218,128.11,15.367,10
54.262,128.3,15.315,10
54.62,128.08,15.311,10
54.845,127.79,15.312,10
55.001,127.68,15.239,10
55.477,126.56,15.341,10
55.832,126.78,15.306,10
56.133,127.02,15.278,10
56.294,127.11,15.388,10
56.443,127.36,15.381,10
56.598,127.6,15.383,10
56.912,127.46,15.458,10
56.984,127.63,15.404,10
57.455,127.56,15.282,10
56.209,127.62,15.514,10
56.526,127.52,15.741,10
56.85,127.49,15.883,10
57.529,127.6,16.001,10
57.838,127.79,16.016,10
58.498,127.89,16.076,10
59.301,127.81,15.942,10
59.611,127.79,15.707,10
60.298,126.45,15.841,10
60.603,127.88,15.791,10
62.29,126.72,15.68,10.015
62.582,125.43,15.708,10.008
62.846,125.72,15.93,10
63.298,125.89,16.056,10
63.569,125.87,16.047,10.004
63.917,125.9,16.191,10
64.086,124.36,16.336,10
65.813,124.51,16.24,10
66.138,124.61,16.347,10
66.79,124.55,16.45,10
67.018,124.62,16.436,10
67.4,123.06,16.482,10
67.755,123.13,16.53,10
68.258,123.24,16.537,10
68.495,125.04,16.465,10.014
69.129,125,16.512,10
67.623,126.59,16.539,10
65.995,126.54,16.495,10
67.598,126.38,16.453,10
63.879,126.42,16.508,10
64.357,124.94,16.492,10
63.267,125.32,16.252,10
65.267,123.88,16.123,10
67.59,125.53,15.879,10
64.227,124.04,15.853,10
64.014,124.39,16.073,10
64.528,124.83,16.185,10
66.87,125.36,15.948,10
69.158,125.71,15.946,10
71.167,125.91,16.056,10
73.148,126.05,16.08,10
75.166,124.73,16.246,10
78.951,124.98,15.84,10.44
80.818,125.3,16.046,10.235
82.857,124.09,16.077,10.172
84.928,124.66,16.143,10.079
88.312,125.11,16.393,10
88.681,125.37,16.449,10
91.303,125.7,16.38,10
93.63,125.85,16.336,10
95.583,126.03,16.453,10
97.693,126.05,16.672,10
98.34,126.12,16.648,10
100.33,125.93,16.691,10
102.32,125.66,16.816,10
102.61,123.92,16.785,10
105.28,124,16.644,10
108.25,124.27,16.374,10
110.75,124.82,16.159,10
112.91,125.36,16.22,10
114.89,125.42,16.18,10
117.06,125.54,16.276,10
117.67,125.46,16.26,10
121.69,125.36,16.438,10
122.41,125.31,16.392,10
122.88,124.06,16.37,10
125.6,124.12,16.223,10
127.63,124.14,16.424,10
128.04,124.52,16.412,10
130.03,124.72,16.31,10
130.11,125.17,16.265,10
130.39,125.23,16.247,10
131.01,123.79,16.333,10
131.64,124.03,16.51,10
132.3,122.66,16.726,10
132.51,121.25,16.825,10
131.42,123.12,16.905,10
130.21,123.63,16.854,10
130.47,125.26,16.8,10
128.48,123.71,16.969,10
126.73,123.58,17.015,10
124.89,122.11,16.915,10
123.43,123.98,16.892,10
122.06,124.39,16.95,10
122.35,124.49,16.968,10
121.08,124.98,16.918,10
119.89,125.28,16.969,10
118.68,125.37,16.99,10
118.64,123.95,17.058,10
117.09,125.88,17.144,10
117.47,127.74,17.235,10
118.98,127.66,17.4,10
118.88,127.49,17.384,10
116.92,127.77,17.374,10
117.05,128.29,17.448,10.013
117.21,128.47,17.431,10
117.44,128.68,17.432,10
117.45,127.41,17.457,10.003
119.17,129.08,17.503,10
119.19,129.12,17.574,10
119.29,129.06,17.411,10
117.58,129.18,17.306,10
117.73,129.32,17.23,10
123.75,129.35,16.884,10
124.61,129.49,16.461,10
126.85,129.89,16.187,10
127.33,130.08,16.093,10
127.84,129.92,16.164,10
128.61,130.22,16.109,10
128.99,130.25,15.968,10
129.78,130.46,15.98,10
130.42,130.88,15.926,10
130.78,131.39,15.932,10
131.1,131.63,15.825,10
130.98,131.8,15.839,10
131.73,131.87,15.814,10
132.22,132.09,15.889,10
132.13,132.02,15.859,10
132.07,132.03,15.817,10
132.46,132.18,15.718,10
132.69,130.96,15.663,10
131.46,131.18,15.584,10
131.92,131.51,15.447,10
132.16,131.6,15.209,10
132.48,131.75,15.146,10
132.48,132.05,15.116,10
132.26,132.11,15.142,10
132.5,132.17,15.207,10
132.23,132.34,15.236,10
132.34,132.51,15.217,10
134.16,132.55,15.215,10
133.34,132.69,15.345,10
132.46,132.79,15.439,10
132.59,133.07,15.481,10
132.73,133.31,15.538,10
132.84,133.56,15.599,10
131.2,133.55,15.691,10
131.16,133.55,15.821,10
131.11,133.52,15.928,10
129.3,133.45,16.16,10
129.41,133.52,16.191,10
127.35,133.54,16.313,10
125.17,133.54,16.484,10
121.88,130.41,16.338,10
117.99,130.36,16.362,10
116.02,128.87,16.281,10
110.77,130.39,16.217,10
109.24,128.98,16.081,10
108.92,128.85,16.13,10
104.05,128.7,15.972,10
101.37,127.52,15.866,10
99.974,127.76,15.937,10
98.905,128.02,16.076,10
97.461,128.03,16.189,10
94.832,128.12,16.017,10
93.528,128.01,15.956,10
92.091,128.15,16.045,10
90.713,126.75,16.102,10
89.64,126.79,15.87,10
88.175,126.94,15.86,10
86.681,127.02,15.813,10
85.097,127.19,15.7,10
83.426,125.67,15.817,10
82.067,125.91,15.866,10
80.662,126.06,15.94,10
79.374,126.14,15.785,10
77.637,125.98,15.555,10
76.01,124.33,15.437,10
75.883,124.17,15.359,10
75.951,123.95,15.411,10
79.524,119.58,14.919,10.475
79.945,119.67,14.429,10.953
78.038,123.04,14.61,10.626
74.893,121.78,14.856,10.278
78.632,118.86,14.393,10.688
79.083,120.35,14.023,11.122
79.633,120.22,13.07,11.843
76.904,119.03,12.949,11.885
75.766,120.85,12.848,12.114
72.041,124.21,13.432,11.413
70.017,126.21,13.972,10.757
69.747,124.87,14.394,10.218
69.19,126.46,14.648,10
70.721,127.9,14.805,10
70.631,127.64,14.907,10
67.019,126.07,15.102,10
65.146,125.82,15.376,10
65.413,125.84,15.401,10
65.364,125.89,15.571,10
67.318,125.88,15.832,10
67.428,125.99,16.035,10
67.714,125.97,16.279,10
67.966,125.99,16.416,10
69.387,125.93,16.506,10
67.882,125.92,16.54,10
68.285,124.29,16.68,10
68.493,124.24,16.642,10
68.774,122.56,16.502,10
69.411,122.51,16.48,10
69.675,121.01,16.391,10
68.353,119.78,15.613,10.431
68.683,121.8,15.622,10.113
68.859,121.89,15.576,10
70.889,122.02,15.668,10
71.111,122,15.703,10
76.632,117.34,15.061,10.568
79.401,116.94,13.773,11.685
80.332,116.63,12.672,12.57
80.601,116.47,11.987,13.025
81.045,116.47,11.389,13.376
77.571,119.93,11.846,12.782
75.481,120.49,12.35,12.088
72.28,119.74,13.016,11.153
72.489,118.72,13.344,10.636
72.476,120.63,13.824,10
72.736,120.93,13.939,10
74.015,122.43,14.235,10
75.444,122.35,14.281,10
75.81,122.23,14.376,10
77.728,122.12,14.404,10
79.508,122.17,14.498,10
79.855,120.9,14.436,10
76.85,119.61,14.539,10
76.77,119.78,14.924,10
76.846,119.97,15.261,10
77.021,119.06,15.638,10
77.28,119.31,15.923,10
77.786,119.53,16.059,10
79.881,119.78,16.266,10
80.21,120.12,16.436,10
82.136,120.31,16.563,10
82.685,120.34,16.639,10
83.247,120.68,16.527,10
84.878,119.28,16.798,10
86.948,119.89,16.947,10
88.944,120.23,16.962,10
89.597,119.18,16.942,10
92.016,119.44,16.988,10
94.445,119.77,16.937,10
96.858,120.13,16.908,10
97.874,119.03,16.789,10
100.53,119.48,16.6,10
97.9,119.74,16.571,10
98.942,118.42,16.332,10
101.32,118.55,16.143,10
102.17,116.33,14.844,11.263
100.25,120.13,14.918,10.897
98.091,120.05,14.948,10.696
99.243,121.44,15.01,10.444
94.321,116.7,14.489,11.286
94.744,116.83,13.97,11.826
96.468,117.94,13.762,12.175
97.654,119.57,14.415,11.529
99.367,120.95,14.704,11.089
99.285,123.98,14.819,10.687
99.236,123.85,14.916,10.379
99.102,125.26,14.991,10.02
98.699,125.21,15.251,10
98.84,120.04,15.229,10
98.745,119.84,15.163,10.029
99.017,121.11,14.998,10
99.011,119.45,14.962,10.023
99.047,119.49,14.946,10.043
100.6,119.42,14.887,10.043
102.06,119.37,14.88,10.029
102.03,119.33,14.772,10.01
102.19,120.73,14.766,10
102.57,120.53,14.753,10
102.86,120.41,14.809,10
105.55,123.17,14.89,10
107.61,119.94,14.711,10
106.55,119.88,14.76,10
108.35,119.86,14.676,10
110.45,119.71,14.577,10
111.13,119.8,14.659,10
113.03,119.73,14.733,10
113.49,119.68,14.847,10
114.22,119.59,14.871,10
114.95,119.47,14.808,10
115.47,119.28,14.728,10
116.06,120.48,14.74,10
116.6,120.16,14.794,10
116.92,119.78,14.691,10
116.88,119.53,14.646,10
117.23,119.25,14.821,10
117.83,119.23,14.837,10
119.66,117.54,14.291,10.822
121.47,117.59,13.947,11.406
121.52,117.5,13.679,11.863
119.95,119.23,13.986,11.447
121.63,117.52,13.73,11.948
121.76,117.42,13.455,12.335
121.87,117.4,13.255,12.671
122.09,117.62,13.172,12.767
123.52,115.94,13.187,13.01
123.65,116.31,13.138,13.354
123.57,118.05,13.762,12.696
123.67,118.21,14.162,12.189
123.78,118.32,14.563,11.731
123.9,118.45,14.676,11.368
125.86,117.88,14.13,11.713
127.54,117.29,13.815,12.1
127.71,116.94,13.63,12.299
130.76,115.32,13.526,12.708
130.97,115.46,13.387,12.986
131.09,116.84,13.329,12.932
133.18,118.09,13.284,12.85
134.58,118.2,13.797,12.227
135.78,118.32,14.234,11.69
135.75,118.39,14.519,11.241
135.56,118.38,14.705,10.834
135.76,117.84,14.199,11.186
137.12,119.51,14.426,10.71
135.42,121.04,14.691,10.24
133.76,124.68,14.225,10.566
134.22,123.1,13.631,10.781
133.98,121.87,14.351,10.059
134.34,123.35,13.909,10.18
136.29,123,13.028,10.978
139.33,118.27,12.952,11.08
142.85,117.22,13.277,10.435
142.39,117.54,13.926,10
140.49,117.64,14.226,10
142.57,117.66,13.537,10.303
142.38,119.68,14.057,10
140.93,119.78,14.248,10
136.39,121.45,14.486,10
133.21,121.56,14.653,10
130.22,121.54,14.864,10
127.25,121.69,14.982,10
122.53,123.44,15.129,10
119.25,124.95,15.257,10
117.38,125.32,15.274,10
112.38,127.12,15.404,10
110.37,127.34,15.541,10
107.17,127.45,15.585,10
103.98,129.14,15.639,10
100.91,130.56,15.591,10
97.791,128.92,15.724,10
103.15,127.14,14.365,11.147
106.47,127.47,14.667,10.994
103.23,127.75,14.768,10.907
101.47,128.22,14.429,11.192
96.416,129.74,14.69,10.959
94.644,128.44,14.83,10.829
92.871,128.81,14.448,11.12
87.581,132.11,14.831,10.756
84.161,133.69,15.127,10.451
80.44,132.02,15.552,10.231
77.252,133.85,15.663,10.126
73.875,133.93,15.818,10.087
72.211,134.09,15.882,10
69.016,134.3,15.989,10
65.983,136.16,16.137,10.059
64.093,137.79,16.304,10.064
62.8,139.24,16.442,10
