414,156,191,237
424.7,153.05,189.88,237.06
423.53,154.56,191.02,236.95
427.6,158.68,189.74,236.8
429.66,155.59,189.67,234.18
428.86,160.43,189.77,232.32
425.81,166.69,188.26,232.48
417.81,178.13,187.06,231.93
416.56,177.03,184.89,231.67
407.36,186.17,185.4,230.95
404.64,191.47,183.41,231.51
398.79,190.38,182.11,230.3
397.03,193.37,180.2,229.05
389.76,199.04,179.98,227.41
384.24,197.87,180.44,224.48
385.32,202.57,181.16,220.39
381.24,210.45,181.7,219.48
378.89,212.88,181.54,219.54
377.82,214.23,181.24,220.64
378.07,214.3,180.96,221.68
377.77,213.53,180.59,222.17
373.4,212.63,180.94,222.3
366.68,211.98,182.07,222.16
358.73,210,183.54,220.57
357.17,207.38,183.64,220.77
352.92,199.75,181.6,222.95
341.01,191.04,182.41,223.55
334.33,187.22,183.02,223.43
333.18,185.67,183.07,223.34
336.51,181.01,183.78,223.27
336.4,180.49,184.83,224.16
339.38,173.14,185.51,222.71
339.89,173.58,183.81,223.11
341.3,177.05,184.35,222.38
344.76,180.01,185.89,222.34
354.13,180.18,185.77,222.33
353.6,180.04,186.32,222.95
356.45,181.87,187.32,223.68
357.09,182.58,188.36,225.23
354.03,182.18,190.57,226.23
362.59,181.91,188.85,228.39
357.16,178.9,188.78,228.28
360.08,175.67,187.66,229.28
348.93,173.85,189.17,229.72
347.35,171.47,188.69,230.58
347.19,170.02,190.78,230.05
343.84,169.48,193.75,228.58
340.55,168.85,197.17,227.89
339.68,169.43,199.63,228.03
341.17,168.89,200.39,229.51
344.67,164.34,200.44,232.25
350.29,162.49,199.49,235.16
352.88,157.13,198.21,237.04
359.44,155.14,197.45,238.35
360.09,155.33,197.48,239.2
362.74,154.08,198.09,240.1
369.43,149.41,198.02,239.69
383.89,149.83,195.97,240.71
392.51,151.98,195.25,241.91
395.29,156.52,193.55,243.68
394.59,155.42,192.12,245.4
390.14,156.46,193.01,244.87
387.28,166.79,194.35,241.21
391.96,172.49,196.78,240.05
401.37,179.62,197.59,239.17
411.42,178.79,197.67,241.01
414.41,179.61,198.98,241.67
413.16,173.19,200.21,242.17
409.33,168.83,198.41,241.67
403.91,162.95,196.05,241.48
396.81,159.1,194.78,242.75
387.02,159.62,193.55,243.07
384.66,158.12,193.34,243.05
374.38,151.52,193.63,242.99
366.97,145.47,193.02,242.34
363.26,140.68,193.26,242.55
356.61,139.23,193.64,243.16
350.02,139.69,193.89,244.48
350.08,138.83,193.74,245.64
348.05,136.98,191.06,245.89
342.72,136.46,190.41,246.19
336.65,133.64,189.36,246.7
334.97,126.01,190.71,243.81
328.56,126.19,192.52,244.01
327.02,126.72,195.35,243.59
321.23,126.98,196.26,243.4
317.88,123.89,196.47,242.87
314.41,123.05,197.49,242.29
315.38,117.65,196.91,244.04
323.49,107.18,197.28,243.36
319.86,107.79,199.07,242.13
322.7,106.94,197.9,240.85
325.01,107.61,196.97,240.34
329.58,108.46,196.12,239.07
328.23,108.14,195.25,237.96
323.72,109.23,195.76,236.63
322.85,109.11,195.99,235.94
319.84,111.87,196.22,236
322.23,110.33,194.62,234.98
320.83,108.59,193.99,235.12
319.33,108.01,193.66,234.99
315.66,110.8,193.94,234.19
314.71,110.8,193.42,233.14
311.23,114.12,192.55,233.58
313.16,115.61,192.63,231.45
315.9,117,192.41,230.23
322.19,118.86,192.21,229.34
320.76,122.64,192.06,228.97
319.7,123.54,191.75,228.57
315.16,120.65,190.87,226.91
312.63,120.03,190.14,226.97
313.83,120.44,190.04,225.42
318.16,118.43,188.85,225.5
318.08,113.84,187.23,225.95
317.68,114.63,186.17,226.16
318.64,116.26,185.87,225.18
317.85,117.85,184.56,224.81
318.35,118.8,182.86,225.57
320.64,116.01,182.09,226.69
326.4,115.27,182.77,228.82
327.41,115.05,183.43,230.66
339.6,115.53,183.43,233.86
346.98,118.67,183.35,236.32
350.86,124.64,182.42,239.54
346.56,132.57,181.68,243.21
340.89,132.54,180.74,244.71
340.89,135.43,181.15,244.66
340.45,140.62,181.84,246.64
342.28,142.4,182.91,247.67
352.32,141.93,182,248.89
355.54,144.06,182.14,250.57
356.55,141.39,182.33,251.22
356.64,141.71,182.71,251.84
354.68,146.19,184.21,251.59
349.99,150.87,184.91,250.82
334.42,152.21,186.26,249.29
317.17,151.11,187.03,248.64
309.02,148.48,187.65,247.82
307.32,147.96,187.44,248.57
307.24,143.73,187.13,250.2
310.44,140.5,186.53,251.72
305.13,137.52,187.46,252.76
304.53,141.86,188.6,254.51
309.07,143.26,189.48,255.44
312.67,142.54,189.56,256.55
321.17,142.05,190.41,256.38
326.78,144.28,190.91,256.6
331.51,142.89,191.67,257.07
327.65,141.25,193.17,256.91
322.76,138.91,195.56,256.79
320.98,141.53,197.11,257.83
318.24,141.85,197.78,259
314.12,139.23,199.2,259.95
307.06,133.71,201.16,260.91
299.91,136.14,203.61,262.52
291.3,139.47,206.01,262.22
290.5,139.36,207.3,261.89
290.8,140.17,208.42,262.16
283.13,142.16,210.91,262.52
274.53,141.97,212.79,263.92
266.26,141.7,214.64,265.29
261.54,140.02,216.27,264.75
259.01,138.48,217.86,265.13
256.43,136.84,219.47,265.23
253.57,136.45,222.02,265.31
250.49,133.49,225.32,265.07
253.36,133.16,224.95,269.42
255.48,131.66,225.63,274.52
256.24,130.51,226.3,279
256.56,127.54,225.99,281.98
254.4,125.68,227.01,284.55
253.67,124.26,228.78,286.3
251.86,125.94,232.12,288.22
242.7,132.53,243.74,279.48
236.29,137.87,253.75,273.26
230.51,143.1,262.07,268.51
223.3,147.3,269.08,265.16
215.02,153.09,275.66,262.92
206.23,154.01,283.07,261.4
204.16,157.95,288.92,261.83
201.8,158.56,293.29,261.68
204.66,160.82,298.02,263.15
206.45,164.76,302.57,266.63
210.22,171.4,307.58,271.82
229.41,175.95,314.54,278.43
228.13,179.54,319.79,281.15
226.89,180.63,324.8,283.5
212.1,177.59,329.77,285.3
193.57,178.14,336.12,293.14
181.4,187.19,341.44,303.2
169.46,190.08,347.76,307.58
171.64,189.84,347.86,310.57
169.44,189.19,348.43,312.43
179.29,192.07,347.43,316.32
171.4,194.82,348.95,318.33
166.37,197.17,349.59,321.26
166.18,199.96,350.54,321.54
177.68,196.91,349.42,324.52
172.76,197.24,347.5,326.71
185.1,194.21,345.03,328.53
198.31,172.15,338.84,329.71
214.08,155.8,332.57,329.47
224.26,166.16,325.81,329.21
235.34,170.75,319.6,328.32
230.68,152.17,315.64,325.98
228.4,164.48,312.51,323.27
234.24,151.49,308.1,322.64
266.15,157.34,299.05,317.09
271.44,147.25,288.17,315.29
273.84,157.56,278.42,313.89
280.57,164.7,269.88,308.83
287.38,169.27,260.09,303.84
314.62,171.82,251.93,297.94
315.16,174.17,244.67,294.11
326.63,169.06,232.21,297.55
328.31,173.22,227.5,291.5
334.35,173.53,223.89,286.1
346.45,173.82,221.53,279.83
357.43,173.65,218.99,274.48
364.03,173,216.88,269.12
362.94,164.32,216.31,263.21
360.98,164.23,215.31,256.78
366.3,160.18,213.15,252.33
373.32,159.72,211.67,249.07
384.25,155.19,208.72,247.39
398.6,156.29,205.95,246.31
407.8,157.29,203.65,244.25
415.21,157.44,202.04,242.22
406.55,158.53,204.32,237.59
397.91,160.02,207.56,232.77
401.03,154.61,207.93,230.44
403.03,154.3,208.82,229.58
401.3,154.74,210.84,226.04
399.28,156.6,212.03,223.25
393.49,157.62,212.24,221.22
380.09,154.95,213.49,219.47
375.57,147.13,213.1,219.04
374.34,141.98,212.95,216.1
368.1,151.63,213.96,211.51
366.55,153.9,213.8,208.98
368.99,156.43,213.47,206.17
370.27,156.63,210.88,204.58
369.95,156.52,210.05,203.11
372.35,153.7,208.51,202.99
378.12,145.95,207.96,203.21
374.5,142.22,207.41,203.21
379.46,138.95,205.73,204.94
384.3,133.82,203.34,206.7
387.65,132.54,201.21,209.09
396.25,132.07,198.15,213.18
409.28,131.52,194.91,215.2
415.19,132.41,192.4,216.12
420.33,134.85,190.88,214.9
424.23,136.01,188.81,212.08
425.23,138.91,188.16,209.52
425.57,140.5,187.83,206.66
429.64,138.9,186.64,203.8
430.7,139.08,186.41,200.76
434.59,138.32,184.74,200.42
433.82,137.23,184.2,201.16
430.83,134.73,184.83,200.91
428.22,133.05,184.61,201.1
426.73,130.46,183.62,201.31
425.09,128.61,182.92,200.89
420.02,126.69,181.99,198.73
417.82,124.33,180.88,197.17
421.1,128.51,178.35,196
417,127.65,176.76,196
414.45,125.59,174.38,196.43
416.33,124.92,173.19,196.57
418.76,124.27,172.13,196.94
416.94,124.14,171.83,196.52
415.38,122.94,171.28,195.43
422.39,123.34,169.45,195.52
419.71,118.66,170.14,196.29
418.01,115.68,170.07,197.52
412.09,111.59,169.9,198.55
421.53,131.67,169.34,195.71
425.63,132.02,167.81,194.59
430.22,131.07,166.75,196.2
434.22,128.88,165.25,197.94
435.64,126.34,164.03,199.66
431.89,125.96,162.44,200.32
431.09,126.55,160.97,201.46
430.41,129.1,160.23,202.53
423.44,141.08,160.27,202.8
424.45,144.09,161.52,203.22
422.96,143.44,163.34,203.13
418.42,145.71,164.27,200.69
416.98,153.17,165.42,198.74
422.71,158.28,166.12,196.34
424,165.09,164.9,195.69
428.04,169.47,164.91,195.72
429.46,171.36,164.65,196.02
426.75,174.26,164.91,193.32
420.6,176.21,166.18,190.44
419.15,177.8,165.09,189.89
411.52,184.4,164.18,189.97
408.45,190.63,163.14,188.39
405.47,194.54,162.75,185.87
403.27,197.78,163.32,185.44
393.96,203.37,165.13,182.01
388.74,205.49,166.96,178.9
387.36,208.03,167.09,178.67
385.14,211.09,168.59,176.88
383.54,213.5,169.43,175.09
381.1,217.02,171.46,173.09
377.5,217.65,174.58,172.46
375.19,219.33,179.17,171.16
373.4,221.89,184.14,171.53
364.54,220.8,189.86,172.04
359.71,220.2,193.59,173.25
350.95,217.71,199.26,174
343.23,215.46,207.28,175.16
330.18,213.2,214.09,179.38
315.52,210.14,222.8,180.6
310.16,208.44,230.2,183.8
306.47,207.08,236.72,187.37
304.22,206.23,242.63,191.65
296.41,199.77,249.07,194.49
286.64,195.05,255.67,197.53
280.73,192.03,263.14,198.67
278.22,187.84,268.86,199.91
278.8,183.15,272.35,202.47
268.75,189.3,280.56,199.05
260.02,194.88,286.93,197.86
253.64,198.07,291.95,197.17
249.39,200.15,297.14,196.9
248.56,205.16,302.3,197.06
245.16,209.04,308.03,196.19
239.4,213.26,313.46,195.35
237.46,238.15,317.86,191.53
229.36,234.51,321.92,188.4
226.19,234.32,326.19,188.17
216.37,233.67,331.76,188.92
213.34,232.77,336.26,190.34
203.44,234.46,341.41,195.08
193.29,239.06,348.5,199.27
184.89,241.17,356.77,201.95
172.55,246.1,367.87,205.55
159.97,250,379.14,208.78
151.34,250.85,388.79,211.79
140.67,249.18,398.3,213.94
136.21,255.22,407.36,216.92
132.96,259.18,413.74,221.26
122.31,261.28,418.81,226.51
107.84,264.28,426.27,232.62
101.28,266.57,434.7,236.25
94.833,267.34,441.85,239.16
89.002,268.31,446.99,244.85
72.036,267.53,451.48,251.25
67.404,268.7,457.32,254.92
63.53,270.81,464.01,256.37
59.572,273.17,469.74,257.63
64.945,269.66,472.84,259.15
63.407,272.26,474.52,261.74
61.877,272.21,473.38,263.37
62.372,271.91,473.59,262.45
59.66,274.1,471.27,262.22
58.333,275.81,469.37,261.5
65.924,274.45,471.56,256.15
85.355,274.5,471.44,252.93
100.03,273.56,472.42,248.59
107.85,271.76,475.29,246.41
105.32,272.36,476.34,245.85
103.49,272.54,476.96,246.13
106.95,276.05,475.25,245.02
116.59,276.25,473.92,244.72
122.85,275.69,475.12,243.09
130.02,273.56,475.6,242.01
138.82,268.33,476.75,239.01
145.21,262.47,476.52,239.57
142.87,262.86,479.53,241.05
144.13,261.82,483.97,242.72
132.62,262.75,485.95,247.41
135.6,263.42,485.7,251.54
135.25,260.02,485.89,254.28
133.36,258.63,487.13,256.56
115.87,253.46,490.47,258.27
119.87,252.96,490.49,260.74
133.7,251.05,491.78,259.94
140.5,242.51,494.19,258.48
127.35,225.03,496.63,255.62
123.77,219.4,497.69,257.93
130.31,219.95,501.5,259.07
153.21,219.23,503.12,257.52
171.46,212.84,505.17,257.97
175.99,211.86,505.74,262.5
193.1,211.82,506.05,265.56
197.89,208.28,506.14,267.88
195.52,209.24,507.13,270.11
190.87,208.46,507.75,272.69
177.28,203.84,507.96,279.95
164.32,199.54,507.32,287.93
172.38,195.92,509.04,293.05
172.89,192.04,511.6,298.64
169.54,193.77,512.96,303.21
163,191.65,515.47,305.66
171.32,194.03,520.28,306.37
177.29,193.36,523.21,307.15
180.6,190.63,527.85,307.67
183.37,187.06,529.02,310.21
190.21,188.87,530.14,313.61
194.56,185.03,531.33,316.87
199.1,184.47,532.84,319.38
201.17,187.77,532.74,321.62
203.16,188.49,532.82,324.04
211.63,195.65,531.82,326.29
220.94,195.74,536.52,325.35
221.66,196.43,540.28,324.19
211.9,198.71,540.22,325
206.63,198.83,539.5,324.64
204.74,199.9,538.93,324.76
204.29,201.28,544.48,321.6
206.62,204.2,547.65,319.3
201.11,204.33,549.94,317.71
197.29,210.81,549.89,316.6
195.7,213.58,549.1,311.34
193.27,216.98,547.41,308
203.23,225.07,544.07,301.48
221.19,228.69,536.7,294.23
223.72,233.1,532.2,284.52
236.16,233.25,528.14,275.3
250.1,233.52,521.81,269.03
251.98,232.63,515.53,263.88
254.52,228.75,508.87,261.59
234.56,227.39,501.54,259.44
228.7,218.83,496.95,257.89
242.21,213.99,496.52,257.68
255.14,209.7,494.35,257.76
256.53,211.36,492.97,259.04
254.52,214.92,489.1,261.42
239.64,218.03,486.76,263.84
236.62,221.13,485,265.91
241.09,224.02,484.79,267.9
238.86,227.61,483.48,270.33
238.71,231.87,483.35,271.86
233.93,233.24,483.87,272.64
230.25,238.65,483.28,272.65
225.27,240.02,486.85,269.73
211.52,243.27,488.01,268.79
194.81,247.13,487.09,268.6
194.55,245.78,487.38,268.38
179.09,246.42,485.33,266.41
170.37,242.14,484.96,264.52
175.65,246.08,484.29,264.79
176.81,243.52,483.44,265.19
167.87,236.87,482.08,264.31
167.63,235.28,480.25,265.7
170.21,243.91,479.28,266.78
171.81,244.98,478.95,265.92
183.87,253.52,480.77,264.85
196.78,248.93,481.03,260.99
199.94,246.77,481.9,257.93
198.66,245.55,483.05,256.9
208.21,245.13,482.61,256.16
212.51,243.56,481.95,255.72
206.86,239.69,482.46,256.58
209.25,240.37,482.6,257.92
209.43,237.84,482.99,260.13
213.25,236.54,482.83,262.58
210.25,237.36,483.56,265.63
214.03,234.02,481.67,266.12
220.32,230.91,483.02,266.53
226.34,222.88,482.12,266.85
228.51,215.99,483.54,266.3
228.73,214.51,484.81,267.27
230.14,211.44,486.11,266.26
230.56,210.29,485.46,268.28
231.79,205.63,486.46,268.15
238.79,196.59,484.72,266.55
241.19,194.01,483.71,268.16
241.12,192.99,483.68,269.25
248.59,194.1,483.59,272.39
244.94,197.39,481.61,274.92
248.21,199.4,482.52,275.17
246.88,200.06,480.18,276.66
245.49,200.24,477.29,278.37
245.07,200.65,476.37,278.41
245.38,199.32,474.35,279.88
238.43,200.19,470.32,283.42
232.42,198.64,466.56,286.9
230.03,195.58,466.03,285.98
233.08,194.71,468.01,283.63
233.18,193.12,467.11,284.44
239.55,193.56,466.68,285.78
240.73,192.43,467.93,288.34
247.69,195.52,467.44,292.02
249.07,194.43,466.62,294.28
253.17,196.83,466.87,297.67
254.65,196.37,466.99,300.94
259.95,200.44,467.48,303.33
263.69,204.93,468.9,305.13
267.07,214.32,470.63,306.24
262.44,221.09,473.13,306.99
261.28,225.84,475.86,307.8
261.76,227.5,477.68,309.59
254.56,226.91,478.13,311.26
246.96,226.19,479.52,312.58
248.85,228.31,480.01,313.12
250.49,227.98,479.62,314.58
249.99,229.11,477.43,315.58
250.73,231.02,476.53,316.06
247.45,232.95,475.92,316.37
245.41,235.97,475.01,317.28
250.71,238.52,473.9,318.17
255.99,239.94,472.8,317.46
260.95,243.44,470.99,316.91
262.7,246.24,470.4,314.84
266.5,250.41,469.07,314.74
272.18,253.21,467.61,313.49
273.75,251.84,465.24,312.14
281.91,253.34,461.34,310.64
296.55,254.84,457.52,308.79
300.12,256.61,455.19,307.96
309.48,253.51,451.98,306.14
314.69,255.1,450.99,305.27
315.64,252.83,450.19,303.75
316.84,249.54,448.82,303.63
318.76,247.26,448.67,301.71
320.02,247.09,448.71,301.73
322.06,245.56,448.58,299.41
327.36,243.32,447.94,297.26
328.72,241.62,447.74,296.85
329.62,237.04,449.13,294.95
329.03,234.09,450.8,294.68
330.65,233.98,452.29,296.22
328.82,232.07,454.34,296.95
326.49,231.72,456.66,297.24
322.39,232.57,459.07,299.42
317.21,232.84,463.2,299.96
320.12,231.02,464.01,300.97
321.85,230.26,465.91,301.82
327.04,230.44,466.49,303.82
321.82,230.86,469.45,305.71
321.07,234.54,471.86,309.01
321.98,236.63,474.15,309.27
319.36,237.48,474.06,309.81
317.27,238.41,475.04,309.99
312.89,239.55,475.06,310.96
308.93,242.83,471.56,312.11
299.68,245.77,464.02,313.08
294.95,246.38,458.67,313
292.03,248.01,454.57,312.1
296.5,250.38,452.95,310.47
288.37,249.22,447.13,313.65
279.46,251.38,443.3,314.14
280.28,258.7,440.24,314.19
290.31,260.33,435.65,311.71
291.66,263.92,429.68,312.02
296.24,266.53,424.8,311.49
297.97,265.35,419.83,308.84
301.47,262.86,415.42,308.85
302.46,263.59,414.72,309.8
300.6,267.93,414.07,310.2
317.73,272.6,408.31,314.82
326.78,275.45,403.92,316.11
331.66,268.33,401.52,311.78
331.73,264.82,401.23,308.85
328.12,263.79,401.44,308.25
329.55,257.93,399.62,308.93
324.57,248.39,396.47,312.52
321.84,245.75,395.37,315.44
314.34,236.41,394.73,316.38
315.1,230.15,394.36,319.79
324.1,220.14,394.39,322.37
342.83,213.96,381.19,346.75
362.6,203.21,370.61,367.72
373.09,196.89,363.76,381.71
387.39,186.63,357.31,391.18
399.13,179.28,354.09,398.71
413.82,176.12,352.07,404.13
436.66,171.45,349.2,406.61
456.82,163.27,347.06,410.49
456.45,160.77,346.72,410.79
471.95,153.94,345.54,412.18
482.67,149.32,347.06,411.93
487.66,146.39,349.66,412.97
488.06,138.78,352.32,414.42
490.23,124.78,357.49,413.95
493.05,123.53,361.23,414.96
499.56,110.25,365.62,414.11
506.58,98.582,369,413.8
505.78,85.857,369.77,414.91
514.35,77.946,371.51,415.54
522.28,70.718,374.82,415.02
524.18,65.388,375.18,411.99
527.86,64.368,377.14,411.41
533.81,63.04,377.86,412.66
538.35,59.594,378.26,413.69
536.44,57.114,381.29,413.57
530.82,57.154,385.31,412.34
529.82,58.48,386.71,413.08
528.55,59.024,389.25,411.44
524.96,59.335,391.26,409.13
526.16,63.521,392.11,406.28
518.48,61.019,389.94,404.82
507.84,55.812,389.28,401.75
505.6,56.859,389.85,399.36
496.11,47.801,390.55,396
487.4,48.334,390.39,393.48
486.87,46.721,391.59,392.16
483.54,40.008,393.78,392.09
480.59,38.024,395.37,391.69
471.65,36.847,396.29,391.25
462.48,37.664,396.42,391.91
456.14,36.358,395.84,391.7
449.55,39.087,395.43,392.7
442.78,40.632,393.95,392.42
445.74,42.777,392.04,392.13
444.9,46.139,389.99,395.6
449.16,48.873,387.2,400.12
447.71,46.671,385.66,405.95
442.18,41.487,385.19,411.75
441.06,36.345,385.87,414.09
440.3,34.064,387.22,414.11
432.95,31.5,387.32,415.41
422.06,31.842,386.83,420.07
415.34,26.233,386.9,423.37
408.45,20.347,388.87,421.85
399.7,16.655,391.05,420.47
397.64,15.065,392.5,418.17
390.04,14.697,396.73,414
390.69,12.723,400.09,411.39
388.86,9.1259,404.33,407.7
386.37,8.8502,408.84,404.36
384.4,8.0489,414.72,401.91
382.03,7.4218,419.72,400.92
376.98,4.6563,423.02,397.44
371.06,4.9759,427.41,395.53
364.57,4.4329,431.81,394.15
357.92,2.2101,435.15,390.52
351.62,-1.1694,437.15,385.97
348.46,0.77095,438.39,382.15
346.98,2.7124,437.93,379.9
345.05,6.0559,438.14,378.34
351.55,5.2229,436.35,377.1
359.43,6.9747,436,377.72
356.64,12.096,436.82,378.09
355.16,12.657,436.14,378.79
359.39,14.8,434.98,380.78
362.16,28.55,433.84,383.52
362.71,41.255,433.28,388.16
360.72,54.775,432.78,392.66
359.55,65.332,431.83,392.9
364,60.991,430.1,395.1
362.86,68.742,430.93,395.01
357.07,73.691,432.95,396.96
351.95,72.057,435.45,397.31
346.35,74.283,437.72,397.2
340.63,75.063,439.89,398.29
337.93,71.9,441.15,399.47
330.89,75.203,443.62,399.77
328.56,75.062,445.14,400.51
325.34,75.331,448,401.35
321.05,76.009,451.96,402.47
316.41,73.433,456.03,403.94
315.26,73.302,458.72,405.76
311.42,72.079,460.62,407.44
310.93,74.053,461.67,408.9
300.48,82.857,467.36,409.88
296.05,86.417,470.73,410.8
290.28,91.913,475.77,412.54
288.19,91.884,477.88,413.97
283.72,97.778,483.01,415.71
274.02,100.43,489,416.4
263.67,104.62,494.13,417.25
252.67,101.32,500.84,415.76
251.29,95.97,503.53,416.79
249.93,95.427,506.48,418.72
247.32,88.867,508.01,419.56
241.88,84.225,510.05,420.65
236.12,80.015,511.66,421.84
236.28,81.523,514.08,424.73
238.75,87.161,514.27,429.88
239.36,87.196,515.32,431.84
244.39,91.013,517.19,435.46
246.29,94.116,521.33,436.61
249.4,98.192,524.34,438.06
251.11,100.81,525.76,438.13
257.28,101.9,526.89,437.41
258.89,103.13,530.34,436.77
260.87,102.14,529.82,435.29
253.14,102.88,528.37,432.29
244.6,101.77,525.93,429.16
243.4,100.92,517.67,428.61
248.75,101.49,508.16,427.18
252.99,102.01,500.38,425.61
251.08,99.256,493.42,423.9
242.65,96.174,485.47,423.96
234.55,89.414,479.76,424.29
227.24,86.001,476.54,423.74
219.37,88.311,473.73,425.4
217.78,88.467,468.3,427.41
213.06,81.372,464.43,426.99
202,80.239,463.04,428.58
188.26,82.687,462.24,430.98
182.53,80.421,463.53,432.21
176.33,83.845,464.27,434.73
178.65,83.176,464.35,437.22
169.76,85.238,466.05,437.93
162.81,84.071,467.94,439.33
148.24,83.782,468.62,440.92
142.82,84.21,466.49,442.99
140.8,83.858,463.19,443.91
142.71,83.58,462.3,443.41
132.21,83.823,463.44,443.13
132.68,87.255,459.12,445.46
132.06,89.438,456.67,446.21
130.14,94.577,454.87,445.87
134.01,98.147,455.89,445.15
133.47,99.036,455.44,444.26
140.13,100.34,459.79,445.31
157.12,98.387,459.55,446.69
173.58,93.793,461.95,447.69
194.41,86.356,465.69,449.06
214.78,74.362,470.99,447.16
209.44,74.303,477.07,446.51
229.8,61.629,483.56,445.04
240.66,51.485,491.73,445.78
243.14,44.156,499.85,445.55
238.23,39.408,509.46,444.71
236.48,30.376,519.25,444.29
232.96,30.516,525.54,445.73
249.27,24.296,530.78,447.49
274.23,22.077,538.39,452.1
291.35,22.994,541.73,454.68
300.51,20.814,546.36,455.59
311.4,23.474,552.86,459.9
312.92,23.337,558.97,459.49
321.62,27.92,567.84,462.68
333.61,29.598,578.11,463.65
348.3,28.343,581.73,465.02
365.8,24.583,588.13,465.69
382.06,24.582,593.88,466.6
387.89,28.572,598.91,466.06
392.24,32.468,603.05,464.85
401.86,36.003,604.19,463.83
412.08,37.974,606.94,460.47
426.56,41.419,610.18,459.06
441.56,47.485,611.7,461.25
446.55,51.879,615.12,462.15
455.98,52.219,633.47,443.9
455.81,57.008,634.37,447.13
463.06,58.717,635.88,449.98
463.57,66.583,652.92,434.87
469.75,71.495,662,424.35
475.84,73.926,666.62,415.61
478.43,76.412,670.99,407.24
486.64,76.87,675.05,401.13
482.46,77.071,678.94,396.15
478.72,79.401,680.36,392.51
483.92,81.227,682.88,388.98
480.09,82.782,683.75,386.7
467.36,79.846,688.46,384.7
464.92,81.262,692.31,382.69
460.88,78.559,704.02,379.09
454.62,75.688,711.2,377.59
463.53,77.238,713.48,378.3
461.05,74.99,714.82,379.09
466.9,74.034,715.48,380.94
477.69,76.278,715.25,380.85
483.85,75.648,713.45,382.18
492.93,69.413,712.27,380.84
502.36,73.281,712.2,380.85
507.05,78.939,710.76,381.04
504.58,81.31,710.31,379.86
504.79,84.866,709.86,377.36
510.66,86.028,707.66,375.68
512.71,82.788,705.62,374.96
505.27,86.586,702.67,375.04
503.89,88.236,700.96,373
503.6,92.061,701.87,370.93
498.27,99.283,702.38,367.6
496.26,107.4,701.47,364.16
479.65,118.02,699.11,360.47
465.52,117.04,701.42,355.94
460.38,119.2,705.74,353.64
457.91,125.65,706.32,354.98
452.14,131.03,702.7,355.06
441.96,124.73,704.61,353.2
455.75,118.92,699.93,353.79
449.58,119.29,697.72,354.51
450.74,119.87,694.42,354.47
439.27,122.07,690.43,356.07
443.77,120.74,684.67,357.95
441.78,124.9,679.11,359.22
442.84,129.46,673.37,361.5
443.55,128.85,666.73,361.3
445.41,129.67,661.06,360.09
433.16,126.07,658.57,358.93
422.74,123.34,653.65,356.68
422.71,125.72,649.24,354.37
413.07,131.34,645.8,351.61
397.92,135.3,645.02,349.95
404.71,135.69,642.39,347.15
404.52,134.61,640.16,344.06
395.79,134.81,637.32,342.66
391.71,137.58,631.61,342.27
399.58,134.84,624.65,341.99
399.99,136.71,621.39,341.68
385.83,134.94,618.47,342.29
378.02,134.38,617.15,342.78
382,137.55,617.07,345.44
373.37,136.19,616.71,347.72
377.2,133.28,618.91,349.7
376.81,131.99,620.33,352.34
372.39,128.03,621.97,354.36
357.28,125.16,621.51,355.2
353.15,123.2,619.71,359.12
350.83,120.04,620.28,360.84
349.92,118.75,622.29,361.15
348.58,118.16,623.91,360.96
345.01,119.47,624.59,362.72
343.46,117.76,625.41,362.32
338.93,118.68,625.36,363.44
331.51,122.7,622.97,365.3
333.82,123.7,623.25,367.19
332.64,123.83,623.22,366.9
351.54,114.94,600.89,386.75
366.02,104.36,581.22,401.04
377.14,96.112,565.45,413.79
384.04,85.135,553.27,420.41
385.77,75.167,544.97,428.44
388.32,71.267,536.98,432.99
380.58,68.086,533.32,436.34
379.91,66.885,530.16,436.82
382.08,69.289,530.06,436.75
370.23,63.945,531.22,436.81
356.51,66.533,531.81,437.04
355.18,65.608,535.33,437.77
349.84,64.279,538.33,438.04
343.01,64.644,542,438.45
342.16,65.314,546.84,437.66
340.59,69.078,548.42,439.04
338.33,71.568,548.13,439.48
335.39,71.37,548.57,440.64
325.92,76.766,549.31,440.72
307.01,76.539,551.23,440.32
287.22,72.029,554.54,438.98
282.12,71.559,556.62,440.71
270.01,66.872,561.62,442.93
270.34,68.418,565.71,444.34
265.84,69.756,568.66,447.11
266.5,70.862,569.64,448.53
262.41,72.193,571.57,449.04
260.11,70.223,571.95,449.17
255.75,72.185,577.45,447.55
254.12,73.246,581.78,446.13
246.78,79.09,587.35,446.29
244.25,84.069,592.49,444.09
253.99,82.23,594.16,439.11
260.18,87.543,596.91,436.76
250.98,83.106,596.71,433.86
246.29,87.282,596.39,432.59
248.16,82.904,596.68,432.22
246.34,80.179,598.17,434.51
235.13,74.011,605.82,437.54
217.69,74.143,615.53,440.63
202.99,74.311,626.03,439.96
200.05,76.346,634.01,439.41
183.97,75.739,638.81,437.88
184.03,78.118,644.62,431.92
182.38,83.085,651.57,428.35
170.32,84.153,656.39,427.82
160.43,82.736,662.68,430.23
155.55,81.176,667.79,433.05
153.38,75.513,671.59,435.83
158.7,77.959,673.27,439.72
162.3,74.979,676.13,441.05
162.46,72.311,679.34,438.28
161.95,81.736,680.31,434.68
169.77,86.135,679.78,431.36
167.95,93.722,677.19,425.12
155.45,90.708,677.45,417.74
146.65,95.929,681.91,406.84
144.69,104.1,686.38,400.58
130.9,101.76,691.55,399.66
127.77,102.54,696.46,398.15
133.99,105.86,695.93,396.24
145.28,107.23,693.8,392.62
158.46,106.21,688.96,389.18
158.69,107.69,684.68,386.93
162.64,101.2,675.77,386.86
168.24,102.2,671.97,385.02
176.44,102.91,665.32,386.72
185.26,101.66,659.71,390.82
190.47,101.3,654.49,396.1
193.04,99.375,650.39,400.66
216.57,94.097,644.73,406.4
219.01,94.568,639.85,410.83
209.28,97.229,644.9,411.44
220.21,94.28,642.21,413.15
232.83,89.871,634,414.73
249.38,87.829,623.83,416.34
241.89,86.868,623.4,417.72
239.82,88.312,623.15,417.77
225.02,87.255,626.62,418.82
226.5,87.788,624.86,419.82
241.66,90.946,615.47,421.71
253.42,85.67,607.47,421.9
263.46,79.739,600.08,420.05
265.66,78.39,595.42,419.9
270.18,75.131,592.92,417.78
267.1,69.551,591.53,415.19
260.52,73.318,590.55,409.2
268.86,77.487,588.14,404.09
262.44,85.934,586.95,401.77
265.42,84.053,585.66,399.29
264.95,85.312,583.18,398.36
270.27,87.17,582.98,397.11
277.64,87.732,578.48,395.72
278.62,93.191,572.17,394.42
274.3,97.494,569.41,392.21
277.65,96.68,567.48,390.21
293.44,99.189,561.12,389.57
282.27,102.09,557.51,392.33
277.45,104.12,554.54,392.74
284.63,101.9,550.49,392.89
285.82,100.02,543.17,395.23
285.02,100.77,539.72,395.64
271.6,102.01,536.14,395.05
264.77,108,529.51,395.75
260.44,109.21,523.97,396.14
274.02,109.82,515.21,396.56
273.32,114.29,508.71,398.89
274.88,113.14,504.77,399.41
277.2,113.04,499.38,401.4
288.63,116.04,496.61,400.93
293.51,120.57,493.39,399.61
284.67,123.18,493.89,397.79
295.43,117.95,486.97,400.65
295.51,117.79,480.43,402.65
295.67,117.92,477.07,404.19
281.11,118.26,476.96,405.48
279.45,120.71,477.41,406.3
272.33,120.78,481.55,406.36
272.47,114.71,480.77,408.67
271.48,113.12,481.4,409.73
277.67,116.47,476.64,410.31
268.56,119.24,473.16,410.35
270.07,122.22,472.01,410.72
254.51,121.73,472.49,411.22
240.11,120.34,473.82,411.96
238.95,121.42,474.35,413.39
232.02,117.28,475,413.5
226.57,114.89,477.16,415.55
215.37,110.59,487.99,416.93
229.61,108.35,490.62,418.15
239.71,108.76,488.99,417.02
245.11,109.07,484.72,415.4
232.45,108.62,483.35,415.06
231.17,115,484.93,416.17
226.2,117.34,489.16,417.55
228.78,120.2,490.18,419.77
229.47,119.39,491.87,419.19
228.08,120.59,492.12,419.11
219.45,118.37,495.17,419.52
203.44,116.35,498.78,420.36
201.02,119.22,500.61,421.11
221.19,117.03,499.61,420.98
197.79,115.98,498.46,421.88
196.51,117.03,498.05,423.58
128.02,117.17,501.43,422.31
120.55,121.42,505.66,423.35
144.24,121.38,510.6,421.19
150.42,123.95,513.66,419.65
148.81,123.55,513.75,420.64
148.08,123.38,514.6,421.69
145.98,121.83,516.26,421.66
145.17,123.1,520.82,418.4
158.66,136.01,516.21,422.22
144.28,138.09,520.75,423.34
160.21,143.92,518.28,426.4
163.55,144.97,514.65,430.13
179.58,138.02,509.7,433.77
189.93,133.07,503.49,433.76
200.78,130.6,498.8,434.73
227.94,131.66,493.71,434.4
227,133.21,491.01,433.54
229.6,133.44,488.58,432.77
231.05,132.88,487.92,432.37
240.23,132.7,490.77,430.05
226.62,127.99,499.01,428.08
215.91,127.92,499.6,426.87
217.83,129.02,499.68,425.88
217.42,128.77,500.21,425.09
231.27,118.5,499.69,423.59
223.09,112.58,499.86,424
200.82,109.92,505.33,423.87
203.59,107.11,509.98,424.15
203.74,117.59,520.6,422.29
204.69,117.29,528.07,422
203.53,120.63,529,421.08
190.23,113.03,528.51,420.91
187.35,117.02,528.93,423.71
184.7,120.93,532.15,427.88
184.49,122.88,532.47,429.36
183.27,121.55,532.95,430.07
180.22,120.9,531.86,431.45
169.79,111.34,533.68,431.74
161.78,108.02,533.75,430.51
152.49,104.74,534.51,432.25
151.16,106.39,536.19,433.96
155.84,112.98,533.3,435.65
163.84,106.68,529.14,438.13
175.63,106.61,523.32,442.23
183.33,112.27,516.52,446.18
187.14,113.03,512.56,445.64
189.48,114.15,509.85,444.11
206.21,109.7,512.26,436.42
223.33,113.47,506.62,430.11
230.79,116.13,502.34,425.61
240.04,122.71,493.63,420.61
254.05,135.31,483.5,415.42
261.31,138.21,476.09,410.49
263.37,145.24,469.71,405.66
260.47,155.4,463.55,402.99
253.55,163.83,457.91,402.16
251.11,174.71,453.02,400.71
238.72,182.06,446.6,395.77
233.83,185.89,441.68,392.9
235.51,186.55,435.92,390.83
244.97,190.75,432.26,388.55
238.88,190.93,427.58,385.45
233.66,190.58,424.58,381.96
228.56,197.4,420.85,380.11
226.4,200.67,420.3,377.19
229.16,203.41,417.31,372.65
231.63,203.86,413.28,368.42
236.29,192.67,390.59,390.79
234.81,185.45,374.49,405.44
238.67,177.6,365.78,411.54
243.34,175.91,359.46,416.48
252.9,171.14,355.77,420.52
253.14,167.62,355.4,422.26
255,158.14,354.52,425.67
248.03,152.46,359.28,427.67
243.63,155.82,361.79,430.54
239.5,153.62,363.64,431.26
239.6,162.24,365.41,435.64
227.46,157.56,368.24,440.52
213.48,153.09,389.23,436.18
206.64,151.15,404.88,433.85
196.9,154.66,417.03,430.37
192.57,156.78,422.73,427.09
184.75,162.44,427.81,424.08
170.64,163.92,436.37,421.52
177.83,171.26,441.11,419
186.94,179.83,446.74,415.56
171.17,190.65,456.78,412.76
164.57,191.92,462.47,409.68
159.59,191.09,471.6,407.95
157.16,197.58,481.28,402.6
143.27,205.44,495.7,396.88
138.8,211.6,508.69,391.72
131.14,218.54,523.46,386.6
126.84,219.49,533.81,383.22
116.72,220.32,546,381.2
107.01,206.46,563.84,376.64
93.99,228.67,575.31,377.03
81.316,231.46,584.67,379.3
73.887,236.23,592.28,382.47
74.474,237.04,596.04,385.81
70.104,240.92,602.87,387.79
64.024,240.41,611.47,390.34
49.246,239.47,620.24,393.82
37.868,225.58,627.89,391.62
28.941,225.69,637.72,389.19
25.19,227.1,645.1,387.98
19.385,227.6,650.33,387.18
12.345,225.52,654.89,385.39
5.0218,225.01,658.73,384.68
-3.9544,223.51,660.96,384.59
-6.8619,220.26,660.98,384.59
-10.334,217.97,661.56,384.77
-10.066,216.45,658.98,388.35
-5.0282,212.37,656.2,391.67
-7.8873,213.64,655,395.1
-7.84,217.47,655.52,398.54
-3.2923,220.74,657.66,400.88
-1.821,220.65,658.21,404.49
0.23264,221.5,660.57,406.78
-4.7296,224.76,662.41,408.53
-7.1326,228.65,661.61,410.96
-12.103,230.73,660.93,413.97
-8.9593,229.14,660.3,415.95
-9.5636,229.28,660.38,417.17
-8.7018,231.53,657.74,417.66
-13.234,233,654.87,416.98
-14.459,236.8,650.43,417.19
-15.402,236.41,642.89,416.96
-12.464,237.14,633.08,416.3
-12.505,237.75,625.12,415.31
-11.121,237.52,620.34,413.75
-12.205,237.75,617.14,412.13
-12.76,238.71,614.63,410.17
-8.5561,239.51,610.99,409.33
-11.4,241.9,609.74,409.17
-9.9094,243.98,608.21,406.98
-10.042,243.56,605.73,404.68
-10.797,243.78,604.21,403.25
-6.7734,244.36,601.07,403.41
-10.463,245.3,605.17,403.76
-14.417,243.37,607.32,404.22
-15.99,243.22,610.17,404.94
-10.587,243.17,614.29,404.73
-8.7975,239.56,617.08,404.89
-6.9777,237.23,620.71,406.33
-6.685,235.68,625.46,407.68
-4.2468,233.8,628.31,407.94
-5.4779,232.63,632.02,409.13
-6.7668,232.83,634.69,410.26
-7.3941,230.87,635.97,412.5
-6.0812,230.47,636.95,414.66
-4.7107,229.39,639.47,414.84
-4.8319,223.62,642.22,416.26
-1.5061,221.68,644.18,416.9
0.8959,218.38,647.18,417.42
-1.1403,212.88,651.62,419.09
1.6294,205.63,657.18,418.76
10.138,202.67,663.5,419.23
10.22,198.34,669.06,422.14
10.695,195.69,673.74,423.61
14.3,196.21,675.33,426.1
21.996,197.65,676.83,429.8
18.944,195.31,681.82,430.52
17.323,191.91,687.03,430.64
17.668,189.92,692.71,430.93
19.095,187.55,695.75,431.59
9.3558,187.5,697.94,433.49
11.171,186.78,700.98,436.94
9.9574,190.18,703.16,440.92
4.3979,192.88,700.97,443.87
6.1587,193.12,699.46,444.78
7.8317,193.51,698.71,445.36
14.674,193.79,695.36,448.13
15.403,190,679.76,467.64
14.611,183.8,670.91,479.07
15.975,184.11,680.16,467.39
16.529,183.62,685.14,461.7
17.403,183.69,686.61,457.55
14.631,185.15,687.44,455.6
12.154,183.57,688.81,450.94
12.914,177.38,689.03,445.96
22.348,173.92,689.14,445.17
21.973,171.29,687.36,446.65
22.125,169.11,687.25,447.22
19.217,164.49,684.59,450.85
23.889,162.01,683.97,452.5
26.365,158.77,682.35,453.46
17.953,156.32,677.35,456.01
15.809,156.41,673.23,457.76
16.677,158.76,670.16,458.3
15.759,141.28,652.68,478.16
17.224,124.62,642.61,496.29
21.374,112.15,634.64,514.01
20.386,100.15,627.81,527.87
22.98,92.408,623.37,540.81
22.881,85.3,621.92,551.14
32.977,76.271,624.53,557.69
43.296,73.249,627.25,564.41
45.77,66.377,628.25,568.85
43.605,61.69,630.38,574.73
47.225,59.078,631.04,578.7
48.081,56.896,632.56,580.8
59.242,52.889,630.23,584.21
65.596,52.753,625.12,589.24
84.049,52.388,616.6,592.27
94.094,52.759,604.41,595.59
106.84,48.235,597.95,595.32
112.82,47.13,593.2,593.88
121.41,43.326,591.22,590.54
125.1,43.345,591.15,587.02
139.52,47.018,589.36,584.45
151.06,52.068,587.59,582.08
160.96,54.908,587.28,581
166.06,57.891,584.89,580.21
167.15,61.682,584.21,579.96
170.29,68.745,581.53,579.88
177.2,69.414,578.09,578.18
188.35,69.591,573.41,577.87
191.22,71.98,570.99,576.59
193.62,74.24,569.52,574.48
185.13,81.769,568.32,574.29
185.38,92.948,565.86,572.67
193.41,101.83,562.93,570.87
196.86,105.55,562.16,567.1
198.39,107.54,557.87,563.86
199.66,109.81,553.45,560.86
193.7,116.03,547.97,557.13
177.94,119,539.83,552.59
170.1,119.96,532.31,546.65
158.9,123.53,523.74,543.75
149.85,125.54,515.04,539.43
151.68,125.36,507.83,536.74
141.56,127.57,499.92,531.49
128.6,128.56,492.62,526.04
115.48,131.68,486.16,519.55
103.74,136.81,480.77,509.71
