80,145,31,25
82.512,146.24,30.899,24.912
85.288,148.79,30.135,25.268
88.336,155.23,29.161,25.897
91.21,161.53,28.307,26.31
96.092,164.56,27.968,26.665
96.099,165.73,27.892,26.409
98.316,165.53,27.774,25.962
101.36,165.22,27.322,25.751
101.54,163.77,27.386,24.677
100.76,163.02,26.815,24.318
101.69,164.08,26.214,24.514
103.27,164.28,25.8,23.95
101.8,165.84,25.289,24.107
107.28,170.76,25.09,23.945
108.79,169.32,24.582,23.51
107.31,168.82,24.566,22.804
104.82,169.56,24.511,22.262
104.39,168.05,24.543,21.296
106.33,164.17,24.368,20.874
109.48,160.33,23.931,20.57
114.39,157.59,23.641,20.27
114.45,157.85,23.415,20.151
114.61,158.85,23.264,20.176
114.67,159.59,23.136,20.346
115.35,163.2,22.705,20.647
114.45,165.03,22.377,20.847
114.37,168.7,22.142,20.818
114.58,172.86,22.197,20.719
114.35,178.08,22.225,20.799
110.99,178.77,22.212,20.473
110.34,172.87,22.073,19.879
109.16,169.83,22.008,19.665
107.82,169.9,22.005,19.304
109.82,165.76,21.59,19.332
111.22,161.41,21.767,18.811
112.19,159.43,21.864,18.323
114.02,159.23,21.628,18.939
116.76,162.3,21.052,19.939
119.05,162.78,20.753,20.597
121.49,163.23,20.565,21.027
124.42,163.53,20.707,20.943
126.15,163.47,20.81,20.675
126.46,162.75,21.067,20.235
130.36,163.79,21.019,20.614
132.3,167.41,20.769,20.95
132.4,167.99,20.764,21.244
132.58,168.56,21.098,21.009
133.9,172.04,21.198,20.758
135.12,173.22,21.249,20.996
130.46,168.99,21.346,20.531
128.28,165.29,21.434,20.464
128.5,170.23,21.399,20.853
127.45,169.31,21.735,20.56
126.12,162.49,21.905,20.254
125.04,159.29,22.289,19.873
125.29,159.6,22.689,19.504
125.12,159.05,22.723,19.19
125.87,158.19,22.329,18.623
127.68,158.1,21.816,18.311
130.74,159.39,21.849,18.057
130.72,165.52,21.909,17.782
130.09,171.48,21.591,17.896
135.75,175.34,21.67,17.715
138.91,175.18,21.674,17.39
134.83,175.47,22.609,16.377
135.27,175.66,22.405,16.762
141.55,175.67,21.892,16.775
129.53,160.55,21.741,16.85
127.48,154.82,21.279,16.885
128.8,154.85,20.513,17.334
128.54,151.81,20.635,17.079
124.37,149.7,21.885,15.821
123.65,149.58,22.86,14.916
124.09,149.61,23.272,14.555
123.66,149.79,23.616,14.342
123.86,150.96,23.883,14.208
126.14,151.38,22.411,15.555
127.12,154.78,21.774,16.238
127.88,155.76,21.301,16.875
128.76,158.26,20.543,17.501
132.16,157.92,19.977,17.828
132.39,155.57,19.736,18.061
132.62,153.25,19.61,18.043
137.97,158.89,19.609,18.212
140.42,169.75,21.129,17.19
132.85,165.49,22.31,16.121
134.4,165.67,23.27,15.566
139.6,174.48,22.551,16.757
137.76,178.47,22.09,17.331
133.78,175.32,22.043,17.548
131.67,173.12,23.092,16.676
131.43,174.08,23.949,16.31
129.69,177.73,24.606,16.143
128.43,180.75,23.698,16.968
127.46,181.53,23.363,17.577
126.19,181.29,22.943,17.944
124.96,182.01,22.287,18.497
120.92,184.7,22.193,18.76
119.74,185.25,21.685,19.264
118.09,188.37,21.669,19.277
112.29,189.47,22.745,18.096
107.33,190.42,23.834,17.245
106.45,193.46,23.964,17.682
101.46,199.55,25.156,17.311
95.97,196.31,25.863,16.623
91.484,187.37,26.745,16.054
88.378,184.04,26.833,15.87
87.577,183.24,26.931,15.647
87.442,183.27,26.734,15.909
86.869,186.51,26.708,16.197
86.923,187.41,26.916,16.38
88.629,186.22,25.651,17.269
92.512,185.87,25.871,16.595
93.756,183.55,26.127,16.206
94.485,183.97,26.448,16.26
95.364,184.49,26.778,16.343
97.03,184.51,25.683,17.657
100.69,187.26,25.256,18.378
101.3,187.75,25.179,19.046
102.7,187.06,25.18,19.227
104.71,186.29,25.026,19.284
104.2,190.62,24.874,20.311
105.3,197.6,24.556,21.055
107.4,197.24,24.223,21.235
106.52,196.84,24.099,21.011
99.301,196.02,24.058,20.728
97.88,195.77,23.989,20.617
99.362,191.41,23.785,20.443
101.39,183.46,23.723,19.961
99.371,182.12,23.823,19.767
96.987,182.48,23.885,20.118
98.528,181.68,23.812,20.284
100.77,177.56,23.657,20.537
103.26,176.15,23.474,20.363
105.86,174.56,23.42,20.548
106.95,172.67,23.183,20.33
108.43,168.14,22.738,20.667
110.52,166.88,22.28,21.176
112.86,165.29,22.015,21.914
115.89,164.31,21.728,22.516
116.4,166.03,21.847,22.811
116.62,167.56,21.8,23.108
116.9,168.62,21.799,23.274
117.92,169.99,21.698,23.523
116.79,171.24,21.852,23.619
114.18,172.98,22.244,23.475
111.01,177.26,22.132,23.609
106.03,182.08,22.167,23.99
103.26,187.04,22.308,23.985
101.51,186.99,22.694,23.719
98.281,178.23,22.706,23.19
97.414,175.29,22.773,22.949
98.432,177.94,22.422,23.218
97.27,180.2,22.121,23.354
96.558,179.93,21.809,23.645
99.124,178.24,21.941,23.744
104.97,174.74,21.884,23.963
110.39,175.74,22.041,24.192
116.08,177.34,21.849,24.179
122.68,177.22,21.554,24.253
133.84,176.9,21.14,24.587
142.69,177.36,21.01,24.869
150.51,183.57,21.064,25.029
155.58,186.37,21.119,25.129
160.6,190.21,21.265,25.174
166.69,191.65,21.47,25.197
173.17,188.81,21.638,25.037
179.34,188.9,21.575,25.001
184.24,192.36,21.664,25.194
189.24,194.97,21.581,25.589
192.77,194.92,21.617,25.6
194.08,186.99,21.799,24.673
192.12,183.31,21.701,24.198
190.65,185.28,21.264,24.547
190.25,187.78,20.942,25.244
189.04,189.63,20.696,25.545
186.86,189.13,20.638,25.484
187.35,187.15,20.544,25.265
188.99,185.19,20.482,24.824
190.24,183.85,20.085,24.975
191,184.35,19.859,25.557
191.74,185.22,19.66,26.065
191.84,184.72,19.487,26.229
192.11,184.81,19.385,26.462
193.61,184.78,19.272,26.674
194.78,183.56,19.185,26.852
196.03,183,19.168,27.137
195.7,183.4,18.921,27.237
194.41,182.75,18.979,27.295
193.02,180.89,19.216,27.219
191.21,176.63,19.173,27.235
187.25,174.41,19.265,26.829
182.61,175.6,19.497,26.943
174.72,180.74,20.058,26.449
163.88,182.87,20.561,26.339
152.78,188.31,21.42,25.792
144.57,192.97,21.844,25.652
140.08,194.21,21.964,25.783
135.64,195.14,22.339,25.736
134.46,194.96,22.404,25.78
134.09,194.34,22.112,26.14
134.53,194.49,21.87,26.39
135.48,193.38,21.472,26.79
136.52,192.25,21.123,26.631
136.85,192.36,21.045,26.458
138.45,192.13,20.554,26.345
140.12,191.5,20.438,26.096
144.5,190.84,20.283,25.847
148.71,190,20.108,25.754
149.64,189.97,20.054,25.587
150.16,189.16,20.127,25.189
151.54,186.11,20.112,25.031
151.85,186.85,20.029,24.93
152.37,191.47,20.345,25.076
152.06,196.53,20.629,24.988
152.13,201.11,20.77,25.017
148.26,202.51,20.88,24.921
137.99,200.16,21.226,24.404
130.17,203.41,21.385,24.041
128.4,205.36,21.516,24.139
124.09,206.77,21.471,24.169
120.19,206.22,21.359,23.81
117.52,201.98,21.221,23.118
117.85,200.91,21.12,22.636
118.2,199.54,20.89,22.425
117.64,198.16,20.64,22.207
117.4,193.94,20.431,22.081
117.12,189.99,20.245,21.908
117.18,186.88,20.015,22.199
116.96,187.36,19.853,22.537
115.93,188.55,19.88,22.791
116.37,189.61,19.725,22.855
115.71,189.99,19.65,22.858
113.96,190.48,19.823,22.517
113.24,189.79,19.748,22.418
114.42,188.98,19.604,22.497
114.08,187.92,19.533,22.268
110.51,181.61,19.388,21.989
109.62,173.05,19.287,21.709
105.81,172.05,19.387,21.62
103.67,172.48,19.571,21.736
104.66,173.31,19.544,22.257
106.38,170.37,19.491,22.567
108.52,166.83,19.44,22.806
112.69,162.71,19.396,23.023
114.1,161.11,19.403,22.94
115.92,159.29,19.209,23.298
117.47,159.61,19.264,23.683
119.25,160.49,19.599,23.865
121.17,160.79,19.568,24.318
122.71,160.3,19.722,24.387
123.53,159.51,19.933,24.12
123.63,159.64,20,24.294
123.1,159.62,20.298,24.281
123.62,160.81,20.57,24.51
124.48,159.07,20.596,24.637
123.73,158.74,20.777,24.54
122.16,160,21.116,24.602
121.86,158.56,21.167,24.439
121.84,153.85,21.215,24.377
119.67,148.8,21.112,24.21
119.98,146.64,20.958,24.253
120.57,145.41,20.614,24.637
121.55,144.12,20.389,24.781
122.13,142.93,20.188,24.795
123.62,141.32,20.156,24.271
125.39,137.89,19.921,24.203
126.41,136.7,19.634,23.972
127.07,135.56,19.328,24.116
128.71,134.64,19.205,24.016
130.36,130.88,19.132,23.843
131.36,130.05,19.143,23.842
132.27,129.65,19.068,24.135
133.09,129.53,19.123,24.041
134.33,129.92,19.032,23.979
133.52,131.25,19.317,24.211
132.08,133.04,19.562,24.466
131.29,134.6,19.629,24.779
129.26,136.39,19.991,24.697
127.91,137.66,20.161,24.798
126.44,142.83,20.594,24.692
119.45,148.32,20.989,24.619
117.76,151.43,21.609,24.581
114.84,152.89,22.064,24.755
111.04,149.16,21.95,24.781
108.07,144.36,21.751,24.564
107.41,139.81,21.665,24.423
103.59,138.8,21.536,24.692
101.52,139.29,21.739,25.151
100.55,140.44,21.993,25.638
100.5,139.37,22.03,26.041
99.438,138.6,22.297,26.2
97.605,138.21,22.6,25.98
95.93,138.06,22.618,25.769
94.925,137.64,22.432,25.723
94.037,136.82,22.371,25.487
93.196,136.24,22.309,25.362
92.399,136.04,22.125,25.578
90.522,137.44,22.443,25.707
88.511,139.86,22.764,25.831
88.243,142,22.896,26.309
87.564,145.53,23.113,26.743
83.47,151.25,23.48,26.744
79.136,151.6,23.457,26.761
80.069,150.32,23.31,26.553
81.346,149.75,23.231,26.66
81.341,151.22,23.15,26.785
82.322,151.38,23.061,27.032
83.915,146.91,23.015,26.967
84.072,141.37,23.014,26.657
84.398,136.91,22.95,26.523
86.423,134.67,22.78,26.519
88.468,132.9,22.618,26.698
89.47,131.91,22.67,26.971
91.673,130.38,22.39,27.256
93.864,129.57,22.224,27.451
95.219,129.56,22.273,27.658
95.928,130.19,22.402,27.903
96.621,134.67,22.547,28.11
96.012,139.83,22.991,28.27
94.466,142.17,23.683,27.677
93.751,143.74,23.893,27.363
91.791,145.33,24.213,27.38
91.849,145.7,24.265,27.434
93.233,148.63,24.37,27.757
91.406,151.66,24.688,27.467
85.163,152.52,25.077,27.121
83.762,148.02,25.014,26.925
84.555,147.74,24.635,27.235
83.206,149.58,24.962,26.875
81.341,150.26,25.155,26.757
80.074,145.4,25.042,26.791
78.869,141.27,24.731,26.962
77.01,141.55,24.826,26.984
76.27,140.9,24.541,27.18
76.675,139.9,24.165,27.655
76.438,141.35,24.308,28.123
76.176,143.21,24.449,28.433
77.115,144.9,24.407,28.597
76.797,146.96,24.601,28.834
73.03,150.02,24.781,29.106
71.371,151.83,25.044,29.269
69.176,154.56,25.404,28.897
67.099,157.74,25.822,28.788
67.436,159.2,25.796,29.029
67.697,157.16,25.587,28.96
67.428,148.78,25.408,28.938
67.763,149.82,25.301,29.23
69.862,155.75,25.138,29.734
72.378,158.41,25.327,29.918
75.343,160.07,25.303,30.202
77.8,161.13,25.568,30.13
80.214,161.3,25.788,30.295
85.626,163.34,26.243,30.297
88.246,165.4,26.392,30.09
91.314,166.46,26.367,30.252
93.83,167.55,26.525,30.309
96.017,168.71,26.711,30.626
98.298,170.81,27.203,30.571
100.87,173.09,27.368,30.541
102.55,176.06,27.626,30.357
104.23,177.5,27.576,30.435
106.48,178.23,27.454,30.597
109.12,178.18,27.394,30.836
112.24,178.69,27.452,30.788
114.73,178.74,27.678,30.897
116.98,178.26,27.663,31.118
122.22,179.9,27.787,31.001
124.34,180.41,27.772,30.916
124.2,178.66,27.815,30.183
123.52,170.72,27.641,29.831
124.57,164.97,27.421,29.503
125.36,167.71,27.402,29.556
125.24,174.85,27.5,29.898
124.5,177.88,27.713,29.824
124.8,173.66,27.777,29.608
126.12,165.88,27.546,29.619
127.34,164.63,27.387,29.648
129.23,162.81,27.219,29.652
135.29,161.43,27.101,29.615
141.4,160.71,26.919,29.562
143.03,161.17,26.821,29.754
148.01,161.74,26.977,29.742
150.29,162.15,26.946,29.86
155.43,162.49,26.907,29.675
157.55,162.79,26.814,29.777
162.42,163.51,26.989,29.585
164.52,163.84,27.025,29.402
166.74,163.3,26.937,29.222
172.09,162.6,26.728,28.71
174.55,158.8,26.512,28.669
176.71,158.65,26.503,28.43
181.68,157.02,26.262,28.043
182.99,148.99,26.173,27.401
185.5,147.09,25.643,27.091
188.63,147.19,25.034,26.975
193.3,149.63,25.024,26.701
196.2,154.73,24.62,26.763
198.65,154.68,24.509,26.595
204.38,151.96,24.496,26.406
210,153.18,24.404,26.296
215.48,155.09,24.365,26.233
220.85,155.91,24.382,26.013
225.47,157.21,24.654,25.991
227.67,158.97,24.685,25.988
229.13,160.09,24.798,25.842
231.67,160.45,24.807,25.517
233.64,160.7,24.863,25.209
238.06,159.27,24.696,24.902
238.45,159.44,24.784,24.803
238.36,158.58,24.726,24.687
239.27,154.09,24.452,24.883
239.32,155.95,24.575,25.037
234.9,158.18,24.95,25.149
234.44,157.7,24.828,25.316
233.43,157.61,24.772,25.23
228.62,157.94,24.953,25.178
223.11,159.81,25.093,25.306
214.92,161.42,25.218,25.521
210.69,154.12,25.143,25.527
202.98,153.71,25.119,25.576
195.13,149.96,25.111,25.643
189.49,146.87,25.346,25.582
179.62,148.46,26.204,25.254
168.33,154.21,26.399,25.263
163.31,154.3,26.416,25.353
158.68,149.88,26.13,25.351
154.77,145.54,25.699,25.366
153.4,141.84,25.623,25.427
152.63,139.9,25.397,25.185
151.99,140.28,25.046,25.363
150.93,141.28,24.959,25.66
151.74,141.57,24.739,25.602
152.93,140.35,24.494,25.634
153.87,140.39,24.302,25.584
148.54,141.34,24.87,25.037
140.72,143.68,25.176,24.989
140.11,144.2,24.912,24.913
140.57,144.08,24.482,24.712
139.48,143.38,24.49,24.272
137.98,136,24.402,23.84
136.75,128.23,24.291,23.612
133.29,123.66,24.288,23.361
132.71,122.19,24.025,23.219
132.36,123.28,23.906,23.105
128.78,124.16,23.824,23.271
129.55,119.62,23.49,23.219
133.97,114.84,23.128,23.148
135.55,116.08,22.845,23.617
134.82,121.74,23.135,23.606
128.89,125.73,23.62,23.799
125.43,124.2,23.455,23.641
130.55,120.01,23.006,23.706
139.36,116.59,22.532,23.894
146.89,115.71,22.447,23.798
149.22,112.61,22.15,23.871
153.61,112.1,22.126,23.663
158.76,108.78,21.927,23.807
162.14,107.93,22.232,23.607
160.89,107.81,22.565,23.461
158.51,108.41,22.951,23.498
157.36,104.41,23.019,23.288
153.53,100.15,23.177,23.1
149.21,96.698,23.376,23.191
147.36,96.992,23.715,23.245
146.4,97.294,23.91,23.302
145.09,97.554,24.159,23.194
140.81,99.593,24.175,23.797
139.89,101.87,24.462,24.053
135.12,104.29,25.011,23.937
126.42,105.09,25.363,23.875
111.44,102.46,25.458,23.799
106.22,97.754,25.207,24.106
108.07,96.327,24.732,24.386
113.4,97.06,24.448,24.777
113.69,99.451,24.511,25.228
110.85,105.31,24.456,25.851
108.49,111.02,24.762,26.008
110.55,113.27,24.403,26.416
116.04,115.67,24.024,26.665
121.02,121.17,23.996,26.32
124.21,122.61,23.743,26.003
129.33,123.68,23.69,25.586
138.23,123.82,23.522,25.225
146.71,120.25,23.247,24.981
154.89,116.04,23.174,24.888
163.74,109.56,23.062,24.783
172.83,105.98,22.975,24.651
182.21,103.14,22.973,24.417
190.85,102.81,22.863,24.289
198.84,102.24,22.839,24.06
206.6,101.64,22.851,23.837
213.94,100.53,22.961,23.445
219,99.689,22.941,23.083
220.6,98.541,22.904,22.991
225.13,94.407,22.893,22.869
230.11,90.765,22.694,22.933
234.16,89.945,22.743,22.88
236.75,89.424,22.586,23.095
239.31,88.737,22.295,23.185
244.27,88.383,22.19,23.368
247.21,89.301,21.729,23.545
250.05,90.686,21.041,23.65
251.79,91.785,20.156,23.627
254.05,93.071,18.306,25.152
255.78,92.424,16.8,26.303
257.49,91.148,15.034,27.774
257.97,91.043,14.117,28.347
256.56,91.917,14.033,28.062
255.3,91.771,14.313,27.415
254.27,92.108,14.774,26.494
251.21,92.926,16.396,24.739
240.53,93.808,17.875,23.513
235.45,94.369,18.976,22.784
230.21,98.662,20.31,22.292
222.63,102.92,21.366,22.105
217.18,107.28,22.19,21.986
211.96,109.27,22.878,22.093
206.56,110.98,23.371,22.39
198.56,111.67,23.63,22.625
192.89,111.8,23.991,22.863
187.06,112.04,24.204,23.244
178.81,111.59,24.357,23.509
173.39,108.54,24.484,23.554
168.16,104.84,24.513,23.7
164.45,100.05,24.49,23.93
164.07,94.717,24.312,23.895
163.14,92.947,24.342,23.835
157.82,93.726,24.409,24.124
155.58,94.207,24.543,24.486
153.92,93.198,24.535,24.61
149.71,91.882,24.75,24.495
147.58,92.3,25.03,24.533
145.97,88.317,25.064,24.602
145.33,83.467,24.802,24.832
145.04,78.508,24.485,25.255
144.25,77.13,24.391,25.496
143.52,77.498,24.498,25.638
143.31,77.911,24.381,25.687
143.91,78.519,24.202,25.64
143.43,79.857,24.138,25.461
143.38,80.682,24.158,25.547
142.56,82.244,24.231,25.578
141.9,83.483,24.392,25.41
140.95,84.496,24.483,25.428
140.46,85.795,24.646,25.397
139.26,88.147,24.912,25.334
137.01,89.967,25.24,25.404
135.88,91.53,25.41,25.56
133.87,92.408,25.482,25.679
132.53,93.004,25.444,25.96
132.35,93.486,25.276,26.187
132.25,94.847,25.425,26.181
132.46,96.361,25.529,26.259
132.37,98.629,25.73,26.314
134.12,100.39,25.696,26.407
136.12,101.09,25.517,26.69
136.06,101.99,25.571,26.807
135.75,102.16,25.753,26.888
136.62,100.66,25.729,27.041
136.81,96.046,25.977,27.083
136.47,93.56,26.088,27.401
135.95,94.105,26.294,27.659
135.32,95.736,26.237,28.114
134.67,97.74,26.543,27.856
133.64,99.063,26.819,27.641
134.75,102.39,26.695,27.953
134.32,105.93,26.687,27.61
134.22,107.45,26.751,27.164
134.37,106.08,26.66,27.145
135.61,106.12,26.422,27.085
137.17,106.72,25.964,27.184
139.08,107.73,25.642,27.105
140.78,108.49,25.226,27.066
140.87,108.81,25.019,27.065
140.94,107.1,24.798,27.129
143.63,107.49,24.284,27.503
147.4,109.32,23.862,27.693
151.53,108.86,23.446,27.942
152.61,108.32,23.353,28.051
156.91,106.9,23.21,27.772
157.22,105.88,23.159,27.683
155.2,106.68,23.421,27.506
154.77,109.73,23.69,27.257
151.75,109.04,23.901,26.866
143.08,108.45,23.957,26.68
140.8,110.14,23.802,27.128
139.39,111.33,23.904,26.978
135.65,112.29,24.028,27.053
133.1,114.27,23.848,27.728
131.54,116.88,23.556,28.643
129.7,120.08,23.308,29.183
128.92,122.25,22.135,31.378
128.38,125.55,22.15,31.662
127.04,128.5,21.981,32.187
126.48,130.66,20.968,34.138
128.15,131.98,20.306,35.016
128.18,133.18,19.979,34.862
129.57,134.34,19.889,34.481
131.38,135.65,19.751,34.258
133.45,136.16,19.57,33.943
134.33,137.06,19.222,34.004
135.66,137.98,18.979,33.521
136.03,137.68,18.837,32.975
138.51,139.41,18.493,32.744
140.89,140.06,18.179,32.323
143.56,140.86,17.951,31.853
146.25,141.42,17.683,31.624
150.64,141.84,17.422,31.334
155.7,140.94,17.094,30.877
157.69,141.82,16.937,30.62
158.04,143.32,16.762,30.596
159.93,144.67,16.633,30.374
167.19,143.1,16.472,29.874
171.34,141.29,16.358,29.488
175.54,141.44,16.248,29.31
180.59,139.16,16.031,29.106
184.68,138.44,15.83,28.926
188.22,137.19,15.796,28.562
191.73,136.05,15.771,28.215
198.06,131.9,15.496,28.214
201.63,126.85,15.307,27.983
205.07,126.35,15.174,27.695
205.8,123,15.084,27.388
206.74,123.46,15.097,27.357
207.72,125.41,15.116,27.291
208.57,127.76,15.309,27.079
209.23,130.08,15.518,26.806
210.27,132.46,15.614,26.905
209.12,133.53,15.834,26.77
207.51,134.16,16.029,26.71
206.79,135.05,16.29,26.338
205.92,135.37,16.442,26.114
202.17,136.56,16.601,25.931
198.74,138.32,16.61,25.93
197.6,139.04,16.583,25.982
196.77,139.34,16.592,25.965
196.21,139.75,16.722,25.794
195.44,137.9,16.502,25.626
194.93,136.85,16.458,25.583
194.55,136.55,16.528,25.607
194.55,137.92,16.686,25.693
194.29,139.68,16.868,25.767
193.47,140.75,16.93,25.961
193.35,141.36,17.042,25.962
193.44,141.01,16.943,25.798
193.41,140.54,16.87,25.533
193.23,140.8,16.745,25.831
190.3,140.36,16.733,25.735
190.4,140.15,16.717,25.546
189.59,141.35,17.788,24.791
188.8,142.31,18.51,24.266
188.08,142.54,19.141,23.775
187.16,142.27,19.802,23.632
187.47,141.93,20.301,23.493
189.89,142.27,20.853,23.767
187.54,143.92,21.65,23.938
185.03,148.67,22.194,24.145
184.54,150.41,22.873,24.426
182.55,152.84,23.616,24.739
180.09,158.01,24.044,25.463
178.53,159.87,24.491,26.083
177.2,162.01,24.796,26.748
175.67,163.54,24.85,27.179
174.36,163.27,24.805,27.376
173.15,162.45,24.754,27.347
171.33,162.53,24.749,27.511
168.57,163.57,24.773,27.875
166.17,163.58,24.969,28.045
163.94,162.92,24.953,28.114
162.49,160.95,24.989,28.375
160.34,160.2,24.819,28.829
158.27,160.35,24.52,29.381
156.42,160.5,24.311,29.379
155.14,160.03,24.485,29.259
153.75,160.08,24.495,29.406
152.04,160.54,24.501,29.8
150.34,160.78,24.42,30.15
149.73,160.35,24.271,30.338
149.81,159.86,23.952,30.682
147.98,160.37,23.756,30.878
148.09,160.44,23.357,31.316
150.01,161.77,22.89,31.45
152.29,162.26,22.504,31.544
152.29,161.7,22.432,31.477
152.58,162.34,22.492,31.321
154.8,163.34,22.248,31.4
156.2,163.47,22.119,31.176
157.31,163.09,21.795,31.106
158.13,162.4,21.73,30.924
158.79,161.38,21.681,30.82
158.18,160.1,21.737,30.646
158.64,159.29,21.64,30.337
159.28,158.36,21.712,29.864
158.84,157.22,21.899,29.583
156.82,156.22,22.072,29.248
155.49,154.32,22.072,29.321
154.04,154.26,22.227,29.429
153.95,154.28,22.236,29.692
154.44,153.93,22.229,30.046
151.94,155.03,22.661,30.129
149.52,158.37,22.936,30.177
154.11,161.51,22.775,30.272
153.08,165.22,22.959,30.092
147.92,167.91,22.969,30.381
146.8,168.24,22.703,30.682
146.91,167.35,22.24,30.816
145.05,167.65,22.064,30.622
144.16,167.29,21.634,30.741
143.28,165.8,21.566,30.523
141.45,164.57,21.396,30.59
139.52,165.44,21.219,30.488
138.68,165.25,21.029,30.241
136.44,165.21,20.104,30.615
133.59,165.02,19.332,31.559
130.98,165.75,18.765,32.24
128.98,166.53,18.218,32.655
128.68,165.84,17.766,32.734
127.14,165.62,17.759,32.487
124.08,167.54,18.208,31.926
121.99,168.9,18.213,31.617
120.81,169.53,18.215,31.637
118.54,170.01,18.29,31.474
112.73,167.31,18.613,31.097
108.54,165.72,18.583,30.983
107.5,163.56,18.602,30.742
103.25,159.25,19.727,29.882
95.255,154.47,20.719,29.178
90.549,152.89,21.42,28.957
89.24,151.5,22.288,28.575
86.464,150.05,23.02,28.352
84.983,147.79,23.54,28.593
85.013,145.41,23.74,29.181
84.853,142.93,24.403,29.572
82.397,140.96,25.337,29.313
80.811,138.4,25.837,29.572
81.506,135.84,26.294,29.832
83.554,133.17,26.329,29.451
85.787,126.99,26.432,29.669
85.446,124.76,26.89,29.594
83.811,122.92,27.768,29.859
82.932,121.89,28.757,30.359
83.915,121.07,29.702,30.984
83.299,124.16,31.414,30.847
79.107,128.04,32.851,30.591
75.489,131.36,33.865,30.633
73.346,133.98,34.745,31.275
70.419,136.93,35.959,31.138
66.056,138.17,36.4,31.187
54.442,138.05,36.88,31.38
46.885,138.19,37.442,31.533
38.794,140.14,38.156,31.537
30.287,142.51,39.126,31.705
26.964,146.51,40.357,32.136
24.578,150.3,41.63,32.731
22.146,152.42,42.896,33.355
18.724,154.2,43.78,33.704
16.937,154.02,44.627,34.383
16.288,151.04,44.955,35.197
13.091,145.55,45.749,35.583
10.779,143.59,45.957,36.086
7.7396,142.27,46.744,36.475
4.4796,140.77,47.771,36.749
1.2174,141.42,47.875,36.802
-0.30881,143,48.092,36.848
1.171,145.33,48.494,37.269
1.1572,147.61,49.358,37.653
0.3737,149.54,49.766,37.656
0.056404,153.34,50.183,37.883
-0.032185,156.94,51.076,38.061
0.21844,157.6,51.632,38.241
-0.61886,159.63,51.758,38.274
0.30551,162.23,52.037,38.605
1.1553,161.78,52.642,39.023
1.5629,160.09,53.029,38.897
3.2306,157.6,53.403,39.035
5.8811,154.98,53.183,39.259
8.3075,153.58,53.403,39.3
7.9669,154.09,54.576,39.504
8.4768,153.59,55.458,39.639
8.6758,149.89,55.933,39.603
10.093,144.61,55.328,39.446
14.526,138.86,53.938,39.043
20.935,131.2,52.605,39.537
27.594,128.81,51.794,39.967
31.783,126.01,51.862,39.591
34.047,121.87,52.67,38.884
35.834,120.31,53.825,38.493
36.074,115.58,54.654,38.209
34.639,111.37,56.02,37.148
34.505,105.66,55.997,37.645
37.639,103.34,56.845,38.225
38.477,102.21,57.985,38.944
39.948,104.53,58.746,39.508
41.564,106.69,59.506,39.989
46.176,108.1,59.96,39.961
48.319,111.56,60.677,39.64
51.868,117.05,61.412,39.083
54.803,122.99,59.322,41.297
58.638,128.54,57.929,42.506
61.248,129.87,57.673,43.016
63.922,128.78,57.327,43.121
66.554,127.1,57.177,43.212
69.92,127.06,57.046,43.411
72.664,129.39,57.183,43.403
72.622,129.42,57.556,43.232
73.562,129.2,58.06,43.229
73.545,130.98,58.718,43.157
72.044,128.61,59.853,42.448
69.702,118.07,60.523,42.221
76.879,111.35,59.202,42.145
89.665,115.11,57.957,43.397
90.425,122.21,57.97,44
94.819,125.48,57.703,44.312
98.516,123.8,58.194,44.223
95.975,125.82,59.11,43.715
94.888,129.85,59.359,43.787
97.384,128,59.321,43.768
98.832,123.27,59.192,43.549
98.174,120.23,59.514,43.168
100.31,119.71,59.332,43.071
101.91,116.98,59.211,42.937
104.19,113.74,58.936,42.832
106.19,107.83,58.778,42.37
107.94,101.66,58.774,42.175
110.1,101.62,58.793,42.257
113.98,100.19,58.464,42.868
116.93,97.101,58.381,43.162
120.08,93.62,58.488,43.444
123.11,92.165,58.339,43.488
125.54,92.884,58.314,43.198
126.99,91.988,58.622,43.145
129.1,91.196,59.134,42.753
127.62,89.429,59.821,42.436
125.3,87.68,60.043,42.341
123.76,89.839,59.673,42.483
120.83,92.048,59.51,42.501
115.65,92.33,59.607,42.507
110.36,92.761,59.423,42.561
107.18,92.834,59.557,42.703
104.72,92.358,59.582,42.796
102.17,89.041,59.619,42.631
102.35,88.252,59.818,42.406
98.743,85.304,59.248,42.463
94.848,83.542,58.927,42.64
91.425,81.664,58.46,42.739
88.005,80.59,58.041,42.882
86.786,81.37,58.158,42.613
82.607,79.377,57.659,42.947
77.042,80.057,57.22,43.427
74.783,81.428,57.346,43.013
72.069,82.936,57.437,42.917
67.072,85.647,56.953,43.413
65.22,86.634,57.392,43.192
64.11,86.429,57.459,42.909
63.021,85.899,57.44,42.807
62.376,85.14,57.261,42.728
62.687,85.515,57.164,42.866
63.569,87.308,57.021,43.072
64.586,89.9,56.889,43.104
65.729,92.096,56.743,43.257
66.689,94.654,56.602,43.613
67.295,97.249,56.452,43.687
67.343,98.516,56.303,43.45
69.467,98.944,55.911,43.59
70.942,99.073,55.887,43.262
68.106,96.278,55.212,43.599
68.236,96.31,54.776,43.758
73.469,99.165,54.764,43.598
76.199,97.942,54.609,43.935
76.583,100.44,54.705,43.782
79.33,107.22,54.33,43.63
85.74,109.26,53.65,44.022
87.538,113.19,54.41,43.796
86.693,125.96,54.857,43.181
85.906,133.67,55.198,42.77
86.278,138.49,55.848,42.269
85.992,144.93,56.134,41.725
84.277,152,56.152,41.399
82.49,154.72,57.358,41.03
83.948,156.44,57.533,40.845
85.249,157.89,57.903,40.622
84.299,158.08,58.507,40.37
81.663,154.93,59.01,40.078
80.938,151.65,59.196,39.96
82.073,149.14,59.457,39.879
81.144,145.37,59.527,39.555
80.268,141.33,59.594,39.196
78.344,141.08,59.676,38.977
77.125,144.15,59.297,38.53
76.853,143.36,58.842,38.187
76.456,137.89,58.209,37.923
74.916,137.77,57.923,38.052
75.271,141.04,57.782,37.732
78.686,140.13,57.67,37.473
79.38,137.49,58.039,37.202
78.262,137.68,57.992,37.369
80.82,139.17,57.867,37.193
82.519,138.08,57.519,37.341
87.674,140.19,57.322,37.06
89.095,143.3,57.529,36.624
92.1,142.68,57.333,36.733
95.264,141.06,57.02,36.768
97.082,143.28,56.78,36.636
97.166,141.33,56.859,36.436
97.29,140.67,56.335,36.466
99.125,140.15,55.857,36.377
99.921,137.83,55.383,36.445
99.632,136.61,55.251,36.379
100.38,135.04,55.139,36.413
99.791,133.55,55.159,36.495
98.221,132.5,55.149,36.564
95.481,130.96,54.751,36.512
93.275,130.35,54.694,36.384
90.143,129.82,54.752,36.378
88.405,127.2,54.845,36.331
84.878,127.73,54.428,36.298
82.823,127.07,54.435,36.217
81.34,126.51,54.398,36.286
79.948,125.77,54.249,36.325
80.185,124.99,53.922,36.488
79.333,123.28,53.619,36.592
78.367,122.25,53.348,36.8
77.628,122.12,52.934,36.948
78.141,121.57,52.383,37.21
79.67,120.89,51.986,37.326
81.211,120.22,51.489,37.311
82.639,120.45,50.889,36.993
82.573,119.2,50.376,36.729
83.235,117.1,50.255,36.596
82.827,116.75,49.928,36.563
82.653,116.05,49.625,36.639
84.458,116.16,48.681,36.697
84.01,116.47,48.198,37.026
83.396,116.84,48.096,36.969
82.995,117.09,47.965,37.045
81.806,117.14,47.952,37.464
81.127,116.86,48.271,37.702
79.716,118.56,48.494,37.862
78.46,121.43,48.804,37.812
78.677,120.8,49.086,37.874
76.319,122.54,49.333,37.788
76.325,123.66,49.841,37.672
75.471,123.76,50.295,37.621
75.127,124.94,50.745,37.545
74.867,126.3,51.038,37.465
74.112,127.42,51.496,37.468
74.648,127.96,52.003,37.618
74.214,129.83,52.633,37.71
73.904,132.14,52.954,37.868
73.591,131.34,53.572,37.845
74.049,129.53,54.068,37.911
74.005,129.56,54.6,37.978
73.802,129.06,54.987,38.115
75.5,127.4,55.34,38.465
76.648,126.82,55.45,38.736
76.767,128.38,55.584,39.058
76.838,129.21,55.871,39.221
77.745,127.61,56.164,39.435
79.199,128.75,56.058,39.684
78.871,129,56.111,39.823
79.907,127.96,56.385,39.975
79.875,126.41,56.677,40.002
81.599,123.98,56.687,39.934
83.345,124.36,56.937,39.821
85.748,125.98,57.243,39.852
87.113,126.52,57.536,40.025
87.75,126.71,57.818,40.188
87.462,128.34,58.126,40.515
88.333,127.78,58.334,40.785
88.843,126.93,58.845,40.847
89.78,126.85,59.322,41.007
89.891,128.61,59.535,41.139
89.35,129.52,59.781,41.192
91.681,127.1,60.255,41.248
92.808,126.06,60.512,41.501
94.316,127.32,60.87,41.37
96.615,125.66,60.802,41.646
98.031,123.52,60.897,41.827
100.16,124.81,61.389,41.74
100.89,125.66,62.174,41.638
97.294,124.31,62.885,41.52
92.312,123.48,63.242,41.558
89.642,124.66,63.884,41.348
84.616,129.36,63.566,41.757
77.522,131.42,62.935,42.269
73.993,126.24,64.089,41.661
68.339,122.27,64.479,41.031
56.772,118.39,64.572,40.395
43.275,109.89,65.27,40.002
28.207,103.92,66.745,38.831
12.868,103.32,67.972,38.134
5.6946,101.14,68.35,38.185
0.69247,92.379,68.088,38.445
-1.701,89.654,66.592,38.729
-2.4956,87.63,65.088,39.005
-4.9344,85.389,61.213,41.537
-6.0316,85.676,57.335,43.775
-5.9238,86.641,53.754,45.424
-4.9331,87.539,50.848,46.31
-3.4421,87.468,48.278,46.534
-2.7721,87.521,46.468,46.443
-1.9581,88.974,45.174,46.414
-1.845,90.73,44.261,46.524
-2.0075,92.986,43.099,46.725
-0.92898,95.406,42.834,46.448
1.5396,97.111,43.247,46.104
1.8706,101.93,44.112,45.995
2.8501,106.43,45.843,45.317
2.9367,109.62,48.058,44.345
2.7017,113.39,49.981,43.581
4.9687,115.27,51.04,43.313
13.779,115.92,49.989,43.361
25.717,117.58,50.455,43.041
31.461,119.48,50.929,43.417
37.477,121.25,50.784,44.029
48.285,122.79,51.452,44.126
53.047,125.12,51.875,44.123
59.463,126.24,51.544,44.567
67.256,126.38,50.704,45.153
74.328,126.31,50.479,45.388
80.401,125.47,51.092,45.155
85.086,126.74,51.895,45.263
89.488,128.78,52.663,45.3
93.819,127.56,53.104,45.523
96.261,128.16,54.394,45.312
97.506,130.94,56.084,45.347
101.2,130.57,56.998,45.386
105.48,128.56,57.457,45.271
107.3,125.02,58.503,44.921
109.1,124.81,60.386,44.771
113.08,121.47,60.983,44.806
118.23,118.69,61.215,45.133
118.82,121.39,63.016,44.614
119.27,123.33,64.052,44.399
123.65,122.89,64.459,44.584
122.83,122.03,64.936,44.575
117.2,125.52,64.748,44.638
113.55,129.3,64.186,44.696
115.04,129.51,63.825,44.668
117.04,128.16,63.643,44.317
121.82,124.94,63.176,44.05
122.61,118.76,63.256,43.906
120.38,111.32,62.991,43.581
119.62,105.38,62.768,43.408
117.8,99.46,62.78,43.592
115.24,100.73,63.268,43.712
114.22,104.92,63.567,43.504
116.24,107.35,63.538,43.284
115.15,104.95,63.723,43.435
112.01,101.79,63.787,43.509
110.41,99.899,64.188,43.821
109.8,97.77,64.747,44.152
106.82,94.894,65.251,44.386
104.58,92.53,65.312,44.495
105.4,92.87,65.03,44.759
106.57,94.22,64.988,44.676
105.78,93.099,65.152,44.904
104.66,91.794,64.842,45.217
105.2,92.498,64.644,45.419
107.72,93.337,64.676,45.474
107.94,93.081,64.914,45.74
108.56,95.727,65.235,46.064
108.4,98.214,65.538,45.826
108.26,98.696,65.75,45.64
107.5,98.607,65.936,45.655
106.7,101.31,66.595,45.519
104.78,100.38,66.96,45.302
103.01,100.02,66.635,45.8
103.66,101.05,66.619,46.08
103.5,102.36,66.713,46.284
104.03,103.07,66.641,46.482
104.84,103.89,66.584,46.228
106.68,105.73,66.405,46.337
111.24,106.24,66.106,46.581
114.2,105.53,65.96,46.407
115.31,105.36,66.481,46.21
116.91,105.02,66.565,45.994
120.39,103.09,66.349,45.907
124.3,99.711,66.157,46.054
130.75,99.335,65.987,45.695
137.98,100.61,65.977,45.196
144.16,101.66,66.23,44.742
146.85,102.96,66.643,44.692
150.75,105.56,66.272,44.882
156.75,109.14,65.457,45.155
161.77,112.41,65.454,45.104
165.35,115.95,65.678,44.912
167.37,118.32,66.011,44.742
171.39,116.68,66.54,44.79
174.28,116.47,66.647,44.718
177.02,117.43,67.044,44.855
181.15,117.29,67.03,45.073
183.84,116.87,67.51,45.155
184.29,117.46,67.837,45.116
185.56,116.28,67.625,45.193
190.38,117.55,67.849,44.91
190.19,118.58,67.97,45.025
189.3,116.84,68.144,45.379
189.92,116.79,68.282,45.61
188.39,118.7,68.309,45.864
189.47,119.29,68.594,45.909
187.52,120.89,68.444,46.116
188,121.94,68.65,45.796
186.95,123.44,68.842,46.259
185.92,125.92,68.998,46.546
185.54,126.76,69.632,46.581
183.47,127.03,69.781,46.544
181.38,129.14,69.583,46.382
179.37,131.21,69.601,46.242
177.31,132.84,69.468,46.376
173.98,132.04,69.293,46.564
169.98,132.25,69.267,46.648
166.15,134.59,68.747,46.624
163.21,135.45,68.52,46.524
160.44,135.31,68.212,46.453
156.23,135.9,67.867,46.155
151.85,136.62,67.245,46.124
148.78,135.61,67.54,45.788
145.5,135.7,67.35,45.863
142.15,135.09,67.711,45.372
138.79,134.74,67.55,45.132
136.05,134.48,67.459,44.847
134.58,133.92,67.986,44.22
133.38,132.93,68.419,43.518
130.67,132.31,68.845,43.028
129.43,132.63,68.559,42.844
129.67,133.9,67.997,42.723
128.99,135.03,67.868,42.287
128.27,133.9,67.64,41.964
128.43,134.87,67.259,41.889
126.94,135.74,67.1,41.552
125.43,134.47,66.699,41.255
122.74,135.32,65.874,41.16
122.89,134.68,65.258,40.996
121.54,134.31,65.01,40.634
118.79,134.8,64.781,40.512
116.15,134.67,64.549,40.462
113.82,133.92,64.569,40.199
108.93,133.74,64.419,40.467
105.68,134.77,64.126,40.641
101.76,134.39,64.419,40.692
96.842,133.5,64.348,40.793
92.104,134.29,64.793,40.59
87.806,133.85,65.536,40.354
83.081,132.37,65.249,40.361
79.711,132.4,65.1,40.304
76.826,132.7,64.752,40.347
74.136,130.99,65.199,39.815
71.956,130.92,65.399,39.51
70.081,131.68,65.757,39.164
69.507,131.21,65.74,39.035
70.527,130.1,65.284,38.934
68.88,131.09,64.691,38.863
67.682,131.92,64.588,39.041
66.715,133.78,64.336,39.038
67.589,131.75,64.056,39.329
64.541,132.28,63.882,39.215
63.334,133.84,63.484,39.223
61.625,132.95,63.355,39.453
58.455,130.57,63.522,39.415
59.076,131.26,63.789,39.359
58.249,131.83,63.916,39.466
55.669,132.05,64.322,39.45
55.238,134.02,64.269,39.638
54.463,133.52,64.205,39.758
53.213,133.6,64.042,39.504
52.15,134.62,63.897,39.239
50.746,134.45,63.721,38.932
47.274,133.46,63.655,38.449
43.091,130.77,63.902,37.834
37.163,130.76,63.984,37.372
31.608,131.61,63.87,36.749
26.279,132.2,63.834,36.1
20.858,132.95,63.317,35.34
16.547,132.98,63.308,34.774
12,131.75,63.475,34.311
7.3858,125.3,63.253,34.027
3.8331,118.36,63.027,33.891
2.3084,115.83,62.835,33.927
1.1466,113.37,62.122,34.087
0.16472,110.39,61.102,34.047
-1.8027,108.77,59.265,34.215
-0.37463,111.38,57.518,34.025
1.0453,111.77,57.01,34.026
1.3238,109.24,56.984,33.688
0.92881,107.93,56.428,33.717
2.8312,111.09,56.988,33.443
3.3141,111.77,57.388,33.985
4.4468,109.98,58.45,33.951
8.6405,111.5,59.787,34.021
14.437,112.91,60.521,33.932
17.716,114.26,61.419,33.965
22.107,115.86,61.776,34.072
28.723,121.16,62.529,33.93
34.26,122.88,63.168,34.145
37.967,123.06,63.062,34.428
44.824,125.74,62.78,34.673
50.91,124.55,62.313,34.876
50.898,119.2,62.067,35.058
52.784,115.88,61.927,35.524
54.593,118.97,61.883,35.366
53.221,118.77,61.632,35.113
51.164,117.87,61.519,35.055
49.218,118.91,61.059,35.049
45.564,116.88,61.093,35.046
42.884,115.15,60.732,35.188
41.047,116.66,60.181,35.171
40.652,119.85,59.573,35.025
41.443,121.23,58.845,35.08
40.442,120.24,58.269,34.927
39.979,119.73,57.448,34.913
41.228,117.83,57.176,35.12
40.15,114.52,57.162,34.951
37.536,110.56,57.273,34.707
35.068,105.98,57.355,34.548
32.785,103.64,57.078,34.796
31.164,99.978,56.964,34.806
27.531,96.14,56.866,34.757
24.779,91.275,57.285,34.663
19.87,84.265,57.519,34.921
14.162,81.214,58.039,34.702
8.1273,73.863,58.52,34.986
4.2321,72.127,58.436,35.399
2.5379,71.274,58.106,36.017
0.93386,69.544,57.458,36.57
0.79095,69.47,56.949,37.06
0.61332,71.15,56.567,37.474
1.3974,71.349,56.116,37.799
0.58653,70.703,55.785,37.896
0.74559,71.991,55.024,38.205
0.21209,74.077,54.363,38.262
-0.029568,75.721,53.354,38.354
-0.51781,76.497,52.341,38.248
-0.70185,77.019,51.583,38.109
-1.2924,76.757,50.961,37.779
-3.1175,74.37,48.088,39.661
-2.4036,73.842,45.421,40.708
-5.6402,71.822,40.884,43.432
-3.8947,70.845,38.091,44.961
7.6054,82.833,40.91,42.223
4.0965,77.548,42.165,40.719
13.062,78.652,45.102,38.055
7.5358,75.507,47.575,35.62
6.6808,77.09,48.928,33.947
4.2808,77.091,49.485,33.227
0.44104,73.168,50.087,32.326
0.81835,73.948,50.686,31.328
0.24011,65.807,50.334,31.535
0.44811,59.014,49.908,31.8
0.31621,57.474,49.565,32.044
24.217,32.828,50.545,31.67
23.576,33.139,51.253,31.489
26.721,33.307,51.98,31.26
26.788,38.013,52.533,31.273
28.806,38.315,53.229,31.185
34.092,39.9,53.665,31.137
37.64,45.258,54.079,31.028
44.677,46.976,54.24,31.116
56.83,47.413,54.426,31.211
65.703,47.581,54.697,31.008
78.599,48.782,54.914,31.045
92.132,55.559,55.26,31.032
104.22,57.026,55.632,31.201
109.19,56.141,56.283,31.059
110.07,55.073,56.58,31.148
115.96,60.119,57.129,31.249
121.27,65.535,57.571,31.266
122.7,70.887,58.051,31.37
123.72,75.696,58.161,31.682
123.12,75.858,58.324,31.838
118.49,74.723,58.665,32.105
117.55,70.114,59.108,32.341
118.08,74.695,59.195,32.3
118.3,75.987,59.478,32.399
118.06,76.147,59.607,32.558
118.95,70.829,59.967,32.698
117.8,66.617,60.568,32.787
112.28,71.701,61.04,32.828
111.74,70.917,61.247,32.907
106.03,70.307,61.784,32.992
104.26,70.514,62.537,32.953
98.34,69.243,62.921,33.05
96.448,63.88,63.731,33.246
90.084,62.405,64.103,33.402
84.929,61.101,64.588,33.565
89.925,56.457,64.998,33.746
95.863,56.344,65.292,34.123
101.22,56.859,65.553,34.19
102.19,57.338,65.742,34.372
108.29,57.789,65.959,34.599
108.23,50.731,66.123,34.833
110.29,44.085,66.499,35.052
110.86,44.188,66.939,35.166
109.78,44.624,67.192,35.303
103.08,46,67.55,35.379
103.32,46.943,67.807,35.484
103.03,46.81,68.137,35.464
102.41,46.057,68.266,35.556
101.33,46.454,68.507,35.604
100.67,52.175,68.825,35.642
100.2,52.688,69.163,35.57
99.937,53.255,69.243,35.572
105.25,53.387,69.356,35.534
104.71,53.265,69.99,35.48
104.9,52.398,70.023,35.604
113.36,52.458,70.063,35.631
120.88,54.624,71.009,34.97
123.02,56.689,71.982,34.243
124.94,58.344,71.825,34.211
133.38,60.188,71.778,34.213
140.5,61.312,71.558,34.214
142.44,62.438,71.325,34.187
151.83,63.875,71.161,34.125
155.52,65.765,71.166,34.175
164.85,66.039,71.172,34.215
173.24,65.255,71.194,34.211
181.08,65.368,72.138,33.579
182.7,66.211,72.078,33.629
210.36,63.812,67.776,36.965
211.23,63.028,64.741,39.188
211.7,61.88,62.567,40.686
218.74,60.785,59.983,42.501
227.21,49.626,54.458,47.853
231.67,37.363,48.504,54.351
233.35,34.468,43.963,58.766
234.26,32.859,40.752,61.228
228.89,32.733,39.278,62.228
222.91,27.151,38.44,62.864
216.39,21.562,37.832,63.383
203.08,21.239,37.087,64.157
196.06,21.885,37.002,64.198
187.91,11.128,37.69,63.2
174.52,15.696,38.969,61.41
167.42,19.367,40.521,59.053
160.25,17.191,42.079,57.311
160.03,17.87,42.173,57.149
153.37,26.593,41.981,57.298
154.02,34.492,42.214,56.88
155.28,41.561,42.648,56.07
155.92,41.094,43.296,55.258
150.77,33.153,43.603,54.877
139.96,26.78,44.09,54.211
135.41,28.521,44.437,53.549
123.83,29.348,42.858,54.885
124.68,29.561,41.252,56.186
119.28,28.799,40.032,57.143
120.57,29.527,40.769,56.212
120.98,23.869,39.113,57.33
127.72,23.392,40.458,55.744
128.69,24.263,41.579,54.526
135.86,24.612,42.443,53.555
136.07,19.129,42.892,52.971
137.1,18.427,43.095,52.448
138.07,17.409,43.292,52.004
137.96,15.677,43.346,51.871
137.61,13.42,43.482,51.635
126.07,2.6131,44.514,50.689
134.04,-6.1385,47.709,47.49
137.23,-3.7656,51.062,44.097
142.07,-2.2272,52.945,42.066
150.61,-0.97748,54.081,40.95
152.92,5.9765,53.471,41.416
160.47,-2.7613,55.595,39.298
166.15,-1.0654,56.815,37.573
173.7,0.47494,57.809,36.49
178.87,1.3714,58.276,35.604
188.39,2.325,58.801,34.892
195.71,2.9739,59.793,34.267
194.79,-0.89561,60.189,33.671
198.38,0.11727,60.374,33.333
206.02,1.3819,60.855,32.908
208.45,2.5749,60.388,32.841
209.65,3.6519,59.611,32.953
211.33,0.41952,58.744,32.721
213.37,2.247,57.444,32.816
214.47,3.3986,56.57,33.027
209.92,1.4298,56.155,32.58
210.53,3.116,55.412,32.66
212.12,4.1933,54.971,32.943
211.68,2.1019,54.783,32.793
216.87,9.8835,53.19,34.295
221.78,11.911,51.193,36.218
220.55,9.5288,50.207,37.438
232.45,11.734,46.285,40.985
233.06,13.43,44.035,43.356
240.05,12.892,40.472,47.106
241.26,12.335,36.924,50.816
241.32,10.238,35.091,52.862
240.93,8.4766,33.984,54.255
241.04,12.097,32.87,55.792
241.06,20.682,31.703,57.439
238.99,23.271,31.578,57.796
238.28,26.404,31.692,57.701
237.43,29.917,31.754,58.006
241.95,33.769,31.303,58.669
241.61,42.219,30.705,59.479
239.51,46.086,30.738,59.47
238.59,54.925,30.831,59.404
237.53,58.773,30.95,59.262
242.82,56.505,30.4,60.055
236.73,54.791,30.675,59.968
229.16,58.385,31.839,58.869
228.57,60.796,33.141,57.461
226.65,58.392,34.833,55.74
228.91,49.705,36.242,54.904
225.44,47.128,38.163,53.547
227.18,38.831,39.723,52.656
224.95,36.647,41.128,51.866
223.44,34.93,42.658,51.079
222.28,31.864,43.952,50.152
221.44,17.131,45.152,49.775
219.34,2.8069,46.48,49.105
216.26,1.4223,47.858,48.559
213.77,4.1532,48.925,48.816
216.83,2.6225,49.705,48.758
231.18,17.88,47.259,51.492
233.72,30.195,42.77,57.316
235.12,29.105,39.18,61.875
236.64,34.583,36.419,65.598
238.05,34.529,34.194,68.151
239.65,35.231,32.695,69.958
240.87,34.561,31.371,71.572
240.79,33.996,30.525,71.903
240.35,33.973,30.132,72.082
238.06,40.26,31.146,69.676
236.25,47.381,32.204,66.389
233.31,50.137,34.609,61.182
229.96,57.565,36.942,56.67
228.01,58.333,39.048,52.938
225.24,60.004,40.76,49.751
218.08,61.134,42.277,47.718
212.83,61.66,43.656,46.347
212.52,56.869,44.849,45.095
217.21,56.303,45.295,44.569
209.51,56.876,46.35,43.5
207.89,57.526,47.822,42.131
206.05,56.804,48.642,41.46
211.51,56.513,49.675,40.57
211.41,56.078,50.373,39.953
204.02,50.431,51.193,39.325
202.09,50.697,52.595,38.318
200.02,50.047,53.032,37.984
198.23,44.036,53.26,37.804
202.94,43.485,54.096,37.194
201.6,43.831,54.779,36.619
204.53,56.164,56.757,35.065
203.68,55.396,56.959,34.737
214.91,54.309,55.688,35.602
219.66,52.662,54.285,36.162
219.48,52.298,52.524,36.839
220.05,56.562,51.185,37.121
223.75,55.024,49.574,37.806
223.28,55.009,48.16,38.056
226.39,58.926,47.087,38.194
225.22,64.079,46.19,38.325
220.67,70.795,46.85,36.805
221.57,71.697,47.384,35.406
218.74,72.146,47.967,34.573
215.69,73.045,49.001,33.481
212.53,73.175,50.107,32.437
210.75,73.794,50.543,31.959
213.8,78.314,51.083,31.321
211.9,77.753,51.368,30.971
210.2,77.336,51.629,30.715
208.05,77.155,51.966,30.471
206.83,77.24,52.139,30.374
205.12,82.209,53.072,29.72
208.47,82.488,54.027,29.061
206.31,82.968,55.28,28.211
204.78,83.403,56.133,27.714
209.11,83.818,56.607,27.453
213.35,83.195,56.401,27.617
212.49,82.857,56.359,27.789
205.22,88.055,57.81,27.019
203.68,87.888,58.117,26.876
206.35,87.805,58.596,26.685
204.91,87.787,59.531,26.292
203.73,82.302,59.266,26.883
207.85,82.102,59.089,27.365
197.28,86.553,58.664,27.651
197.46,85.813,58.327,27.862
193.4,84.514,58.253,27.921
195.3,82.944,58.243,27.923
196.6,87.746,58.162,27.982
196.9,92.071,58.123,28.022
208.04,86.569,57.436,28.377
217.97,85.967,55.252,29.923
213.01,90.989,54.675,30.078
214.22,91.065,54.088,30.081
217.61,91.832,53.416,29.932
216.72,96.864,53.068,29.703
217.05,96.904,52.619,29.543
216.53,101.03,52.405,29.074
216.32,100.55,52.065,28.954
216.57,100.78,51.848,28.789
215.54,104.84,51.788,28.441
224.96,98.865,49.695,29.734
227.58,93.715,47.932,31.317
226.86,93.865,46.062,32.712
226.93,93.722,44.711,33.476
226.87,93.3,43.66,34.111
229.17,92.258,42.787,34.397
227.69,91.679,42.253,34.633
230.07,91.597,41.667,34.886
228.19,91.028,41.22,35.039
226.01,91.295,41.091,35.138
223.34,96.632,42.135,34.024
222.84,92.141,41.872,34.099
224.86,92.99,42.655,33.172
227.07,87.715,42.225,33.384
225.88,82.734,41.904,33.601
228.33,77.777,41.539,33.758
226.9,77.319,41.425,33.812
229.22,81.242,40.94,33.924
228.53,80.775,40.694,33.997
231.59,79.986,40.131,34.154
229.87,78.945,39.894,34.133
226.73,79.31,40.649,33.102
230.15,78.257,40.128,33.144
232.9,77.749,39.286,33.52
230.91,77.508,39,33.685
233.1,77.27,38.355,34.017
234.93,80.68,37.547,34.387
229.28,84.107,37.606,34.252
223.16,88.348,38.33,33.701
222.19,74.934,38.415,33.924
211.91,55.888,38.546,33.762
175.01,31.941,38.643,33.709
146.52,54.365,38.463,34.214
147.31,69.57,38.363,34.413
153.04,56.303,38.312,34.961
119.64,74.583,36.786,36.836
139.78,77.776,37.457,37.655
166.2,82.591,37.01,40.202
208.09,68.532,37.037,42.014
213.17,80.158,38.098,43.055
206.34,73.089,38.698,43.495
164.35,31.95,39.711,43.101
164.42,-2.9497,39.936,41.937
164.52,4.0541,39.94,41.37
157.98,14.96,40.627,40.552
121.14,55.975,41.394,39.447
121.07,50.936,41.391,39.002
111.44,45.986,39.794,40.318
106.77,35.079,38.092,42.596
105.69,35.748,38.107,42.584
95.299,50.504,36.558,44.684
118.06,29.697,34.768,46.705
115.11,20.762,36.078,46.474
106.14,11.249,35.291,47.058
102.73,1.0607,36.589,45.704
92.329,-2.0943,37.578,44.691
112.27,0.15051,37.892,44.118
108,7.9954,37.348,45.069
