256,117,525,525
252.73,112.47,524.98,528.52
250.86,110.73,524.65,531.53
251.53,110.52,524.27,533.41
252.18,108.53,524.07,534.99
252.4,108.15,524.29,536.22
252.2,109.15,524.75,537.05
251.72,108.49,525.35,537.87
251.38,108.95,525.86,538.38
251.97,108.59,525.81,538.49
252.37,107.84,525.87,538.7
253,108.5,525.99,538.76
251.87,107.95,526.84,539.35
250.27,107.39,527.57,539.79
250.4,108.82,527.69,539.66
250.85,107.29,527.28,539.57
251.76,107.96,527.14,539.37
251.8,107.84,527.21,539.45
251.45,108.22,527.47,539.48
250.88,108.75,527.8,539.55
250.39,107.3,527.77,539.65
251.88,108.99,527.62,539.24
250.71,107.81,528.04,539.53
248.19,106.88,529.1,541.47
245.21,106.37,531.5,542.82
241.64,104.95,535.6,545.34
238.76,104.19,539.35,547.6
236.71,103.4,542.39,549.65
230.04,100.73,548.41,554.43
225.57,98.676,554.13,559.64
223.94,96.07,558.45,563.75
220.14,94.31,562.94,567.58
217.83,91.994,566.89,571.05
215.52,90.371,570.59,574.27
213.1,89.556,573.82,576.98
211.48,88.568,576.48,579.4
209.32,87.776,578.65,581.53
208.69,85.905,580.03,583.33
208.86,85.581,580.8,585.33
208.1,85.069,581.39,586.8
207.58,84.32,581.58,588.2
207.43,84.164,581.78,589.34
207.91,82.951,581.99,590.47
207.99,82.404,582.01,591.26
207.94,81.908,581.95,591.81
206.82,81.911,581.83,592.04
206.71,81.948,581.63,592.21
207.02,81.747,581.46,592.38
207.98,81.46,581.41,592.75
209.03,81.392,581.05,592.99
208.01,81.184,580.89,592.91
209.01,80.718,580.65,592.93
207.86,80.686,580.33,592.99
208.97,80.47,580.07,593.16
209.86,80.397,579.82,593.21
211.03,80.475,579.56,593.29
210.99,80.637,579.45,593.36
210.92,80.963,579.39,593.43
210.2,80.616,579.55,593.3
211.28,80.618,579.37,593.49
211.06,80.613,579.26,593.55
210.94,80.621,579.15,593.63
210.81,80.734,579.05,593.52
210.98,80.793,579.15,593.41
211.67,81.136,579.04,592.76
212.29,81.493,578.44,591.08
211.67,82.368,577.9,589.95
211.9,83.989,576.89,588.64
212.97,84.39,576.21,587.11
212.97,85.533,575.56,585.58
214.29,86.834,574.75,583.85
215.12,87.895,574.26,581.77
215.86,88.615,573.94,579.94
215.71,89.951,573.53,578.45
217.18,90.649,573.09,577.38
217.2,91.115,572.49,576.62
218.09,91.996,572.06,575.67
218.32,91.982,571.68,574.84
218.09,92.373,571.32,574.27
219.04,92.181,571.22,573.83
218.82,92.073,571.16,573.54
220.27,91.927,571.04,573.61
222.98,85.867,569.34,573.25
224.54,80.011,568.41,573.07
225.84,75.7,567.73,573.68
226.66,72.02,567.13,574.63
229.18,71.38,566.9,575.04
228.66,70.131,567.25,575.23
229.93,69.302,567.02,575.09
232.4,67.945,565.94,574.61
232.96,66.14,565.44,573.62
232.77,65.089,565.64,573.45
232.96,64.096,565.3,573.11
233.96,63.804,565.17,573.67
233.35,63.596,565.34,573.83
233.7,63.331,565.14,574.03
233.49,64.885,565.28,574
233.07,65.109,565.26,573.3
233.59,64.849,564.92,573.07
234.43,64.575,564.56,573
235.25,64.115,564.12,572.84
235.49,64.151,564.06,572.66
235.77,64.622,564.07,572.63
236.38,65.121,563.87,572.38
236.66,65.403,563.69,572.28
236.6,65.259,563.55,571.98
236.87,65.643,563.42,571.72
236.6,66.073,563.2,571.5
236.13,66.533,563.25,571.45
236.41,66.65,563.05,570.42
236.04,67.248,563.07,570.46
235.58,66.888,563.25,570.12
234.57,67.328,563.52,570.42
234.77,67.426,564.04,569.8
234.33,67.551,563.99,569.76
234.25,67.622,564.05,569.3
234.36,67.526,563.79,568.87
234.13,67.831,563.67,568.84
234.69,68.304,563.44,568.3
234.68,68.122,563.42,568.05
234.32,68.204,563.41,567.83
234.38,68.99,563.3,567.76
234.69,69.119,563.31,567.47
234.87,69.518,563.21,567.46
235.11,68.83,563.27,567.47
235,69.172,563.23,567.3
234.86,69.478,563.12,567.22
234.75,68.836,563.31,567.22
234.6,69.282,563.3,567.26
234.46,69.764,563.27,567.28
234.4,69.406,563.5,567.29
234.12,69.039,563.75,567.46
234.16,69.342,563.88,567.39
234.25,69.459,564.01,567.31
234.02,68.826,564.09,567.31
233.7,69.141,563.99,567.34
233.85,69.594,564.2,567.23
234.2,69.202,564.41,567.05
234.01,69.565,564.31,567.12
233.73,68.966,564.48,567.22
233.81,69.478,564.58,567.17
233.54,68.712,564.72,567.32
233.36,69.187,564.67,567.61
233.2,69.092,564.78,567.44
233.05,68.959,564.85,567.34
233.5,69.118,565.02,567.12
233.42,68.971,565.03,567.11
233.39,68.809,564.97,567.09
233.2,69.405,564.85,567.37
233.15,69.393,564.92,567.29
231.5,69.958,566.46,568.63
229.69,69.551,568.66,570.25
225.46,66.837,573.48,572.97
223.02,65.244,577.19,575.46
218.79,65.248,581.26,578.55
213.36,61.709,586.99,583.39
209.47,59.589,591.68,587.79
205.81,58.024,596.47,591.86
203.67,56.505,600.13,595.28
201.34,54.182,604.25,598.66
200.47,52.1,607.05,601.49
198.89,52.76,609.45,603.31
198.57,52.036,611.51,604.89
198.53,51.283,613.26,606.31
198.41,51.73,614.48,607.48
197.79,50.454,615.64,608.65
197.32,50.692,616.66,609.42
196.81,49.596,617.33,610.48
196.42,49.275,617.97,611.09
196.05,50.315,618.36,611.23
195.67,48.836,618.5,612.03
194.81,49.369,618.79,612.11
193.78,48.761,619.54,612.41
193.67,48.618,619.85,612.36
194.17,49.338,619.69,612.31
195.7,48.256,619.52,612.67
197.14,48.658,619.09,612.85
198.16,48.003,618.48,613.08
199.45,48.14,617.53,613.31
200.02,48.408,616.84,613.38
199.89,48.539,616.11,613.41
200.35,49.083,615.54,613.4
200.07,49.021,614.89,613.43
200.48,48.366,614.53,613.55
200.86,47.671,614.21,613.61
201.15,48.742,613.9,613.68
200.96,47.549,613.95,613.78
200.93,48.794,614.01,613.63
200.51,47.633,614.21,613.75
201.01,48.473,614.41,613.49
200.44,48.119,615.31,613.87
198.72,47.47,616.07,614.4
198.05,47.826,617.39,614.85
197.87,47.195,618.53,615.51
197.36,47.942,618.6,615.66
197.57,47.407,618.58,615.91
197.51,47.862,618.28,615.83
197.64,47.531,618.33,616.01
197.97,47.38,618.35,615.98
197.54,47.67,618.02,615.66
196.91,47.346,617.93,615.51
197.4,48.133,617.82,615.25
198.2,48.087,617.88,615.1
197.71,48.674,617.58,614.98
197.56,48.842,617.43,614.75
197.64,47.978,617.64,614.76
198.23,48.033,618.19,614.49
198.24,48.982,617.96,614.32
197.22,47.996,617.9,614.53
197.72,49.086,618,614.28
197.81,47.88,618.15,614.67
198.06,48.719,617.91,614.66
198.61,48.241,617.83,614.52
198.82,48.436,617.82,614.28
198.55,48.651,617.55,614.31
198.09,48.132,617.28,614.4
198.61,49.121,617.19,614.23
199.6,48.479,617.48,614.26
199.13,48.233,617.45,614.45
197.76,49.782,617.42,614.32
198.65,48.052,618.1,614.73
198.88,49.911,618.06,614
198.02,49.712,618.06,614.05
196.33,49.546,618.06,614.35
195.88,48.068,618.9,615.37
195.08,48.82,619.81,615.5
194.63,47.771,620.43,615.94
194.15,48.832,620.52,615.73
193.41,48.384,620.4,615.95
193.17,47.863,620.62,615.97
194.06,47.353,620.68,616.1
194.94,48.151,620.63,615.88
194.1,48.093,620.32,615.75
193.43,48.836,620.04,615.3
193.17,47.584,620.27,615.46
194.32,47.585,620.53,615.56
194.15,47.849,620.69,615.27
193.8,48.27,620.69,615.04
193.21,48.163,620.92,614.82
192.81,47.789,621.2,614.68
193.84,47.565,621.36,614.92
193.45,47.617,621.73,614.58
194.2,48.494,621.65,614.37
193.85,48.623,621.53,614.07
193.69,47.729,621.5,614.12
194.31,47.816,621.48,614.12
194.29,48.113,621.41,613.98
194.2,47.609,621.6,613.95
194.1,47.889,621.64,613.78
194.03,48.2,621.6,613.71
194.28,47.781,621.75,613.62
193.89,48.624,622.82,613.97
192.39,46.639,624.61,615.56
192.07,46.455,626.05,616.57
187.86,45.104,629.08,618.3
183.95,44.045,632.88,620.36
178.94,42.367,638.19,625.41
176.63,40.186,642.81,629.68
173.78,38.436,647.12,633.61
170.54,37.893,651.21,636.83
167.89,36.963,654.96,639.13
166.58,36.718,658.06,641.12
165.18,35.971,660.46,642.92
164.82,35.403,662.91,644.41
163.36,33.998,664.58,646.13
162.84,33.33,665.82,647.21
162.12,33.342,667.31,648.09
161.18,33.008,668.08,649.15
161.44,31.886,668.4,649.74
160.74,31.316,668.9,650.72
160.48,30.733,669.53,651.33
159.72,30.071,669.99,651.92
160.39,29.371,669.92,652.34
160.19,29.179,669.58,652.36
160.89,29.527,669.77,651.76
161.09,30.382,669.91,651.93
155.49,34.201,667.74,650.24
145.24,34.241,666.37,649.35
141.21,39.573,663.94,649.35
138.33,43.183,662.77,650.39
136.22,43.656,662.73,651.43
134.17,44.624,662.6,651.83
131.32,44.281,662.91,652.67
129.45,44.317,663.67,652.9
130.33,44.721,665.42,652.21
129.12,45.66,666.47,652.64
128.75,44.322,666.79,652.61
127.63,45.516,666.08,652.19
124.68,48.279,664.83,652.16
121.98,48.519,664.14,651.95
122.86,46.573,663.91,650.96
127.62,45.341,664.23,649.37
130.55,45.475,664.86,648.63
130.59,45.72,665.59,648.64
132.25,45.231,666.29,648.27
133.36,43.614,666.84,648.09
136.66,41.897,667.2,647.39
139.92,41.08,667.36,646.81
142.03,42.019,667.62,646.39
145.59,43.196,667.61,646.76
148.88,43.928,667.75,647.27
151.66,44.812,668.1,648.06
153.23,44.529,668.59,648.4
154.82,44.382,669.03,648.69
154.79,44.196,669.19,649.07
156.54,44.037,669.32,649.04
157.89,43.571,669.65,649.2
158.14,43.303,669.9,649.58
157.77,43.073,670.27,650.03
157.59,42.9,670.47,650.37
157.96,42.353,670.67,650.52
158.86,41.718,670.6,650.46
158.78,41.714,671.05,650.5
160.72,41.314,671.38,650.52
161.28,41.422,671.49,650.41
160.9,41.994,671.45,650.31
161.68,41.611,671.52,650.35
161.26,42.021,671.49,650.28
159.43,42.872,671.12,650.65
158.43,45.688,671.13,650.77
159.45,44.923,671.3,650.82
157.93,46.062,670.8,650.69
157.86,45.703,670.96,650.63
158.52,45.022,671.02,650.36
159.22,45.557,671.47,649.94
158.6,45.295,671.02,650.09
158.58,46.079,670.9,649.81
158.12,46.284,670.83,649.74
158.65,45.315,671.41,650.05
158.64,45.152,671.93,650.5
158.43,45.107,672.04,651.26
159.8,43.7,671.99,651.58
159.55,44.84,671.97,652.24
159.57,43.955,671.32,652.89
160.83,44.161,671.06,653
160.62,43.752,670.82,653.53
160.43,42.861,670.56,654.02
160.63,43.776,670.78,654.17
160.22,43.499,670.68,654.58
159.66,42.727,670.39,655.24
160.68,42.9,670.22,654.93
160.64,43.477,670.19,654.81
162.01,43.47,670.07,654.52
160.79,42.833,670.01,655.12
161.18,42.553,670.08,655.21
161.42,42.733,670,655.36
161.93,42.415,670.02,655.57
162.32,41.681,669.73,656.18
161.82,41.88,669.25,656.55
162.53,40.649,668.6,656.65
162.09,40.983,668.76,656.77
162.86,41.525,668.94,656.85
161.63,41.191,668.9,657.21
162.25,40.597,668.78,657.38
161.8,41.415,668.95,657.59
162.45,41.268,668.89,657.9
162.58,40.692,668.98,658.12
162.52,40.414,668.82,658.68
162.57,40.4,668.64,658.87
162.85,40.76,668.52,658.92
163.14,40.807,668.47,658.99
163.18,41.302,668.31,659.02
162.88,40.605,668.17,658.8
163.4,41.551,667.76,658.51
162.82,41.784,667.19,658.39
163.23,43.1,666.73,657.92
162.1,43.018,666.19,657.51
162.28,43.844,666.26,656.85
163.15,44.153,666.15,656.17
162.38,43.768,665.73,656.23
162.38,44.316,665.62,656.13
161.64,44.132,665.28,656.07
162.87,44.746,665.46,655.39
162.23,44.651,665.15,655.39
162.17,45.004,665.24,655.05
162.19,44.87,665.16,654.62
162.29,45.099,665.34,654.23
161.85,45.807,665.46,653.93
161.49,45.45,665.44,653.66
162.73,46.006,665.62,653.23
162.07,45.928,665.53,653.08
162.58,46.207,665.54,652.7
162.06,45.878,665.42,652.59
162.03,46.202,665.58,652.31
162.8,46.549,665.66,652.07
162.67,46.354,665.64,652.17
162.06,46.477,665.42,651.98
162.03,47.088,665.43,651.86
162.77,46.48,665.36,651.69
162.36,46.591,665.21,651.63
162.45,46.551,665.31,651.69
161.66,46.513,665.15,651.75
162.82,46.771,665.26,651.63
163.05,46.859,665.15,651.55
162.77,47.04,664.84,651.58
162.77,46.616,664.86,651.44
163.17,47.298,665.05,651.46
162.52,46.603,664.78,651.6
162.71,47.074,665.04,651.51
162.46,46.546,665.01,651.4
162.42,47.081,665.21,651.36
162.53,46.382,665.15,651.38
162.43,47.189,665.23,651.21
162.36,46.881,665.19,651.03
162.59,47.665,665.23,650.99
163.51,47.129,665.26,650.88
162.88,46.833,664.56,651.09
162.67,47.13,664.26,650.99
162.9,46.754,664.26,650.89
163.38,47.717,664.59,650.59
163.02,47.333,664.33,650.71
162.69,47.699,664.33,650.71
163.8,47.109,664.76,650.51
163.57,47.783,664.81,650.52
163.23,47.255,664.78,650.72
162.9,46.863,664.66,650.94
162.88,46.96,664.76,650.96
162.96,47.164,664.86,650.95
163.07,47.342,664.94,650.93
163.25,47.581,664.95,650.88
163.29,46.765,664.93,651.04
163.38,47.12,665.01,650.95
163.49,47.369,665.07,650.87
162.8,47.766,664.61,651.05
162.9,46.91,664.66,651.23
163.08,47.158,664.72,651.14
163.1,47.468,664.78,651.11
162.99,46.616,664.82,651.31
163.54,47.475,665.08,651.12
163.14,47.15,664.83,651.22
163.07,47.416,664.98,651.12
162.71,47.096,664.77,651.26
162.65,47.373,664.89,651.19
162.6,47.639,664.98,651.16
163.03,47.234,665.07,651.14
162.59,46.825,664.8,651.34
163.06,47.657,665.01,651.22
162.58,47.341,664.73,651.33
163.5,46.658,665.05,651.34
163.03,47.595,664.87,651.29
163.58,47.324,664.91,651.29
163.09,47.133,664.68,651.44
163.53,46.904,664.84,651.38
163.03,46.649,664.63,651.52
163.39,47.618,664.87,651.36
162.85,47.272,664.65,651.51
163.22,46.888,664.78,651.44
162.76,46.604,664.6,651.55
163.11,47.533,664.91,651.32
162.61,47.126,664.73,651.38
163.14,46.775,664.89,651.23
162.76,47.628,664.77,651.11
162.68,46.812,664.82,651.21
162.64,47.143,664.96,651.03
162.69,47.41,665.02,650.93
162.86,47.772,665.15,650.77
163.1,46.829,665.14,650.96
162.96,47.672,665.06,650.84
163.16,46.761,665.08,650.99
163.52,46.951,665.11,650.87
163.06,47.165,664.68,650.99
163.27,47.398,664.82,650.79
163.47,47.675,664.98,650.63
163.69,47.928,665.12,650.5
162.77,47.192,664.77,650.81
163.47,46.976,665.12,650.65
162.77,47.321,664.84,650.71
163.4,47.125,665.14,650.61
163.54,47.428,665.24,650.52
162.77,47.836,664.84,650.66
163.21,47.701,665.12,650.68
163.13,46.943,665.17,650.87
163.05,47.488,665.26,650.79
163,47.842,665.18,650.73
162.89,47.079,665.1,650.95
162.93,47.389,665.07,650.94
162.77,47.716,665.07,651.03
163.05,47.377,665.14,651.05
162.39,47.066,664.94,651.24
162.76,46.707,665.06,651.18
163.19,47.533,665.29,651.1
162.74,47.115,665.02,651.27
163.35,46.768,665.05,651.27
162.97,47.627,664.84,651.21
162.95,46.678,664.83,651.44
163.57,47.59,665,651.29
163.14,47.231,664.7,651.4
163.75,46.883,664.82,651.29
163.44,46.723,664.55,651.19
163.61,47.173,664.61,650.88
163.32,46.977,664.5,650.88
163.08,48.123,664.51,650.69
163.86,47.966,664.7,650.51
163.61,47.751,664.53,650.59
163.38,47.435,664.41,650.65
163.69,47.879,664.6,650.58
163.52,47.633,664.49,650.7
163.22,47.438,664.41,650.77
164.05,47.269,664.7,650.59
163.84,47.1,664.64,650.66
163.64,48.073,664.44,651.03
163.07,47.003,664.19,651.71
163.13,47.515,664.31,651.83
163.95,47.335,664.36,652.02
163.73,47.237,664.23,652.27
163.39,47.166,664.13,652.5
163.49,46.342,664.13,652.64
163.51,46.67,664.33,652.61
163.59,46.857,664.53,652.64
163.23,46.541,664.27,652.73
163.28,46.912,664.32,652.63
163.34,46.01,664.25,652.74
163.47,46.198,664.31,652.62
163.68,46.392,664.26,652.56
163.88,46.633,664.26,652.48
163.09,47.023,663.88,652.49
163.61,46.636,664.05,652.31
163.28,46.293,663.9,652.31
163.95,47.148,664.12,652.12
163.61,46.754,663.95,652.17
163.21,46.377,663.83,652.16
163.35,46.449,663.91,652.11
163.47,46.483,664,652.14
164.07,45.901,664.1,652.1
163.74,46.575,663.93,652.14
163.83,46.675,663.99,652.14
163.45,46.188,663.76,652.24
163.59,46.3,663.83,652.18
163.66,46.395,663.86,652.14
163.74,46.529,663.89,652.09
163.74,46.73,663.9,652.04
163.64,46.82,663.91,652.08
163.46,46.949,663.93,652.12
163.25,45.913,663.82,652.37
163.77,46.843,663.89,652.31
163.26,46.536,663.59,652.47
163.23,46.691,663.63,652.56
163.78,46.225,663.69,652.51
163.31,46.939,663.51,652.52
163.31,45.878,663.43,652.69
163.92,46.556,663.56,652.59
163.52,45.87,663.32,652.67
163.54,45.826,663.45,652.58
163.44,45.817,663.7,652.46
164.09,46.427,663.93,652.29
163.83,45.839,663.7,652.41
163.57,46.486,663.68,652.32
163.82,46.503,663.79,652.32
163.57,45.952,663.62,652.46
164.36,46.53,663.81,652.33
164.14,45.995,663.54,652.43
164.24,46.043,663.61,652.39
163.42,46.233,663.29,652.46
163.4,46.284,663.43,652.31
163.19,46.453,663.62,652.18
163.05,46.49,663.76,652.14
163.94,46.499,664.11,652.04
163.41,45.786,663.84,652.28
163.8,46.407,664.11,652.23
163.2,45.768,663.88,652.43
163.59,46.314,664.15,652.46
163.56,46.208,664.01,652.51
163.02,46.8,663.94,652.52
163.45,46.423,664.03,652.43
164.02,45.966,664.14,652.41
163.6,46.691,664.09,652.47
162.88,46.314,664.05,652.55
163.91,46.498,664.36,652.28
162.87,47.033,664,652.32
163.34,46.841,664.17,652.14
163.85,46.603,664.39,651.99
163.41,46.319,664.25,652.07
162.89,47.296,664.35,651.94
163.38,47.091,664.5,651.81
162.87,46.724,664.26,651.96
163.29,46.436,664.37,651.89
163.91,47.233,664.48,651.86
163.52,46.749,664.07,652.12
163.14,46.289,663.72,652.25
163.23,46.502,663.8,652.18
163.4,46.765,663.82,652.14
163.53,46.991,663.85,652.14
163.43,46.015,663.84,652.33
164.03,46.845,664,652.23
163.51,46.473,663.75,652.36
163.9,46.085,663.89,652.21
163.37,46.948,663.82,652.1
163.27,47.227,663.9,652.02
163.15,46.228,663.88,652.16
163.25,46.334,663.93,652.13
163.42,46.42,663.98,652.09
163.6,46.467,664.02,652.07
163.35,45.757,663.78,652.17
163.47,46.72,664.13,652.09
163.25,45.906,663.9,652.25
163.88,46.242,664.11,652.21
163.42,46.621,664.03,652.21
164.15,45.893,664.11,652.12
163.82,46.438,664.1,651.92
164.05,46.392,664.22,651.79
163.34,46.492,663.92,651.85
163.63,46.452,664.05,651.73
163.96,46.359,664.12,651.69
163.26,46.41,663.76,651.82
163.52,46.362,663.85,651.74
163.76,46.351,663.93,651.69
163.87,46.237,664.05,651.7
164.06,46.219,664.17,651.69
163.22,46.362,663.86,651.82
163.42,46.481,663.93,651.68
163.66,46.579,664.01,651.56
163.29,47.293,664.06,651.54
163.34,46.097,664.1,651.65
163.58,47.13,664.36,651.61
163.73,47.156,664.41,651.64
163.88,47.194,664.44,651.7
163.54,46.645,664.16,651.91
163.66,46.845,664.22,651.83
163.79,46.98,664.24,651.79
163.97,47.226,664.23,651.74
163.07,46.469,663.74,652.03
164.27,46.9,663.99,651.8
163.54,47.369,663.57,651.81
164.13,47.213,663.82,651.64
163.76,46.979,663.69,651.69
163.4,46.629,663.56,651.72
163.94,47.584,663.89,651.47
163.68,47.208,663.61,651.66
164.4,46.982,663.61,651.67
164.05,46.662,663.39,651.81
163.68,46.397,663.25,651.9
164.35,47.41,663.57,651.78
163.9,47.091,663.44,651.87
163.43,46.731,663.34,651.9
163.98,46.455,663.55,651.74
163.49,47.416,663.59,651.63
163.92,47.103,663.75,651.57
163.35,46.747,663.6,651.71
163.83,46.46,663.74,651.65
163.27,47.326,663.75,651.66
163.73,46.944,663.9,651.71
163.65,47.025,663.93,651.75
163.55,47.069,663.96,651.68
163.44,47.167,664.04,651.54
163.88,46.729,664.22,651.45
163.81,46.834,664.19,651.4
163.66,46.879,664.19,651.37
163,46.402,664.07,651.51
163.28,47.095,664.38,651.47
163.1,47.148,664.32,651.48
162.9,47.214,664.25,651.49
162.68,47.284,664.2,651.47
163.55,46.427,664.29,651.36
163.43,46.621,664.22,651.29
162.76,47.435,664.19,651.25
163.04,46.987,664.28,651.19
163.35,46.533,664.37,651.16
162.85,47.251,664.23,651.26
163.4,46.797,664.23,651.3
162.88,47.502,664.12,651.36
163.6,46.991,664.14,651.45
163.26,46.466,663.91,651.69
163.36,46.613,663.86,651.75
163.44,46.816,663.81,651.78
163.56,46.954,663.72,651.76
164.23,46.586,663.75,651.76
163.9,47.402,663.72,651.77
163.58,47.05,663.51,651.87
164.24,46.711,663.63,651.8
163.85,46.384,663.44,651.89
163.42,47.243,663.46,651.85
164,46.817,663.61,651.83
163.61,46.351,663.45,651.96
163.99,47.157,663.72,651.93
163.91,46.043,663.59,652.09
163.9,46.184,663.59,651.99
163.38,47.006,663.58,651.95
163.85,46.735,663.75,651.91
163.74,47.02,663.75,651.84
163.59,47.205,663.77,651.75
164,46.817,663.94,651.74
163.85,46.989,663.95,651.7
163.74,47.124,663.95,651.68
163.72,47.324,663.9,651.6
163.17,46.881,663.68,651.73
163.71,46.552,663.79,651.64
163.2,47.463,663.73,651.54
163.97,47.185,663.79,651.47
163.65,46.897,663.59,651.52
164.44,46.556,663.67,651.47
164.15,47.362,663.59,651.39
164.41,46.353,663.61,651.46
163.7,46.649,663.29,651.46
163.92,47.031,663.47,651.24
164.22,47.368,663.56,651.11
163.68,47.645,663.16,651.14
164.59,47.376,663.38,651.09
164.57,47.048,663.21,651.2
164.46,46.696,663.04,651.3
164.35,47.543,662.97,651.28
164.34,47.093,662.76,651.5
164.1,46.922,662.59,651.65
164.66,46.795,662.8,651.68
164.01,46.494,662.49,651.97
163.8,47.378,662.8,651.95
164.06,46.608,662.76,651.95
164.4,47.085,662.97,651.82
163.86,48.025,662.62,651.89
163.86,47.169,662.54,652.04
164.8,47.428,662.95,651.97
164.41,47.101,662.95,651.93
164.19,46.774,663.04,651.89
164.08,47.543,663.35,651.8
163.44,47.739,663.35,651.82
163.78,46.749,663.53,651.92
163.33,46.594,663.56,652.01
163.89,46.746,663.94,651.87
164.05,47.361,664.42,651.78
163.02,45.956,665.04,652.47
161.84,45.632,665.61,652.78
162.14,46.009,665.78,652.59
162.24,46.89,665.37,652.47
162.91,45.93,665.08,652.55
163.18,46.168,665.03,652.21
163.38,46.683,665.4,652.05
162.73,46.366,665.46,652.27
162.78,46.605,665.62,652.17
162.68,46.721,665.87,652.18
163.13,47.027,666.42,652.13
163.11,46.775,666.6,652.19
162.3,46.834,666.6,652.22
162.12,46.769,666.58,652.19
161.97,46.73,666.69,652.12
162.06,46.245,666.98,651.93
162.63,45.176,667.13,652.34
163.12,45.573,667.74,652.61
162.34,46.17,667.3,653.28
162.02,46.116,666.92,653.9
161.87,44.644,666.84,654.53
163.24,44.946,667.51,653.6
160.64,45.308,667.15,652.85
161.9,38.492,666.78,650.97
167.22,38.105,661.23,645.41
171.07,37.456,653.72,635.19
172.71,35.888,645.05,624.79
171.64,38.93,637.24,617.31
173.56,43.352,630,611.14
175.29,44.822,623.38,609.61
176.53,46.365,619.07,609.42
180.55,42.289,616.17,607.56
182.98,36.52,613.96,608.19
181.86,35.832,612.6,607.23
182.21,34.787,611.29,606.57
181.29,35.094,609.5,604.91
178.98,37.872,607.98,602.35
177.95,40.165,605.94,598.95
179.64,41.574,604.05,595.91
179.63,40.054,604.05,593.87
173.59,33.458,608.15,594.43
170.18,26.882,610.89,594.72
166.62,22.536,612.54,595.1
166.11,23.074,613.38,595.92
171.14,22.363,615.71,596.1
172.92,24.224,619.28,596.54
171.94,31.027,628.28,599.77
174.05,81.113,641.67,594.25
166.25,127.2,643.22,584.26
229.44,126.3,639.38,579.53
221.67,125.26,636.62,575.23
164.82,190.2,642.75,566.56
2.3097,28.392,622.31,574.55
12.143,18.723,604.29,577.01
-9.8482,3.3965,598.48,573.46
-35.857,56.229,598.67,575.96
-8.5621,49.003,603.08,576.6
-36.065,121.18,595.56,576.32
-50.327,119.38,588.07,576.07
-12.517,126.35,586.06,572.6
20.838,129.13,593.36,569.12
134.79,263.66,607.09,553.86
155.01,246.84,617.12,543.49
159.12,334.37,667.53,492.61
329.11,21,624.59,497.1
334.81,65.668,593.29,520.77
318.89,74.676,577.72,548.02
302.81,74.155,573.99,569.15
277.08,73.643,581.09,584.2
254.61,71.885,593.75,596.16
238.45,69.609,606.94,605.59
224.01,62.338,619.23,610.03
212.19,56.251,628.94,611.26
207.26,54.071,636.45,611.77
199.36,50.333,643.38,612.78
193.96,46.048,649.54,613.71
189.43,46.752,654.34,615.96
184.54,46.257,656.65,617.71
181.39,45.357,657.85,618.27
177.67,47.171,659.4,619.29
174.77,48.134,661.08,620.88
173.63,49.293,662.87,622.86
180.44,51.521,664.35,627.38
191.39,54.657,666.35,632.99
196.59,54.627,665.58,638.73
202.87,53.198,661.7,642.66
199.84,50.532,655.93,645.39
195.89,55.093,647.95,642.52
187.51,71.964,646.59,634.08
184.63,78.267,643.04,625.8
194.51,85.852,647.32,620.62
72.685,62.649,658.61,620.67
32.369,45.881,663.04,632.47
57.088,34.916,673.55,646.57
79.261,25.667,689.19,657.91
38.348,17.055,695.69,665.09
72.453,11.746,707.33,670.32
97.826,7.4955,714.35,675.72
105.93,11.363,718.52,673.78
88.564,17.041,722.74,669.22
79.805,19.437,725.28,663.56
73.822,19.875,721.39,658.57
69.39,17.76,712.14,651.99
65.211,19.169,704.72,646.9
69.238,30.068,698.9,639.98
72.63,37.895,693.82,633.63
83.894,50.196,687.72,627.42
89.784,59.734,683.21,622.62
100.96,61.7,682.31,618.11
110.41,56.95,681.94,611.33
96.054,48.333,679.84,602.71
73.332,38.341,675.48,598.22
71.06,34.524,671.38,591.61
72.719,32.153,665.88,588.15
74.081,32.689,662.69,584.91
83.742,42.148,658.69,581.62
88.09,50.782,658.41,581.56
86.751,50.097,663.22,582.47
84.661,48.615,666.82,583.92
85.47,48.497,671.94,585.16
87.868,48.889,676.56,585.16
94.481,49.727,676.78,584.28
101.93,45.104,674.13,587.06
104.02,43.456,672.93,588.94
119.1,40.757,664.81,590.58
133.4,42.732,655.96,592.47
153.83,47.577,647.24,593.8
180.52,114.1,652.94,591.55
193.04,101.89,655.75,590.87
194.02,92.227,656.89,590.89
238.89,86.635,643.65,587.68
202.81,68.564,627.73,583.14
158.88,52.418,622.08,590.5
135.75,54.417,625.01,599.13
114.4,53.126,633.61,602.46
107.96,50.773,638.05,609.45
109.64,42.796,640.46,615.15
114.83,35.887,643.66,618.56
122.41,30.936,644.85,620.66
123.03,28.328,647.44,622.34
122.46,26.517,649.39,623.67
121.48,22.926,652.53,622.84
121.24,20.921,655.74,620.69
127.76,21.683,655.14,616.79
136.48,21.515,654.1,614.22
141.82,21.716,651.15,613
150.29,23.342,647.09,610.88
213.26,33.042,633.15,606.6
207.08,36.151,625.44,600.33
202.74,39.654,621.67,594.04
251.25,50.014,611.73,586
234.99,54.049,605.89,578.58
225.95,51.887,602.97,572.56
224.12,50.469,600.59,566.53
273.42,55.48,589.33,560.88
257.77,56.342,582.09,556.09
246.5,55.33,579.64,551.29
236.6,16.868,573.47,546.17
224.92,29.851,574.44,544.08
165.39,40.292,586.05,539.79
174.46,40.662,602.53,539.37
171.8,58.883,620.41,552.47
160.16,92.654,632.48,583.13
142.79,73.065,647.35,608.34
130.86,60.288,655.81,623.95
133.08,45.862,665.23,642.06
130.37,34.639,673.72,657.51
129.91,27.133,679.21,668.22
128.51,25.855,684.9,675.93
127.33,23.702,689.41,681.63
126.52,21.129,691.87,685.96
126.78,20.843,693.14,688.27
125.64,19.351,694.55,690.13
125.07,19.206,695.74,691.14
124.12,18.431,696.61,691.71
124.11,18.854,697,691.71
123.62,18.65,697.51,692.01
124.14,19.751,697.56,691.7
124.59,18.402,696.74,691.88
125.27,18.779,695.97,690.6
122.28,19.455,695.49,689.14
129.13,19.185,691.56,690.09
135.85,23.513,688.42,690.89
136.5,30.933,687.34,690.86
138.16,35.094,685.52,686.87
147.13,40.794,682.56,682.15
157.54,37.649,678.46,678.28
160.29,30.965,675.94,677.6
161.23,26.114,673.12,678.15
166.92,19.542,671.7,679.44
167.61,12.552,671.96,683.78
167.48,5.2475,672.9,690.01
167.02,2.649,673.81,694.8
164.78,3.7502,675.29,697.82
163.89,4.8919,676.13,699.65
163.45,5.952,676.59,700.08
161.61,5.6457,677.59,700.66
168.1,-2.6569,677.62,702.6
167.31,-12.074,677.88,703.45
164.63,-14.42,679.83,704.15
163.19,-14.478,681.51,703.92
163.15,-14.29,682.39,702.86
162.43,-13.777,683.11,702.12
162.27,-12.144,683.35,701.47
161.16,-9.6604,682.53,701.47
155.25,-5.6329,683.28,703.77
148.94,4.0423,685.08,704.51
145.94,8.5786,684.82,703.99
143.76,12.504,684.64,703.01
140.71,14.739,684.77,701.79
134.58,19.701,685.61,700.82
131.95,19.823,685.33,700.21
132.02,20.802,684.84,699.15
132.03,20.705,684.15,698.32
130.9,20.163,683.65,698.21
131.37,19.17,682.72,698.14
132.54,15.044,681.73,699.42
137.85,18.083,680.11,697.53
142.58,23.141,680.91,694.47
147.18,24.114,681.99,693.51
152.04,24.916,681.44,691.87
147.29,26.362,684.92,689.95
142.67,28.143,687.96,688.05
142.67,28.515,688.96,686.19
143.53,27.093,689.8,686.29
144.17,27.868,690.78,686.01
144.05,28.92,691.44,685.14
143.68,30.124,691.75,684.05
143.71,30.047,691.8,683.62
143.57,31.446,692,682.84
143.77,32.031,691.96,682.37
143.99,31.549,691.98,682.06
144.19,31.292,691.83,681.57
144.54,32.263,691.55,680.57
145.49,32.358,690.91,679.86
145.42,32.797,690.47,679.01
145.47,33.136,690.08,678.24
145.56,33.951,689.74,677.51
146.08,33.062,688.83,677.2
146.55,33.387,688.36,676.73
146.65,33.567,687.77,676.1
146.63,34.185,687.19,675.47
146.35,34.621,686.76,675.23
146.68,34.536,685.98,675.01
147.16,34.521,685.28,674.52
147.62,35.244,684.97,673.92
148,34.444,684.45,673.75
148.52,35.334,684.12,672.71
149.09,35.495,683.8,672.05
149.51,35.725,683.7,671.35
149.58,35.72,683.59,670.85
149.87,34.946,683.39,670.51
149.3,35.258,683.37,670.17
149.27,35.851,683.33,669.69
148.8,35.891,683.4,669.49
148.45,36.656,683.37,669.08
148.85,36.801,683.12,668.94
149.16,37.687,683.13,668.5
149.47,38.018,683.09,668.62
149.93,37.474,682.89,668.81
149.74,37.327,683.13,669.24
150.79,37.292,682.55,668.88
150.66,37.408,682.34,668.49
150.51,37.672,682.16,668.06
150.29,37.533,682.01,667.91
149.96,37.586,681.98,667.98
150.41,37.641,681.79,667.79
149.98,37.82,681.88,667.89
157.11,44.81,675.49,662.46
166.68,47.61,666.04,656.51
173.86,50.563,655.64,650.04
180.55,53.319,646.27,643.59
183.23,54.22,639.61,638.12
184.5,55.804,634.45,634.01
186.78,57.293,630.09,630.46
189.48,58.188,626.08,627.12
191.15,60.672,623.37,624.28
192.65,60.145,620.72,622.38
193.3,61.349,618.97,620.63
194.22,60.365,617.53,619.87
195.87,63.688,615.53,617.43
197.11,61.265,614.02,617.02
195.9,63.415,613.94,615.79
196.43,62.588,613.45,615.43
196.51,63.338,613.04,614.86
197.01,61.901,612.64,614.95
196.77,64.347,612.4,614.09
197.15,62.678,612.09,614.45
197.17,63.216,611.96,614.2
197.15,62.546,611.84,614.22
196.64,64.03,611.75,613.82
197.22,62.559,611.35,614.14
197.71,63.35,610.94,613.74
198.01,63.957,610.69,613.39
197.99,63.271,610.62,613.53
197.95,62.535,610.57,613.68
197.47,64.004,610.52,613.24
198.32,62.846,610.12,613.42
198.65,63.996,609.85,612.93
198.05,64.525,609.83,612.93
198.6,63.184,609.49,613.58
198.22,64.663,609.49,613.28
198.71,63.094,609.34,613.95
198.4,62.001,609.54,614.55
197.61,63.324,609.86,614.32
197.85,62.758,610.05,614.73
197.52,62.168,610.49,615.08
197.18,61.683,611.17,615.85
197.06,61.725,611.98,616.31
196.23,62.854,612.18,615.74
196.63,62.435,612.04,615.77
196.27,62.658,612.1,615.56
197.02,63.369,611.87,615.27
197.65,61.304,611.65,615.85
197.29,63.702,611.67,615.02
197.37,62.027,611.67,615.66
196.71,63.395,611.85,615.4
197.54,61.467,611.64,616.01
197.4,64.044,611.71,615.17
198.11,61.402,611.42,615.73
197.53,63.165,611.47,615.04
198.44,62.213,611.09,614.99
198.47,63.96,610.86,614.24
198.97,61.775,610.61,614.65
198.11,63.215,610.67,614.08
198.77,63.942,610.2,613.53
198.91,62.4,610,613.89
198.41,64.655,609.9,613.07
199.02,62.49,609.75,613.71
198.48,64.735,609.67,612.96
199.34,63.299,609.36,613.57
199.08,63.092,609.59,613.76
198.96,64.058,609.85,613.59
198.81,62.133,610.09,614.33
198.74,63.286,610.5,614.12
198.12,62.656,610.93,614.77
197.61,62.444,611.31,615
197.36,64.022,611.4,614.47
197.93,62.784,611.3,614.87
198.04,62.375,611.34,614.9
198.02,64.018,611.36,614.41
197.81,62.541,611.49,614.89
197.82,64.215,611.5,614.39
197.64,62.719,611.62,614.9
198.18,63.59,611.47,614.55
198.41,63.137,611.41,614.7
197.98,62.613,611.5,614.77
197.95,64.194,611.45,614.43
197.86,62.651,611.52,614.98
197.58,63.305,611.51,614.79
198.33,62.396,611.41,615.49
199.3,57.832,610.99,614.8
200.02,54.343,610.4,614.3
198.11,52.709,610.71,614.73
197.18,51.23,610.91,615.11
197.27,51.448,610.97,614.82
197.35,50.05,611.06,615.46
196.92,48.506,610.98,615.46
196.76,45.206,610.23,614.66
197.37,42.554,609.66,613.91
200.11,41.557,609.72,613.26
201.2,40.616,609.81,612.88
201.26,39.873,609.88,612.74
201.29,38.798,610.07,612.33
201.29,38.359,610.01,612.39
201.36,37.715,610.04,612.37
202.12,38.141,610.09,612.32
202.07,36.776,610.41,612.26
204.05,37.898,610.36,612.17
204.45,37.658,610.47,612.15
204.56,37.797,610.61,612.23
205.4,38.647,610.68,612.03
206.34,38.998,610.73,611.82
206.46,39.884,611.38,611.67
205.78,41.507,612.6,612.13
205.12,43.652,614.03,613.43
208.25,47.902,613.87,614.28
208.8,49.266,613.81,614.06
209.15,51.712,613.72,613.19
208.8,51.581,613.83,612.97
208.44,51.283,613.89,612.88
208.95,50.416,613.95,613.21
209.23,50.36,613.93,613.19
209.33,51.711,613.61,612.76
209.23,52.144,613.96,613.42
209.59,56.82,613.71,612.8
210.65,57.004,613.57,613.16
210.94,56.922,613.43,613.09
210.69,57.97,613.17,612.82
210.77,57.648,613.06,612.74
210.93,57.678,613.01,612.9
211.07,57.853,612.96,612.9
210.86,57.971,612.83,612.8
211.1,58.064,612.75,612.75
211.24,58.238,612.72,612.63
210.97,58.027,612.71,612.56
210.86,57.753,612.65,612.52
210.67,57.339,612.49,612.35
213.59,57.681,612.34,612.13
218.14,55.883,612.02,613.01
224.18,51.511,611.77,613.05
228.63,48.058,611.48,613.3
229.42,46.233,611.16,613.74
228.51,46.077,611.36,613.95
228.37,45.563,611.24,614.19
228.62,45.661,611.34,614.33
228.98,45.771,611.4,614.37
228.47,45.4,611.47,614.52
228.39,45.566,611.65,614.66
228.34,45.624,611.83,614.75
228.95,45.524,611.76,614.78
228.47,45.172,611.74,614.77
228.86,45.046,611.61,614.76
229.06,45.164,611.77,614.65
229.19,45.254,611.84,614.5
228.33,45.064,611.94,614.37
228.51,44.96,612.06,614.4
228.36,45.268,612.29,614.23
228.23,45.536,612.56,614.11
228.24,45.113,612.28,614.15
228.94,45.849,612.52,614.15
228.97,45.422,612.22,614.17
228.26,45.502,612.37,614.14
229.22,45.349,612.14,614.27
228.4,45.284,612.17,614.26
228.86,45.998,612.41,614.45
228.58,45.499,612.18,614.59
228.34,45.072,612,614.63
228.82,45.831,612.29,614.79
229.1,45.08,611.79,614.7
228.8,45.575,612.02,614.58
228.74,45.29,611.67,614.45
228.9,45.424,611.69,614.41
229.3,45.5,611.78,614.38
228.68,45.495,611.8,614.31
229.04,45.607,611.8,614.37
229.42,45.742,611.77,614.37
228.86,45.676,611.72,614.13
228.87,45.02,611.53,614.05
228.53,45.459,611.95,613.87
228.21,45.812,612.29,613.8
228.63,45.868,612.21,613.75
229.03,45.946,612.1,613.79
229.12,45.271,611.8,613.83
228.95,45.633,612.04,613.66
228.89,46.024,612.21,613.57
229.17,45.266,611.87,613.61
229.23,45.692,612.06,613.47
229.15,46.054,612.12,613.45
229.48,45.369,611.69,613.48
229.2,45.162,611.71,613.42
228.55,45.864,612.24,613.31
228.94,44.997,611.95,613.43
229.23,45.886,612.51,613.44
229.16,45.536,612.29,613.48
229.17,45.693,612.39,613.56
228.96,45.504,612.19,613.63
229,45.708,612.34,613.72
228.96,45.38,612.1,613.77
229.04,45.501,612.28,613.82
228.95,45.096,612.14,613.84
228.75,44.609,612.02,613.88
228.59,44.603,612.2,613.91
228.9,45.229,612.62,613.98
228.92,45.204,612.64,614.1
228.92,45.303,612.65,614.18
228.99,45.356,612.58,614.22
229.11,45.594,612.52,614.17
229.28,44.979,612.03,614.02
228.69,45.946,612.29,613.68
229.38,46.074,611.95,613.61
229.51,45.398,611.53,613.5
229.23,45.109,611.4,613.34
229.07,45.345,611.67,613.16
229.03,45.514,611.85,613.07
229.09,45.506,611.96,613.12
229.05,44.994,611.65,613.22
229.11,45.059,611.74,613.26
229.41,45.948,612.04,613.33
229.35,45.654,611.68,613.37
229.38,45.351,611.42,613.29
229.41,45.608,611.64,613.2
229.47,45.827,611.82,613.16
229.36,45.673,611.53,613.21
229.48,46.055,611.65,613.21
230.03,45.533,611.19,613.29
229.41,46.261,611.31,613.22
229.88,45.947,610.99,613.33
229.82,46.08,610.95,613.29
229.78,46.255,610.9,613.23
229.8,46.565,610.75,613.14
230.27,46.369,610.5,613.15
229.88,46.089,610.44,613.21
230.28,45.961,610.29,613.15
230.72,45.758,610.11,613.05
230.56,45.721,610.21,612.95
230.31,45.543,610.33,612.89
229.6,46.239,610.94,612.76
229.97,45.508,610.66,612.85
229.93,45.6,610.88,612.88
229.91,45.755,611.06,612.86
229.77,45.903,611.31,612.93
229.63,45.469,611.13,613.03
228.93,45.892,611.61,613.02
228.79,45.922,611.75,613.12
228.56,45.853,611.84,613.25
228.95,45.229,611.6,613.44
228.99,45.699,611.99,613.48
228.75,45.588,611.97,613.41
229.01,44.977,611.74,613.49
228.9,45.501,612.13,613.37
228.53,45.413,612.06,613.23
228.65,44.756,611.77,613.19
228.45,45.255,612.05,613.05
228.24,45.708,612.27,613
228.53,44.96,611.85,613.02
228.73,45.728,612.39,613.1
228.52,45.421,612.18,613.05
228.55,45.631,612.35,613.07
228.86,44.594,611.89,613.19
228.69,44.736,612.15,613.22
228.62,44.859,612.43,613.3
228.43,44.587,612.26,613.23
228.01,44.916,612.64,613.17
228.57,45.445,612.86,613.27
228.36,44.395,612.35,613.27
228.04,44.71,612.71,613.2
228.69,45.277,612.95,613.25
228.08,45.111,612.86,613.2
228.49,45.118,612.72,613.2
228.85,45.07,612.58,613.18
228.89,44.359,612.27,613.18
228.01,44.238,612.68,613.2
228.23,44.396,613.01,613.41
228.26,43.979,613.01,613.58
227.62,44.082,613.16,613.71
228.11,44.338,613.26,613.86
228.34,43.932,613.01,613.9
227.78,43.939,613.18,613.85
227.63,44.302,613.45,613.95
227.69,43.839,613.22,614.05
227.38,44.314,613.6,614.17
227.88,44.574,613.55,614.22
227.4,43.787,613.1,614.15
228.22,44.715,613.4,614.35
227.76,44.015,613.01,614.18
227.64,43.758,612.99,614.01
227.41,44.094,613.48,614.05
227.84,44.36,613.56,614.15
227.2,44.442,613.61,614.05
227.69,44.768,613.54,614.1
228.3,44.117,613.12,614.03
228.24,43.828,613,613.99
227.92,44.358,613.41,614.04
227.21,44.217,613.34,613.95
228.16,43.919,613.07,613.99
227.69,44.1,613.44,614.1
228.01,44.153,613.34,614.12
227.28,44.03,613.34,614.09
227.75,43.997,613.24,614.22
228.1,43.842,613.19,614.24
227.45,43.511,613.17,614.1
227.1,43.639,613.5,614.18
227.49,43.481,613.41,614.25
227.87,43.461,613.33,614.26
227.16,43.302,613.34,614.1
227.4,44.149,613.75,614.25
227.42,43.734,613.38,614.18
227.73,43.85,613.38,614.19
227.99,44.061,613.43,614.16
227.12,43.984,613.6,614.04
227.27,44.139,613.68,614.09
227.46,44.371,613.71,614.16
227.69,44.731,613.75,614.23
227.54,44.42,613.48,614.13
227.77,44.778,613.52,614.09
227.2,43.847,613.18,613.97
227.86,44.719,613.45,614.11
227.27,43.79,613.13,613.96
227.97,44.635,613.35,614.04
227.76,44.336,613.27,613.96
227.53,44,613.18,613.88
227.02,44.469,613.6,613.93
227.3,44.788,613.54,613.91
227.82,44.042,613.08,613.86
227.31,44.551,613.5,613.92
227.14,44.156,613.4,613.91
228.09,44.094,613.23,613.91
228.04,43.67,613.1,613.91
227.74,44.143,613.46,613.99
228.17,44.38,613.37,614.03
228.15,43.935,613.2,614.04
227.77,44.18,613.59,614.16
227.34,44.223,613.57,614.13
227.88,44.439,613.44,614.13
227.6,43.459,613,614.07
227.36,43.878,613.32,614.19
227.89,44.146,613.2,614.24
228.41,44.559,613.05,614.24
228.44,44.613,612.89,614.17
228.54,44.492,612.65,614.08
228.24,43.755,612.35,613.92
227.91,44.304,612.85,613.96
228.16,44.644,613.12,614.08
228.17,44.536,613,614.06
228.07,44.52,612.93,614.02
227.91,44.497,612.82,613.92
228.06,44.972,612.99,614.01
228.19,44.943,612.71,613.85
227.96,44.368,612.31,613.69
228.12,44.391,612.25,613.56
228.36,44.932,612.55,613.51
228.43,44.703,612.46,613.44
227.73,44.793,612.78,613.38
227.87,44.421,612.67,613.48
228.02,44.044,612.58,613.53
227.69,44.366,613.04,613.66
228.1,44.528,613.12,613.73
227.57,44.427,613.18,613.65
228.07,44.628,613.18,613.66
227.54,44.646,613.21,613.61
227.96,44.937,613.22,613.64
227.84,43.92,612.79,613.51
227.59,44.374,613.14,613.59
228.08,44.735,613.11,613.62
227.93,43.798,612.62,613.52
227.62,44.258,613,613.59
228.08,44.51,612.98,613.64
227.48,44.597,612.98,613.56
227.89,44.925,612.95,613.59
228.67,44.137,612.45,613.52
228.33,44.563,612.81,613.53
228.43,44.222,612.62,613.47
228.16,44.67,612.94,613.44
228.31,44.385,612.72,613.39
228.43,44.081,612.55,613.28
227.79,44.099,612.72,613.19
228.02,44.464,612.88,613.21
228.27,44.106,612.6,613.12
227.73,44.069,612.68,613.04
228.06,44.212,612.8,613.1
228.33,44.471,613,613.18
228.43,44.147,612.86,613.18
228.21,44.659,613.19,613.28
227.74,44.792,613.2,613.23
228.32,45.069,613.16,613.35
228.18,44.107,612.71,613.31
229.98,44.802,611.44,612.89
233.05,45.998,607.94,610.13
237.32,50.222,602.7,605.58
241.74,52.98,596.98,601.43
245.32,55.791,591.61,597.24
248.33,58.112,586.65,593.37
250.1,58.602,583.02,590.31
250.33,60.612,579.93,587.39
248.24,61.352,577.45,584.77
251.38,62.241,574.52,581.69
254.86,62.43,572.29,579.07
261.17,64.831,571.51,577.93
263.11,62.866,570.51,577.22
262.81,63.459,570.42,576.68
262.27,63.034,570.3,576.39
262.07,63.335,570.25,576.01
261.45,63.844,570.34,575.86
260.98,63.683,570.28,575.78
261.53,63.357,569.9,575.64
261.56,63.63,569.71,575.39
261.81,64.382,569.64,575.29
260.75,63.871,569.53,575.16
261.54,63.861,569.27,575.13
261.25,63.936,568.97,575
261.54,64.462,568.87,574.94
261.43,63.454,568.55,574.94
262.01,64.477,568.61,574.96
261.46,64.257,568.45,574.81
262.3,64.196,568.06,574.75
262.24,63.499,567.83,574.76
261.6,64.528,568.17,574.71
261.07,63.619,568.15,574.92
261.64,63.847,568.28,575.27
261.71,63.595,568.27,575.39
261.26,63.426,568.75,575.7
260.61,63.16,569.4,576.01
259.33,63.555,570.23,576.57
259.54,62.975,570.8,577.36
259.21,62.323,570.92,577.39
260.23,61.967,570.74,577.19
259.88,62.172,570.61,576.75
259.97,62.764,570.69,576.63
260.04,62.459,570.61,576.47
260.79,62.606,570.67,576.52
260.43,62.749,570.84,576.33
260.07,62.946,570.89,576.18
259.78,63.148,570.92,576.04
260.59,63.228,570.81,576.15
260.43,63.296,570.73,575.94
260.78,62.747,570.57,575.81
260.5,63.352,570.55,575.47
260.77,63.25,570.22,575.43
261.7,64.191,570.04,575.36
261.2,64,569.63,575.3
261.2,63.183,569.18,575.25
262.23,63.996,568.97,575.3
262.23,63.625,568.56,575.34
261.91,64.051,568.29,575.25
261.92,63.703,567.96,575.19
262.65,64.131,567.85,575.12
262,63.463,567.74,575.13
262.23,63.829,567.77,574.94
261.74,63.511,567.87,574.68
261.82,64.112,568.76,575.25
261.12,63.466,569,575.32
260.89,63.55,569.54,575.77
260.33,63.457,570.12,576.3
260.02,63.165,570.55,576.54
260.75,63.578,570.45,576.5
260.25,62.94,570.28,576.13
260.28,62.772,570.25,575.95
260.77,63.079,570.32,576.06
260.81,62.998,570.3,575.94
260.16,63.299,570.48,575.79
260.04,63.056,570.41,575.65
260.42,63.408,570.41,575.73
259.82,63.594,570.52,575.56
260.22,63.82,570.5,575.68
260.5,63.032,570.24,575.56
259.81,63.157,570.35,575.37
260.57,63.629,570.45,575.78
259.56,62.586,570.39,575.68
259.8,63.623,570.62,575.93
259.54,63.193,570.46,575.86
260.49,62.73,570.12,575.97
259.8,62.679,570.17,575.8
260.2,62.655,570.13,575.92
260.7,62.763,570.12,575.95
260.11,62.718,570.27,575.78
260.63,62.786,570.27,575.87
260.05,62.773,570.4,575.73
260.6,62.898,570.43,575.91
260.75,63.595,570.47,575.89
260.86,63.272,570.34,575.77
260.28,63.356,570.43,575.62
260.86,63.498,570.42,575.78
260.31,63.609,570.5,575.64
259.84,63.715,570.51,575.51
260.51,63.877,570.42,575.67
259.88,62.992,570.34,575.55
260.54,63.152,570.27,575.68
260.07,63.278,570.29,575.49
260.77,63.458,570.18,575.59
260.3,63.571,570.2,575.4
260.27,63.013,570.09,575.48
260.21,63.52,570.22,575.61
260.8,63.605,570.04,575.68
260.68,63.024,570,575.66
260.58,63.503,570.15,575.73
260.11,63.518,570.13,575.51
260.04,62.897,570.07,575.53
260.04,63.439,570.21,575.59
260.72,63.503,570.08,575.71
260.23,63.52,570.04,575.53
260.14,62.989,569.97,575.6
260.11,63.497,570.09,575.69
260.73,63.531,569.99,575.8
260.37,63.474,569.94,575.53
260.42,62.826,569.85,575.47
260.47,63.32,569.99,575.48
260.54,62.816,569.87,575.45
260.64,63.384,569.94,575.45
260.68,62.724,569.81,575.41
260.24,63.576,570.16,575.33
260.31,62.899,570.05,575.36
260.37,63.34,570.19,575.42
260.35,62.704,570.17,575.44
260.34,63.156,570.32,575.53
259.88,63.078,570.29,575.35
259.91,63.518,570.39,575.44
260.59,63.442,570.22,575.56
260.05,63.351,570.19,575.38
259.93,62.671,570.17,575.4
259.92,63.073,570.25,575.51
260.66,63.057,570.08,575.58
260.21,63.7,570.41,575.79
260.34,62.705,570.17,575.89
260.55,62.912,570.23,576.11
260.3,63.61,570.4,576.14
260.09,63.107,570.33,576.14
259.84,62.656,570.27,576.13
260.55,63.443,570.3,576.4
260.33,62.983,570.28,576.35
260.2,62.46,570.23,576.26
260.05,63.132,570.4,576.25
260.01,62.627,570.31,576.13
259.95,63.261,570.42,576.1
259.93,62.695,570.32,576.04
259.95,63.362,570.42,575.98
260.09,62.808,570.27,575.89
260.61,62.931,570.29,576.02
260.66,63.606,570.41,575.93
260.74,63.06,570.26,575.87
260.13,62.941,570.32,575.74
260.61,63.118,570.26,575.89
260.04,63.091,570.29,575.74
260.46,63.217,570.22,575.9
259.91,63.22,570.22,575.75
260.4,63.391,570.15,575.88
260.93,63.643,570.13,576
260.4,62.616,569.99,575.83
260.96,62.825,569.96,575.9
260.41,62.833,570.04,575.72
260.96,62.978,570.01,575.83
260.46,63.021,570.06,575.67
260.45,63.598,570.26,575.8
259.96,63.563,570.27,575.67
260.44,63.611,570.19,575.86
259.67,62.445,570.08,575.77
260.3,63.461,570.26,575.93
260.87,63.438,570.18,576.11
260.98,62.742,569.99,576.04
260.58,62.605,570.02,575.87
260.18,62.452,570.02,575.76
260.91,63.47,570.19,575.99
260.48,63.264,570.24,575.89
260.08,63.067,570.26,575.78
260.77,62.961,570.24,575.99
260.37,62.733,570.3,575.92
259.96,62.473,570.35,575.85
260.68,63.411,570.57,576.08
261,62.672,570.4,576.08
260.44,63.106,570.5,575.85
260.88,62.408,570.27,575.89
260.86,63.365,570.58,575.86
260.09,62.755,570.44,575.79
260.86,62.811,570.36,576.06
260.23,63.313,570.48,575.86
260.56,62.736,570.19,575.85
260.19,62.726,570.19,575.77
260.91,62.827,570.06,575.99
260.47,62.814,570.11,575.84
260.09,62.803,570.1,575.7
260.75,62.831,570.02,575.9
260.33,62.801,570.12,575.73
260.95,62.861,570.05,575.93
260.53,62.817,570.15,575.83
260.14,62.784,570.23,575.71
260.83,62.88,570.16,575.92
260.39,62.9,570.2,575.75
261.06,63.019,570.11,575.96
260.59,63.035,570.19,575.83
260.24,63.001,570.26,575.69
261.05,63.098,570.16,575.94
260.77,63.058,570.23,575.83
260.56,62.947,570.27,575.75
260.38,62.86,570.28,575.7
260.2,62.68,570.28,575.67
261.04,62.612,570.11,575.99
260.78,62.57,570.1,575.91
260.51,62.517,570.09,575.84
260.5,63.534,570.25,575.87
260.29,63.557,570.15,575.84
261.18,63.671,569.94,576.12
260.84,62.746,569.74,575.9
260.93,63.33,569.9,576.07
260.58,63.351,569.9,575.91
260.24,63.347,569.89,575.79
260.48,62.761,569.76,575.78
260.75,63.298,569.87,575.89
260.45,63.272,569.83,575.72
260.54,62.652,569.7,575.78
260.66,63.215,569.84,575.89
260.84,62.525,569.75,575.99
261.12,63.151,569.93,576.09
260.91,63.129,569.92,575.95
260.76,63.113,569.92,575.78
261.04,62.431,569.89,575.85
261.4,62.971,570.07,576.01
261.21,62.846,570.1,575.9
261.03,62.7,570.1,575.85
260.84,62.577,570.09,575.81
260.93,63.558,570.29,575.79
260.77,63.408,570.22,575.73
260.56,63.2,570.18,575.71
260.35,62.932,570.14,575.66
261.22,62.888,569.98,575.93
260.96,62.715,570,575.85
260.49,62.591,570.06,575.8
260.34,63.481,570.34,575.77
259.91,63.379,570.35,575.77
260.56,63.31,570.23,576.07
260.77,62.628,570.08,576.12
260.23,62.517,570.19,576.06
260.41,63.086,570.22,576.19
260.54,62.473,570.05,576.26
260.74,63.062,570.11,576.29
260.89,62.604,569.99,576.28
261.01,63.311,570.08,576.27
259.85,62.818,570.09,576.14
260.27,63.091,570.13,576.39
260.23,62.723,570.08,576.39
260.13,63.543,570.25,576.47
260.09,63.261,570.17,576.53
259.99,63.067,570.13,576.53
259.91,62.81,570.08,576.57
260.93,62.649,569.88,576.79
260.87,62.398,569.88,576.78
260.82,63.339,570.09,576.81
260.2,62.567,569.9,576.68
260.16,63.498,570.09,576.73
260.6,62.777,569.74,576.7
260.6,62.506,569.73,576.7
260.56,63.421,569.96,576.73
260.57,63.137,569.93,576.77
260.58,62.862,569.92,576.78
260.59,62.589,569.91,576.79
260.56,63.49,570.13,576.82
260.02,62.694,570.01,576.76
260.64,63.046,570.01,576.93
259.98,62.319,569.97,576.82
260.6,62.846,570.02,576.94
260.25,63.323,570.14,576.81
260.9,62.752,569.86,576.79
261.14,62.625,569.93,576.86
260.9,63.088,570.04,576.71
260.64,63.453,570.13,576.58
260.85,63.175,570.16,576.69
260.43,62.42,570.07,576.55
260.63,63.342,570.33,576.65
260.24,62.566,570.15,576.61
261.02,62.946,570.08,576.78
260.76,63.251,570.1,576.68
260.44,62.478,569.92,576.61
260.73,63.347,570.09,576.67
258.75,60.084,572.2,577.91
256.8,59.167,574.93,579.89
254.61,58.591,577.88,581.95
251.54,56.742,581.5,584.21
248.81,56.273,585.74,586.36
244.89,55.65,590.28,588.94
240.08,52.345,594.66,592.47
235.09,50.375,600.29,597.44
232.99,48.474,604.97,601.29
229.26,45.169,611.65,606.58
223.38,43.365,620.62,612.75
219.37,40.634,629.08,618.52
214.38,38.472,635.82,624.51
211.07,35.54,641.84,629.35
208.05,33.17,646.89,633.71
205.08,31.193,652.99,639.06
201.79,28.158,659.26,645.18
197.9,25.444,664.43,649.95
194.13,23.866,668.95,654.02
191.86,22.354,672.95,657.2
190.32,21.091,677.07,659.98
188.12,19.82,680.5,662.62
187.25,18.116,682.77,664.42
184.57,18.169,686.35,666.55
183.5,17.584,689.39,668.52
181.65,18.026,692.06,670.67
181.19,16.116,694.14,672.62
179.53,16.34,696.03,674.44
179.37,15.361,697.11,675.69
179.23,14.672,697.87,676.61
177.59,14.531,698.51,677.68
174.82,14.664,699.11,678.15
172.11,13.669,699.43,678.44
171.45,14.475,699.93,678.11
175.14,13.757,699.73,677.1
178.35,13.639,699.75,676.49
179.4,14.324,700.07,676.48
179.54,14.258,700.41,676.81
179.42,13.586,700.61,677.28
179.27,14.416,701.02,677.56
179.4,13.336,700.87,678.02
178.89,14.077,701.16,678.15
178.79,13.372,701.26,678.62
178.46,12.798,701.44,678.78
178.29,13.812,701.81,678.57
177.76,12.663,701.49,678.85
177.49,13.583,701.87,678.79
177.65,13.861,702.02,678.84
177.42,13.766,702.01,679
177.77,13.782,702.01,679.04
177.17,13.737,702.09,679.19
177.55,13.56,702.09,679.29
177.71,12.704,701.93,679.57
177.54,13.3,702.31,679.42
177.66,12.016,702.13,679.68
177.89,13.596,702.47,679.29
177.74,12.641,702.41,679.8
177.87,12.67,702.53,679.86
178.06,13.334,702.72,680.25
178.93,13.748,702.73,680.37
178.17,13.085,702.62,680.25
177.8,13.374,702.76,679.84
177.07,13.071,702.84,679.78
177.24,13.8,703.1,679.52
177.75,13.103,702.91,679.5
177.26,13.767,703.04,679.48
177.68,12.781,702.88,679.61
177.24,13.398,703.05,679.53
177.82,12.406,702.84,679.53
177.46,12.872,703,679.42
177.83,13.202,703.09,679.2
177.67,12.878,703.07,679.22
177.8,13.932,703.25,678.94
177.92,13.38,703.05,679.06
177.98,13.115,702.81,679.1
178.16,12.993,702.52,679.07
177.94,13.501,702.46,679.02
177.87,12.56,701.81,679.03
178.49,12.843,701.82,678.9
178.18,13.3,701.81,678.78
177.85,13.858,701.77,678.67
178.52,12.998,701.25,678.74
178.61,14.247,701.38,678.36
178.64,13.159,700.92,678.43
178.92,14.426,701.28,678.4
179.04,14.154,701.13,678.37
179.74,14.176,701.06,678.42
180.04,14.588,701.2,678.68
178.91,14.149,701.3,678.64
178.75,14.127,701.34,678.8
179.28,12.812,701.13,679.06
179.12,14.163,701.59,679.02
179.22,13.599,701.44,679.11
179.41,13.115,701.3,679.14
178.99,13.912,701.4,679.05
179.18,13.421,701.16,679.12
178.94,13.558,701.23,679.11
178.63,13.687,701.29,679.06
178.95,13.623,701.32,679.08
178.94,13.076,701.07,679.05
179.14,12.735,701.11,679.05
178.64,13.715,701.47,678.86
178.85,13.464,701.47,678.89
178.27,13.397,701.55,678.92
177.9,13.878,701.75,678.91
178.67,12.94,701.51,678.83
178.88,13.882,701.73,678.64
178.8,13.194,701.47,678.63
178.24,12.928,701.45,678.61
178.53,13.806,701.7,678.48
178.8,13.385,701.61,678.51
178.25,13.161,701.55,678.49
178.48,14.013,701.78,678.33
178.72,13.524,701.64,678.44
178.27,13.281,701.65,678.54
178.55,12.954,701.63,678.69
178.82,13.869,701.94,678.65
178.74,12.959,701.68,678.78
178.5,13.312,701.89,678.77
178.38,13.645,702.07,678.77
178.36,12.768,701.84,678.76
178.29,13.017,701.97,678.72
178.26,13.242,702.07,678.71
178.31,13.454,702.1,678.76
178.37,13.68,702.13,678.85
178.98,13.249,701.96,678.88
179.22,13.597,701.97,678.93
179.05,13.593,701.85,678.87
179.38,12.803,701.47,678.98
178.97,13.487,701.45,678.89
178.87,13.259,701.44,679.06
179.07,13.726,701.58,679.19
179.35,12.974,701.38,679.42
178.9,13.685,701.5,679.38
178.8,13.743,701.52,679.4
178.66,13.78,701.56,679.4
179.13,13.478,701.61,679.49
178.9,13.484,701.7,679.49
178.71,13.502,701.76,679.49
178.47,13.552,701.79,679.45
179,13.329,701.78,679.41
178.83,13.272,701.76,679.33
178.58,13.219,701.81,679.36
179.13,12.942,701.8,679.41
178.75,12.731,701.84,679.56
179.52,12.408,700.97,679.04
190.03,7.8051,695.88,675.04
194.78,5.9806,690.74,669.31
180.8,11.908,691.08,666.93
155.94,29.053,688.2,664.1
139.92,46.187,683.55,654.98
138.75,60.663,679.1,641.71
141.12,65.623,673.72,630.55
148.8,72.664,669.31,619.43
161.38,76.564,666.13,609.98
173.85,77.917,663.99,602.13
179.79,75.317,661.76,595
181.47,68.977,658.46,589.98
184.84,62.943,652.41,583.4
185.47,60.359,645.3,579.22
183.48,62.295,639.13,575.22
184.91,68.521,632.56,572.23
183.85,76.049,628.47,571.51
227.7,75.194,622.63,579.53
208.01,75.973,621.87,582.85
190.42,73.956,622.41,583
181.45,74.604,622.76,581.9
223.91,71.667,618.58,587.6
201.77,71.925,619.56,589.33
190.33,73.298,622.05,588.07
186.57,75.713,623.98,584.72
187.58,78.785,625.21,581.63
197.02,76.424,627.93,577.84
201.61,69.098,630.3,577.26
209.15,51.414,630.04,574.53
207.14,36.161,630.92,573.62
206.39,26.362,630.21,572.8
206.34,19.725,630.46,570.81
205.79,15.856,631.07,568.31
207.19,16.037,632.97,565.51
208.25,17.329,636.14,563.84
208.92,21.028,640.15,562.78
211.35,26.755,643.18,559.96
213.06,30.029,644.53,559.04
214.3,32.215,644.74,559.1
211.48,38.152,645.07,559.89
205.54,41.855,648.01,561.08
200.01,47.899,654.2,565.08
250.44,91.074,660.27,566.09
244.1,127.4,665.65,559.51
231.52,188.6,671.29,549.83
225.33,254.36,684.43,523.69
244.42,257.37,697.98,503.35
44.564,61.428,668.1,537.41
83.941,48.338,656.61,565.13
104.68,34.345,647.57,586.28
129.66,23.647,645.78,598.84
89.094,10.738,646.93,597.62
112.49,103.04,659.88,589.19
55.345,106.75,675.51,586.48
68.115,108.57,687.89,586.27
24.689,98.86,698.26,593.71
40.144,95.912,710.02,598.67
15.341,103.05,715.41,594.99
62.945,194.67,745.26,559.42
99.786,219.98,781.35,526.31
110.68,236.23,810.16,501.61
206.94,155.93,823.27,492.53
290.15,73.795,815.49,482.35
293.34,84.992,799.42,485.06
280.87,105.57,788.51,499.72
285.34,105.04,780.08,510.06
272.61,119.37,777.42,528.53
268.65,119.15,776.38,543.77
275.73,122.52,769.74,559.33
277.61,130.98,761.24,568.32
281.56,131.61,755.07,573.57
283.22,129.78,750.73,575.93
288.55,120.63,728.03,597.1
295.26,115.01,710.39,612.26
298.47,108.25,697.87,622.33
299.55,100.08,689.71,630.4
302.61,88.436,684.14,635.95
304.88,72.801,680.02,639.59
297.04,62.628,680.06,636.32
290.84,57.765,681.25,631.33
289.59,57.047,681.81,625.1
284.24,54.343,681.54,617.11
278.16,52.989,679.62,609.41
273.51,56.558,676.76,603.3
313.08,65.125,671.07,604.1
292.47,68.281,667.75,604.02
270.43,72.742,669.45,603.41
255.47,79.075,668.2,602.47
255.88,80.908,664.48,601.33
309.01,80.196,659.03,607.27
356.14,94.443,653.23,608.14
191.88,185.72,664.74,589.33
75.767,81.477,667.4,594.86
46.53,65.595,667.54,603.28
81.625,57.55,674.04,611.24
46.401,49.078,676.55,619.8
86.538,48.093,685.29,621.91
255.02,66.985,684.03,618.83
245.26,76.807,684.03,613.72
302.32,81.583,676.15,613.42
285.92,83.631,670.83,612.16
336.98,79.277,661.32,613.03
308.97,76.851,657.08,612.93
290.74,72.198,653.49,611.82
272.05,70.279,650.79,611.22
328.7,68.062,642.26,612.07
311.09,67.625,639.02,612.46
311.34,66.381,634.68,612.88
374.79,61.55,623.42,613.14
361.56,56.66,620.22,611.68
410.46,59.791,610.52,610.86
446.96,61.311,594.94,607.99
472.53,57.246,579.7,606.72
445.88,60.288,571.93,602.95
481.68,59.55,559.19,597.55
506.16,55.542,548.89,592.9
483.08,57.093,543.86,587.48
525.42,24.536,531.11,580.59
503.38,42.126,524.53,576.18
488.45,53.211,521.82,573.89
523.12,53.481,512.77,569.55
505.93,23.497,505.11,563.88
540.63,42.973,490.34,557.11
524.5,51.275,483.72,553
561.88,57.837,469.25,547.37
555.85,103.4,462.32,544.66
545.39,137.28,462.85,544.61
541.71,115.63,462.96,544.66
549.68,103.33,463.06,544.68
559.47,91.651,463.15,544.7
567.85,91.114,463.26,544.72
576.98,91.282,463.33,544.73
581.79,87.034,463.4,544.75
586.61,79.088,463.44,544.76
593.48,73.991,463.47,544.77
594.53,76.594,463.53,544.79
585.92,130.83,462.43,543.8
510.31,120.64,457.47,537.36
443.09,111.35,457.81,524.41
431.48,103.05,455.13,514.2
430.18,96.155,451.82,506.29
411.75,54.476,448.6,504.01
392.97,24.951,445.27,499.4
378.42,40.137,445.17,494.92
409.95,14.16,438.23,485.43
393.3,33.12,435.91,477.62
417.58,13.9,430.83,470.76
396.28,33.805,430.32,467.66
418.53,45.007,425.45,462.53
388.16,57.284,426.87,460.37
361.83,72.789,432.41,463.43
384.83,84.04,435.13,468.15
402.3,122.47,433.35,473.56
374.81,114.34,438.51,479.43
385.64,116.61,439.04,482.92
394.15,127.97,439.26,485.63
397.72,131.13,438.95,488.01
369.67,178.62,442.09,484.37
354.88,173.29,446.04,478.96
380.66,167.1,448.19,475.59
356.68,206.52,448.54,474.16
388.12,144.31,448.71,473.23
368.89,142.01,449.17,472
346.62,188.51,449.96,470.16
379.12,131.65,449.93,469.62
404.32,94.266,445.46,468.4
427.65,62.389,441.48,468.09
407.74,37.295,440.91,467.06
434.01,57.21,438.32,466.84
415.3,25.808,438.36,465.85
442.88,43.155,438.02,466.26
466.49,59.962,436,468.09
453.05,71.141,435.94,470.29
482.52,42.889,435.94,470.43
495.87,57.383,434.86,472.12
515.35,31.572,435.25,471.91
537.25,48.905,436.12,472.07
565.61,20.349,436.23,469.54
558.72,-5.3025,438.18,461.79
555.08,15.393,438.58,459.01
586.26,-5.4774,433.69,451.09
579.6,13.695,428.11,446.34
612.43,68.608,419.64,451.88
603.94,111.56,415.14,455.19
602.29,115.96,413.73,455.1
600.71,118.98,412.64,454.22
601.61,118.95,411.59,453.37
634.91,118.52,405.3,452.65
629.34,119.7,400.35,449.68
635.21,120.19,396.27,445.5
639.56,121.46,392.42,441.42
642.85,124.95,389.94,433.55
637.63,84.993,389.89,430.71
632.8,88.394,389.8,430.52
668.7,92.561,388.88,430.71
655.54,94.942,388.63,430.75
646.54,97.118,388.4,430.59
640.95,95.15,388.25,430.5
678.71,93.498,387.6,430.66
663.83,88.513,387.34,430.67
657.08,80.853,387.22,430.69
698.48,72.092,385.76,431.71
680.11,68.947,384.69,432.23
613.19,152.48,386.91,433.44
645.89,91.854,386.29,441.8
636.2,76.853,386.32,451.45
635.82,69.319,385.73,458.05
629.42,62.612,386.72,462.48
650.74,55.416,386.28,469.26
634.42,52.711,386.79,475.12
623.23,47.304,391.01,483.92
614.48,54.237,399.59,492.4
642.98,104.24,404.3,506.02
622.79,93.827,412.75,520.31
606.26,132.02,420.7,527.79
625.59,119.64,420.17,535.19
600.19,113.52,425.63,541.31
628.83,107.51,421.78,546.64
609.85,107.18,425.07,548.98
654.34,102.94,411.67,559.91
638.63,112.33,412.85,548.72
627.25,125.71,417.34,536.21
609.45,126.36,423.13,529.46
597.92,122.32,428.73,525.25
590.06,121.32,433.82,521.2
584.28,121.67,436.47,518.47
573.79,122.29,438.85,517.11
613.67,89.222,436.85,515.43
597.95,100.82,436.47,514.34
581.21,105.49,437.27,513.66
616.32,75.954,434.19,511.61
593.38,83.983,433.94,512
569.88,88.442,435.18,512.19
594.27,55.73,434.3,512.06
566.98,65.362,434.7,512.12
589.73,73.765,434.27,512.42
562.38,39.663,434.64,511.95
587.08,56.808,434.1,511.88
561.4,29.124,434.8,510.97
586.24,46.875,433.67,511.02
560.11,22.727,433.97,509.43
585.8,45.315,432.28,509.47
561.9,23.623,432.29,507.39
589.44,39.616,429.59,505.96
569.01,46.777,429.58,504.71
598.23,51.014,426.83,503.38
631.9,56.095,419.33,505.46
602.6,26.571,416.63,501.03
627.69,42.719,411.94,497.7
598.55,46.042,411.52,496.13
573.9,14.916,411.83,494.97
598.12,27.837,411.14,493.56
574.73,33.483,411.31,492.87
599.57,9.0324,410.63,491.4
576.79,21.94,410.72,490.53
595.41,30.462,410.06,489.83
567.6,8.6537,410.73,487.11
545.33,-10.384,411.92,484.66
570.32,15.341,412.27,482.48
547.66,-6.6855,413.77,479.65
568.29,15.674,414.55,477.87
545.03,-5.1812,416.88,474.12
532.55,8.1043,422.57,471.14
558.25,-6.5736,424.58,468.55
527.88,16.738,431.13,467.71
457.11,-17.957,450.36,450.98
554.12,171.49,448.96,459.9
539.03,137.46,453.69,481.84
504.23,108.47,471.61,504.68
459.25,92.602,498.67,526.78
424.13,82.108,528.28,547.52
397.63,67.986,559.29,570.74
378.19,52.859,586.61,589.36
363,41.972,609.52,606.48
353.2,33.07,627.13,620.21
345.77,25.503,642.06,633.24
338.29,16.075,653.49,644.31
331.66,11.806,663.48,653.71
328.34,8.2064,671.19,661.8
324.94,5.0358,677.59,666.96
322.72,3.9185,682.02,671.17
321.24,1.3284,685.14,674.02
319.77,1.7296,688.38,676.03
319.03,0.73514,690.61,677.11
317.74,1.1411,692.07,677.79
317.46,0.7789,692.65,678.24
316.36,1.695,692.29,678.48
314.89,2.6894,691.54,678.01
314.8,2.6851,690.88,677.38
316.7,3.0401,691.11,676.61
317.18,2.4222,689.98,675.53
316.82,1.7005,689.67,674.69
315.13,2.5043,688.09,673.29
311.5,5.1094,686.74,669.86
302.94,5.4346,684.82,665.95
291.99,5.6653,682.82,663.5
277.68,7.2267,680.53,662.73
261,9.9532,676.84,663.53
245.71,10.819,674.44,665.85
229.53,11.088,672.71,668.19
214.72,11.976,671.5,670.01
210.04,12.848,669.84,670.25
199.8,12.333,668.65,671.32
194.27,14.101,667.85,671.97
191.71,13.701,667.06,671.56
192.16,14.999,666.11,670.44
191.48,15.011,665.75,669.68
191.79,14.576,665.93,669.53
191.06,14.903,666.56,669.05
191.15,14.68,666.95,668.67
191.35,14.612,667.15,668.43
192.72,15.646,666.97,667.71
193.86,15.361,667,667.53
196.32,14.637,666.88,667.94
198.46,14.273,667.01,668.26
197.77,15.455,668.01,668.13
196.14,16.085,668.13,668.27
200.18,16.329,665.24,667.18
200.99,15.485,661.02,665.32
204.79,16.268,655.76,663.54
207.36,17.485,650.73,660.83
210.62,20.497,645.51,657.05
215.72,25.915,638.07,651.67
219.16,27.585,631.4,646.2
221.54,29.454,625.91,641.65
224.12,31.834,621.12,637.51
225.65,32.228,617.22,634.2
228.35,33.405,614.57,631.82
228.99,34.593,612.57,629.36
231.23,36.51,610.59,628.37
231.92,37.906,609.49,627.81
232.66,38.298,608.62,627.12
232.85,38.249,607.95,626.36
233.76,38.46,607.42,625.81
233.32,38.371,607.14,625.66
233.46,39.007,606.99,625.52
233.52,38.826,606.87,624.97
233.68,39.39,606.66,625.02
233.97,39.236,606.63,624.74
233.64,39.484,606.65,624.77
234.5,39.963,606.77,624.64
234.31,39.304,606.87,624.43
233.91,39.08,606.91,624.63
234.06,40.041,607.49,624.89
233.38,39.767,608.45,624.74
233.1,39.342,608.86,624.65
233.4,39.297,608.32,625.08
234.39,39.29,607.97,625.25
234.35,39.368,607.81,625.42
234.11,38.549,608.39,625.48
234.72,39.489,608.5,626
234.22,39.149,608.96,626.16
233.78,38.33,609.72,626.47
230.85,38.08,610.37,626.6
226.2,38.387,610.53,626.39
228.82,38.945,611.23,626.94
233.22,39.639,612.22,627.21
235.34,38.902,612.48,627.39
231.36,38.103,612.36,626.52
228.63,38.707,611.93,626.98
227.21,38.446,611.45,627.45
226.52,38.973,611.09,628.08
226.12,38.869,610.87,628.32
228.29,39.121,610.68,628.05
230.46,39.552,610.56,627.91
232.63,39.078,610.7,627.44
235.79,40.034,611.44,627.47
236.36,39.302,611.67,627.48
234.51,38.738,612.01,627.31
231.45,38.634,611.86,626.81
228.53,38.937,611.28,626.71
225.95,39.21,610.6,626.69
225.33,40.23,610.31,627.46
227.39,40.317,609.88,627.03
229.41,40.289,609.52,626.59
230.41,39.825,609.32,626.73
231.8,39.619,609.18,626.61
234.83,40.304,609.75,626.5
236.74,39.726,610.46,626.64
234.95,38.576,610.84,626.55
229.66,38.909,610.89,626.52
226.11,39.514,610.63,626.9
224.75,39.689,610.25,627.74
225.04,39.909,610.08,628.28
226.06,39.11,610.53,628.43
228.87,39.52,611.06,628.35
231.68,39.757,612.37,628.54
234.19,40.329,613.72,628.49
231.66,38.758,613.91,628.13
228.28,39.224,613.09,627.72
225.09,39.416,612.52,627.64
223.36,39.493,612.1,628.11
222.69,40.369,611.7,628.71
222.79,40.276,611.38,628.54
224.92,40.417,610.95,628.33
224.96,40.254,610.68,628.42
227,40.384,610.6,628.14
230.3,41.085,611.04,628
233.01,40.003,611.43,627.68
234.39,39.548,611.7,628.02
232.32,38.783,611.76,628.24
226.43,39.931,611.5,627.6
224.42,40.243,611.1,628.34
223.78,41.037,610.7,628.91
225.41,41.324,610.4,628.59
226.96,40.982,610.34,628.35
229.3,41.006,610.38,628.3
231.92,41.156,610.87,628.14
232.89,40.136,611.11,628.34
232.3,39.941,611.09,628.95
229.74,39.44,610.9,628.92
227.28,39.644,610.72,629.22
228.3,39.84,610.62,629.49
233.04,41.188,611.21,629.59
232.84,40.1,611.47,629.39
233.03,39.498,611.5,629.53
233.9,39.346,611.5,629.7
233.6,39.155,611.49,629.91
233.68,39.235,611.5,630.21
233.86,39.307,611.51,630.43
233.48,39.117,611.49,630.44
232.96,38.839,611.59,630.25
232.8,38.784,611.6,630.2
232.45,38.589,611.71,630.08
232.68,38.295,611.82,629.79
231.9,38.238,612,629.75
231.64,38.119,612.01,629.38
231.52,37.713,612.03,628.96
232.09,37.662,611.94,628.85
232.3,37.839,611.81,629.02
232.55,38.11,611.65,629.15
232.51,37.478,611.64,628.8
236.51,41.109,607.83,625.75
239.22,42.826,603.09,622.05
242.47,44.611,597.58,617.95
245.27,44.853,592.53,613.38
247.63,46.821,588.1,610.33
250.96,48.983,583.71,606.46
254.44,50.562,578.68,600.9
257.62,53.16,573.96,595.99
260.4,55.912,569.52,592.13
263.12,58.628,565.8,589.4
265.65,61.437,562.45,586.12
267.48,62.107,560.16,583.3
268.45,63.103,558.62,581.54
268.79,62.828,557.57,580.26
268.15,62.909,556.9,579.37
267.19,62.996,556.44,578.55
268.03,65.069,555.7,577.47
267.66,64.388,555.28,576.78
269.9,65.799,555.02,576.12
271.14,65.338,554.97,575.75
272.1,65.214,554.97,575.53
273.62,65.972,554.77,575.32
272.86,64.221,554.76,575.32
271.06,64.753,554.39,575.27
269.49,64.722,554.17,575.28
269.9,65.13,553.74,575.05
270.68,65.849,553.31,574.85
271.75,66.37,553.03,574.53
272.26,66.153,552.92,574.35
274.18,66.598,552.83,574.28
273.83,65.318,552.9,574.43
272.62,65.331,552.97,574.41
270.54,65.849,553.07,574.3
269.39,65.598,553.12,574.33
270.81,66.949,552.9,574.17
271.05,66.682,553.05,574.17
274.07,65.852,553.33,574.94
273.8,65.9,553.79,575.32
272.47,64.75,554.79,575.8
272.94,65.573,555.49,576.22
271.23,65.311,556.71,577.09
268.76,65.192,557.33,577.57
266.2,64.827,556.92,577.6
264.78,65.328,556.7,577.51
264,65.577,556.42,577.23
264.37,65.631,556.14,576.82
266.3,66.966,555.81,576.54
267.36,66.129,555.57,576.39
270.48,66.87,555.44,576.65
272.41,65.888,555.47,576.72
272.87,65.029,555.69,576.62
270.48,64.764,555.66,576.95
268.29,64.748,555.44,576.94
266.43,64.998,555.43,576.68
266.96,66.747,555.02,575.9
267,66.077,554.82,575.62
268.12,67.326,554.52,575.27
267.88,67.032,554.37,574.95
269.98,66.939,554.35,574.83
272.26,67.387,554.12,574.94
274.14,66.101,554.01,575.14
273.33,65.35,553.96,575.2
271.41,66.328,553.76,575.15
268.83,66.739,553.57,575.07
267.84,66.422,553.26,574.9
268.57,67.203,552.84,574.54
269.54,68.022,552.41,574.2
272.82,68.367,552.12,574.21
274.5,68.502,552.11,574.03
274.05,66.433,552.22,574.1
272.58,67.745,552.14,574.23
268.52,67.966,552.04,574.26
266.45,67.38,552.44,574.39
267.06,67.837,552.7,574.4
267.17,67.841,553.22,574.27
266.88,68.071,553.72,574.51
266.64,67.345,554.4,575.14
269.51,67.139,554.72,575.63
272.51,66.58,554.95,575.92
271.14,65.292,555.06,576.07
266.82,65.949,554.39,576.26
262.41,66.474,553.76,576.18
261.43,67.128,553.83,575.66
262.92,68.697,553.77,575.44
264.13,68.766,553.99,575.08
265.28,68.531,554.05,574.77
266.13,68.61,554,574.34
268.84,67.605,553.89,574.69
272.24,68.03,553.96,574.7
271.92,66.582,554.18,574.73
271.85,67.365,554.14,574.65
271.45,67.878,554.36,574.54
269.69,67.725,554.54,574.55
268.64,67.54,554.59,574.23
269.8,68.3,554.65,574.12
270.46,67.679,554.87,573.78
271.41,68.012,554.89,573.51
269.68,68.846,554.68,573.11
268.73,68.949,554.41,572.63
271.16,69.243,554.33,572.45
272.53,68.782,554.29,572.46
273.42,69.303,554.01,572.5
273.46,70.243,553.73,572.56
273.73,69.97,553.39,572.51
274.01,70.728,553.16,572.57
273.82,69.862,553.03,572.55
273.78,70.19,552.96,572.45
273.78,70.557,552.84,572.26
274.28,70.176,552.66,572.1
274.21,70.223,552.57,571.97
274.98,69.479,552.59,572.03
276.17,69.624,552.51,572.2
276.13,69.623,552.42,572.4
275.96,69.759,552.36,572.49
275.5,68.9,552.29,572.56
276.33,69.132,552.25,572.82
276.36,69.713,552.23,572.91
276.14,70.49,552.3,572.8
275.86,69.895,552.28,572.77
275.74,70.53,552.3,572.49
276.27,69.734,552.38,572.68
277.83,68.509,552.51,572.82
279.13,67.07,552.49,572.73
280.44,66.085,552.66,572.99
280.51,66.078,552.78,572.82
280.68,66.041,552.75,572.67
280.13,66.286,552.85,572.4
281.96,64.967,552.8,572.52
283.66,63.972,552.93,572.38
284.07,64.031,552.78,572.17
284.29,63.986,552.65,572.02
284.38,64.533,552.56,572.12
284,63.949,552.67,572.16
283.44,63.513,552.8,572.09
283.65,63.487,552.74,572.06
283.4,63.736,552.78,572.21
283.24,63.099,553.05,572.19
283.77,63.115,552.98,572.48
283,62.574,553.16,572.55
283.44,62.068,553.37,572.46
282.01,60.424,553.44,572.42
280.22,59.605,553.7,572.47
278.81,59.07,553.87,572.23
277.02,58.991,553.88,572.08
276.18,58.873,553.94,571.68
275.56,59.082,554.08,571.51
273.88,58.685,554.17,571.29
272.88,57.778,554.31,570.64
271.59,57.159,554.32,570.35
271.6,56.936,554.42,569.85
271.35,56.994,554.48,569.55
271.16,57.011,554.52,569.32
271.42,57.221,554.65,569.19
271.58,57.202,554.76,569.21
271.04,56.825,554.93,569.24
270.89,57.131,555.03,569.26
271.01,56.497,555.17,569.38
271.23,56.194,554.79,569.38
271.37,56.321,554.65,569.37
271.48,56.271,554.61,569.59
271.9,55.669,554.35,569.47
272.42,54.881,554.07,569.14
273.25,54.69,553.93,569.67
272.83,54.038,553.78,569.85
274.9,52.809,552.8,569.93
274.66,53.482,552.19,570.08
277.21,52.117,550.69,569.52
280.71,52.074,548.25,569.31
285.9,51.936,545.19,568.48
287.17,51.578,542.72,566.25
287.83,52.752,539.58,563.31
289.5,56.011,535.89,560.41
292.74,59.492,530.13,556.11
293.41,63.812,524.15,552.75
295.38,64.747,520.4,551.05
299.09,63.566,516.06,549.52
303.05,64.529,511.23,546.17
308.18,65.6,505.58,541.5
316.44,68.487,498.62,536.44
322.29,70.677,492.55,531.18
327.28,72.965,486.52,526.89
330.64,72.479,481.52,522.6
330.4,71.887,476.96,519.43
323.45,70.192,474.79,517.57
313.58,67.978,475.62,514.14
301.87,64.228,476.63,509.78
294.14,62.375,477.76,504.43
288.76,61.612,478.9,499.3
323.96,62.817,480.99,500.62
305.52,61.661,483.15,499.96
296,63.342,484.07,496.88
289.14,63.365,483.17,493.26
323.93,64.848,483.92,495.23
306.45,65.044,485.41,494.83
297.23,68.051,485.01,492.3
292.12,71.383,484.26,489.4
326.41,75.357,483.45,490.5
308.9,73.698,483.29,490.4
299.6,75.599,481.42,487.78
292.45,76.758,479.34,485.5
329.41,79.07,478.14,487.21
314.76,78.008,476.43,486
305.97,79.088,473.52,484.16
298.81,81.146,469.79,481.85
338.23,81.832,467.4,483.62
328.19,85.59,465.64,482.46
319.64,89.469,464.76,481.23
313.73,90.285,465.97,481.7
310.18,90.726,470.04,484.31
312.16,84.833,475.46,490.7
313.13,78.987,479.02,496.13
312.7,74.228,483.04,501.26
309.39,72.406,488.16,504.54
308.88,72.695,491.45,505.74
306.53,73.006,494.04,506.47
305.19,74.585,496.15,506.16
301.7,76.041,497.79,505.97
296.9,75.66,497.86,506.59
293.61,75.709,498.61,507.27
291.85,74.99,499.22,508.5
290.19,74.567,499.92,509.54
288.39,74.589,500.17,510.66
286.71,74.652,500.28,512.35
285.76,74.01,500.41,513.62
285.41,71.685,499.79,513.91
285.37,69.559,499.02,514.28
285.08,68.156,497.86,514.51
285.4,68.502,496.6,514.41
286.15,68.873,495.56,514.38
288.45,68.917,494.71,514.55
290.91,70.021,494,514.73
292.71,72.711,493.82,515.46
294.5,74.119,494.21,516.06
295.6,76.076,494.92,515.78
296.87,77.749,495.4,515.34
297.53,79.134,495.07,515.07
297.24,78.839,494.6,514.8
296.96,78.355,494.11,515.07
297.38,78.138,493.72,515.93
301.09,77.496,493.01,516.62
303.7,76.435,493.47,518.25
303.85,73.336,498.3,523.32
303.01,71.464,504.2,527.02
306.92,77.475,510.68,530.55
308.42,85.349,510.47,532.23
300,79.089,520.48,535.36
295.54,78.268,527.79,537.3
281.55,74.799,537.8,542.9
277.05,70.34,544.87,548.66
272.49,68.09,550.84,554.38
270.67,66.726,554.97,559.65
268.91,65.473,557.44,563.31
268,64.029,558.97,566.08
268.52,63.357,559.64,567.97
268.26,63.593,560.02,569.38
267.57,63.656,560.22,570.26
268.09,63.741,560.02,571.25
268.75,64.049,559.88,571.8
269.33,64.471,559.78,572.01
269.4,64.544,559.71,572.09
269.26,64.264,559.7,572.05
269.11,64.379,559.64,571.88
270.02,64.129,559.26,571.42
269.73,65.615,558.9,570.84
268.57,65.107,558.78,570.28
270.4,65.346,558.01,570.46
273.42,64.786,557.44,570.59
275.16,65.594,557.06,569.82
275.32,65.438,556.94,569.24
275.55,66.67,556.8,568.74
276.23,65.769,556.39,568.46
276.31,66.78,556.35,567.71
275.61,67.38,556.21,567.17
276.11,68.233,555.85,566.62
276.53,68.254,555.23,566.56
276.82,67.848,554.78,566.57
277.34,67.981,554.2,566.1
278.16,67.823,553.57,565.66
277.55,67.994,553.31,565.72
278.41,68.609,552.84,565.31
277.94,69.644,552.62,565.01
279.15,69.327,551.89,564.45
279.47,68.189,551.56,564.5
278.69,68.808,551.55,564.46
279.4,68.693,551.04,563.95
279.42,68.719,550.67,563.63
279.35,68.642,550.14,563.57
279.1,68.911,549.86,563.41
279.61,68.646,549.37,563.11
279.51,69.189,549.13,562.97
280.44,69.162,548.5,562.55
279.66,70.181,548.59,562.64
281.23,69.546,547.93,562.38
281.55,69.248,547.64,562.55
281.76,68.963,547.46,562.6
281.4,69.826,547.61,562.71
281.45,69.866,547.46,562.87
281.54,70.183,547.48,562.98
281.2,70.206,547.66,562.82
280.79,70.95,548.08,562.38
281.06,71.521,548.53,561.6
280.85,72.317,549.02,561.23
279.84,73.356,549.9,560.42
279.02,73.46,550.43,559.73
279.74,74.002,550.28,559.43
279.9,74.555,550.59,558.7
279.42,74.665,550.92,557.9
279.8,74.993,551.04,557.35
278.9,75.352,551.23,556.69
278.49,75.378,551.27,556.22
278.65,75.635,551.24,556.03
279.3,75.79,551.24,555.97
278.83,76.068,551.23,555.59
279.09,76.485,551.24,555.43
279.08,76.358,551.34,555.42
279.02,76.164,551.53,555.53
276.74,76.115,551.62,555.58
276.05,76.282,551.34,555.3
278.54,76.808,550.95,555.58
278.11,76.574,550.92,555.57
277.73,76.47,550.81,555.5
276.68,76.376,550.63,555.26
277.11,76.249,550.35,555.36
279.85,76.376,550.11,555.68
282.9,76.153,549.76,556.2
281.69,76.297,550.09,555.9
281.57,76.167,550.38,556.01
280.9,75.887,550.68,556.26
281.19,75.39,550.92,556.69
280.78,74.807,551.1,557.12
280.9,74.074,551.17,557.95
280.84,73.515,551.16,558.52
279.88,72.944,551.43,559.12
279.82,72.389,551.47,559.81
279.2,71.91,551.44,560.64
279.25,71.465,551.32,561.36
279.84,71.148,551.24,561.4
279.25,70.927,551.33,561.85
278.93,70.469,551.42,561.94
278.53,70.492,551.41,562.52
279.13,69.891,551.35,562.72
278.65,70.082,551.4,563.04
278.82,69.915,551.44,563.11
280.9,71.307,549.88,560.9
283.88,73.879,546.56,557.67
286.85,73.564,541.37,553.85
289.37,75.109,536.23,550.45
292.63,76.511,531.22,546.33
295.54,79.037,527.38,543.27
298.25,80.664,522.59,538.63
300.84,83.468,517.8,533.64
304.23,86.591,513.35,528.83
307.45,88.529,509.22,525.39
309.52,91.615,506.4,522.41
311.1,94.349,504.35,519.18
311.83,94.592,502.97,516.99
311.89,94.933,501.98,515.61
312.46,95.446,501.33,514.48
312.81,96.248,500.83,513.46
313.31,96.23,500.27,512.79
313.43,96.675,499.86,512.2
313.51,96.804,499.48,511.85
313.95,96.178,499.06,511.76
313.79,95.93,498.87,511.62
313.98,96.245,498.54,511.3
313.76,97.435,498.24,510.73
314.67,96.935,497.65,510.54
314.59,96.465,497.4,510.5
314.44,97.477,497.13,510.02
314.32,96.821,496.91,510.16
315.18,97.465,496.28,509.57
315.2,96.572,496.01,509.55
315.81,97.977,495.6,508.9
315.78,97.933,495.34,508.9
316.16,97.189,495.04,509.05
316.25,97.592,494.84,508.84
315.86,97.297,494.81,509.03
315.95,97.557,494.57,508.82
316.53,97.018,494.11,508.84
316.49,96.942,493.94,508.72
316.7,97.227,493.8,508.62
315.7,96.797,494.05,508.82
316.35,96.537,493.82,508.68
316.12,96.949,493.91,508.59
315.89,97.336,494.01,508.51
315.49,96.863,494.2,508.8
315.45,96.44,494.48,509.17
314.52,96.719,494.96,509.64
314.82,96.097,495.25,509.98
314.29,95.866,495.74,510.7
314.45,95.707,495.96,511.07
314.61,95.405,496.02,510.62
314.06,95.728,496.18,510.47
314.51,95.971,496.14,510.24
313.85,96.431,496.32,510.04
314.24,96.702,496.28,509.82
314.35,96.167,496.18,509.87
314.48,95.682,496.11,509.93
314.27,96.834,496.29,509.78
314.6,96.345,496.12,509.83
314.9,96.001,496,509.87
314.77,97.195,496.17,509.86
315.3,96.356,496.03,509.9
314.5,96.531,496.29,510.11
314.39,96.047,496.32,510.27
313.98,96.872,496.51,510.17
314.85,96.179,496.29,510.1
314.52,96.908,496.43,510.06
314.41,96.348,496.41,510.27
314.05,97.039,496.57,510.23
314.97,96.215,496.33,510.23
314.51,96.996,496.48,510.2
314.37,96.604,496.48,510.37
314.81,96.585,496.37,510.2
314.67,95.926,496.48,510.36
315.06,95.729,496.44,510.2
314.81,96.297,496.62,510.1
314.55,96.893,496.78,510.03
315.07,96.72,496.64,509.9
314.97,96.179,496.68,510.09
314.79,96.8,496.75,510.06
314.26,96.895,496.85,510.2
314.86,96.671,496.69,510.1
317.48,98.88,494.57,508.05
319.26,98.118,490.8,505.43
321.46,100.21,486.89,501.8
326.91,104.54,480.6,495.92
331.2,107.69,473.01,489.47
336.5,112.15,465.36,482.3
341.21,115.86,457.82,475.5
343.97,118.07,451.69,469.7
348.22,119.78,446.85,464.93
349.5,120.95,443.44,460.77
351.08,122.99,440.82,457.5
352.64,124.62,438.57,455.23
354.06,126.16,436.78,453.4
355.44,127.43,435.47,451.6
356.07,129.03,434.56,449.8
356.07,130.52,434.06,448.07
356.19,130.35,433.56,446.59
356.4,130.76,433.32,445.79
356.6,131.13,433.05,445.12
356.74,131.34,432.81,444.62
356.66,131.75,432.72,444.19
356.85,131.78,432.54,443.95
356.85,132.07,432.45,443.61
357.15,132,432.32,443.39
357.4,132.16,432.27,443.11
357.74,132.48,432.17,442.85
357.57,132.2,432.1,442.85
357.46,131.87,431.98,442.86
358.18,133.01,431.68,442.46
358.01,132.56,431.58,442.53
357.99,132.14,431.39,442.55
358.53,132.74,431.21,442.25
358.85,132.42,430.93,442.2
359.16,131.62,430.57,442.11
359.5,132.55,430.41,441.7
359.26,132.67,430.39,441.53
359.65,133.09,430.07,441.23
358.91,132.06,430.12,441.55
359.5,133.19,429.95,441.16
359.16,132.15,430.05,441.8
358.59,132.49,430.29,442.1
358.4,132.02,430.42,442.63
357.81,131.73,430.73,443.18
358.36,131.58,430.64,443.18
358.53,131.1,430.6,442.96
358.83,132.33,430.58,442.36
358.57,131.36,430.49,442.42
358.33,131.69,430.56,442.23
358.5,132.76,430.58,441.87
