188,58,162,113
191.31,56.012,161.6,113.82
192.57,56.624,161.15,114.54
191.19,58.16,160.61,115.59
191.62,57.993,161.01,116.57
190.5,58.125,161.66,117.17
188.13,57.346,162.17,117.98
187.11,60.264,164.33,117.7
186.28,60.881,166.79,116.85
188.62,63.839,167.8,115.4
188.85,68.013,168.1,113.55
189.23,70.571,168.25,111.75
189.48,73.434,167.9,109.57
191.14,72.723,166.61,108.38
195.77,72.823,164.01,108.37
195.97,72.123,162.53,107.91
199.01,72.393,161.98,107.08
205.18,70.616,161.06,106.71
209.87,69.732,161.43,106.58
215.01,66.528,160.92,107.86
218.74,64.831,160.73,108.88
220.9,63.286,160.82,109.87
223.32,62.822,161.92,109.12
227.83,65.156,162.14,109.02
231.74,67.569,163.71,108.52
232.58,69.12,164.44,107.88
236.19,73.6,163.79,107.65
237.43,77.912,163.55,107.6
233.37,78.159,165.59,105.23
228.47,79.17,166.4,102.98
221.33,76.617,169.06,101.16
224.68,76.608,170.44,100.43
222.29,77.114,168.29,101.35
231.48,74.885,161.93,106.8
236.65,75.342,156.33,110.56
236.91,74.934,151.72,113.97
235.8,72.818,149.97,115.07
235.48,71.127,149.52,115.6
234.6,70.764,148.48,114.56
233.42,72.036,147.67,113.31
232.43,71.957,146.62,112.52
231.28,71.698,144.96,112.16
230.86,70.498,143.86,111.62
235.38,70.591,142.22,111.11
240.6,69.483,140.36,110.5
245.56,70.753,139.09,110.14
248.01,71.309,137.39,109.79
249.21,70.724,135.5,109.09
249.04,70.581,134.27,108.38
249.59,71.447,133.15,108.15
249.32,70.507,131.25,108.6
249.73,69.421,128.98,109.28
250.2,68.389,127.33,110.05
250.49,66.352,126.58,110.55
248.71,65.494,128.18,109.69
248.66,67.142,128.75,109.04
247.9,67.227,130.08,108.97
249.99,70.225,130.15,108.81
253.75,69.985,129.44,108.98
254.13,70.49,129.63,108.6
254.55,71.634,129.87,107.71
256.41,72.054,129.2,106.72
259.59,74.237,128.35,105.39
262.57,73.249,129.19,103.39
267.55,72.392,130.01,101.42
271.11,70.907,130.45,99.792
274.33,69.916,131.38,98.326
274.39,71.465,131.83,97.557
276.47,75.561,131.32,97.117
277.71,77.476,130.8,97.623
279.49,79.217,130.49,97.968
280.53,78.635,130.57,98.574
281.45,78.115,130.74,98.879
282.91,79.406,130.73,100.35
283.74,78.49,131.69,102.87
287.37,78.247,131.18,105.72
287.85,77.303,132.11,107.71
287.86,74.342,132.55,109.45
288.75,69.982,133.49,110.52
293.8,66.16,134.46,111.23
299.73,61.468,134.42,111.23
306.76,60.769,134.41,110.86
310.09,57.674,134.05,109.82
307.52,52.638,135.11,108.82
305.37,44.791,136.15,107.46
303.14,36.289,137.24,106.47
298.63,25.857,137.95,105.97
289.11,15.108,139.75,105.99
280.93,6.4892,139.59,105.87
274.22,4.4273,138.19,104.88
269.39,2.4636,136.75,103.92
266.65,2.9139,135.13,103.61
265.33,4.7268,133.3,103.29
264.28,5.5022,131.78,102.48
262.15,5.9429,130.95,101.23
261.01,6.795,131.44,99.127
257.9,7.4096,132.06,97.263
255.98,8.0079,131.75,95.902
254.65,8.5863,131.53,95.405
252.5,8.7607,131.47,95.319
250.06,8.9596,131.33,95.054
250.05,8.8463,130.86,93.938
247.8,8.3037,131.79,92.752
244.18,9.4063,137.46,89.428
239.83,8.1919,137.34,89.919
236.5,5.7222,136.46,90.373
235.25,5.0701,135.62,91.596
232.64,4.3726,135.28,92.315
231.41,2.6605,134.54,92.765
231.74,2.712,134.54,92.655
232.28,2.1257,134.41,92.113
229.06,3.9701,137.78,90.128
227.15,5.3859,139.71,88.879
225.68,6.4322,141.47,88.294
228.18,6.2333,140.63,88.31
231.3,7.7916,138.28,89.149
232.28,6.0919,136.71,89.948
231.52,5.8412,136.06,90.535
234.7,4.9929,134.06,90.969
238.04,4.5231,133.38,92.044
239.66,3.8533,132.56,91.984
240.12,3.7637,133.06,91.657
239.73,2.582,134.32,90.95
238.41,2.1065,135.33,90.225
236.18,2.7536,135.91,89.327
235.61,2.0606,136.55,88.474
233.71,2.4099,137.71,87.538
233.35,1.8643,138.75,86.688
234.24,2.1624,138.9,85.658
234.72,3.4437,138.41,84.788
233.35,3.6177,137.41,84.143
231.1,5.8982,136.84,84.356
230.9,7.0791,136.94,84.941
229.88,6.6015,136.8,85.053
228.8,6.4905,136.16,85.071
227.25,6.1807,136.52,85.111
228.65,5.9759,136.71,84.8
232.1,5.799,137.78,83.449
236.12,5.4323,138.98,82.66
239.06,5.4597,140.54,81.643
242.46,6.9495,142.01,82.326
250.42,6.3446,143.49,83.127
254.77,4.3716,142.82,83.762
260.51,3.6153,142.79,84.286
262.99,3.6964,142.94,84.7
264.17,4.0709,145.42,84.93
267.13,5.5862,145.8,84.76
271.75,5.6323,145.87,84.528
279.93,7.2473,145.47,85.678
284.83,8.1657,145.01,88.091
287.01,8.5088,143.65,89.817
287.35,7.2558,141.91,89.551
304.21,6.2935,137.23,90.93
300.23,8.2384,135.99,89.782
316.43,3.76,129.86,91.916
333,4.6848,126.99,93.393
342.19,7.0597,125.34,93.367
349.28,8.1686,122.63,93.9
362.56,6.2604,117.95,95.3
364.77,6.6733,115.03,95.049
365.36,6.473,112.95,93.589
366.1,6.2565,111.3,91.728
368.35,3.6969,109.35,90.132
371.94,3.2792,106.54,89.948
374.95,3.7492,103.97,90.268
386.25,2.0689,99.146,91.204
388.1,1.9505,94.871,90.953
390.54,1.1724,90.996,90.372
392.49,0.67785,87.531,89.355
407.08,2.9935,81.219,90.602
410.73,3.8572,75.801,92.248
412.79,3.5522,71.615,93.553
414.3,-1.9307,68.57,92.052
416.29,0.83313,66.351,90.504
417.72,2.8175,64.269,89.63
412.74,3.5419,65.803,86.201
408.1,4.8315,68.032,83.506
404.45,16.822,70.519,81.07
403.25,32.383,72.613,78.401
401.38,55.531,73.266,77.689
398.7,68.497,74.599,76.05
395.42,78.407,75.745,73.775
392.79,79.727,76.181,71.869
389.75,81.777,76.507,70.282
387.92,84.062,76.68,69.505
384.94,84.97,76.756,69.261
416.88,70.847,70.825,75.98
419.78,68.604,65.773,80.873
422.66,65.878,61.761,85.51
423.91,67.601,58.681,87.711
424.73,69.84,56.566,88.939
425.68,71.864,54.842,89.917
426.86,72.033,53.679,90.497
427.76,72.533,52.572,91.238
424.35,70.198,52.938,91.127
416.62,78.363,56.66,87.765
414.01,97.98,60.834,81.416
416.63,90.031,63.505,77.641
412.24,90.3,66.212,74.518
409.14,90.172,68.4,72.144
406.85,90.868,70.682,69.96
410.4,92.818,71.08,69.375
407.51,93.847,71.926,68.372
405.23,95.716,72.686,67.341
403.33,97.359,73.158,66.432
410.17,90.925,72.33,66.901
407.51,92.148,72.19,66.425
420.02,101.98,67.111,70.659
422.91,100.82,62.406,74.943
424.54,99.239,58.989,77.763
424.55,89.855,56.793,79.809
418.37,75.245,59.099,77.024
428.85,81.745,54.927,82.015
430.34,78.812,51.612,86.518
431.43,75.867,48.986,89.367
431.77,65.234,47.232,91.804
429.61,65.373,47.356,92.034
428.39,74.859,48.184,90.716
427.38,67.421,48.947,89.352
426.21,68.743,49.694,87.436
430.49,78.065,49.233,87.674
429.23,77.267,49.136,87.339
429.54,59.37,49.191,86.665
416.45,44.366,54.222,80.312
417.45,37.812,57.767,75.87
415.79,28.478,59.027,74.357
411.68,20.802,61.305,72.817
406.46,22.101,64.613,70.01
408.68,22.431,65.9,69.135
404.69,33.88,66.979,68.971
400.35,52.734,68.39,67.426
397.2,55.848,69.168,67.161
393.78,58.76,70.1,67.086
392.74,60.781,70.521,67.242
372.92,63.626,70.988,66.754
361.59,64.885,71.585,65.941
359.58,66.196,71.921,65.122
366.54,59.605,71.679,65.225
363.8,69.126,71.682,64.872
361.18,70.836,71.678,64.483
360.42,73.873,72.187,63.496
360.83,76.019,72.402,62.984
361.16,78.409,72.631,62.18
366.71,80.03,72.81,61.314
366.34,82.404,73.117,60.485
369.74,86.507,74.501,58.088
370.37,89.048,74.144,57.485
376.08,91.839,73.56,56.975
377.71,100.94,73.095,56.371
385.4,109.11,72.817,56.219
389.14,112.47,74.277,53.917
424.11,99.173,67.203,60.7
434.24,93.082,59.152,69.462
436.16,97.025,52.563,76.666
437.14,97.292,47.17,82.712
438.09,104.53,43.449,86.965
438.51,112.21,41.044,89.348
438.95,111.66,39.656,92.134
436.95,122.79,40.918,91.131
434.25,133.06,42.659,88.827
432.16,142.53,43.812,86.932
429.93,143.96,44.348,86.307
426.24,151.63,46.475,84.255
430.81,150.48,46.703,83.597
427.57,150.39,47.206,83.19
423.37,151.97,48.447,82.152
420.98,152.37,49.475,81.262
426.01,151.8,49.713,81.376
422.06,159.26,50.851,80.431
427.24,157.18,50.772,80.584
425.44,156.38,50.782,80.751
422.21,164.26,51.556,80.247
419.55,170.02,52.888,78.898
425.55,168.19,52.693,78.927
429.43,166.52,51.998,79.579
427.96,170.08,51.617,79.845
431.82,167.58,50.401,80.698
429.01,166.67,50.038,80.926
427.4,172.5,50.055,80.811
431.49,170.9,49.706,81.26
428.48,175.64,49.743,81.132
427.13,173.99,49.752,81.133
426.88,172.66,49.717,81.316
426.35,171.84,49.651,81.544
430.3,176.7,49.6,81.632
427.31,175.25,49.604,81.71
425.99,174.36,49.571,81.844
425.7,173.51,49.559,81.953
425.21,172.13,49.571,82.082
430.01,171.73,49.516,82.387
427.49,170.72,49.504,82.449
426.3,169.71,49.496,82.543
425.7,168.51,49.486,82.626
431.61,167.88,49.323,83.043
430.09,166.7,48.954,83.618
429.99,160.21,48.739,83.856
429.72,160.96,48.621,84.013
429.46,161.51,48.491,84.244
436.52,166.66,46.882,86.236
436.49,170.05,45.467,88.213
436.83,165.74,44.428,89.572
437.64,162.15,43.603,90.618
438.58,165.83,42.775,91.673
439.16,168.45,41.491,93.314
438.64,172.87,41.051,93.899
437.42,176.63,40.74,94.311
434.44,181.27,41.484,92.945
432.5,185.21,42.19,91.465
436.58,181.62,42.394,90.599
433.43,185.67,43.05,88.702
431.57,189.97,43.575,87.138
435.78,185.93,43.584,86.713
432.89,190.5,43.792,86.072
431.29,194.4,43.969,85.677
436.12,190.43,43.977,85.567
433.18,194.53,44.06,85.287
431.52,191.79,44.115,85.187
436.47,188.85,44.127,85.13
434.28,186.95,44.218,85.088
432.92,185.14,44.257,85.059
431.23,183.19,44.323,84.998
435.78,181.7,44.397,84.647
433.36,181.08,44.6,84.315
432.17,180.46,44.947,83.911
436.6,179.76,44.906,83.741
434.25,178.68,45.025,83.497
432.87,177.21,45.1,83.414
431.9,176.69,45.3,83.216
435.67,176.01,45.252,83.186
433.47,175.57,45.345,83.077
431.92,174.74,45.411,83.042
436.77,173.22,45.387,83.051
434.3,171.91,45.421,83.057
432.43,171.3,45.45,83.071
431.52,171.14,45.474,83.081
430.92,171.27,45.531,83.053
428.5,164,45.94,82.621
427.26,156.63,46.346,82.19
433.43,157.69,46.291,82.259
431.68,158.5,46.275,82.225
430.72,159.15,46.294,82.195
427.34,159.73,47.048,81.423
425.66,151.49,47.371,81.101
423.56,152.12,47.569,80.897
422.16,151.79,47.676,80.795
436.41,125.56,46.894,81.424
436.07,117.01,46.374,82.237
437.25,109.57,44.655,84.791
437.83,108.49,43.49,86.698
437.46,108.45,43.316,87.116
437.78,107.39,42.394,88.669
436.78,107.1,42.453,89.186
436.14,106.83,42.692,89.449
435.31,106.33,42.791,89.279
433.54,106.34,42.938,89.021
432.76,105.47,43.227,88.748
432.32,97.96,43.444,88.595
432.06,99.01,43.631,88.627
431.57,100.95,44.096,88.173
430.69,103.51,44.722,87.689
429.49,105.82,45.259,87.066
427.56,108.24,45.763,86.477
426.89,110,45.955,86.243
426.47,104.85,46.922,85.214
426.52,106.82,47.469,84.594
433.04,175.8,47.022,83.457
432.39,177.95,46.436,81.911
432.39,179.01,46.151,80.838
441.27,179.32,43.004,82.345
439.04,182.43,42.178,80.815
437.4,184.39,41.992,79.084
436.48,192.71,41.978,77.423
441.71,195.02,41.017,76.044
440.69,197.74,40.286,74.564
440.18,200.27,39.961,72.694
440.6,202.34,39.187,71.362
448.07,201.93,35.876,73.393
448.26,206.41,34.392,73.938
448.8,205.34,33.133,74.08
449.54,205.11,32.1,73.867
450.1,205.78,30.913,73.654
450.48,206.24,30.072,72.69
448.9,208.42,30.91,70.023
446.29,210.69,32.307,67.771
438.08,206.56,36.101,63.359
436.26,203.63,39.068,59.524
435.59,206.38,41.033,56.844
442.44,207.87,39.038,57.814
444.37,209.25,37.633,58.272
444.09,210.02,36.726,58.478
443.47,210.45,36.313,58.315
443.63,211.41,35.936,57.996
444.79,211.9,35.329,57.709
446.92,212.03,34.426,57.727
447.67,207.21,33.194,57.648
449.1,207.6,32.148,57.679
450.05,208.42,31.338,57.394
450.27,209.6,30.916,56.955
450.23,210.58,30.615,56.049
450.01,211.66,30.419,54.906
449.87,211.5,30.07,54.363
450.68,211.42,29.972,53.731
450.86,210.99,29.634,53.333
450.87,210.98,29.249,52.703
451.51,206.37,29.052,52.388
451.62,206.36,28.507,52.241
451.97,202.11,28.186,51.993
452.21,202.97,27.845,51.777
451.61,203.83,27.589,51.402
452.25,204.47,27.557,51.138
451.67,205.39,27.34,50.985
452.43,206.92,27.364,50.769
453.05,207.36,27.086,50.759
452.91,203.11,26.864,50.537
452.94,203.77,26.644,50.314
453.22,204.23,26.478,50.169
452.33,200.74,26.577,49.894
452.16,202.6,26.75,49.422
452.2,209.42,26.891,48.707
452.58,221.52,27.094,47.203
452.65,223.02,27.101,46.004
452.94,224.69,26.976,45.163
453.46,225.92,26.762,44.378
453.95,226.62,26.567,43.49
454.23,222.74,26.169,43.061
459.33,216.22,24.157,44.749
458.46,216.37,23.87,44.006
457.92,216.51,23.764,43.445
457.79,216.43,23.488,42.91
457.98,216.67,23.218,42.497
457.59,217.53,22.918,41.969
457.66,218.38,22.709,41.487
457.79,218.32,22.453,41.052
457.76,226.68,22.417,40.598
452.64,227.69,22.98,39.912
449.77,232.25,23.786,39.091
448.25,232.62,24.12,38.766
447.14,232.89,24.787,38.119
446.33,233.07,25.348,37.575
445.34,229.55,26.042,36.92
444.32,226.04,26.624,36.375
443.69,226.53,27.382,35.692
443.03,226.85,28.042,35.126
445.21,227.26,28.826,34.412
443.97,227.46,29.241,34.035
442.86,227.6,29.694,33.639
442.52,228.19,30.153,33.228
444.81,228.74,30.752,32.635
448.04,225.11,30.998,32.313
447.26,225.35,31.156,32.106
445.29,225.79,31.638,31.594
444.18,226.28,32.032,31.186
442.72,226.85,32.94,30.384
441.83,227.29,33.644,29.752
440.79,227.66,34.254,29.205
439.39,224.42,35.162,28.389
441.22,224.84,35.791,27.84
439.58,221.22,36.267,27.374
438.35,221.68,36.912,26.812
437.66,222.02,37.337,26.455
440,222.57,37.732,26.038
438.74,223.04,38.145,25.63
437.98,223.39,38.432,25.344
437.18,223.77,38.719,25.073
436.52,224.2,39.058,24.784
438.86,224.58,39.455,24.43
437.83,224.9,39.746,24.167
437.14,225.09,40.062,23.912
436.47,225.41,40.292,23.749
435.88,225.67,40.492,23.6
435.62,225.85,40.686,23.499
435.67,226,40.843,23.408
435.44,226.19,40.975,23.323
438.11,226.53,41.128,23.236
437.34,226.61,41.208,23.178
436.82,222.76,41.387,23.032
436.16,222.91,41.567,22.906
438.49,223.15,41.676,22.806
437.31,223.38,41.785,22.687
439.34,223.58,41.811,22.582
438.18,223.7,41.898,22.498
440.09,223.78,41.886,22.424
438.5,223.78,41.993,22.322
440.36,223.88,41.973,22.224
438.99,224.06,42.035,22.134
437.77,224.08,42.095,22.062
436.77,224.2,42.168,21.998
436.1,224.28,42.274,21.916
438.57,224.41,42.3,21.847
437.62,224.45,42.328,21.805
439.66,224.68,42.263,21.75
438.52,224.81,42.263,21.705
440.24,224.94,42.154,21.662
439.18,225.03,42.168,21.595
440.65,225.16,42.048,21.544
439.48,225.34,42.009,21.495
441.29,225.59,41.898,21.492
439.77,225.8,41.887,21.487
441.98,229.76,41.79,21.488
443.94,229.56,41.627,21.466
442.46,229.49,41.508,21.456
441.54,229.42,41.47,21.448
443.26,229.44,41.359,21.454
441.48,229.43,41.305,21.465
443.01,229.37,41.199,21.456
441.37,229.36,41.141,21.451
442.92,229.38,41.061,21.452
441.2,229.37,40.998,21.448
444.27,228.75,40.521,21.826
443.95,228.27,40.351,21.952
443.5,227.85,40.191,22.085
442.98,227.63,40.083,22.17
441.03,227.72,40.087,22.162
439.54,227.95,40.093,22.155
438.23,228.13,40.105,22.145
437.13,228.27,40.121,22.131
436.2,228.57,40.139,22.118
435.49,228.81,40.155,22.106
434.67,229.11,40.166,22.098
432.96,232.87,40.29,22.011
431.3,232.86,40.367,21.959
429.77,232.78,40.454,21.907
429,232.93,40.526,21.868
428.22,233.01,40.588,21.83
428.17,233.3,40.664,21.786
427.54,233.43,40.78,21.712
427.11,233.66,40.861,21.657
426.79,233.77,40.956,21.596
425.47,233.87,41.094,21.515
424.82,233.98,41.175,21.458
423.9,234.13,41.258,21.386
423.43,237.62,41.377,21.239
422.46,237.4,41.623,21.069
421.63,237.03,41.555,21.055
421.14,236.66,41.474,21.04
420.17,236.31,41.419,21.025
419.34,235.99,41.351,20.995
418.86,235.85,41.313,20.973
413.41,235.53,41.224,20.971
412.15,235.32,41.083,20.966
410.87,235.11,40.922,20.961
406.88,234.88,40.669,20.9
411.06,234.05,40.195,21.204
411.36,233.85,40.096,21.189
407.38,233.79,39.917,21.156
407.42,233.68,39.83,21.119
407.59,233.48,39.762,21.081
400.43,233.93,40.383,20.756
396.93,234.31,41.166,20.491
397.21,234.72,41.882,20.255
401.68,238.72,42.446,20.09
405.96,238.99,42.826,19.968
406.92,239.38,43.111,19.858
406.98,239.69,43.362,19.797
403.34,239.7,43.599,19.723
403.55,239.72,43.825,19.663
399.64,239.56,44.109,19.562
396.45,239.64,44.416,19.482
392.56,240,44.516,19.455
389.53,239.92,44.518,19.54
386.19,239.97,44.51,19.63
382.15,244.16,44.744,19.577
382.19,243.6,44.794,19.702
382.46,243.68,45.023,19.678
382.3,243.64,45.234,19.646
382.25,243.54,45.488,19.624
382.71,243.59,45.707,19.611
382.54,247.58,45.845,19.601
382.99,247.16,45.879,19.711
380.05,246.56,45.857,19.832
381.84,246.39,45.86,19.883
383.28,249.87,45.899,19.977
384.72,249.57,45.926,20.03
385.2,248.98,45.959,20.158
384.9,249.01,46.054,20.145
384.98,248.59,46.09,20.221
384.56,248.15,46.085,20.296
383.76,247.77,46.091,20.342
379.42,247.92,46.326,20.319
379.87,251.85,46.466,20.295
381.11,251.54,46.481,20.357
382.22,251.04,46.491,20.415
382.58,250.67,46.475,20.556
386.77,250.42,46.525,20.678
387,249.88,46.57,20.753
387.33,249.48,46.638,20.824
387.02,249.49,46.766,20.801
386.47,249.52,46.937,20.773
386.59,249.36,47.006,20.879
386.35,248.96,47.066,20.981
386.84,248.75,47.16,21.165
387.25,248.58,47.262,21.315
387.79,248.36,47.325,21.379
393.1,248.28,47.325,21.449
394.2,247.74,47.364,21.536
395.64,247.28,47.394,21.58
396.8,246.78,47.41,21.694
397.64,245.91,47.472,21.846
398.8,241.29,47.493,21.97
395.32,241.09,47.578,22.107
395.86,240.73,47.629,22.237
396.18,240.62,47.719,22.318
395.92,240.05,47.766,22.378
396.06,239.69,47.863,22.441
396.8,239.34,47.915,22.517
402.26,202.02,44.418,25.69
402.6,200.67,42.164,27.824
402.7,199.36,40.376,29.605
406.78,198.4,38.758,31.283
406.18,197.82,37.671,32.451
405.42,197.31,36.965,33.473
409.29,197.42,35.996,34.516
413.51,201.55,35.183,34.915
412.74,200.67,34.472,35.438
411.7,199.83,34.101,35.703
410.73,199.41,33.883,35.871
409.73,194.9,33.625,36.331
409.06,194.59,33.422,36.302
407.83,194.18,33.345,36.514
407.12,193.26,33.366,36.539
411.37,192.3,33.082,36.682
411.2,191.56,32.956,36.851
410.02,190.98,33.043,36.788
409.3,189.48,33.174,36.566
404.14,184.53,33.559,36.8
403.44,183.57,33.811,36.856
402.48,183.25,34.063,36.703
402.07,182.52,34.434,36.795
405.26,182.17,34.36,37.028
404.51,181.87,34.234,37.262
403.3,181.71,34.151,37.276
397.92,181.33,34.361,37.212
393.1,181.44,34.251,37.154
387.15,177.58,34.525,37.235
385.55,177.74,34.654,37.224
384.37,177.58,34.603,37.219
383.47,177.79,34.428,37.093
381.96,173.87,34.558,37.243
385.13,174.5,34.604,37.407
387.9,174.99,34.696,37.528
385.97,174.6,35.177,37.502
388.97,174.18,35.307,37.481
387.24,174.23,35.76,37.63
390.24,174.55,35.757,37.714
388.78,174.45,35.792,37.703
387.21,174.05,35.947,37.635
385.49,173.8,36.185,37.676
389.27,173.66,35.999,37.812
388.26,173.67,35.803,37.912
386.83,173.61,35.571,37.866
380.38,169.43,35.622,37.925
383.89,173.69,35.447,37.891
382.72,173.53,35.577,37.887
386.15,173.8,35.717,37.979
394.25,174.44,35.491,37.849
397.68,175.58,35.25,37.983
400.96,175.55,35.498,37.896
408.68,176.18,35.324,37.983
411.76,176.13,35.187,38.024
415.08,176.05,34.801,38.144
418.7,175.96,34.663,38.015
418.15,175.98,34.37,37.807
422.52,175.87,34.186,37.675
426.77,176.3,33.823,37.422
431.23,176.45,33.655,37.184
436.15,176.67,33.353,36.852
445.88,177.15,33.172,36.818
447.17,177.42,32.98,36.817
452.79,175.14,30.407,38.73
454.13,173.38,28.331,40.294
455.1,172.04,26.982,41.451
454.39,170.85,26.456,41.895
451.9,175.3,27.117,41.193
450.12,174.87,27.378,40.932
448.2,171.27,28.047,40.397
447.58,171.9,28.606,39.877
447.31,172.62,29.384,39.186
449.81,173.83,29.794,38.626
453.66,174.16,28.699,39.387
453.68,174.91,27.986,39.829
453.84,178.85,27.159,40.581
458.81,181.17,24.708,43.177
458.95,180.17,24.107,43.789
459,181.3,23.953,43.958
457.25,145.87,23.897,43.32
456.19,144.39,24.015,43.041
455.65,143.83,24.315,42.642
455.14,144.23,24.674,42.112
452.57,142.06,26.411,40.712
450.64,144.14,27.875,39.403
449.31,145.92,28.962,38.444
447.96,150.05,30.11,37.906
446.3,146.89,31.129,37.58
444.81,147.59,32.265,37.235
443.52,151.15,33.194,36.84
437.74,146.25,34.208,36.584
436.33,146.34,34.932,36.352
435.04,142.5,35.566,36.169
428.79,146.05,36.078,35.764
422.8,144.76,36.55,35.162
417.67,143.76,36.797,34.608
417.53,142.89,36.637,34.361
416.86,142.18,36.354,33.906
415.1,140.68,36.292,33.62
414.4,139.53,35.942,33.367
414.17,138.68,35.698,33.208
413.29,138.36,35.347,32.826
404.12,137.58,34.844,32.463
384.79,137.94,36.207,30.699
382.77,138.46,37.667,28.958
381.51,139.01,38.518,27.886
384.74,143.62,39.201,26.992
381.57,152.23,39.541,26.341
381.14,155.19,38.873,26.894
380.54,162.62,38.21,27.6
372.28,169.97,37.751,28.078
364.37,173.86,37.047,29.124
360.44,178.38,36.235,30.173
360.64,179.33,35.548,31.388
356.89,179.58,35.157,32.571
361.15,184.1,34.973,33.08
361.49,184.29,34.925,33.58
361.71,185.15,35.001,34.081
366.35,185.85,35.002,34.403
366.43,186.17,35.134,34.636
370.57,186.58,35.167,34.838
370.54,187.05,35.106,35.052
370.05,187.26,35.199,35.405
369.52,187.87,35.3,35.706
364.84,187.57,35.595,35.944
364.14,183.7,35.833,36.15
363.91,184.01,36.004,36.378
363.42,184.39,36.167,36.629
363.24,184.51,36.255,36.841
362.94,185.07,36.393,37.115
363.24,185.51,36.497,37.383
367.72,190.75,36.705,37.575
372.35,195.93,36.913,37.707
367.73,205.65,37.419,37.776
368.65,215.25,37.847,37.826
374.06,228.71,38.594,37.898
374.72,238.11,39.38,38.085
375.14,247.4,40.389,38.105
375.3,255.83,41.052,38.307
375.66,260.12,41.465,38.573
376.53,263.72,42.048,38.617
377.26,262.44,42.374,38.698
377.51,256.8,42.657,38.968
372.87,256.25,42.921,39.193
372.99,255.2,43.191,39.391
368.4,253.62,43.39,39.46
368.53,247.11,43.663,39.82
363.54,246.02,43.908,39.903
358.62,251.3,44.864,39.052
358.66,250.94,45.96,38.086
358.58,250.68,46.939,37.269
353.54,250.57,48.039,36.415
353.82,250.62,48.99,35.699
360.39,249.33,48.69,36.276
361.09,254.27,49.304,35.824
367.24,259.2,49.827,35.407
372.99,264.09,50.284,35.017
373.33,263.86,50.81,34.639
368.33,263.54,51.295,34.361
368.57,263.43,51.776,34.105
368.82,263.39,52.291,33.818
369.07,262.96,52.67,33.522
369.57,262.38,52.972,33.336
365.08,256.69,53.421,33.117
365.54,256.28,53.811,32.92
366.15,255.9,54.192,32.745
366.82,255.56,54.508,32.592
367.22,255.21,54.702,32.498
367.45,254.57,54.855,32.416
368.65,252.38,54.319,33.112
363.76,252.04,54.614,33.012
364.34,251.8,54.901,32.946
359.32,251.55,55.173,32.897
359.79,251.36,55.382,32.816
360.01,251.07,55.537,32.773
355.25,250.65,55.763,32.708
350.37,250.39,56.061,32.606
351.37,249.97,56.321,32.584
351.8,249.46,56.588,32.583
352.43,248.93,56.762,32.592
353,248.27,56.991,32.585
354.05,247.87,57.143,32.595
354.98,247.5,57.268,32.61
355.47,247.04,57.462,32.662
360.84,246.45,57.673,32.667
360.99,245.85,57.897,32.719
361.82,245.15,58.151,32.726
362.34,244.66,58.312,32.764
361.88,249.06,58.924,32.557
361.3,247.57,59.339,32.509
367.8,233.97,57.961,34.835
368,232.16,56.92,36.944
373.83,230.3,55.726,39.244
374.31,228.6,54.65,41.629
373.94,225.94,53.575,43.617
373.1,219.25,52.803,45.735
372.52,218.41,52.821,47.373
372.62,217.01,53.579,48.451
378.79,216.07,54.042,49.658
378.42,214.46,55.056,50.213
383.23,207.1,55.09,51.019
380.79,200.07,55.641,51.521
372.05,192.59,57.362,51.919
363.9,185.76,58.969,51.869
376.35,192.17,59.927,53.091
381.96,191.71,60.215,53.929
380.2,190.35,60.535,54.949
378.33,188.21,61.043,55.554
376.8,185.96,62.111,55.792
375.41,183.82,63.256,56.055
373.9,181.27,64.446,56.429
372.57,180.02,65.572,56.922
371.03,179.3,66.594,57.694
369.18,179.45,67.211,58.594
366.97,180.24,67.698,59.491
364.22,181.04,68.7,60.301
363.38,187.28,69.217,60.611
361.55,185.7,69.626,61.052
359.31,184.58,70.248,61.492
357.18,183.41,71.135,61.865
354.98,183.46,72.075,62.611
361.16,183.86,72.273,63.125
359.27,183.01,72.389,63.842
357.75,182.48,72.384,64.459
355.64,175.64,72.067,65.274
353.54,175.65,72.336,65.835
351.48,175.79,73.383,65.972
348.76,175.02,75.125,65.907
354.46,174.74,76.375,65.92
361.82,175.52,76.678,65.894
347.45,185.27,79.804,64.002
377.02,142.04,80.444,64.473
393.4,146.02,79.283,65.026
397.56,151.2,78.078,65.604
396.92,156.03,77.556,64.882
388.45,153.82,77.646,64.285
377.26,149.49,77.733,63.847
367.48,137.95,77.672,63.839
360.58,124.15,77.941,64.501
352.83,109.66,78.422,65.909
339.22,100.56,78.528,67.201
335.69,85.786,78.344,68.319
340.25,81.398,78.316,69.025
342.88,86.354,78.462,69.926
344.92,91.393,78.826,70.752
343.79,97.293,79.806,71.191
335.19,96.746,80.566,71.246
334.01,102.35,81.663,71.251
336.18,101.27,82.335,71.274
339.51,105.46,83.127,71.346
341.9,103.46,83.493,71.333
343.25,102.72,83.55,71.395
339.52,101.8,84.088,71.312
331.16,98.592,84.189,71.467
327.77,95.991,84.118,71.827
325.43,93.071,84.039,72.233
316.21,89.312,84.337,72.471
302.23,85.672,84.97,72.538
282.16,84.818,84.864,72.302
267.53,83.11,84.655,72.218
261.95,87.157,84.749,72.384
247.12,83.988,84.786,72.606
242.7,80.306,84.551,73.066
244.66,81.164,84.06,73.432
317.66,163.6,87.445,71.162
298.62,165.3,93.862,68.172
290.05,167.38,98.489,66.17
288.27,175.81,97.761,68.195
275.81,173.88,97.468,69.748
277.43,173.89,95.249,71.891
274.25,178.07,94.362,72.26
273.13,187.83,93.816,72.999
271.23,190.25,93.688,73.787
277.65,202.55,97.346,72.383
269.26,203.79,96.284,73.475
280.81,212.99,96.441,74.553
269.51,215.75,95.369,76.407
270.59,216.21,94.762,77.714
282.88,214.9,94.068,78.95
292.16,205.61,93.862,80.128
298.31,205.91,94.872,81.125
286.56,207.77,93.767,82.341
284.95,210.48,93.636,83.035
281.23,211.61,92.98,83.434
276.74,190.66,93.273,84.898
270.22,169.41,97.835,80.768
266.54,161.4,102.07,76.736
266.65,161.47,104.65,73.781
274.78,161.26,106.78,72.173
274.04,160.87,109.21,71.006
273.85,160.81,111.21,70.399
284.8,159.65,110.21,73.131
285.63,159.22,109.66,75.677
295.85,156.94,109.72,77.661
296.05,153.03,110.38,79.566
306.97,137.45,110.93,81.461
314.08,114,114.6,80.33
326.29,98.336,115.11,82.277
327.13,81.761,116.27,83.986
325.89,60.312,120.2,81.556
348.55,52.503,122.62,79.48
359.22,53.336,123.11,78.463
369.17,38.863,120.6,80.52
367.33,28.78,118.84,81.756
365.44,29.863,118.08,82.488
350.36,18.845,119.18,81.654
327.92,-3.8975,125.1,77.534
332.68,-0.76744,130.92,72.797
323.25,0.7009,136.75,69.128
325.67,2.0684,141.93,65.898
319.22,3.8194,144.79,64.165
322.35,5.6245,147.13,62.191
330.38,8.2903,145.82,62.281
333.54,9.7981,143.63,62.898
333.4,10.301,141.3,63.228
333.88,10.959,138.76,63.137
350.97,40.215,134.54,66.341
367.07,53.171,127.01,72.741
371.84,51.8,121.45,77.538
376.28,52.03,117.07,80.866
379.25,43.503,113.84,82.42
381.3,46.663,111.14,83.519
383.42,48.15,108.51,84.449
385.01,58.343,106.31,85.337
396.73,44.336,100,89.428
399.73,52.792,94.22,92.357
401.57,50.19,89.727,94.379
404.06,46.705,85.654,95.948
405.66,45.134,82.571,97.141
407.44,52.541,79.682,97.6
408.72,52.017,76.896,98.313
408.89,52.554,75.062,98.438
408.77,54.272,73.239,98.476
409.41,63.917,71.557,98.176
410.08,63.872,70.049,97.798
409.64,64.149,68.556,97.482
410.05,64.791,67.207,97.307
410.12,65.268,65.805,96.978
408.31,66.352,66.437,95.487
417.08,66.938,65.455,95.494
406.49,69.536,66.36,93.436
405.66,70.976,67.459,91.336
415.44,70.413,65.758,92.04
410.66,71.522,66.793,90.622
408.39,71.906,67.674,89.492
406.82,72.45,68.406,88.483
405.78,64.041,68.923,87.333
405.21,64.844,69.466,86.02
404.76,66.044,70.267,84.177
404.65,67.131,70.793,82.57
404.86,67.999,71.117,80.697
410.96,68.617,71.086,79.392
408.98,68.854,71.201,78.288
407.85,71.239,71.221,76.77
408.09,72.021,71.084,76.077
407.56,72.677,70.838,74.985
407.05,73.179,70.587,74.332
406.08,73.782,70.432,73.402
405.72,75.057,70.117,72.447
406.25,76.345,69.768,71.259
406.89,77.079,69.31,70.188
409.12,71.469,68.4,68.911
410.45,73.818,67.343,67.544
410.87,75.544,66.539,66.489
410.56,76.183,66.051,65.708
409.93,76.33,65.807,65.107
409.64,70.313,65.469,64.745
408.65,71.016,65.173,64.289
407.2,71.573,64.985,63.701
398.96,73.476,64.769,62.475
391.4,75.35,64.572,61.277
389.54,76.653,65.092,60.145
396.8,70.908,65.231,58.978
396.16,80.128,65.386,58.448
411.6,79.91,64.892,58.548
418,80.144,63.893,59.043
416.14,88.703,63.991,58.625
416.44,89.569,64.486,58.298
417.21,97.29,64.548,57.821
418.12,98.106,63.894,57.726
417.89,98.887,63.29,57.435
423.49,99.668,61.832,57.237
422.35,93.19,61.02,57.023
422.2,93.705,60.465,56.537
422.24,94.646,60.144,56.138
428.36,88.042,58.507,56.076
427.9,87.567,56.946,56.118
427.88,89.102,55.918,55.474
432.75,83.628,54.074,54.836
431.34,83.994,52.984,54.334
430.98,84.385,52.136,53.613
430.35,85.943,51.557,53.291
435.03,81.937,50.721,52.49
433.53,83.721,50.695,51.724
431.83,79.983,50.737,50.862
430.62,88.693,50.922,50.342
429.42,83.973,51.244,49.718
422.67,104.79,52.46,48.508
428.16,105.66,52.93,48.1
426.79,106.13,53.771,47.896
431.06,104.35,53.567,47.844
430.54,96.674,53.206,47.922
437.6,93.12,49.769,50.429
431.57,92.431,50.097,49.954
431,91.972,50.424,49.536
431.22,91.98,50.93,49.255
430.65,91.474,51.347,49.477
431.11,91.374,51.425,49.517
437.75,90.063,48.568,51.995
438.96,89.415,45.826,53.683
439.95,89.49,44.313,54.72
441.43,89.528,42.706,55.927
442.38,96.566,41.324,56.87
442.74,97.299,40.399,57.324
443.55,92.506,39.555,57.672
443.75,93.17,38.961,57.88
443.5,89.473,38.42,58.031
443.21,91.586,38.196,58.081
442.83,93.929,38.115,58.085
447.24,94.461,37.678,58.259
446.53,89.05,36.955,58.251
446.11,93.581,36.209,58.238
445.43,92.906,35.831,57.853
438.28,87.422,37.032,56.524
437,87.582,39.064,54.532
435.87,87.567,40.425,53.318
435.01,87.37,41.333,52.451
439.35,81.088,41.969,51.809
438.35,81.133,42.361,51.39
436.61,87.128,42.922,50.94
438.46,105.1,43.452,49.7
436.39,106.03,44.531,48.881
442.92,105.11,41.923,50.506
443.75,105.04,40.152,51.316
444.96,109.23,38.407,52.224
446.08,113.37,37.177,52.708
442.44,118.17,38.267,51.172
435.04,106.29,39.53,49.715
438.67,106.03,40.563,48.42
436.72,106.12,41.917,46.947
435.88,105.82,42.598,45.678
440.02,105.82,42.275,44.983
438.89,110.75,41.988,44.575
437.75,111.2,42.378,44.072
440.3,111.75,42.276,43.898
439.17,112.69,42.295,43.523
438.46,113.27,42.449,43.039
444.49,119.04,40.97,44.005
445.09,119.03,39.637,44.868
443.56,114.32,39.515,44.392
448,119.45,38.133,45.257
447.81,124.9,36.815,46.139
448.06,129.83,35.207,46.983
448.34,134.55,33.994,47.516
451.26,133.56,33.048,47.832
449.56,137.83,32.354,48.111
448.37,132.97,31.877,48.169
448.16,132.52,31.508,48.02
446.13,128.5,32.915,46.22
446.18,128.9,32.194,47.065
443.25,123.99,33.842,45.501
441.24,109.43,35.246,43.482
434.49,109.75,36.343,41.833
429.34,105.56,37.248,40.304
428.75,106.26,37.882,39.238
429.31,112.28,37.667,40.04
430.74,117.74,38.372,40.093
435.41,113.5,39.218,40.075
439.28,108.87,39.687,40.129
442.49,104.11,39.62,40.296
447.56,102.95,38.376,41.385
443.49,103.13,38.384,41.374
440.78,102.26,38.41,41.358
408.85,147.22,39.686,41.001
401.02,141.72,40.09,39.732
394.32,138.15,40.767,38.763
393.28,137.68,41.075,37.671
396.94,132.35,41.307,36.918
400.68,126.25,41.735,36.328
392.49,121.89,45.196,33.935
390.8,123.27,47.348,32.168
391.37,124.91,48.363,30.892
391.7,125.2,47.549,31.724
392.69,131.74,48.778,30.595
398.75,133.3,49.618,29.81
399.77,133.77,50.31,29.196
399.65,134.02,50.984,28.773
399.39,134.29,51.021,28.682
398.87,133.55,51.089,28.434
394.3,133.28,51.019,28.077
395.86,133.3,50.534,27.795
396.3,133.18,50.234,27.567
398.59,133.7,49.605,27.311
401.07,133.8,48.953,27.049
403.54,133.51,48.734,26.778
405.78,133.12,48.504,26.716
407.44,132.7,48.3,26.563
409.21,132.25,48.112,26.414
409.9,132.21,47.917,26.445
410.67,132.64,47.539,26.654
410.68,133.03,47.295,26.792
407.39,133.98,47.22,26.865
407.93,133.51,45.676,28.53
402.05,135.17,46.317,28.261
399.85,135.34,47.077,27.97
390.98,135.74,47.031,27.495
390.93,136.63,47.509,27.043
393.47,138.2,47.709,26.575
396.14,138.89,47.848,26.454
398.13,139.03,48.229,26.442
399,139.97,47.881,26.535
398.77,141.21,48.061,26.909
397.48,142.03,48.177,27.152
396.67,142.35,48.421,27.321
390.92,142.59,48.474,27.464
385.14,143.12,48.435,27.649
385.28,143.91,48.441,27.737
384.99,144.96,48.406,27.957
385.64,146.3,48.187,27.648
391.56,148.24,48.074,27.313
397.26,154.01,47.902,27.039
402.28,155.83,48.86,26.722
402.29,157.06,49.087,26.639
401.93,158.33,49.098,26.573
408.26,164.47,49.713,26.321
419.86,166.1,50.388,26.242
439.11,169.79,47.721,27.912
438.51,174.79,47.366,28.066
437.7,169.18,47.172,28.203
437.79,168.29,47.041,28.312
437.75,172.66,46.509,28.767
437.62,177.91,46.13,29.085
441.86,178.22,44.72,30.349
441.12,179.08,44.647,30.386
439.98,184.01,43.88,30.836
431.6,189.19,42.331,31.826
441.36,194.55,40.511,32.534
441.16,199.61,39.612,32.846
430.86,189.15,38.943,32.802
430.45,179.54,38.229,32.629
443.96,175.03,37.839,32.522
448.64,170.64,37.126,33.094
448.38,170.44,37.005,33.215
447.36,166.04,36.901,33.261
452.06,174.4,34.274,35.059
452.96,173.63,31.919,36.931
454.62,172.91,29.41,39.024
456.41,172.67,26.886,41.85
450.71,178.27,28.137,39.522
448.91,179.38,29.387,37.439
442.95,188.54,30.261,36.583
441.2,188.99,30.331,36.513
441.8,184.9,30.839,36.038
441.7,184.03,30.899,35.961
437.49,188.93,31.534,35.326
439.46,224.43,32.69,33.946
442.87,220.75,33.9,32.837
440.09,217.88,36.223,30.497
426.57,204.63,36.118,30.443
426.4,187.7,37.227,29.419
433.84,175.12,39.529,28.181
442.99,168.96,38.747,28.94
446.25,158.56,37.634,29.722
445.92,144.91,36.768,30.086
444.24,135.8,36.001,29.881
441.84,132.22,35.416,29.756
443.46,132.76,36.183,28.672
446.56,128.5,35.792,28.988
437.46,125.06,36.517,28.233
437.42,125.22,37.11,27.635
411.6,100.36,35.761,28.488
410.32,94.844,35.135,28.47
410.34,89.048,35.147,28.618
418.43,83.823,35.028,28.802
421.38,84.18,37.382,27.435
424.94,82.713,36.961,28.1
424.54,80.213,36.411,28.345
424.86,77.604,35.941,28.654
424.57,75.681,35.579,28.79
424.45,73.483,35.243,28.891
424.24,70.902,35.468,28.919
424.59,69.29,35.529,29.265
425.14,68.347,35.47,29.558
424.78,66.795,35.535,29.728
423.04,64.512,34.96,29.9
418.32,63.055,34.954,30.007
417.4,61.458,34.553,30.259
415.55,60.481,34.152,30.481
410.4,59.539,34.397,30.352
409.14,58.311,34.423,30.383
407.9,58.361,34.725,30.501
406.38,57.858,35.024,30.312
401.46,56.933,35.121,30.37
401.97,57.371,34.869,30.741
400.58,61.169,35.216,30.584
399.41,60.672,35.027,30.706
399.49,64.609,34.517,31.092
398.74,64.533,34.361,31.225
399.22,65.631,34.703,31.657
399.38,67.05,35.328,31.734
402.93,67.896,35.769,32.112
402.75,68.081,36.876,32.38
402.07,67.362,38.393,32.439
404.75,65.871,38.928,32.801
403.79,64.091,39.228,33.137
406.35,63.186,39.821,33.344
409.6,61.941,40.24,33.514
412.59,62.55,42.802,32.225
416.14,61.85,45.226,31.307
399.41,58.088,45.928,30.391
404.83,58.956,46.835,29.226
410.75,60.294,47.601,28.23
417.44,60.918,47.493,27.613
419.12,61.308,48.035,27.22
420.13,65.427,48.164,26.991
420.79,66.406,48.4,27.127
421.16,71.193,48.535,27.051
429.52,71.924,48.658,27.199
426.61,76.226,49.174,27.21
414.88,76.746,49.612,27.193
408.54,76.671,50.199,26.99
402,76.534,50.714,26.915
396.06,76.944,51.196,26.893
394.33,76.514,50.816,27.017
394.47,75.471,50.812,26.848
396.08,69.914,48.545,28.621
395.86,68.963,47.222,30.153
395.86,68.349,45.977,31.388
390.22,72.942,46.747,30.802
394.11,69.068,47.423,30.34
388.39,69.885,47.318,29.533
387.97,70.922,47.568,28.628
387.93,71.891,48.871,27.893
397.46,72.676,49.523,27.592
402.81,77.064,49.661,27.214
408.68,76.487,49.863,27.109
426.18,76.091,50.406,27.473
423.39,80.417,50.874,27.527
424.61,80.683,51.565,27.921
412.73,80.181,51.988,28.302
405.67,80.4,52.873,28.461
398.17,79.942,53.175,28.729
396.5,79.133,54.148,28.631
394.09,78.702,56.776,27.907
399.1,77.877,56.339,28.504
397.25,76.04,55.852,29.057
396.85,74.345,55.634,29.374
394.39,72.862,54.998,29.664
394.7,69.687,52.248,31.411
394.3,67.878,50.064,32.818
391.81,66.042,48.674,33.553
384.59,64.57,47.958,34.164
382.17,64.35,48.923,33.384
380.07,65.08,49.853,32.761
365.82,65.143,51.727,31.902
362.9,65.114,53.028,31.427
365.98,65.342,54.046,31.075
369.55,64.955,54.002,30.474
367.39,64.577,54.284,29.862
366.33,63.812,54.389,29.579
349.07,59.46,54.14,29.36
348.21,60.406,53.752,29.137
342.69,61.921,53.742,28.576
341.82,63.012,53.364,28.258
341.59,62.764,53.365,27.937
344.79,58.278,53.323,27.884
353.01,58.408,53.651,27.975
361.48,58.083,54.676,27.926
350.61,52.568,53.471,29.259
360.59,58.116,53.687,29.114
348.52,58.512,53.679,29.063
351.83,59.79,53.889,28.882
351.03,60.07,54.138,28.572
350.98,60.289,54.46,28.498
350.98,60.059,54.626,28.436
355.81,60.143,55.004,28.376
354.91,60.778,55.478,28.344
364.31,61.048,55.982,28.486
386.1,61.953,56.571,28.581
385.91,63.208,56.967,28.488
385.16,64.191,57.498,28.492
390.4,65.139,57.276,28.556
391.35,65.817,56.725,28.713
385.46,66.748,56.902,28.891
384.36,66.935,57.652,29.052
383.83,66.785,57.82,29.091
376.69,68.233,57.877,29.123
376.24,69.067,58.205,29.01
370.42,69.883,58.502,28.87
399.73,62.228,55.874,31.138
394.92,60.423,53.465,33.371
390.11,56.28,54.487,32.481
380.06,56.33,53.719,33.218
364.05,56.169,52.579,34.064
352.34,49.359,52.02,34.379
362.91,31.175,50.946,35.023
351.44,31.522,51.593,34.309
351.38,27.291,51.994,33.654
345.62,28.151,52.539,33.344
346.6,33.481,52.929,33.012
352.44,26.993,51.271,34.281
351.01,26.904,51.103,34.415
350.4,26.809,51.043,34.477
361.5,37.636,50.35,34.929
360.83,32.672,49.861,35.567
355.37,37.707,49.007,36.495
343.6,32.236,48.276,37.303
332.09,33.372,47.809,37.842
326.78,27.917,47.667,37.943
320.64,28.171,47.558,38.003
321.59,28.907,47.523,38.051
322.17,35.256,47.432,38.118
322.57,35.601,47.502,38.028
322.16,36.111,47.63,37.892
322.66,42.407,47.557,38.13
295.84,42.736,46.374,38.876
297.09,43.751,46.276,38.969
298.07,44.87,46.112,39.17
298.38,45.773,45.891,39.433
298.2,46.226,45.878,39.466
297.95,46.245,45.875,39.473
298.37,46.896,45.862,39.489
299.95,47.457,45.837,39.499
317.21,48.285,46.97,38.233
317.07,53.519,47.946,37.281
317.12,52.901,47.69,37.448
316.95,49.079,47.198,37.914
316.99,50.025,47.004,38.068
317.89,50.504,47.229,37.82
317.35,51.181,47.202,37.869
317.47,52.869,47.025,38.057
315.89,52.654,47.193,37.925
316.82,52.672,47.129,37.977
329.28,58.718,46.953,38.245
330.57,59.113,47.058,38.146
331.42,59.792,47.346,37.795
331.52,60.459,47.558,37.57
331.61,65.784,48.18,37.035
331.93,66.072,48.948,36.509
337.3,66.973,49.381,36.087
337.92,67.614,49.882,35.726
333.15,68.461,50.5,35.289
333.75,69.121,50.643,35.227
333.51,69.457,50.808,35.123
333.78,69.834,50.609,35.33
334.38,69.69,50.528,35.436
357.56,35.734,49.007,36.905
353.52,28.922,47.216,38.534
361.09,27.217,44.222,41.631
368.25,26.682,41.818,43.921
373.45,32.714,42.147,43.771
379.05,32.765,42.29,43.792
379.04,32.915,42.401,43.818
378.23,33.122,42.421,43.815
377.84,33.522,42.428,43.819
377.9,34.261,42.177,44.107
377.86,34.892,42.176,44.103
377.72,36.604,42.028,44.292
372.2,42.615,41.154,45.208
372.19,42.891,40.5,45.893
366.44,43.265,40.207,46.177
320.06,72.117,40.877,44.521
315.35,73.763,41.435,42.982
320.25,74.444,41.914,41.958
320.21,75.638,41.824,41.27
324.27,81.926,41.687,40.926
319.28,82.929,41.552,40.64
314.21,83.908,41.571,40.269
319.5,84.51,41.594,40.392
319.13,90.368,41.589,40.419
319.16,90.821,41.538,40.48
318.76,91.954,41.442,40.603
313.61,93.132,41.313,40.656
308.46,99.078,41.303,40.745
308.29,104.48,41.478,40.786
303.67,104.25,41.458,40.944
304.05,104.65,41.492,40.986
303.25,105.37,41.532,40.963
297.63,107.01,41.733,40.806
297.49,114.56,41.873,40.63
290.56,116.3,42.813,39.486
279.88,128.2,43.685,38.399
286.05,134.58,43.676,38.394
291.57,140.6,43.637,38.434
290.87,147.37,43.603,38.491
295.94,154.24,43.562,38.557
289.62,160.37,43.537,38.612
288.22,165.92,43.529,38.725
287.18,166.15,43.534,38.788
286.63,167.45,43.533,38.798
285.48,169.08,43.533,38.804
285.63,169.71,43.524,38.814
285.75,170.4,43.519,38.821
286.09,170.61,43.512,38.829
242.93,187.55,43,39.039
242.42,189.69,42.645,38.916
242.52,190.15,42.415,38.886
242.63,191.08,42.216,38.783
241.98,191.6,41.95,38.811
248.35,191.5,41.69,38.745
248.17,191.12,41.627,38.856
253.77,190.87,41.336,39.202
253.33,187.91,41.25,39.28
257.7,188.83,40.782,39.477
257.81,189.61,40.613,39.615
262.9,190.2,40.458,39.575
268.3,190.22,40.351,39.519
268.28,190.3,40.193,39.457
267.75,190.4,40.123,39.362
262.65,190.93,40.092,39.325
257.61,196.14,40.04,39.281
257.51,195.58,40.037,39.273
252.51,195.16,39.892,39.265
253.43,195.06,39.737,39.276
253.13,194.56,39.541,39.071
253.04,194.69,39.259,38.936
252.94,194.22,39.045,38.915
253.15,189.37,38.855,38.975
257.24,190.42,38.58,38.975
262.4,190.68,38.455,38.924
262.44,191.09,38.368,38.93
262.73,191.49,38.269,38.954
263.01,192.05,38.265,38.901
258.86,192.42,38.16,38.957
259,192.66,38.114,38.982
259.4,193.52,38.09,38.995
259.45,198.08,38.084,38.974
264.38,192.36,38.179,38.876
264.14,191.51,38.338,38.703
264.08,190.71,38.65,38.382
263.48,190.63,39.14,37.936
263.57,190.17,39.389,37.672
263.64,190.43,39.474,37.597
263.34,190.89,39.673,37.416
262.44,191.4,39.669,37.411
261.59,196.45,39.661,37.379
260.23,201,40.058,36.912
253.42,200.69,40.067,36.876
252.25,199.3,40.062,36.867
249.44,199.25,40.145,36.797
241.02,199.57,40.279,36.668
221.12,189.21,40.668,36.459
220.75,188.85,40.849,36.48
219.92,183.83,41.222,36.534
219.59,184.25,41.494,36.688
219.55,184.4,41.826,36.752
214.87,184.59,42.124,36.931
215.28,184.05,42.68,37.11
215.83,183.43,43.097,37.402
217.01,182.48,43.273,37.615
218.05,182.28,43.222,38.001
218.7,183.04,43.416,38.278
219.84,187.84,43.559,38.377
219.84,187.88,43.873,38.583
215.35,187.47,44.598,38.771
215.85,188.22,45.153,38.961
215.98,188.61,45.325,39.171
215.82,188.84,45.432,39.461
214.76,188.65,45.823,39.66
214.44,184.08,45.991,39.833
209.14,190.78,48.122,38.546
202.08,185.67,50.24,37.595
212.58,180.28,49.683,38.828
211.04,180.04,49.683,39.283
210.6,180.69,49.461,39.937
210.15,191.7,49.199,40.421
204.57,191.65,48.864,40.898
197.42,190.71,48.787,41.433
196.33,183.12,48.52,41.963
194.22,181.55,48.295,42.377
192.24,180.02,48.178,42.802
190.55,173.26,48.132,43.081
190.2,160.74,48.059,43.647
177.48,148.13,48.456,43.909
152.38,135.89,48.863,44.399
138.97,117.96,48.925,44.5
131.98,105.73,48.971,44.463
131.52,100.77,48.689,44.633
125.37,100.34,48.23,45.248
125.58,94.744,48.185,45.424
125.93,100.26,48.243,45.641
132.71,101.86,48.377,45.794
152.45,96.272,48.49,45.666
164.41,97.967,47.899,44.601
171.2,99.638,47.844,43.379
170.51,107.08,51.001,40.422
176.14,113.92,53.523,38.273
186.52,121.05,54.937,36.958
185.2,127.57,56.546,35.788
188.32,134.1,57.769,34.878
191.76,135.5,59.049,33.74
196.16,142.92,59.227,33.519
200.67,149.79,59.343,33.384
194.08,151.77,59.617,33.187
188.5,153.19,58.597,34.228
188.93,164.67,57.201,35.703
189.01,164.9,56.813,36.043
189.79,165.1,55.833,36.867
189.48,160.6,55.13,37.559
190.08,162.34,54.726,38.214
196.83,164.96,54.628,38.351
202.66,166.27,54.294,38.855
208.64,167.33,53.995,39.298
214.58,161.71,53.782,39.51
213.77,156.05,54.378,38.761
212.51,150.47,54.593,38.314
210.67,150.19,54.821,37.84
208.87,149.28,55.171,37.407
208.14,148.38,55.601,36.97
207.95,147.25,55.905,36.734
213.91,146.66,56.271,36.095
201.46,146.1,56.617,35.756
200.31,146.06,56.851,35.45
194.13,145.75,57.16,35.417
193.94,145.95,57.113,35.383
194.54,145.2,56.716,35.777
194.75,145.8,56.75,35.758
215.64,145.85,56.004,36.542
216.5,146.27,56.617,36.18
213.35,145.84,55.847,37.098
209.09,141,54.996,37.634
205.95,141.78,54.649,37.895
209.14,142.18,54.434,38.024
211.35,142.58,54.503,37.793
212.85,143.16,54.592,37.64
211.72,142.72,54.459,37.73
211.19,137.03,54.069,38.105
212.02,130.87,53.643,38.46
219.52,131.19,53.086,38.817
220.31,131.48,52.724,39.086
225.9,138.04,52.547,39.221
225.35,144.29,52.388,39.308
229.09,150,52.256,39.455
228.21,149.61,52.179,39.589
229.44,149.26,51.932,39.762
231.65,149.56,51.76,39.911
233.95,147.76,51.564,39.99
235.6,146.34,51.406,40.04
237.59,144.62,51.311,40.076
244.64,139.09,51.137,40.104
255.25,145.57,51.954,39.411
252.96,146.52,53.58,38.2
247.35,147.12,54.186,37.731
243.67,147.89,54.673,37.128
244.85,148.7,55.485,36.437
247.92,155.11,56.793,35.348
244.11,156.25,57.924,34.301
241.28,157.06,58.176,34.109
242.95,158.44,58.654,33.829
240.4,163.9,58.866,33.695
237.66,163.59,59.341,33.426
231.81,158.23,60.084,33.147
233.38,158.21,60.375,33.116
232.98,153.48,60.745,33.014
227.84,152.68,59.431,34.604
227.56,151.6,57.907,36.276
222.74,151.21,56.515,37.465
222.44,151.2,55.481,38.637
223.31,155.34,54.593,39.832
230.42,154.67,53.901,40.905
237.25,154.33,53.503,41.712
243.43,155.12,53.435,42.378
249.06,160.95,53.425,42.577
254.27,162.09,53.808,42.684
258.58,169.31,56.099,40.781
259.4,169.43,55.669,41.528
264.08,171.43,58.083,39.663
264.88,173.39,59.938,38.469
271.18,174.42,60.174,37.956
266.16,174.87,60.524,37.672
268.01,174.7,60.589,37.632
268.33,176.11,60.554,37.667
267.75,176.92,60.721,37.553
221.33,214.57,60.804,36.786
230.67,213.52,58.392,39.055
232.69,206.19,56.007,40.226
230.99,205.3,54.804,41.119
232.55,197.23,53.32,42.159
233.27,189.35,52.476,42.395
228.65,181.5,52.079,42.01
222.14,179.2,51.58,41.625
215.27,171.69,50.642,41.343
208.57,169.43,49.98,41.048
202.62,168.88,48.628,40.922
204.2,168.6,47.226,40.415
205.34,167.89,46.43,39.756
205.25,161.93,45.699,39.544
200.5,160.89,45.498,39.266
195.17,160.46,45.252,38.932
188.62,160.13,46.077,37.857
183.34,159.02,45.896,37.556
177.96,157.82,45.542,37.159
172.34,157.17,45.368,36.748
165.47,152.16,46.225,35.273
159.17,150.69,45.862,35.117
153.78,144.49,45.438,34.905
148.89,144.25,44.823,34.76
148.9,143.23,44.337,34.636
148.97,141.79,43.502,34.622
144.73,140.63,42.672,34.452
144.67,139.4,41.991,34.179
144.43,138.4,41.163,34.354
150.08,132.71,41.044,34.242
157.28,128.67,42.869,32.745
162.87,132.48,42.379,33.019
169.3,132.16,42.022,33.21
173.32,128.48,43.536,31.856
172.59,132.52,43.068,31.857
168.16,136.24,42.433,32.219
163.91,135.98,42.05,32.586
163.58,139.8,41.391,32.833
158.33,144.32,40.943,32.822
148.4,138.74,40.815,32.727
142.21,133.16,40.729,32.463
133.67,132.45,40.35,32.533
134.48,131.82,40.142,32.56
135.64,131.04,39.94,32.446
139.98,131.14,41.126,31.265
140.23,130.89,42.009,30.498
141.4,131.28,42.702,29.729
141.66,131.82,43.4,29.126
143.16,132.56,43.824,28.464
143.8,133.35,44.213,27.916
145.29,133.88,44.543,27.382
146.53,133.87,44.636,27.066
151.4,133.92,45.115,26.79
156.01,134.01,45.531,26.515
156.32,130.56,45.872,26.128
157,130.6,45.966,26.053
165.48,134.47,44.019,27.493
165.73,133.7,42.559,28.555
168.67,133.16,41.604,29.236
171.94,132.09,40.237,30.064
171.8,130.9,39.424,30.478
175.39,129.34,38.593,30.971
175.48,128.25,38.179,30.999
178.11,127.11,37.629,31.331
177.28,122.05,37.195,31.733
176.14,122.4,37.269,31.62
179.14,122.54,36.915,31.748
178.3,122.87,37.122,31.695
181.63,123.28,37.221,31.677
184.51,123.58,37.174,31.839
182.91,124.08,37.125,31.876
181.9,124.28,36.824,32.121
180.61,124.68,36.739,32.22
183.17,128.52,36.518,32.46
178.26,129.21,36.507,32.383
177.08,133.53,36.428,32.301
175.88,137.82,36.314,32.192
170.97,138.48,36.228,31.894
165.09,143.06,36.014,31.649
159.37,143.57,35.816,31.497
153.87,147.74,35.874,31.174
152.16,148.26,35.683,31.096
151.19,148.54,35.859,31.113
150.83,152.67,35.959,30.89
150.68,156.25,35.815,30.805
150.51,159.56,35.685,30.606
155.61,158.44,35.536,30.51
160.3,157.68,35.421,30.336
160.26,160.78,35.323,30.411
172.35,153.33,35.097,30.661
168.66,160.98,35.271,30.662
171.51,153.14,35.789,30.198
170.46,157.78,37.038,29.26
170.86,164.83,37.006,29.563
171.78,164.36,37.076,29.739
172.95,163.93,37.143,29.923
173.73,166.94,37.149,30.126
178.29,165.61,36.979,30.199
178.72,164.42,37.063,30.079
179.14,167.64,36.981,30.057
179.24,166.34,36.978,29.95
179.43,165.22,37.121,29.857
179.89,161.79,38.441,28.698
180.3,162.11,39.51,27.774
180.28,162.65,40.093,26.982
182.22,162.86,40.296,26.57
181.04,163.33,40.345,26.317
180.76,164.19,40.807,26.226
184.58,163.53,39.644,26.871
182.87,163.39,39.616,26.527
181.46,163.93,39.754,26.062
181.26,164.63,39.915,25.806
183.37,164.99,39.715,25.544
181.78,165.54,39.596,25.292
181.9,165.46,38.396,25.829
181.37,165.43,37.597,26.207
184.21,165.51,36.486,26.674
179.33,165.77,37.105,26.009
182.96,166.36,36.352,26.401
185.6,166.37,35.592,26.45
185.67,166.48,35.074,26.527
185.56,166.25,34.715,26.471
181.61,166.7,35.528,25.686
182.24,165.75,35.17,25.862
180.51,162.78,35.655,25.231
178.86,163.11,36.291,24.666
178.31,163.12,36.699,24.208
180.91,160.34,37.192,23.887
182.76,160.88,37.467,23.564
184.47,161.2,37.506,23.394
183.93,161.74,37.804,23.243
183.74,162.28,38.049,23.107
183.07,162.63,38.369,22.988
182.59,162.78,38.551,22.954
182.64,162.76,38.802,22.872
189.66,159.47,37.696,24.064
184.72,160.6,38.58,23.681
184.76,161.25,39.117,23.477
188.11,161.81,39.209,23.435
187.67,161.77,39.174,23.394
187.18,162.32,39.29,23.354
187.01,162.56,39.374,23.503
187.36,163.06,39.465,23.602
187.21,162.88,39.394,23.8
188.1,162.87,39.177,23.676
188.96,162.67,38.154,24.211
189.54,162.78,38.085,23.882
190.02,162.61,37.267,24.445
188.96,162.22,36.744,24.903
186.9,162.2,37.429,24.62
184.17,162.87,37.727,24.321
182.28,162.96,37.876,24.117
181.02,162.45,37.115,24.778
178.45,162.87,37.446,24.554
176.08,162.72,37.901,24.37
179.07,159.08,36.929,25.272
177.6,159.66,36.436,25.73
175.59,159.76,36.001,26.179
174.61,160.28,35.706,26.558
171.88,160.8,36.94,25.831
170.29,161.43,37.966,25.258
173.46,161.43,37.417,25.671
171.72,161.82,38.154,25.33
172.15,164.71,37.378,25.728
174.57,161.32,37.037,26.182
172.78,161.45,36.553,26.49
171.27,161.29,36.303,26.678
170.46,161.52,36.067,26.824
172.18,161.43,35.732,27.122
174.68,157.93,35.585,27.717
173.45,158.46,35.647,27.817
175.85,158.47,35.255,28.197
174.75,159.42,35.204,28.037
176.48,160.02,34.761,28.08
173.6,160.86,35.045,27.909
170.64,161.27,35.367,27.754
169.3,161.63,35.441,27.47
167.58,161.75,35.768,27.318
167.14,162.19,35.74,27.239
168.57,162.62,35.556,27.287
167.51,162.9,35.709,27.166
166.48,162.34,35.872,27.075
164.02,162.47,37.051,26.325
166.22,162.25,36.855,26.511
165.94,162.01,36.65,26.603
168.88,162.02,36.316,26.903
168.52,162.47,36.429,26.973
168.46,162.84,36.416,27.116
168.2,163.33,36.551,27.327
167.42,163.65,36.539,27.558
165.45,163.33,36.686,27.612
163.78,163.61,36.689,27.611
162.71,163.61,36.657,27.707
161.64,164.21,36.879,27.675
161.5,164.34,37.004,27.738
161.07,164.3,37.103,27.829
161.25,164.35,37.029,27.929
161.46,164.81,36.982,27.867
161.47,165.12,37.016,27.817
162.11,164.82,36.82,27.824
161.38,165.23,36.9,27.848
163.74,165.73,36.715,27.925
163.33,166.14,36.774,27.933
165.57,166.59,36.472,27.982
165.04,169.81,36.147,28.134
167.27,169.59,35.701,28.185
166.28,169.38,35.351,28.123
166.4,169.68,35.398,27.794
168.4,169.28,35.477,27.602
167.35,169.36,35.83,27.335
166.95,172.58,35.771,27.461
166.36,171.96,35.751,27.363
166.81,171.58,35.749,27.237
169.93,170.84,35.63,27.254
170.28,171.04,35.62,27.215
172.48,171.01,35.533,27.22
170.9,170.75,35.278,27.193
168.9,170.51,35.458,27.104
168.48,170.29,35.23,27.002
168.37,170.38,35.157,26.855
167.94,170.33,35.235,26.79
168.27,173.26,34.983,26.972
168.56,172.58,34.87,26.983
169.32,171.79,34.738,27.049
173.09,171.14,34.485,26.905
173.02,170.96,34.712,26.691
173.5,171.04,34.738,26.533
174.07,171.12,34.603,26.445
173.26,171.15,35.351,25.608
175.4,171.98,36.015,24.988
175.37,174.67,35.188,25.304
175.49,173.93,34.715,25.318
177.59,173.17,34.301,25.432
177.74,173,34.113,25.538
179.85,172.44,33.869,25.543
179.31,172.49,33.672,25.501
179.44,172.32,33.36,25.306
179.18,172.6,33.076,25.185
178.72,172.19,32.914,25.307
179.04,171.94,32.853,25.191
179.6,172.07,32.303,25.176
182.52,171.92,31.826,25.254
182.17,172.29,31.623,25.142
182.52,172.28,31.577,25
182.78,172.22,31.609,24.935
182.9,172.16,31.563,24.815
184.84,172.25,31.373,24.872
184.19,172.34,31.014,24.67
186.13,172.69,30.763,24.699
185.23,172.73,30.824,24.598
181,170.39,31.949,23.676
180.58,171.17,32.44,23.185
186.22,171.48,31.945,23.62
185.4,174.89,31.455,23.737
187.5,171.96,31.159,23.963
183.37,172.28,30.956,23.963
183.13,172.35,30.758,23.936
183.33,175.11,30.428,23.866
182.45,174.73,30.176,23.716
181.81,174.48,29.958,23.723
177.94,172.02,30.876,23.015
177.96,173.09,31.656,22.462
182.3,173.22,31.078,22.684
181.54,173.88,31.508,22.251
183.92,174.17,31.007,22.666
183.64,174.05,30.633,22.988
183.57,174.1,30.285,23.194
183.05,174.35,30.255,23.331
183.12,174.6,30.188,23.462
183.11,174.69,30.046,23.625
182.84,174.89,29.948,23.628
182.65,174.96,29.923,23.616
182.43,174.77,29.955,23.582
183.31,174.77,29.804,23.627
183.61,174.72,29.762,23.642
184.03,174.98,29.887,23.672
184.05,175.28,29.973,23.713
183.49,175.6,30.016,23.753
183.62,176.1,29.941,23.858
183.12,176.4,29.977,23.884
182.63,176.6,29.987,23.915
182.93,176.97,30.015,23.989
183.19,177.47,30.056,24.057
183.25,177.42,29.889,24.21
182.91,177.24,29.883,24.193
182.95,177.17,29.756,24.124
183.4,177.01,29.771,24.001
183.18,177.03,29.684,24.068
182.86,177.14,29.679,24.082
182.57,177.5,29.728,24.048
181.67,178.23,29.793,24.118
181.26,178.78,29.766,24.044
177.67,179.26,30.778,23.183
180.63,179.56,30.536,23.334
180.98,182.04,30.415,23.302
181.15,181.54,30.401,23.26
181.15,181.03,30.393,23.21
180.61,180.5,30.483,23.185
179.77,180.24,30.486,23.162
179.01,180.72,30.647,23.313
178.2,180.87,30.742,23.373
177.42,180.8,30.9,23.503
177.31,180.54,30.874,23.608
177.03,180.88,31.202,23.742
175.95,181.3,32.382,23.194
179.29,181.46,32.121,23.432
178.44,181.87,32.815,22.932
177.51,182.27,33.459,22.504
177.14,182.51,33.951,22.218
176.85,183.02,34.544,22.051
177.13,183.37,35.132,21.834
180.83,185.84,34.511,22.365
180.18,182.46,34.965,22.228
179.79,183.12,35.599,22.149
179.56,183.41,35.795,22.225
182.59,182.97,34.931,23.136
185.43,179.13,34.202,24.186
184.86,179.64,33.669,24.901
184.39,180.12,33.311,25.434
183.85,180.42,33.07,25.788
183.26,180.9,32.928,26.061
185.6,181.37,32.751,26.405
185.13,178.14,32.538,26.763
184.16,178.85,32.581,27.093
182.81,179.56,32.531,27.345
181.14,180.13,32.583,27.307
179.75,180.88,32.804,27.228
178.36,181.64,33.032,27.094
177.96,182.14,33.076,26.923
180.77,182.35,32.621,27.083
179.29,182.82,32.558,27.045
181.88,179.83,32.309,27.384
180.29,180.33,32.093,27.66
179.08,181.05,32.143,27.582
177.74,181.63,32.329,27.379
176.46,181.88,32.357,27.165
172.36,182.49,33.445,26.117
172.18,182.97,34.326,25.202
175.91,185.93,33.967,25.313
176.05,185.3,33.675,25.327
176.47,188.14,33.309,25.437
176.19,187.4,33.19,25.357
174.83,184.1,33.922,24.646
177.44,184.52,33.51,24.929
176.9,187.44,33.159,24.997
177.16,186.79,32.753,25.021
177.1,186.33,32.436,25.07
177.26,186.09,32.236,24.9
176.52,186.13,32.119,24.979
175.37,185.97,31.928,24.891
174.91,186.1,31.716,24.857
174.98,188.78,31.394,24.802
177.55,188.54,31.276,24.734
176.52,188.59,31.254,24.596
176.04,188.73,31.199,24.57
175.42,188.45,31.113,24.441
174.8,188.47,31.116,24.384
174.39,188.31,31.195,24.42
174.12,188.25,31.127,24.537
173.23,188.58,31.215,24.41
173.19,188.66,31.185,24.295
173.28,189.04,31.243,24.158
173.5,189.39,31.279,24.204
173,190.19,32.428,23.445
175.83,190.53,32.126,23.806
176,193.37,31.854,23.954
175.97,192.38,31.537,24.091
175.85,191.97,31.283,24.111
171.8,189.73,32.556,23.356
171.33,190.44,33.528,22.795
175.23,193.24,32.923,23.156
175.66,195.69,32.221,23.439
175.76,194.75,31.716,23.708
176.16,194.34,31.255,24.023
175.72,191.24,31.062,24.25
174.77,191.54,31.121,24.334
174.39,191.4,30.881,24.344
174.06,193.94,30.623,24.33
174.38,193.37,30.393,24.23
174.6,195.76,30.068,24.173
175.03,195,29.782,24.244
175.04,194.5,29.575,24.081
173.87,193.92,29.492,23.892
170.72,193.68,29.277,23.74
170.8,193.66,29.243,23.616
170.56,193.58,29.084,23.405
170.38,193.77,28.939,23.307
169.62,194.3,28.995,23.192
168.69,194.22,29.065,22.976
167.84,194.64,29.142,22.882
167.39,194.09,29.101,22.717
166.66,193.8,28.895,22.411
163.67,193.68,28.745,22.305
163.39,193.55,28.745,22.192
161.91,191.03,29.683,21.622
161.1,191.47,30.347,21.307
161.12,192.01,30.162,21.612
161.33,194.62,29.69,21.749
161.22,194.04,29.472,21.848
160.64,193.44,29.27,21.965
160.24,193.22,29.044,22.1
159.92,192.65,28.998,22.146
159.55,192.8,29.071,22.181
156.08,190.25,29.912,21.61
156.28,190.78,30.525,21.1
158.35,191.81,31.153,20.752
160.33,192.32,31.625,20.537
157.12,192.47,32.083,20.318
157.1,192.72,32.343,20.184
156.82,192.94,32.569,20.069
156.92,193.32,32.934,19.928
157.12,193.89,33.161,19.781
157.4,193.97,33.291,19.709
158.33,194.44,33.696,19.567
161.4,194.78,33.927,19.629
164.78,197.42,33.046,20.181
164.92,200.25,32.343,20.725
165.03,203.22,31.338,21.418
165.09,202.78,30.589,21.862
168.12,202.45,29.883,22.119
167.74,202.14,29.337,22.263
167.79,201.98,28.8,22.343
167.77,201.91,28.307,22.312
167.37,201.29,28.046,22.365
166.67,204.18,27.894,22.189
165.99,203.96,27.738,22.032
165.28,203.49,27.578,22.032
163.65,207.27,28.299,21.067
162.53,207.63,28.772,20.353
161.59,211.02,29.336,19.576
160.81,211,29.722,19.067
160.33,207.98,30.019,18.614
163.25,204.71,30.172,18.421
162.78,198.6,30.643,18.087
169.16,198.93,31.642,17.318
173.16,195.92,31.996,16.92
173.59,195.6,32.066,16.81
172.74,195.54,32.126,16.788
171.5,195.46,32.156,16.772
169.8,195.64,32.196,16.743
167.64,195.84,32.209,16.734
152.08,178.93,31.185,17.744
149.54,175.8,30.178,18.697
142.89,176.08,29.583,19.413
139.38,178.94,29.153,20.001
132.3,176.71,29.764,19.716
132.81,179.54,29.445,20.107
131.42,176.83,29.659,20.026
129.56,174.35,29.921,19.886
124.73,175.18,30.302,19.807
120,172.68,30.73,19.739
128.64,172.71,30.002,20.554
127.83,172.22,29.433,21.116
123.58,167.9,29.181,21.4
122.69,167.27,29.083,21.482
121.63,166.91,28.954,21.561
112.17,156.64,28.852,22.054
109.67,152.99,28.618,22.438
113.1,149.52,28.625,22.679
117.17,149.45,28.508,22.97
121.48,146.55,28.516,23.202
122.26,146.87,28.31,23.491
123.39,150.03,27.98,23.631
127.31,153.49,27.813,23.737
127.85,156.63,27.538,23.833
