401,240,515,277
395.06,234.45,515.63,280.32
391.62,230.03,514.42,282.5
394.76,225.13,514.19,283.07
385.84,217.25,515.46,284.35
367.96,211.14,520.5,285.85
353.55,211.28,521.69,288.2
339.26,214.25,524.04,290.75
335.71,212.5,524.37,292.55
339.02,213.75,522.21,292.48
344.12,213.23,519.8,292.99
343.74,213.25,518.11,293.58
344.13,212.11,516.87,292.6
343.61,215.18,515.87,292.71
345.34,220.82,517.49,293.35
350.28,222.86,518.5,293.11
353.64,227.83,519.18,292.81
359.37,226.76,519.45,293.12
362.63,226.07,519.68,292.66
365.03,233,521.7,292.49
363.45,231.33,521,292.33
362.14,231.08,520.11,292.46
365.46,236.85,521.57,292.85
363.79,235.06,520.66,292.82
361.83,232.48,520.57,292.82
367.41,233.95,521.83,291.9
366.39,229.98,520.55,292.42
364.69,226.52,520.19,292.55
375.62,227.68,522.17,293.66
375.04,225.54,520.67,292.84
375.9,225.03,518.18,292.47
377.08,229.68,518.69,292.01
376.75,230.09,516.04,291.51
376.83,230.08,515.23,291.18
384.6,230.66,514.7,290.95
382.61,230.19,514.06,290.63
380.17,231.3,514.08,290.45
384.48,231.11,513.87,290.02
384.44,230.95,513.25,289.78
389.47,231.28,512.39,289.79
389.03,231.51,512.02,289.72
396,230.71,512.74,289.96
394.97,230.86,513.22,290
397.09,228.63,513.63,288.44
394.08,230.95,513.84,288.88
400.03,230.92,513.68,289.11
396.31,233.99,512.87,288.79
394.52,236.72,512.01,288.65
394.26,235.63,511.91,288.42
389.3,234.33,512.44,288.57
388.9,234.65,512.8,288.67
384.89,232.85,513,288.48
384.87,232.03,512.89,288.42
378.92,229.33,514.65,287.79
382.84,227.71,514.55,287.03
383.37,228.88,514.79,287.58
389.46,229.44,513.89,288.04
396.87,229.95,513.68,287.99
402.96,231.53,516.12,288.72
406.99,235.68,516.35,289.67
418.83,240.83,516.58,289.83
420.61,244.91,516.84,289.22
419.06,247.97,515.49,288.97
413.73,248.82,515.12,289.36
416.99,247.98,517.98,289.41
413.7,248.82,518.8,290.47
407.85,258.11,522.67,293.11
394.48,263.05,526.64,293.36
385.17,267.04,529.87,294.38
377.92,272.52,533.61,296.58
381.27,285.59,538.24,298.48
388.62,301.01,542.38,300.94
401.45,321.65,545.97,303.13
421.96,332.21,548.63,302.4
450.42,339.32,550.39,300.62
463.06,335.61,551.26,300.57
463.8,334.49,550.28,301.35
451.08,323.09,552.46,303.22
441.89,328.81,553.88,305.44
447.26,330.77,556.42,307.1
457.61,338.55,562.47,310.75
470.54,357.75,570.18,312.63
473.98,370.5,572.35,313.74
451.58,380.79,576.79,314.59
435.39,395.48,577.83,313.08
437.4,411.95,577.17,305.82
450.99,424.22,576.5,300.28
456.41,437.07,581.92,293.23
465.75,447.67,586.66,285.59
459.98,460.85,597.85,276.63
456.39,471.2,607.61,267.79
457.93,478.47,614.84,261.03
460.14,483.76,618.56,256.15
460.15,491.17,621.86,250.69
454.02,495.18,625.49,246.61
492.61,500.28,628.31,242.7
487.29,499.41,632.76,239.56
485.63,500.94,635.72,236.71
481.4,503.06,638.7,234.47
482.1,505.93,640.3,233.87
520.38,510.18,641.99,232.17
515.97,509.21,642.39,232.4
519.24,506.91,640.77,233.32
522.55,502.94,638.81,233.76
526.24,498.01,635.2,235.93
519.55,489.98,632.82,238.78
517.83,474.09,629.03,243.93
515.73,455.63,624.75,251.02
506.62,436.85,621.24,258.84
502.52,411.13,622.35,269.31
499.27,362.27,617.9,287.42
499.59,323.28,611.55,302.58
484.57,266.75,609.1,314.25
472.72,218.66,606.16,325.05
471.92,178.95,605.05,335.19
470.92,143.34,603.21,341.93
467.99,113.82,600.98,348.08
465.46,89.711,596.29,352.84
457,82.61,594.62,353.08
451.67,90.781,591.83,350.53
448.3,110.15,591.1,348.83
450.72,121.73,588.5,350.07
449.37,126.62,583.27,348.66
444.75,134.65,580.88,348.19
442.67,144.67,579.39,348.17
445.77,153.87,579.92,349.64
441.92,156.72,578.94,349.17
432.52,154.21,578.49,349.27
421.91,159.77,579.94,350.04
418.32,167.32,583.21,350.04
420.26,181.19,584.88,350.94
419.3,191.02,587.93,349.21
421.08,198.67,585.68,353.87
418.93,209.56,585.23,357.79
413.73,219.4,586.63,359.23
400.7,228.32,588.6,362
397.13,242.71,589.84,362.43
404.1,271.47,591.55,363.91
404.71,290.37,594.24,364.82
404.57,290.17,595.49,368.92
405.86,289.99,598.34,372.45
407.2,283.07,598.39,378.55
407.89,277.65,595.04,382.22
405.26,269.2,592.45,383.92
409.38,265.11,591.04,387.2
425.02,260.75,594.35,391.28
440.69,250.12,596.97,395.53
459.06,247.36,598.6,397.33
465.76,240.29,598.12,397.02
463.85,219.53,594.95,394.18
457.8,205.82,597.45,392.24
438.96,192.53,600.19,386.36
431.13,186.42,605.66,383.73
402.87,194.3,609.96,382.93
357.97,213.8,612.4,381.11
335.93,223.29,610.7,381.88
331.66,223.3,604.41,383.95
321.01,227.25,601.31,388.23
318.21,215.81,593.49,391.81
320.56,206.21,585.81,391.25
328.93,198.29,579.23,389.21
338.97,193.19,573.03,387.54
353.41,193.38,569.61,386.6
369.08,184.72,566.51,382.41
380.32,180.9,567.38,373.77
384.88,176.47,565.7,372.48
388.12,172.77,564.26,372.01
381.55,185.43,560.02,372.2
374.76,205.48,558.88,373.42
364.02,213.75,556.39,376.37
359.54,226.75,551.01,376.93
363.55,239.62,549.12,378.77
363.42,244.85,547.12,378.48
374.87,243.15,544.75,378.94
376.62,240.07,545.25,378.96
386.57,234.39,539.95,380.07
404.03,245.44,537.88,381.11
390.17,253.93,540.45,381.05
357.59,233.22,544.12,378.39
339.72,218.28,547.49,374.74
343.43,211.03,553.96,374.35
342.19,189.79,556.67,375.65
335.96,168.2,557.46,378.32
326.9,165.1,560.69,378.96
326.1,170.14,562.8,380.86
326.26,172.28,564.65,382.57
326.19,164.83,564.25,386.26
331.01,149.48,562.62,391.81
333.86,142.66,563.89,389
338.84,132.64,562.92,383.77
343.77,109.88,562.23,380.34
354.35,86.56,563.09,377.84
361.89,68.216,559.07,374.92
371.59,69.435,563.2,372.94
382.23,64.908,564.17,369.61
380.78,69.186,567.78,365.12
375.1,73.676,566.6,366.72
365.38,67.838,563.09,366.8
366.83,60.705,556.95,366.4
361.19,67.926,552.16,362.45
354.58,68.985,545.69,357.67
340.54,74.979,542.72,356.28
323.21,91.648,544.73,360.91
322.64,106.12,543.87,362.4
320.37,122.99,543.14,365.88
336.33,143.5,545.32,365.04
341.11,159.82,547.87,367.09
329.83,174.26,549.63,369.19
328.67,183.49,551.06,369.05
321.57,190.94,550.45,365.63
319.17,194.59,551.16,361.27
307.5,207.66,552.95,357.28
310.58,208.89,545.4,353.8
333.61,214.87,538.21,349.16
353.72,215.75,533.81,345.67
373.13,218.31,531.51,344.07
389.7,218.25,523.14,343.01
411.34,221.39,514.44,343.16
423.78,240.57,510.94,346.11
434.97,258.54,504.78,345.14
444.06,278.85,502.12,346.06
446.78,291.65,501.39,345.81
436.67,301.29,500.18,344.63
420.74,312.46,500.09,343.41
407.82,323.59,499.72,339.3
390,327.43,493.45,336.69
381.98,326.1,488.51,335.62
387.91,332.79,485.63,330.67
398.4,339.49,485.98,323.96
392.22,328.23,489.87,320.31
393.8,320.89,493.01,317.4
404.04,314.95,494.94,317.85
409.25,311.61,496.82,320.82
403.94,309.96,502.03,323.41
396.87,303.7,504.74,328.11
382.65,303.5,508.51,334.1
365.66,301.14,517.9,336.73
354.02,298.23,521.44,337.74
347.14,292.15,525.33,338.62
338.01,280.11,529.25,338.12
337.1,274.53,529.16,338.93
329.87,268.77,532.46,342.26
329.59,263.18,534.45,346.71
323.93,249.15,546.38,337.37
319.94,242.31,557.19,331.82
317.46,233.47,563.97,328.7
312.85,226.31,570.22,329.32
304.06,223.67,577.85,332.08
292.8,218.63,583.42,335.12
278.33,213.61,586.48,338.29
271.35,216.37,593.98,345.96
268.15,217.84,599.28,352.55
259.26,220.71,605.59,353.95
251.62,224.49,610.41,356.04
250.95,222.43,615.74,359.67
252.79,224.1,618.92,362.97
262.1,223.27,619.38,369.49
282.36,222.95,618.09,373.15
305.18,210.65,615.96,374.06
321.7,195.87,618.6,372.25
330.37,183.71,622.24,368.57
344.68,173.38,622.88,366.66
357.44,165.61,622.4,363.9
370.51,153.85,625.2,358.82
379.06,124.27,634.27,353.7
372.64,101.1,641.14,348.37
370.1,93.676,641.29,348.46
365.73,87.257,639.58,347.37
363.25,86.195,636.22,348.9
359.31,81.703,625.9,350.54
353.81,62.287,617.46,352.26
339.02,50.789,614.54,351.16
330.49,44.742,612.14,348.73
329.42,35.878,614.53,348.04
339.9,40.885,614.88,345.01
351.3,39.667,619.83,347.74
350.88,40.183,625.79,348.74
341.44,44.423,633.1,353.33
344.58,59.176,637.45,358.4
339.22,75.302,639.55,363.64
337.35,94.456,639.63,368.95
343.42,109.85,638.94,373.23
343.15,120.36,638.26,373.1
340.26,129.03,631.97,370.88
335.52,139.16,625.95,368.45
338.31,151.07,617.72,364.71
336.83,155.6,615.35,359.72
343.08,164.5,614.9,356.92
348.34,172.29,616.59,356.21
355.12,178.72,618.74,355.66
349.56,186.03,616.51,355.88
334.4,202.46,619.91,353.8
325.91,215.77,621.28,354.61
320.12,225.26,620.4,354.39
333.95,229.66,620.48,355.72
332.66,230.77,618.43,354.32
333.11,235.8,618.74,349.98
329.86,241.63,618.3,344.96
329.55,241.54,612.8,343.42
321.25,242.75,606.07,344.14
317.74,228.3,601.53,346.04
311.61,211.85,593.33,348.45
286.28,189.23,591.94,349.69
271.79,173.48,588.51,348.64
252.44,154.89,590.49,347.63
243.59,137.48,590.29,350.23
231.1,127.14,589.64,349.76
223.67,122.48,587.82,349.21
217.36,120.29,579.15,350.51
211.05,122.94,571.41,350.07
195.88,127.77,571.77,348.92
186.19,142.45,569.78,347.03
165.61,161.91,571.22,343
152.77,172.78,568.94,342.42
166.47,199.45,569.47,342.04
188.34,226.54,568.86,339.16
186.46,238.8,570.07,340.52
171.37,243.86,572.84,339.82
151.28,256.46,572.37,339.6
137.44,275.55,568.93,337.23
146.42,300.79,566.23,332.3
138,314.6,564.73,328.38
133.87,320.55,568.01,321.76
126.35,321.5,569.05,317.28
110.49,305.65,571.3,318.6
97.411,267.09,567.27,318.82
90.264,266.26,556.1,318.36
96.929,262.85,542.64,316.66
72.34,257.12,517.2,329.04
96.276,241.66,501.76,331.83
126.61,222.67,493.96,328.45
144,195.51,488.53,334.65
162.33,185.54,482.75,337.08
181.51,175.89,489.14,334.68
203.34,184.94,497.97,330.25
234.14,207.48,508.14,322.07
258.54,239.04,514.94,316.16
261.75,257.19,516.88,310.32
254.22,281.85,526.49,310.11
281.36,312.02,513.76,318.73
316.55,331.34,502.65,322.11
334.89,366.61,511.67,309.68
343.76,393.84,516.4,302.93
338.64,396.89,525.84,298.24
319.92,401.47,531.51,294.36
312.7,397.47,529.59,291.9
308.23,378.53,522.3,294.14
308.7,368.12,512.42,291.88
307.96,354.94,505.19,293.04
317.9,341.9,490.05,309.01
319.65,325.28,489.41,307.94
329.1,285.58,482.56,315.89
331.77,235.68,471.74,326.15
326.98,211.33,474.27,318.4
319.92,196.25,483.24,314.44
317.94,177.26,487.86,306.2
318.99,128.07,484.79,299.61
320.04,108.3,470.73,315.51
310.56,95.232,459.66,326.99
295.55,92.352,462.29,323.11
296.21,85.416,459.02,330.57
311.71,91.977,459.26,330.2
334.6,93.724,458.59,327.83
362.9,97.782,451.76,328.18
383.9,117.66,449.81,321.75
401.31,152.55,448.86,317.75
416.73,187,442.93,319.74
445.04,208.89,435.13,328.48
465.32,223.07,429.4,330.8
481.23,251.99,424.96,330.3
490.05,272.61,419.3,332.66
481.77,288.36,425.75,332.98
475.3,309.98,427.37,333.08
480.11,325.1,427.83,333.16
480.21,319.69,423.54,336.05
489.69,319.61,417.57,335.65
486.05,326.94,419.37,333.76
476.31,346.15,430.41,329.58
454.24,377.47,438.94,324.46
440.21,392.34,438.01,319.3
437.52,388.45,430.57,313.27
430.52,384.4,428.47,308.36
417.37,385.67,429.34,304.36
421.51,394.05,430.47,299.41
442.15,400.46,432.18,299.4
459.86,411.75,441.56,290.53
474.07,417.37,444.75,283.14
478.15,413.12,450.44,279.46
472.27,412.75,459.13,276.19
459.51,406.93,460.89,273.91
458.88,404.96,463.44,275.2
449.35,390.07,466.36,280.35
446.08,395.09,470.43,283.32
434.98,402.78,475.95,283.91
423.88,390.31,475.35,286.34
425.05,361.72,465.36,301.1
429.85,347.75,456.43,308.56
428.57,333.07,450.65,314.61
445.74,323.93,446.21,315.81
471.1,316.58,443.2,314.08
496.75,301.45,442.84,313.3
527.33,291.14,445.97,314.04
542.17,282.63,449.5,321.83
543.81,274.19,449.28,327.91
545.04,275.22,452,331.62
546.86,277.53,455.41,332.7
546.37,271.71,461.44,333.81
545.56,265.91,459.27,336.67
548.27,261.81,457.75,338.96
542.43,251.26,456.75,343.45
531.54,235.19,459.21,347.58
525.74,206.16,463.12,350.26
510.62,190.51,473.56,352.48
498.72,177.57,482.48,358.87
487.95,156.28,481.48,358.77
486.63,142.06,483.09,359.54
492.12,122.62,483.68,358.52
492.96,112.08,478.48,358.59
442.2,99.014,475.8,361.66
418.89,70.903,485.8,346.42
403.68,68.289,490.04,334.01
384.03,63.236,494.51,327.03
363.8,58.907,494.76,321.99
356.3,53.317,492.74,316.33
346.05,55.131,493.55,311.08
338.83,62.598,492.05,309.68
318.13,76.616,496.91,307.42
316.26,122.6,479.57,319.23
323.37,148.05,467.89,323.94
308.68,152.84,470.04,336.01
296.1,162.52,467.34,339.62
313.97,195.93,464.44,337.42
340.83,223.8,453.83,334.18
370.48,261.36,446.13,327.92
409.71,285.89,438.49,322.57
474.06,330.57,435.86,317.32
503.59,351.93,431.2,315.46
530.95,380.59,427.66,312.26
564.44,403.21,427.74,307.45
612.13,423.82,444.21,295.05
645.57,448.44,447.71,280.82
669.95,471.05,449.27,266.48
684.69,483.77,453.47,253.96
696.85,493.2,455.56,243.17
715.76,502.56,453.31,233.46
737.7,506.52,452.68,226.41
757.01,500.86,451.27,223.03
780.83,481.89,447.94,225.74
795.89,461.53,448.82,229.27
815.76,441.65,444.77,235.39
828.38,422.74,442.16,240.11
830.13,399.01,439.56,247.92
821.75,381.31,441.25,255.6
800.49,363.96,445.02,262.75
770.71,349.3,452.33,268.51
737.09,331.8,462.34,276.61
710.32,315.38,473.92,285.65
686.18,300.45,485.44,290.62
658.83,293.3,492.54,296.46
628.87,291.16,495.62,300.09
602.83,289.77,499.68,302.42
576.6,290.46,505.22,305.51
557.85,287.33,507.18,307.57
537.96,285.81,508.28,309.12
517.29,286.75,508.94,312.15
497.61,286.78,508.76,314.49
477.72,283.85,508.13,316.98
459.21,281.94,507.11,320.44
442.13,279.39,508.08,323.99
427,275.23,509.32,327.56
415.28,270.18,514.01,331.62
405.77,260.12,520.79,332.82
398.2,249.75,526.19,331.05
404.31,242.11,528.74,335.57
396.56,230.3,531.24,342.59
392.04,216.75,531.43,346.29
399.56,206.54,527.46,351.26
404.22,191.42,520.12,358.99
398.54,178.12,514.21,365.14
395.97,158.47,506.33,368.39
395.16,150.66,499.42,368.38
391.62,153.46,493.73,366.04
386.59,156.29,485.36,366.62
377.21,160.32,477.4,367.92
379.94,159.26,470.29,369.76
386.82,149.62,461.88,375.41
397.48,143.25,455.39,375.82
410.03,131.14,450.1,376.64
430.55,124.83,445.3,369.55
437.2,126.13,437.95,365.22
438.78,135.69,432.49,362.94
437.91,161.63,429.43,359.81
440.82,221.7,427.06,355.88
445.92,252,427.34,349.99
438.48,308.56,427.78,350.51
405.4,319.24,426.91,341.18
400.83,370.31,431.45,330.39
392.87,423.31,443.42,310.65
380.58,467.14,453.11,293.55
367.98,471.82,461.44,277.48
353.22,476.04,468.94,265.61
348.52,480.09,470.43,256.95
347.61,481.15,469.19,251.6
335.57,478.86,468.08,247.48
314.88,472.51,472.18,243.94
297.68,462.12,469.23,242.49
248.07,414.73,462.08,248.8
231.2,411.43,453.08,256.49
220.63,397.92,436.7,274.44
175.07,350.55,423.47,290.02
178.86,344.68,412.95,298.91
126.85,311.84,402.67,308.48
132.88,290.68,398.07,316.32
86.229,246.97,390.94,320.18
88.355,189.41,386.68,328.63
98.247,140.74,381.97,330.04
106.85,96.995,379.04,329.8
120.21,63.254,375.75,330.85
126.04,25.354,373.41,328.98
137.85,-2.8036,373.72,321.24
144.06,-15.159,373.77,318.77
192.13,-28.598,375.36,310.23
271.03,-23.535,392.75,293.42
304.87,-19.2,400.2,280.16
335.27,-11.166,404.6,272.39
323.82,-9.2872,412.2,265.63
338,-1.0753,403.93,270.53
386.26,21.227,397.43,278.63
401.52,37.428,395.03,285.51
411.27,49.275,393.94,289.3
426.22,61.613,388.47,293.34
439.61,78.431,381.04,295.5
452.64,92.703,378.5,297.47
467.66,103.45,384.83,298.4
483.01,123.6,388.51,292.11
498.23,139.74,386.51,287.65
517.87,161.34,382.78,286.04
535,183.77,379.34,285.53
548.96,211.1,375.83,286.92
551.85,237.3,375.57,289.06
550.81,268.1,380.45,288.12
542.9,295.41,389.24,291.37
533.38,315.25,398.22,295.8
513.42,324.96,404.27,297
489.53,320.13,410.12,297.28
475.67,315.54,414.35,302.91
455.48,311.53,415.13,305.07
439.43,292.16,420.4,298.15
415.39,252.44,430.66,296.75
350.7,232.69,441.5,293.03
307.27,187.73,429.68,302.43
293.93,170.89,427.69,314.38
291.75,163.18,421.13,326.51
285.45,131.16,416.83,331.11
285.59,125.21,414.22,333.76
284.2,85.509,411.57,336.28
243.28,48.333,408.64,338.06
207.29,20.613,401.31,341.01
231.09,30.907,397.13,342.22
248.75,35.956,396.53,339.35
256.67,38.562,393.65,335.12
263.16,35.733,386.94,328.75
278.33,31.379,374.58,328.16
290.46,46.615,368.77,325.63
299.75,46.506,369.74,318.29
300.64,74.74,367.36,316.12
270.39,48.27,363.86,316.35
257.7,56.993,353.38,312.83
261.19,59.625,350.58,306.59
238.42,34.982,351.93,305.33
208.32,41.174,347.06,312.49
220.85,44.159,338.43,316.64
220.59,42.311,336.91,313.77
228.54,33.737,334.02,310.45
240.41,11.714,327.86,304.12
261.12,6.287,321.97,299.19
280.79,5.0635,317.79,293.73
309.56,9.7071,316.54,284.87
356.33,9.0661,315.78,282.74
398.7,16.811,310.89,281.85
418.48,12.932,306.36,277.04
447.09,16.519,308.95,261.16
447.4,11.529,305.27,253.67
483.86,16.183,300.88,251.07
488.81,26.468,294.78,255.26
508.94,41.503,292.03,255.75
564.81,62.754,291.05,257.41
582.27,81.828,290.35,260.27
582.92,99.542,288.5,263.79
587.23,145.31,287.79,269.08
598.98,160.93,284.5,269.9
613.07,209.44,291.03,272.51
611.68,227.33,293.62,276.35
610.86,230.56,295.31,284.87
585.64,214.66,295.17,287.13
579.65,199.24,294.92,284.42
572.37,168.19,294.97,283.04
562.81,136.31,293.29,285.91
544.14,111.26,291.78,283.47
548.52,128.04,289.39,281.22
513.19,134.52,290.93,274.31
448.41,108.26,293.25,267.88
417.86,109.81,290.12,268.15
422.26,121.96,287.86,270.1
420.78,131.93,288.26,265.51
421.39,147.67,292.78,261.35
412.84,158.89,292.76,260.77
389.67,157.66,291.32,261.02
397.82,162.38,291.04,264.51
409.23,160.4,292.51,262.89
418.86,170.02,293.16,259.25
426.17,181.75,289.07,259.24
424.73,190.73,287.08,259.07
411.19,187.73,286.81,257.04
387.4,155.81,290.09,254.57
389.86,161.9,289.39,256.35
388.12,195.84,289.88,255.27
384.33,203.89,289.22,258.38
385.87,188.2,287.89,257.93
392.96,185.38,288.07,258.63
403.72,195.49,286.53,259.26
412.16,214.66,286.79,259.45
423.28,253.84,289.3,259.19
427.93,267.08,298.26,258.18
429.8,285.74,297.85,257.37
426.66,307.1,293.27,255.43
429.55,320.52,289.13,258.98
446.32,323.31,287.53,261.14
459.26,321.07,289.42,260.41
472.22,317.42,293.25,263.2
527.9,319.42,292.15,267.02
579.89,363.31,291.86,270.56
588.36,374.67,298.49,269.58
598.54,375.83,302.87,267.18
567.03,347.65,298.46,266.76
603.67,364.69,302.23,269.45
599.27,381.54,308.77,271.44
620.1,382.42,308.11,272.01
668.59,379.28,311.87,271.24
666.49,377.72,312.96,272.7
654.51,379.58,313.1,271.68
616.35,365.12,315.57,272.32
580.68,324.62,317.16,275.46
578.93,291.15,319.28,281.18
573.94,302.29,320.32,285.05
532.32,285.09,323.79,284.92
542.53,253.86,321.86,286.53
632.65,245.47,325.24,289.6
675.53,255.09,329.26,292.16
670.57,234.96,331.22,291.2
667.51,214.75,332.64,290.63
677.13,215.24,332.73,292.08
686.14,195.08,334.85,291.67
695.46,182.67,338.25,292.1
702.92,190.62,341.43,290
668.05,166.2,338.05,285.52
639.16,145.84,334.31,283.51
640.52,149.19,331.93,285.29
636.88,157.3,334.44,287.92
587.3,144.42,339.32,290.13
540.1,125.45,339.33,290.71
495.96,132.9,341.17,291.79
486.12,147.95,342.74,293.01
472.16,168.86,342.76,295.15
374.4,145.26,347.51,292.14
340.06,165.3,342.93,287.35
347.08,212.35,341.41,291.1
356.78,234.36,338.12,294.09
365.04,267.52,334.34,293.07
375.22,294.13,334.53,293.16
383.32,293.93,336.67,298.32
392.2,293.43,337.91,300.45
401.68,280.41,345.08,296.68
419.65,288.94,343.99,289.64
451.88,308.19,342.01,286.95
490.11,327.15,341.02,285.75
492.55,329.54,340.77,286.13
491.27,329.19,345.16,287.41
481.09,330.48,348.18,293.94
465.72,337.36,348.59,294.02
452.57,358.43,350.43,291.41
448.73,373.74,350.4,290.91
441.64,374.08,352.77,293.86
434.51,380.41,355.46,296.06
439.74,375.66,357.61,298
444.69,362.22,359.42,303.96
427.43,343.06,364.55,305.22
429.72,320.73,364.1,303.46
442.62,301.84,364.12,301.4
446.27,286.83,365.07,302.81
450.43,273.32,361.54,303.91
457.39,266.76,364.05,301.02
470.31,270.59,366.67,299.26
490,273.65,368.86,304.05
508.56,269,370.26,306.56
529.56,267.17,369.65,306.27
550.38,263.39,367.41,303.45
565.43,261.53,365.37,301.07
565.84,260.34,365.42,296.94
579.08,261.57,372.66,292.08
602.37,270.55,379.99,291.57
609.95,291.16,383.33,294.66
591.47,303.59,388.6,298.67
579.93,300.39,393.76,301.67
597.17,296.05,389.57,304.3
645.28,308.5,388.27,301.19
660.9,316.25,386.53,298.21
671.16,334.98,385.69,295.06
674.06,347.89,387.47,292.71
660.6,346.7,390.61,291.92
651.29,336.01,391.18,291.75
653.62,324.89,388.8,291.52
652.28,318.92,391.22,290.32
645.74,314.79,396.83,290.51
643.39,312.41,401.71,293.02
639.86,303.1,406.32,297.63
628.31,289.94,409.74,301.8
618.47,276.92,413.17,305.63
605.42,264.61,417.21,308.2
591.12,258.15,418.66,309.75
574.14,263.13,424.41,309.97
563.23,268.61,426.3,311.54
560.31,264.88,426.35,313.23
561.07,256.98,425.11,314.05
558.46,249.48,426.39,313.7
549.71,246.18,428.37,314.9
540.09,244.03,430.58,315.8
531.26,248.1,434.62,315.38
522.46,247.39,438.61,316.05
510.08,250.86,441.2,315.29
496.71,255.51,444.82,315.35
486.57,256.22,448.37,314.73
483.64,253.51,448.31,315.67
482.9,247.77,448,316.87
478.2,242.75,448.72,317.48
474.58,244.29,449.95,317.43
471.38,245.22,451.14,317.2
463.9,254.33,454.35,316.02
459.53,263.38,454.92,315.35
466.6,271.51,452.61,314.03
469.46,279.05,451.91,314
466.71,280.28,453.96,314.02
464.61,278.24,454.5,314.86
465.56,273.26,456.22,314.44
469.28,266.64,456.08,315.08
466.72,256.34,457.06,316.71
464.64,249.88,458.31,318.41
459.54,243.44,462.63,320.12
455.7,237.3,465.35,322.71
456.59,234.61,467.23,322.55
460.7,231.67,467.36,321.93
466.83,234.99,468.3,320.31
472.62,242.05,469.24,320.26
478.68,259.96,468.34,321.45
479.88,270.76,467.85,322.28
480.06,282.36,468.76,322.1
478.31,281.58,469.69,323.74
474.55,277.12,469.98,325.87
470.62,274.82,472.05,328.44
467.3,273.59,474.03,330.47
464.95,279.89,477.91,331.05
458.65,292.61,480.91,332.92
451.91,307.61,483.24,334.21
432.68,301.86,484.91,334.83
414.13,298.43,486.82,333.69
401.55,299.49,485.65,334.16
399.45,297.62,483.1,335.14
397.07,292.19,479.48,336.78
392.61,300.96,478.88,336.13
382.93,300.53,478.84,338.81
371.48,295.82,481.5,340.78
368.32,290.39,483.33,342.22
363.76,273.53,485.42,345.44
361.7,261.55,490.69,349.41
355.32,249.12,495.87,353.26
364.13,248.91,497.29,357.73
372.45,242.4,501.02,361.91
363.63,220.09,505.47,366.21
351.86,205.57,511.79,369.91
342.76,186.64,516.37,370.02
352.11,184.09,521.48,371.25
348.64,184.59,528.08,373.34
343.69,176.59,536.36,375.3
340.07,166.87,542.01,375.75
331.03,167.33,547.72,377.29
320.38,167.3,553.81,379.68
310.67,166.08,559.49,383.4
305.4,171.43,563.83,385.14
300.41,175.7,568.72,387.57
300.25,176.14,574.28,388.43
320.37,185.45,577.96,390.76
337.01,200.73,578.54,391.43
345.66,215.44,580.55,395.4
352.99,226.28,582.41,397.9
369.56,243.11,582.74,398.47
385.51,259.28,585.92,395.59
389.32,275.85,584.38,392.89
383.48,282.28,584.14,390.25
375.47,288.05,581.04,388.54
363.18,295.54,578.83,384.63
342.92,292.95,576.06,383.24
331.86,296.82,572.53,380.36
324.87,296.33,567.92,378.87
314.32,295.18,565.42,374.48
310,291.31,562.22,370.75
311.76,288.44,559.43,368.44
317.8,281.77,556.01,369.56
328.07,270.58,552.85,370.64
337.96,262,551.3,370.23
349.82,260.55,552.53,369.3
360.38,256.83,551.7,367.66
371.84,244.15,545.92,365.57
375.04,236.16,544.24,366.9
371.22,221.89,544.51,367.23
367.8,212.79,543.93,368.62
362.65,200.39,544.44,369.45
360.06,198.85,542.74,369.19
362.1,206.11,539.79,371.07
370.08,203.45,536.53,372.23
366.86,189.57,534.06,371.28
362.35,184.3,532.25,366.98
357.15,182.53,527.26,362.68
356.23,176.08,522.33,359.22
359.43,173.68,514.24,357.68
362.91,158.26,506.35,355.46
371.93,152.63,498.78,351.35
373.51,149.26,493.91,346.71
375.43,149.94,490.02,342.66
380.99,146.56,489.23,339.05
388.11,141,488.99,339.3
386.69,137.82,488.86,338.95
379.97,143.39,491.72,339.34
370.99,150.19,493.7,341.74
361.65,156.65,496.32,343.67
344.67,151.71,501.52,346.95
334.54,156.63,505.77,348.09
331.13,158.48,501,349.78
317.84,150.18,498.44,349.62
311.96,134.72,494.88,347.02
302.36,134.34,499.71,330.06
289.76,133.67,497.85,317.51
286,128.98,494.3,308.22
287.67,118.23,488.08,299.02
289.46,106.86,481.28,292.83
289.15,100.41,472.7,286.98
280.41,93.111,463.84,283.24
275.07,89.129,455.94,282.92
269.17,89.644,453.71,280.75
269.75,88.667,452.7,282.47
271.1,86.124,450.8,282.56
275.92,85.778,435.24,291.41
277.99,98.752,430.49,283.71
277.68,113.3,431.66,276.61
283.66,122.51,431.8,271.9
284.62,130.51,430.53,266.28
287.75,133.73,427.33,263.85
286.49,134.45,425.38,261.59
286.47,131.81,420.42,261.89
290.18,131.49,416.89,260.26
298.09,137.78,411.05,258.49
312.89,143.24,406.59,258.69
314.7,142.14,405.05,256.25
318.97,143.59,402.97,254.69
316.7,149.2,403.85,251.37
314.99,148.08,404.31,249.35
314.62,149.35,403.87,246.43
314.19,152.94,399.8,243.46
315.77,159.17,395.17,240.31
308.7,173.09,394.27,238.19
309.56,186.33,378.32,248.5
318.23,189.94,365.24,258.99
328.9,193.94,355.88,266.67
330.54,200.44,349.64,267.37
333.55,202.74,344.2,265.34
338.75,202.81,337.62,263.82
342.94,200.83,334.29,260.93
349.27,198.62,332.19,257.73
359.66,194.44,327.42,255.93
371.73,193.71,322.08,254.17
381.37,191.99,317.13,252.26
390.41,185.27,313.34,249.75
399.55,179.07,312.77,245.68
404.54,175.68,310.74,243.82
409.15,170.55,308.83,243.09
422,172.23,307.62,245.64
432.31,181.89,305.05,247.93
442.51,184.57,305.82,245.82
451.21,190.64,306.56,244.91
460.7,195.16,306.52,245.47
464.11,199.99,306.52,244.36
467.1,200.38,305.85,244.96
467.07,200.8,309.3,233.67
430.23,202.03,314.4,225.43
427.51,203.4,321.97,220.64
427.36,203.1,328.74,218.38
430.7,205.67,328.27,225.79
439.2,214.03,326.92,229.77
447.67,217.81,323.86,231.14
457.28,220.5,321.55,232.41
465.26,224.02,323.97,234.51
469.88,233.66,326.02,235.24
474.97,240.51,326.71,236.71
486.73,234.78,326.65,237.52
495.26,225.79,324.32,238.07
500.57,215.76,322.46,237.52
502.76,207.53,321.89,239.98
506.37,201.78,320.75,241.98
509.85,207.07,324.46,242.15
517.2,214.32,325.33,238.33
518.82,224.37,330.74,228.45
522.76,224.48,335.98,219.59
527.35,223.67,340.55,211.69
532.77,218.47,340.09,207.19
537.57,221.73,341.78,203.83
537.09,228.59,342.67,201.73
533.02,238.13,342.76,198.88
530.59,249.05,344.43,197.37
531.95,255.48,343.49,195.41
534.85,250.58,339.12,193.6
540.99,243.64,331.32,193.24
555.22,228.72,315.45,201.92
564.77,220.65,308.91,198.91
567.08,210.27,306.19,196.13
568.66,198.5,305.03,192.82
570.63,187.61,302.77,192.12
568.68,176.51,301.33,194.15
565.92,168,298.8,193.31
563.35,159.8,289.91,201.09
559.93,142.09,286.09,208.16
554.62,125.38,287.31,214.06
547.77,114.49,290.71,219.18
546.13,110.15,293.24,224.44
540.07,118.67,296.23,227.33
530.97,142.38,297.21,228.37
521.43,159.94,304.96,227.98
522.38,171.31,309.35,228.14
526.24,177.65,308.77,229.5
532.65,189.46,307.19,232.2
537.36,195.02,303.17,236.77
541.27,195.78,300.24,240.16
545.17,199.38,296.89,242.74
550.31,201.34,293.39,242.71
557.92,201.35,291.6,240.47
533.95,197.57,291,236.67
541.03,198.75,289.76,233.26
545.93,205.35,287.09,228.1
550.94,215.24,282.24,223.66
551.17,225.1,284.67,210.01
552.7,224.27,279.87,207.7
556.64,212.5,273.1,207.37
564.46,194.76,266.46,207.1
566.98,170.43,263.46,206.64
571.43,135.57,262.19,205.2
590.53,98.87,260.22,202.64
605.65,61.116,256.31,201.22
618.48,34.179,256.23,200.28
650.87,27.658,255.62,198.25
621.64,-2.0255,258.49,191.27
615.89,-1.1255,254.86,190.32
606.45,3.0282,249.06,189.88
579.14,1.6644,241.87,188.3
549.94,3.6002,243.82,182
546.7,26.485,237.3,183.2
515.54,48.411,242.21,175.59
477.56,48.418,243.89,171.17
455.58,51.882,239.05,177.25
431.95,61.969,236.62,181.46
433.33,72.973,230.08,187.33
444.17,90.571,223.83,191.56
448.51,106.33,221.92,194.74
453.06,137.47,221.3,193.76
459.13,165.97,222.86,191.93
459.93,194.43,225.28,192.48
486.22,228.17,238.25,182.78
491.76,258.41,248.19,176.62
442.4,260.31,242.59,182.37
448.3,294.19,239.06,184.13
448.29,307.36,237.06,185.85
448.12,315.06,239.45,187.31
453.85,319.41,240.87,189.06
453.17,330.19,249.5,180.97
453.29,335.1,253.6,175.24
441.28,329.07,243.42,182.93
441.77,311,242.48,186.48
449.23,311.99,244.35,188.01
397.43,287,240.9,190.95
401.34,258.86,238.54,194.53
378.7,242.21,237.26,195.02
352.39,245.97,237.98,195.53
358.5,240.18,236.93,195.96
399.88,239.87,232.33,197.22
404.49,240.43,231.3,195.31
405.91,244.92,229.02,195.42
411.24,255.74,225.75,193.38
439.82,263.65,228.56,193.53
469.59,268.31,230.25,194.61
473.08,267.09,228.65,195.79
480.02,261.2,227.37,196.24
518.48,262.36,224.28,197.1
519.72,261.17,227.89,200.78
547.91,264.69,231.75,203.89
558.18,262.02,230.2,203.72
567.12,243.35,226.46,203.87
577.35,241.96,223.15,202.59
586.02,240.79,220.98,202.01
589.48,240.32,221.07,201.45
595.34,242.32,221.24,200.64
594.4,242.99,223.36,202.92
570.31,248.84,222.29,202.6
567.69,284.94,224.25,200.93
566.18,291.36,223.86,199.41
570.34,265.86,223.88,197.95
596.01,248.65,227.21,198.65
594.5,243.6,227.32,201.7
596.52,247.54,227.93,201.97
600.63,257.81,229.17,201.98
601.14,262.91,234.26,203.3
605.25,261.64,237.58,203.97
585.37,260.39,239.57,205.35
560.69,256.58,238.8,206.02
537.63,251.52,237.92,205.78
536.68,256.66,238.7,206.13
536.18,258.97,241.01,207.3
535.02,251.74,246.06,210.84
535.16,230.9,246.11,214.85
530.04,228.69,248.48,213.67
532.83,224.88,249.31,210.93
538.92,218.43,251.97,212.42
544.93,209.44,252.77,215.17
549.07,207.27,252.33,213.43
549.04,208.03,255.12,213.69
521.42,215.25,255,215.35
523.39,231.63,253.69,215.63
522.39,242.55,252.44,216.89
527.03,256.83,250.87,218.63
561.1,268.73,249.2,220.31
590.93,282.96,248.01,221.69
593.64,286.15,249.16,218.84
601.42,286.65,248.11,216.34
635.23,298.42,248.59,213.45
637.66,302.94,247.64,211.98
641.51,300.7,245.18,212.44
652.7,303.72,245.91,216.63
651.4,304.8,249.48,220.73
639.63,309,253.88,221.32
636.46,310.01,256.56,220.5
639.75,306.48,256.58,220.27
641.51,305.8,259.4,220.83
639.05,317.72,261.3,219.24
646.1,332.67,262.2,219.07
662.21,322.27,263.56,224.94
666.24,285.15,268.91,229.73
667.49,272,273.66,234.81
674.06,270.8,276.59,240.98
677.58,266.96,277.63,242.9
683.22,269.84,276.11,243.17
696.77,273.32,277.09,241.59
707.77,281.33,277.8,242.7
719.64,296.45,280.63,240.64
727.41,310.46,282.72,242.02
720.48,322.19,285.35,247.79
683.81,330.65,286.74,251.72
646.69,340.38,288.01,256.12
636.06,348.73,291.49,260.34
624.27,353.98,295.38,261.21
621.59,346.26,300.56,260.76
627.83,342.79,308.21,259.8
639.38,353.24,312.9,259.03
640.52,368.45,318.86,261.77
634.29,367.84,323.46,264.6
629.17,361.06,326.2,264.19
619.18,365.59,330.45,263.04
613.8,372.66,333.32,265.4
612.45,380.14,334.77,262.73
606.76,389.68,336.64,263.73
570.44,398.8,332.82,265.34
552.3,406.35,326.11,266.72
549.77,422.44,322.17,268.95
514.63,430.42,318.43,266.63
502.82,446.93,316.72,261.7
492.67,483.17,327.55,246.11
479.2,492.02,333.5,232.61
439.04,502.71,337.54,219.9
461.94,535.74,344.9,207.49
451.45,541.15,345.19,198
410.44,541.72,341.8,191.94
376.64,539.33,336.92,187.29
369.09,541.16,335.29,182.93
338.45,539.25,326.8,179.5
339.65,538.74,317.84,176.09
339.66,541.45,314.13,170.78
344.96,549.82,318.44,160.97
359.97,548.51,313.6,158.41
377.53,545.28,306.83,158.41
417.28,543.2,302.7,159.5
430.17,537.47,299.12,161.91
434.71,510.39,298.79,165.9
443.51,479.92,296.68,167.79
467.79,449.55,294,169.75
518.13,421.98,295.74,171.79
536.63,420.78,290.64,181.75
545.74,418.83,286.15,194.29
539.31,417.72,285.12,207.11
527.46,417.9,288.9,214.44
518.85,417.18,292.67,222.61
510.83,410.97,294.37,231.15
507.55,403.94,294.3,238.68
508.23,397.41,294.96,243.47
514.92,387.46,295.2,249.67
513.81,371.03,295.07,258.93
512.8,353.4,298.7,268.05
521.02,333.5,304.17,274.89
527.12,324.88,311.72,281.9
522.48,311.06,319.86,288.69
511.24,295,325.5,293.71
502.33,281.61,332.45,295.52
468.76,256.78,333.51,294.45
466.49,244.74,336.31,294.73
465.55,234.52,337.93,293.01
462.31,228.34,338.06,294.16
455.14,225.73,342.02,292.67
441.33,221.87,345.04,292.67
430.11,212.38,348.19,294.09
421.56,205.77,350.99,296.06
412.21,204.27,353.96,292.09
405.41,205.91,351.78,285.3
411.51,213.48,349.46,281.87
418.27,219.65,347.27,279.47
433.18,225.23,345.58,278.04
471.41,230.53,342.07,279.84
502.96,234.69,341.27,281.43
512.9,234.42,341.68,283.63
526.94,247.55,347.71,282.21
532.71,261.54,349.54,283.08
533.11,273.33,345.99,286.52
536.2,280.61,343.06,289.87
543.5,282.61,341.84,292
551.44,279.02,343.62,290.96
558.91,277.89,344.38,291.23
564.72,267.59,344.83,293.84
562.55,253.52,347.53,296.67
561.92,243.51,346.96,299.93
561.89,211.88,344.67,302.07
557.17,207.72,344.25,305.05
551.06,204.14,347.46,304.35
546.16,197.87,348.81,308.11
543.97,191.16,351.82,313.33
540.36,184.15,352.72,317.76
534.16,176.22,359.12,319.81
532.87,168.04,362.16,322.09
539.7,162.51,360.17,322.66
544.96,154.98,357.97,322.61
543.58,152.5,357.32,320.71
537.73,154.58,360.58,318.57
531.41,159.99,359.28,317.12
527.96,169.46,356.17,315.45
524.27,177.94,354.27,314.29
519.98,187.24,352.06,312.98
514.24,186.48,350.98,315.5
513.98,192.08,350.52,320.41
512.61,197.33,350.77,324.23
509.32,199.97,352.03,323.86
504.94,200.17,351.94,325.78
500.67,202.75,349,324.59
499.5,202.08,348.65,325.1
500.05,199.79,347.98,327.91
498.01,198.62,349.42,328.63
492.8,199.36,352.65,324.91
488.51,190.82,353.84,325.03
484.3,182.5,353.26,328.29
480.88,181.42,352.7,333.58
483.7,175.99,355.79,333.38
481.07,182.7,354.8,333.32
475.06,185.67,354.69,334.01
470.17,192.06,355.57,332.77
464.36,196.47,357.35,333.47
457.95,199.34,360.22,333.15
455.66,192.57,364.53,332.82
457.08,198.98,366.57,328.26
456.23,209.74,368.37,326.35
458.07,220.17,368.75,326.84
456.48,230.95,367.69,328.25
454.56,236.02,369.3,326.59
455.76,241.49,369.45,322.51
462.47,245.06,366.31,318.92
436.51,236.29,361.63,316.4
404.03,206.19,355.64,309.83
412.18,202.54,350.89,306.26
414.63,198.69,345.34,305.42
420.37,204.09,342.11,306.55
433.46,206.21,337.16,310.44
435.54,207.07,336.44,311.61
442.78,209.26,337.26,311.91
453.78,207.69,342.17,311.47
461.54,204.66,348.13,316.94
462.99,176.13,351.01,322.68
475.54,175.05,353.69,328.97
481.9,178.66,356.94,331.39
486.17,177.09,360.26,336.04
490.55,168.87,360.77,342.23
497.87,163.12,362.95,346.8
506.75,164.42,364.25,347.23
516.85,168.4,366.29,345.25
526.12,171.7,363.7,343
525.41,189.76,361.29,340.7
486.28,193.14,364.02,337.67
488.29,204.29,366.21,334.47
489.1,216.82,367.64,330.63
494.84,228.95,366.33,326.28
496.04,244.29,363.47,325.27
498.98,248.17,361.65,326.74
505.07,248.75,357.13,325.91
513.79,252.64,350.57,322.64
537.12,252.16,342.61,320.45
565.63,253.53,334.99,320.53
582.16,256.45,332.64,318.28
591.45,263.07,331.85,317.62
605.88,262.02,326.9,319.21
619.43,266.32,326.47,322.08
633,271.37,325.72,326.79
651.54,273,325.81,333.23
661.88,264.33,328.32,341.75
656.68,256.18,338.33,343.97
658.19,247.79,346.28,345.36
664.59,250.49,353.05,347.88
662.47,258.63,360.53,350.66
624.67,250.38,366.69,356.61
582.99,248.75,366.33,364.48
548.03,241.61,369.64,368.96
548.51,256.2,374.17,371.73
546.6,268.19,377.39,375.36
548.02,277.66,380.63,373.59
543.6,282.46,381.34,372.91
542.94,279.34,378.07,370.25
506.2,238.39,379.3,371.44
505.77,236.94,376.88,373.26
508.55,227.24,373.31,377.95
508.46,223.99,371.84,383.17
507.46,216.62,371.62,388.16
504.53,208.42,373.69,388.5
509.41,197.9,372,388.42
510.87,188.18,369.37,387.88
511.94,185.85,369.18,387.93
518.14,175.9,369.26,383.23
518.2,167.39,367.99,376.49
531.16,160.41,365.74,372.34
552.84,163.58,362.99,372.15
572.85,165.7,362.15,371.79
576.79,172.51,360.47,372.94
574.41,178.06,359.29,374.61
538,145.11,358.94,372.8
543.62,155.46,356.41,372.99
543.81,162.28,355.88,374.84
544.55,168.98,351.46,377.03
554.42,165.4,350.95,382.49
554.4,127.61,353.16,383.02
567.23,138.44,355.96,382.62
568.15,132.07,360.71,375.24
563.41,98.867,365.66,364.36
567.08,99.222,364.56,355.79
576.93,89.186,364.46,348.27
582.22,90.331,366.78,340.11
584.75,94.221,368.44,332.52
587.84,110.13,367.61,326.13
596.01,125.23,363.74,323.61
597.71,140.79,361.36,323.72
596.68,158.64,359.3,324.45
599.5,172.24,354.75,323.87
597.73,181.92,353.83,323.6
599.89,192.27,352.48,324.33
600.78,199.01,353.75,330.24
597,206.48,353.14,338.93
589.27,210.91,353.85,346.63
578.42,217.14,356.74,355.3
561.85,228.76,357.73,360.72
515.07,226.69,359.42,367.05
510.45,238.27,363.45,370.16
500.34,257.59,366.52,377.53
459.29,250.57,370.97,377.31
411.48,222.42,374.76,372.18
420.27,227.99,376.98,369.62
425.11,240.98,379.49,361.79
419.81,248.9,378.23,359.28
408.01,254.57,375.17,357.27
405.79,260.84,375.1,356.02
398.04,269.14,378.9,350.82
398.19,266.64,380.77,345.22
408.19,283.59,381.03,346.3
415.57,306.31,383.43,345.28
422.41,318.7,380.83,341.93
416.55,329.93,375.97,340.72
416.98,337.49,368.06,339.97
415.54,336.21,361.02,343.94
413.74,334.6,355.7,343.28
421.99,333.34,353.09,339.98
442.06,335.43,346.42,333.56
464.78,343.39,344,329.12
486.76,348.17,338.61,325.95
500.98,340.66,337.46,320.69
519.96,342.54,332.26,317.82
560.81,354.5,333.35,318.13
564.63,356.49,333.46,323.42
574.06,351.25,334.87,330.02
588.62,344.54,338.35,333.84
601.32,310.04,345.09,336.48
614.93,297.55,353.58,335.81
621.66,289.77,358.37,333.56
614.3,273.1,361.2,334.13
604.24,250.93,359.28,336.55
558.67,202.75,362.78,343.2
519.01,158.73,366.14,352.01
525.89,151.43,372.97,357.37
527.69,147.27,373.79,363.76
525.36,136.44,379.34,361.96
488.55,93.594,387.3,359.38
452.07,60.846,383.72,359.44
468.92,63.501,379.18,357.52
483.01,63.105,374.55,361.35
501.57,62.723,372.25,363.01
519.06,66.186,370.68,362.1
539.57,73.206,369.99,356.68
555.41,82.673,373.59,354.63
567.41,90.331,373.67,358.61
584.2,89.016,371.67,363.81
594.95,91.526,371.72,370.03
602.04,94.761,370.69,377.57
601.02,108.1,368.13,381.84
607.39,124.67,367.17,381.84
612.57,137.06,367.41,384.37
587.69,101.9,361.46,384.15
608.59,122.36,359.36,380.14
621.76,131.77,359.61,383.31
630.84,142.92,360.85,388.85
643.91,149.37,364.6,388.39
653.36,154.58,370.41,391.14
620.9,129.91,371.15,386.06
594.11,134.98,372.87,384.13
612.52,143.99,372.79,382.61
615.16,155.48,373.85,385.77
621.1,160.73,375.35,388.24
612.85,159.45,377.92,390.56
607.09,162.5,378.1,395.02
610.44,169.06,385.46,391.36
607.76,165.32,390.53,387.29
560.94,159.03,399.44,379.58
540.22,161.02,398.91,379.84
531.84,157.39,399.12,382.54
526.91,151.25,395.71,388.16
522.91,151.76,392.22,390.85
511.05,123.31,390.45,391.2
507.61,127.02,388.82,395.11
502.97,136.47,389.49,395.17
499.12,144.39,391.01,389.71
486.79,139.1,390.06,387.3
475.4,137.98,385.17,386.17
465.57,136.09,384.87,389.65
457.85,148.93,384.83,392.88
451.15,159.78,386.57,387.71
456.95,162.9,388.82,381.16
462.63,170.52,392.68,378.4
462.68,180.92,396.32,378.13
465.05,188.2,399.54,377.56
463.64,193.22,401.09,377.81
467.27,198.66,397.1,380.72
465.96,171.06,392.18,379.19
465.83,184.97,391.72,376.2
464.87,197.4,387.94,374.46
461.8,207.88,384.19,377.49
411.2,169.66,382.77,382.64
402.82,178.68,385.4,386.06
403.37,178.18,387.64,385.27
396.4,180.78,389.11,386.29
400.77,186.48,389.25,388.39
342.26,148.29,390.62,385.02
337.98,148.73,392.91,388.49
347.3,137.62,396.18,395.02
353.9,128.82,399.78,400.98
402.68,124.85,398.83,410.01
412.15,120.02,398.5,421.56
430.28,122.66,398.65,418.48
447.04,123.84,397.44,416.68
449.99,124.26,400.08,416.65
452.87,125.92,406.07,411.7
461.46,123.04,404.69,414.28
463.09,116.02,405.04,417.26
467.72,80.715,403.73,414.21
472.44,49.376,403.82,403.33
475.82,25.168,403.63,390.09
475,25.16,402.2,379.77
464.75,0.51779,401.38,369.18
459.44,5.4213,393.31,361.79
465.3,5.3501,385.72,355.01
480.51,5.7616,382.24,349.43
500.16,-12.447,379.55,342.96
523.14,3.5952,374.55,340.37
546.71,17.517,371.55,339.03
567.07,28.518,368.42,339.3
589.58,32.91,363.9,339.1
607.6,33.803,361.04,339.51
631.93,36.565,357.63,339.76
644.36,35.612,357.72,342.48
657.21,40.845,357.15,349.34
669.8,52.105,359.41,348.65
674.43,68.824,359.58,345.17
674.48,81.934,359.69,344.67
672.18,94.606,354.91,344.02
671.57,112.83,356.8,342.35
677.79,120.9,356.58,345.36
679.28,125.89,356.48,349.11
689.8,144.61,356.34,349.27
685.63,158.47,357.69,353.1
678.86,167.69,362.64,356.4
673.62,169.78,360.82,357.79
662.17,167.33,358.19,359.14
650.32,170.61,360.96,362.97
636.08,162.91,361.57,365.97
618.42,155.15,362.36,366
600.7,159,367.67,360.16
546.3,159.46,368.26,358.56
532.72,171.65,370.62,353.16
495.01,181.3,366.41,348.44
461.62,189.25,364.11,343.85
443.6,201.55,369.84,339.88
412.21,197.85,372.33,330.65
350.51,187.6,369.66,331.36
297.27,189.04,368.67,335.58
294.09,194.57,363.59,340.13
293.76,196.99,362.63,342.74
281.18,195.93,362.66,346.07
285.18,179.5,361.69,343.37
269.74,176.36,359.91,345.22
264.23,173.53,354.12,345.18
271.7,184.13,348.92,345.75
286.8,195.69,353.44,342.46
296.84,213.06,360.41,338.11
294.19,232.37,365.35,334.94
288.19,246.75,363.83,333.29
290.15,255.67,359.27,330.27
308.07,263.88,356.29,328.35
323.41,272.43,350.53,329.7
344.22,274.53,353.41,330.4
354.48,266.32,353.01,334.86
364.47,261.27,350.63,338.46
385.64,267.18,342.6,341.42
415.43,277.73,328.49,343.11
437.12,280.76,326.07,343.15
448.02,274.47,327.76,339.54
500.77,262.76,332.56,329.08
512.68,229.53,334.98,324.99
531.47,229.79,335.94,326.64
578.47,241.83,332.43,334.04
631.8,253.46,334.93,335
649.06,251.71,333.45,336.81
652.34,222.68,333.13,339.06
659.01,226.05,335.1,337.91
672.35,237.96,334.65,337.27
692.47,247.2,333.69,336.74
706.03,250.77,335.98,336.77
718.26,254.12,338.38,337.48
714.76,252.78,340.54,328.64
704.28,251.28,343.32,319.31
691.75,248.74,343.34,317.04
661.94,223.53,337.65,315.66
668.15,232.49,337.87,310.96
671.45,235.38,336.22,310.54
670.7,231.85,333.53,314.41
667.6,227.11,329.77,316.76
660.69,224.04,334.07,315.03
650.26,225.82,336.48,307.94
654.27,219,330.38,299.77
656.1,209.2,328.85,293.31
661.07,198.52,325.53,289.47
664.42,193.63,320.64,292.71
660.31,193.89,317.81,295.99
654.64,197.11,317.94,292.45
641.11,203.13,316.21,289.59
630.92,204.96,315.03,287.4
629.89,209.27,313.01,287.87
629.91,218.21,309.82,290.02
628.76,223.3,310.65,294.31
623.94,221.72,309.61,298.96
624.56,218.97,307.36,306.97
618.95,208.04,307.5,311.7
615.66,199.1,306.35,315.21
589.61,185.33,303.3,316.25
592.99,153.25,301.49,318.03
590.17,153.68,299.66,316.71
584.75,150.02,302.12,312.97
579.48,143.68,304.49,311.06
572.42,147.91,309.46,305.51
563.21,147.39,312.02,300.11
555.82,137.7,315.03,295.14
554.89,134.11,309.83,293.58
558.97,134.46,305,292.43
573.4,107.5,302.78,291.14
582.32,117.3,301.97,289.89
585.49,123,298.57,288.53
582.8,116.5,300.55,279.64
575.28,121.74,301.19,272.64
570.38,130.11,297.39,266.93
568.14,140.48,295.17,265.37
566.43,139.19,290.93,260.71
564.13,139.09,287.4,255.91
566.87,137.03,287.38,251.08
560.73,138.86,286.66,249.62
557.64,141.46,282.31,250.07
559.18,143.74,275.69,256.55
561.45,146.07,271.54,261.35
570.92,144.97,265.03,266.36
579.54,139.42,260.92,269.74
581.32,139.82,261.33,271.69
571.73,124.37,263.38,263.78
556.61,121.38,262.37,264.31
543.72,124,261.67,264.44
528.39,126.4,258.62,260.8
511.73,101.31,261.59,258.66
483.78,85.187,262.04,253.63
454.07,70.732,263.35,247.85
461.46,77.751,261.63,243.72
480.67,76.023,256.07,244.01
488.95,86.006,256.34,242.49
498.1,100.27,256.18,243.34
508.18,100.91,257.29,242.72
514.63,103.13,256,242.37
520.82,108.86,258.81,239.59
533.05,114.93,255.96,238.87
554.52,112.32,252.58,239.49
577.28,117.46,248.51,238.71
600.22,125.1,246.07,233.06
619.21,128.98,242.82,230.18
630.98,131.4,240.75,228.72
640.16,143.77,237,227.35
650.57,156.54,229.97,229.7
680.98,171.81,225.87,228.82
695.68,180.03,219.75,230.85
708.19,196.55,215.39,227.43
719.95,198.36,213.99,222.49
727.15,197.66,214.61,220.15
710.95,197.61,210.59,216.08
714.67,201.61,206.57,212.66
700.82,207.98,201.31,209.38
708.92,210.57,196.96,206.84
712,212.3,192.46,205.88
699.71,192.99,187.51,202.8
687.36,194.2,181.95,198.7
683.64,196.87,182.23,194.09
669.65,202.96,180.65,188.79
658.63,210.78,180.75,182.05
644.95,218.44,180.12,175.73
631.38,224.24,179.68,171.07
615.63,225.48,178.97,169.1
605.51,224.86,175.84,168.33
612.91,227.05,177.3,165.44
597.14,227.26,178.74,165.1
579.89,224.99,179.8,166.93
565.29,219.15,180.02,168.84
554.43,214.05,177.45,171.23
545.05,208.18,172.2,172.49
533.23,183.76,161.09,180.23
541.53,182.42,153.36,186.15
548.15,185.78,153.57,183.49
552.94,190.11,154.28,181.96
560.97,209.88,154.18,180.45
