251,238,213,54
248.97,233.12,209.23,56.855
250.16,232.72,206.88,59.849
249.93,231.34,206.25,61.713
250.62,230.47,205.38,63.218
252.39,227.95,204.92,64.521
253.44,226.58,205.48,65.651
252.39,223.26,205.24,66.972
253.9,221.83,205.33,67.618
253.84,221.88,205.7,68.473
254.28,220.47,205.95,68.799
253.77,219.72,206.55,69.215
250.32,216.1,206.37,69.485
251.48,215.37,207.09,69.852
251.07,215.67,207.73,70.382
248.85,211.82,207.44,70.521
248.81,208.9,207.57,71.157
251.06,208.49,207.14,72.03
252.49,208,207.29,72.503
251.27,207.92,207.32,73.3
245.18,203.63,208,73.093
247.34,204.04,209.56,72.621
243.33,203.44,210.09,72.569
242.6,203.18,211.17,72.204
241.92,200.79,211.66,71.997
244.08,200.29,212.41,72.368
241.49,199.84,212.01,72.384
243.29,199.62,212.04,72.599
241.34,199.11,212.79,72.683
240.51,198.3,213.84,72.521
239.25,197.79,214.68,72.431
237.88,197.94,215.59,72.594
237.92,198.17,216.58,72.712
237.23,197.16,217.27,72.804
237.55,196.81,217.96,72.944
237.52,196.23,218.14,73.091
238.29,196.02,218.53,73.222
237.21,195.67,218.49,73.247
238.69,195.68,219.12,73.54
238.37,195.65,219.03,73.665
238.95,195.48,219.54,73.679
238.66,195.37,219.76,73.503
238.61,195.05,219.9,73.452
239.01,194.7,219.83,73.846
238.61,194.44,219.58,73.851
238.69,194.2,219.76,73.899
237.55,194.06,219.89,73.868
238.3,193.78,220.6,73.912
237.34,193.64,220.74,73.946
236.12,193.81,220.88,73.711
236.19,193.37,220.66,73.554
235.46,193.54,220.6,73.306
236.13,193.77,220.44,73.403
235.6,193.94,220.68,73.324
235.59,192.27,220.62,73.235
234.15,191.8,220.23,73.435
234.04,191.39,220.27,73.357
233.72,191.32,220.35,73.61
234.03,191.2,220.16,73.33
234.53,189.52,219.59,73.611
234.34,188.18,219.39,73.877
234.33,187.78,220.02,74.16
233.87,187.39,220.49,74.696
233.93,186.68,221.03,75.125
233.1,185.93,221.91,75.387
233.13,184.94,222.46,75.772
233.22,185.02,223.32,76.42
232.69,184.76,224.27,76.734
232.47,184.23,224.79,76.836
231.8,184.04,225.57,76.961
230.92,183.22,225.77,77.122
231.34,183.22,226.29,77.189
230.88,182.98,226.99,77.128
230.66,183.37,227.05,77.074
230.13,182.66,227.11,77.141
229.46,181.32,227.64,76.846
230.97,180.66,227.37,77.004
231.09,179.87,227.13,77.046
232,179.64,226.69,77.192
231.91,179.12,227.32,77.061
231.35,178.86,227.76,77.114
232.27,178.92,227.67,77.155
232.06,179.01,227.59,77.245
232.84,178.01,227.12,77.482
233.16,177.11,227.2,77.379
231.3,176.64,227.4,77.5
231.53,176.65,227.85,77.438
231.54,176.11,228.08,77.432
232.14,175.51,228.73,77.516
230.35,174.02,229.11,77.313
230.19,174.01,228.83,77.43
229.46,174.04,228.83,77.317
230.44,173.96,228.84,77.216
228.58,173.05,229.04,76.928
229.91,173.05,229.17,76.758
231.27,172.42,228.65,76.652
231,172.18,228.46,76.587
231.1,172.12,228.2,76.438
232.55,171.47,228.1,76.124
235.21,170.66,227.39,76.019
239.84,170.16,227.76,75.658
239.83,169.87,227.21,75.757
240.32,169.32,227.11,75.785
239.56,169.55,226.2,75.992
241.46,169.25,226.59,75.42
243.76,168.86,226.4,75.049
245.35,168.38,225.68,74.723
246.26,168.08,224.46,74.425
247.24,168.52,223.91,74.015
247.79,167.12,223.46,73.63
249.42,166.51,222.71,73.337
251.21,166.04,222.11,73.063
252.35,165.77,221.12,72.639
253.17,165.46,220.12,72.442
256.1,165.62,218.71,72.293
257.05,165.66,217.66,71.713
257.12,165.13,217.38,71.474
257.56,164.62,217,71.354
258.26,164.07,216.06,71.503
259,163.12,215.69,71.327
259.73,162.18,215.3,71.471
259.77,161.69,214.95,71.513
260.45,161.54,214.06,71.721
259.35,160.9,214.4,71.448
260.72,159.89,214.52,71.316
261.09,158.78,214.58,71.238
259.81,157.93,214.66,71.24
260.55,157.89,213.96,71.237
260.83,157.2,213.96,71.089
262.16,156.16,213.6,71.078
262.19,155.1,212.95,70.721
262.81,155.1,212.73,70.494
263.25,154.65,212.33,70.371
264.03,154.43,212.28,70.227
262.84,153.08,212.36,70.118
263.75,152.12,211.88,70.309
263.93,151.43,211.41,70.36
264.7,151.39,210.92,70.469
263.82,151.21,210.99,70.258
266.11,150.29,210.66,70.464
265.94,149.54,210.34,70.283
264.96,149.72,210.12,69.924
265.28,149.81,209.66,69.772
266.97,149.13,209.91,69.564
266.94,148.38,209.44,69.405
267.58,147.69,209.15,69.398
267.79,147.5,208.76,69.284
267.15,146.97,208.8,69.127
268.75,146.49,208.82,69.458
267.94,146.25,209.02,69.384
269.16,145.31,209.03,69.667
268.78,144.69,208.76,69.838
268.31,144.88,208.06,70.01
268.85,144.45,208.49,70.17
268.03,144.64,208.18,70.185
269.3,144.22,208.41,70.511
268.33,144.92,207.94,70.464
268.77,144.23,208.31,70.521
268.93,143.96,208.46,70.592
268.23,144.33,208.27,70.642
269.38,144,208.45,70.682
266.81,144.6,208.28,70.413
269.31,144.58,208.36,70.252
267.38,144.67,208.59,70.075
268.57,144.34,208.61,70.09
269.51,143.59,208.75,70.336
268.35,143.4,208.23,70.438
269.17,143.49,208.21,70.546
268.55,143.94,207.78,70.337
270.7,142.72,207.62,70.357
268.11,142.35,207.73,70.201
270.13,142.86,207.88,69.778
268.65,142.91,207.79,69.656
270.61,142.32,207.94,69.605
270.21,141.85,207.75,69.51
270.51,141.48,207.48,69.591
271.16,141.74,207.11,69.713
270.85,141.38,206.92,69.89
269.12,141.11,207.17,69.589
269.08,140.7,207.59,69.408
267.03,140.62,207.94,69.233
267.4,140.08,208.54,69.4
267,140.25,209.06,69.363
266.38,139.46,209.64,69.461
265.34,138.64,209.86,69.351
264.56,138.07,210.58,69.166
263.41,137.47,211.19,69.046
262.65,138.33,211.54,68.718
261.9,136.93,211.96,68.531
259.69,136.69,212.52,68.118
256.81,135.48,212.49,67.912
256.63,135.7,212.63,67.93
257.48,136.18,212.65,67.953
257.1,135.44,212.44,68.058
255.66,135.2,212.56,67.894
253.57,134.13,213.16,67.715
253.35,135.02,213.6,67.436
252.56,134.99,213.77,67.357
253.05,134.99,214.2,67.319
250.9,134,213.49,67.381
250.24,133.34,213.41,67.431
249.17,133.45,213.53,67.498
249.08,133.68,213.51,67.694
249.67,132.79,213.21,67.86
250.08,133.88,213.27,68.162
250.59,134.43,213.41,68.532
248.58,134.72,213.08,68.871
248.17,134.83,213.47,68.948
248.29,134.98,213.26,69.315
244.79,135.69,213.52,69.617
243.9,137.02,214.33,69.407
243.55,136.56,215.17,69.63
243.4,137.13,215.72,69.684
241.71,137.18,216.47,70.016
241.99,136.32,217.96,70.03
243.04,137.27,218.33,70.555
242.34,136.4,218.18,71.151
242.86,136.88,218.72,71.605
241.72,136.69,218.97,71.899
242.21,136.02,219.04,72.185
241.55,135.87,219.08,72.274
241.39,135.91,219.06,72.268
242.44,135.76,219.2,72.349
241.54,136.54,219.53,72.024
241.37,136.62,219.19,71.844
239.74,135.91,218.87,71.641
240.15,136,219.86,71.54
240.23,136.11,219.96,71.708
240.11,136.39,220.17,71.867
240.05,136.2,220.28,71.962
239.07,135.87,219.92,71.795
239.43,135.5,220.39,71.848
239.44,135.29,220.77,72.056
240.2,135.78,221.1,72.285
240.08,136.15,221.34,72.362
239.21,136.14,221.61,72.248
238.73,137.02,221.79,72.202
237.67,137.23,221.37,72.205
237.64,137.3,221.09,71.993
238.11,137.96,221.12,72.194
237.3,138.13,221.01,72.519
238.56,138.44,220.58,72.606
238.23,138.9,220.47,72.626
238.71,139.87,220.51,72.589
237.06,141.06,220.91,72.354
237.37,141.41,220.54,72.456
237.14,141.89,220.4,72.549
238.14,142.05,219.96,72.717
237.11,142.58,219.63,72.62
237.24,142.88,219.24,72.379
236.74,143.4,219.39,72.202
235.88,143.53,218.91,71.84
235.82,144.29,219.43,71.402
235.77,144.34,218.74,71.287
235.76,144.47,218.94,71.09
235.88,145.55,219.32,70.955
233.69,145.5,219.4,70.766
233.79,145.62,219.69,70.343
233.6,145.46,219.94,70.149
232.46,145.38,220.25,69.86
231.31,145.88,220.18,69.839
232.74,146.61,219.82,69.514
231.79,146.51,219.54,69.334
231.93,146.64,219.15,69.065
231.44,146.65,218.57,68.729
231.74,147.23,218.51,68.287
233.79,147.41,218.13,68.038
234.39,147.2,218.04,67.739
233.58,146.81,218.24,67.482
233.14,146.82,217.98,67.239
231.43,147.22,217.77,67.223
233.56,147.75,216.6,67.202
233.21,147.91,216.4,67.088
232.9,147.78,215.5,67.2
230.65,147,214.96,67.403
226.92,145.94,214.64,67.551
227.84,145.4,214.05,68.013
227.31,146,213.93,68.159
224.32,145.45,214.39,68.342
220.2,145.36,215.58,68.563
215.23,144.83,217.04,68.611
212.23,144.59,219.37,68.462
210.73,144.82,221.38,68.77
209.17,144.45,223.5,68.757
208.91,143.4,225.41,69.138
205.07,141.85,226.82,69.732
202.43,140.46,228.2,70.559
200.64,138.89,230.08,71.508
202.2,137.7,231.82,72.499
199.56,137.09,231.57,72.942
198.62,136.25,230.64,73.23
192.02,135.74,230.41,73.287
193.03,135.49,230.52,73.555
192.79,135.22,230.76,73.564
192.76,135.03,231.05,73.524
189.01,134.71,230.59,73.797
188.06,134.26,229.61,74.192
187.04,134.93,228.96,74.467
187.37,135.45,228.51,74.723
186.52,135.67,228.46,74.625
183.35,134.48,228.28,74.55
184.29,134.43,229.07,74.448
183.71,133.78,228.85,74.451
183.88,133.96,228.76,74.611
183.17,133.89,227.98,74.835
181.68,133.39,227.36,74.599
182.68,133.44,227.77,74.602
182.28,133.04,227.18,74.686
181.79,133.39,227.65,74.615
181.5,133.27,228.04,74.389
181.4,133.56,228.76,74.366
180.36,133.41,229.8,74.334
179.58,133.16,230.91,74.558
179.4,132.78,232.06,75.036
178.75,132.56,233.49,75.505
178.08,132.83,234.55,75.765
177.57,132.82,235.23,75.93
177.16,132.84,235.81,76.1
177.99,132.25,236.15,76.402
177.87,132.72,237.16,76.437
179.29,131.93,237.69,76.854
178.48,132.24,238.97,76.966
178.68,131.42,239.64,77.342
177.53,131.33,240.55,77.804
177.39,131.21,241.46,77.974
177.6,130.73,241.46,78.245
178.63,130.29,241.41,78.465
178.6,129.98,241.27,78.613
177.62,130.56,241.97,78.609
177.51,130.85,242.39,78.604
178.87,130.51,242.21,78.573
179.33,130.36,241.95,78.303
179.48,130.67,241.88,78.17
180.39,130.55,241.58,78.29
181.78,130.67,240.9,78.093
183.99,131.19,239.92,77.944
183.53,131.77,239.1,78.051
183.86,131.96,238.34,78.007
184.75,132.25,238.04,77.88
185.79,131.9,237.37,77.808
186.89,131.85,237.32,78.139
186.87,131.8,236.44,78.489
187.22,131.37,235.77,78.599
188.79,131.03,235.19,78.792
190.04,130.64,235.04,78.866
191.89,129.29,234.3,79.389
191.98,128.18,233.46,80.551
192.47,127.72,232.55,81.197
193.09,127.6,232.28,81.745
193.53,126.54,232.19,82.454
193.23,127.11,232.63,82.796
192.89,127.28,233.32,82.377
193.1,128.44,233.96,82.027
191.91,128.13,234.39,81.917
191.82,128.07,235.14,81.662
191.4,128.71,236.53,80.818
189.81,128.74,238.3,80.306
190.13,129.39,239.83,80.212
187.2,129.77,240.51,80.122
188.44,129.67,241.79,79.972
187.38,128.99,242.07,80.02
187.33,128.76,242.42,80.043
186.35,128.77,242.59,79.95
184.96,129.43,243.85,79.716
185.78,129.33,245.2,79.659
187.48,128.99,245.22,79.68
187.96,128.25,245.13,79.504
187.73,128.24,245.08,79.292
187.6,128.5,245.49,79.315
187.04,127.95,245.62,79.434
185.37,127.47,245.7,79.321
187.05,127.32,245.89,79.401
186.35,127.34,246.31,79.176
185.76,127.6,246.66,78.985
184.91,127.77,246.45,78.659
191.95,126.04,240.79,82.019
195.56,123.61,236.03,84.25
198.21,122.64,232.47,85.777
200.66,121.78,229.16,86.857
202.61,121.12,226.05,87.441
206.21,120.99,223.49,87.544
206.16,120.64,221.41,87.409
208.23,121.11,219.34,87.193
208.7,121.14,217.73,86.857
209.75,121.25,215.91,86.677
212.49,122.01,213.43,86.579
215.1,122.88,211.53,86.286
216.22,122.5,210.11,85.739
217.57,122.76,208.6,85.142
218.29,122.54,207.48,84.5
219.46,122.56,206.64,83.892
220.67,122.79,205.63,83.502
222,122.71,204.51,83.029
224.02,122.72,203.31,82.597
224.6,123.18,202.1,82.39
226.36,123.39,200.7,82.356
227.48,123.42,199.16,82.244
227.66,123.54,197.86,82.062
228.03,123.76,196.81,82.064
228.61,123.86,196.16,81.883
229.42,124.14,195.44,81.868
229.02,123.82,195.09,82.098
228.55,123.61,194.74,82.243
228.9,123.1,194.51,82.319
229.36,123.18,194.21,82.376
230.44,123.15,194.58,82.517
232.26,123.09,194.46,82.471
233.83,123.14,194.28,82.359
233.72,123.34,194.53,81.773
235.31,124.07,194.36,81.408
234.9,124.67,195.07,80.826
235.81,125.06,195.03,80.744
236.87,125.56,194.55,80.511
236.91,126.17,194.02,80.486
237.11,126.76,193.64,80.215
237.36,127.09,193.75,79.894
235.6,127.15,194.11,79.358
234.1,126.82,194.18,78.89
235.18,126.51,193.3,78.65
235.93,126.44,192.87,78.501
234.43,127.44,191.93,78.408
234.24,128.11,191.06,78.216
234.09,128.86,190.17,78
233.83,129.05,188.92,77.707
232.58,130.33,187.51,77.521
230.3,132.38,186.23,77.239
230.57,132.92,184.69,77.109
231.47,133.21,183.13,76.716
228.86,134.41,182.33,76.302
226.76,135.99,181.9,76.023
225.24,137.47,181.56,75.733
223.73,138.62,180.81,75.295
223.56,138.69,180.29,75.107
224.05,138.71,179.48,74.978
224.66,139.23,178.49,74.826
224.7,140.9,176.9,74.442
223.15,142.29,176.65,73.769
223.43,142.8,176.11,73.265
224.14,143.25,175.43,72.845
224.87,144.2,174.56,72.265
224.41,145.32,174.3,71.547
222.59,145.98,173.95,71.174
222.43,145.22,173.28,70.838
223.76,145.28,171.8,70.869
223.96,145.43,171.11,70.86
222.82,146.31,171.12,70.63
224.92,147.07,169.88,70.674
224.5,148.26,170.11,70.2
222.73,148.44,170.13,69.66
222.29,148.96,169.5,69.294
221.44,149.25,169.04,69.279
221.62,150.09,168.69,69.113
221.24,150.03,168.27,69.004
221.83,150.57,168,68.79
221.37,150.46,168.01,68.726
221.41,150.36,167.85,68.594
220.75,150.76,167.85,68.597
220.7,150.22,167.64,68.643
220.42,151.08,167.9,68.503
220.11,151.02,168.09,68.728
219.47,151.87,168.4,68.984
219.21,152.27,169.15,69.127
218.82,152.72,169.87,69.227
217.28,153.17,170.52,69.256
215.58,153.04,171.24,69.272
214.1,153.5,171.99,69.491
214.56,153.51,171.68,69.869
214.83,153.6,171.68,70.152
214.27,153.75,171.57,70.331
214.08,154.07,171.39,70.538
213.14,154.78,171.52,70.641
212.93,154.75,171.25,70.954
212.81,154.76,171.17,71.188
212.72,154.93,171.13,71.283
212.77,155.11,171.26,71.448
213.19,155.2,170.97,71.622
212.54,155.39,171.53,71.543
212.55,155.16,171.98,71.523
213.86,155.7,171.84,71.523
214.22,155.91,171.73,71.41
215.69,156.08,171.51,71.617
216.02,156.5,171.77,71.496
216.95,156.51,171.89,71.435
216.96,156.77,172.17,71.358
216.36,156.95,172.64,71.614
215.98,157.48,173.03,71.608
216.29,157.7,173.11,71.869
215.94,157.6,173.35,71.646
215.18,158.15,173.44,71.448
214.93,158.27,173.49,71.061
214.99,158.1,172.81,71.008
214.53,157.79,172.48,70.792
214.5,157.6,171.75,70.772
214.41,157.38,171.08,70.949
213.81,157.79,170.85,70.776
214.24,158.36,170.29,70.558
212.23,158.36,169.88,70.515
211.47,158.46,169.25,70.622
210.27,158.47,168.97,70.611
209.24,159.52,168.49,70.385
209.25,159.47,168.41,70.027
208.27,160.3,168.51,69.854
207.36,160.38,168.28,69.801
207,161.09,168.7,69.377
206.72,161.66,168.89,69.046
206.15,162.08,169.22,68.862
202.55,161.52,169.99,68.902
200.86,161.13,170.11,68.946
199.86,161.62,169.96,68.871
198.91,161.78,169.21,68.936
197.88,161.44,169.09,68.706
197.05,160.56,168.69,68.401
196.62,160.5,167.7,68.135
195.22,160.29,167.19,68.088
195.28,160.2,166.06,68.059
195.18,160.21,165.38,67.734
194.97,159.24,164.42,67.687
194.58,158.88,163.1,67.758
192.76,160.1,162.29,67.688
192.56,160.7,161.09,67.448
192.99,161.24,160.11,67.019
190.5,161.64,158.68,66.656
190.28,161.85,156.93,66.341
190.17,162,155.23,66.075
189.32,162.33,154.2,65.594
188.85,162.22,153.22,65.01
187.71,163.38,151.95,64.966
186.57,164.46,150.68,64.714
187.15,164.92,149.38,64.605
185.62,166.84,148.7,64.312
184.28,169.93,147.94,64.407
182.6,176.01,151.04,64.549
180.5,180.05,154.11,64.377
178.73,183.29,157.2,64.625
177.88,184.74,159.55,65.271
179.03,186.07,161.31,66.435
179.09,188.26,162.82,68.103
178.31,188.77,164.48,69.77
177.6,189.51,166.88,71.483
176.93,189.53,169.33,73.244
176.31,190.26,171.88,75.558
175.52,191.76,175.1,77.953
175.93,192.17,178.34,80.165
177.3,192.94,180.89,82.817
178.29,192.99,184.03,84.887
177.17,192.8,187.49,86.447
185.53,192.44,187.06,87.475
188.52,191.67,188.69,88.302
196.95,188.8,189.39,88.771
200.05,188.23,191.96,88.778
202.64,187.72,193.85,88.761
211.03,185.2,194.91,88.66
215.66,184.14,195.09,88.4
218.84,184.2,194.27,88.887
220.8,183.68,194.88,88.671
222.69,183.52,194.95,88.781
226.54,183.78,196.84,88.277
228.99,184.52,198.78,87.961
230.6,184.3,200.98,88.062
232.14,184.11,202.67,88.196
232.54,183.67,204.69,88.237
233.03,184.42,207.84,88.106
234.09,184.35,211.13,87.434
232.16,183.36,214.38,87.107
230.99,184.22,216.79,87.322
229.77,183.24,219.66,87.655
227.86,182.17,222.13,87.643
227.93,181.89,223.92,87.884
226.54,180.43,225.61,87.875
225.59,179.86,227.86,88.472
225.78,178.33,229.37,88.399
225.35,177.04,230.39,88.53
224.78,175.54,231.68,88.96
224.18,173.89,233.22,89.441
224.2,173.06,234.26,90.39
223.28,172.44,235.14,90.894
223.96,172.32,235.28,91.734
224.19,171.53,235.71,92.214
224.49,171.3,235.95,93.019
224.87,171.09,236.55,93.628
224.39,170.82,237.05,94.26
225.45,168.68,236.83,94.711
228.59,167.2,236.48,95.008
229.73,167.61,236.67,94.882
229.29,165.45,236.12,94.741
231.8,164.55,234.99,95.181
232.41,162.89,234.03,95.03
234.8,162.02,232.7,95.115
236.32,162.11,231.86,94.986
238.73,160.77,231.25,95.281
239.06,160.02,230.46,95.288
241.71,158.47,229.92,94.816
244.86,158.07,228.6,94.979
245.16,157.39,227.26,95.009
245.26,157.61,226.44,94.861
248.37,157.28,225.5,94.9
248.61,157.58,223.82,94.972
249.37,157.55,222.07,94.933
249.86,157.97,221.27,94.636
250.86,158.46,220.56,94.402
250.34,159.44,219.97,94.28
251.27,160.66,219.99,94.292
250.89,161.54,219.97,94.202
252.61,164.18,220.05,94.426
252.58,166.03,219.89,94.298
252.42,166.5,219.48,94.065
253.59,168.42,218.84,94.371
253.99,169.54,218.11,94.046
254.51,171.68,216.91,93.731
253.24,172.89,216.62,93.383
252.71,173.39,216.74,93.01
253.32,175.21,216.92,92.428
253.6,176.25,216.94,91.954
253.14,176.89,217.11,91.666
252.43,177.05,216.8,91.347
253.49,177.5,216.33,91.373
253.68,177.69,215.53,91.446
253.92,177.95,214.63,91.34
253.73,178.64,214.05,91.239
253.65,178.4,213.59,91.173
254.62,178.62,213.5,90.884
255.46,179.13,213.79,91.079
256.16,179.48,213.32,91.324
256.78,179.77,212.63,91.537
257.37,179.29,212.48,91.695
257.05,180.11,212.49,91.699
257.23,180.06,212.94,91.752
256.97,180.32,213.48,91.83
256.43,179.85,213.63,91.923
257.04,179.28,213.82,92.1
256.84,179.19,214.58,92.142
257.13,179.39,215.16,92.439
256.48,178.97,215.03,92.572
256.31,179.4,215.87,92.516
255.64,179.05,216.13,92.865
255,179.33,216.62,93.084
255.31,178.91,217.02,93.397
254.81,178.47,216.67,93.697
255.7,179.39,217.69,93.493
255.22,178.98,217.8,93.549
255.9,178.86,217.89,93.715
255.57,179.87,218.32,93.494
254.4,180.29,218.61,93.061
253.96,180.16,218.96,92.942
255.08,179.93,218.77,93.154
255.45,180.21,218.73,93.131
254.72,179.96,218.9,93.156
254.62,179.81,219.28,93.355
256.48,179.73,219.08,93.656
256.24,179.47,219.6,93.28
256.11,180.13,219.65,93.388
255.21,180.95,220.06,93.088
254.06,180.6,220.94,92.744
253.67,180.9,221.07,92.705
254.28,180.85,220.95,92.877
253.36,181.4,221.4,92.642
252.39,181.17,221.76,92.478
253.13,181.35,221.68,92.656
252.39,181.51,221.76,92.69
251.57,181.45,221.98,92.847
250.9,181.68,222.64,92.783
250.92,181.47,222.72,92.816
250.73,181.69,223.25,92.967
250.9,181.44,223.58,93.078
250.62,181.57,223.85,93.238
249.67,181.82,224.24,93.198
250.77,181.46,224.06,93.042
250.21,181.65,224.29,93.051
250.46,182,224.45,93.007
249.92,182.05,224.23,92.863
250.05,182.39,224.43,92.829
249.72,181.94,224.34,92.533
250.35,181.67,224.52,92.504
249.75,181.96,224.71,92.592
250.8,182.15,225.16,92.667
250.05,182.09,225.2,92.699
249.09,181.99,225.75,92.527
248.46,181.87,226.49,92.573
248.04,181.86,226.66,92.557
247.76,181.95,227.55,92.762
246.47,182.15,228.8,92.524
247.06,182.29,229.81,92.583
246.71,182.45,230.68,92.431
245.59,182.35,230.93,92.385
244.8,182.73,231.02,92.197
244.38,183.16,231.49,91.989
243.53,182.74,231.56,91.975
242.74,182.91,232.16,91.923
242.9,182.74,232.75,91.968
242.82,182.56,232.9,92.039
243.66,181.94,232.77,92.447
243.05,181.62,232.85,92.903
243.11,181.92,232.64,93.211
241.58,182.2,233.61,93.115
241.16,182.85,233.92,93.413
240.44,183.15,234.56,93.388
240.62,183.41,235,93.228
240.76,183.64,235.37,93.145
240.16,183.89,235.52,92.842
240.94,184.08,235.37,92.702
240.28,184.19,234.76,92.581
240.12,184.51,234.88,92.508
239.89,184.86,235.04,92.446
240.21,184.61,235.48,92.023
240.94,184.64,235.12,92.194
241.73,184.44,235.04,92.066
241.51,185.14,234.02,92.465
241.05,184.78,234.27,92.371
241.13,185.29,233.98,92.529
240.8,185.16,234.65,92.21
241.43,184.95,234.79,92.255
240.69,184.42,234.84,92.376
241.12,184.2,234.85,92.453
240.73,184.85,233.88,92.987
240.82,184.4,233.48,93.117
240.53,184.4,233.68,93.404
241.37,184.01,233.57,93.377
241.87,183.46,233,93.217
241.6,182.91,232.81,93.364
240.85,184.15,232.5,93.568
240.79,183.89,232.4,93.508
241.29,183.09,232.6,93.31
241.12,183.62,232.31,93.522
241.09,184.41,232.61,93.642
241.69,183.8,233.13,93.152
241.17,183.57,233.26,93.401
240.22,184.54,232.88,93.817
240.51,184.03,232.79,93.381
241.04,183.98,232.28,93.02
240.7,184.02,232.09,93.146
241.2,184.32,231.74,92.987
240.46,184.07,232.23,92.786
240.23,184.83,232.25,93.026
239.95,184.4,232.7,92.697
239.42,184.32,232.97,92.979
239.14,183.62,233.11,92.941
238.46,183.38,234.24,93.128
237.51,183.13,235,93.32
236.27,182.94,235.83,93.441
237.67,182.4,237.07,93.29
236.02,182.21,238.32,93.637
237.43,181.4,238.11,93.563
236.39,180.52,238.58,93.856
236.27,181.37,238.63,93.963
237.09,180.48,238.93,93.98
235.91,180.7,239.12,94.153
236.93,180.42,239.2,94.34
235.68,180.53,239.06,94.814
236.19,180.32,239.27,94.742
236.2,179.9,239.17,94.792
237.42,180.11,238.46,95.252
238.05,179.94,237.94,95.66
236.63,179.65,237.96,95.727
237.83,179.1,237.88,95.614
238.47,179.57,237.48,95.634
237.29,179.35,237.66,95.655
237.58,179.08,237.63,95.522
237.93,179.23,237.44,95.464
237.21,179.16,237.38,95.419
238.11,179.68,237.3,95.113
237.91,179.83,237.57,94.94
236.93,179.7,238.2,94.808
237.23,179.55,238.34,94.747
237.85,178.98,238.13,94.77
237.12,178.7,237.61,94.892
238.76,178.6,237.73,94.63
237.74,178.36,237.39,94.837
238.02,178.75,236.86,94.816
239.03,178.83,236.36,94.709
238.62,178.74,236.37,94.661
238.06,178.98,236.48,94.531
238.49,179.57,236.21,94.487
237.38,179.25,236.55,94.474
238.49,179.91,235.95,94.388
238.95,179.42,236.36,94.167
238.11,179.53,236.27,94.204
238.58,179.74,235.86,94.231
238.06,179.73,236.16,94.206
239.88,179.54,236.15,94.15
240.26,179.53,236.18,94.155
240.06,179.35,236.14,93.986
239.04,179.83,236.35,94.03
238.79,180.04,236.3,94.026
238.95,179.89,236.79,94.002
238.65,180.03,236.91,94.018
238.72,180.03,236.54,94.167
238.75,179.88,236.29,94.265
238.71,179.75,236.08,94.327
237.48,180.19,236.05,94.228
237.83,179.84,235.86,93.998
237.2,180.27,235.91,93.88
237.12,180.31,235.57,93.536
237.18,180.42,235.16,93.28
238.47,180.1,234.49,93.301
238.23,181.02,234.5,93.695
238.49,181.03,234.61,93.82
238.06,181.47,235.13,93.96
237.11,181.61,235.75,93.986
237.19,181,236.1,93.94
236.18,181.35,236.31,93.74
236.83,181.8,235.97,93.473
237.62,181.81,235.83,93.251
236.08,182.43,236.18,93.384
236.44,181.78,236.15,93.145
235.85,183.1,236.66,93.06
235.46,182.6,236.81,92.755
235.12,183.26,236.99,92.71
235.96,182.86,236.9,92.414
235.84,182.79,236.66,92.372
236.06,182.7,236.17,92.276
236.03,182.82,236.1,92.165
235.94,182.83,236.01,92.134
235.88,182.86,235.93,92.101
235.68,182.67,236.18,92.277
235.35,182.35,236.49,92.495
235.38,181.94,236.54,92.683
235.21,182.34,236.69,92.902
235.37,182.21,236.7,93.04
235.54,181.66,236.49,92.902
234.9,181.73,236.37,92.94
234.71,181.99,236.13,92.935
234.91,182.12,235.97,92.869
236.03,181.93,235.76,92.806
235.77,181.85,235.53,92.633
233.86,181.9,235.92,92.396
234.01,181.91,236.34,92.181
234.44,181.51,236.4,92.078
233.97,181.4,236.55,92.047
233.39,181.36,236.82,92.049
233,181.21,238.2,91.759
232.15,181.13,238.6,91.458
231.89,181.62,239.27,91.764
231.73,180.94,240.3,91.6
233.26,180.43,240.71,91.55
232.98,180.3,240.06,91.575
233.32,180.82,239.71,91.596
233.01,180.96,239.46,91.501
233.84,180.97,239.44,91.499
234.12,181.02,239.22,91.353
235.15,180.55,239.04,91.214
235.33,180.55,238.68,91.212
236.21,180.92,238,91.361
236.57,180.94,237.9,91.591
235.94,180.51,237.32,92.018
235.72,180.03,237.79,92.142
237.03,179.33,237.97,92.075
236.04,179,237.84,92.36
236.65,179.15,236.82,92.419
238.16,179.28,236.04,92.287
237.97,179.14,235.82,92.639
238.7,178.42,235.36,92.668
238.45,178.07,235.57,92.875
238.11,178.35,236.22,93.266
237.59,178.9,237.17,93.548
235.78,178.1,237.27,93.657
238.25,177.35,237.33,93.464
236.55,176.58,238.02,93.887
235.62,176.05,238.23,94.307
236.85,176.11,238.07,94.482
237.53,176,237.61,94.942
237.22,175.51,237.58,95.481
237.56,175.54,237.47,95.842
237.55,174.88,237.5,95.989
237.04,174.95,237.66,96.134
237.26,174.88,237.32,96.144
236.83,175.39,237.78,96.14
235.92,175.28,237.68,96.094
236.26,175.56,237.58,96.049
237.32,175.4,237.13,95.633
237.39,175.52,236.53,95.8
237.97,175.69,236.31,95.702
237.79,175.51,236.15,96.121
238.7,175.78,235.97,96.105
238.49,175.94,236.17,95.987
238.25,176.12,236.03,96.041
239.08,174.82,235.53,96.198
237.39,175.64,236.45,96.011
237.86,176.08,236.59,95.944
237.35,176.4,236.83,95.775
236.22,176.87,236.84,95.443
236.71,177.48,236.53,95.065
237.3,177.47,236.29,94.638
237.6,177.48,236,94.669
238.03,177.43,235.76,94.999
237.68,178.38,235.92,94.971
237.22,178.48,235.73,94.93
236.51,178.96,236.37,94.875
236.23,179.22,236.62,94.734
237.27,179.73,236.32,94.584
238.17,180.1,236.51,94.398
239.07,179.95,236.46,94.189
238.98,179.77,236.19,93.579
239.85,180.25,235.82,93.423
239.5,180.45,235.33,93.422
239.43,180.59,235.15,93.421
239.44,180.72,235.03,93.164
239.26,180.94,234.97,93.2
239.12,180.86,234.99,92.876
238.7,181.08,235.01,93.094
238.54,180.89,235.19,93.271
237.77,180.55,235.06,93.264
238.61,180.48,234.64,93.332
239.42,180.61,234.15,93.514
240.37,180.82,233.91,93.969
240.81,180.44,234.39,93.677
240.47,180.55,234.45,93.419
240.09,180.66,234.5,93.198
240.44,180.79,234.54,93.341
239.71,180.22,234.01,93.152
239.57,180.51,233.75,92.858
239.78,181.19,233.13,93.087
239.52,181.18,233.21,92.969
239.33,181.12,233.2,92.885
239.92,181.1,233.17,92.772
239.75,180.69,233.04,92.871
240.45,180.6,232.55,93.196
240.44,180.33,232.47,93.064
241.22,180.58,232.08,93.265
240.15,180.08,232.81,93.238
239.64,179.97,232.94,93.52
238.9,180.7,233.24,93.611
238.63,180.58,233.19,93.505
238.94,181,233.13,93.563
239.31,181.47,233.4,93.741
240.3,181.31,232.71,94.083
239.64,182,233.13,94.017
239.5,181.95,232.82,93.706
239.56,182.13,232.46,93.715
238.82,183.9,233.01,93.403
238.35,183.84,232.52,93.501
238.8,184.62,231.54,93.303
239.09,184.97,230.66,93.336
239.63,185.37,230.16,93.111
242.29,186.24,228.38,93.021
242.79,185.75,227.82,92.779
242.97,186.21,227.26,92.917
242.47,186.17,227.46,92.822
242.73,186.23,226.73,92.788
242.37,186.98,226.33,92.805
240.97,187.79,226.46,92.722
241.65,188.46,225.61,92.519
241.51,188.72,225.25,92.384
240.72,189.19,225.22,92.161
242.13,189.97,224.34,91.779
240.56,189.57,224.87,91.365
240.36,189.62,225.16,91.049
241.23,189.89,225.18,90.321
240.58,189.53,225.67,90.031
239.38,189,225.83,90.135
239.86,188.57,226.28,90.109
239.71,189.09,226.49,90.23
240.44,189.35,226.74,90.249
239.94,189.42,227.41,90.112
237.72,188.92,227.35,89.876
236.76,189.29,227.96,89.893
236.4,189.18,228.54,89.637
235.45,189.17,229.13,89.56
235.06,189.44,229.61,89.709
233.14,189.1,231.84,89.48
232.02,188.72,233.21,89.648
233.69,188.47,233.51,89.915
234.23,187.67,233.91,90.212
234.43,186.82,233.98,90.498
233.46,185.78,234.56,90.691
232.58,185.08,234.7,91.057
232.55,184.82,235.13,90.992
232.75,184.62,235.36,90.946
233.03,184.46,235.53,90.912
232.53,184.28,235.85,90.985
232.82,184.09,236.26,90.89
232.93,184.01,236.43,90.892
232.9,183.96,236.73,91.132
233.21,183.71,236.46,91.298
233.64,183.67,237.25,91.302
235.51,184.68,236.43,91.123
235.7,184.79,236.07,91.364
237.76,184.63,234.73,91.794
237.65,184.46,234.32,92.043
241.06,184.31,232.74,92.083
245.75,184.58,230.79,92.255
244.11,185.32,230.63,91.638
245.35,185.48,229.84,91.295
245.15,185.44,229.35,90.989
249.93,185.94,227.81,90.815
249.48,186.56,226.84,90.124
248.31,187.25,226.98,89.363
249.95,187.7,226.83,89.362
248.45,188.01,226.66,89.056
248.79,188.46,226.68,89.018
248.72,188.78,226.55,88.932
249.97,189.42,225.66,88.935
249.45,189.98,225.27,88.913
250.04,190.15,224.71,88.936
252.06,189.92,224.07,88.391
250.61,189.75,223.92,87.88
251.14,190.1,223.58,87.645
251.99,190.13,223.15,87.697
252.08,190.13,222.57,87.338
252.82,189.88,222.38,87.2
253.34,189.54,221.93,87.268
255.91,188.32,220.24,86.935
255.55,188.06,219.23,87.366
256.18,188.3,218.42,87.517
255.58,187.98,217.82,87.487
256.44,187.69,217.55,87.633
259.55,187.53,217.24,87.259
260.72,187.67,215.94,87.073
260.76,187.72,214.92,86.813
261.01,187.56,213.89,86.91
261.68,187.17,213.41,87.109
261,188.21,213.44,87.014
261.34,188.76,212.9,86.884
261.29,188.03,212.19,86.94
262.91,188.28,211.52,86.781
263.43,188.68,212.03,86.446
262.37,189.16,212.13,86.183
263.56,189.02,212.05,86.374
263.45,188.36,211.76,86.311
263.12,188.35,211.84,86.294
261.36,190.46,212.33,87.424
260.8,190.63,212.13,87.311
260.92,192.22,212.66,87.385
262.44,191.84,212.58,87.389
261.95,191.27,212.37,87.068
261.05,193.57,212.82,87.416
261.9,194.22,212.97,86.936
261.83,195.6,213.19,86.707
262.74,196.14,213.02,86.305
262.35,196.4,212.89,85.902
262.22,197.11,212.99,85.707
261.28,198.18,213.72,85.628
261.54,197.58,213.53,85.688
261.82,198.18,213.94,85.363
261.55,198.09,213.85,85.061
261.76,198.8,214.41,84.692
263.78,198.43,214.42,84.69
262.51,198.5,214.57,85.09
262.39,198.22,214.68,85.239
261.73,198.47,214.78,85.269
262.76,197.82,214.54,85.2
261.35,197.95,214.68,85.473
262.57,197.52,214.74,85.181
263.66,197.28,214.33,85.229
262.39,197.23,214.14,85.458
263.73,197.38,213.55,85.531
263.05,197.63,213.5,85.29
265.29,197.33,212.69,85.496
264.16,197.68,212.56,85.483
267.23,197.5,211.36,85.718
267.04,197.99,210.96,85.895
266.55,198.06,211.1,85.74
268.79,198.57,211.05,85.113
268.79,198.6,210.86,84.973
268.96,198.3,210.19,84.819
269.3,198.51,209.88,84.764
270.13,198.95,209.15,84.745
271.58,199.44,208.79,84.32
273.89,198.78,207.88,83.57
272.8,199.71,208.06,82.883
273.02,200.02,207.75,82.659
271.81,199.94,207.65,82.717
271.97,199.84,207.17,82.768
272.08,199.76,206.77,82.768
272.3,199.11,206.83,82.998
270.97,199.5,207.3,82.998
269.84,200.31,207.82,83.053
270.92,200.53,208.14,83.148
270.53,200.48,208.57,83.249
270.7,200.1,208.95,83.047
270.82,200.15,209.48,83.171
269.78,199.72,209.93,83.748
270.49,199.39,209.69,83.951
269.49,199.13,209.94,84.188
269.54,199.14,210.39,84.345
269.44,199.04,210.79,84.399
268.45,199.21,211.57,84.472
268.72,198.84,211.67,84.48
267.33,198.68,212.24,84.627
268.62,198.3,212.17,84.911
267.17,198.33,212.41,84.775
269.67,197.78,211.72,84.609
266.94,199.26,212.36,84.474
265.97,199.1,212.97,84.252
267.5,198.87,212.76,84.343
265.96,199.44,212.8,84.566
264.34,199.4,213.36,84.463
263.31,200.26,213.47,83.998
263.29,200.53,212.96,83.955
263.8,200.54,212.45,84.218
262.68,200.57,212.62,83.929
263.27,200.45,212.47,84.125
262.31,200.12,213.13,83.936
262.66,199.91,213.41,84.211
263.47,199.81,214.01,84.507
263.9,199.67,213.84,84.732
264,199.42,213.82,84.989
264.13,199.45,214.07,85.36
264.44,199.06,214.2,85.421
264.97,199,214.48,85.46
264.34,198.97,214.92,85.438
265.22,198.22,214.9,85.962
265.15,197.72,215.33,86.502
264.51,198.19,216.15,86.853
264.62,197.74,216.68,87.022
265.41,197.38,215.91,87.13
265.17,198.05,215.87,86.961
264.9,196.85,215,87.142
267.65,196.68,213.91,87.197
265.65,197.49,214.53,86.707
265.49,195.6,213.6,86.704
269.47,195.8,212.42,86.737
268.62,194.86,211.74,87.46
268.48,194.15,211.57,87.69
269.15,194.21,211.72,87.987
268.46,193.32,211.18,88.271
268.02,192.39,210.8,88.791
268.63,192.34,210.4,89.064
269.57,192.39,210.39,89.447
271.14,191.54,209.74,90.049
271.46,190.35,209.45,90.327
271.44,189.74,209.39,90.529
271.83,189.1,209.49,90.763
270.02,189.62,209.7,91.323
268.42,189.97,210.64,90.458
268.67,188.45,211.89,89.668
267.97,186.85,212.76,89.139
269.17,186.92,212.72,89.778
268.56,186.16,212.68,89.8
268.66,185.33,212.01,90.05
268.91,184.24,212.18,90.31
270.78,183.79,211.75,90.535
271.89,183.26,211.12,90.961
272.93,182.95,210.18,91.57
273.78,182.25,209.27,92.242
275.11,181.15,208.24,92.635
274.63,181.33,208.03,92.416
272.56,181.42,208.28,92.163
273.2,181.23,208.51,92.001
273.31,180.94,208.78,91.748
272.72,182.57,208.71,91.853
270.94,182.61,208.57,91.601
271.72,182.69,209.01,91.538
271.02,182.53,208.97,91.609
270.3,183.04,209.87,91.352
270.14,183.37,210.23,90.836
269.55,183.96,210.74,90.646
269.17,183.73,211.24,90.442
268.66,183.43,211.72,90.313
267.46,183.59,212.42,90.229
266.94,183.1,213.03,90.22
267.03,182.71,213.53,90.464
267.8,183.11,213.44,90.723
267.13,183.27,214.03,90.643
267.42,182.92,214.42,90.73
267.24,182.78,214.43,91.173
268.35,184.06,214.03,91.879
267.09,184.7,214.48,91.806
267.18,184.37,214.51,91.306
267.8,184.81,214.21,91.053
268.88,184.85,213.8,91.041
269.82,185.46,212.76,91.513
270.38,185.74,212,91.784
269.73,185.96,211.87,91.712
270.69,185.82,211.28,91.677
269.57,185.96,211.12,91.571
268.95,186.07,211.07,91.484
269.39,185.57,211.28,91.869
269.42,184.88,211.75,91.844
270.4,185.62,211.42,92.149
268.91,185.52,211.93,91.534
269.18,185.86,211.41,91.677
269.77,183.66,211.27,91.709
269.97,183.86,211.04,92.656
268.89,183.54,211.03,92.786
269.3,183.78,212.08,92.227
268.74,183.25,212.45,92.169
267.77,182.62,213.07,91.908
268.24,182.51,213.56,92.19
268.44,182.58,213.84,92.216
271.87,183.14,212.44,92.248
271.73,183.07,211.4,91.963
272.18,183.41,209.79,92.04
272.33,183.66,208.5,91.87
272.89,182.83,207.38,91.238
271.25,183.04,207.25,90.988
267.48,182.67,208.28,90.632
266.87,183.46,209.55,90.334
265.57,183.38,210.46,89.68
265.89,183.45,211.87,88.618
265.38,183.57,212.39,88.047
265.72,182.58,211.94,87.931
265.31,182.18,210.78,87.44
266.76,182.57,208.96,87.084
266.1,182.39,208.2,86.564
272.27,182.76,206.07,85.466
273.95,183.68,204.38,84.679
277.38,183.1,199.53,84.621
278.19,183.58,195.45,83.854
279.81,184.27,191.81,83.014
284.79,185.06,186.97,82.627
