411,182,563,129
395.49,178.23,564.03,135.33
385.24,173.32,566.46,140.82
378.51,171.26,570.7,144.41
375.04,170.2,571.38,148.17
375.23,169.46,573.76,150.56
379.44,168.3,575.81,152.26
378.28,172.45,577.82,153.48
388.12,172.76,580.96,154.44
387.66,175.9,586.84,154.32
391.53,177.23,589.1,155.18
393.66,176.85,592.74,156.1
390.23,179.93,599.23,156.51
394.71,182.04,605.08,156.44
397.75,183.81,610.29,156.91
404.58,184.19,614.42,157.56
407.77,186.86,620.06,158.59
405.97,186.19,623.44,159.1
408.96,188.54,627.03,160.02
412.78,189.71,629.82,160.85
416.01,191.54,632.57,161.85
426.49,198.85,636.83,161.91
433.15,200.22,638.18,163.27
436.93,200.36,641.14,163.71
433.86,204.42,642.52,164.01
439.31,207.69,644.61,164.7
446.78,210.69,647.13,165.26
450.88,215.11,650.35,165.53
453.82,217.95,650.88,166.26
459.66,218.1,651.04,167.53
461.52,221.03,650.23,168.25
463.95,222.89,650.25,168.97
464.08,225.09,650.32,169.09
471.38,227.76,652.59,168.62
475.28,229.95,655.09,168.87
473.45,229.8,654.22,169.41
478.52,231.22,656.65,170.09
494.32,233.65,656.81,170.09
495.86,233.92,657.1,171.45
508.42,233.97,653.86,172.55
510.29,235.46,653.32,173.09
508.2,234.42,652.57,173.39
514.95,235.95,650.53,173.62
519.48,235.16,647.35,174.1
524.5,238.01,644.94,174.1
528.7,237.13,642.44,174.36
532.08,237.32,641.2,174.49
531.87,236.77,641.91,174.14
531.3,237.72,642.3,174.35
531.29,236.97,644.27,174.24
528.71,236.57,647.13,174.47
524.48,235.45,648.87,174.63
523.37,232.38,648.71,175.03
520.28,232.13,651.65,175.21
513.66,230.92,654.54,176.12
507.39,230.85,656.42,176.49
503.01,230.25,657,176.98
500.08,228.7,657.64,177.08
498.63,227.53,659.95,176.37
497.43,227.59,662.25,176.19
487.83,226.34,663.73,177.17
483.15,227.12,664.23,177.43
477.6,225.99,665.65,178.01
470.41,227.04,667.77,178.64
461.81,226.38,668.84,179.56
461.12,226.46,669.61,179.87
454.97,226.16,671.1,180.67
454.86,228.87,676.7,181.19
443.95,228.92,683.34,182.27
435.35,228.28,687.61,183.56
426.58,227.14,690.4,184.82
424.78,226.77,693.13,185.81
422.18,228.31,696.06,186.41
419.57,227.05,698.02,187.25
418.34,228.05,703.85,187.48
419.12,229.81,706.43,187.91
418.47,230.93,707.06,188.66
421.5,230.77,707.14,189.38
414.67,230.21,706.38,189.88
418.63,230.24,705.95,190.68
416.49,229.67,704.18,191.15
415.62,228.98,703.14,191.72
411.82,230.37,701.95,192.12
409.23,228.49,701.15,192.31
405.5,228.9,701.88,192.03
404.06,229.05,701.63,192.29
400.41,228.71,700.63,192.05
391.75,229.16,699.53,191.95
381.94,229.89,697.74,191.24
376.83,227.35,693.11,191.05
380.61,230.12,687.59,190.61
380.4,229.24,682.65,190.53
384.57,228.72,679.47,190.08
386.55,228.67,676.86,189.36
387.43,230.93,675.35,187.81
390.59,230.58,673.24,187.46
392.32,231.85,671.58,187
392.17,231.56,670.06,186.52
393.15,235.67,669.87,184.64
392.97,235.17,670.67,184.48
392.14,235.64,672.56,184.03
390.62,235.21,674.26,183.85
389.27,236.28,677.44,183.33
393.39,237.13,679.42,183.21
391.84,236.5,681.71,183.25
392.74,236.9,683.2,183.12
392.91,237.33,684.14,183.12
391.9,236.71,684.76,183.22
392.39,236.09,685.5,183.16
393.73,236.53,686.36,182.61
396.92,236.39,687.06,182.59
398.62,235.17,687.74,182.93
405.23,235,688.07,182.08
408.44,234.92,687.77,181.7
410.65,234.73,687.44,181.67
407.65,234.22,687.42,181.05
408.31,235.14,687.98,180.69
411.35,234.1,689.27,180.13
410.46,234.81,691.86,180.53
412.42,232.73,693.37,180.68
410.69,233.88,695.9,181.55
412.73,233.87,698.01,181.44
415.5,233.8,699.83,181.78
417.6,235.05,702.51,182.22
422.42,235.14,705.01,182.36
423.41,237.25,708.56,183.1
424.22,235.71,712.3,182.91
425.75,237.82,715.81,183.47
433.37,239.63,718.63,183.91
436.87,240.96,722.51,185.27
437.81,241.77,726.92,186.42
440.22,243.35,730.35,187.95
441.35,242.62,734.78,188.12
438.17,243.82,737.37,189.63
435.57,244.69,740.68,190.89
434.68,246.86,744.88,191.6
439.14,250.26,748.07,192.03
441.37,252.66,750.41,192.46
440.18,252.45,752.54,193.05
441.59,255.88,753.85,193.18
442.64,257.72,755.85,192.9
441.25,260.87,758.89,192.87
437.49,262.74,763.38,193.16
435.7,267.17,769.07,193.54
430.24,268.51,771.48,194.81
422.74,271.51,776.33,195.64
418.03,272.67,781.19,196.7
414.09,274.38,785.7,197.78
409.08,276.48,791.14,198.84
406.98,277.76,794.98,200.74
404.09,277.89,797.46,201.83
403.06,279.69,800.78,202.74
402.5,280.97,802.94,204.05
396.03,281.8,805.54,205.56
394.92,281.57,807.01,206.75
393.28,282.83,810.4,207.55
391.44,281.94,812.94,208.53
391.04,284.08,815.17,209.27
393.64,285.18,814.31,210.46
399.03,285.46,814.16,211.96
398.17,288.13,813.51,212.25
398.74,289.64,813.49,213.47
397.57,289.45,813.32,215.04
398.17,290.65,813.03,215.99
399.8,291.37,813.17,217.13
398.02,293.46,813.51,217.67
399.08,295.01,815.1,219.06
404.37,295.76,814.3,221.09
408.98,293.98,814.69,223.09
408.46,296.6,817.47,222.43
407.62,299.84,820.34,222.19
404,302.98,823.96,222.03
395.18,304.84,828.29,222.41
386.53,307.79,830.84,223.14
380.36,309.29,834.46,223.03
380.29,311.52,833.73,222.85
382.33,312.41,832.84,222.35
385.75,317.47,829.48,222
392.22,321.86,826.97,222.09
395.09,326.61,823.68,222.4
396.7,329.75,824.1,221.19
400.1,331.97,822.15,220.18
402.62,335.56,819.11,219.01
421.32,340.9,810.24,217.61
435.67,348.67,801.08,216.3
436.47,352.99,797.9,214.46
438.05,354.51,796.04,213.13
438.49,356.58,795.84,212.32
440.41,359.35,797.67,211.18
444.72,362.01,799.72,209.54
451.55,364.18,800.79,208.02
454.26,366.11,801.12,207.25
450.47,367.38,802.03,206.41
452.25,368,806.31,205.42
457.61,369.03,808.43,205.03
465.95,368.98,809.95,205.23
470.45,368.84,809.26,205.82
478.22,367.14,806.63,207.11
477.43,366.94,805.32,207.88
483.49,363.78,802.83,209.45
492.33,359,799.42,210.91
490.81,356.38,796.36,212.9
494.2,351.01,792.06,214.95
497.92,342.67,785.46,215.7
496.02,342.06,781.26,217.88
495.91,337.93,777.26,220.43
499.14,329.85,775.29,221.48
505.14,324.16,771.42,221.86
514.87,318.3,764.5,222.08
523.17,313.6,757.62,222.33
521.68,311.05,752.5,220.63
531.71,305.59,747.02,218.5
541.81,301.44,740.31,215.88
544.01,297.52,735.78,214.01
552.97,293.18,729.92,211.37
550.18,290.47,728.32,209.72
552.12,288.05,724.55,208.1
556.72,285.61,719.76,206.99
562.08,283.91,714.45,205.31
564.91,276.19,713.13,204.22
565.36,273.89,711.12,202.79
568.22,271.17,708.87,202.23
566.55,267.95,706.23,203.28
564.32,265.29,705.14,203.7
561.47,262.3,706.3,203.86
561.07,259.79,707.69,204.51
560.53,257.57,708.93,205.16
560.35,255.71,710.62,205.32
561.83,255.76,712.75,204.83
558.1,254.18,714.71,204.26
554.88,252.41,717.9,204.47
551.4,251.06,721.16,204.49
549.17,250.62,724.68,204.91
543.68,249.75,727.31,205.6
542.13,249.1,729.29,206.33
542.47,248.12,730.06,206.82
542.97,247.49,731.38,206.92
542.26,246.95,732.11,206.64
535.38,246.46,735.04,206.86
529.05,246.53,738.64,208.79
524.39,246.84,741.59,210.06
514.98,242.25,749.74,210.4
507.87,241.76,756.63,211.82
504.72,240.69,762.31,212.33
500.29,239.97,767.55,212.48
501.79,239.31,770.31,212.71
501.14,239.11,771.65,212.78
499.97,239.67,772.83,212.49
489.38,238.33,774.81,212.78
498.2,243.3,775.15,212.82
503.36,246.18,775.6,212.9
504.96,247.24,774.46,213.66
502.36,247.23,774.66,214.4
509.57,250.41,773.56,214.43
510.5,250.87,772.13,216.02
514.17,253.39,768.73,216.75
517.05,254.16,766.25,217.39
517.96,255.3,762.12,217.52
522.62,256.01,759.17,218
522.93,257.32,757.21,218.18
527.4,258.12,754.94,218.9
530.73,260.19,752.51,219.22
536.17,262.73,750.67,218.89
537.49,265.05,747.99,219.54
541.47,265.74,746.78,220.32
543.61,269.34,742.62,218.64
545.6,271.56,737.08,217.07
551.07,275.1,732.47,216.31
553.65,278.43,726.52,215.8
556.1,282.03,720.32,214.87
563.6,282.6,716.93,213.61
555.49,284.96,715.65,211.49
559.24,289.25,709.92,210.28
561.57,292.01,705.83,210.08
564.51,294.93,703.1,210.26
557.7,295.82,704.4,210.65
563.33,297.81,703.61,210.57
558.49,299.36,706.19,210.67
558.43,302.13,709.04,210.47
557.65,306.42,710.38,210.77
556.21,309.15,711.04,210.58
549.52,309.07,714.69,209.71
546.79,309.52,718.98,209.46
552,312.25,720.06,208.49
549.11,314.95,721.5,207.83
545.05,314.5,724.62,207.08
543.2,314.19,726.28,206.52
537.34,314.34,729.48,206.37
533.97,315.7,732.51,206.03
535.18,317.05,735.47,204.59
532.46,318.88,739.05,203.08
526.86,321.21,747.14,201.63
528.47,325.08,753.81,199.89
524.87,330.39,765.99,196.69
516.23,334.54,776.51,196.19
515.44,341.04,786.01,195.92
507.48,346.66,792.92,194.47
503.67,350.48,804.06,191.73
468.53,347.85,821.96,190.02
473.8,353.46,834.89,188.66
443,349.91,845.71,189.19
456.12,353.47,858.83,188.72
422.4,350.82,873.38,189.57
434.83,355.07,882.46,189.71
401.22,352.96,897.22,191.26
413.27,355.53,905.51,191.38
417.88,356.13,907.92,192.28
384.98,351.31,923.68,194.43
394.1,355.44,929.51,194.63
362.83,349.16,943.47,196.16
379.86,352.74,944.68,196.7
382.97,355.86,945.85,196.56
382.21,355.37,946.5,196.59
380.74,354.4,947.09,196.88
381.45,355.85,946.66,197.23
381.29,355.04,946.31,197.79
386.14,353.68,943.86,198.59
386.3,352.89,941.95,199.27
385.61,350.73,941.79,199.81
389.64,352.3,939.64,199.98
387.07,350.7,940.07,201.1
380.87,348.1,942.87,201.69
311.23,344.32,959.92,203.46
308.75,342.13,971.15,205.01
305.71,335.57,974.37,207.22
307.91,332.48,971.62,210.91
312.68,328.34,970.69,213.7
312.83,324.23,970.41,215.95
317.17,321.88,965.19,218.18
326.08,320.02,958.88,220.27
334.94,314.81,953.43,221.5
339.4,313.36,944.7,222.79
345.31,310.7,940.5,222.77
353.69,308.15,934.95,222.59
354.75,307.12,930.5,221.85
359.68,306.39,928.51,220.28
358.47,304.05,928.07,219.3
363.03,304.09,926.15,218.89
363.5,300.42,924.3,217.96
367.72,298.17,922.69,216.95
365.95,293.49,922.86,216.34
369.42,289.73,922.82,215.27
372.3,287.52,919.85,215.24
377.09,288.27,915.04,214.93
375.76,285.43,913.43,214.11
377.36,283.23,911.17,213.33
373.73,282.02,913.09,212.24
368.96,280.29,914.44,211.49
369.21,277.7,915.63,210.88
366.28,278.63,915.21,210.72
365.11,277.61,915.5,210.04
364.18,276.32,916.67,209.58
363.58,276.48,919.31,209.73
365.37,274.63,921.88,210.25
358.18,273.12,925.53,211.01
357.07,273.9,928.49,211.09
353.1,270.64,934.19,211.73
356.7,269.99,935.43,211.48
365.04,268.6,932.4,211.92
366.85,271.22,930.6,211.35
374.57,273.02,928.56,210.99
375.59,273.06,927.36,210.33
371.59,274.52,928.31,209.58
363.86,274.76,931.77,208.6
356.89,274.22,937.92,207.83
359.4,276.2,942.09,207.12
356.01,276.39,946.58,206.22
354.44,276.49,949.69,205.85
353.09,277.58,954.33,205.54
352.31,274.12,954.03,206.02
354.55,273.57,955.43,206.24
358.78,271.93,953.85,204.6
360.83,270.2,952.28,202.9
362.52,269.93,951.7,201.27
364.82,270.28,950.13,200.17
367.49,269.75,946.39,199.19
372.5,268,943.88,198.51
370.27,266.35,943.27,198
373.86,264.09,942.43,197.55
370.89,262.09,941.98,196.77
368.07,260.62,941.7,196.29
368.7,257.09,941.57,196.35
366.56,254.53,943.1,196.49
363.25,252.58,944.33,196.14
364.3,249.98,944.78,195.78
360.87,248.56,946.39,195.8
369.75,244.88,943.56,195.62
369.1,242.4,940.87,195.25
374.88,239.91,937.89,194.81
377.73,236.64,934.51,194.81
382.94,232.47,930.72,194.42
381.45,230.33,929.08,193.69
382.24,228.3,928.54,193.5
382.42,226.13,926.73,193.75
388.36,221.1,921.75,193.49
387.94,218.79,921.03,193.73
391.03,216.16,920.55,194.48
391.18,214.3,921.97,195.18
393.46,212.2,921.49,196.41
397.64,208.88,919.13,197.95
399.5,205.47,915.94,199.18
396.86,202.58,914.57,199.81
399.39,202.2,915.01,199.7
401.28,201.61,914.67,200.19
403.01,200.54,913.72,199.8
409.73,200.37,910.37,199.16
415.88,202.08,906.1,197.9
417.69,203.98,903.04,196.62
417.66,205.06,901.29,195.6
418.26,205.67,898.23,194.76
420.63,206.17,896.25,193.7
424.6,206.82,895.64,193.66
427.2,207.94,894.64,193.42
429.31,209.8,893.65,192.89
431.37,211.42,892.15,192.41
432.41,212.61,890.88,192.01
433.45,215.05,886.83,189.59
436.99,220.48,880.93,187.1
437.33,224.28,877.61,184.64
439.89,227.21,875.06,182.23
441.65,230.06,872.76,180.79
443.04,230.3,870.76,179.65
443.48,234.28,868.24,179.63
440.81,238.24,868.51,179.37
444.96,239.8,867.3,179.72
451.42,243.63,864.3,180.68
450.98,244.91,863.1,180.84
450.49,244.97,863.44,181.11
449.73,245.72,861.48,181.44
453.56,246.64,858.98,182.01
455.81,248.13,856.59,182.63
456.16,249.68,854.54,182.58
459.53,249.72,852.72,183.06
463.26,249.8,851.41,183.2
465.37,249.52,849.96,183.11
470.21,249.33,846.22,182.61
472.94,249.44,841.59,181.76
472.83,249.56,837.43,181.16
477.05,249.4,834.31,180.92
476.35,249.96,831.69,180.43
480.73,249.73,829.92,180.06
480.91,249.3,827.54,179.52
485.65,248.3,823.67,178.7
484.21,247.87,821.74,178.02
488.13,247.39,819.44,177.36
491.57,246.42,817.75,176.35
493.34,245.04,816.9,175.03
493.64,244.32,815.53,173.42
492.83,242.35,817.17,171.42
489.75,241.23,818.87,169.92
487.77,242.36,820.62,168.06
487.84,242.45,821.35,166.74
485.31,244.07,823.3,165.49
485.15,245.12,825.18,164.59
482.81,246.17,827.09,164.74
480.44,247.23,829.35,164.63
476.11,249.24,830.78,164.98
479.23,249.75,834.22,165.27
474.54,251.34,836.01,165.76
469.99,252.85,840.24,165.58
466.82,254.91,844.49,165.35
459.91,257.76,848.19,166.4
451.75,263.57,854.03,166.91
452.21,264.27,860.43,168
444.02,267.48,865.73,168.89
435.73,270.66,873.26,168.97
427.34,274.12,879.78,169.43
424.4,278.6,885.96,169.79
421.3,281.17,891.81,170.22
416.82,283.31,895.95,172.09
410.51,286.01,901.32,173.36
408.06,287.62,906.33,174.44
405.45,290.21,911.44,175.35
399.59,292.15,917.23,176.27
394.24,293.52,923.83,177.34
386.87,294.24,927.92,179.14
387.6,295.69,930.94,180.35
388.71,299.24,934.76,181.08
392.19,300.48,934.86,182.82
399.02,300.37,931.51,184.13
403.81,301.03,929.1,184.89
407.04,301.62,925.14,185.77
412.15,301.5,919.93,185.93
413.95,302.4,916.76,185.91
417.15,301.73,912.46,185.33
420.43,302.7,909.68,184.18
424.11,303.65,904.99,183.46
429.24,304.24,900.38,182.56
431.67,304.86,897.71,182.03
430.77,305.67,897.7,181.25
426.38,305.44,897.61,180.25
423.62,303.98,896.18,179.74
421.37,303.19,895.44,179.46
422.45,303.16,895.47,179.25
420.21,302.5,897.06,178.19
420.88,302.5,898.94,176.5
420.47,302.99,903.41,175.29
422.04,305.18,905.66,175.38
419.5,307.11,908.19,175.36
417.84,308.1,910.33,175.24
420.77,309.35,912.13,175.59
418.29,311.41,914.71,176.21
416.05,312.57,915.61,176.35
405.45,316.31,919.78,176.66
401.72,320.55,926.61,176.91
393.84,322.79,929.9,178.5
384.4,325.05,937.76,178.94
380,329.23,944.94,180.08
371.73,336.86,953.39,182.01
363.87,342.09,962.34,183
355.21,345.53,971.16,184.02
153.95,289.6,982.86,186.57
91.77,298.34,991.83,189.1
-10.796,297.46,978.67,197.11
9.0316,301.15,981.9,201.92
-9.0438,300.82,973.73,209.24
14.397,306.36,977.73,210.97
-15.653,305.9,971.57,213.33
11.515,309.69,971.62,212.82
-15.253,310.31,968.44,215.26
-32.707,312.44,958.47,218.8
-1.3017,320.28,960.14,218.19
-24.626,322.55,948.09,223.47
9.3916,328.08,945.04,224.46
-14.755,326.86,941.75,224.97
10.795,330.53,942.26,225.79
23.614,334.21,948.21,226.93
29.995,342,954.71,227.31
38.771,342.26,964.36,229.09
65.893,342.1,972,231.28
42.982,341.44,972.87,233.59
78.792,343.05,981.74,235.2
108.49,343.04,987.47,237.07
134.57,343.57,993.22,239.25
165.45,344.9,999.4,241.05
196.38,346.34,1004.7,243
153.62,346.62,1011.3,244.96
186.62,343.56,1015.9,247.74
213.34,341.01,1016.4,249.06
235.89,338.54,1013.5,250.13
257.14,337.52,1005.1,251.35
271.28,335.59,994.62,251.89
286.06,336.76,986.61,252.37
295.42,334.98,976.14,252.93
302.6,332.8,964.63,254.09
318.13,329.63,953.52,253.74
332.25,328.75,942.06,254.69
332.72,328.85,933.76,254.35
339.37,329.15,927.49,254.57
350.52,330.2,928.68,252.88
345.51,325.21,923.06,253.07
351.74,325.9,924.3,251.49
348.74,322.44,922.09,251.5
349.49,316.9,916.02,251.75
353.53,311.28,913.7,250.93
366.27,312.6,911.6,251.39
353.76,306.96,907.8,253.57
352.39,302.28,907.81,253.13
342.76,298.11,908.69,251.5
345.97,293.92,910.03,250.66
351.76,294.16,910.72,250.87
350.54,289.43,907.78,251.23
354.5,284.86,904.99,249.3
358.15,283.07,903.67,247.64
353.02,283.29,901.33,247.33
356.36,283.48,900.72,247.66
356.06,282.9,899.9,248.46
351.97,279.16,903.66,249.14
352.86,271.29,906.07,248.31
350.7,265.01,911.18,248.79
347.02,260.67,913.74,247.41
346.49,256.23,917.21,245.95
346.13,255.26,917.31,242.66
343.25,251.9,920.92,240.92
349.11,245.88,922.72,238.87
352.38,243.26,921.28,237.99
353.49,239.31,917.5,237
358.28,234.3,914.06,234.82
355.74,231.79,909.3,235.24
360.85,230.12,906.88,232.21
361.88,228.13,906.23,228.84
363.82,225.41,905.79,226.18
362.63,221.29,903.92,224.74
357.14,209.03,900.8,225.04
355.59,206.48,899.73,226.01
350.77,198.81,898.76,226.17
346.26,191.89,895.85,228.46
355.34,188.08,894,228.65
362.34,182,890.94,230.03
365.91,176.45,889.39,231.97
362.26,173.58,887.62,233.04
358.92,169.25,887.15,235
362.21,164.77,886.97,235.29
363.33,161.08,885.41,236.06
364.66,156.32,884.05,236.53
367.15,152.77,883.43,237.24
367.89,152.91,883.29,235.34
368.09,150.15,882.06,235.81
370.62,147.71,882.04,235.88
375.51,143.47,881.2,236.39
377.12,142.48,879.77,235.39
381.46,142.03,877.88,234.62
380.16,142.19,877,234.22
382.85,142.36,876.77,233.71
379.34,141.61,879.24,233.37
374.77,139.57,882.04,234.12
374.76,136.81,882.8,234.69
377.42,138.86,884.55,233
379.01,139.75,886.16,232.73
382.01,143.82,886.69,233.2
384.33,149.42,887.08,233.37
388.49,154.19,886.69,232.42
382.41,160.51,887.04,230.89
374.32,169.84,890.23,230.35
372.17,172.67,895.69,229.16
357.72,181.41,900.93,226.91
354.13,184.14,906.15,226.33
346.76,187.23,910.37,226.38
340.95,192.06,915.71,226.1
335.81,197.78,920.99,226.19
335.72,201.56,929.81,225.45
335.3,204.47,934.73,227.56
326.34,210.21,942.8,229.02
307.45,215.1,948.66,229.59
306.04,215.95,953.72,229.52
305.28,218.39,958.83,229.22
301.59,217.86,963.45,229.1
303.19,221.66,965.44,229.1
302.57,221.55,967.96,228.93
301.14,222.13,971.3,229.79
297.04,223.32,975.33,231.04
295.99,227.47,979.52,230.98
287.81,229.92,986.23,228.38
284.57,230.34,994.27,225.86
278.46,232.53,1000.8,224.97
270.32,232.21,1006.8,224.73
270.5,229.19,1012,223.93
261.23,226.1,1017.6,223.05
251.95,226.97,1022.9,223.59
254.08,224.01,1029,224.27
251.81,221.29,1033.7,224.95
249.13,218.81,1037,226.71
239.43,215.13,1041.1,230.25
230.78,211.47,1050.5,232.43
228.06,211.45,1056.6,234.58
210.41,207.35,1065,235.3
208.05,200.27,1069,237.09
209.9,194.4,1073.9,238.51
207.36,192.94,1076.7,240.86
206.32,191.37,1079,242.01
204.26,189.55,1081.7,243.42
204.87,187.07,1084.4,244.75
209.78,182.86,1085.4,247.09
213.06,178.78,1085,248.82
214.91,174.25,1086.1,249.26
215.12,168.16,1087.1,250.35
215.95,165.27,1087.1,253.04
214.16,161.18,1088,255.16
222.99,156.85,1084.6,257.46
228.37,152.22,1079.8,258.39
230.84,147.84,1077.5,260.81
231.52,142.65,1074.8,262.01
239.02,141.21,1069.9,263.67
243.51,139.64,1067.8,263.03
248.06,138.93,1060.1,261.85
253.48,138.84,1052.9,260.35
255.61,137.47,1047.4,259.71
254.89,140.3,1045.6,260.12
252.75,139.55,1041.9,260.53
261.58,140.11,1040.2,259.13
259.3,144.63,1038.2,258.89
263.71,147.05,1034.9,259.4
263.83,152.83,1031.7,259.5
271.77,161.01,1023.7,257.9
280.48,162.29,1016.6,254.29
282.74,175.21,1009.9,252.75
290.13,178.59,999.62,250.39
289.4,185.36,994.97,249.03
297.17,189.71,991.43,246.04
293.41,195.26,991.2,242.26
295.67,198.51,992.49,240.04
299.11,202.08,994.63,238.48
299.65,208.79,997.99,235.67
297.48,214.4,1001.4,234.88
287.18,219.4,1006.8,234.8
249.99,218.86,1012.4,235.29
270.39,221.39,1021.8,235
269.22,226.06,1027.1,234.88
258.57,229.68,1033.3,235.44
248.68,231.54,1041.7,235.61
241.47,237.94,1050.9,235.87
228.57,243.37,1062.3,236.1
231.55,245.38,1070.7,236.99
222.31,250.18,1076.6,239.52
218.24,254.69,1083.2,240.9
213.31,260.84,1086.7,241.99
209.07,262.9,1089.9,246.4
210.03,264.45,1092.6,249.96
213.56,266.02,1093.9,252.82
210.43,268.11,1099.5,255.75
205.5,267.39,1105.2,257.66
207.21,266.3,1108.1,260.1
203.48,265.06,1108.1,262.86
197.31,264.78,1107.5,264.99
196.88,263.74,1110.8,265.54
195.48,263.36,1108.6,268.96
202.71,263.63,1105.6,270.28
209.35,265.78,1101.2,271.51
215.44,265.59,1093.3,272.85
225.15,267.06,1085.7,273.63
227.5,267.68,1079,273.42
232.99,270.03,1070.7,272.09
241.64,269.71,1062.9,272.07
250.35,268.91,1052.8,272.64
260.18,266.12,1040.6,272.53
268.88,263.57,1030.5,269.85
278.52,260.93,1019.6,266.02
284.51,260.01,1008.2,262.72
300.23,259.24,994.43,260.93
314.31,259.52,979.79,259.7
334.58,257.23,963.99,259.98
349.74,257.54,947.68,259.58
362.28,258.48,932.9,257.46
368.7,258.56,919.8,255.45
380.62,258.28,906.86,253.17
391.57,259.43,894.65,251.45
406.32,260.15,884.36,249.26
417.92,262.39,875.44,247.54
430.75,262.31,865.59,245.74
433.56,262.66,857.4,242.92
448.93,259.76,848.55,241.8
449.78,258.73,842.12,239.6
459.07,254.87,834.69,237.48
459.85,251.24,828.49,235.42
463.24,247.58,822.88,234.17
466.74,245.13,817.36,232.34
466.26,198,806.6,230.62
472.47,205.14,799.23,230.27
472.54,209.52,795.78,227.88
476.85,212.18,791.83,225.85
480.74,211.16,789.34,223.65
484.03,211.67,785.52,221.25
482.72,209.36,786.24,219.56
484.53,206.49,787.79,218.53
486.17,203.94,788.96,218.12
485.81,155.73,780.47,221.94
495.14,162.26,776.24,224.1
493.94,168.08,775.84,224.67
502.09,174.98,774.67,224.16
505.5,179.4,775.17,223.27
503.35,178.61,775.21,222.27
510.95,131.07,768.52,224.51
521.97,140.23,765.14,226.46
516.15,145.99,763.9,227.83
522.69,152.79,761.36,229.7
534.48,159.14,759.49,228.16
536.05,162.54,757.13,227.55
537,166.6,755.92,225.93
539.32,170.15,754.09,225.85
541.18,171.53,753.46,226.29
544.1,173.04,753.18,226.44
551.1,175,751.13,226.91
560.21,175.79,747.43,228.14
564.52,179.11,743.22,228.34
573.77,133.39,733.23,229.5
569.99,143.71,730.08,230.04
573.73,154.65,725.55,230.81
587.69,163.11,717.41,237.67
595.13,173.25,715.91,236.43
599.28,178.07,710.56,240.04
597.99,134.68,706.69,239.04
598.65,148.9,703.6,237.86
604.75,156.3,697.3,242.94
613.96,166.08,693.22,246.32
600.99,169.87,694.03,243.91
619.48,174.33,690.31,247.26
623.5,133.56,685.53,244.88
629.35,147.36,680.05,242.58
631.54,155.5,674.15,246.46
638.55,162.68,668.53,249.26
641.43,169.3,665.43,250.99
652.61,171.77,663.25,252.8
657.35,172.18,661.22,254.27
643.12,128.43,656.43,255.58
664.27,141.45,649.99,257.27
667.94,150.61,647.04,258.76
676.14,156.54,644.84,260.34
654.75,119.04,644.41,257.35
677.42,132.27,639.74,260.15
680.58,142.11,637.39,261.74
683.28,150.4,634.27,263.56
686.82,155.08,632.91,265.08
685.52,115.8,628.94,266.62
687.78,126.14,624.92,269.05
682.2,136.37,624.21,270.99
690.55,144.57,622.73,274.37
685.38,147.46,623.3,274.46
682.08,148.2,624.04,273.84
680.67,147.96,624.35,272.56
671.19,157.83,628.27,265.26
667.47,165.17,631.92,256.93
666.28,171.03,633.55,249.42
665.26,174.35,631.55,243.77
662.74,177.22,628.25,238.75
663.53,179.14,623.13,234.03
637.01,180.36,619.5,229.91
649.56,179.47,611.49,224.08
657.83,179.67,604.51,220.75
657.81,179.01,597.84,215.32
656.7,177.81,589.52,210.19
661.68,177.53,582.73,206.4
669.32,179.75,574.03,204.87
671.94,182.67,566.22,202.73
675.24,185.13,558.57,200.56
680.16,188.64,551.28,198.36
689.43,191.88,543.05,193.12
685.51,194.25,533.56,187.15
657.51,194.56,527.89,183.38
677.26,195.82,522.43,178.43
686.84,199.09,514.84,174.09
689.76,200.18,512.81,171.41
656.28,200.08,513.61,169.34
583.2,201.16,514.78,167.28
555.86,201.44,514.81,166.46
469.47,97.175,493.2,187.62
496.37,85.16,468.61,213.11
521.63,70.842,446.07,237.6
524.24,57.806,428.69,256.74
557.82,47.775,415.5,272.59
583.6,33.914,401.87,289.26
574.74,25.362,391.33,302.14
602.26,17.553,381.52,312.25
593.52,18.092,376.06,319.75
614.7,12.245,369.75,326.62
602.98,12.91,366.32,331.44
601.78,8.0725,364.47,334.19
660.62,0.44122,361.98,332.7
680.99,-3.0368,359.6,331.54
704.68,-7.0953,357.96,329.53
899.99,42.049,351.19,340.81
883.9,18.817,347.55,343.31
792.99,48.945,334.11,355.33
728.65,15.161,333.09,356.04
717.77,25.852,333.1,357.07
705.7,5.1096,336.19,354.13
703.93,-39.511,347.91,341.78
696.94,-35.622,356.28,334.08
698.83,-31.997,361.92,329.15
662.51,-29.63,368.38,323.67
496.6,81.805,336.75,360.57
496.35,62.581,311.4,390.5
492.01,45.441,288.43,415.09
488.26,34.694,271.39,429.17
482.37,24.267,258.9,437.64
473.22,17.778,249.5,442.6
466.78,14.359,242.84,444.6
458.23,13.492,238.21,446.26
388.85,-2.1042,256.54,425.22
371.57,16.156,270.44,411.17
350.36,3.5427,282.67,399.05
331.49,18.511,292.18,391.73
323,30.394,300.88,385.54
276.7,15.592,309.3,378.76
271.2,34.415,317.86,373.34
228.03,41.325,322.7,373.33
216.12,14.347,327.45,369.72
172.53,19.703,330.97,366.33
171.93,25.311,334.04,364.29
137.18,11.516,337.97,358.56
135.02,17.002,341.84,355.92
178.3,32.566,385.77,312.9
174.6,45.538,420.65,277.3
183.43,51.055,436.96,260.42
155.56,57.371,459.94,239.96
178.37,60.008,470.15,228.18
249.49,64.738,467.84,222.45
282.3,67.547,469.11,211.75
276.25,71.148,469.13,200.16
296.53,72.035,473.11,188.17
283.06,75.223,470.42,177.92
277.55,76.866,468.01,169.61
281.88,76.354,464.66,163.32
290.73,73.134,459.49,158.77
299.86,70.511,453.94,154.38
313.07,68.649,451.38,150.96
315.98,68.216,448.62,150.25
327.29,65.35,447.11,148.44
340.53,61.76,445.56,145.97
351.98,58.522,445.23,144.5
358.52,57.419,444.19,143.33
366.23,54.407,442.39,142.12
370.2,52.563,440.53,142.35
377.44,50.285,441.09,141.98
383.49,47.951,441.81,141.57
392.01,45.561,443.32,141.04
402.24,44.452,448.18,139.47
409.83,40.825,452.13,138.27
410.94,39.093,455.86,139.1
416.25,37.552,459.22,138.83
421.92,35.332,464.55,138.24
432.23,33.616,469.71,137.75
441.9,31.437,474.93,136.83
457.67,28.599,484.13,136.17
464.16,26.777,489.88,136.36
465.04,27.878,496.9,137.62
470.48,27.438,505.54,137.36
478.59,27.143,512.17,137.7
483.52,26.762,519.46,137.92
492,25.826,528.24,137.83
498.04,24.836,535.81,139.02
492.83,25.575,542.38,139.95
503.94,26.876,550.26,140.07
508.04,28.742,558.36,140.86
512.82,28.489,566.23,141.86
516.56,30.416,576.34,142.68
515.79,31.101,584.63,143.3
519.79,33.462,596.19,144.43
522.25,34.172,604.92,145.94
526.8,35.549,614.87,147.47
538.57,44.4,629.43,147.67
549.16,49.648,644.76,147.65
550.06,54.074,656.39,147.91
552.96,56.979,672.07,148.18
546.49,58.575,681.19,149.18
551.28,59.702,692.05,149.4
552.31,63.081,702.45,149.99
561.62,65.493,714.99,150.37
565.52,66.882,728.72,150
569.03,69.266,736.41,150.59
566.27,69.083,740.47,150.41
567.6,71.459,743.37,151.16
570.67,71.427,744.76,152.02
570.19,73.244,746.13,153.07
577.86,76.954,743.05,153.91
587.83,76.988,739.38,153.53
586.27,77.092,738.06,153.61
588.96,78.353,735.64,153.76
594.5,78.917,734.14,153.86
594.44,80.086,731.39,153.97
603.88,81.221,729.55,154.33
597.27,83.001,727.24,155.16
607.36,82.189,725.42,154.77
599.61,83.921,723.95,155.43
605.46,84.555,721.94,155.86
609.19,86.19,721.72,156.91
608.11,88.626,722.36,157.08
606.88,89.954,722.67,157.13
609.17,88.803,720.74,157.16
604.81,91.642,720.42,157.04
605.7,90.059,721.26,157.69
597.05,90.204,723.33,158.15
598.31,88.479,725.34,158.42
591.38,87.415,728.35,159.63
588.82,88.762,730.66,159.62
586.48,87.092,734.9,160.06
581.8,84.795,736.61,160.6
575.58,83.503,739.81,161.05
576.18,83.162,744.28,161.37
568.72,83.292,747.61,163.18
565.43,82.349,751.32,163.59
561.85,81.021,754.74,164.74
558.32,83.223,756.99,165.64
556.97,84.235,758.9,166.62
554.37,87.269,761.83,167.21
552.98,94.454,767.77,167.27
543.07,96.18,770.9,167.23
543.67,97.631,777.07,167.27
533.42,100.57,781.6,168.01
537.08,103.66,786.73,168.39
529.49,106.89,791.24,169.64
526.85,111.82,794.55,170
520.91,111.71,797.61,169.75
529.07,118.48,801.28,169.92
525.12,127.4,798.29,170.11
526.43,135.61,799.67,169.95
524.12,143.4,799.34,170.18
524.12,151.97,799.53,170.32
516.41,153.7,801.19,169.89
520.87,159.42,805.71,170.58
500.73,172.9,806.52,173.72
503.75,180.81,811.38,174.4
493.19,192.26,815.39,175.9
480.93,201.03,820.3,178.77
484.07,204.44,828.02,179.75
469.51,211.56,835.27,181.77
456.82,224.1,842.43,183.85
446.97,235.32,851.04,185.95
436.92,247.33,860.44,187.71
420.09,259.99,871.42,189.79
430.92,262.92,880.75,188.89
424.99,271,886.71,190.32
403.13,281.48,893.47,191.5
397.93,291.01,904.97,191.26
384.5,301.92,913.68,191.84
359.36,317.73,923.94,193.65
359.8,320.46,938.64,192.33
349.75,325.89,950.46,193.22
328.84,331.76,964.47,193.92
317.05,337.74,978.6,195.83
306.31,344.8,990.53,197.77
297.91,351.43,1006.6,197.9
293.35,360.11,1017.2,200.26
279.33,363.45,1031.9,203.95
261.33,364.84,1043.3,207.07
255.72,365.03,1058.6,210.87
206.53,313.03,1073.9,213.39
184.22,322.65,1084.4,212.94
203.44,336.61,1099.4,214.97
202.92,341.75,1108.8,219.32
197.35,344.82,1120,223.11
150.16,287.23,1126.8,224.56
161.94,304.23,1146.5,225.33
161.08,312.64,1155.1,227.89
168.68,318.57,1166.8,231.04
124.58,257.86,1166.3,231.96
144.16,278.01,1173.5,231.97
145.15,292.7,1176.6,233.12
151.77,301.66,1182.7,236.44
138.12,246.08,1177.1,239.45
139.37,266.25,1181.5,238.48
149.4,279,1185.5,237.73
146.31,282.64,1190.3,240.36
149.12,281.26,1193.8,244.64
149.51,279.47,1193.6,249.15
135.89,227.81,1191.3,247.65
139.89,244.36,1194.7,246.62
146.81,258.48,1198,244.38
144.71,268.57,1196.4,245.91
141.31,274.82,1199.7,247.24
141.65,276.63,1200.3,251.48
135.11,220.02,1194.8,250.8
136.32,237.58,1195.4,248.55
134.7,255.4,1195.3,247.06
146.18,265.48,1197.3,244.44
147.42,275.37,1193,244.86
148.3,282.22,1189.6,246.61
150.49,286.18,1186.8,247.17
154.18,287.1,1187.6,248.68
153.5,288.91,1185.9,249.64
153.16,292.39,1184.2,249.61
159.92,298.71,1183.1,250.22
158.35,301.95,1181.5,250.23
155.68,304.57,1179.6,249.85
155.95,305.19,1179,250.31
157.82,307.09,1177.5,250.41
153.41,310.19,1177.9,250.46
154.94,314.05,1179.4,250.63
133.25,259.34,1181.2,246.15
135.14,279.78,1183,245.38
135.68,293.91,1184.7,244.73
141.19,306.79,1195.5,244.75
137.76,315.61,1197.3,244.49
135.55,320.86,1203.1,244.74
135.45,323.67,1209.5,246.65
133.07,325.16,1213.1,248.9
122.89,269.88,1211.2,251.11
118.02,290.26,1209.4,254.16
101.94,301.38,1219.8,254.7
109.34,310.73,1228,255.21
113.41,319.86,1234.9,256.34
105.03,321.21,1233.9,255.74
108.23,324.23,1233.5,255.51
109.17,325.56,1233.3,255.24
107.72,325.97,1232.7,255.01
112.15,327.11,1234.8,255.12
109.21,328.34,1232.9,254.81
109.09,329.11,1233.1,255.17
107.37,329.47,1234.1,255.21
106.14,329.69,1235.8,255.57
108.13,329.11,1233.6,256.73
111.49,328.61,1230.6,259.14
115.14,329.23,1226.4,261.47
115.62,330.89,1223.7,263.56
104.22,331.03,1226.7,264.67
108.26,328.52,1230.7,265.65
111.87,325.65,1227,268.6
118.79,324.56,1220.5,271.01
123.95,324.64,1214.7,273.47
128.62,325.5,1209.1,275.18
130.34,326.42,1205.2,277.2
127.65,325.4,1202.9,278.12
123.62,324.26,1201,278.88
127.47,320.81,1201,279.75
131.5,319.31,1200.7,279.53
129.99,319.41,1198.4,280.08
131.22,318.97,1197.7,280.24
133.1,313.62,1198.2,280.71
140.94,311.23,1197.3,280.38
138.29,309.9,1195.3,280.43
143.71,307.39,1193.8,279.4
142.47,304.88,1191.9,278.67
145.12,305.34,1189.8,278.14
144.33,303.49,1188.2,277.11
144.51,301.04,1186.9,276.26
146.68,299.54,1184.9,275.71
144.44,298.13,1183.3,275.56
147.24,295.99,1181.6,275.07
149.23,296.06,1179.7,275.43
148.94,293.52,1177.4,274.61
152.13,293.21,1176.9,273.97
157.61,293.51,1175,273.36
162.52,294.39,1170.5,272.7
165.86,296.04,1165.7,271.87
165.25,295.37,1162.4,271.81
175.29,295.47,1159.3,270.76
177.54,296.75,1154.9,269.78
184.38,296.09,1151.8,268.61
188.31,295.51,1149.8,265.61
186.77,296.45,1145.5,262.75
188.68,298.6,1141.9,260.63
196.86,305.51,1137.5,258.91
201.44,308.87,1132.9,257.83
207.62,313.29,1125.9,257.53
213.21,315.15,1119.5,256.74
219.74,316.69,1111.9,256.77
230.37,321.87,1103.9,258.09
229.23,324.05,1100.6,256.29
235.05,326.24,1094.8,257.69
242.14,329.04,1089.6,256.58
252.16,330.26,1083.7,256.07
258.84,331.83,1074.6,255.55
269.87,330.43,1063.7,254.47
270.72,332.77,1059.3,253.09
276.05,333.75,1054.4,250.47
281.71,335.29,1048.4,248.96
289.03,334.9,1040.2,247.1
291.47,335.24,1034.4,246.16
296.2,333.51,1025.9,245.55
296.29,333.57,1022.4,245
309.28,331.67,1018.7,243.98
313.49,332.32,1011.4,241.9
320.45,330.28,1006.5,239.68
330.98,331.58,996.79,239.03
334.41,336.41,988.67,239.92
340.41,340.77,983.85,239.4
343.31,345.3,978.75,238.69
343.98,347.5,979.32,237.55
354.05,349.56,976.65,236.51
351.62,354.24,976.2,234.97
352.78,355.2,974.35,234.13
352.73,355.97,972.51,233.53
356.03,358.6,970.58,231.96
353.4,362.14,969.98,231.13
355.02,366.55,969.94,230.46
351.95,370.82,971.86,229.86
349.12,374.72,974.13,228.99
347.41,376.84,974.81,228.65
341.48,380.14,977.25,227.52
335.51,383.98,982.44,226.98
328.29,385.15,988.03,227.06
318.63,386.13,994.36,226.8
307.51,386.95,1001.3,226.47
307.53,384.45,1007.6,226.89
305.16,383.74,1011,226.93
292.22,382.02,1015.9,227.83
288.56,380.53,1020.6,228.14
277.03,379.51,1026.5,227.8
268.43,378.03,1034.9,227.3
265.53,375.27,1038,227.85
267.06,374.79,1043.5,228.71
262.21,374.01,1048.4,228.97
266.69,371.25,1053.3,230.42
273.75,368.73,1055.8,229.57
263.76,365.41,1059.4,229.56
259.03,362.18,1063.1,230.59
254.62,357.46,1066.3,229.84
244.2,354.13,1071.8,229.16
231.72,350.72,1079.7,228.37
221.49,348.08,1086.5,228.85
214.92,341.19,1092.2,230.48
209.27,339.18,1098.4,229.38
205.36,333.22,1105.2,229.85
199.68,327.1,1108.8,229.55
198.62,321.05,1112.7,228.69
192.18,315.42,1116.4,228.37
188.03,308.49,1120.2,228.18
192.08,308.18,1126.5,227.36
184.93,303.91,1130.6,229.69
172.41,249.77,1128.5,235.25
173.91,265.72,1134.4,237.29
167.79,272.68,1143,237.82
164.69,280.37,1155,237.51
170.08,283.56,1156.7,237.9
163.13,286.29,1161.3,239.93
155.1,288.46,1166.8,242.56
149.8,290.2,1173.4,244.61
143.14,235.98,1172,249.11
112.2,252.35,1178.9,246.32
123.07,261.52,1188,245.82
122.3,268.72,1198.8,246.51
118.27,275.42,1205.7,248.35
114.33,281.94,1210.7,252.22
121.73,289.44,1212.7,255.65
116.64,293.05,1215.4,258.77
83.816,236.47,1216.3,257.46
95.187,259.55,1223,258.51
87.198,267.49,1232.2,261.75
81.562,277.61,1243.1,264.83
89.96,286.76,1247.8,267.13
85.16,290.86,1250,269.4
72.149,293.31,1253.3,270.83
67.771,239.57,1245.6,272.19
82.206,261.31,1250,274.08
69.337,274.39,1258.1,276.9
71.825,284.19,1264.9,276.76
69.237,290.05,1269.7,276.39
68.694,291.67,1271.2,276.26
67.947,292.18,1273.3,276.02
76.813,293.6,1273.2,275.05
78.734,295.73,1274,274.1
80.103,295.85,1270.7,273.51
80.029,294.9,1263.8,273.25
80.542,294.61,1260.3,272.01
91.382,296.39,1258.6,270.86
88.146,296.74,1252.7,269.88
102.12,297.2,1248,268.31
106.65,299.31,1241.9,267.96
105.32,299.45,1234.9,266.3
108.39,299.04,1234.3,264.21
115.4,299,1232.8,263.44
120.32,300.34,1230.5,263.56
122.46,300.12,1230.4,262.19
127.2,298.71,1225.5,261.07
137.11,298.23,1219.5,260.61
142.03,298.04,1212.8,260.67
145.86,298.15,1208.4,260.21
153,299.22,1202.8,259.8
152.71,298.15,1196.2,259.73
161.88,298.41,1190.2,258.23
163.63,298.18,1185.3,257.95
166.33,298.19,1181.3,257.38
169.37,297.64,1178.5,256.44
170.92,296.31,1176.7,255.73
171.7,294.3,1175.5,255.41
172.56,292.49,1174.3,254.87
168.66,289.31,1172.4,255.06
165.68,289.5,1170.9,254.63
169.12,288.29,1170.8,254.06
164.07,286.45,1170.1,254.14
164.71,286.26,1170.4,253.55
166.82,285.71,1170.6,253.43
160.89,283.42,1170.9,253.99
161.18,285.09,1171,253.71
162.99,285.42,1172.3,253.54
158.41,283.29,1173.9,254
158.22,283.42,1175.1,254.27
154.12,281.67,1176.7,254.57
154.63,282.65,1178,254.79
150.57,281.89,1179.4,254.96
151.67,282.12,1181,254.94
148.04,280.48,1182.7,255.11
148.17,280.08,1184.9,255.87
146.44,279.87,1188.4,256.5
147.99,282.08,1192.4,257.94
145.12,284.31,1195.3,258.21
138.34,286.42,1199.5,257.81
134.48,288.17,1203.5,257.97
128.65,288.16,1206.2,258.24
123.82,289.6,1209.2,258.63
119.86,288.73,1211.6,259.14
114.94,288.35,1215.5,259.59
115.66,289.31,1218.7,260.18
117.23,292.36,1222.3,261.06
110.53,292.63,1224.9,261.93
106.54,293.67,1229.4,262.83
81.673,237.1,1227.6,259.37
97.108,257.36,1228.2,260.24
91.722,267.59,1234.8,261.32
89.744,280.6,1238,263.44
108.16,286.94,1240.7,265.29
97.266,293.23,1240.1,268.39
74.411,234.91,1238.5,266.2
90.364,257.7,1239.8,267.98
77.182,270.3,1247.7,270.44
81.199,281.12,1253.6,270.93
89.218,287.86,1258.2,273.09
73.727,289.22,1254.4,275.49
53.763,229.02,1250,273.03
68.028,254.94,1254.8,275.15
64.757,270.63,1259.6,278.75
73.813,281.09,1266.7,280.57
69.372,281.41,1266.4,281.53
62.259,282.52,1268.3,282.48
50.272,286.85,1275.2,284.48
42.804,291.04,1280,287.65
43.336,228.58,1273.8,290.73
33.248,249.03,1278.5,290.2
34.226,262.47,1280,290.77
46.614,268.24,1280,290.59
47.94,274.27,1280,292.03
37.363,285,1280,293.89
47.137,222.23,1273.1,295.6
31.687,242.98,1275.9,290.86
34.422,255.22,1280,291.05
53.263,262.27,1280,291.03
61.46,271.45,1280,292.83
56.506,284.67,1280,296.55
49.323,215.86,1274.4,292.61
34.487,234.9,1280,290.24
41.38,248.21,1280,289.96
51.539,257.68,1280,290.7
54.219,268.14,1280,292.75
62.586,280.61,1280,296.29
51.055,209.44,1270.1,294.09
38.648,231.29,1273,290.49
43.899,247.05,1276.2,290.08
55.195,257.16,1277.3,291.11
56.997,272.4,1280,293.33
53.238,202.67,1274.6,291.69
43.062,222.36,1277.9,288.3
51.328,240.8,1276.9,290.87
61.492,248.42,1274.7,292.66
57.338,262.17,1277.8,294.67
54.186,194.03,1270.2,292.99
51.069,211.8,1272.7,290.16
70.011,231.47,1270.4,292.72
66.668,243.9,1270.3,292.65
42.842,248.38,1279.2,291.39
57.806,258.15,1280,294.24
44.504,190.57,1275.8,291.85
45.673,206.52,1278.1,288.97
70.075,224.83,1272.4,291.85
70.214,240.64,1269.6,292.74
43.994,244.73,1278.6,291.53
57.957,254.71,1280,293.58
43.994,187.54,1275,291.39
46.736,203.65,1275.2,288.53
65.396,222.44,1271.7,290.34
68.515,238.51,1269.2,291.33
50.287,242.51,1278.6,290.01
54.319,254.3,1280,292.1
44.523,186.14,1273.7,290.32
52.262,203.81,1273.5,287.91
71.714,224.95,1269.4,290.15
68.798,239.67,1266.8,291.64
65.756,251.55,1271.5,292.96
44.462,185.39,1267.2,292.01
58.81,208.04,1261.1,292.29
66.51,227.86,1262.7,293.1
72.707,240.13,1262.8,293.74
49.008,246.93,1273.5,292.06
63.309,256.93,1275.5,294.35
41.426,189.3,1269.6,293.05
51.409,212.98,1267.4,293.15
50.653,232.58,1269.1,293.37
58.544,240.09,1272.1,294.14
60.113,249.22,1276.4,296.07
41.838,184.74,1271.2,295.33
55.544,210.19,1267.9,295.31
50.11,231.23,1270.5,295.41
59.608,240.27,1274.6,296.96
61.868,253.03,1276.8,298.82
37.193,185.41,1272.6,296.86
44.341,207.51,1276.3,295.74
41.27,227.24,1277.1,296.02
53.073,236.56,1280,296.33
56.687,248.59,1280,298.36
37.643,183.22,1273,297.14
37.637,207.37,1278.3,295.39
50.026,224.7,1279,296.05
54.705,236.21,1280,297.03
38.217,175.03,1274,295.42
39.595,199.42,1274.2,295.76
42.679,221.55,1277.4,295.3
53.133,231.71,1280,297.1
34.797,171.62,1272.3,295.93
45.528,195.64,1272.1,296.25
54.957,219.06,1275.5,296.77
62.598,231.34,1275.2,298.62
49.046,235.6,1280,297.78
57.664,249.18,1280,299.69
33.011,178.82,1272.3,299.99
33.819,199.28,1276,295.2
43.331,222.04,1278.5,295.53
57.446,235.33,1280,296.87
53.554,247.22,1279.4,299.25
32.541,180.82,1272.9,298.98
29.92,201.79,1275.6,294.83
47.884,224.41,1277.9,295.88
56.59,239.49,1279.9,297.32
57.379,250.57,1277.9,300.17
29.447,180.5,1270.9,300.01
41.509,204.84,1273.8,298.27
39.708,226.57,1279,298.58
52.02,237.09,1280,300.44
31.685,173.91,1273.7,299.61
52.003,201.49,1270.5,300.29
54.028,225.76,1275,301.45
55.113,240.12,1279.6,302.8
31.322,176.34,1272.6,301.8
49.302,203.04,1271.3,301.22
54.245,226.61,1275.8,302.11
54.664,239.81,1280,303.37
30.711,174.97,1272.6,302.75
46.818,203.69,1271.9,301.48
56.625,227.72,1274.6,302.61
57.296,241.02,1278.3,303.6
32.419,176.87,1271.7,302.84
48.465,204.52,1268.7,301.22
58.741,228.75,1272,301.69
59.594,241.45,1275.6,302.79
32.921,177.07,1269.1,301.8
53.987,205.18,1263.9,301.03
67.116,230.01,1264.8,302.12
64.795,244.23,1266,302.85
37.251,180.86,1258.8,301.69
58.597,208.8,1252.4,301.73
71.821,232.77,1256,302.7
70.522,246.09,1256.7,302.86
33.34,184.16,1252.2,302.09
59.655,211.52,1246.9,302.46
68.222,234,1252.6,303.56
68.709,249.52,1254.3,302.99
33.723,187.75,1250.6,301.77
57.442,214.88,1247.3,302.76
64.745,237.47,1254.4,303.97
64.031,251.65,1259.6,303.4
31.379,188.07,1257,302.77
51.471,216.19,1253.8,303.57
51.649,239.31,1262,305.31
57.633,254.62,1266.9,305.47
33.606,260.24,1274.7,305.31
41.124,270.29,1280,308.06
22.054,207.51,1279.3,306.58
30.156,230.79,1280,305.66
31.848,249.82,1279,306.38
38.867,260.11,1280,307.38
39.139,271.55,1280,311.06
18.71,208.24,1279.8,309.43
29.72,231.68,1280,307.94
32.707,251.2,1279.4,309.02
39.759,263.15,1280,310.43
36.864,274.1,1280,314.66
22.084,205.29,1272.6,312.48
30.821,229.28,1279.6,310.17
33.833,249.03,1278.5,310.64
41.886,262.05,1280,311.52
39.693,271.5,1280,315.6
24.902,204.12,1273,312.89
38.096,229.16,1276.9,310.29
40.586,247.85,1274.5,310.37
39.916,259.94,1280,311.44
43.813,269.52,1280,315.33
25.73,201.98,1272.7,312.97
39.16,227.25,1275,310.41
41.888,246.28,1273.4,310.22
41.187,258.41,1278.9,310.73
45.142,269.08,1280,314.13
31.432,199.54,1272.4,312.23
37.399,225.45,1274.8,309.72
47.018,243.49,1275.7,309.07
40.746,256.95,1280,309.55
48.942,267.58,1280,312.79
26.34,200.76,1273.6,310.8
37.881,225.43,1275.2,309.14
47.722,242.42,1274.7,308.58
43.593,255.26,1280,308.99
49.854,268.1,1280,312.08
27.583,199.91,1273.1,310.2
37.034,222.65,1274.7,308.02
40.522,241.08,1274,307.52
48.812,252.19,1278.9,307.27
44.584,263.27,1280,309.55
27.239,197.05,1279.3,308.14
34.792,221.14,1278.6,306.39
37.3,240.93,1277.8,306
46.702,252.05,1280,305.74
46.005,263.69,1280,307.84
28.521,197.26,1277.6,306.94
35.787,221.68,1277.1,305.22
41.712,240.19,1274.4,304.85
51.064,251.55,1279.1,304.94
45.76,262.38,1280,307.25
31.216,195.89,1277.3,306.03
38.148,221.2,1276.8,304.55
43.289,239.88,1274.1,303.96
49.389,250.66,1279.4,303.79
49.765,261.46,1280,306.05
33.273,196.15,1277.9,305.47
40.212,221.06,1276.7,304.22
50.426,238.34,1272,302.99
54.097,248.37,1276.8,302.79
36.097,182.09,1271.8,301.39
51.086,210.95,1262.7,302.57
60.5,232.37,1267,303.58
66.985,245.59,1265.3,303.63
42.469,247.12,1273.1,301.35
37.767,253.74,1277.6,301.86
46.65,259.92,1280,304.19
53.251,267.18,1280,307.49
35.296,199.09,1274.3,303.53
36.291,223.52,1279.6,300.39
39.844,241.57,1280,299.55
43.919,249.23,1280,297.99
45.091,253.9,1280,297.27
32.809,258,1280,297.22
53.703,259.9,1280,296.82
48.244,263.17,1280,296.53
59.045,265.87,1280,296.56
60.271,268.21,1278.9,296.89
64.929,270.76,1276.8,296.38
69.236,273.67,1274.8,296.25
77.808,213.6,1261,293.54
98.022,239.47,1250.6,289.77
104.94,257.75,1244.9,287.66
112.27,266.03,1233.4,285.41
131.66,272.5,1226.1,283.39
124.92,276.23,1222.4,281.72
125,277.66,1220.2,278.52
132.18,279.87,1217.6,275.74
137.32,282.85,1213.2,274.03
148.91,284.38,1205.9,272.3
151.27,286.24,1197.5,271.76
151.98,287.4,1191.9,270.8
156.2,285.51,1188.6,268.93
160.38,283.01,1184.1,266.88
162.9,284.85,1181.8,265.3
162.62,286.69,1182.5,264.21
160.35,288.35,1182.4,263.67
158.28,288.8,1180.8,263.43
159.14,287.52,1182.5,262.78
