366,443,90,163
365.63,445.04,91.123,165.57
364.56,445.75,92.007,167.96
363.08,445.62,93.592,169.84
362.85,445.96,94.568,170.71
363.17,446.16,95.104,171.34
362.13,445.11,96.003,170.92
362.82,445.94,96.493,170.8
362.2,446.32,96.848,170.79
362.23,446.03,97.073,170.57
362.07,445.32,97.238,170.4
362.06,446.24,97.181,170.19
361.6,444.3,96.888,170.25
361.59,446.29,96.702,170.41
361.6,446.43,96.54,170.09
357.79,443.45,100.09,168.02
363.6,441.46,100.01,168.9
364.36,413.41,99.437,169.01
366.68,387.99,99.767,165.34
361.56,380.31,102.25,158.29
360.43,381.5,102.6,154.96
356.32,395.94,100.47,157.48
353.21,430.42,98.507,159.64
350.65,438.98,98.356,158.73
351.48,442.04,97.609,158.58
352.46,441.61,96.919,157.96
352.67,441.45,96.47,157.61
351.33,440.75,96.731,157.5
349.94,442.4,97.371,157.43
351.31,440.71,97.462,157.27
350.09,441.03,97.627,157.38
352.14,441.5,97.426,157.56
351.73,441.32,97.428,157.26
351.57,442.38,97.395,157.07
350.96,442.35,97.997,156.07
349.07,442.54,98.797,155.64
350.17,442.27,98.89,155.56
350.45,442.91,98.579,155.33
350.24,443.14,98.323,155.04
350.65,442.62,98.168,155.21
350.82,442.56,98.573,154.51
350.59,441.86,98.685,154.6
351.43,440.43,98.352,155.76
350.8,441.18,97.755,155.94
351.51,440.78,97.171,156.12
327.34,436.47,101.94,158.91
304.5,437.97,102.39,156.93
289.57,436.78,104.68,156.5
324.53,418.7,108.68,156.91
377.08,394.7,114.04,158.09
376.67,390.69,120.1,159.18
410.59,368.06,129.23,155.77
431.75,351.82,133.72,150.36
432.02,338.21,136.98,146.72
431.69,324.01,141.24,145.51
408.29,343.76,144.65,145.33
406.57,343.64,147.46,145.74
394.69,365.29,152.77,146.31
348.23,408.32,151.79,148.36
322.22,427.76,147.92,150.43
303.52,420.39,141.96,153.99
312.12,397.87,134.37,157.41
318.88,396.52,128.99,160.15
335.97,374.19,127.69,160.08
384.42,352.91,133.62,155.69
431.34,331.07,134.12,152.67
438.81,317.04,136.37,149.41
465,307.44,136.31,149.36
472.88,309.87,134.72,151.85
502.49,289.44,126.07,159.72
508.82,263.41,120.72,165.43
502.86,246.89,123.53,164.2
496.57,229.21,128.75,160.34
492.36,231.07,133.84,157.39
488.96,232.53,138.02,154.98
449.77,240.15,143.18,154.16
421.05,270.07,143.45,156.94
386.22,324.44,142.34,162.35
368.78,390.67,135.17,168.43
366.05,431.18,133.33,167.9
365.65,434.73,130.11,167.81
372.64,436.75,126.02,166.81
376.08,437.38,122.12,163.66
382.78,436.32,115.73,162.61
385.23,434.16,109.96,162.14
386.46,433.97,106.57,160.37
387.69,435.3,103.99,158.99
389.13,434.09,101.94,158.14
391,436.03,100.09,157.96
390.95,436.55,98.753,157.71
390.99,437.49,97.831,157.32
391.99,438.86,97.283,156.23
392.37,439.59,96.853,155.37
392.34,439.14,96.555,154.9
392.18,438.83,96.352,155.1
393.4,439.16,96.112,155.18
393.39,438.88,95.894,154.87
392.33,439.04,95.908,154.72
392.97,439.28,95.621,154.39
391.99,440.1,95.924,154.17
392.39,439.73,96.047,153.68
392.24,439.97,96.133,153.45
392,440.13,96.251,153.07
392.41,439.54,96.385,152.79
391.39,440.12,96.714,152.65
392.98,439.87,96.189,152.71
392.19,439.19,96.111,153.91
394.85,438.85,95.438,154.45
393.49,438.87,95.498,154.78
392.68,439.85,95.737,154.62
392.06,439.96,95.789,154.34
392.26,439.31,95.622,153.85
392.19,439.49,95.49,153.19
394.58,438.27,95.262,153.55
392.31,439.15,95.217,154.56
394.39,437.93,94.952,155.17
393.09,437.76,95.099,155.56
394.18,437.98,94.775,155.83
392.39,437.88,95.193,155.98
393.03,438.52,95.524,155.4
392.85,438.92,96.066,154.04
392.25,439.64,96.234,153.73
393.04,439.37,96.217,153.3
391.97,439.34,96.174,153.08
392.55,439.06,96.148,152.86
391.74,439.59,96.415,152.76
392.85,439.53,95.948,153.45
394.26,445.31,95.652,153.96
393.46,444.63,95.332,154.37
394.2,442.8,96.126,152.99
392.36,431.63,96.423,154.19
384.35,400.49,96.891,151.63
369.07,372.85,100.37,148.5
353.72,372.96,100.32,149.32
353.82,372.59,100.3,149.82
347.71,402.9,98.3,154.97
346.89,425.87,98.207,152.31
344.59,437.53,97.843,152.55
344.37,441.98,97.223,153.2
346.78,439.38,96.325,154.02
345.79,440.09,95.84,154.51
345.05,439.9,95.435,154.79
344.47,441.11,95.312,153.88
345.01,439.92,95.287,154.03
344.68,440.42,95.661,153.64
344.06,440.53,96.293,153.07
344.51,440.37,96.606,152.83
345.05,440.29,96.826,152.58
344.25,440.04,97.295,152.13
344.36,441.42,96.93,151.64
344.3,440.94,96.633,151.78
344.51,441.68,96.706,151.8
344.72,441.6,96.811,151.67
343.34,441.87,97.299,151.07
345.75,441.18,96.866,151.43
345.51,441.2,96.437,152.3
343.6,439.8,95.724,153.36
323.96,425.6,98.215,154.88
320.76,424.9,100.31,156.94
317.73,423.07,99.895,158.26
321.37,407.39,103.34,157.12
381.21,442.54,113.59,145.7
429.93,385.63,117.74,142.41
429.67,335.46,122.06,139.35
427.6,335.37,125.04,137.04
432.39,320.95,128.47,133.59
432.55,309.46,133.65,131.67
422.36,315.6,135.72,134.21
397.21,338.73,140.01,136.57
348.65,381.3,137.33,140.87
350.06,381.58,134.95,146.16
308.65,421.82,132.85,148.58
283.08,428.15,125.49,151.84
281.24,418.63,120.33,154.06
305.84,392.35,116.78,155.77
348.99,373.74,117.48,154.53
347.52,374.17,118.38,153.03
403.53,357.69,123.24,148.74
433.92,341.02,125.68,145.28
444.23,334.09,124.94,143.64
453.31,318.48,124.1,142.99
473,296.41,122.33,145.23
476.92,292.27,117.21,149.52
488.22,271.12,121.24,150.21
499.34,251.95,126.01,147.86
479.4,251.29,132.27,145.6
442.12,257.68,137.17,144.98
420.15,299.37,137.72,147.46
417.64,299.31,138.65,150.28
393.48,341.39,139.42,151.73
373.18,403.42,132.46,158.81
367.74,429.51,129.43,160.69
368.28,432.07,123.45,159.94
369.06,430.82,118.49,158.12
374.14,431.26,114.16,156.39
374.23,432.91,109.98,153.91
375.4,437.29,106.49,153.1
376.1,439.04,102.77,152.95
379.11,440.58,101.01,153.5
375.06,439.01,99.858,153.09
377.34,439.58,98.444,152.67
373,438.16,96.698,152.92
375.13,439.1,95.789,153.41
375.89,438.11,95.675,153.62
374.62,440.26,95.431,152.45
376.22,441.24,94.704,152.43
375.88,442.03,94.351,152.44
379.41,439.79,93.802,152.7
381.84,440.35,93.869,152.43
382.61,440.77,93.561,152.55
386.32,440.37,92.731,152.95
387.53,440.35,93.026,152.83
386.49,440.34,93.055,152.85
387.06,441.14,93.039,152.8
388.14,441.23,92.997,152.59
388.56,439.27,92.921,152.66
387.2,439.64,93.054,152.36
386.25,438.87,93.076,152.45
386.72,439.13,93.254,152.35
385.22,437.19,93.913,153.89
382.16,437.34,93.959,154.79
382.44,437.06,93.893,156.16
382.18,434.25,94.251,157.85
380,437.16,94.221,158.25
380.82,438.3,94.041,158.25
383.2,437.07,94.2,158.68
380.65,437.58,94.373,158.93
383.49,436.64,93.879,159.99
383.33,436.36,93.808,160.54
382.35,437.41,93.84,160.95
383.39,437.34,93.592,161.09
383.23,434.91,94.002,161.63
385.97,440.35,94.986,162.77
393.26,437.96,96.736,161.29
426.7,431.5,101.3,154
462.65,396.78,103.91,147.85
463.8,395.62,105.38,144.59
505.77,370.94,106.75,142.17
561.5,334.04,102.79,144.33
625.46,305.04,108.86,140.8
665.39,293.18,109.14,139.62
729.53,310.82,106.55,137.97
731.25,312.64,104.22,136.62
773.51,331.28,104.28,137.15
808.29,365.32,102.31,141.88
829.91,424.46,97.257,146.23
836.55,433.62,94.237,147.91
839.85,434.09,91.436,148.89
840.72,434.21,89.734,148.89
841.14,435.13,88.494,149.07
845.82,434.25,86.395,150.51
847.12,432.07,84.179,152.25
847.88,430.7,82.496,153.37
848.9,429.92,81.067,154.19
850.51,429.04,79.999,154.45
849.26,429.26,79.356,154.56
851.15,428.77,79.065,154.01
850.22,428.79,79.273,153.88
849.96,427.76,79.901,153.97
849.92,428.23,80.158,153.88
849.9,428.04,80.389,153.53
849.05,429.01,80.153,153.9
849.79,428.58,79.642,154.26
850.31,428.4,79.375,154.38
849.92,428.36,79.522,153.45
850.03,428.3,79.661,152.86
849.6,428.38,79.7,152.78
850.17,428.52,79.946,153.07
848.79,428.84,80.242,153.2
849.94,429.32,80.29,153.41
850.17,429.07,80.533,153.64
849.63,429.3,80.189,154.1
849.71,429.93,79.988,154.03
849.93,429.17,79.754,154.45
849.17,427.24,79.946,154.51
848.69,427.77,79.366,154.62
849.98,425.86,79.089,154.43
846.68,426.74,79.076,154.98
848.32,426.38,78.768,155.47
847.38,425.6,78.775,155.56
846.86,426,78.564,155.5
846.81,425.71,78.366,155.04
847.78,425.52,78.3,155.06
846.29,425.29,78.774,154.76
845.63,425.82,79.097,154.47
845.3,425.91,79.585,153.83
843.86,424.52,80.146,153.65
844.84,424.96,80.533,153.33
843.13,426.16,80.631,152.79
846.82,422.94,80.417,153.24
844.77,423.39,80.726,153.79
844.38,425.41,80.86,154
841.95,430.07,82.331,151.8
841.33,418.93,84.649,151.34
845.84,372.78,85.016,151.02
846.63,344.76,86.607,150.05
844.35,338.71,88.493,149.84
842.54,341.76,90.427,149.84
844.95,380.93,88.634,152.46
845.84,420.34,89.132,146.4
842.56,434.99,90.764,143.09
842.57,441.14,92.22,143.89
842.49,442.99,93.902,144.03
849.39,442.22,92.371,146.18
856.28,442.28,90.349,149.7
857.4,441.27,88.94,151.68
857.77,440.63,87.818,152.98
858.06,439.98,87.066,154.05
858.2,439.39,86.52,154.84
859.09,439.53,86.044,155.26
858.41,438.97,85.745,155.52
858.86,438.71,85.645,156.56
857.92,438.34,85.611,157.14
858.57,438.14,85.763,157.72
858.12,436.97,85.707,158.11
859.01,436.81,85.853,158.47
858.49,437.34,85.876,158.99
858.78,437.58,85.804,159.41
858.64,438.73,85.606,159.37
854.49,437.42,86.16,158.76
854.26,437.21,86.804,157.89
811.04,434.81,88.799,158.61
798.28,434.27,89.264,160.78
810.14,404.52,91.13,159.47
840.69,377.54,98.126,151.34
891.46,353.06,103.84,147.87
892.93,357.27,108.34,146.35
914.05,357.9,107.65,147.06
915.36,355.56,106.84,147.76
915.37,348.21,104.49,150.55
913.88,341.97,103.04,152.98
891.7,336.85,107.86,154.8
888.68,332.79,111.58,156.93
867.84,363.37,113.6,157.14
832.07,414.39,118.24,150.4
812.16,419.05,117.31,149.36
813.35,402.64,116.18,148.85
828.64,379.1,115.28,148.86
827.99,376.34,114.9,148.52
855.35,345.11,114.07,148.78
874.85,320.97,111.07,150.79
921.05,324.42,108.21,154.63
933.65,327.83,106.78,154.74
948.01,298.24,105.12,156.9
959.1,291.19,102.39,159.61
953.21,264.08,102.59,159.81
951.51,255.57,103.91,159.29
949.41,246.04,106.66,157.74
959.39,211.81,112.97,154.85
961.2,221.6,126.68,142.7
952.69,227.07,138.13,132.77
948.01,236.3,144.83,125.82
938.25,240.62,150.35,119.35
929.71,244,152.61,117.47
924.06,247.06,154.04,116.69
907,270.2,153.02,119.67
907.68,276.7,152.24,122.33
909.5,282.43,151.36,125.32
911.16,288.37,150.8,127.28
878.99,444.3,139.2,134.16
880.39,446.68,129.92,138.09
878.42,445.86,123.29,140.48
879.62,444.69,117.52,142.31
867.9,443.83,114.32,142.34
839.75,440.71,111.2,143.5
799.55,438.46,109.45,144.28
754.94,436.14,109.61,144.21
694.07,433.08,111.51,144.36
688,432.7,111.91,144.82
630.9,429.93,110.13,145.53
584.23,454.7,112.03,150.36
625.39,457.18,113.03,154.95
676.32,456.3,111.15,157.07
708.94,453.76,111.92,157.21
715.02,452.59,111.41,158.6
742.96,448.17,111.36,159.33
770.87,447.26,110.31,158.83
799.84,446.38,107.51,161.55
819.95,444.4,104.51,162.88
833.89,443.58,100.78,164.4
835.79,441.75,98.89,163.56
844.72,441.67,96.578,162.21
850.34,441.62,95.484,161.15
853.66,442.97,94.165,160.38
854.79,442.48,93.379,159.39
858.34,441.92,92.646,159.06
857.57,442.7,92.488,158.75
859.14,441.22,92.173,158.97
857.8,442.86,92.626,158.6
857.41,439.87,93.108,158.48
856.98,441.14,93.394,158.55
857.93,441.67,93.6,158.28
857.72,442.24,93.753,158.15
858.68,441.96,93.687,157.98
859.38,441.23,94.198,158.43
859.83,441.98,94.872,158.7
859.39,441.71,95.082,159.18
858.98,440.87,94.884,159.7
859.08,440.63,94.659,159.91
859.22,440.28,94.268,160.23
858.21,441.16,94.16,159.79
853.83,443.98,96.22,159.29
856.99,423.9,97.243,160.92
888.89,357.89,100.8,159.51
888.03,356.15,103.58,158.75
910.5,339.84,102.33,157.56
927.45,339.3,102.36,155.42
944.96,355.7,100.04,155.41
947.67,396.53,96.828,155.09
947.88,413.16,95.166,151.19
949.44,420.61,93.632,148.81
947.44,422.31,92.136,147.95
944.97,421.89,90.687,147.59
941.52,421.45,89.647,147.12
934.77,422.27,88.902,145.92
925.51,423.47,88.603,145.63
922.31,425.28,88.993,144.74
906.17,425.87,89.832,145.15
881.29,423.18,93.859,145.02
830.75,427.32,96.854,144.61
777.57,431.25,97.57,144.85
729.5,431.57,98.48,145.59
720.83,431.78,99.001,146.76
676.42,431.5,99.001,147.32
628.68,432.74,99.808,147.92
586.67,434.64,101.04,149.93
546.19,436.64,100.71,151.35
518.82,438.38,102.38,152.9
513.36,439.03,102.76,153.74
480.06,441.15,103.25,152.89
448.98,443.81,103.49,152.46
423.34,443.45,103.73,154.08
406.92,447.04,103.34,152.87
392.31,446.08,102.35,152.08
390.85,445.3,101.47,152.24
382.41,446.82,101.24,152.17
383.84,449.9,102.5,153.49
383.41,444.83,104.74,155.24
383.51,419.49,106.72,155.83
380.94,359.09,105.68,160.8
380.14,354.55,105.29,164.83
364.47,310.96,104.86,167.55
346.5,287.64,105.87,166.72
335.76,276.3,104.36,163.53
326.41,295.85,101.06,162.82
326.26,347.36,96.595,162.29
326.07,349.64,93.327,163.65
325.66,402.61,92.999,162.62
327.65,414.33,92.2,160.27
326.62,399.07,92.166,162.46
328.7,353.8,92.543,161.11
333.49,314.61,92.718,161.76
336.15,310.47,92.462,162.53
338.03,282.63,93.436,162.73
339.58,250.23,94.572,160.9
341.86,241.47,95.24,157.4
346.83,245.45,98.538,155.48
348.12,269.13,100.1,155.12
350.3,275.04,100.38,156.83
355.84,320.3,100.38,156.69
370.27,383,97.743,156.85
375.83,421.24,94.826,153.24
379.04,428.28,92.714,152.59
380.68,428.12,92.156,151
380.65,428.65,91.755,149.55
381.64,432.4,91.091,148.39
383.02,430.57,90.523,147.14
379.06,429.32,90.61,145.97
381.79,430.42,90.147,145.7
380.89,430.28,90.282,145.62
380.1,430.12,90.379,145.57
381.14,430.95,90.15,145.39
379.95,430.53,90.027,145.41
380.61,429.88,89.454,145.3
380.2,430.39,89.286,145.36
382.21,428.27,88.495,145.71
381.08,428.98,88.416,146.09
383.14,427.25,88.157,146.37
381.78,428.25,88.37,146.49
384.75,427.78,87.97,146.6
383.08,428.1,88.235,146.86
384.15,428.25,87.972,146.94
383.45,428.57,87.975,147.1
384.45,427.41,87.759,146.99
383.44,428.18,88.005,147.37
385.3,426.85,87.687,147.77
383.5,428.07,88.03,147.95
385.04,427.93,87.686,147.52
384.55,428.91,87.893,147.17
383.75,428.73,88.35,146.37
384.1,428.66,88.368,145.93
384.09,428.09,88.429,145.65
383.32,428.94,88.601,145.69
384.55,429.62,88.441,145.54
384.76,429.83,88.557,145.38
384.42,433.73,89.171,145.61
379.35,428.69,91.62,144.09
373.57,403.19,92.277,146.75
368.19,356.5,92.703,147.35
365.39,297.06,92.478,151.26
363.62,288.67,92.477,156.96
358.3,240.81,93.114,158.84
353.56,186.82,93.233,157.15
352.79,134.88,92.776,156.56
353.37,93.159,92.812,154.73
352.96,78.18,93.086,153.66
352.94,78.555,93.226,153.02
354.51,72.762,93.533,152.04
356.7,76.509,93.695,151.73
359.02,86.465,93.075,151.15
361.11,114.11,92.262,149.9
362.21,161.47,91.357,151.46
363.9,161.31,90.424,152.77
363.45,216.97,92.429,154.32
371.72,277.64,92.29,160.57
373.64,363.92,92.607,164.34
377.2,415.95,90.975,161.13
380.82,420.31,89.392,158.91
382.41,423.65,88.146,156.24
385.57,424.59,87.223,153.86
390.5,426.62,87.52,151.35
395.05,430.99,86.606,150.85
393.19,429.74,86.394,150.48
394.71,429.51,85.884,151.42
394.18,428.29,85.624,151.7
394.95,428.31,85.414,152.46
393.78,427.7,85.092,153.09
395.02,427.73,84.524,153.26
394.17,427.81,84.433,153.68
395.11,426.71,84.319,153.93
394.47,426.62,84.372,154.1
394.98,427.13,84.506,153.96
394.58,425.52,84.36,154.26
396.36,426.55,83.942,154.39
395.72,425.81,83.784,154.56
394.87,426.21,83.648,155.01
396.31,426.19,83.375,155.33
395.83,426.14,83.593,155.63
394.66,425.49,83.665,155.64
396.16,425.38,83.757,155.63
394.48,425.16,83.902,155.85
394.68,425.49,84.102,155.86
394.83,425.81,84.281,155.91
394.54,425.98,84.181,155.18
395.16,425.82,83.822,153.89
394.65,426.83,83.758,153.38
394.05,424.83,84.185,153.57
394.22,427.45,84.396,153.56
395.24,427.32,84.401,153.48
394.8,428.01,84.156,153.48
393.9,431.23,84.459,152.04
387.1,427.11,87.246,149.21
382.85,400.08,87.146,150.31
380.34,358.37,89.202,149.18
377.6,352.13,90.638,151.1
365.88,297.57,91.02,155.51
359.98,239.93,91.128,157.19
355.75,196.32,91.927,153.42
353,146.51,92.442,151.18
353.55,116.8,92.51,148.27
354.38,117.83,92.328,145.92
353.68,105.9,92.128,143.94
354.89,107.57,91.869,142.23
357.97,114.15,91.483,141.38
360.13,134.39,90.596,141.84
362.7,156.45,89.217,145.1
365.17,158.76,88.268,147.2
364.66,206.16,88.473,145.73
361.34,247.35,89.545,151.87
359.8,312.76,90.853,154.9
364.98,398.81,90.622,156.25
366.84,420.35,90.227,150.64
367.72,424.94,89.544,147.69
368.05,426.22,89.224,145.38
369.53,428.75,89.17,144.12
372.24,432.62,89.895,144.48
375.11,431.76,90.064,143.82
373.44,433.58,89.899,145.32
374.88,433.41,89.214,146.43
373.07,432.43,88.88,147.89
373.99,431.72,88.398,149.19
374.86,432.1,87.683,149.96
371.78,426.62,88.423,150.11
373.68,426.87,88.348,150.1
372.49,427.46,88.556,149.96
373.16,428.56,88.386,149.81
373.15,426.9,88.375,149.54
372.74,428.15,88.526,149.26
372.09,428.1,88.787,149.27
372.81,427.84,88.945,149.29
372.13,427.65,89.175,149.36
372.07,427.59,89.382,149.17
371.86,427.72,89.634,149
370.93,427.37,89.97,148.56
371.97,427.16,89.913,148.19
373.39,428.8,89.421,147.93
372.51,429.13,89.283,147.58
372.26,429.21,89.298,146.91
371.84,429.45,89.616,146.48
371.54,428.22,89.675,146.33
371.76,428.82,89.717,146.06
372.1,429.89,89.577,145.92
371.63,429.7,89.551,145.66
372.74,428.64,89.722,145.63
372.36,431.17,89.499,145.36
368.63,430.28,90.276,145.35
363,414.11,90.213,147.38
358.11,369.25,90.36,148.81
356.97,361.54,90.35,151.76
355.7,318.44,90.616,153.67
352.67,256.96,90.754,155.23
349.36,202.33,91.347,152.45
347.94,138.11,91.774,152.25
347.45,88.623,93.186,151.84
346.53,87.282,94.3,151.89
345.72,72.561,95.881,151.38
347.04,74.439,95.676,152.47
347.18,66.265,96.066,152.98
349.52,76.424,96.294,152.89
349.72,103.34,96.088,152.45
350.6,110.67,95.554,151.8
351.98,152.3,94.779,153.17
352.68,220.99,94.787,157.69
351.22,273.06,94.873,162.39
353.58,368.75,94.256,165.94
356.07,411.6,94.002,161.6
357.23,424.84,93.704,157.91
356.08,426.64,93.53,154.97
355.29,427.79,92.901,152.43
356.34,431.37,92.206,150.62
355,429.81,91.72,149.89
358.03,434.04,90.677,149.97
356.37,432.54,90.365,149.92
356.88,430.96,89.816,150.89
357.77,431.74,89.159,151.89
358.08,431.31,88.559,152.63
357.94,430.3,88.37,152.53
358.5,430.31,88.714,151.31
358.46,431.75,88.93,150.47
357.51,431.22,89.16,150.01
357.05,431.9,89.217,149.91
358.69,431.99,88.771,151.21
357.18,426.59,89.655,150.76
357.71,426.73,90.098,150.66
357.61,426.45,90.439,150.44
357.15,429.48,90.211,149.8
352.95,424.64,90.301,151.5
321.26,420.4,92.516,151.36
323.82,414.99,95.025,152.34
367.23,424.15,98.738,148.52
364.49,431.81,102.02,144.48
406.05,393.08,106.36,141.43
434.67,343.39,111.72,139.56
434.73,314.2,115.07,135.8
432.56,301.27,118.04,132.24
435.83,287.73,123.69,128.77
436.93,288.98,127.58,126.88
427.31,298.34,128.59,128.35
406.05,325.55,130.06,130.33
373.04,374.38,126.6,132.46
348.43,419.25,121.76,134.77
344.23,416,116.21,140.69
346.38,415.39,112,144.71
353.71,390.24,109.77,148.39
390.68,353.9,113.27,147.47
428.75,323.31,114.66,144.54
449.96,305.44,116.74,143.04
453.74,290.49,117.79,143.15
455.88,290.79,117.99,143.98
477.4,252.61,111.68,147.37
465.49,229.26,108.75,149.62
466.58,212.02,113.27,146.39
465.36,195.39,118.03,140.43
451.08,193.85,123.6,134.98
451.51,193.2,128.67,130.77
432.97,206.22,130.11,132.49
412,226.5,128.53,138.76
391.78,267.04,127.08,144.21
374.49,330.9,121.25,153.86
370.74,405.09,116.76,160.78
369.45,409.77,112.74,165.79
375.19,423.38,112.1,162.37
378.5,427.45,109.46,159.72
381.64,433.94,107.96,157.94
385.13,431.59,104.43,156.2
386.75,428.46,100.21,154.8
387.77,428.97,96.989,153.38
387.26,428.59,94.874,152.16
389.29,428.37,93.156,151.3
389.4,427.92,91.783,151.43
391.66,428.2,90.446,151.13
389.81,427.77,89.822,150.95
391.72,428.17,89.11,150.64
390.56,429.96,89.081,150.38
391.12,428.45,88.977,150.13
390.91,429.79,89.079,149.97
391.47,429.35,88.784,150.06
392.04,429.34,88.635,150.28
391.25,429.33,88.514,150.51
391.92,428.77,88.279,150.65
391.01,429.41,88.418,150.69
391.45,428.12,88.327,151.18
391.08,428.42,88.462,151.21
391.3,428.95,88.739,150.78
390.15,429.42,89.134,150.59
390.83,429.91,89.443,149.65
390.42,430.34,90.117,148.55
390.26,430.37,90.468,147.88
390.96,430.51,90.479,147.55
389.56,430.06,90.89,147.49
390.63,429.94,90.765,147.49
390.75,430.33,90.638,147.31
390.37,431.71,90.599,147.51
390.92,436.95,91.184,147.37
391.74,435.38,93.132,145.91
389.63,412,92.606,149.13
388.91,406.6,92.475,152.64
388.09,366.61,92.135,153.83
389.53,322.64,91.886,156.54
385.29,261.32,91.942,156.59
375.84,216.59,92.649,154.58
371.27,146.63,92.735,152.98
370.43,142.21,92.36,152.09
362.39,105.46,92.586,150.04
359.59,76.73,93.872,147.71
358.84,78.271,93.817,147.35
358.2,79.075,94.016,147.17
356.64,86.235,94.184,145.92
355.24,89.483,94.239,145.13
356.57,109.34,94.088,146.47
356.93,148.13,93.054,148.86
358.8,217.13,93.858,151.15
353.87,265.18,95.432,156.3
356.82,364.26,96.326,161.4
358.86,372.66,96.422,167.87
364.27,411.76,95.034,162.86
368.51,422.14,93.685,158.42
370.82,425.61,92.918,155.3
372.83,429.2,92.921,153.12
376.37,432.05,92.499,152.74
376.9,432.82,91.978,152.18
380.61,434.02,90.439,152.01
376.66,430.89,90.005,152.7
378.41,431.61,89.436,153.38
378.93,430.97,89.175,154.2
378.27,429.79,88.674,154.41
378.9,430.51,88.242,154.26
378.26,429.73,87.889,154.96
379.26,429.43,87.707,155.53
379.55,427.79,87.621,156.19
381.38,427.31,87.294,156.57
382.28,427.01,87.01,156.96
381.16,427.56,87.079,157.17
381.88,428.14,86.977,157.24
382.46,427.24,86.926,157.58
382.07,427.84,87.272,157.33
381.98,426.81,87.475,157.5
381.38,427.76,87.7,157.57
382.41,427.69,87.736,157.84
381.14,428.19,87.699,158.09
383.59,428.61,87.332,157.92
383.33,428.11,86.569,156.68
382.33,428.22,87.016,156.26
382.1,428.49,87.374,155.84
381.99,428.64,87.626,155.42
382.15,428.15,87.625,154.8
383.4,430.27,86.989,154.19
382.98,428.28,87.203,154.02
383.02,429.34,87.356,153.49
382.2,417.56,89.873,151.62
382.71,414.47,91.063,152.79
379.7,354.62,92.057,153.85
360.19,245.97,98.092,159.22
359.12,189.5,100.33,157.04
364.2,117.89,96.177,161.16
366.1,89.246,96.542,159.62
366.32,81.251,97.163,157.44
367.91,89.367,97.557,156.7
369.68,84.091,97.78,155.47
372.79,79.971,97.557,152.98
375.44,90.08,96.952,150.84
374.47,97.055,96.08,148.78
375.07,93.97,94.941,146.13
372.12,106.63,93.782,143.09
370.91,126.16,90.81,147.54
364.8,179.88,90.119,149.8
361.17,239.71,89.775,154.98
361.79,328.48,89.961,154.74
360.76,335.79,89.567,161.13
361.23,409.64,89.42,155.89
360.58,421.83,88.555,153.17
359.69,426.79,88.139,152.03
359.05,427.53,88.269,150.82
359.91,428.9,87.584,150.58
360.81,428,87.141,150.38
357.97,427.84,87.648,152.24
358.02,429.83,87.879,152.42
359.05,429.32,87.633,153.37
357.54,430.28,87.759,154.1
359.57,430.06,87.537,154.55
358.81,429.43,87.442,154.98
358.48,428.94,87.593,154.34
359.23,428.2,87.958,153.88
358.42,428.14,88.189,153.55
357.63,428.28,88.406,153.13
358.21,429.21,88.512,152.59
358.04,429.07,88.56,152.36
358.67,430.34,88.751,152.13
356.6,428.6,89.748,150.9
359.18,423.42,92.277,148.48
360.08,416.67,93.186,149.74
356.73,372.49,92.773,149.2
355.44,366.33,92.302,151.11
356.78,321.37,92.216,152.55
354.68,275.27,93.065,153.45
347.18,213.83,93.89,151.34
345.75,180.15,94.899,147.87
347.63,177.07,95.528,145.96
348.45,175.81,95.88,144.29
352.92,196.67,95.043,145.01
354.4,234.61,94.487,151.32
350.42,287.29,95.229,155.75
351.85,384.6,95.114,159.74
359.99,418.73,94.76,155.43
364.19,424.26,94.31,153.19
367.3,431.72,93.719,153.71
366.84,430.83,92.267,154.51
368.52,431.12,91.185,155.06
367.75,431.15,90.792,154.75
368.76,431.4,90.406,155.3
368.51,431.06,90.202,155.67
368.16,429.51,90.255,156.28
369.24,430.17,89.884,155.99
368.97,430.27,89.481,155.33
368.07,430.88,89.398,155.37
367.85,433.03,88.883,155.21
368.5,433.66,88.489,155.1
369.25,427.31,92.027,152.54
371.9,398.32,93.676,154.92
366.37,337.67,94.846,155.96
362.78,291.4,95.273,157.67
353.61,236.29,97.271,158.81
349.73,235.41,98.987,160.65
345.73,217.23,100.55,156.11
343.16,215.93,101.05,152.17
344.11,223.03,101.66,153.06
343.37,247.63,100.79,159.11
343.78,299.89,100.58,163.57
346.65,301.98,99.895,169.41
344.88,357.36,99.01,169.63
349.59,415.88,98.989,165.94
349.88,427.32,98.426,163.98
350.23,426.16,96.163,161.46
351.05,430.96,94.49,159.67
350.58,432.21,93.386,157.96
350.38,433.24,93.199,155.95
352.09,433.7,92.239,155.09
351.62,436.08,91.7,154.45
351.78,435.08,91.264,154.02
352.46,434.85,90.463,154.13
352.53,434.91,89.833,154.39
353.58,433.56,89.115,154.72
353.73,434.96,88.676,154.74
353.03,434.34,87.668,154.5
332.47,427.66,93.312,154.95
316.78,425.58,95.076,154.71
316.83,426.21,96.509,153.96
320.25,412.25,99.934,152.67
343.98,382.41,99.099,152.77
383.73,363.48,101.46,150.98
433.94,321.29,106.75,143.97
452.31,308.37,109.98,138.22
453.1,309.62,112.41,133.77
452.07,297.59,116.06,129.85
433.23,304.79,120.93,130.91
412.92,325.77,125.95,134.66
366.2,377.6,125.42,137.12
339.94,421.46,121.38,140.81
338.48,422.78,116.91,144.59
336.75,418.35,112.66,147.36
348.65,393.61,111.16,150.73
384.09,358.5,116.5,149.25
433.37,325.05,117.9,146.39
455.46,309.93,119.95,144.85
460.29,309.86,120.46,143.97
482.51,292.7,114.38,149.51
489.35,261.04,108.4,152.86
476.92,239.49,105.36,153.71
474.31,220.01,110.53,150.36
489.4,206.89,118.12,144.26
487.7,210.11,124.02,139.98
485.03,212.02,127.56,136.34
461.37,226.81,131.81,136.52
437.46,233.35,133.78,139.52
399.75,256.78,133.16,147.37
367.69,314.71,128.41,159.26
368.2,315.1,124.96,169.45
360.49,371.37,121.71,172.88
362.32,417.25,116.72,170.7
363.73,424.31,113.16,164.6
360.98,426.89,109.94,161.16
358.48,427.55,106.97,159.34
359.78,428.02,104.09,157.85
354.19,429.29,102.43,157.3
352.76,432.07,100.65,156.16
353.54,431.77,98.157,156.37
354.22,432.03,96.976,156.52
353.98,432.21,96.083,156.41
354.97,432.55,95.449,156.41
355.51,432.37,94.994,156.25
355.49,432.91,94.609,156.16
357.93,431.35,94.195,155.67
355.92,431.61,94.115,155.69
358.46,432.01,93.712,155.7
357.58,432.29,93.864,155.53
357.31,433.18,93.898,155.88
356.93,432.88,94.184,156.25
357.45,432.02,94.462,156.49
356.78,432.21,94.689,156.87
357.12,431.39,94.967,156.74
356.86,432.11,95.052,156.67
356.23,433.31,95.091,156.26
358.06,437.54,94.479,157.05
358.75,436.43,93.989,158.19
358.15,433.65,93.581,159.36
358.61,434.02,93.365,159.8
358.18,433.95,93.148,160.17
358.95,435.51,93.324,159.11
358.42,433.54,92.843,159.38
357.9,433.02,93.71,158.05
355.35,428.68,96.323,156.56
347.47,403.13,97.041,160.02
346.04,399.29,97.918,163.24
347.55,357.18,97.516,163.61
349.21,323.74,96.547,166.03
349.52,273.33,96.659,168.67
346.67,218.05,97.943,166.02
348.19,174.92,98.143,164.57
347.61,169.16,98.206,163.8
349.94,130.94,97.653,162.63
351.63,103.99,97.975,159.48
349.43,95.741,98.221,156.78
347.39,101.62,98.155,154.44
347.76,114.45,99.094,151.92
347.3,114.06,99.775,149.54
350.1,144.75,98.303,150.43
352.79,185.81,97.006,150.81
351.35,234.52,98.221,155.65
354.53,309.08,99.397,158.09
371.51,401.66,97.59,158.97
372.78,414.74,95.957,158.78
374.84,423.77,94.281,155.43
377.52,427.27,92.802,153.03
379.17,428.84,92.701,151.14
385.19,431.02,91.54,150.69
388.86,432.47,89.547,150.82
387.51,431.61,88.417,150.89
387.97,429.48,87.458,151.37
387.4,429.96,86.963,152.1
388.77,428.79,86.311,152.69
388.13,428.44,85.9,153.05
389.03,428.48,85.595,153.38
388.43,428.45,85.461,153.69
388.93,428.42,85.68,154.23
388.23,425.86,85.747,155.03
387.91,426,85.964,155.33
388.23,424.6,86.066,155.5
386.37,426.99,86.015,155.74
387.63,427.03,85.658,155.66
387.6,426.55,85.665,155.91
387.22,427.16,85.933,156.01
388.48,426.55,85.945,156.44
388.38,426.98,86.048,156.65
390.17,427.27,85.608,156.67
389.5,426.53,85.503,156.84
391.75,427.4,84.953,155.37
392.04,427.41,84.617,154.34
391.1,425.11,84.882,154.07
391.08,427.35,84.698,154.28
392.16,427.59,84.351,153.58
391.99,427.57,84.174,153.18
391.43,427.77,83.91,153.23
392.92,431.39,83.413,152.44
387.62,430.79,86.144,149.51
381.64,421.47,87.481,149.81
377.83,388.22,87.477,149.87
377.58,378.25,87.21,154.02
376.59,332.1,88.035,156.95
370.23,282.68,89.524,158.65
362.04,222.2,91.433,158.09
361.4,165.07,92.016,158.39
365.18,130.08,92.177,157.05
368.1,120.78,91.694,156.47
369.62,110.67,92.345,153.72
370.46,106.79,92.966,150.65
372.52,113.6,92.774,150.31
371.76,136.47,92.302,151
371.83,172.46,91.921,154.68
372.37,174.08,91.837,156.8
371.68,231.46,93.572,160.02
371.01,291.51,94.93,161.23
374.65,377.71,95.296,164.51
383.79,417.7,94.508,159.1
389.41,425.04,93.229,156.09
391.48,426.49,92.039,153.8
390.34,426.37,91.088,151.51
392.32,426.07,89.962,149.14
390.8,429.13,88.709,149.18
390.88,426.47,88.579,148.19
390.88,425.79,88.527,147.78
391.56,425.35,88.383,147.52
390.89,425.31,88.48,147.33
389.62,426.53,88.609,147.34
392.06,425.91,88.309,146.6
389.06,425.34,88.575,145.91
390.65,425.79,88.546,145.34
390.32,425.78,88.594,144.83
390.29,426.03,88.842,145.06
391.63,426.72,88.533,145.16
392.14,427.26,88.407,145.59
392.58,431.59,88.363,145.74
391.3,430.93,90.272,143.85
391.4,430.78,91.423,142.54
393.29,406.6,89.92,146.79
396.39,359.63,89.672,146.18
388.17,300.06,88.849,148.16
382.01,237.91,90.082,148.32
378.5,186.32,91.178,145.67
377.6,181.71,91.688,145.17
378.68,165.98,91.827,143.54
380.21,177.92,91.647,145.78
377.96,222,93.097,148.97
379.59,283.32,93.904,155.09
393.17,376.81,91.953,160.43
393.22,381.79,90.652,165.44
397.31,417.5,91.895,158.47
399.83,425.26,91.308,156.56
399.16,428.92,89.931,154.54
395.48,428.06,88.86,153.99
396.1,428.15,88.327,153.92
396.03,427.4,87.787,154.01
397.34,429.82,86.995,152.93
396.14,427.28,86.878,152.64
396.22,427.29,86.893,152.77
396.85,428.55,86.501,153.15
398.25,429.03,86.155,153.7
398.18,428.57,86.017,154.01
399.13,430.11,85.469,153.3
397.66,427.55,89.219,148.96
398.55,412.77,91.378,151.67
385.82,369.25,92.261,151.66
382.66,307.4,92.273,151.41
381.12,298,91.902,154.53
366.96,234.98,92.73,158.32
359.98,178.45,93.979,156.52
360.13,146.07,94.132,153.84
361.99,148.84,94.446,151.62
364.13,172.55,94.248,152
366.58,176.54,93.835,151.58
364.86,220.48,94.639,153.34
362.59,270.69,96.135,157.01
363.2,360.11,96.554,159.08
370.44,413.6,95.279,154.22
372.47,424.41,93.783,150.64
373.31,428.48,92.713,148.42
373.16,428.61,92.396,146.11
374.86,431.03,91.824,144.9
375.64,432.19,91.159,144.1
374.97,434.12,90.597,144.4
374.08,434.99,90.417,144.39
373.1,433.76,90.5,143.86
374.17,434.32,90.015,143.73
373.82,434.18,89.73,143.76
374.51,434.33,89.488,143.57
374.69,435.02,89.303,143.77
374.92,434.45,89.288,143.33
374.73,434.42,89.186,143.45
375.05,434.67,88.998,143.69
375.69,434.72,88.947,143.43
376.41,435.67,88.664,143.46
376.75,435.43,88.651,142.91
377.59,436.01,88.335,142.79
377.78,435.91,88.228,142.48
378.68,434.92,88.26,141.81
379.42,435.28,88.019,142.08
380.28,435.8,87.807,142.18
380.37,435.67,88.21,141.88
380.43,434.9,88.599,141.47
380.02,434.87,88.764,141.82
380.15,436.13,88.677,142.12
379.63,434.8,89.131,141.61
379.68,435.89,89.145,141.83
379.71,435.43,89.444,141.36
378.86,434.74,89.921,141.02
378.75,436.35,89.992,141.18
376.18,435.03,90.05,141.24
370.59,432.21,90.234,141.86
361.06,423.74,91.287,142.66
339.25,415.09,93.167,144.55
328.18,407.62,93.334,144.47
324.99,408.9,93.728,145.2
320.26,399.24,92.742,143.42
319.7,390.7,97.218,142.23
364.46,369.93,103.82,138.38
445.84,348.52,107.18,135.23
463.77,345.53,107.25,137.59
465.08,343.79,107.3,139.66
467.69,325.14,107.76,140.01
472.35,310.57,108.04,139.96
477.23,297.16,107,137.31
493.8,304.97,101.54,137.93
498.66,310.67,96.117,137.71
501.7,311.36,92.431,137.84
502.66,318.99,89.366,137.48
503.49,328.03,86.604,137.06
506.2,338.19,83.462,135.94
506.53,347.98,82.002,134.12
506.27,347.2,80.694,134.92
506.25,346.43,79.563,135.46
507.35,331.12,77.87,137.4
508.53,316.06,77.575,138.96
508.3,313.3,79.2,137.63
504.71,315.67,80.164,138.97
492.09,331.93,77.89,138.49
492.92,334.06,75.919,140.32
474.01,380.46,76.814,138.9
474.91,407.96,76.506,135.16
471.85,409.68,77.021,133.5
459.75,405.53,77.099,131.85
454.72,391.64,78.741,131.24
451.96,390.87,79.566,130.66
440.24,373.04,78.661,132.4
442.06,358.61,78.101,131.16
446.15,344.2,77.103,130.16
470.78,336.94,83.657,126.27
475.29,338.42,87.793,124.73
477.94,339.51,90.877,123.59
479.2,356.18,92.413,127
457.37,394,87.555,127.81
472.64,412.13,85.186,129.96
473.6,383.42,81.603,133.75
502.61,367.17,85.268,131.56
503.3,365.93,87.419,130.17
493.38,319.42,88.939,130.17
496.56,286.83,89.958,129.69
498.85,264.92,91.35,127.89
499.22,249.34,92.033,127.01
501.21,262.11,92.815,128.32
502.8,261.07,93.408,129.91
500.38,280.65,93.384,134.3
487.96,318.9,89.741,134.39
465.56,399.22,87.19,131.13
482.55,409.79,84.044,130.83
482.29,405.79,81.782,131.19
482.43,403.62,79.926,131.17
479.91,389.43,79.579,131.31
495.3,388.68,85.077,127.82
486.38,358.83,87.099,125.39
489.38,333.75,89.177,124.84
492.27,319.34,91.273,123.08
495.34,319.7,91.953,121.95
497.15,314.76,91.941,120.92
494.33,313.8,91.81,122.97
481.78,329,88.595,128.27
459.44,395.38,84.796,126.9
476.37,415.18,82.153,129.4
478.81,417.36,80.839,131.66
492.33,401.12,84.178,129.93
505.44,380.78,87.526,127.98
495.59,333.27,89.304,127.79
498.35,299.84,90.094,128.69
500.98,269.06,90.825,128.75
501.84,267.58,91.287,128.82
502.25,260.64,92.718,127.07
501.3,263.09,93.883,129.31
497.83,286.51,95.611,133.18
484.6,330.86,92.716,137.92
469.31,403.53,90.526,136.05
470.87,410.35,88.021,136.6
477.37,416.21,84.69,138.62
476.28,403.6,89.409,136.63
479.98,398.1,94.081,132.8
480.62,382.45,97.539,130.53
470.76,351.82,99.103,129.57
473.13,352.07,100.16,128.61
463.31,331.98,101.61,128.19
465.41,317.09,102.94,127.84
468.62,310.13,103.59,128.12
472.85,308.18,102.07,132.66
473.58,335.12,99.103,139.51
474.92,337.45,96.805,147.29
446.93,398.75,93.452,145.49
463.97,416.64,92.369,146.3
480.92,399.39,96.33,144.27
483.17,363.37,98.674,142.44
482.78,313.03,97.393,144.14
482.23,308.36,96.649,146.18
483.39,270.79,95.989,146.16
488.86,251.03,96.86,143
493.03,245.04,97.666,140.02
493.2,252.38,97.676,141.93
491.75,278.37,96.37,147.4
492.12,282.46,94.896,151.41
481.81,319.92,92.09,152.4
479.49,406.67,97.835,148.64
478.32,414.16,99.03,146.22
478.55,401.44,103.39,143.67
480.71,382.22,104.64,140.7
482.08,381.66,105.72,138.73
481.7,362.74,106.57,137.67
470.13,328.63,105.6,136.42
470.88,312.2,108.47,134.46
472.23,299.02,112.46,132.03
474.7,296.99,112.35,133.36
475.26,296.18,112.57,134.19
478.51,298.5,107.91,138.85
479.58,329.98,103.39,143.77
451.62,391.67,98.394,141.21
471.28,413.85,94.555,142.12
473.01,397.43,92.039,143.37
474.19,396.43,90.06,144.18
490.8,381.22,94.436,139.99
492.21,361.39,95.393,137.65
483.49,324.52,97.144,136.35
485.91,292.34,97.268,136.09
487.95,275.05,97.902,133.82
489.05,273.53,98.148,132.09
490.2,272.12,98.751,130.97
489.91,289.12,98.246,133.65
477.64,320.42,93.991,137.04
460.99,382.58,91.822,135.11
468.04,410.64,87.847,135.23
472.52,414.38,84.689,137.21
470.92,404.54,83.898,136.06
483.87,391.13,89.817,132.44
486.58,371.65,92.779,130.62
475.55,335.14,95.177,128.16
478.24,306.48,99.108,127.93
480.3,306.42,101.45,128.55
482.47,293.29,104.99,126.03
485.45,289.3,105.92,126.76
487.23,295.4,103.34,132.44
476.1,330.21,99.387,136.34
475.37,411.49,104.17,134.26
475.71,414.99,107.69,133.12
479.19,415.03,106.44,133.37
482.99,392.79,105.94,134.39
487.65,369.1,105.97,134.53
489.33,331.74,102.47,135.17
490.21,295.91,100.27,136.28
490.97,292.92,99.699,137.13
493.34,270.41,100.37,135.95
495.31,262.48,101.32,133.92
497.56,268.8,101.52,136.04
495.39,296.97,102.29,138.36
478.07,359.51,99.325,144.01
478.02,363.85,96.258,148.66
473.96,407.12,99.809,144.77
488.37,407.21,103.3,141.94
488.11,388.71,105.87,139.07
489.09,368.68,105.87,137.29
476.8,332.36,105.59,137.57
480.02,330.02,104.66,138
481.99,301.51,108.04,136.38
485.14,298.87,112.58,132.04
490.09,285.63,115.18,130.71
495.93,285.66,113.94,132.52
499.33,308.47,107.73,139.87
502.45,309,103.17,146.52
487.92,362.55,98.652,148.2
501.34,404.67,102.67,144.77
506.08,408.67,99.1,145.11
509.26,408.73,97.101,144.33
525.22,404.79,98.982,140.73
524.4,403.87,100.69,137.99
527.53,393.65,98.809,138.83
535.49,375.51,96.642,141.49
555.66,349.3,93.8,145.92
576.24,323.46,92.334,149.41
592.46,307,94.97,150.2
592.47,306.55,96.656,150.73
612.63,279.35,94.957,148.65
619.44,265.19,92.496,145.78
619.6,258.92,91.504,144.53
609.56,252.73,93.242,140.65
577.11,257.81,92.291,140.76
575.95,258.6,91.495,141.06
523.09,262.73,99.31,141.45
451.55,285.88,103,139.43
408.78,310.45,105.25,140.45
385.08,319.96,111.42,138.06
358.55,340.07,116.3,135.62
353.2,342.22,120.61,133.9
343.46,347.3,120.72,133.21
334.69,353.21,119.63,135.07
315.32,360.52,120.22,135.18
297.21,368.65,122.65,134.72
291.98,380.11,122.34,132.94
292.41,383.82,121.55,133.41
293.38,393.38,119.5,135.17
300.8,395.54,116.63,138.59
307.2,363.61,112.24,144.9
325.58,306.17,109.18,152.81
337.35,244.67,107.2,157.26
336.05,237.36,106.17,163.15
345.25,194.82,107.05,160.72
361.71,135.91,105.71,161.12
377.78,136.04,107.14,157.59
387.1,124.17,110.09,154.04
399.77,131.67,113.72,151.69
397.37,138.61,115.9,150.51
413.24,179.73,118.24,148.63
438.09,241.36,114.42,150.08
463.22,315.06,108.5,151.23
484.01,377.88,103.54,145.18
477.65,378.49,103.23,141.49
474.38,378.52,102.6,138.94
477.12,383.94,103.01,136.06
479.19,392.33,103.47,131.37
477.88,394.06,102.38,129.78
479.95,396.44,100.87,128.31
481.63,398.01,99.282,127.17
482.46,398.98,97.781,126.15
483.2,399.68,96.362,125.59
484.31,401.65,94.599,124.76
484.31,401.49,92.744,124.09
485.55,402.05,91.058,123.35
486.1,402.53,89.64,122.74
486.72,403.05,88.394,122.13
487.36,403.88,87.21,121.61
488.03,404.32,86.267,121.01
488.34,404.59,85.404,120.35
488.3,405.47,84.941,119.72
488.77,406.34,84.628,119.11
489.5,406.88,84.1,118.38
490.23,406.97,83.74,117.55
491.45,407.48,83.43,116.93
492.22,407.59,83.113,116.28
492.68,407.27,82.538,115.69
493.14,407.54,82.274,115.06
493.54,407.71,82.013,114.59
493.46,407.41,81.724,114.14
493.54,407.58,81.465,113.65
493.57,407.69,81.35,113.32
493.4,407.93,81.267,113.02
493.97,408.5,81.072,112.59
494.33,408.59,80.826,112.52
494.09,407.92,81.033,112.53
494.33,408.37,80.997,112.5
494.51,407.69,80.831,112.88
494.58,407.87,81.018,112.89
494.13,407.83,81.282,112.77
494.23,407.97,81.516,112.71
493.75,407.71,81.48,113.04
494.02,408.23,81.658,112.82
494.81,407.45,81.39,113.06
495.02,407.8,81.39,113.3
495.61,407.45,81.344,113.47
495.21,407.06,81.389,113.67
495.32,407.25,81.594,113.73
495.03,406.49,81.747,113.81
494.88,406.74,81.895,113.88
495.02,406.18,82.055,114.14
494.75,405.84,82.268,114.21
494.44,405.48,82.474,114.29
494.67,405.76,82.659,114.27
493.53,405.46,83.082,114.54
493.09,405.17,83.347,114.83
492.18,404.97,83.714,115
491.07,404.83,84.048,115.07
490.66,405.5,84.394,115.16
490.02,405.45,84.666,115.17
490.48,405.05,84.64,115.32
490.16,405.43,84.527,115.66
489.9,405.23,84.419,115.65
489.64,404.39,84.229,115.67
489.89,404.04,84.285,115.63
489.48,404.36,84.25,115.43
490.64,403.26,83.94,114.93
490.71,402.15,84.097,114.74
492.03,402.22,83.424,114.67
493.09,402.14,83.05,114.75
493.71,402.16,82.692,114.7
496.73,401.59,80.664,115.81
498.31,401.54,78.947,116.64
499.04,400.39,77.871,116.97
500.43,400.49,76.939,117.75
501.56,400.42,76.2,118.66
501.7,399.87,75.886,119.48
502.93,399.86,75.756,120.31
503.65,400.33,75.721,121.24
504.68,400.97,75.822,121.48
505.07,400.08,75.76,121.47
505.36,400.37,75.666,121.47
505.59,400.79,75.571,121.41
505.86,401.65,75.612,121.4
505.62,401.03,75.675,121.12
506.28,400.83,75.448,120.94
505.8,400.46,75.7,120.62
506.27,401.22,75.949,120.43
505.66,400.68,76.229,120.36
505.99,400.75,76.682,120.29
505.41,400.71,76.921,119.72
504.05,401.75,77.067,119.99
503.19,401.3,76.905,120.04
503.25,402.06,76.658,120.28
503.31,401.76,76.427,120.43
503.5,401.06,76.138,120.32
503.32,399.66,75.765,120.61
502.27,397.24,75.66,120.73
501.34,395.19,75.886,121.04
500.69,394.3,76.112,121.46
500.19,393.98,76.429,121.91
500.17,394.2,76.381,121.86
501.18,393.24,76.163,121.47
499,389.89,77.451,122.32
495.33,375.98,78.035,122.67
498.2,368.84,75.317,123.69
500.06,365.49,73.203,124.22
499.86,360.25,72.557,125.72
499.58,357.11,71.619,126.34
497.27,353.51,70.815,126.42
494.6,354.18,70.452,126.26
492.24,358.57,70.193,126.44
493.47,358.89,69.432,127.51
491.15,364.05,69.351,128.43
489.15,369.84,69.358,129.4
487.67,372.64,69.117,130.82
487.48,375.37,69.122,132.31
487.78,377.63,69.732,133.37
487.41,378.25,70.309,133.81
488.13,380.76,71.052,134.09
489.05,382.3,71.763,134.38
489.01,383.08,72.291,134.98
488.15,381.66,73.02,135.82
487.21,380.52,73.69,137
486.85,379.82,74.137,137.84
486.5,378.94,74.725,138.34
486.23,377.51,75.264,139.31
487.84,375.33,75.554,140.59
488.25,374.18,76.308,140.99
489.51,373.51,76.551,141.7
489,373.67,77.127,142.41
489.19,374.31,77.701,143.08
489.64,375.15,78.285,144.01
491.12,375.92,78.605,144.54
491.85,376.06,79.243,145.05
491.72,376.13,80.247,145.74
490.86,376.9,81.396,146.25
490.64,376.57,82.186,146.86
488.63,377.24,82.968,147.48
487.71,376.41,83.635,148.28
486.98,373.64,84.335,149.42
487.24,373.04,84.418,150.12
487.08,372,84.635,150.7
487.85,371.8,84.414,151
487.69,372.27,84.467,151.25
488.86,371.43,84.423,151.58
490.33,369.86,84.301,152.02
492.77,366.51,84.448,152.36
492.89,365.27,85.007,152.59
494.84,363.72,85.044,152.76
497.72,363.17,84.734,152.85
499.54,363.22,84.466,152.8
502.22,362.83,84.253,152.35
503.39,362.57,84.401,151.99
503.65,362.48,84.688,151.74
504.47,361.08,84.692,151.56
504.94,361.42,84.304,151.53
506.21,360.9,84.177,150.89
505.96,359.47,84.5,150.31
504.03,356.55,85.035,150.04
503.18,357.06,85.379,149.75
501.78,356.4,85.876,149.58
499.45,353.85,86.533,149.57
496.7,353.05,87.357,149.31
495.39,352.05,87.511,149.27
495.24,351.19,87.499,149.23
495.12,350.69,87.362,149.25
494.58,350.45,87.269,149.42
494.97,350.92,86.99,149.54
495.64,352.33,86.532,150.15
494.78,354.29,86.616,150.21
493.17,355.25,86.759,150.16
492.71,355.63,86.822,150.21
489.53,352.78,86.827,150.05
486.85,351.9,86.562,150.01
484.76,352.74,86.228,149.99
482.32,353.7,85.944,150.25
479.09,354.92,85.845,150.49
477.74,354.7,85.723,150.65
473.96,356.49,86.065,150.82
467.72,360.58,86.574,151.17
461.68,365.1,86.832,151.5
455.38,368.32,87.447,151.75
449.92,369.86,87.772,151.9
448.86,369.47,87.455,151.83
444.05,372.41,87.335,152.27
437.57,376.3,87.745,152.37
432.13,381.3,87.663,153.67
428.02,385.31,87.525,155.15
422.42,390.65,88.032,156.58
422.24,390.5,87.792,158.09
418.87,392.95,88.193,158.77
413.81,390.91,89.457,159.9
409.05,382.69,91.673,162.26
403.64,371.64,94.156,164.32
397.06,353.21,95.563,166.38
394.98,352.82,95.794,168.27
392.1,342.65,97.215,169.57
389.34,332.84,98.254,170.77
387.58,325.79,99.655,172.32
384.62,324.17,100.24,172.59
379.97,331.87,99.103,174.44
377.92,332.57,98.673,177.08
371.06,362.13,97.118,181.68
363.03,434.65,97.694,178.98
370.4,440.07,95.903,176.55
372.99,442.76,94.795,175.48
373.5,443.73,93.986,174.28
373.82,444.35,93.387,173.34
373.27,445.41,93.096,172.33
373.45,445.19,92.547,171.95
374.02,445.25,91.958,171.36
377.33,445.03,91.164,172.27
378.23,449.39,92.043,172.75
377.06,447.51,93.068,172.82
377.66,450.35,94.167,173.04
376.52,447.96,94.414,172.9
376.44,447.83,94.651,173.87
377.33,446.09,94.384,174.75
376.86,446.58,94.452,175.55
376.63,447.23,94.479,175.77
376.83,445.52,94.767,175.82
376.77,446.46,94.991,176.05
375.72,445.22,95.211,175.94
375.68,445.03,95.363,176.07
376.57,446.25,95.52,176.13
376.02,445.79,95.651,176.25
376.21,446.17,95.621,176.04
375.64,445.32,95.606,175.89
376.67,446.41,95.681,175.41
375.02,445.1,95.781,175.35
375,445.03,96.04,175.25
374.97,445.01,96.245,175.17
374.85,445.79,96.239,175.22
374.6,445.75,96.223,175.11
374.37,446.26,96.177,175.13
375.45,446.94,95.986,175.41
374.99,445.21,95.855,175.52
374.53,445.99,95.824,175.37
374.72,446.24,96.244,175.02
373.5,445.46,96.576,174.66
373.82,446.89,96.755,174.33
373.98,448.1,96.877,174.1
375.07,446.7,96.735,174.1
374.27,445.98,96.719,174.26
374.63,446.93,96.722,174.11
374.91,447.62,96.755,173.9
373.95,446.77,96.877,173.9
374.31,447.81,96.968,173.88
374.5,447.87,97.029,173.96
374.04,447.13,97.153,173.94
373.66,447.24,97.098,174.06
374.76,447.54,96.968,174.35
374.37,446.31,97.059,174.51
375.02,446.77,96.951,174.67
373.98,445.51,96.982,174.77
374.63,447.42,96.91,174.75
373.62,446.06,97.019,174.78
374.04,446.42,97.063,174.64
374.38,446.74,97.113,174.55
374.64,445.9,97.168,174.49
373.54,445.54,97.45,174.37
374.27,446.95,97.526,174.44
373.93,446.1,97.683,174.4
373.82,446.49,97.786,174.36
373.49,445.58,97.895,174.43
374.49,446.35,98.065,174.34
373.47,447.02,98.065,174.08
373.33,447.24,97.973,173.98
375.12,446.21,97.91,173.91
373.52,446.23,97.947,173.82
374.93,446.96,97.785,173.72
374.52,447.6,97.846,173.67
374.06,446.97,97.864,173.71
375.19,447.96,97.871,173.67
373.68,446.8,97.744,173.74
374.83,447.71,97.83,173.47
373.52,447.44,97.972,173.28
373.67,447.61,98.023,173.37
375.01,447.41,97.803,173.43
373.91,447.23,97.859,173.38
374.07,447.42,97.878,173.39
374.05,447.49,97.948,173.32
374.1,447.59,97.965,173.23
374.26,448,97.942,173.31
374.4,446.7,97.801,173.31
374.57,447.9,97.83,173.24
374.92,446.91,97.618,173.04
374.53,447.12,97.59,172.92
374.01,447.43,97.702,172.7
375.32,448.18,97.674,172.78
375.01,447,97.794,172.95
376.62,446.97,97.654,173.25
376.01,445.97,97.583,173.32
375.38,445.93,97.637,173.27
376.15,446.22,97.75,173.25
375.38,445.99,97.758,173.1
376.08,445.83,97.786,172.99
376.14,446.27,97.796,173.06
375.36,445.79,97.74,172.87
375.46,446.51,97.661,173.01
375.19,445.87,97.622,173.06
377.35,446.17,97.146,173.2
375.94,446.88,97.208,173.18
376.84,447.66,97.077,173.06
377.22,445.5,96.864,173.4
376.67,445.93,96.718,174.25
376.77,443.83,96.697,174.68
377.22,445.68,96.752,174.72
375.72,445.77,96.681,173.94
376.7,446.68,96.622,173.41
377.4,447.68,96.601,172.36
376.19,447.23,96.539,171.86
376.54,447.39,96.325,172.12
376.32,447.65,96.556,172.34
375.09,447.48,96.667,172.6
376.23,447.59,96.533,172.91
375.93,447.74,96.481,173.22
375.27,447.24,96.29,173.63
375.84,447.54,96.166,173.79
377.46,446.71,96.001,174.12
377.07,446.16,96.188,174.28
376.77,446.86,96.315,174.35
377.57,445.97,96.553,174.14
377.57,445.82,96.516,173.98
377.8,446.73,96.478,174.05
376.74,445.63,96.368,174.13
377.77,446.36,96.064,173.63
378.16,446.1,95.82,173.36
377.37,446.45,95.955,174.1
377.85,445.35,95.65,174.72
376.72,444.32,95.311,175.45
378.35,444.58,94.804,175.72
377.35,445.57,95.187,175.71
378.86,445.37,95.156,175.44
378.36,445.67,95.116,175.01
379.59,446.04,95.109,174.45
379.13,446,95.288,174.39
378.8,445.17,95.181,174.36
378.88,445.33,95.047,174.62
378.23,444.56,95.036,174.74
378.82,445.6,94.919,175.59
378.95,445.22,94.666,176.47
378.44,443.02,94.646,177.25
377.86,444.06,94.606,177.45
378.05,443.42,94.6,177.77
378.19,442.87,94.65,178.05
378.02,444.92,94.894,177.85
380.44,444.98,94.729,177.72
378.98,443.84,94.872,177.97
380.03,444.04,94.692,177.73
379.71,444.77,94.548,177.36
379.98,445.1,94.52,177.03
379.36,444.47,94.702,176.82
378.83,445.06,94.836,176.89
379.91,446.72,94.774,176.98
376.99,443.34,94.995,176.95
376.82,445.43,95.278,176.98
376.73,444.84,95.519,176.97
377.22,444.91,95.674,176.45
375.85,446.39,95.781,175.93
377.62,445.85,95.54,176.08
377.16,447.44,95.663,175.61
376.61,446.76,95.641,175.53
376.92,446.57,95.8,175.56
375.44,446.3,96.405,175.43
375.22,448.03,97.023,174.1
374.38,450.95,97.518,171.95
373.78,450.86,97.464,170.28
375.01,442.48,96.621,170.64
375.96,438.7,96.007,172.13
375.54,414.64,95.538,175.46
378.02,355.93,96.433,174.3
380.67,309.14,96.683,171.64
381.28,262.07,97.54,171.53
375.99,215.64,99.257,170.91
375.13,210.95,100.11,170.89
367.53,183.17,101.94,166.73
357.94,142.93,103.44,165.91
341.66,111.19,103.82,165.98
329.21,89.6,103.68,164.24
314.82,73.322,103.46,162.96
315.79,73.633,103.06,161.65
300.98,69.08,102.01,161.33
286.8,67.332,101.07,161.56
273.51,69.861,100.53,161.86
264.9,77.68,100.31,160.79
256.31,101.17,100.01,161.98
256.2,103.63,99.447,163.88
249.39,122.89,98.816,165.16
244.38,158.98,98.911,168.24
242.44,196.88,98.071,170.11
240.78,233.5,98.742,169.31
238.84,285.2,98.259,168.86
238.09,295.83,98.28,167.68
233.64,361.5,99.846,169.02
229.9,437.5,98.931,169.59
227.57,444.32,99.304,168.66
228.15,446.73,99.601,167.12
227.27,447.84,100.1,166.01
227.09,448.45,100.24,165.1
227.39,448.65,100.12,165.09
226.59,447.52,100.62,165.52
228.53,446.43,100.18,166.3
225.75,445.56,100.67,166.62
225.39,446.55,101.38,166.91
224.93,446.84,102.08,167.18
224.32,447.49,102.71,167.11
223.72,447.42,103.13,167.03
223.72,448.32,103.5,166.8
223.73,447.48,103.96,167
223.51,448.2,104.55,166.93
222.75,447.25,104.83,167.16
223.31,447.66,104.99,167.15
222.61,447.36,105.09,167.3
223.29,447.44,105.12,167.47
223.19,447.03,105.1,167.54
223.37,447.4,105.09,167.51
223.3,447.05,105.04,167.61
223.58,447.18,104.97,167.6
222.67,447.27,104.98,167.62
222.64,446.94,104.86,167.74
222.89,447.34,104.79,167.64
223.79,447.42,104.7,167.67
223.48,447.27,104.77,167.71
223.37,447.7,104.78,167.55
224,447.3,104.8,168.14
226.31,444.48,103.24,169.55
228.16,443.8,101.51,169.77
229.62,445.55,100.44,170.04
229.03,443.93,99.732,170.48
229.47,446.24,98.707,169.5
230.02,447.97,97.763,168.75
230.43,446.73,97.516,168.44
230.64,447.34,97.603,167.41
230.67,447.79,97.735,166.77
230.07,447.94,97.712,166.32
230.46,447.24,97.567,166.22
230.15,448.65,97.651,166.12
229.48,448.34,97.891,166.45
229.47,448.74,98.042,166.63
229.97,448.69,98.035,166.84
229.34,448.68,98.137,166.74
229.8,448.52,98.286,166.98
229.59,447.6,98.476,167.02
229.11,448.01,98.469,166.73
229.35,447.89,98.353,166.55
228.86,448.39,98.078,166.57
229.21,447.76,97.751,166.71
228.79,447,97.696,167.18
228.22,446.96,97.524,167.54
228.9,449.19,97.526,167.21
227.98,448.53,98.098,166.51
227.78,448.25,98.314,165.87
228.12,448.64,98.449,165.46
227.15,447.62,98.534,165.26
227.68,449.53,98.337,164.93
227.5,449.06,98.134,164.72
227.46,448.26,97.881,164.65
228.02,448.09,97.651,164.72
228.01,448.43,97.589,164.8
227.38,447.66,97.529,164.96
228.22,449.01,97.48,164.83
228.16,448.18,97.465,164.76
228.2,448.67,97.502,164.67
228.15,449.09,97.492,164.49
228.17,448.36,97.38,164.32
227.57,447.83,97.455,164.33
228.34,449.14,97.589,164.33
227.55,447.7,97.724,164.39
228.27,449.54,98.043,164.34
228.3,448.1,98.168,164.39
228.42,449.31,98.244,164.26
227.35,448.68,98.436,164.12
227.31,449.16,98.378,163.86
227.78,449.69,98.353,163.55
228.13,450.4,98.094,163.4
227.96,450.11,97.866,163.33
228.26,450.75,97.673,163.29
227.64,449.42,97.32,163.45
228.58,450.75,97.024,163.67
228.48,449.78,96.87,163.94
228.66,450.43,96.875,164.09
228.27,450.44,96.897,164.29
229.03,450.83,96.962,164.61
228.13,449.58,97.1,164.74
228.4,449.85,97.119,164.92
229.46,449.75,97.294,165.11
228.21,448.83,97.554,165.25
228.68,450.66,97.548,165.47
228.54,449.55,97.585,165.54
228.34,449.37,97.621,165.55
228.04,448.97,97.739,165.56
228.76,449.98,97.873,165.59
228.04,448.75,98.032,165.81
228.06,449.13,98.021,165.87
228.08,449.64,98.002,166.02
227.74,449.07,98.039,166.46
227.9,449.36,98.085,166.56
228.07,448.66,98.137,166.89
227.96,447.97,98.174,167.09
227.87,448.24,98.224,167.16
228.85,449.28,98.203,167.14
228.76,448.93,98.288,167.23
228.25,448.08,98.235,167.57
228.56,448.85,98.206,167.78
228,447.87,98.266,167.87
227.91,448.55,98.307,167.82
227.75,448.33,98.347,167.7
228.62,448.82,98.345,167.48
228.12,447.85,98.444,167.34
228.45,448.62,98.377,167.15
227.89,449.08,98.174,167.06
228.7,450.11,97.941,166.87
228.04,448.71,97.721,167.03
228.28,449.77,97.603,166.82
227.98,448.92,97.654,166.37
228.74,449.13,97.705,165.95
228.14,448.65,97.906,165.65
228.15,449.28,98.03,165.42
228.33,448.94,98.084,165.24
228.06,447.95,98.19,165.44
228.32,448.19,98.22,165.33
228.63,448.25,98.226,165.42
228.14,447.9,98.278,165.57
228.58,447.98,98.385,165.81
228.61,448.38,98.415,165.9
228.68,447.29,98.527,166.14
228.63,447.96,98.361,166.06
228.37,446.79,98.369,166.48
228.23,446.97,98.258,166.67
229.13,447.7,98.23,166.99
228.43,445.43,98.303,167.44
228.43,446.54,98.195,167.5
228.31,446.57,98.043,167.5
229.13,446.93,98.011,167.59
228.75,445.14,98.029,167.88
228.62,446.03,98.024,167.91
228.47,445.79,97.926,167.9
229.25,445.98,97.84,168
229.08,445.85,97.803,167.97
228.91,445.71,97.84,168.03
228.55,445.25,97.903,168.11
229.02,446.74,97.902,168.44
229.03,445.89,97.969,168.65
228.54,445.75,97.981,168.53
228.08,445.27,98.028,168.68
228.3,446.03,97.982,168.7
228.53,446.54,97.985,168.59
227.73,444.74,98.117,168.79
228.1,446.52,98.039,168.78
228.35,444.83,98.01,169.2
228.56,445.33,97.933,169.21
228.74,445.52,97.829,169.26
228.47,444.46,97.939,169.25
228.75,444.16,97.86,169.13
228.5,444.24,97.952,169.26
228.53,445.16,97.86,169.49
228.55,445.29,97.885,169.51
228.53,444.14,97.963,169.71
228.13,444.7,98.132,169.79
228.27,444.93,98.278,169.39
228.45,445.1,98.368,169.06
228.11,445.4,98.435,168.84
227.79,445.5,98.463,168.68
227.51,445.82,98.504,168.56
228.23,445.28,98.491,168.63
227.99,445.11,98.51,168.69
227.76,445,98.522,168.76
227.49,445.13,98.546,168.76
228.35,446.33,98.594,168.49
227.9,444.84,98.669,168.69
227.66,445.03,98.717,168.63
227.46,444.84,98.697,168.76
228.31,445.67,98.706,168.76
228.04,443.99,98.743,168.93
228.42,446.13,98.557,168.79
228.24,444.05,98.487,168.94
228.09,444.48,98.352,168.99
228,444.86,98.248,168.97
227.86,444.08,98.153,168.7
228.37,446.01,98.079,168.47
229.15,445.9,98.173,167.97
228.16,445.41,98.031,167.25
228.37,445.91,98.125,166.88
228.32,446.52,98.092,166.62
228.9,446.9,98.078,166.42
228.35,446.28,97.974,166.38
228.35,446.32,97.932,166.43
228.42,445.73,97.97,166.7
229.16,446.1,98.025,167.06
228.38,445.5,98.041,167.05
228.59,445.36,98.122,167.18
228.49,445.71,98.031,167.81
227.82,443.47,97.995,168.4
228.48,445.17,98.102,168.98
228.21,443.79,98.01,169
227.94,444.9,98.059,169.43
228.37,444.64,98.133,169.69
228.32,444.56,98.115,169.96
227.36,444.47,98.525,169.84
226.86,446.12,99.084,169.2
226.81,447.09,99.021,168.4
227.12,447.72,98.519,167.82
227.33,448.21,98.197,167.32
228.44,448.07,97.709,167.08
228.38,447.62,97.724,166.61
227.7,446.67,98.032,167.29
227.99,446.34,98.063,168.15
226.59,444.94,98.323,169.48
227.28,444.85,98.093,170.21
227.28,445.01,98.477,170.97
227.26,444.05,98.715,171.68
227.46,444.38,98.868,172.4
227.67,444.13,98.849,172.99
227.38,443.34,98.672,173.43
227.12,443.13,98.593,173.77
227.39,442.9,98.295,173.8
226.94,443.48,98.15,173.51
227.37,444.28,98.01,172.81
228.13,445.1,97.881,172.25
227.63,445.78,97.851,171.85
227.74,446.32,97.803,171.48
228.1,445.7,97.701,171.11
227.41,446.04,97.619,170.77
227.49,446.11,97.518,170.65
228.01,446.95,97.343,170.6
227.33,446.28,97.309,170.5
228.02,445.87,97.193,170.39
227.98,445.95,97.21,170.43
228.03,446.01,97.189,170.38
228.21,446.12,97.22,170.33
228.52,446.09,97.208,170.33
227.66,445.58,97.388,170.51
228.75,446.14,97.188,170.53
227.86,445.85,97.424,170.59
227.64,446.3,97.492,170.59
228.66,446.12,97.301,170.71
228.68,446.93,97.404,170.86
228.29,446.3,97.395,170.83
228.44,446.07,97.353,171.02
227.95,446.28,97.607,170.96
228.58,446.66,97.815,171.12
228.5,446.68,97.925,170.91
228.25,446.83,98.105,170.44
227.06,445.79,98.411,170.24
228.25,447.04,98.332,170.06
227.34,445.95,98.346,170.08
227.65,446.82,98.206,170.09
228.12,446.72,97.63,169.98
228.3,446.55,97.228,170.1
228.39,446.31,96.808,170.33
227.57,446.41,96.718,170.45
228.3,446.25,96.425,170.4
227.71,446.21,96.523,170.47
228.01,447.17,96.569,169.78
226.58,449.09,96.671,168.6
228.4,440.98,95.648,168.41
227.98,446.18,95.363,167.6
228.92,439.24,94.904,164.84
227.38,440.98,94.898,162.55
225.96,442.67,94.865,160.71
226.73,445.38,94.772,159.56
228.88,448.58,95.01,158.57
230.6,448.36,95.257,157.66
231.95,438.1,94.705,157.89
248.08,414.14,95.411,156.74
266.72,370.08,98.909,155.5
299.86,337.51,102.31,155.18
330.83,306.48,106.98,154.86
329.62,307.48,111.05,155.12
353.44,287.89,113.63,152.47
392.19,286.62,114.05,149.91
422.33,291.96,112.45,149.38
449.22,311.49,112.03,148.68
464.95,338.55,108.02,150.44
471.6,341.07,105.57,152.06
490.62,364.48,101.64,152.37
495.03,386.36,96.873,153.88
499.79,407.78,92.963,157.05
502.42,422.1,91.498,158.25
503.22,432.34,91.021,157.72
502.27,435.05,91.012,157.29
503,436.06,90.804,156.91
503.18,436.21,90.451,156.31
504.95,436.51,89.834,156.94
503.85,436.29,88.552,157.51
505.71,436.88,87.243,158.15
505.09,437.22,86.462,158.5
507.02,436.46,85.795,158.99
507.78,436.29,85.561,158.83
506.11,435.68,85.232,159.19
506.95,436.47,84.994,159.24
507.53,436.39,85.063,159.28
506.64,436.16,85.195,159.42
506.05,436.25,85.38,159.79
505.24,435.94,85.373,159.89
506.04,437.08,85.387,160.11
505.54,436.55,85.434,160.09
505.69,436.21,85.941,160.27
504.54,436.76,86.298,160.51
504.66,436.27,87.018,160.22
503.51,437.44,87.816,160.15
503.63,436.32,88.305,160.08
502.39,437.42,88.86,160.15
502.73,437.16,89.226,159.92
503.12,436.86,89.51,159.79
502.84,437.29,89.697,159.74
502.6,436.44,89.883,159.76
502.1,436.65,89.979,159.87
502.31,436.58,90.024,159.89
502.5,436.37,90.035,159.97
501.38,437.03,90.067,160.16
503.09,436.97,90.116,160.14
502.44,435.72,89.638,160.28
504.53,434.81,88.519,160.61
505.65,433.56,87.2,160.78
505.5,434.38,86.303,160.96
506.03,433.81,85.566,160.73
505.84,434.89,84.843,161.38
506.05,434.71,84.47,161.59
506.19,435.01,84.185,161.46
507.02,434.5,83.808,161.48
507.15,434.38,83.68,161.67
507.27,434.35,83.612,161.8
506.22,433.11,83.598,161.47
506.32,433.51,83.215,161.95
507.53,433.36,82.938,161.95
507.97,432.83,82.898,162.07
508.47,432.44,82.859,162.21
508.19,432.69,82.852,162.33
506.54,432.74,83.097,162.69
507.22,432.55,82.931,162.83
506.49,432.51,82.998,163.14
507.44,432.14,82.842,163.16
506.39,432.12,83.049,163.03
507.53,433.1,82.958,162.88
506.69,431.64,82.998,162.84
507.26,433.59,82.833,162.77
506.59,433.03,82.879,163.01
507.49,432.94,82.974,162.83
507.2,434.95,83.134,162.26
507.47,434.41,83.285,161.43
507.04,434.58,83.575,161.46
507.07,433.68,83.978,160.83
507.5,438.95,84.071,160.77
506.39,438.6,84.534,160.05
504.76,436.46,85.031,159.85
505.38,437.42,85.451,159.52
504.26,436.35,85.465,159.51
506.31,433.07,85.189,160.21
505.69,431.84,84.863,161.62
507.6,430.66,84.101,162.5
506.33,431.76,84.056,163.16
507.37,431.29,83.634,163.75
507,431.07,83.515,163.75
507.51,433.33,83.554,163.15
507.58,431.57,83.577,162.67
506.91,433.28,83.769,162.62
507.86,433.13,83.691,162.44
507.38,432.85,83.814,162.17
507.01,433.08,83.783,162.55
508.4,432.6,83.422,162.51
507.56,434.25,83.763,162.49
502.22,434.31,90.418,160.76
480.24,419.16,95.032,161.16
476.2,418.32,95.925,163.87
473.96,397.51,99.151,161.49
467.34,387.65,102.14,157.08
458.8,394.29,104.35,157.04
440.7,420.52,105.17,159.69
436.48,444.28,104.97,159.48
434.95,446.1,105.15,158.4
432.84,446.37,105.56,157.59
430.74,444.77,105.28,158.34
424.2,445.16,103.56,159.66
427.74,445.35,101.23,161.14
426.62,442.96,99.541,162.85
427.92,442.92,98.476,164.31
427.46,442.39,97.855,164.81
427.86,442.62,97.457,164.89
427.59,442.24,97.276,164.8
426.95,442.39,97.274,164.3
426.95,442.33,97.114,164.2
427.64,442.69,96.903,164.17
426.59,444.32,97,163.84
428.4,443.91,96.627,163.95
427.56,442.71,96.692,164.25
428.32,442.94,96.625,164.41
428.37,442.98,96.318,164.46
427.74,443.41,96.193,164.5
429.09,443.56,95.896,164.25
428.41,444.24,95.832,163.95
429.17,444.24,95.624,163.64
450.76,425.37,99.567,168.51
468.48,428.02,100.52,170.48
468.72,427.89,101.32,171.65
459.39,420.63,102.74,173.98
434.24,403.96,105.12,174.05
412.22,367.52,109.5,169.43
407.61,345.88,114.06,165.8
401.29,325.42,119.98,163.84
397.55,322.31,125.05,162.33
415.4,273.03,125.38,158.21
419.47,233.43,126.1,156.33
416.56,209.22,128.32,154.9
440.24,206.07,128.2,154.67
467.33,213.63,126.27,155.27
470.8,216.24,125.3,156.03
481.49,227.91,119.79,160.78
500.65,255.61,114.84,167.06
504.67,296.1,110.85,171.52
490.64,368.02,106.91,175.67
475.42,407.91,106.8,168.42
476.95,415.27,106.21,164.89
479.31,376.73,104.64,167.31
511.23,318.09,101.93,168.58
527.49,308.08,100.29,168.48
530.89,311.93,96.261,173.89
526.68,261.18,96.029,172.48
525.22,259.45,95.977,171.43
517.77,244.67,97.506,168.97
494.1,231.1,104.59,163.77
486.65,235.08,107.29,161.62
469.43,239.1,109.38,159.63
464.28,249.06,111.2,158.62
458.82,257.52,112.88,157.93
453.34,262.36,115.37,157.3
465.44,268.38,116.38,157.27
426.51,437.04,115.98,154.86
428.35,441.88,111.2,156.31
432.29,441.25,106.56,156.98
433.59,441.47,102.94,157.18
435.92,441.69,100.33,157.92
437.36,441.67,98.879,158.19
437.36,442.17,98.017,157.84
437.88,441.64,97.303,157.87
437.4,441.42,96.692,157.93
438.77,441.68,96.064,158.27
438.21,441.9,95.927,157.97
438.8,442.96,95.896,157.67
438.83,442.47,95.897,157.79
