116,58,248,270
109.84,56.858,249.36,268.14
107.61,57.171,250.22,266.11
111.7,55.239,253.69,264.94
108.42,54.942,256.84,263.31
113.66,60.001,259.38,264.74
122.39,61.41,261.88,266.19
127.23,61.609,262.92,268.32
134.43,61.089,264.97,269.16
146.15,57.873,269.9,266.95
151.44,52.564,275.5,265.44
158.59,45.766,280.93,265.64
168.14,39.602,287.25,267.76
172.62,35.826,290.4,273.2
178.37,32.068,290.61,277.86
181.82,29.068,290.86,281.1
181.55,31.733,289.11,279.84
179.16,37.584,284.55,277.26
183.51,40.386,278.82,273.63
187.14,40.733,273.98,271.9
180.44,40.332,272.29,272.99
168.94,38.498,273.34,274.41
159.57,36.473,272.29,275.68
154.29,34.228,270.95,276.84
154.07,34.172,269.23,275.64
146.06,36.02,268.69,274.82
136.01,38.441,269.12,273.5
126.3,40.634,268.26,272.27
120.57,41.981,266.38,270.17
116.4,41.607,265.39,267.97
112.89,38.595,265.04,265.59
106.68,35.878,264.1,264.14
105,34.22,262.28,263.72
104.59,34.056,259.9,262.27
108.77,37.797,257.61,258.77
111.54,46.04,255.1,255.36
116.07,52.126,252.81,251.3
121.46,57.725,250.75,250.05
124.49,62.327,249.47,249.24
121.45,66.227,249.45,248.56
118.52,68.491,250.31,247.29
121.96,70.989,251.82,246.34
127.33,71.161,252.7,245.03
133.6,72.135,253.07,243.79
138.8,73.383,251.79,242.09
143.61,76.079,249.91,239.26
148.88,78.552,248.22,237.03
155.37,78.852,246.03,235.21
160.78,77.93,242.6,233.49
163.92,77.138,240.62,232.41
167.51,76.995,238.77,231.96
168.6,76.579,236.69,232.44
171.53,75.259,235.29,231.34
174.26,73.004,234.1,228.63
176.28,73.203,233.84,225.69
178.21,73.355,231.64,224.5
179.93,72.331,229.55,222.69
179.73,71.849,228.11,220.25
180.23,72.306,227.05,218.41
181.84,73.76,225.7,217.72
183.07,74.381,224.83,216.16
183.65,74.54,224.31,215.88
181.17,73.385,223,215.38
180.93,72.463,221.15,216.17
184.44,71.239,217.96,217.33
186.8,68.504,215.53,218.56
187.48,66.861,214.55,219.52
183.54,66.696,214.05,220.6
178.63,64.331,214.82,221.66
172.58,62.71,216.47,221.97
162.57,61.468,220.83,221.62
151.37,60.783,225.14,220.82
139.95,62.262,227.92,221.76
130.65,61.901,231.94,221.41
123.7,61.476,236.17,221.02
115.91,63.772,240.44,220.98
109.21,65.468,244.91,221.18
103.46,65.492,248.34,220.68
100.4,66.504,250.7,222.25
99.332,65.038,252.4,225.4
102.77,63.585,252.73,228.89
106.49,64.553,253.55,232.63
109.92,64.904,253.73,235.55
110.44,67.957,256.83,238.13
110.14,67.294,260.7,239.85
115.2,67.329,264.62,242.87
120.77,65.84,267.78,246.99
126.57,61.846,271.37,249.37
132.22,56.938,275.28,251.58
136.64,53.949,278.53,251.75
145.81,53.506,279.84,254.05
154.33,52.637,280.32,257.04
163.22,51.62,279.26,259.9
174.69,51.854,276.18,263.59
188.02,49.776,272.64,266.83
198.41,44.318,268.32,268.04
204.47,38.613,263.5,265.86
212.65,33.997,260.74,264.87
218.69,30.61,259.13,265.67
220.3,29.506,256.92,268.34
222.63,24.599,255.82,271.27
223.18,21.126,255.19,273.65
217.44,20.081,254.55,277.42
210.22,16.805,254.9,280.02
203.86,18.564,257.31,284.6
199.26,19.266,261.11,287.41
197.06,15.257,265.73,286.37
197.21,14.665,268.29,286.59
192.73,11.956,271.58,285.84
188.56,11.767,273.28,285.35
187.24,13.557,274.35,286.41
184.21,17.158,275.09,287.17
182.42,18.169,274.96,287.45
185.25,22.336,273.78,287.96
185.99,22.859,272.18,289.31
188.49,21.705,271.82,291.23
192.13,18.298,271.86,292.84
196.01,18.414,271.43,294.92
198.77,16.233,271.09,297.32
200.28,14.295,270.89,298.55
202.03,14.41,269.96,298.23
203.73,14.16,268.65,296.74
205.34,17.086,267.15,295.49
205.25,20.515,264.83,293.02
205.97,22.078,262.78,291.14
204.39,23.649,261.63,289.35
201.69,23.7,260.69,286.17
198,23.028,259.51,282.27
196.36,24.577,257.99,278.81
195.24,27.526,256.63,274.5
195.71,30.632,254.65,270.8
195.89,32.106,252.55,265.06
193.68,32.234,251.29,260.05
194.91,36.021,249.7,256.38
194.56,42.121,247.63,253.28
194.68,47.228,245.08,250.36
195.45,50.382,243.44,247.04
195.18,52.945,241.44,243.74
196.06,56.761,239.04,241.55
196.31,60.87,237.35,239.87
199.2,63.005,236.23,238.79
200.13,62.872,236.41,237.54
201.4,62.19,236.23,236.52
202.44,63.101,235.97,235.94
201.82,64.108,234.7,234.57
202.84,65.797,233.96,232.62
203.65,67.034,233.38,230.67
205.2,68.189,232.34,228.05
207.41,69.164,231.09,226.3
211.12,69.095,229,224.84
213.71,68.636,226.54,223.72
215.93,68.196,224.13,221.73
216.54,68.978,222.58,220.29
217.77,69.52,221.71,218.91
217.98,70.056,221.22,217.53
215.85,70.783,220.88,216.57
214.78,71.759,220.35,215.79
212.46,72.457,219.7,215.54
208.12,73.65,219.98,215.04
204.99,75.179,220.42,214.74
202.31,74.9,221.43,214.05
199.05,72.216,223.04,214.16
199,66.717,224.17,215.53
199.46,62.639,225.65,217.85
202.93,56.744,228.12,220.39
204.53,51.93,230.51,222.79
206.96,47.751,232.68,225.75
209.92,46.314,235.56,227.36
213.94,42.003,238.1,229.71
222.82,39.385,237.34,230.5
229.15,43.151,236.24,230.31
233.12,46.793,236.31,228.74
232.97,49.675,236.79,228.8
234.2,53.712,238.41,229.06
234.52,52.503,239.03,228.76
234.99,53.966,238.89,228.84
236,53.093,238.32,227.84
237.85,46.313,238.34,226.72
242.6,43.055,238.54,229.16
243.55,38.307,238.74,234.4
245.02,31.308,238.61,239.11
246.16,26.732,237.52,243.58
243.25,23.716,238.18,245.39
239.54,27.55,240.19,247.1
236.08,28.596,242.14,244.99
232.24,28.581,243.5,243.54
229.67,30.784,245.41,246
227.72,25.5,247.87,246.51
221.35,20.428,250.86,247.29
212.57,19.074,254.9,249.58
205.88,19.347,260.42,251.54
193.6,19.963,268.06,250.77
182.01,22.521,273.92,251.18
174.4,22.741,277.56,249.9
168.82,25.253,282.6,248.93
162.72,24.53,286.39,250.55
158.35,23.435,290.28,253.01
155.06,22.266,291.55,254.22
154.9,21.529,293.54,255.43
154.43,20.723,294.67,256.34
151.04,20.427,295.08,257.82
149.76,20.754,294.28,260.43
149.42,20.38,293.02,262.71
151.81,18.676,291.35,264.59
155.69,17.488,289.48,264.93
161.31,17.38,287.11,263.95
163.23,17.325,285.71,262.53
163.7,18.428,284.36,261.08
164.17,20.093,283.14,259.59
165.42,20.259,281.93,258.19
166.73,21.475,280.99,256.33
163.76,22.904,281.13,254.5
162.3,23.945,281.64,253.39
160.97,22.712,282.19,250.84
161.57,22.02,281.36,248.56
162.8,22.408,281.03,246.57
161.36,23.017,282.3,244.87
135.23,23.194,286.01,246.34
138.7,22.453,289.93,245.66
118.18,21.372,291.8,245.35
102.7,21.546,291.12,246.53
113.15,24.926,293.6,245.66
98.164,24.569,290.32,247.63
107.38,28.165,290.82,247.63
90.626,25.935,288.27,248.27
99.157,25.835,286.33,247.39
82.962,23.247,283.16,244.96
96.065,23.46,281.19,243.1
106.29,25.589,281.7,240.56
91.112,23.147,281.45,238.4
106.14,26.621,280.07,238.1
115.39,29.433,279.56,235.95
120.6,33.76,279.68,236.39
124.99,37.134,280.02,237.2
129.7,39.143,278.97,236.41
133.73,41.382,277.16,237.51
136.29,43.119,274.63,237.11
138.14,44.692,271.59,235.82
140.27,45.427,269.13,233.64
143.88,45.572,265.53,231.52
118.72,42.273,263.83,229.52
115.18,22.562,268.46,228.2
117.77,26.325,270.19,226.86
155.68,30.353,268.03,226.32
191.56,32.758,265.1,226.73
195.97,34.166,261.48,228.12
200.64,35.281,258.01,229.47
202.73,18.965,257.07,228.86
205.84,26.585,255.6,228.76
178.22,33.284,255.3,227.69
154.3,35.992,253.75,226.51
155.79,19.968,256.13,225.31
158.56,28.928,255.33,224.48
160.4,34.143,253.13,224.36
163.99,36.637,250.03,224.55
140.45,19.682,251.21,223.7
147.15,25.89,250.02,224.47
130.47,30.707,248,225.82
139.96,34.677,244.4,226.95
145.52,38.965,241.5,225.72
147.21,44.541,239.56,224.41
125.1,51.12,236.6,222.31
125.12,58.694,235.97,219.16
124.82,68.249,234.5,216.48
122.26,76.54,234.32,213.89
119.21,80.327,234.02,211.3
92.728,84.141,230.17,209.97
93.888,88.721,227.23,210.3
96.387,92.798,225.02,211.13
94.269,92.587,222.52,212.72
93.356,89.373,222.99,213.14
93.05,85.602,223.69,216.17
96.122,81.944,224.63,220.88
100.17,76.971,225.36,223.09
100.18,76.203,229.08,225.16
100.19,76.268,232.37,227.56
100.54,75.772,234.46,229.53
96.547,76.867,237.56,231.83
87.671,78.34,241.86,235.03
78.145,76.115,245.11,237.54
73.069,75.87,247.55,238.25
72.549,76.773,248.85,239.58
74.779,76.959,250.05,241.2
75.591,74.703,251.88,244.03
73.049,77.682,254.1,245.52
64.377,81.026,257.69,246.65
60.811,78.538,262.13,244.8
63.335,75.987,266.69,244.11
66.901,74.971,270.53,245.58
67.719,73.271,274.59,245.05
75.883,72.687,280.03,245.74
78.168,77.269,290.33,248.11
80.613,84.107,301.64,250.67
74.029,87.266,316.45,253.85
63.069,85.856,327.52,257.55
54.976,80.962,335.44,259.55
49.064,77.975,337.75,262.75
48.24,73.425,339.58,266.9
52.471,73.132,340.53,270.15
53.088,76.713,340.97,270.74
51.34,81.587,341.47,270.89
48.64,82.286,343.45,269.06
45.35,83.072,343.85,267.99
42.325,83.29,344.4,268.63
40.658,87.676,345.36,268.35
38.423,89.744,347.96,267.19
42.043,87.736,350.28,267.92
46.786,89.13,353.65,268.08
51.211,91.158,357.3,267
57.513,90.903,360.4,266.75
66.665,93.175,362.85,266.11
71.704,97.501,362.29,267.05
77.206,95.677,362.41,268.97
80.079,94.41,362.28,270.62
87.969,91.514,358.42,273.22
89.111,84.316,351.09,275.96
84.341,83.042,344.25,277.24
71.007,79.863,339.01,279.29
49.877,79.808,339.75,279.33
33.731,80.372,338.27,278.68
20.996,79.973,335.61,278.02
16.538,78.134,331.11,278.82
8.9836,75.685,326.46,279.87
6.6228,77.167,322.71,278.5
7.332,79.129,318.14,276.97
5.225,82.113,314.47,274.67
7.5559,84.146,311.47,271.72
6.0876,88.504,305.33,268.37
6.6929,91.87,298.99,265.26
10.472,97.263,294.69,260.71
17.587,100.33,290.81,257.23
22.824,101.04,289.29,254.31
29.495,99.956,286.23,252.16
45.408,95.597,281.2,251.33
63.259,91.419,277.69,251.77
86.155,91.477,272.25,251.07
103.35,96.59,267.59,248.96
113.99,104.08,264.97,244.99
121.84,110.86,262.9,241.69
120.59,115.62,262.8,237.91
114.21,117.97,261.15,235.22
105.38,120.24,256.09,233.43
97.068,121.79,250.38,232.33
93.844,123.43,245.15,231.28
90.498,129.25,241.31,229
84.32,130.26,237.43,227.42
79.103,131.45,230.83,225.96
75.616,132.15,223.25,224.84
77.78,133.05,215.43,224.31
80.5,133.15,207.92,225.27
83.029,131.3,201.68,226.26
86.889,124.41,195.2,228.4
89.648,116.56,190.6,231.11
90.418,113.75,187.98,232.43
94.348,113.23,184.81,233.39
96.142,113.46,182.31,233.87
95.195,111.14,180.11,233.92
97.942,108.23,177.21,235.11
102.23,108.17,173.98,236.26
103.42,108.21,172.38,236.74
105.98,107.12,172.33,237.03
102.8,104.92,172.52,238.17
93.97,98.666,166.96,243.45
83.903,98.262,162.24,248.02
78.638,96.392,158.98,250.4
79.733,96.365,157.2,251.67
80.567,98.784,154.44,253.04
75.799,98.466,152.38,253.22
70.751,95.648,149.88,253.7
67.525,93.805,147.7,254.73
68.15,94.669,146.67,255
69.836,93.09,145.74,255.68
74.407,92.465,144.34,256.44
73.78,90.76,142.42,256.18
74.576,88.899,140.18,255.96
78.169,88.217,137.24,254.62
81.993,90.591,133.92,252.79
85.508,90.991,131.27,251.92
85.947,92.701,129.72,250.93
82.788,93.728,130.02,248.76
79.572,92.948,131.21,247.54
81.894,90.144,129.92,248.92
81.312,92.113,135.33,243.83
84.453,97.718,140.15,239.93
87.616,100.22,143.43,236.65
90.712,103.26,145.86,234.67
95.244,103.04,146.34,234.35
102.67,103.36,146.39,235.49
110.18,102.04,145.94,236.94
118.19,100.44,145.66,237.92
126.35,100.61,146.22,238.17
132.94,99.809,146.2,238.17
138.55,98.767,146.13,237.34
145.14,98.863,146.6,235.33
153.86,99.781,146,232.68
162.04,104.04,145.28,228.69
166.2,108.41,144.48,224.1
167.19,108.59,145.48,219.56
169.26,109.18,146.65,217
170.23,110.16,147.62,213.77
170.88,108.58,147.49,211.08
167.95,106.54,146.72,208.4
164.07,103.05,145.44,206.6
161.7,99.185,144.08,205.32
160,97.83,144.35,205
159.63,98.907,145.47,204.41
159.54,99.379,146.4,203.39
159.81,99.392,147.38,202.79
161.4,100.42,148.08,202.42
162.41,100.73,147.99,201.74
164.26,97.926,148.73,201.29
166.78,95.02,150.27,200.61
160.31,101.15,162.2,194.97
157.19,104.81,171.72,191.34
153.4,107.14,179.11,188.63
148.12,107.85,185.09,186.41
145.35,108.56,188.76,184.37
144.53,110.6,192.23,181.6
142.91,112.45,194.95,178.39
139.63,114.63,197.27,175.66
130.16,116.12,199.69,173.58
124.28,117.57,201.44,172.05
119.72,119.38,201.88,170.85
116.56,122.63,201.68,170.78
113.61,121.94,201.54,171.83
112.93,116.19,200.46,173.26
111.39,109.09,199.56,175.65
109.56,104.12,198.17,178.48
106.01,101.49,196.65,182.04
100.08,102.71,194.96,184.38
97.573,104.3,191.76,185.63
93.852,105.21,187.41,186.58
89.01,105.34,183.68,187.49
86.96,105.75,180.76,187.77
84.876,105.88,179.05,187.95
85.334,104.5,178,188.45
86.336,102.49,176.43,189.79
85.335,100.81,174.83,192.21
91.274,98.135,174.24,193.63
103.04,97.873,172.66,194.37
111.51,97.809,170.71,195.37
115.45,100.24,168.87,195.92
118.21,102.53,165.96,196.89
120.74,104.95,164.08,197.59
120.19,105.46,164.11,198.94
118.98,106.5,165.24,200.67
124.7,108,166.52,201.94
129.02,109.22,168.53,202.25
132.73,110.7,170,203.61
135.46,111.66,171.37,204.26
138.75,116.33,173.96,205.29
142.73,118.61,175.22,206.04
147.37,119.78,176.46,207.66
150.84,119.1,177.84,209.42
154.31,121.26,179.46,211
156.07,121.62,180.56,212.63
158.97,122.36,180.48,215.87
157.99,122.02,181.05,219.42
157.85,122.28,182.05,222.63
157.14,126.52,181.78,223.96
151.68,129.51,182.36,223.41
144.49,131.78,184.71,222.54
141.24,132.18,188.41,222.13
141.5,134.51,191.17,221.55
143.84,135.92,193.18,221.38
145.7,137.07,194.78,221.58
147.56,137.49,197,220.88
151.75,135.7,198.79,219.81
153.74,135,201.01,218.71
157.83,136.16,203.64,217.12
163.6,134.69,207.31,215.93
167.01,133.55,210.16,215.8
172.03,130.38,211.95,216.23
176.88,127.15,214.12,215.82
182.51,126.51,218.12,214.5
187.49,126.64,221.41,212.49
188.45,125.14,224.06,209.91
187.06,124.83,225.56,209.29
182.25,122.53,229.95,210.18
177.27,117.95,234.6,211.89
175.7,114.91,238.53,213.65
174.74,109.44,240.46,217.25
176.06,105.64,241.63,221.16
177.96,103.28,244.79,224.34
181.53,97.678,246.59,229.17
184.41,89.748,247.98,233.2
186.54,84.494,251.49,236.88
189.19,80.637,254.29,241.55
190.23,75.636,254.67,245.3
192.86,75.548,252.2,246.97
188.55,83.567,252.18,244.31
171.75,93.201,253.73,241.39
161.77,101.49,254.36,238.07
153.12,107.73,257.15,232.49
143,117.79,263.3,226.88
131.43,130.43,266.23,220.84
122.05,137.35,267.18,217.75
116.96,142.06,268.79,215.11
113.55,147.53,273.04,212.69
107.59,153.84,284.43,205.35
104.81,161.04,293.46,199.5
103.44,163.7,301.85,195.54
104.22,164.99,308.88,193.7
106.16,161,317.68,193.81
111.41,152.57,325.69,195.81
157.34,122.93,320.17,210.93
167.39,105.58,311.68,227.21
168.66,91.87,302.84,241.16
164.81,87.065,300.8,251.14
155.64,78.487,303.49,260.35
150.07,77.457,308.74,269.43
139.92,78.371,314.89,275.58
133.03,79.367,321.01,280.38
128.98,76.671,325.4,282.61
123.73,76.462,328.2,284.77
118.32,77.97,331.79,285.1
116.21,77.155,337,286.28
118.17,79.53,339.89,286.09
121.21,82.118,341.27,284.94
126.04,85.126,341.33,284.1
130.93,82.82,341.37,283.85
131.09,80.697,339.14,284.63
136.48,83.255,335.9,284.02
142.69,82.602,332.56,283.04
147.2,80.074,328.59,283.89
151.62,78.017,325.29,285.42
151.48,73.449,322.7,285.88
150.55,68.948,321.67,287.78
146.62,62.096,324.4,292.51
140.19,52.504,327.43,298.08
129.75,47.72,331.59,299.79
113.94,47.841,335.62,300.74
106.37,48.509,340.83,299.91
103.98,45.325,344.23,298.18
105.35,45.28,345.7,296.07
107.2,45.972,344.24,292.99
111.36,43.282,341.38,291.08
117.6,39.345,339.44,289.02
125.49,38.124,337.4,287.72
132.7,36.938,335.13,285.08
138.23,39.794,334.11,282.54
140.09,41.401,333.24,278.61
139.59,41.928,332.39,276.29
141.35,35.471,331.47,272.76
150.44,35.606,327.47,272.75
157,35.618,322.2,271.85
167.37,38.752,316.21,269.14
172.16,38.727,313.17,266.54
178.53,36.301,308.09,264.55
191.51,33.241,299.68,262.65
206.07,33.107,291.12,261.34
216.69,34.666,283,259.35
223.85,32.338,272.67,255.25
234.58,31.508,262.86,249.93
239.64,33.115,256.48,244.2
240.24,41.569,253.3,240.44
245.52,39.499,248.43,237.95
247.94,35.418,243.05,234.93
253.61,33.003,236.04,235.01
262.39,30.295,228.58,233.73
268.1,26.759,221.54,230.16
271.18,24.429,215.66,225.55
269.22,26.178,214.29,221.2
265.04,31.386,215.4,216.48
261.97,33.74,217.62,211.51
251.29,36.052,223.18,206.57
239.44,38.777,230.59,201.16
227.2,44.062,240.43,200.71
213.33,45.875,247.32,203.81
200.71,46.296,253.62,207.79
192.08,46.906,261.89,212.09
182.73,49.049,267.84,215.29
171.42,50.45,272.05,218.8
161.41,52.807,275,222.31
141.73,47.779,276.15,226.77
127.04,43.219,275.44,231.26
113.25,38.411,273.24,233.86
101.35,31.856,273.24,234.95
93.297,30.272,270.5,238.16
80.754,27.525,267.22,242
60.695,28.247,263.53,245.98
44.512,34.263,259.46,249.45
40.892,38.658,257.36,251.22
48.04,44.941,254.46,250.87
60.244,49.482,249.48,249.45
72.557,51.105,244.02,248.43
90.103,49.567,238.43,248.84
112.74,47.556,232.51,248.33
132.24,46.167,227.16,245.46
139.91,49.236,222.57,240.33
139.53,53.082,218.34,235.77
141.66,54.655,212.42,230.55
135.22,52.992,204.88,224.8
126.82,50.132,197.69,220.33
120.51,48.885,190.63,217.22
115.99,47.227,185.95,214.59
113.91,45.346,183.59,212.97
108.13,44.767,181.94,212.57
104.53,46.06,181.14,212.28
105.77,52.155,179.33,211.31
114.4,59.884,179.33,209.9
124.76,62.451,181.59,208.7
130.59,64.317,185.64,206.99
135.31,65.007,188.85,204.97
136.65,49.195,191.57,203.2
140.24,51.1,191.95,203.71
146.65,52.819,191.54,204.63
152.61,57.874,191.18,204.63
139.99,62.19,177.8,216.11
147.83,70.173,169.16,226.49
153.94,78.656,164.02,236.24
165.97,78.319,161.99,241.89
178.55,81.08,164.45,245.45
191.14,80.852,167.89,253.22
199.05,79.097,171.02,261.93
198.72,76.735,174.58,268.79
196.62,79.447,177.89,272.98
188.3,80.101,178.14,274.47
175.05,77.811,177.76,276.26
160.92,78.538,178.68,275.97
152.95,79.796,178.8,276.82
141.71,79.357,178.65,278.04
129.22,80.174,178.64,278.19
127.71,78.627,180.29,279.88
127.86,81.344,181.91,279.23
127.25,86.022,183.17,277.97
127.6,88.086,185.11,276.41
129.72,86.853,187.61,275.29
134.04,85.544,189.58,274.84
140.83,87.479,190.64,273.72
143.27,87.62,191.43,273.93
142.06,84.905,191.99,273.8
138.73,82.928,192.47,273.16
133.97,81.84,193.22,271.39
130.76,87.694,194.04,268.81
132.02,88.595,197.35,266.84
132.87,90.467,200.19,264.57
129.39,90.277,201.09,262.24
125.58,88.055,202.18,262.14
122.29,85.894,202.84,263
120.16,85.849,203.38,263.05
119.81,82.67,204.22,263.61
113.95,84.68,216.66,255.66
111.58,84.143,227.66,250.59
110.31,83.741,238.46,246.21
110.12,83.87,249.58,244.17
112.95,82.497,260.26,244.21
113.39,79.712,270.08,246.12
111.33,76.674,278.11,248.66
112.78,75.536,284.65,251.54
115.91,73.542,289.99,254.45
116.23,70.946,296.25,257.16
114.66,70.425,302.74,258.9
112.7,71.591,308.95,259.78
111.94,72.689,313.86,260.61
111.82,70.625,318.46,262.31
110.67,66.29,322.67,265.03
107.76,61.496,325.8,267.74
107.15,60.988,327.83,269.44
108.29,62.125,330.35,271.44
109.97,62.6,332.62,272.14
111.11,65.217,335.36,272.77
111.96,65.648,337.43,274.53
111.04,66.288,338.8,275.28
112.7,66.895,341.43,276.03
113.65,66.302,342.73,277.54
114.41,64.568,343.39,280.02
115.62,64.833,344.39,281.6
116.85,64.812,345.05,281.76
115.98,64.428,346.55,281.48
114.02,63.919,346.62,280.61
110.81,63.903,346.74,278.92
110.68,65.254,345.86,277.55
109.41,65.833,346.11,277.15
108.69,67.413,347.09,277.85
105.43,68.326,347.58,278.25
104.82,67.406,347.47,279
103.65,65.995,348.14,279.31
104.56,67.308,347.23,279.03
103.33,70.248,346.13,278.13
101.2,73.262,344.95,276.47
98.788,77.454,344.86,274.34
95.791,82.342,344.74,272.35
92.222,85.702,343,270.97
89.589,89.006,341.07,269.53
87.341,92.494,338.91,268.38
85.361,92.323,336.95,267.9
82.146,92.619,335.04,267.59
81.207,92.992,333.05,267.52
83.25,92.065,330.78,268.31
83.061,91.163,328.6,268.3
84.404,89.349,327.64,269.38
84.099,86.889,327.21,270.15
83.172,85.236,326.22,270.03
77.189,81.888,328.21,270.49
72.101,77.244,330.08,271.43
68.938,74.027,330.07,272.41
69.744,74.275,328.38,271.22
73.582,78.955,325.31,268.38
78.522,83.269,320.93,265.34
80.127,87.233,315.84,262.82
79.931,89.309,307.62,259.06
80.778,91.742,299.03,255.39
86.679,95.148,291.24,252.77
92.197,97.803,284.39,250.64
97.524,99.125,277.92,248.4
106.04,100.03,272.68,246.07
117.09,101.73,268.72,244.36
126.58,104.94,266.39,242.47
131.92,106,262.28,242.02
139.35,104.41,257.29,241.63
140.95,101.24,255.94,241.4
139.96,98.556,257.24,242.24
140.33,97.014,259.89,243.2
135.91,97.201,265.9,242.13
130.43,97.352,271.51,241.28
128.47,98.973,275.12,242.3
129.17,98.648,277.33,242.7
131.34,97.946,279.02,243.19
136.84,97.233,279.38,244.06
142.14,96.022,278.35,247.24
146.48,95.495,278.56,249.27
149.39,95.764,277.49,250.82
151.86,94.913,276.35,253.45
152.51,93.009,274.2,255.58
153.93,88.889,274.13,258.15
151.55,84.916,278.59,261.05
147.25,78.752,287.5,264.91
141.56,75.254,295.79,268.11
131.31,72.711,306.02,270.23
121.36,73.336,315.85,271.46
110.58,75.467,325.16,272.18
101.45,76.15,333.28,273.44
94.271,75.073,340.99,274.63
81.88,72.583,347.94,276.95
70.237,68.731,356.91,279.07
58.039,67.158,365,280.72
50.652,66.736,371.53,282.18
48.697,65.119,375.52,283.03
49.872,63.283,377.4,284.16
46.263,64.476,379.21,284.51
43.325,62.466,382.48,286.11
43.843,60.935,385.11,287.79
45.465,59.069,387.21,289.36
46.555,56.652,389.82,290.46
49.646,56.094,392.23,291.5
54.236,57.632,392.79,291.64
57.438,59.327,393.41,290.02
59.918,59.994,394.76,288.72
59.711,60.449,397.79,288.32
59.384,61.76,399.51,286.51
57.335,64.546,401.58,284.87
58.488,66.031,403.13,283.87
59.172,67.64,403.04,283.1
59.848,67.166,403.71,283.25
56.984,68.224,403.9,283.89
54.054,69.986,405.73,283.91
53.7,69.442,407.07,284.84
52.721,67.559,407.87,286.48
49.024,66.4,409.13,287.53
38.149,77.934,416.18,279.96
33.616,82.25,420.35,273.88
29.036,84.471,423.7,269.07
28.521,87.167,426.32,264.41
28.683,90.089,426.79,260.99
28.108,91.347,426.95,257.1
28.464,92.544,425.71,254.37
30.718,94.53,425.14,252.24
30.221,97.257,425.43,250.37
31.218,98.731,425.56,249.29
31.302,98.861,426.36,248.31
28.797,98.421,427.44,247.25
26.228,98.851,429.38,246.22
30.488,97.58,430.8,245.41
33.653,97.924,429.35,244.98
36.796,96.168,427.34,245.14
44.996,94.852,423.47,245.31
54.069,95.217,419.34,245.14
116.68,66.728,391.75,257.29
139.99,71.21,367.34,266.23
155.68,72.232,347,271
170.64,72.84,329.81,273.63
178.73,74.328,317.77,275.17
181.31,74.302,310.18,275.56
185.67,72.141,304.18,275.24
191.84,72.015,297.9,274.2
196.36,71.595,292.76,273.4
193.78,72.817,289.38,272.48
189.59,75.732,289.55,273.55
187.85,82.65,290.53,273.25
184.64,87.449,291.48,272.62
183.97,89.652,291.68,270.84
183.01,91.431,292.18,268.11
182.34,94.391,292.12,264.91
182.81,97.579,290.59,261.83
183.4,101.34,289.02,259.77
184.78,103.1,287.38,258.06
186.07,104.35,285.4,256.62
187.09,101.58,284.4,255.15
189.69,98.584,283.71,253.64
192.68,97.463,281.82,252.38
196.95,96.007,279.19,251.1
200.41,95.09,276.86,248.9
205.4,93.993,274.2,248.2
209.77,91.123,270.93,247.85
213.29,89.808,267.26,246.52
217.95,88.701,263.46,244.95
221.99,87.4,259.4,242.81
227.98,86.69,254.77,240.61
230.6,86.559,250.09,237.94
232.53,86.481,246.15,235.53
233.03,86.286,242.5,232.79
235.14,87.407,237.9,230.34
236.58,87.96,233.48,227.04
238.81,88.765,228.45,223.94
240.03,89.751,223.47,220.65
243.71,90.852,219.14,216.6
246.81,92.951,215.06,211.79
251.96,94.786,210.9,207.39
254.31,96.686,206.08,202.87
259.62,97.869,201.09,198.15
263.82,99.518,196.14,194.45
268.55,101.15,191,191.67
271.23,103.25,186.27,188.22
273.36,103.84,182.57,184.73
276.58,104.31,178.99,181.38
277.85,104.41,176.46,178.75
279.42,103.96,174.94,175.49
279.92,104.22,174.49,173.09
280.61,104.21,173.73,170.96
283.24,103.94,171.73,169.01
286.05,103.64,169.74,167.12
292.58,103.57,167.47,165.54
298.77,105.5,165.28,164.85
304.05,105.8,163.23,164.07
308.17,105.9,160.85,163.5
312.26,106.51,158.75,162.29
314.26,106.8,157.72,160.49
317.09,107.63,156.47,158.4
318.34,107.85,155.23,156.37
322.51,107.12,153.19,154.92
324.52,105.23,151.03,153.88
325.13,104.12,149.03,153.14
326.77,102.02,147.28,151.26
329.16,100.63,145.61,150.24
332.54,100.21,143.14,149.43
335.57,99.59,140.92,148.38
338.55,99.276,138.06,147.39
339.98,98.754,135.7,146.15
343.9,97.679,133.88,145.67
347.87,97.099,131.8,146.26
352.99,96.955,129.34,147.54
358.54,96.877,126.29,149.84
364.99,96.912,122.74,151.52
368.41,97.423,119.55,151.7
371.4,97.578,116.55,151.35
374.52,98.242,113.58,150.08
376.25,98.56,111.43,147.99
377.29,100.49,109.73,145.81
377.03,102.36,108.58,143.69
376.26,104.6,108.37,142.26
375.7,108.37,107.76,141.17
375.2,112.73,107.33,140.4
375.27,117.79,107.33,138.98
377.24,124.84,106.39,138.2
378.43,133.5,105.29,137.62
379.95,140.05,103.75,136.93
382.86,143.84,102.07,136.36
384.28,146.21,100.33,137.19
390.93,149.88,94.959,144.14
396.36,150.09,89.824,152.5
402.83,149.03,83.46,162.33
408.92,147.03,77.75,171.2
413.46,143.69,73.18,177.47
416.25,141.34,69.475,182.01
418.28,138.59,67.178,183.48
419.05,138.44,65.54,184.79
418.42,138.01,64.685,184.39
416.74,137.33,64.172,184.24
415.06,134.55,64.537,183.95
411.43,132.81,65.97,183.16
407.58,130.27,67.728,182.87
404.49,129.05,70.22,183.37
402.34,129.25,72.839,183.86
399.67,129.91,75.083,184.13
395.85,133.1,76.94,186.17
390.39,134.33,81.38,185.66
386.61,136.63,84.829,187.31
383.71,137.41,88.19,188.07
380.83,139.22,91.245,189.92
377.47,140.8,94.446,190.36
374.44,142.95,98.144,189.55
372.09,144.19,101.99,188.92
368.56,145.29,105.26,188.51
365.12,145.91,108.82,188.36
358.98,145.28,112.39,189.04
353.23,145.07,116.35,190.57
347.64,143.39,120.01,192.5
340.68,142.73,123.92,193.97
332.87,141.68,128,194.76
321.77,141.6,131.56,195.86
302.22,143.85,143.52,191.41
285.34,144.95,153.69,188.55
271.36,144.62,162.74,186.1
256.97,144.82,171.35,184.74
244.26,144.97,178.37,184.15
235.44,144.63,183.9,184.39
227.49,144.56,187.47,184.72
219.77,144.33,190.55,185.34
213.9,144.37,193.01,186.75
208.42,142.96,195.5,187.05
204.98,142.16,196.84,187.41
202.5,140.79,196.61,187.4
198.7,141.47,197.78,187.18
195.14,141.73,199.13,186.21
188.91,143.22,202.14,186.21
179.74,144.06,206.29,186.12
175.24,143.85,207.93,186.94
175.53,142.86,208.74,187.54
178.47,141.78,209.45,188.7
182.4,141.37,209.41,189.05
186.57,140.05,209.17,188.82
190.17,139.21,210.71,187.56
192.45,138.15,214.82,186.54
195.56,137.01,219.8,185.21
199.94,136.17,224.72,183.42
205.03,137.26,228.47,182.17
201.38,142,237.19,176.92
199.82,143.99,244.05,171.88
196.75,145.76,248.57,167.23
195.85,147.3,252.16,163.55
192.88,146.3,256.32,160.3
190.36,144.67,257.67,157.18
189.55,143.11,257.39,155.19
190.46,144.14,257.08,153.06
210.7,144.36,255.2,152.65
209.2,144.24,253.9,150.76
207.82,144.49,252.38,149.33
207.43,144.75,252.44,147.7
207.21,144.6,252.47,146.93
223.71,143.97,251.84,147.34
219.49,141.9,252.29,147.65
215.34,141.81,252.36,148.2
211.48,142.72,252.57,148.55
205.77,143.4,252.87,149.06
201.94,143.28,253.63,149.83
197.04,142.54,253.91,150.06
192.94,142.76,254.46,150.03
187.52,141.44,255.7,149.74
183.96,141.3,257.48,148.91
179.52,141.62,260.57,148.36
173.62,141.98,263.82,148.32
169.92,142.69,266.24,148.62
168.75,144.15,267.81,149.5
162.25,143.46,269.32,149.8
154.46,143.05,270.2,150.02
147.93,142.72,270.38,150.31
141.91,141.16,270.25,150.29
135.36,139.52,269.57,150.17
132.27,139.3,269.21,150.47
111.94,136.73,269.76,150.8
112.71,135.76,269.04,151.29
113.72,135.6,266.66,151.98
120.72,131.71,259.38,160.28
119.77,134.37,258.69,159.91
119.93,135.15,257.73,159.37
121.83,136.14,256.83,158.81
118.69,136.72,255.59,158.46
115.91,135.63,247.43,165.41
116.13,135.46,240.35,171.97
118.57,136.18,236.38,177.1
118.16,138.3,235.42,180.99
118.71,138.86,233.59,184.41
120.99,139.4,231.41,187.75
123.41,139.01,228.74,189.59
121.82,138.92,226.56,189.97
123.48,139.15,223.4,190.76
123.13,139.45,220.32,191.58
121.52,140.12,217.51,192.47
120.24,141.05,215.05,193.24
117.99,142.36,211.87,193.18
115.95,143.48,209.17,193.04
112.84,143.68,206.77,192.67
110.59,143.85,204.25,192.87
107.81,143.57,203.52,192.48
103.91,143.88,203.17,192.6
101.58,142.88,203.39,192.95
98.876,141.28,203.52,193.1
97.52,141.36,203.33,194.08
94.897,142.01,203.41,194.84
94.662,141.37,203.47,196.18
93.29,139.58,203.64,196.51
90.784,154.18,203.96,194.83
87.997,147.85,204.01,194.67
86.924,142.17,204.94,196.19
90.963,137.56,204.89,198.7
95.137,134.14,204.67,200.45
98.895,129.4,204.94,202.46
101.31,124.13,205.64,203.58
102.03,119.85,206.26,204.6
102.84,117.06,207.39,204.02
102.3,115.13,209.19,202.98
103.92,109.4,209.61,202.59
106.63,125.35,208.45,202.4
110.36,120.9,208.31,201.88
112.44,120.13,208.04,201.62
114.69,120.86,207.5,202.09
116.85,123,207.28,203.21
117.34,124.98,206.67,203.13
115.99,125.67,206.75,202.49
115.98,126.92,207.19,201.48
114.2,126.13,207.52,199.8
114.89,125.93,209.05,197.3
114.54,126.97,210.84,195.04
114.43,128.64,213.25,194.23
114.36,129.88,216.15,193.95
113.36,131.34,218.66,193.59
111.63,133.83,220.41,194.73
109.34,134.78,220.83,196.14
107.93,135.71,220.94,198.4
106.81,136.64,221.53,201.03
109.22,135.8,221.41,203.87
111.32,133.94,222.04,206.02
113.09,130.65,223.01,207.76
114.57,127.91,224.07,209.15
114.96,125.77,224.53,211.46
116.41,126.31,225.85,212.44
118.38,126.6,226.46,212.68
121.42,126.87,226.46,213.76
124.33,126.26,225.73,215.9
126.62,124.71,226.17,217.09
128.97,121.7,226.73,218.17
130.46,119.22,227.89,219.56
131.08,116.59,229.94,221.44
125.01,119.17,230.69,221.21
116.44,122.31,232.74,219.98
105.64,125.82,234.41,218.58
93.781,127.9,235.57,216.92
88.305,129.28,236.12,216.88
85.822,129.64,236.54,217.01
85.023,126.69,236.44,218.93
84.644,121.9,236.33,220.09
84.552,117.79,236.52,220.89
82.677,113.85,236.7,222.09
79.873,113.23,235.94,223.1
78.291,112.88,234.79,223.06
76.917,113.48,234.71,222.6
76.634,114.3,235.08,222.01
77.862,114.86,235.11,221.68
79.258,116.18,235.09,221.04
80.267,116.3,236.04,221.07
81.424,114.18,237.43,221.34
84.462,111.44,237.42,222.07
86.268,110.31,236.09,223.5
89.238,110.27,234.32,223.67
90.356,111.12,232.42,224.18
91.286,110.92,230.97,223.89
92.285,110.07,229.52,223.44
93.24,109.85,227.62,222.58
94.255,109.84,225.21,221.55
94.351,109.83,223.68,220.37
94.53,110.48,223.59,219.31
95.268,112.5,222.85,218.18
96.123,113.85,222.68,217.67
97.028,115.08,224.19,216.54
101.76,115.35,226.6,216.51
108.5,114.98,227.95,216.69
117.12,114,227.59,217.62
127.67,113.99,224.74,217.43
138.06,112.41,221.24,217.38
148.39,112.1,217.83,216.31
158.3,111.35,213.56,213.96
166.93,112.24,209.24,211.49
171.49,113.24,205.62,208.37
175,115.42,202.94,205.82
178.45,117.89,200.43,203.11
180.97,119.27,198.1,200.16
183.9,120.44,195.12,198.8
181.37,122.11,192.13,197.21
178.68,123.02,187.81,195.18
176.79,124.71,183.79,193.47
176.44,126.4,180.75,192.04
177.1,127.36,178.1,191.1
176.78,129.39,175,189.49
175.9,130.84,173.04,187.55
172.65,131.99,172.44,186.83
167.88,132.29,173.33,185.67
164.34,128.45,174.31,182.08
160.2,125.66,174.55,179.95
157.62,122.7,175.05,178.27
154.5,119.73,176.88,176.67
152.62,114.71,179.15,175.3
152.43,125.05,180.49,175.02
151.44,117.89,182.29,173.9
149.07,113.05,185.14,173.34
146.18,108.9,187.84,172.32
158.9,105.89,189.46,172.17
151.07,102.03,192.19,172.41
126.17,95.92,197.17,173.33
124.31,92.141,202.11,175.04
122.77,87.422,205.99,176.48
121.85,84.639,209.23,177.98
120.83,82.381,212.26,178.83
121.68,82.666,214.82,179.54
123.23,82.455,216.46,179.76
122.89,81.605,218.92,179.89
120.09,80.033,222.39,180.24
103.85,81.708,222.27,179.32
91.301,83.041,220.58,179.02
97.441,85.914,222.19,178.63
94.24,93.533,229.18,170.9
88.506,98.81,234.54,164.54
82.452,102.67,237.37,159.96
70.38,98.023,232.13,163.3
73.974,104.08,233.68,159.5
83.895,100.26,229.34,163.41
94.854,96.795,224.74,166.71
106.43,114.32,220.03,169.29
106.68,120.63,224.33,164.48
111.57,126.11,227.8,160.75
118.01,129.35,231.13,157.97
121.65,131.32,233.31,156.38
125.57,130.29,235.27,154.57
124.24,127.87,237.04,153.3
120.91,124.65,237.18,151.96
126.35,115.34,230.64,158.54
124.88,112.59,232.46,156.23
122.4,111.46,233.57,154.24
123.25,111.49,233.44,152.56
123.6,109.39,232.29,151.64
124.39,107.71,231.96,151.07
127.82,107.88,230.79,150.53
129.92,107.19,230.48,149.98
137.78,103.11,226.19,155.76
143.6,101.32,224.08,160.56
147.47,98.21,223.46,165.28
152.37,95.986,223.43,169.41
153.87,92.923,224.37,172.04
151.94,88.941,224.04,174.2
149.46,87.694,223.36,176.49
122.28,95.39,230.92,170.83
118.04,101.52,237.27,166.59
111.69,107.09,243.47,163.14
90.77,113.09,246.73,160.61
91.853,115.56,249.36,160.09
91.809,115.81,250.87,159.74
76.472,116.88,249.26,158.86
80.174,118.45,249.68,157.83
64.029,123.33,246.33,156.36
69.528,126.28,243.72,155.25
69.936,131.45,241.87,154.16
69.628,136.27,239.05,153.32
52.733,135.6,234.75,152.4
57.822,133.11,225.58,158.08
61.443,131.86,217.13,162.03
63.315,129.88,210.5,164.3
50.97,128.31,204.57,165.95
53.148,126.93,201.15,166.53
54.377,126.78,197.17,166.98
41.093,125.79,192.86,167.89
45.883,126.47,189.94,167.75
47.082,127.21,187.57,165.96
47.952,127.91,185.62,164.28
49.234,127.91,185.12,163.46
51.769,128.49,185.55,162.39
53.81,129.41,185.13,160.83
55.181,130.74,184.63,159.82
56.144,131.58,183.67,158.82
56.27,131.03,182.79,158.3
57.255,130.66,181.95,158.17
57.611,130.4,180.53,157.83
58.822,127.54,179.01,157.05
59.623,125.16,178.43,156.08
59.812,124.21,177.47,155.7
60.131,123,176.82,155.12
59.967,123.59,176.85,155.37
59.968,123.95,177.13,155.51
58.942,123.72,178.37,155.27
58.172,122.93,179.44,154.52
56.734,122.54,179.7,154.97
55.928,122.17,180.45,154.76
55.381,122.14,181.23,155.31
53.599,121.12,182.16,155.93
52.264,119.26,181.76,156.32
50.554,116.24,181.02,155.62
49.32,114.86,179.19,154.97
47.65,113.84,177.17,155.18
45.748,113.01,175.48,155.3
44.292,112.43,174.58,154.95
41.913,113.47,173.23,154.72
