869,250,133,315
874.13,296.02,134.21,322.84
881.2,308.81,134.49,315.52
889.46,333.21,134.61,313.05
906.52,357.79,135.33,318.4
916.75,358.24,137.43,319.57
915.95,357.77,139.3,320.72
914.14,354.14,140.25,318.49
909.16,347.82,141.07,317.56
903.62,344.04,141.04,316.45
890.56,347.74,140.31,316.02
874.76,360.15,140.09,316.52
875.77,362.27,141.12,317.83
849.5,375.75,140.79,316.21
828.63,395.51,138.99,316.02
812.23,408.1,137.85,315.04
797.07,413.96,137.52,312.2
785.73,416.79,136.34,311.34
785.92,418.85,137.43,310.74
770.89,416.17,136.81,308.75
761.14,418.46,137.21,308.42
751.42,416.91,137.75,309.01
742.71,417.42,139.49,309.67
734.72,417.94,141.38,310.13
734.79,418.9,143.4,311.44
727.21,419.48,145.07,309.12
720.1,420.34,146.48,305.76
712.07,426.83,147.52,304.22
703.32,431,148.27,302.55
695.38,430.44,148.64,301.17
690.43,430.64,149.18,300.9
683.71,426.79,149.48,301.52
677.94,422.29,150.02,303.36
670.53,428.08,157.02,300.68
661.11,432.64,162.56,294.87
655.95,435.41,167.15,290.21
652.91,437.61,170.41,286.91
649.83,439.09,172.69,285.5
649.42,437.61,173.97,285.09
648.35,429.48,173.47,286.23
646.36,414.92,171.26,289.39
643.91,405.73,168.69,292.04
641.87,402.35,167.59,293.51
641.36,391.58,165.55,295.1
646.02,378.44,164.8,295.51
650.89,365.38,164.69,295.39
655.5,357.1,165.41,295.04
659.39,351.28,166.31,293.77
660.51,350.47,166.4,292.96
663.09,347.07,166.31,291.4
664.07,343.33,167.14,289.73
664.4,339.96,168.11,288.79
662.74,338.95,169.95,286.48
657.42,340.32,171.1,283.56
655.43,339.59,172.28,282.07
649.54,339.91,171.82,279.36
644.33,338.73,171.72,276.44
635.54,336.71,171,272.29
623.61,330.01,170.19,269.38
605.42,326.5,175.14,262.23
598.69,325.29,177.52,259.91
586.09,316.64,180.21,259.91
571.62,311.52,180.78,261.21
548.64,309.17,181.12,260.63
510.19,312.47,179.91,262.61
469.34,315.85,177.17,262.8
468.6,316.13,174,263.35
419.88,321.25,171.83,260.65
364.84,330.51,169.18,258.21
319.75,324.5,158.23,265.54
275.1,321.38,150.19,272.75
209.64,331.79,144.55,280.03
206.18,345.63,146.95,278.15
159.55,347.02,141.77,282.24
94.326,360.98,136.64,288.28
29.039,380.39,133.28,292.92
-4.0417,394.01,126.51,294.94
-26.814,389.75,121.63,298.42
-23.795,385.1,117.67,301.04
-19.554,389.58,117.65,301.03
-16.239,385.28,117.6,301.02
-12.003,380.53,117.54,301
-8.0487,377.13,117.48,301.05
-4.7915,383.96,117.45,301.08
-1.2514,390.22,117.43,301.11
2.4,205.24,114.81,295.08
172.53,14.028,117.55,300.69
118.38,20.64,117.35,308.28
57.269,8.5893,121.35,310.62
19.922,11.486,122.3,316.22
13.752,14.597,123.23,325.13
3.2604,4.155,117.73,333.64
-17.804,3.1286,108.33,337.14
-13.596,5.0954,108.28,337.13
-4.3035,17.788,108.27,337.13
58.412,78.477,118.68,324.54
61.089,84.418,130.31,311.31
41.188,89.996,139.78,299.87
79.973,28.114,162.96,268.5
61.275,40.29,184.2,240.72
50.137,48.813,198.4,218.9
41.98,51.942,209.9,199.72
34.552,58.768,218.79,184.62
28.789,59.868,223.05,172.79
24.96,59.517,225.88,163.36
20.375,59.539,227.87,156.15
42.005,60.052,228.75,149.59
38.33,62.549,229.43,145.04
34.42,65.608,229.12,140.98
57.053,63.782,227.46,137.46
55.716,63.375,226.53,135.38
76.888,62.964,226.11,132.56
65.49,55.2,204.67,159.09
94.703,61.728,198.96,165.58
103.23,49.146,188.57,178.42
-5.5441,16.459,182.6,186.96
19.786,10.552,184.33,190.8
-39.096,58.186,164.08,219.33
-27.979,49.73,161.6,224.63
-18.802,37.646,156.39,236.15
-10.901,49.38,153.95,243.51
-23.314,29.518,142.03,263.38
-13.333,17.462,133.83,280.95
-5.0584,32.275,130.37,293.64
0.94279,18.796,131.34,295.47
-12.354,28.095,121.3,314.06
-4.8102,30.055,116.27,332.73
4.9381,28.318,114.92,350.45
26.825,19.359,118.32,353.15
8.0514,26.588,119.8,356.88
19.524,30.986,120.84,356.46
-0.80317,21.123,120.72,356.63
6.3636,12.228,120.76,356.64
10.427,6.6662,120.87,356.38
11.649,11.278,120.91,356.36
130.13,22.52,131.16,352.16
158.34,31.179,142.72,345.73
185.3,16.264,149.9,343.22
184,26.892,155.92,341.17
213.15,20.458,159.93,341.21
216.49,36.262,165.34,337.01
245.48,19.335,173.25,336.54
269.24,8.1953,178.36,343.52
266.22,-22.556,195.45,326.82
263.36,-5.859,206.75,320.34
267.55,-16.236,218.11,308.83
273.35,-21.461,224.76,299.88
280.07,-22.919,228.64,293.58
284.54,-9.2099,231.91,289.27
288.05,-9.6052,236.31,283.2
291.8,-7.4494,239.56,279.22
298.73,-2.9387,244.23,274.46
302.01,9.0778,244.32,274.88
303.11,4.0735,244.28,274.56
303.47,3.3937,244.26,274.33
334.38,6.34,244.91,273.63
332.75,7.4505,245.03,273.42
334.78,14.404,242.4,273.74
320.24,21.794,225.87,279.31
488.51,67.03,219.22,303.21
523.12,72.235,209.73,328.5
525.44,72.604,203.83,348.58
560.28,68.403,199.83,363.13
560.27,63.508,198.33,375.61
558.42,59.945,199.44,385.86
590.31,58.057,198.65,396.67
589.81,57.623,201.46,407.19
593.48,57.109,202.91,416.07
596.35,61.631,204.82,423.74
598.82,65.366,206.83,430.24
600.11,69.726,207.91,435.78
602.76,76.418,211.05,439.76
604.01,86.812,214.85,443.91
604.69,96.841,217.48,447.24
604.36,106.26,220.92,450.72
603.15,107.71,224.99,452.5
604.12,110.78,226.85,453
607.37,90.705,226.93,452.11
610.54,105.79,225.39,450.14
616.81,114.97,226.13,449.14
624.77,114.82,223.5,447.44
628.09,114.74,221.36,445.5
631.73,113.91,219.35,443.34
638.15,111.37,218.73,440.82
644.1,104.16,216.63,437.37
646.49,95.792,216.58,435.95
650.82,93.331,215.16,435.74
653.46,88.305,213.42,436.96
655.45,82.117,213,439.38
651.82,56.557,217.19,437.83
652.47,61.266,219.07,438.19
654.95,60.408,219.25,441.13
657.39,61.011,218.32,442.62
660.35,60.857,217.8,444.12
661.4,58.871,218.2,447.12
661.66,58.438,218.46,447.74
656.91,60.234,219.37,448.56
653.29,64.365,219.96,450.56
651.34,63.711,220.23,453.17
649.61,62.298,220.47,455.39
645.86,59.733,224.1,455.01
643.58,60.934,227.85,453.41
644.16,67.204,229.32,452.36
646.85,71.191,228.92,450.27
640.67,81.841,227.12,448.29
639.42,85.43,225.47,449.02
633.82,88.804,222.81,447.39
623.94,97.52,218.5,445.16
610.41,106.05,214.33,441.14
591.96,115.32,210.54,436.45
571.39,120.97,208.49,433.13
556.78,122.03,209.79,433.22
538.29,118.19,211,432.02
519.93,116.94,213.42,431.52
503.91,119.58,217.27,433.01
489.88,120.07,220.99,433.85
479.79,124.94,222.21,434.22
474.69,124.83,223.95,434.65
467.02,128,224.22,436.19
456.48,127.93,223.59,436.61
445.79,126.51,222.33,438.26
435.98,127.95,219.98,440.73
426.08,130.3,218.41,442.12
420.7,128.74,219.82,444.67
409.61,130.23,221.17,444.7
400.74,132.01,219.58,443.51
392.17,134.88,218.56,440.94
385.07,135.8,216.45,437.84
375.61,136.97,213.03,433.07
368.83,139.16,211.69,430.47
366.07,135.87,208.09,428.02
358.89,136.27,207.61,427.28
352.1,137.67,207.88,424.84
346.53,143.81,206.48,421.61
342.07,149.96,204.94,419.85
339.47,151.6,205.27,419.71
337.01,151.68,205.6,419.41
332.04,154.14,204.76,417.81
330.53,156.13,204.66,416.71
329.52,159.52,204.22,415.11
330.45,164.28,204.63,411.5
329.99,167.03,205.63,409.02
333.55,166.62,206.77,408.19
342.81,163.56,205.05,407.97
352.89,161.33,202.72,407.5
364.61,161.14,199.7,405.33
375.95,158.42,197.95,402.92
379.79,158.19,195.78,401.65
388.22,153.16,194.48,402.48
398.55,148.17,193.84,400.94
410.02,142.91,194.18,399.23
418.71,134.97,194.66,398.02
427.64,127.21,194.75,397.18
432.39,124.73,195.65,396.78
437.32,120.62,195.58,396.37
444.86,111.57,193.79,398.11
452.88,100.43,193.04,399.81
463.43,85.659,192.84,399.86
470.34,79.77,194.3,399.26
474.82,77.883,195.49,401.6
480.56,74.315,196.53,401.97
487.27,74.166,198.58,402.29
492.53,74.373,200.75,404.45
497.03,80.021,202.76,407.33
502.38,86.232,202.88,411.22
506.28,85.511,202.62,414.18
510.12,86.767,201.71,417.57
511.21,89.293,202.1,418.91
510.72,97.53,202.7,420.34
508.15,109.03,202.68,419.49
502.1,122.96,200.2,419.41
496.28,128.64,200.56,418.09
486.84,142.67,198.57,419.22
475.58,164.43,196.48,420.67
461.03,193.11,194.51,423.49
447.1,221.84,193.14,428.74
436.08,253.59,192.91,435.85
425.32,264.08,194.73,439.67
417.71,291.5,195.15,433.72
413.36,309.75,196.5,424.93
415.7,324.38,199.8,416.78
413.81,340.93,204.31,405.07
412.4,353.96,210.13,395.4
415.92,360.1,208.71,391.63
417.21,364.43,214.23,383.43
419.76,369.03,220.5,374.14
424.28,379.35,225.19,365.82
428.71,390.15,228.73,357.94
430.52,398.72,230.68,349.47
430.79,404.42,231.32,342.64
434.56,412.95,232.28,335.64
433.93,428.9,237.9,323.55
438.39,439.17,242.53,312.03
446,446.47,245.97,301.7
456.32,450.01,248.03,293.5
460.77,454.06,248.28,287.96
470.4,455.63,248.04,283.86
483.04,456.7,247.55,280.78
495.6,457.27,247.96,279
505.9,457.45,246.33,278.46
515.58,456.49,244.04,278.92
521.44,456.23,243.12,279.52
530.2,452.64,240.04,281.59
547.8,446.18,235.25,283.59
573.99,430.49,231.17,289.09
604.06,416.43,229.67,298.37
648.25,395.73,227.23,312.29
648.86,385.55,226.23,325.56
692.7,346.39,214.91,350.2
744.33,309.07,206.86,362.68
826.41,279.79,200.55,375.87
882.02,216.22,197.78,385.84
924.4,188.31,197.76,396.55
925.2,161.7,198.94,413.05
935.5,128.31,202.72,422.16
949.44,95.061,206.2,429.38
963.21,73.024,209.68,434.05
967.73,59.315,211.97,439.92
973.32,43.756,214.23,444.04
972.87,42.071,215.67,447.86
974.49,37.377,215.85,449.32
972.82,33.786,216.07,450.21
969.39,29.571,216.94,448.67
958.74,33.84,218.21,448.69
948.42,38.505,219.57,451.21
939.65,38.351,221.74,452.1
940.72,40.075,222.16,453.94
929.87,44.176,221.85,453.96
924.91,46.588,220.14,454.05
918.3,50.41,220.06,454.45
908.71,49.879,222.99,453.38
901.32,53.14,225.03,451.39
898.61,53.89,225.99,449.2
896.67,56.733,225.4,449.76
895.9,56.79,224.42,450.67
893.99,62.46,224.19,451.5
888.54,66.962,225.06,452.87
883.97,70.66,226.77,455.47
882.87,69.126,229.35,455.63
876.45,77.71,230.79,457.58
872.31,85.026,233.65,457.98
870.15,88.811,236.37,455.92
863.76,91.082,239.63,454.09
855.07,93.472,241.16,454.21
854.18,94.822,242.51,452.63
843.59,97.03,240.52,451.51
837.88,95.08,241.2,450.92
831.58,94.879,241.7,450.5
823.87,93.163,241.86,447.01
818.11,92.306,243.82,444.22
813.8,93.733,245.24,441.21
806.8,93.537,246.73,439.84
801.16,94.87,247.21,436.67
797.12,94.347,247.06,432.23
793.21,93.417,247.94,428.26
787.73,94.612,249.9,427.44
783.29,95.476,252.08,426.15
775.48,72.907,253.88,426.71
770.44,81.743,255.68,428.18
764.96,85.533,258.25,429.9
749.23,98.4,272.02,421.36
739.76,109.23,281.01,415.52
737.11,115.51,288.9,412.54
730.33,122.47,292.7,408.7
720.87,127.54,294.88,405.69
716.59,132.57,296,405.54
709.45,136,296.8,403.16
702.5,140.83,296.3,402.62
701.29,142.3,297.54,401.88
693.78,149.37,295.67,401.98
681.51,159.05,293.58,401.85
672.86,166.25,292.28,401.12
666.47,170.06,290.73,401.4
656,174.53,290.02,398.66
651.92,176.89,289.71,397.02
649.52,166.53,279.77,402.72
647.54,205.18,282.39,393.63
602.83,163.64,275.4,399.89
595.6,167.75,269.4,404.72
587.51,172.39,265.15,407.89
575.53,154.35,261.97,410.81
566.33,195.29,265.93,406.23
553,198.51,268.81,402.76
501.13,203.68,272.67,400.08
487.76,211.45,278.03,395.43
437.86,214.13,283.65,393.03
433.24,217.82,290.03,390.06
423.17,222.43,294.68,388.13
389.52,218.67,296.79,386.75
418.17,224.97,297.64,385.13
399.24,203.9,298.25,386.86
386.09,220.88,299.54,387.8
379.89,228,301.43,387.59
411.28,237.14,299.88,386.39
459.58,279.9,298.62,381.7
469.31,267.12,285.52,385.36
478.41,264.12,269.47,392.35
486.3,265.11,256.75,396.66
494.53,267.42,244.48,399.42
501.4,272.05,233.49,400.25
509.46,280.65,223.37,398.91
514.66,288.5,216.63,394.81
518.5,297.37,211.92,388.11
523.74,316.66,217.55,374.69
526.61,353.98,227.7,352.11
531.09,354.98,232.79,336.54
529.98,349.23,236.45,323.03
530.28,344.64,237.85,313.5
523.79,381.61,247.36,298.61
492.29,314.53,246.16,295.72
469.76,311.13,245.72,292.74
505.28,313.5,244.69,290.9
502.23,367.28,259.62,271.29
502.77,376.44,274.2,248.24
541.41,341.74,268.01,245.8
550.58,338.95,261.15,242.22
557.78,339.09,252.83,240.01
568.11,334.44,244.14,236.74
578.79,329.42,236.01,230.77
588.91,326.12,228.05,224.51
596.88,321.86,220.54,218.08
600.36,315.32,213.22,212.6
603.32,317.2,204.78,209.19
606.72,313.71,199.06,204.88
606.89,306.05,193.58,200.2
604.28,296.73,188.93,194.5
600.91,284,183.95,191.06
598.66,271.16,180.31,188.09
597.59,270.26,175.42,187.14
595.44,257.93,172.53,184.44
592.3,249.42,168.19,182.59
588.36,240.03,164.61,180.31
584.15,229.95,159.67,178.45
576.54,224.84,154.89,177
568.07,222.23,151.93,176.5
557.86,220.96,149.87,175.28
545.43,219.8,148.15,173.79
517.04,216.14,146.12,173.35
507.78,214.53,143.64,174.26
492.39,217.4,141.25,174.18
483.57,215.75,140.58,173.96
472.02,222.34,139.37,174.26
457.18,230.54,138.86,173.33
442.65,237.56,138.52,172.34
411.92,243.57,139.21,171.66
390.62,255.39,140.46,171.09
376.84,257.37,142.13,170.48
355.69,266.33,144.17,169.29
315.2,273.02,144.95,169.58
294.22,280.39,146.45,168.33
254.81,283.65,146.92,167.12
215.98,287.99,145.89,167.44
205.43,286.13,145.68,168.74
187.74,290.9,144.16,168.83
168.99,293.8,144.11,168.09
132.47,295.34,142.64,169.11
96.696,297.88,141.17,170.52
62.868,301.8,140.89,171.8
56.718,298.95,142.02,172.89
42.795,303.02,141.11,171.98
14.391,304.15,139.23,171.6
5.7411,309.23,136.7,169.98
3.0506,314.18,133.98,167.48
-10.312,312.62,125.31,168.53
-5.4141,317.29,123.67,165.2
-4.0058,316.33,122.53,165.54
3.3395,320.98,122.55,165.4
8.0339,324.28,122.58,165.36
10.805,327.2,122.59,165.34
15.708,331.2,122.59,165.33
19.531,334.28,122.59,165.33
23.693,337.2,122.6,165.33
26.726,340.74,122.6,165.32
27.172,345.9,122.6,165.32
27.611,351.43,122.59,165.32
29.327,358.22,122.6,165.32
31.277,362.51,122.6,165.32
31.561,366.25,122.6,165.31
31.954,369.72,122.6,165.31
31.959,372.96,122.6,165.31
32.313,376.29,122.61,165.3
32.527,380.76,122.61,165.3
34.514,383.87,122.61,165.29
36.5,387.91,122.62,165.29
38.345,392.44,122.62,165.28
40.009,397.32,122.62,165.27
41.401,402.3,122.63,165.26
44.553,408.98,122.64,165.25
47.597,413.71,122.66,165.21
52.148,415.91,122.67,165.18
55.62,416.82,122.71,165.11
59.532,419.25,122.73,165.08
61.853,423.95,122.74,165.05
65.727,430.24,122.75,165.04
68.247,433.68,122.75,165.03
71.149,438.21,122.76,165.03
72.399,441.69,122.76,165.02
73.441,443.61,122.76,165.02
71.445,450.17,122.76,165.01
69.597,453.75,122.77,165.01
80.557,455.53,122.79,164.97
88.576,456.72,122.81,164.94
95.049,457.18,122.84,164.91
106.03,459.01,122.86,164.88
113.62,461.71,122.87,164.87
118.86,465.13,122.87,164.87
122.02,466.11,122.87,164.87
119.8,463.76,122.87,164.87
117.58,461.04,122.87,164.87
117.66,455.72,122.86,164.87
117.89,449.93,122.86,164.87
-19.861,521.8,110.87,171.53
-8.9008,515.97,103.27,174
-4.3667,507.66,98.543,184.22
-1.5034,500.48,94.98,194.55
1.9157,493.89,92.311,207.13
59.91,508.71,94.24,206.25
4.2389,495.09,91.099,218.29
8.0118,496.9,91.307,222.54
-6.6865,497.36,88.514,222.26
-5.0283,497.07,86.988,221.91
123.65,525.61,89.21,214.21
159.04,520.81,90.915,211.67
196.74,515.91,91.763,211
234.28,511.75,91.255,211.5
257.61,504.36,91.396,215.09
261.16,498.72,91.854,217.72
286.17,490.61,89.673,225.52
324.62,483.46,86.285,233.46
344.93,476.93,84.599,241.04
365.05,468.42,83.767,249.29
385.27,460.33,83.216,257.04
384.55,455.23,83.265,264.06
403.39,450.71,83.951,270.4
422,448.57,84.562,274.95
440.39,444.93,85.232,277.68
459.94,441.14,86.238,280.01
479.88,442.32,87.498,280.34
477.77,442.1,88.644,280.96
498.15,443.21,89.294,281.36
518.11,459.37,90.623,277.95
539.4,456.67,91.133,275.17
560.49,455.35,91.531,273.12
582.4,452.89,91.929,272.41
581.68,450.75,92.067,272.76
624.71,448.09,92.336,271.9
646.01,445.86,92.416,272.6
690.61,442.77,92.397,272.39
734.38,441.19,92.395,272.16
776.86,437.31,91.729,272.75
775.36,435.14,90.932,273.27
815.79,446.57,90.708,273.65
837.97,439.02,90.61,278.7
879.68,433.08,91.238,283.83
901.76,427.25,92.188,288.93
924.36,421.07,93.769,296.16
923.23,415.36,95.365,302.53
946.95,412.27,97.482,306.63
945.13,409.71,98.445,312.98
941.98,405.59,99.687,319.66
940.04,401.14,101.99,327
941.33,396.15,104.52,332.1
941.96,392.78,106.6,337
944.72,389.02,110.16,342.45
950.07,386.19,112.81,346.14
974.75,379.23,115.17,351.14
973.78,371.95,117.9,357.57
977.59,364.47,119.33,363.46
979.91,359.67,121.59,369.21
988.24,352.5,122.35,373
997.6,345.64,123.15,376.23
1006.3,343.29,124.32,378.45
1036,339.26,128.34,383.52
1041.6,333.57,130.88,387.22
1045.2,329.32,133.62,392.01
1052.4,324.7,135.83,394.74
1062.3,318.5,137.34,398.45
1071.6,311.24,138.82,405.13
1081.1,302.88,141.88,411.33
1089.4,293.7,146.16,418.49
1092.3,285.73,152.24,428.32
1094.6,279.05,157.87,439.17
1094.3,271.27,162.91,449.46
1092.3,267.4,168.27,453.16
1088.9,262.17,174,455.88
1083.8,259.46,180.35,457.47
1081,258,185.07,459.05
1076.6,258.79,189.89,459.59
1070.6,258.62,195.48,459.66
1063.1,264.98,201.32,458.2
1056,265.62,206.67,458.74
1047.3,267.96,211.41,458.49
1043.2,268.33,215.91,459.22
1036.4,266.79,219.7,460.81
1021.7,275.34,229.02,456.25
1008.4,276.1,240.24,453.04
995.12,275.92,253,450.76
967.93,282.21,269.05,447.41
960.46,284,280.9,443.81
944.07,286.84,291.37,440.63
932.51,286.62,301.69,440.29
921.5,288.62,310.31,438.98
912.18,288.05,317.53,438.71
906.35,289.43,325.27,439.22
902.12,289.4,331.4,439.58
900.71,292.05,337.3,441.03
895.07,291.82,344.96,443.65
886.12,295.19,351.45,445.72
880.01,292.17,357.11,447.56
871.75,290.43,363,447.33
866.01,290.3,368.78,448.32
860,291.17,373.1,448.95
855.56,288.95,377.44,449.92
850.41,290.41,381.65,449.67
843.78,292.97,385.99,448.51
841.52,293.46,388.36,447.37
839.56,293.87,390.38,446.74
836.53,294.06,394.31,445.76
833.33,292.5,397.03,444.33
830.93,290.41,397.05,443.87
826.95,288.25,396.08,443.49
822.54,289.33,395.33,444.33
822.44,287.95,395.04,446.02
824.9,287.33,396.47,446.03
823.57,286.77,399.32,445.96
821.84,291.05,400.9,446.66
820.34,292.57,403.12,447.8
820.95,289.93,406.43,448.44
820,287.86,410.69,448.68
820.76,286.87,412.11,449.01
821.55,288.68,413.09,450.12
824.39,291.91,412.69,450.94
828.32,290.41,412.96,451.51
828.05,293.34,414.27,452.33
826.52,290.89,415.59,452.36
832.34,289.48,416.7,452.94
833.64,288.52,418.14,452.79
836.25,288.47,418.01,453.17
837.36,289.9,417.82,452.01
842.02,291.51,418.15,450.39
843.28,292.48,417.76,448.83
849.26,291.5,415.95,448.15
853.47,291.34,414.13,446.44
862.27,295.15,410.91,444.38
870.55,301.16,405.2,441.3
876.73,303.02,399,438.18
881.95,304.26,394.06,434.92
886.19,306.42,389.27,432.39
890.49,309.16,381.84,431.14
902.22,315.57,372.57,428.26
911.43,313.66,363.58,425.2
921.51,316.68,355.21,420.92
932.96,320.17,345.73,417.64
934.12,321.4,337.22,414.1
945.51,322.77,328.95,409.77
956.2,328.81,319.74,405.45
966.47,331.73,310.06,400.98
991.26,330.53,295.11,399.88
1010.1,332.8,281.97,398.5
1017.9,330.13,270.99,398.17
1028.6,330.18,260.62,397.78
1038.7,332.22,250,397.03
1049.9,334.78,239.36,395.67
1061.2,335.28,229.08,392.74
1072.4,336.38,219.12,389.9
1079.2,336.23,210.82,388.6
1087.4,339.67,202.85,385.78
1095.7,343.36,194.7,382.71
1105.3,348.27,186.38,378.49
1113.6,353.63,178.13,372.32
1123.2,359.23,169.4,364.97
1129.4,361.65,162.99,359.5
1134.8,367.14,157.15,351.54
1140.5,375.3,151.05,343.57
1145.2,384.51,145.06,335.34
1149.4,394.5,140.05,326.81
1154.3,402.99,135.24,318.58
1157.2,405.37,131.47,312.22
1160.9,410.42,128.04,305.7
1164.8,412.58,124.47,300.12
1168.1,415.22,119.63,295.92
1173.6,416.95,115.04,291.31
1177,420.87,110.1,285.71
1179.9,423.15,105.97,280.41
1182.7,426.63,102.81,276.87
1185.3,434.45,99.368,273.3
1188.4,442.38,96.472,270.96
1191.5,450.2,93.593,268.95
1194.4,456.13,91,266.54
1196.4,458.11,88.806,263.87
1197.8,459.94,86.99,261.24
1200.7,465.04,84.735,256.41
1205.9,467.13,79.926,257.77
1210.9,467.84,76.371,257.35
1214.1,469.31,73.162,256.94
1215.9,469.69,70.431,256.31
1216.4,472.02,68.633,254.67
1216.7,474.78,67.597,253.23
1217.2,477.64,66.816,251.41
1216.9,481.51,66.385,250.18
1216.5,484.9,66.396,249.13
1216.1,487.33,66.354,247.32
1216,488.84,66.462,246.59
1215.6,490.58,66.565,245.97
1214.1,490.3,66.591,245.87
1212.5,490.17,66.608,245.82
1210.5,489.78,66.618,245.8
1209.6,490.65,66.628,245.78
1209,491.36,66.64,245.75
1208.8,492.38,66.657,245.72
1208.9,492.72,66.678,245.69
1209.3,492.47,66.689,245.67
1208.9,493.58,66.697,245.65
1209,493.38,66.707,245.63
1208.9,493.35,66.72,245.61
1208.5,492.63,66.73,245.59
1207.3,492.03,66.746,245.56
1206.5,492.67,66.803,245.47
1206.7,495.11,66.84,245.4
1206.8,496.55,66.862,245.35
1207,499.07,66.892,245.29
1207.3,500.12,66.918,245.24
1033.6,548.86,86.051,219.35
1020.1,555.13,99.944,198.08
1010.9,558.72,110.67,183.68
1002.5,564.05,118.57,173.25
996.36,565.09,125.54,166.32
990.55,563.6,131.21,162.37
1007,549.13,132.29,163.74
1034.1,528.56,122.31,172.68
1053.1,522.63,113.23,180.73
1055,519.46,106.74,186.89
1059.7,502.48,102.11,194.5
1076.7,486.24,95.686,202.23
1078.4,485.71,90.934,209.22
1081.3,483.84,88.822,214.63
1097.9,477.7,85.398,222.17
1096.2,474.91,83.336,228.15
1112.1,447.46,81.585,230.84
1113.5,442.06,81.669,233.12
1129.3,437.02,80.925,234.93
1142.7,431.96,80.095,236.02
1142.8,430.04,81.298,237.33
1142.2,444.94,82.123,239.95
1156.8,440,81.27,242.42
1154.4,462.2,82.119,247.57
1155.8,461.56,84.222,250.06
1174,455.65,84.987,253.87
1188.8,448.03,84.463,261.41
1184.6,443.88,85.094,268.19
1185.2,439.45,86.587,272.54
1187.7,434.01,88.009,277.46
1190,431.58,87.771,282.76
1192.6,428.82,86.865,288.2
1194,426.65,85.367,292.08
1194.7,424.6,84.305,294.33
1195.1,426.54,83.534,295.98
1195.2,425.28,83.235,295.52
1193.7,424.17,83.442,296.5
1190.4,427.99,84.595,297.48
1187.7,426.91,86.728,296.98
1184.7,426.98,88.968,297.6
1180.7,426.03,92.339,296.94
1174.9,430.05,95.523,296.14
1169.4,433.5,99.282,293.32
1158.3,439.06,106.18,287.59
1177.3,437.43,103.51,287.46
1172.3,438.68,103.65,287.16
1168.6,442.62,104.11,284.78
1159.9,449.52,108.48,278.65
1152.6,457.36,113.15,272.64
1172.5,457.41,109.53,271.91
1163.3,461.75,111.12,266.96
1156,464.73,114.51,262.59
1149.5,468.35,117.96,258.94
1166,468.49,117.04,257.25
1163,459.41,114.42,262.22
1156.4,466.08,117.25,259.7
1150.7,469.7,120.53,256.78
1170.1,460.22,115.37,262.42
1162.3,467.15,116.28,259.88
1155.7,471.37,119.27,256.88
1148.6,463.85,122.55,257.19
1163.2,472.53,121.03,254.26
1156.3,479.45,122.33,250.76
1151.5,484.63,124.47,247.7
1144,475.83,127.14,247.82
1160.2,480.86,124.92,246.69
1152.7,486.47,125.12,244
1145.2,493.51,127.08,240.08
1161.2,497.89,123.97,236.45
1155.9,500.94,122.97,233.34
1149.8,492.44,123.13,232.88
1113.7,502.33,135.15,229.6
1106.3,505.77,145.98,225.65
1103.4,506.78,153.88,223.09
1103.7,507.31,158.89,221.03
1102.7,508.52,162.84,219.96
1109.9,508.17,162.19,218.67
1109.4,515.58,162.88,215.17
1109.9,522.64,163.33,210.3
1112.1,529.6,162.12,205.11
1116.7,532.69,160.85,200.65
1122.5,535.18,159.44,197.08
1125.2,536.48,156.3,194.36
1125.9,540.53,155.31,190.19
1121.4,542.75,156.4,184.8
1129.6,544.21,156.35,180.91
1088.3,549.28,164.67,171.89
1096.9,552.8,167.14,168.21
1098.1,556.66,170.74,163.1
1098.3,557.13,171,162.71
1084.1,555.39,171.11,162.6
1072.1,552.22,171.13,162.59
1070.6,549.65,171.13,162.58
1070.2,544.13,171.13,162.58
1069,538.3,171.13,162.58
1068.5,533.03,171.13,162.58
1069.1,526.07,171.13,162.58
1065.8,521.17,171.15,162.57
885.35,394.19,168.54,159.24
896.41,388.64,167.1,156.4
891.62,388.45,165.7,154.65
904.68,383.28,163.78,154.03
902.94,377.1,162.41,152.73
916.57,370.9,160.81,150.97
904.52,363.13,168.31,142.62
900.05,362.86,174.16,135.71
896.43,365.23,178.01,130.59
894.45,364.71,180.02,126.33
891.72,355.44,181.74,124.27
895.25,355.63,181.99,121.83
893.64,346.09,182.85,121.14
895.59,345.07,182.51,119.87
897.6,344.73,182.13,118.6
897.97,341.56,181.65,118.17
915.11,335.15,173.78,121.96
916.37,331.69,166.08,125.27
917.64,328.85,159.75,127.54
918.64,327.05,154.76,128.78
919.81,326.83,150.69,129.63
934.9,325.47,146.07,129.75
945.24,323.79,141.82,129.25
941.22,324.79,137.86,128.93
937.91,325.35,134.5,128.16
945.07,325.33,130.72,127.36
941.11,325.35,127.93,126.95
937.99,324.44,124.85,127.24
937.51,323.12,122.77,127.77
936.25,321.14,121.09,127.65
935.67,319.44,119.76,127.77
933.6,318.65,118.56,127.77
933.36,317.98,117.49,127.65
931.57,320.21,117.57,127.36
937.06,322.94,118.08,127.23
932.16,324.48,118.2,126.85
939.27,326.19,118.99,126.63
936.36,326.27,118.45,126.06
943.23,326.86,119.41,125.5
949.3,329.39,119.94,125.11
947.73,332.02,118.66,125.55
956.46,334.59,118.04,125.91
963.92,334.49,117.43,126.17
970.41,336.73,117.35,126.88
968.04,336.51,115.69,127.52
977.25,339.43,114.8,128.19
984.25,343.75,115.07,128.28
990.07,349.04,115.67,128.17
995.58,353.56,115.48,127.77
993.34,360.64,114.72,127.04
992.53,359.79,114.27,126.44
1000.8,366.94,113.84,125.9
1008.6,369.24,113.37,126.37
1015.9,377.5,113.12,126.3
1021.3,378.42,113.76,126.74
1028.5,385.22,113.82,126.38
1023.9,383.28,113.32,126.58
1032.9,385.28,113.24,127.2
1038.3,387.17,113.94,127.44
1044,388.3,114.33,127.21
1039.9,388.4,114.37,127.72
1049.6,387.27,114.39,127.06
1046.7,387.27,114.56,127.04
1057.1,384.42,115.35,125.93
1054.6,382.76,116.23,125.83
1066.6,380.96,116.75,125.3
1076.4,381.34,117.41,125.4
1084,380.49,117.5,125.01
1080.1,380.73,117.77,125.15
1088.5,380.04,117.98,125.1
1096.4,378.8,118.33,124.87
1093.5,377.1,118.69,124.77
1103,377.33,118.99,124.65
1109.6,376.51,118.76,124.07
1106,376.98,118.88,123.74
1115.2,376.47,118.6,123.33
1112.1,376.67,119.01,122.89
1120.4,379.82,119.03,122.56
1116.1,384.1,119.61,122.26
1122.9,386.63,119.32,121.71
1118.1,387.28,119.02,121.06
1114.5,393.28,119.36,120.2
1120.1,395.12,118.57,120.42
1114.1,396.04,117.68,119.98
1107.5,399.51,117.75,119.19
1102.1,400.39,117.43,118.68
1100.1,401.56,117.92,118.4
1094.2,401.04,117.41,118.09
1088.7,399.7,116.8,117.34
1084,397.93,116.34,116.78
1077.7,396.63,116.28,116.37
1072,394.66,115.84,116.24
1069.2,395.26,115.77,116.09
1065.1,393.66,115.53,116.24
1049.6,393.71,115.67,116.4
1047.9,391.77,115.25,116.73
1045.3,390,114.18,117.66
1041.8,389.93,112.93,118.24
1039.6,389.04,111.92,118.4
1037.7,389.59,111.31,118.59
1035,391.43,110.94,118.7
1032.1,392.98,110.85,119.1
1039.6,392.63,110.59,119.35
1032.8,391.64,110.31,119.4
1028.7,390.25,110.2,119.4
1025.6,385.92,110.06,119.43
1022.4,382.14,110.26,119.28
1021.1,376.21,110.42,119.14
1018.1,368.32,111.02,118.47
1014.3,359.79,111.47,117.38
1011.4,359.45,111.33,117.19
1008.3,347.97,111.06,117.33
1003.9,343.54,110.91,116.91
998.13,339.46,111.04,116.72
991.51,334.98,110.92,116.29
985.06,332.73,111.08,116.18
980.51,332.21,111.21,116.54
975.25,332.35,111.51,116.75
969.11,333.33,111.65,116.68
963.21,333.95,111.97,116.47
945.76,341.96,113.42,115.55
942.39,342.11,113.34,116.36
939.8,341.93,113.79,117.14
923.36,343.86,114.54,118.56
921.68,343.86,114.88,119.67
918.69,344.3,115,120.84
914.66,345.13,114.66,122.31
910.74,346.2,114.54,123.75
908.51,347.21,114.66,124.52
905.91,350,114.64,125.22
901.36,353.51,113.89,126.56
894.42,357.93,113.29,127.44
887.68,363.23,112.7,127.93
881.16,367.36,112.34,128.3
876.28,372.1,112.08,128.46
817.73,470.59,104.03,139.29
805.09,474.76,99.028,147.07
805.75,476.39,95.463,155.07
805.69,476.88,93.703,162.25
792.33,467.83,93.433,164.7
794.33,471.2,93.737,168.29
796.14,476.59,93.948,173.21
797.16,479.05,95.302,178.47
791.35,471.17,102.73,174.14
785.83,467.94,108.77,170.11
780.84,465.98,113.5,166.82
775.56,463.92,117.94,163.41
773.57,472.31,120.92,162.08
768.02,465.73,123.68,160.21
764.11,461.38,126.14,159.03
761.15,471.1,128.03,158.33
757.15,467.49,128.83,158.11
753.36,464.74,129.13,158.92
753.08,461.38,129.15,159.38
754.33,469.36,129.21,162.28
754.25,461.04,129.42,164.19
760.8,469.25,123.25,178.12
762.9,460.87,119.74,189.43
763.93,453.72,118.18,198.11
763.36,449.5,117.35,204.64
764.45,445.02,117.42,211.16
765.14,454.57,116.21,223.37
764.62,457.31,115.57,235.12
762.3,451.46,115.89,245.12
760.07,448.24,116.83,252.4
758.51,447.65,117.94,257.17
756.99,446.45,119.53,260.63
753.27,450.88,121.45,261.25
750,453.1,123.36,260.77
745.92,457.96,125.77,259.45
740.9,460.65,127.39,256.48
737.52,462.39,129.06,255.8
733.01,465.92,130.13,252.54
725.95,471.06,130.68,248.15
718.52,475.69,130.48,244.19
710.86,480.27,129.84,240.58
702.92,485.11,128.11,237.75
698.25,486.23,127.79,236.01
691.32,489.46,126.14,235.03
683.79,490.83,123.94,235.08
676.37,491.82,121.28,234.09
669.18,493.15,119.08,232.84
663.84,493.01,118.76,231.38
659.74,493.47,119.06,230.17
655.12,493.58,119.73,227.75
651.53,495.4,120.09,224.87
646.76,499.66,122.05,221.38
644.37,502.94,124.21,218.92
644.36,504.62,125.06,217.28
644.28,505.38,125.57,216.11
645.21,507.77,125.14,215.28
646.34,511.13,124.7,214.66
648.49,511.47,125.2,213.6
650.22,509.96,127.19,212.64
647.26,511.9,132.53,209.18
645.03,513.51,136.48,206.82
665.93,511.54,132.98,207.71
668.87,511.94,131.72,208.02
675.14,511.21,131.38,208.56
692.9,509.08,127.75,208.87
696.3,508.24,127.51,208.82
698.03,507.72,126.37,209.15
702.58,508.01,125.37,210.02
720.49,507.92,121.3,211.57
737.39,507.27,118.6,212.66
754.78,504.75,117.2,213.26
773.66,503.32,115.26,213.48
792.1,502.91,112.41,213.33
810.84,503.54,110.53,212.82
828.08,502.82,110.17,211.9
829.32,502.39,110.26,211.47
846.23,502.95,111.73,209.85
846.54,502.03,113.23,209.21
846.56,500.01,114.41,209.21
863.32,500.51,116.02,207.53
863,498.82,117.94,207.7
878.06,497.51,118.6,205.29
875.8,493.82,119.66,205.27
875.53,491.03,120.77,206.06
874.83,490.07,121.66,206.73
876.04,489.64,121.58,208.36
878,488.11,121.05,210.58
895.2,485.3,118.84,209.48
893.48,482.88,116.95,210.01
892.75,477.2,115.57,213.27
891.59,473.15,114.35,216.12
870.04,454.71,107.91,231.57
868.12,452.27,104.47,244.26
865.64,446.43,107.11,249.9
881.05,444.02,108.32,251.7
874.29,445.49,110.04,255.36
868.4,443.53,112.2,258.89
865.95,442.62,116.21,262.4
882.36,442.81,118.68,263.97
879.66,439.56,120.7,269.08
878.51,438.12,124.7,273.54
896.56,436.27,126.46,275.92
891.7,434.41,128.23,279.71
889.05,432.06,129.75,282.38
888.67,428.87,131.96,285.73
909.41,423.7,132.31,288.14
906.09,415.83,132.38,292.51
904.39,407.74,134.16,297.75
903.67,402.78,136.51,302.91
925.16,398.11,136.62,305.92
920.79,394.76,137.63,309.83
917.54,392.38,140.07,313.46
941.96,384.25,136.46,323.57
963.1,379.68,134.09,329.88
957.56,375.78,133.26,335.9
953.97,373.84,138.39,336.64
979.43,338,142.91,330.8
1002.2,332.76,145.92,321.38
1021.8,326.95,145.86,312.89
1018.9,324.36,147.81,307.72
1018.6,339.31,148.54,309.03
1039.5,327.05,147.86,306.02
1056.5,319.02,145.26,299.64
1050.8,315.21,145.4,296.9
1049.3,313.78,145.47,296.04
1049.2,331.25,145.68,300.45
1049,362.1,141.81,315.28
1048.2,355.02,138.51,332.63
1047.5,347.15,137.19,347.34
1047.4,341.37,136.43,360.11
1046.1,337.46,136.56,369.37
1045.2,335.5,137.59,374.98
1043.7,333.37,138.61,379.64
1040.2,331.85,139.59,382.68
1033.6,335.8,140.68,383.87
1027.9,337.17,143.17,383.09
1023.9,340.86,145.01,381.72
1019.7,342.8,145.46,380.52
1017.1,345.65,147.05,378.87
1010.5,348.44,151.15,373.31
1006.6,351.62,149.64,373.36
998.68,354.05,151.64,368.45
992.84,357.25,148.58,369.44
987.1,357.22,146.46,370.31
980.66,358.67,149.95,365.08
977.77,359.57,147.81,366.07
975.14,359.61,145.35,366.35
971.51,357.65,143.47,368.41
967.96,357.89,142,370.03
963.52,358.6,141.84,371.52
960.4,358.8,142.18,371.36
955.89,358.4,142.81,372.5
952.16,357,143.54,372.34
948.12,355.01,144.02,372.24
943.85,352.13,144.59,372.92
938.63,349.63,144.22,374.79
935.53,347.03,144.7,375.74
931.77,343.44,144.82,377.71
928.94,329.47,144.7,380.94
922.74,330.06,144.55,383.69
918.49,313.58,144.49,388.16
911.68,317.96,143.66,392.74
907.3,319.52,143.88,396.22
899.89,317.93,143.12,401.37
891.57,313.92,142.91,406.29
883.34,309.97,143.76,411.1
875.18,307.21,145.5,413.82
868.96,302.8,148.13,417.12
863.12,297.71,151.61,420.07
860.24,294.97,155.93,422.4
855.37,292.78,159.45,424.94
853.31,291.05,162.85,429.87
850.62,283.91,164.95,435.32
848.5,277.86,165.9,440.02
877.28,251.36,162.39,445.82
870.21,255.56,160.48,449.78
866.71,253.83,159.53,453.41
862.17,249.61,159.43,456.17
859.16,246.14,159.44,460.96
855.41,242.36,160.87,465.92
848.34,235.67,161.45,472.44
842.38,231.26,163.23,479.1
832.37,230.7,164.75,481.53
708.49,269.66,184.57,470.42
665.08,276.73,198.66,462.47
627.29,282.72,209.3,456.47
629.82,284.97,221.05,451.66
631.88,295.14,241.68,443.32
632.58,295.78,258.7,439.13
632.12,298.84,271.87,438.76
629.46,301.2,280.71,437.39
624.56,301.49,287.99,436.46
621.17,303.31,292.36,434.96
619.08,302.63,295.55,434.51
618.01,304.69,297.99,433.05
616.72,305.26,299.09,431.35
614.81,301.95,299.1,430.72
617.6,301.41,298.2,433.14
623.43,298.18,297.31,434.79
637.19,277.18,289.9,446.24
646.5,270.69,283.93,454.38
651.92,265.36,279.66,460.09
657.06,262.88,276.73,464.94
664.16,262.37,274.99,466.99
670.52,260.92,274.82,471.45
672.86,253.65,273.25,475.73
678.88,256.09,272.89,478.54
682.43,251.94,271.78,482.29
684.48,248.69,271.28,483.6
686.73,251.03,270.77,482.22
686.41,248.39,271.73,482.65
686.4,248.37,272.42,483.03
686.64,250.96,274.39,482.64
686.65,246.68,276.32,483.5
687.58,250.76,276.37,483.08
688.35,250.29,276.97,481.99
689.86,254.5,278.18,480.4
690.14,256.68,278.42,480.18
689.15,258.61,277.78,479.97
688.5,256.99,277.92,481.28
689.24,255.27,277.29,482.47
690.69,251.25,276.19,484.02
690.98,249.85,274.51,485.46
691.16,249.18,273.12,486.32
690.64,248.18,271.88,486.66
692.65,250.43,271.78,485.71
697.28,252.85,272.33,483.15
700.64,258.06,273.53,478.82
703.88,261.99,275.03,474.44
705.89,266.03,276.42,470.92
708.74,269.84,277.76,466.88
711.95,276.65,279.53,462.86
716.36,277.11,282.06,461.07
720.16,281.47,281.85,457.97
724.65,286.38,280.29,454.93
727.87,287.76,279.11,452.78
732.75,292.91,277.85,449.39
738.04,302.16,278.94,444.13
744.16,306.02,279.13,438.54
751.69,320.66,284.36,426.78
757.25,326.1,288.93,416.92
759.87,325.89,292.8,411.29
766.93,333.87,294.72,405.43
776.02,338.03,297.19,399.69
785.65,341.8,298.7,394.9
794.01,343.23,301.18,390.36
806.14,343.51,304.27,386.87
813.59,345.3,304.16,384.65
819.71,344.85,306.92,382.19
828.44,345.48,310.68,380.62
838.83,345.83,314.11,380.4
847.09,347.41,315.43,379.58
858.56,346.7,315.16,378.06
865.4,348.69,313.05,377.64
873.55,350.53,311.58,377.3
887.66,353.22,309.77,377.15
902.83,353.81,307.55,379.17
916.63,352.71,305.54,381.91
928.09,350.04,303.7,384.22
934.21,350.61,301.01,385.06
944.05,348.05,300.33,385.67
948.37,349.31,298.89,385.03
954.78,351.23,296.21,384.01
956.8,352.85,292.85,382.37
964.9,357.43,288.96,380.94
967.78,358.82,285.15,378.34
971.03,361.18,282.24,376.27
976.06,363.38,279.95,372.59
984.46,364.22,276.93,368.92
992.86,369.47,273.41,364.1
998.88,375.6,270.47,358.15
999.97,378.33,268.09,354.56
1008.2,378.27,265.73,349.81
1014.7,381.07,261.1,346.31
1025.8,380.43,254.53,343.41
1039.7,381.51,244.03,346.73
1051,384.57,234.6,348.11
1058.6,386.1,226.52,349.14
1067.6,387.2,216.91,347.51
1075.4,387.83,208.08,345.73
1083.7,386.16,200.29,343.57
1091.5,386.95,192.58,341.03
1100.2,385.14,185.35,338.93
1106.2,387.22,179.28,337.1
1112.7,385.26,173.24,336.92
1117.5,379.39,167.74,336.97
1120.6,374.88,162.12,337.69
1125,368.36,157.04,339.05
1124.6,365.88,154.64,340.36
1124.6,363.32,153.69,341.66
1130.2,355.54,148.6,347.78
1132.4,349.91,144.14,352.6
1157.7,347.38,134.77,361.51
1156.1,337.58,128.16,369.67
1155.2,331.41,124.15,374.88
1155.8,329.34,122.28,379.43
1155.7,324.66,121.54,383.16
1156.9,320.3,120.02,389.26
1155.9,319.57,119.6,394.63
1154.3,316.69,119.95,398.02
1153.6,313.65,119.86,401.49
1153.4,310.86,120.05,404.67
1153.4,306.32,120.14,408.49
1153.7,302.7,120.41,411.98
1154.2,300.75,120.39,411.4
1154.6,299.87,119.96,409.23
1155.6,298.4,119.19,406.62
1156.4,296.17,117.77,405.79
1158.2,293.1,116.4,404.51
1159.7,289.89,114.9,405.57
1159.1,287.85,113.89,405.95
1158.3,284.23,114.5,405.38
1156.4,282.95,115.05,407.97
1155.2,278.83,116.43,411.11
1154.9,274.43,117.73,414.47
1153.2,267.24,119.07,416.91
1151.3,263.12,121.03,422.45
1149.9,258.55,122.18,430.51
1146.6,258.9,123.19,437.69
1146.8,256.32,124.36,445.23
1144.1,248.04,126.74,452.16
1142.7,237.26,128.54,458.59
1140.1,231.56,130.39,463.02
1137,226.36,132.45,468.33
1134.5,218.62,134.46,477.52
1133.8,210.05,136.41,485.5
1134.3,203.11,137.33,490.67
1132.7,192.75,137.42,496.96
1128.2,185.92,138.31,499.76
1124.9,186.15,139.71,498.38
1121,182.83,141.02,498.99
1116.6,180.37,143.55,498.75
1114.2,175.59,145.7,499.51
1110.1,208.18,148.05,495.86
1103.6,204.4,149.59,495
1095.9,175.12,151.47,494.2
1008.2,29.421,160.31,477.02
1000.1,43.911,167.27,461.13
991.57,27.475,172.9,451.99
986.46,16.838,172.12,448.93
982.57,35.669,174.39,443.94
976.06,26.463,177.48,437
971.01,45.682,179.83,432.43
964.1,34.448,182.06,427.5
962.59,50.476,183.75,425.5
958,34.8,185.31,423.43
953.76,22.852,186.61,421.32
951.38,39.048,187.6,419.95
949.54,52.411,187.92,419.33
944.95,63.635,188.26,418.15
943.36,43.237,188.77,417.16
941.51,56.984,189.08,416.64
938.01,68.211,189.35,415.89
933.02,76.445,190.25,413.84
933.85,115.98,196.56,404.47
927.3,123.18,204.4,391.83
922.57,129.69,211.69,379.9
914.66,139.13,220.11,364.04
906.49,148.71,226.93,351.17
896.56,157.72,231.57,339.87
895.27,147.46,217.43,344.01
869.07,132.37,206.67,348.49
873.29,122.18,197.02,355.92
875.12,115,184.11,367.68
874.42,110.95,173.77,372.21
872.26,111.08,164.27,372.47
867.33,113.52,157.09,368.42
831.02,115.95,156.7,361.67
827.6,118.56,156.15,355.72
822.74,117.24,155.5,348.85
814.47,120.67,155.01,342.56
806.73,129.31,154.49,339.3
797.42,151.62,155.65,333.34
763.23,168.73,165.35,320.6
785.82,159.01,164.6,319.51
780.37,134.93,164.47,321.54
779.11,114.34,162.16,326.39
776.32,121.4,160.83,328.6
770.6,130.87,160.61,329.09
765.25,138.32,160.93,329.99
787.69,139.32,156.37,334.39
780.77,119.99,154.22,336.74
776.71,124.65,151.84,338.41
770.72,133.45,152.7,337.59
794.96,139.88,148.87,339.4
785.86,149.11,149.58,338.01
779.6,128.07,150.67,337.25
777.74,137.24,152.74,335.53
775.76,144.56,154.71,334.08
775.08,152.87,156.87,332.32
774.64,160.59,157.87,332.21
775.55,138.66,158.56,332.03
775.34,145.55,159.06,332.21
775.66,152.68,159.47,331.91
776,159.54,160.01,332.24
776,136.43,160.56,332.97
774.67,143.9,161.23,333.2
794.63,154.62,161.48,332.7
786.16,136.42,161.92,333.54
779.15,146.18,162.73,333.62
797.87,175.48,161.51,331.6
787.8,171.59,161.27,330.44
779.68,166.36,161.52,329.24
771.39,160.71,161.89,328.49
763.28,135.27,162.22,330.13
757.94,135.49,163.59,331.55
753.48,132.66,164.62,333.83
748.32,131.91,164.79,335.64
742.91,128.33,165.4,337.2
736.25,126.49,165.41,338.23
732.06,124.33,165.56,339.55
702.25,97.483,162.42,342.47
701.23,45.356,153.85,348.15
665.91,36.405,155.61,351.52
667.27,49.706,151.6,359.71
665.55,38.419,149.07,366.85
665.38,53.101,146.72,373.09
661.69,40.079,145.83,375.56
657.61,54.926,144.14,380.18
653.9,67.767,143.51,385.44
652.44,78.26,142.57,393.02
651.54,86.707,142.47,400.9
649.9,63.553,143.59,405.36
646.08,41.924,146.75,407.68
644.01,52.163,148.55,410.72
637.59,34.797,157.06,408.86
630.5,24.888,165.36,406.48
625.86,37.652,173.36,406.62
618.66,24.821,180.71,406.15
648.71,48.632,176.08,412.88
638.41,37.199,178.9,411.67
633.75,45.807,182.85,410.22
627.05,31.722,186.77,409.35
624.09,42.827,189.63,409.64
617.79,29.356,193.63,408.46
646.14,48.871,192.63,407.66
638.52,35.858,193.38,406.32
634.53,47.543,194.61,405.84
664.06,66.699,192.67,405.71
656.16,48.957,191.53,404.2
652.82,59.634,190.98,403.24
647.14,41.672,190.75,401.19
639.55,29.887,192.38,397.91
636.37,41.204,193.25,396.24
629.74,29.186,194.45,394.37
625.98,39.664,194.96,393.38
624.29,43.694,195.43,392.74
623.05,46.178,195.43,391.84
617.58,29.913,195.9,390.17
614.8,38.498,195.83,389.48
612.05,44.089,194.82,389.14
608.71,48.454,193.52,389
607.18,50.985,192.52,388.6
604.57,53.265,190.19,387.98
600.71,56.502,187.1,386.82
595.39,57.704,183.81,385.13
588.62,60.168,179.87,381.63
581.41,64.326,176.12,377.7
578.46,65.771,173.77,374.28
572.08,68.8,171.72,371.07
567.38,92.699,169.08,363.86
560.09,89.813,166.12,360.16
552.49,88.918,163.46,356.41
544.51,89.634,161.75,353.25
539.14,90.066,161.84,350.86
534.52,108.01,160.51,344.82
531.77,102.57,157.78,341.03
534.66,100.27,152.51,342.89
537.04,100.47,148.4,344.86
536.44,101.57,144.93,345.08
536.17,102.02,142.8,345.47
534.22,104.63,141.52,345.44
532.47,106.39,141.54,344.92
530.57,108.54,141.74,345.45
527.59,110.55,142.17,345.57
526.36,113.99,141.83,347.53
524.19,116.63,141.73,348.73
522.99,118.01,142.33,350.45
522.43,119.91,142.81,352.82
523.05,121.21,143.07,355.56
524.28,123.04,143.16,358.08
525.37,124.49,143.67,361.02
525.61,124.39,144.39,363.42
526.66,126.35,145.25,366.55
527.11,103.7,146.54,370.41
526.6,108.84,148.25,373.87
525.02,114.08,149.9,377.23
548.19,119.53,148.27,380.86
542.41,124.4,147.17,386.48
537.96,126.38,147.71,390.44
534.39,126.78,148.36,394.93
530.56,127.12,149.44,398.12
555.65,130.19,148.61,401.67
550.58,130.66,148.45,404.14
545.67,131.67,149.26,406.51
571.21,133.1,148.88,406.93
563.81,136.13,149.13,408.24
557.71,162.58,155.25,402.22
552.21,163.44,159.11,400.26
578.72,167.36,160.96,398.86
575.17,187.99,164,391.54
570.56,184.28,166.73,389.88
599.1,183.35,162.41,394.74
593.32,202.58,164.56,387.78
589.34,203.46,167.12,388.77
617.84,203.36,162.63,395.22
610.16,205,165.15,396.35
605.26,205.4,167.36,396.65
631.25,221.39,167.1,391.48
626.06,220.53,169.09,393.09
655.51,217.67,165.35,399.92
652.54,236.12,169.23,395.42
678.11,235.6,168.73,394.92
670.88,235.83,169.8,396.95
695.57,256.3,169.33,391.05
690.17,250.27,173.74,390.66
714.41,250.33,173.22,392.69
710.3,247.54,178.72,395.96
735.24,249.47,178.59,398.74
726.68,247.65,181.09,399.84
751.82,248.11,180.8,399.9
746.48,245.42,185.84,401.42
773.19,246.84,186.22,401.31
769.12,244.39,191.35,401.17
795.35,245.82,191.42,400.22
788.38,243.84,193.58,401.13
815.25,243.07,192.12,400.63
811.08,239.28,196.86,402.69
838.13,237.43,196.57,401.98
835.79,230.53,199.7,403.49
864.53,228.5,198.2,403
857.99,225.31,199.27,402.58
885.87,226.21,197.42,402.49
886.13,217.41,199.77,403.49
916.68,218.22,198.29,405.3
943.59,219.73,194.91,405.43
943.03,215.54,196.48,405.83
942.29,213.81,197.61,406.97
969.46,216.85,194.63,408.11
967.39,213.19,195.88,408.23
995.85,219.14,194.17,409.96
993.94,217.08,196.32,411.66
1022.4,220.09,195.58,414.35
1015.9,220.87,195.41,415.01
1011.4,200.11,196.88,416.94
1004.8,183.56,200.75,417.85
1033.1,178.11,201.68,417.66
1021.8,171.99,203.69,417.34
1052.9,187.55,204.27,418.67
1080.6,174.66,200.85,419.53
1069.6,167.96,201.39,419.12
1103.8,177.12,190.28,430.19
1088.1,156.19,190.3,428.95
1072.4,137.43,193.89,426.17
1057.7,118.96,198.78,422.16
1075.7,111.29,199.25,418.54
1061.9,106.35,201.87,415.11
1056,103.09,204.09,412.09
1051.3,120.35,205.96,411.1
1075.1,111.57,206.05,408.08
1068.4,108.72,206.77,405.19
1062,129.51,207.97,403.95
1058.6,123.19,209.35,401.73
1052.3,136.88,210.11,402.73
1079.9,129.45,208.95,401.95
1072.3,126.3,207.71,398.84
1065.8,124.67,207.39,396.94
1059.1,145.95,207.15,397
1084.5,135,204.83,395.32
1073.5,131.28,203.79,393.21
1064.4,151.63,203.64,394.41
1058.5,144.09,204.73,393.89
1082.7,138.23,203.91,393.14
1072.8,134.34,203.59,392.23
1063.9,156.43,203.5,393.36
1059.1,150.35,203.83,393.62
1084.1,144.28,202.88,393.73
1075.4,141.28,201.72,393.49
922.5,172.91,201.41,386.85
924.08,171.52,198.32,379.5
925.18,171.13,195.04,375.52
925.63,170.24,193.22,368.38
933.77,168.88,188.33,360.82
943.61,167.71,182.01,353.55
954.57,167.38,175.32,347.24
968.26,169.38,169.11,340.96
973.16,172.14,164.6,336.46
981.73,175.83,159.33,332.68
990.42,178.96,154.87,327.53
997.9,182.52,151.42,324.18
1004,184.28,148.58,322.34
1008.3,186.59,146.74,320.99
1008.2,188.09,145.9,319.71
1009.9,187.6,145.27,318.58
1012.3,186.74,144.95,318.31
1015.3,186.34,145.93,319.96
1018.8,185.93,147.33,322.35
1020.5,186.4,149.31,324.81
1018.3,189.07,150.56,326.23
1024.6,176.16,152.62,323.43
1028.9,172.84,154.89,315.35
1026.4,187.96,158.21,312.68
1026.2,185.02,161.27,306.64
1020.9,179.23,169.8,295.99
1002.1,200.21,169.67,296.27
1006.2,193.81,174.98,288.79
1005.5,189.1,179.02,282.89
961.44,239.76,175.57,283.95
969.93,234.5,174.48,285.55
953.63,235.91,172.11,285.76
962.74,234.68,170.6,286.47
946.77,236.82,168.92,286.02
931.01,254.68,165.27,286.72
938.87,245.61,163.87,285.2
946.95,221.14,162.52,281.11
933.29,221.69,160.26,276.87
941.1,222.87,158.91,272.92
944.9,227.62,163.31,264.8
942.58,229.61,168.91,256.1
939.53,232.79,174.62,248.41
935.93,236.62,180.33,240.62
930.19,237.48,185.22,233.8
927.27,239.19,188.75,228.86
904.15,239.07,190.23,223.79
902.55,238.96,191.97,220.01
885.46,227.56,192.73,216.51
886.78,232.52,193.19,213.09
865.96,233.75,194.1,209.96
869.13,234.38,195.14,207.53
849.27,236.23,194.72,205.92
852.77,234.75,196.16,203.34
854.06,231.88,198.16,200.37
836.98,232.14,197.62,197.82
823.65,232.26,197.55,195.77
832.16,232.88,196.81,194.1
819.48,230.98,196.9,192.65
825.86,230.72,196.79,191.47
809.36,230.59,198.85,189.41
814.54,231.36,199.66,187.9
818.27,234.94,208.87,177.02
821.43,239.46,216.68,168.06
824.69,243.5,223.37,160.55
805.84,244.88,229.11,154.64
806.76,250.01,234.92,149.05
805.96,254.01,239.83,144.6
806.77,256.49,243.72,140.82
808.7,259.51,246.65,137.6
811.39,261.48,248.86,135.49
813.87,263.68,250.46,134.04
798.71,263.02,250.33,133.33
804.15,262.4,250.7,132.69
806.45,262.02,251.06,132.01
807.23,262.2,251.48,131.18
808.48,262.98,251.78,130.32
808.54,263.02,252.77,129.98
808.95,263.72,253.82,129.65
809.02,265.34,254.51,129.65
795.58,265.97,252.81,130.28
798.44,267.34,252.65,131.33
801.02,267.92,252.55,131.95
802.72,270.68,252.85,132.58
805.07,270.31,252.87,132.66
808.1,271.35,252.25,132.09
809.84,270.84,251.57,131.64
790.61,266.81,251.78,131.21
794.71,265.66,251.74,131.08
795.74,263.57,251.93,130.42
775.51,260.09,251.84,130.11
775.41,257.83,252.18,129.25
756.15,254.46,251.77,128.94
741.92,251.64,249.9,129.81
747.13,250,249.64,130.03
747.74,250.01,249.53,130.37
749.07,252.93,249.68,130.44
730.34,253.96,248.73,131.1
711.04,255.68,248.15,131.81
696.9,253.07,240.76,138.94
701.15,254.81,241.49,138.29
686.38,251.67,234,145.18
673.19,249.3,228.05,150.85
677.94,252.94,230.75,147.02
679.71,253.3,232.09,143.56
684.81,240.99,221.08,151.71
691.47,234.18,211.86,158.88
676.15,231.37,203.97,163.67
681.04,227.04,197.61,169.11
663.14,228.69,193.54,172.09
665.28,229.82,190.27,175.52
664.32,231.51,188.37,178.93
662.31,231.39,187.35,180.93
642.66,232.63,187.28,181.48
608.81,258.51,199.01,168.9
608.54,251.32,196.62,170.67
585.64,249.91,194.2,173.12
563.22,250.75,193.6,174.95
546.61,254.16,192.51,176.1
549.86,251.35,192.11,176.87
550.72,248.33,192.3,177.87
552.09,248.03,192.59,178.87
553.18,246.09,192.72,179.93
552.02,247.55,192.9,181.08
550.93,248.71,193.14,182.15
532.63,256.03,193.34,183.58
534.86,259.9,194.5,185.05
533.99,264.29,195.42,186.19
534.23,267.56,196.06,186.64
516.22,271.54,195.33,188.24
519.95,271.53,196.41,189.31
522.23,271.51,197.16,188.62
524.81,271.84,197.26,188.06
508.83,276.48,196.24,188.59
512.61,278.9,195.91,188.55
498.03,286.13,194.39,189.36
504.6,288.62,194.31,190.27
508.84,294.05,193.76,190.77
511.54,301.23,193.28,191.31
493.51,310.6,191.92,192.88
497.27,316.84,191.03,193.62
499.12,316.64,191.18,194.44
501.06,315.93,191.22,194.91
482.82,317.14,188.78,196.86
488.2,315.25,186.2,198.81
494.91,300.16,185.74,198.31
496.44,299.74,186.19,196.32
479.88,301.96,184.42,196.29
484.96,300.38,183.5,195.82
492.61,287,184.43,193.85
498.06,286.89,184.75,191.95
519.69,270.12,184.75,190.77
517.33,267.4,185.3,189.06
518.35,264.17,185.47,187.94
517.67,262.37,185.59,186.75
519.66,261.02,184.79,185.24
522.14,260.03,184.2,183.8
527.1,261.48,183.24,183.03
533.34,264.54,181.81,182.96
539.68,267.2,180.32,183.12
543.6,267.85,179.49,182.53
548.3,270.9,178.72,182.57
552.51,275.81,177.71,182.85
557.21,278.2,177.09,182.13
560.7,279.88,177.09,181.66
564.94,282.85,177.13,181.51
567.09,283.05,176.87,181.09
570.89,284.42,176.81,180.35
573.93,287.9,176.33,180.4
578.7,290.77,175.63,180.56
582.93,293.92,175.44,180.69
588.07,297.72,174.92,181.12
590.42,298.83,174.62,180.62
595.38,301.14,174.27,180.59
602.02,305.07,173.53,180.4
608.98,309.87,172.94,179.98
616.02,314.03,171.75,179.93
638.4,311.65,171.27,180.21
638.86,310.93,171.17,180.41
644.18,312.09,170.29,180.17
652.05,305.2,169.04,180.49
678.24,305.9,168.33,180.89
702.47,295.85,168.01,181.42
709.03,289.26,167.18,181.93
711.48,291.91,166.18,182.73
734.65,280.44,166.18,183.57
755.13,272.16,166.52,184.99
760.92,266.07,166.32,185.62
768.11,262.93,165.84,186.46
792.81,257.78,166.74,187.38
792.51,262.53,166.79,188.94
800.88,258.5,166.66,189.64
807.87,265.3,165.85,191.64
772.72,320.13,149.7,212.22
783.91,329.94,136.78,222.93
807.65,315.25,126.47,234.38
810.05,304.18,119.3,243.97
815.57,317.48,113.5,244.88
836.28,306.41,108.06,247.64
839.91,295.52,104.7,249.72
844.43,308.98,104.5,241.91
863.87,276.47,100.36,247.4
864.01,266.58,98.487,252.12
868.72,261.87,97.648,254.33
871.2,272.31,96.973,254.71
888.94,258.54,94.887,258.7
889.97,270.1,94.409,258.77
908.3,258.68,93.165,263.27
909.11,253.22,92.341,265.83
909.14,265.22,92.407,266.44
911.45,277.47,93.001,266.01
930.15,267.78,92.657,267.87
928.6,280.34,92.784,268.23
931.81,272.7,92.879,268.07
935.16,268.89,92.772,269.21
934.3,282.65,93.137,268.6
937.43,274.44,93.346,268.88
937.69,288.45,93.735,267.76
939.74,280.61,94.201,267.37
938.99,294.32,94.587,266.45
940.22,287.12,95.127,265.87
967.47,230.99,99.811,260.42
972.55,224.79,103.9,253.94
975.05,221.39,107.97,247.07
977.06,219.2,111.44,240.46
978.23,227.88,123.6,228.45
981.66,226.01,133.93,218.55
981.01,230.41,141.84,211.93
980.31,231.6,148.69,206.95
984.06,227.02,154.36,203.08
984.02,229.57,158.85,200.61
985.63,230.94,162.2,198.28
987.76,230.67,165.56,196.15
988.71,229.52,168.73,195.06
990.54,228.53,170.65,194.1
993.62,226.91,171.26,193.53
996.59,225.85,172.23,193.13
998.95,225.53,172.8,192.56
1002.7,221.33,173.71,193.09
1004.2,220.74,174.42,193.1
1007.2,213.81,175.86,192.58
992.53,217.54,173.83,194.12
1003.4,210.65,172.9,194.3
1006.9,207.98,173.26,193.97
1007.6,206.49,174.2,193.91
1007.7,206.71,175.86,193.72
991.29,207.91,173.71,194.59
1000.1,199.94,172.25,194.79
1004.4,202.62,172.69,194.27
1010.3,195.67,172.69,193.7
1011.4,196.01,172.99,193.64
1012.4,196.63,173.4,193.46
1016.1,195.82,172.64,194.55
1024.6,185.04,171.23,195.31
1027.8,185.48,170.93,196.7
1035.2,177.17,170.52,196.56
1037.6,181.56,170.56,197.25
1040,173.4,171.46,196.92
1040.8,176.83,172.61,197.81
1040.9,177.03,173.64,199.11
1043,168.61,175.23,198.66
1044.6,162.92,177.48,197.88
1044.5,165.06,178.64,198.6
1045.7,166.65,179.41,199.6
1044.9,166.11,180.43,201.11
1044.5,155.28,181.3,200.52
1042.7,160.36,182.39,200.69
1024.2,165.54,181.64,201.33
1028.2,168.27,181.6,201.83
1030.5,160.41,182.43,200.27
1031.9,168.21,182.84,199.43
1030.3,171.46,183.4,198.99
1011.7,177.67,182.54,199.4
1013.7,178.99,182.29,199.68
1014.6,171.34,182.85,198.71
1016.1,176.33,183.46,198.5
1016.3,178.38,184.37,198
1015.2,172.34,185.11,196.94
1013.4,177.5,185.92,196.42
993.1,182.67,185.88,196.82
997.09,176.51,186.07,195.95
999.12,180.71,186.45,196.15
999.68,183.22,186.63,195.97
1000.1,178.09,187.46,194.96
980.74,185.4,186.6,195.49
984.14,179.21,186.78,194.43
985.76,184.39,187.66,194.43
986.44,179.45,188.83,193.02
967.42,185.74,188.73,193.65
968.33,188.55,189.68,194.71
966.59,182.29,191.07,193.89
964.62,189.66,191.76,194.52
944.42,195.99,192.2,196.24
947.49,190.8,193.25,196.04
946.42,202.03,193.77,197.56
926.28,208.74,193.62,199.55
861.45,247.46,178.1,211.58
847.32,258.98,164.39,216.31
851.73,249.63,152.62,221.82
856.98,244.43,143.26,225.86
839.46,257.42,136.81,223.21
840.49,251.56,130.32,223
820.21,262.39,126.2,218.77
818.79,257,121.78,217.39
802.36,255.75,119.31,216.2
805.93,255.71,117.46,215.37
801.14,264.43,114.58,212.93
800.17,260.29,112.98,211.91
799.13,259.08,111.18,210.84
795.99,268.13,108.62,209.61
792.48,262.82,107.1,208.44
789.74,272.22,105.84,205.81
789.28,268.16,104.79,204.98
789.64,266.59,103.6,204.46
787.64,278.93,102.64,201.87
787.02,275.2,101.65,200.64
787.31,273.42,101.19,200.24
787.99,272.39,100.3,199.92
787.76,289.12,100.88,195.4
791.92,287.05,100.59,193.57
796.01,302.02,100.48,189.69
800.37,300.63,100.15,188.42
817.07,295.94,98.727,190.22
814.49,308.43,98.185,189.21
815.08,304.92,97.574,189.52
816.69,319.32,97.917,187.68
817.18,334.2,98.409,183.43
819.82,333.1,97.714,183.02
821.82,333.05,96.838,183.69
822.88,332.75,96.282,184.44
822.26,345.86,95.829,184.09
822.12,343.83,95.152,184.43
820.93,356.52,95.053,183.44
820.94,355.16,94.464,183.96
818.85,367.64,94.319,183.5
817.44,365.59,94.154,183.16
817.4,365.63,93.384,182.69
815.34,376.57,93.254,182.28
800.63,379.62,94.708,180.38
799.99,393.58,95.909,178.03
799.32,393.95,96.219,176.8
798.72,394.43,96.397,175.79
798.12,395.67,95.746,175.92
796.95,397.72,95.21,176.01
795,399.61,94.834,175.9
793.56,402.05,94.399,176.42
792.77,404.38,93.665,176.99
791.55,405.81,93.42,176.93
791.1,406.64,92.535,178
789.66,420.61,92.353,177.24
788.42,420.71,92.328,176.39
786.79,421.52,91.464,176.42
785.27,422.69,90.902,176.85
783.84,424.2,90.754,177.09
782.61,426.08,90.695,177.48
780.49,426.77,90.683,177.51
777.05,439.35,91.388,176.47
769.63,457.9,97.4,170.21
768.11,440.58,96.359,171.35
767.1,440.58,95.726,172.6
759.56,472.85,102.67,164.77
753.47,473.78,107.15,160.05
745.4,486.9,111.14,154.48
739.47,485.77,113.15,152.01
733.83,485.15,114.39,150.77
730.06,485.28,115.68,149.29
724.8,485.93,116.47,148.78
708.88,501.35,117.9,146.83
705.96,500.26,118.48,146.27
701.42,499.06,119.31,146.29
688.08,507.68,119.87,143.92
690.14,505.04,120.9,143.02
686.62,502.33,121.21,143.12
682.34,499.27,121.17,144.31
669.41,478.28,115.89,151.61
668.68,484.42,111.25,157.14
654.07,480.56,108.63,161.44
656.01,476.43,106.48,165.45
643.22,487.9,105.36,168.38
641.76,483.49,103.43,172.13
627.5,494.04,103.05,174.06
615.54,491.18,102.47,176.54
612.76,485.7,101.37,179.94
610.06,495.02,101.43,180.31
596.79,492,101.2,181.71
595.03,487.03,100.3,184.06
578.91,498.89,101.08,183.05
577.24,493.41,100.56,183.95
563.05,492.21,100.32,184.71
563.75,503.24,100.59,182.26
561.71,496.04,99.529,183.98
546.46,495.35,99.322,185.88
545.36,492.98,98.428,188.17
582.72,414.94,102.08,190.38
580.16,412.99,104.95,190.55
576.5,412.28,106.73,190.93
574.17,411.12,108.54,191.54
571.26,410.49,109.71,192.03
566.56,408.64,116.27,187.9
563.03,408.17,121.54,184.93
558.87,408.65,126.46,183.02
543.17,409.99,124.01,188.83
545.2,410.63,122.48,192.81
543.93,411.37,121.08,195.57
541.18,411.21,126.8,192.09
538.05,411.44,132.38,189.1
533.85,412.16,137.14,187.32
513.92,415.98,139.87,187.19
515.04,416.78,142.47,187.11
511.84,416.47,145.47,186.54
507.42,417.54,147.73,186.61
488.7,423.25,148.88,187.27
486.5,427.65,151.28,187.09
481.96,434.75,153.7,186.6
478.06,435.87,156.08,187.42
458.05,442.48,157.58,187.73
454.54,449.17,159.61,188.02
434.34,455.85,161.1,188.31
430.5,460.56,163.6,188.54
410.57,465.76,165.44,189.15
410.5,466.84,167.35,190.62
393.28,472.7,168.93,192.32
392.58,477.49,171.14,193.3
374.59,482.51,172.68,194.57
371.68,486.5,175.67,195.28
353.74,491.11,177.05,196.6
355.4,490.68,180.07,198.21
351.55,494.03,182.12,198.27
332.36,498.41,182.25,199.15
328.71,503.63,184.03,198.89
323.22,507.14,184.63,199.65
317.39,511.5,184.69,200.87
311.12,512.59,184.89,200.86
304.64,516.74,185.75,200.08
298.81,520.31,187.45,199.54
291.86,524.54,190.27,198.66
286.3,526.96,193.51,196.98
280.65,529.49,196.08,195.33
276.72,529.78,198.4,194.3
272.2,532.64,201.36,193.72
265.95,536.55,204.65,192.24
259.65,538.79,207.69,190.82
253.36,541.37,209.72,189.71
249.26,544.06,210.67,188.63
246.81,544.62,211.12,187.75
244.39,545.93,211.67,187.08
240.98,548.24,212.37,185.65
239.4,548.65,212.76,184.44
238.33,548.98,213.06,183.59
238.76,549.63,212.81,182.83
238.1,549.49,212.51,182.21
238.05,550.83,212.23,181.35
238.76,551.25,211.72,180.3
239.62,551.24,211.41,179.77
241.26,551.16,210.64,179.64
243.54,551.65,209.31,179.12
244.87,552.27,208.3,178.73
247.6,550.4,206.95,178.82
252.66,550.54,206.14,178.94
257.1,551.23,205.3,178.63
261.7,551.22,205.35,178.44
266.65,550.66,204.67,178.49
268.88,550.58,204.07,179.04
273.54,549.83,204.09,179.49
279.42,548.67,203.57,180.12
286.75,546.96,202.85,181.04
292.84,545.25,201.23,182.64
301.16,540.54,200.55,185.21
305.04,540.68,199.68,187.28
310.41,538.16,198.46,189.48
316.59,534.12,198.39,191.77
323.77,530.25,197.97,194.58
331.3,525.75,197.09,197.45
338.1,520.08,196.62,201.21
342.13,517.96,196.62,204.15
345.87,509.76,196.3,208.06
346.02,500.39,196.3,212.71
348.62,490.71,195.92,218.06
351.55,478.73,195.51,223.15
358.89,454.77,196.2,227.27
361.06,456.12,197.22,231.34
365.58,437.45,198.72,233.22
371.16,422.22,201.35,234.34
376.11,408.09,203.62,234.95
380.72,398.03,206.15,234.54
379.35,401.93,207.2,237.03
383.72,390.35,209.58,236.33
388.02,382.5,211.94,236.04
391.66,387.3,211.84,239.93
397.63,377.94,213.43,239.03
404.04,371.23,214.65,238.14
409.84,374.41,213.72,240.91
414.99,367.08,215.69,239.76
411.98,373.63,215.98,242.52
428.7,361.12,215.12,241.18
436.39,352.82,215.55,240.13
438.24,360.02,215.22,242.6
452.74,346.85,213.51,241.51
455.09,349.71,212.79,244.17
461.23,339.77,213.47,242.25
469.33,335.97,213.73,240.58
469.23,341.33,213.19,242.32
486.31,332.31,211.74,240.36
498.38,326.3,212.29,238.35
499.43,333.21,212.99,239.41
512.74,324.67,212.38,237.6
535.04,327.1,212.56,241.29
557.65,323.86,213.28,244.94
581.77,312.55,215.81,244.35
578.75,315.14,216.59,247.5
603.38,304.25,219.43,248.09
626.46,306.84,220.1,251.18
624.66,307,220.64,254.91
669.62,292.65,218.7,252.52
692.18,295.04,219.94,254.3
688.9,296.08,220.69,256.81
704.13,283.69,218.3,253.78
707.57,289.18,218.04,253.87
732.23,291.84,217.16,256.81
740.16,278.96,215.59,254.6
742.49,282.74,214.28,254.97
768.92,271.5,215.59,253.91
766.68,277.46,214.48,256.21
763.5,279.47,212.9,258.3
785.65,271.51,213.87,256.15
779.72,277.52,213.34,258.38
785.61,269.52,212.67,255.97
810.05,278.99,212.26,257.42
809.52,271.2,212.75,255.27
825.27,280.91,212.44,258.2
830.93,270.3,211.58,256.07
830.4,277.07,209.78,258.29
861.16,264.96,209.42,256.83
860.22,271.89,208.33,258.2
867.12,259.73,207.55,256.35
887.76,268.99,207.55,257.3
886.18,258.86,207.95,255.88
889.26,267.22,207.17,256.44
891.99,273.47,205.77,257.48
892.7,278.62,204.83,258.92
891.54,284.84,203.59,260
891.14,289.29,202.77,260.33
890.61,293.87,201.88,260.53
912.15,297.9,202.02,262.77
907.25,281.93,202.84,263.93
905.05,289.2,202.84,264.93
903.33,292.13,203.33,264.92
921.14,295.98,203.99,266.52
913.68,277.43,205.18,267.22
910.17,283.46,205.88,268.41
906.4,284.11,206.36,268.79
905.47,285.31,205.97,269.53
908.86,269.58,205.43,268.27
910.03,278.13,204.74,267.9
911.56,267.41,204.25,263.98
913.18,275.72,203.14,263.99
910.65,278.85,203.89,264.23
909.97,281.92,203.5,262.91
911.09,269.4,203.25,258.45
911.33,276.08,202.71,256.79
911.03,279.55,201.83,255.64
910.84,281.94,201.19,254.47
910.72,283.17,200.93,253.77
910.31,283.33,200.74,253.44
910.22,284.73,199.86,252.55
910.94,286.4,198.67,252.4
912.59,273.25,198.02,249.7
909.52,282.04,196.35,248.5
906.74,284.94,194.91,247.81
904.53,287.11,192.34,246.42
886.85,288.1,178.45,252.02
892.42,289.42,167.76,254.91
896.23,290.3,159.06,255.87
897.6,291.9,152.58,256.5
899.49,292.03,147.49,257.55
901.33,293.39,143.04,259
902.96,291.82,139.8,260.17
904.7,292.24,137.66,259.07
905.6,294.06,135.5,258.59
906.1,294.39,133.87,258.33
908.14,294.79,133.03,258.04
910.03,291.85,132.55,257.67
911.95,291.33,132.47,256.98
911.15,293.11,132.39,256.51
911.12,294.02,132.52,255.48
910.66,290.59,131.86,255.06
909.56,287.43,131.05,254.88
909.32,283.81,130.38,254.47
910.16,273.48,131.15,253.67
906.93,277.55,131.73,251.74
906.86,267.76,133.14,251.33
904.24,275.94,133.13,250.29
900.1,266.57,133.99,249.99
880.36,275.63,134.91,250.48
882.25,266.62,136.22,251.11
879.2,276.46,137.24,251.24
877.42,269.35,137.92,251.45
857.77,278.86,138.49,252.17
857.21,284.23,138.46,252.13
854.94,277.16,139,252.46
850.1,288.79,138.75,252.42
843.37,295.1,138.1,252.44
838.98,286.59,138.68,253.25
832.04,294.81,138.12,253.21
825.12,288.79,138.04,253.56
817,298.82,137.21,253.87
792.1,305.22,136.71,253.48
789.62,297.57,136.82,252.61
787.48,306.42,135.98,253.39
783.06,299.8,136.51,252.11
776.47,312.85,135.57,252.7
770.74,308.01,136.18,251.55
749.35,318.17,134.65,252.85
747.74,311.96,133.99,251.81
746.84,321.26,132.11,253.05
743.3,316.97,131.55,252.34
724.1,324.12,129.64,256.3
724.39,315.29,128.89,256.86
719.84,324.31,127.66,259.06
701.43,313.59,126.8,260.79
702.24,318.96,123.94,265.5
701.27,309.04,123.54,265.73
696.6,303.7,123.95,264.22
675.47,312.09,121.34,267.55
676.63,302.66,120.96,267.3
673.36,308.56,117.88,271.41
672.97,301.6,116.98,272.02
671.98,294.08,116.12,271.5
669.03,299.28,114.1,274.62
666.58,289.55,113.19,274.53
664.74,280.7,112.87,273.89
664.67,272.27,115.03,270.87
662.87,280.93,114.53,271.36
662.95,269.73,116.32,269.68
664.29,261.55,118.63,267.47
681.83,251.23,126.96,262.08
676.14,244.75,134.57,257.25
671.77,252.39,140.32,255.95
667.2,245.7,147.09,252.77
661.9,252.32,150.98,253.36
663.12,256.07,148.46,260.86
664.67,254.44,145.97,267.37
664.79,240.1,145.59,270.13
665.72,244.78,145.08,273.76
665.79,233.44,145.73,274.64
667.2,241.25,144.34,277.76
667.7,242.3,143.01,282.54
667.14,242.05,141.47,285.88
667.19,240.72,139.92,290.1
666.43,236.73,138.56,294
665.86,235.03,138.42,296.61
664.32,233.97,138.64,299.35
662.73,232.18,138.99,302.11
660.79,229.84,139.65,304.9
658.56,230.15,141.59,307.25
634.79,228.35,142.74,311.02
638.15,228.43,144.28,314.25
641.42,227.95,145.59,315.3
643.43,227.92,146.92,316
699.58,244.57,147.35,312.26
697.34,239.36,148.54,309.26
697.7,250.38,149.17,307.97
696.84,243.34,149.93,306.4
694.86,239.88,151.27,305.32
695.36,255.3,152.44,303.75
695.51,248.16,154.02,303.05
695.32,246.09,155.56,302.97
694.76,246.23,157.42,303.43
694.18,246.58,158.97,303.82
695.39,261.72,160.33,302.14
696.65,257.3,161.8,300.53
698.79,276.56,161.86,298.38
715.23,339.25,168.94,281.25
705.39,344.85,173.68,267.46
700.3,349.34,176.86,254.97
696,368.14,179.12,243.77
692.44,367.03,181.13,233.21
689.01,366.65,182.02,225.28
685.13,367.25,181.35,218.86
681.06,368.68,179.55,213.77
680.79,369.52,176.98,210.09
679.43,371.21,174.29,207.24
674.4,371.33,171.93,205.82
669.54,371.51,170.28,204.94
667.99,386.89,169.09,203.12
665.16,384.4,166.41,202.71
664.18,382.48,164.11,202.19
662.33,382.59,162.45,201.03
663.25,396.42,162.27,198.13
664.76,395.24,161.1,196.36
664.79,393.76,160.42,195.26
664.68,394.24,159.13,194.21
664.84,394.96,158.18,193.18
665.25,395.76,157.29,192.62
664.02,396.32,157.28,190.63
664.1,399.9,157,189.68
661.82,414.51,157.86,187.31
662.26,414.5,157.67,186.38
661.83,415.1,157.63,186.1
662.2,415.23,157.34,185.2
660.55,428.94,158.09,183.78
659.89,424.49,158.42,182.61
659.31,421.92,158.01,182.48
657.8,422.55,158.38,182.17
656.54,422.74,158.56,182
655.81,424.62,157.15,182.88
654.64,426.89,156.16,184.11
653.5,429.03,154.84,185.36
653.45,430.61,153.41,186.38
654.2,431.67,151.81,188.15
654.56,432.3,150.52,189.45
654.24,432.47,149.77,189.75
653.65,434.32,148.86,189.49
652.86,434.07,147.93,189.16
652.77,433.99,147.52,187.65
654.33,434.33,145.51,186.18
656.53,435.55,144.1,185.2
658.04,436.24,142.79,184.01
659.77,438.31,141.82,182.46
661.48,439.37,140.68,181.26
662.51,441.5,139.42,180.56
662.6,443.18,138.64,179.85
663.95,443.53,137.7,179.32
664.59,444.56,136.98,178.9
665.01,446.97,136.98,178.54
666.77,447.72,136.81,177.91
667.71,449.23,136.76,177.9
668.32,451.44,136.23,177.97
670.53,448.32,131.11,181.91
671.95,446.3,127.07,184.84
673.92,445.96,123.79,186.66
676.63,445.78,120.72,187.81
678.61,447.05,118.55,188.82
680.04,449.01,116.58,189.88
680.93,449.69,115.08,190.73
681.88,449.56,113.82,191.46
682.59,449.53,112.87,191.62
683.32,450.57,111.9,191.35
684.27,451.32,110.98,190.99
679.8,467.5,114.08,187.23
680.01,461.27,113.12,187.08
680.9,458.47,112.05,187.38
681.71,455.66,111.24,187.65
681.69,455.16,110.38,187.47
680.62,453.48,109.71,187.4
679.4,451.58,109.16,187.13
678.76,449.74,108.15,187.11
678.58,448.42,107.39,187.22
678.04,447.02,106.36,187.75
678.32,444.62,105.61,188.72
677.84,443.19,104.66,190
677.3,441.02,103.84,191.12
676.84,437.19,103.25,192.7
677.3,434.75,102.94,194.1
675.67,429.49,102.95,196.01
674.17,424.77,103.31,197.97
667.92,445.2,108,193.01
662.36,447.53,112.93,187.78
655.8,448.95,116.43,184.15
651.61,449.42,120.15,180.78
647.22,451.5,123.41,177.26
643.03,454.32,125.89,173.71
639.35,455.56,127.87,169.48
635.11,456.7,129.21,165.71
630.86,457.01,129.72,162.78
629.28,457.61,130.42,160.55
626.09,459.09,130.37,158.52
622.68,460.87,129.68,156.81
618.84,460.68,129.27,155
615.25,462.17,128.38,153.46
612.09,465.13,127.25,152.27
610.64,466.77,126.18,150.71
609.98,468.95,125.81,149.44
609.15,476.99,126.42,147.85
608.33,475.96,125.98,147.26
607.72,482.94,126.97,147.02
606.49,480.51,127.09,147.74
606.74,486.88,128.3,147.3
605.31,482.9,128.08,147.99
605.09,490.31,128.74,148.39
602.26,487.85,128.25,149.55
601.33,486.31,128.25,150.66
600.46,484.43,128.07,152
599.96,483.21,127.89,153.19
610.24,492.68,128.09,153.03
605.58,488.93,127.93,154.24
604.06,489.15,127.49,154.96
603.32,490.98,127.63,155.54
601.33,501.41,128.55,155.12
600.42,498.68,129.02,155.42
600.53,498.86,128.92,156.55
598.38,507.77,130.06,156.36
597.07,503.74,130.37,157.53
596.02,510.09,131.94,157.19
591.91,506.26,131.8,157.61
590.05,503.9,131.71,158.48
587.95,502.95,131.15,158.93
586.18,501.31,130.53,159.19
585.74,499.1,130.01,158.65
584.89,496.36,129.14,157.84
585.81,493.58,128.69,156.46
585.27,492.62,127.83,155.73
585.83,492.34,127.05,154.75
584.51,490.29,126.23,154.07
584.5,488.9,124.99,154.02
574.9,481.09,120.24,157.64
578.65,475.49,117.18,161.76
580.99,489.7,118.64,159.89
581.77,488.64,119.88,158.06
580.66,488.2,120.85,156.3
579.01,486.39,121.05,155.51
577.94,482.73,121.7,155.89
577.72,480.9,121.41,156.84
569.04,471.3,116.49,161.68
573.97,466.44,112.88,166.08
577.69,476.91,116.06,163.7
575.97,477.4,117.08,163
573.13,479.26,118.26,162.67
570.24,478.35,119.39,162.51
569.31,477.92,119.84,162.78
566.49,477.53,120.51,162.57
565.37,475.53,120.95,162.84
565.56,474.7,121.38,162.81
566.84,473.45,121.38,162.56
568.54,471.82,121,162.41
568.59,471.62,120.61,162.2
567.98,473.18,120.47,161.5
568.34,473.57,120.35,160.87
568.32,473.65,119.71,160.65
569.2,472.92,119.16,160.56
570.9,470.09,118.85,160.59
570.49,469.84,117.97,160.86
570.92,462.06,115.03,164.31
572.19,459.93,113.13,166.81
577.09,472.83,115.26,164.51
579.42,469.88,116.36,162.85
580.76,468.98,116.83,162.16
581.42,468.52,117.24,161.79
583.99,463.2,114.49,164.27
589.9,462.37,111.25,166.56
597.49,462.64,108.47,166.81
615.74,465.1,110.26,163.79
630.98,466.84,111.79,161.09
629.66,467.33,113.12,158.97
643.76,465.48,113.68,157.83
656.38,463.02,114.57,156.58
668.32,461.12,115.59,155.8
673.23,458.29,115.4,154.65
689.55,455.94,115.77,154.36
689.94,455.06,115.83,154.5
695.72,449.96,112.38,157.79
713.78,462.13,113.66,155.92
728.01,470.02,115.58,154
732.64,478.51,117.22,151.94
745.73,488.01,119.41,150.69
742.46,481.44,119.63,151.65
745.23,490.54,119.43,152.11
759.14,498.34,120.4,151.57
762.2,496.78,118.93,153.04
767.86,507.94,118.55,153.13
771.19,504.82,114.52,157.41
773.46,502.86,111.57,160.58
777.63,504.03,109.14,163.02
792.01,518.37,111.69,160.65
790.94,520.27,112.65,159.21
793.56,531.73,114.43,156.64
796,529.52,114.19,155.92
796.02,529.19,114.11,155.66
796.89,530,113.51,155.58
798.21,525.7,110.26,158.65
799.49,525.18,108.06,160.96
800.71,525.8,105.98,162.86
801.06,524.48,104.6,164.65
801.64,523.24,103.5,166.16
802.07,522.57,102.51,167.31
802.27,521.11,101.69,168.39
803.65,517.97,100.95,170.3
805.61,515.04,100.09,172.32
809.09,514.27,99.072,174.12
813.03,515.53,98.009,174.92
815.67,516.05,97.557,175.58
818.82,520.27,96.747,174.18
822.11,529.28,95.913,170.67
826.64,537.44,95.684,167.76
831.57,544.21,94.848,165.24
835.59,549.76,93.533,163.99
838.02,553.8,92.466,162.5
840.92,556.47,91.979,161.99
856.67,572.88,94.886,157.99
843.57,560.87,93.3,157.89
846.92,561.46,92.245,158.38
849.43,560.91,91.304,158.91
850.61,560.49,90.731,159.49
852.08,560.4,90.004,160.08
852.72,558.77,89.21,161.42
852.76,558.73,88.642,162.58
852.4,559.34,88.169,163.31
852.11,569.28,87.861,160.7
851.73,569.02,87.351,159
851.25,570.4,87.202,157.16
850.05,572.12,87.201,155.56
847.75,573.22,87.013,154.26
845.54,573.78,87.323,153.85
843.61,572,87.607,154.34
843.19,571.08,87.455,154.72
841.6,568.26,87.293,155.89
839.79,565.74,87.266,157.46
837.71,563.3,87.273,159.08
835.44,578.52,92.133,153.96
833.31,579.87,96.088,150.25
831.24,580.96,99.081,147.6
817.76,573.16,96.895,148.95
818.84,569.06,94.898,151.41
819.51,565.76,93.343,153.96
820.22,564.92,92.242,156.09
819.35,562.02,91.42,158.5
818.67,561.07,90.87,160.55
817.23,558.51,90.809,162.56
801.34,556.6,90.409,164.06
801.22,564.44,90.44,163.63
799.75,577.9,95.205,157.41
798.75,576.97,98.093,154.04
798.88,566.97,97.125,155.53
797.21,581.69,98.992,152.9
794.92,579.82,100.88,150.7
793.62,577.25,102.38,149.56
669.14,491.77,98.449,161.67
670.31,486.1,96.368,171.23
671.43,481.72,95.568,178.84
669.71,477.31,95.008,184.69
667.34,475.39,95.006,189.49
665.51,472.33,96.032,193.97
663.74,471.76,97.313,197.11
662.86,472.39,98.117,200.3
662.34,471.22,99.162,203.37
662.33,470.58,100.36,206.77
661.42,469.09,101.97,209.94
660.44,470.39,103.27,213.25
659.47,472.49,104.49,217.3
647.2,476.82,101.37,223.84
651.05,474.9,101.73,228.83
651.47,474.38,103.05,232.71
637.56,475.92,99.643,237.43
640.91,474.63,97.497,241.48
640.56,473.36,96.871,245.23
640.72,473.05,98.752,244.72
625.62,474.25,96.818,246.69
628.99,474.54,94.64,247.6
628.55,473.52,93.222,248.19
626.22,472.74,92.63,248.77
622.9,471.58,92.573,248.85
619.88,472.44,92.473,248.58
618.82,472.73,92.116,247.7
615.99,473.32,92.551,246.6
612.46,474.8,95.578,242.61
607.19,477.28,98.319,238.79
602.42,479.91,100.32,236.06
597.89,481.61,101.75,234.37
595.44,482.56,102.77,232.76
591.78,484.28,103.62,231.6
588.21,485.26,103.89,230.51
585.29,485.45,103.76,229.73
581.44,486.6,103.93,228.83
577.3,487.76,104.13,228.15
576.03,489.09,104.05,227.77
572.63,489.16,104.43,227.79
569.13,489.06,105.35,227.87
566.55,490.26,106.23,227
564.02,491.29,107.36,225.48
561.38,493.58,107.83,224.36
559.67,494.1,108.25,223.34
558.51,494.69,108.43,222.89
556.3,497.4,108.52,222.25
554.2,500.57,108.43,220.98
551.37,502.17,108.46,219.7
548.84,503.36,109.15,217.77
548.72,505.54,110.41,216.02
547.69,506.1,111.18,214.89
547.84,507.38,112.19,213.56
548.54,509.57,113.45,211.92
548.43,512.06,114.87,210.29
547.97,513.59,116.44,208.19
548.86,514.16,118.1,206.98
548.52,515.46,118.87,206.16
548.7,516.94,120.39,205
550.91,518.06,121.43,204.67
551.74,518.64,123.16,204.51
553.01,520.54,124.73,203.72
554.44,521.06,127.1,203
554.4,520.25,128.61,202.29
556.28,519.37,130.22,201.99
557.54,518.69,132.34,202.59
560.03,516.13,133.58,202.65
564.49,512.92,133.73,203.84
568.93,510.52,134.1,205.35
571.03,507.85,134.53,206.84
575.17,504.3,133.98,208.63
579.79,497.84,133.27,212.14
599.06,490.29,131.29,216.35
617.55,481.19,128.55,221.64
636.77,457.43,127.57,227.79
635.89,455.9,126.81,233.45
658.75,434.75,126.16,240.97
680.05,412.03,126.43,248.25
705.09,387.58,125.96,256.14
729.04,359.75,125.69,260.83
754.08,331.05,126.48,264.78
754.68,327.12,127.49,269
775.99,300.47,127.85,272.35
775.05,295.32,128.61,275.41
796.67,269.5,129.47,276.85
795.84,266.75,130.35,278.17
800.34,249.33,132.17,279.86
799.27,252.88,133.06,280.01
798.4,250.59,133.96,281.75
800.76,230.24,135.8,282.75
799.2,229.57,137.3,283.33
797.36,228.29,138.28,283.97
800.72,209.07,139.34,283.12
801.2,214.79,139.72,283.07
804.07,199.82,140.59,282.04
803.7,201.81,141.27,281.93
800.98,200.8,141.76,281.19
800.25,184.14,142.52,279.5
798.57,170.33,143.86,277.81
796.62,179.25,144.52,277.52
794.44,183.19,144.63,278.21
791.95,182.08,144.68,278.68
790.18,180.62,145.02,280.07
790.57,165.18,144.94,278.69
788.56,170.31,145.36,278.67
786.99,173.38,145.6,278.71
784.74,172.07,145.66,280.24
807.67,154.31,157.1,272.66
807.93,160.61,166.42,268.05
805.72,149.18,175.74,261.7
803.49,158.16,180.78,260.64
800.17,166.4,183.81,260.7
797.98,153.13,187.39,258.27
796.05,163.1,189.72,258.91
794.37,154.17,192.5,256.25
793.49,165.85,193.36,258.81
856.49,195.81,182.58,269.83
861.54,196.87,173.73,277.2
867.03,196.11,165.83,283.06
869.69,196.12,160.01,286.45
870.67,195.04,155.45,288.51
871.34,193.49,151.97,289.45
870.69,196.5,149.63,290.42
870.19,198.86,147.77,291.57
869.63,199.3,146.76,292.7
869.66,202.81,146.24,293.01
869.84,203,146.15,294.84
869.07,206.4,146.77,295.92
869.8,210.25,147.8,297.13
869.41,212.6,149.27,297.73
868.42,214.44,150.79,297.8
868.2,216.62,152.66,297.92
866.33,219.84,154.69,297.85
862.74,225.42,156.03,297.8
837.83,228.4,156.78,299.11
724.67,251.58,156.12,290.49
726.69,248.82,154.72,285.05
726.03,249.54,153.75,281.21
727.28,250.38,152.1,279.46
728.62,253.6,150.75,277.43
727.73,278.09,148.48,273.22
726.63,278.09,145.94,271.96
727.21,278.47,143.62,270.8
728.45,278.03,142.04,270.74
728.62,278.89,141.64,272.14
728.22,280.02,141.64,272.68
729.01,280.42,140.28,272.68
727.8,283.53,139.52,271.56
726.71,286.98,139.02,270.52
727.13,290.9,137.14,268.92
727.24,294.83,135.23,265.8
726.88,296.45,133.54,263.59
726.35,297.78,132.31,259.27
726.07,302.23,130.56,254.85
725.87,305.82,128.66,250.98
726.52,308.99,126.17,244.74
727.01,310.31,124.47,237.35
726.45,311.93,123.93,230.53
725.82,312.97,123.44,224.71
724.71,315.04,122.19,221.13
724.76,315.77,121.12,218.11
727.57,314.64,119.87,214.95
729.67,312.92,117.93,212.55
731.39,311.38,115.58,209.71
731.38,306.3,114.41,205.54
732.78,303.6,113.72,204.08
733.22,301.23,112.67,204.06
733.54,300.69,113.18,204.91
734.61,299.29,111.39,205.75
735.51,281.47,111.31,207.71
734.98,282.17,111.75,210.01
734.4,282.87,112.32,211.99
733.29,282.69,113.18,214.2
712.33,282.27,114.19,218.05
697.15,279.24,115.28,220.18
696.85,281.04,116.79,222.77
679.73,281.89,117.3,221.76
663.37,281.49,116.78,220.09
668.52,283.76,116.54,218.75
668.67,291.87,116.58,218.02
650.77,296.39,116.54,215.74
651.94,301.36,116.71,215.63
630.67,290.21,116.51,213.39
614.91,298.11,113.68,211.25
617.86,305.51,111.84,209.21
618.35,314.17,110.82,208.65
617.99,322.89,110.27,209.59
599.4,331.8,109.35,208.32
597.22,338.47,109.16,208.29
579.13,345.31,108.77,206.48
580.01,336.11,108.95,204.99
562.42,345.23,108.03,203.52
562.12,353.12,108.29,203.93
560.3,360.64,108.36,203.97
555.27,366.88,114.2,200.12
537.44,375.63,113,200.42
539.16,380.43,112.01,200.13
539.68,383.1,110.07,200.46
540.29,373.23,108.8,204.11
540.25,379.56,106.48,206.4
539.73,383.68,103.77,209.69
538.7,376.58,101.83,211.39
539.1,383.89,99.383,212.7
