60,77,61,72
64.31,76.645,61.533,72.879
64.385,77.248,62.18,73.187
64.553,77.841,62.74,73.403
68.144,77.521,63.435,74.731
69.107,77.328,64.059,75.278
71.039,77.428,64.927,76.691
71.336,76.896,65.912,77.394
72.871,74.745,66.876,78.473
73.348,74.439,67.98,78.978
74.239,67.25,69.971,80.494
74.423,66.314,71.484,81.183
74.936,63.071,73.999,82.545
75.572,61.674,75.947,83.371
75.232,60.158,77.964,84.138
74.698,60.438,79.632,84.68
73.464,58.719,81.914,85.633
72.493,58.262,83.82,86.306
71.585,57.768,85.561,87.773
70.994,57.336,86.967,88.917
71.325,57.163,88.556,90.163
70.564,57.173,89.967,90.849
68.811,58.784,91.616,92.358
67.766,59.079,92.946,93.36
67.167,61.118,95.276,95.063
66.489,61.345,97.449,96.357
65.184,60.155,99.322,97.75
65.007,59.743,101.08,98.781
62.555,59.305,102.93,100.55
62,57.706,104.63,101.75
61.337,58.825,107.1,103.12
60.391,58.352,109.14,104.52
59.793,62.113,110.98,105.68
59.234,62.652,112.22,106.5
60.82,69.714,113.94,107.6
59.897,69.302,114.75,109.04
61.176,69.628,116.41,110.97
60.881,69.604,117.52,112.36
59.858,66.615,119.2,113.58
59.833,66.225,120.5,114.5
55.28,54.825,122.85,116.5
54.448,54.187,124.11,117.61
52.713,53.83,126.15,119.58
51.675,52.53,127.87,121.13
52.443,52.752,129.45,123.21
51.256,53.095,130.73,124.54
51.63,54.969,132.73,127.16
52.341,54.593,134.49,128.98
46.339,52.657,137.7,131.71
45.779,50.428,140.05,133.84
39.293,47.714,143.44,135.67
37.373,46.399,145.71,137.77
28.844,43.544,149.53,140.68
25.75,41.099,151.56,143.01
25.356,47.133,153.67,144.98
24.229,47.378,155.54,146.02
23.751,58.426,157.67,146.29
23.159,58.579,158.7,147.07
26.861,73.414,160.6,147.59
26.083,74.071,161.64,149
29.816,74.706,162.22,149.93
28.891,73.993,162.71,150.55
31.078,67.583,162.67,150.18
31.337,66.952,163.23,150.08
32.274,46.865,161.84,149.65
34.662,45.05,160.64,150.31
36.898,42.519,159.93,149.91
39.192,42.509,159.08,149.93
39.505,44.782,158.91,149.75
38.904,45.181,158.74,149.55
38.707,57.916,159.97,149.34
36.787,57.989,161.02,149.9
36.34,68.894,162.12,150.49
34.227,67.209,163.43,151.06
35.246,70.194,164.64,151.62
32.675,69.956,165.57,152.33
30.116,72.878,167.42,152.97
28.924,72.814,168.51,153.96
28.584,72.769,169.89,154.5
26.898,72.811,170.88,154.97
24.344,71.927,171.78,155.39
25.022,72.967,172.72,155.08
17.925,65.785,174.25,154.93
19.452,66.899,175.14,155.17
13.89,57.345,175.56,154.53
13.037,55.355,176.27,155.43
12.254,49.892,176.86,155.68
13.018,49.19,177.07,156.03
13.273,42.725,176.82,156.65
12.933,42.901,176.86,157.18
14.183,39.977,176.41,157.4
14.578,39.891,176.62,157.71
15.321,40.34,177.37,157.75
15.504,40.373,178.05,157.81
16.991,49.146,178.46,155.66
17.398,52.563,178.92,154.59
17.853,70.859,180.2,152.28
18.022,72.883,180.59,151.79
18.555,77.712,182.81,152.03
17.767,78.318,184.64,152.04
15.702,83.178,186.63,152.09
14.085,83.162,188.03,152.34
10.094,83.33,190.39,152.55
9.3263,82.806,190.91,152.89
8.9532,83.716,191.13,153.15
7.7063,83.026,191.61,153.18
8.3524,82.313,192.23,152.92
9.1413,82.929,192.52,152.8
8.3757,82.193,193.93,153.33
8.3672,82.681,195.07,153.75
6.3351,79.923,196.04,154.06
6.3641,81.044,196.72,153.83
6.8128,71.956,196.48,154.22
7.0961,71.596,195.38,154.4
7.0498,65.061,193.86,153.91
6.3743,64.143,192.82,153.35
7.4203,61.532,191.76,152.8
7.7538,60.943,190.8,152.5
9.7445,57.222,189.31,151.97
11.596,58.214,187.12,151.46
12.897,60.005,185.82,151.36
13.779,59.611,184.63,151.45
15.07,58.866,183.69,151.59
15.968,59.091,182.98,151.55
0.34976,54.722,175.43,153.51
2.4107,54.25,170.35,154.12
2.3541,48.33,165.43,154.72
1.4648,47.98,160.04,155.31
1.9724,44.25,154.61,155.88
1.5017,44.426,149.5,155.72
2.9103,40.611,144.84,155.89
2.789,39.91,140.37,155.86
4.925,38.133,136.86,155.69
6.2349,38.862,134.2,155.75
6.9129,39.071,132.34,155.65
7.1505,39.22,130.79,155.54
7.5529,35.886,129.95,154.64
7.7773,34.803,128.79,153.86
7.512,23.188,128.25,153.08
5.8523,19.696,126.12,152.99
5.547,12.018,124.47,152.84
5.786,11.18,122.58,152.36
6.4365,4.9408,123.19,150.3
5.7654,3.6252,122.87,149.32
7.5713,1.5153,123.07,147.57
7.9838,1.2287,123.05,146.3
8.3099,2.1656,123.08,145.33
8.5757,3.0282,123.09,144.51
6.5401,11.96,121.92,145.67
6.7981,13.909,120.71,146.38
7.1741,26.975,120.48,145.31
8.4706,32.51,120.68,143.79
8.5169,39.336,121.13,142.57
8.7193,40.403,121.63,141.71
10.103,45.465,123.48,141
9.7276,46.588,124.56,140.4
9.1016,48.772,127.41,140.18
8.9119,48.67,129.37,140.02
7.7804,49.398,130.92,140.11
7.5576,49.268,132.07,140.22
7.2105,50.283,132.92,141.22
7.2479,50.433,134.12,141.73
7.3621,50.474,134.98,142.15
7.5194,50.606,135.72,142.46
7.5463,51.243,136.37,142.87
6.75,50.993,137.2,143.22
7.8153,52.16,136.75,143.95
8.5421,52.788,137.13,144.15
7.9566,51.933,136.73,144.69
7.8013,52.264,136.15,145.07
7.222,51.57,136.08,145.38
7.0032,51.678,135.4,145.75
6.5945,52.024,133.86,145.77
5.9991,51.919,132.56,145.87
7.2147,51.834,131.08,145.77
7.6773,52.13,129.84,145.44
7.3735,52.082,128.74,144.62
7.7116,52.406,127.86,144.24
7.496,51.935,127.13,143.72
7.5193,52.513,126.45,143.41
6.4147,51.898,125.57,142.58
5.675,52.206,125.11,141.81
5.9752,52.193,124.4,141.32
6.5462,52.497,123.96,141.13
7.0512,51.324,123.39,140.7
7.0197,51.768,123.06,140.82
7.4624,50.886,123.44,140.33
7.1095,51.374,123.59,140.38
8.0617,51.355,123.49,140.51
8.4926,51.339,123.79,140.49
9.2164,50.672,124.16,140.71
8.8275,50.172,124.1,140.67
8.8367,49.583,124.87,140.37
8.5433,50.517,125.09,140.37
8.8083,49.198,125.8,140.21
9.2283,49.161,126.16,140.07
8.3214,49.095,126.6,139.62
8.3361,49.418,126.89,139.44
8.9473,49.071,127.76,139.81
8.3434,48.433,128.08,140.06
8.0594,48.577,128.06,140.76
7.6549,48.9,128.21,141.26
6.8131,48.036,127.72,141.29
6.5892,48.402,127.46,141.68
6.1552,47.137,126.6,141.83
6.2601,46.653,125.91,141.66
5.4427,45.99,125.15,141.12
4.6142,45.769,124.17,140.54
5.2899,44.277,123.17,140.03
5.5455,43.851,122.06,139.81
6.0285,40.982,121.85,138.99
4.796,40.583,120.77,138.86
5.5921,38.501,119.97,138.29
5.2376,38.36,119.32,137.99
5.9337,36.81,119.13,137.46
5.6574,36.432,118.71,137.64
5.0099,36.535,118.42,137.37
5.2654,36.458,118.24,137.49
5.1435,36.886,117.82,136.82
4.8542,37.306,117.43,136.27
4.2003,37.715,116.7,135.98
4.3523,37.563,116.33,135.69
4.6417,38.551,115.59,134.7
4.8775,39.17,115.08,134.03
3.8374,40.097,114.19,133.22
4.8303,41.392,113.7,132.31
4.7646,40.744,113.04,131.92
5.0294,40.704,112.55,131.7
4.1713,40.229,112.2,131.01
4.699,40.281,112.06,130.85
4.4165,39.465,111.98,130.93
5.2591,38.811,111.72,131.12
4.973,38.821,111.65,131.51
5.4282,38.295,111.58,131.77
4.6479,38.549,111.74,131.88
4.5547,38.639,111.91,132.06
4.1614,38.863,112.3,132.36
4.6795,38.273,112.66,132.75
4.1599,38.85,113.22,133.03
4.2209,38.321,113.47,133.01
4.4999,39.507,113.74,132.45
4.2836,40.453,113.9,131.94
4.2773,40.084,113.86,131.85
4.2724,39.714,113.82,131.77
4.6428,39.454,113.62,131.71
4.8445,39.648,113.28,131.75
4.771,39.901,112.79,131.53
4.6231,40.226,112.54,131.32
4.7674,40.881,112.28,131.2
4.9625,41.432,112.1,131.07
4.64,41.47,111.49,131.31
5.418,41.429,111.19,131.28
4.7458,40.517,110.7,131.71
5.6056,40.582,110.7,131.69
6.549,40.651,110.67,131.67
6.859,40.336,110.57,131.95
6.1236,39.403,110.31,132.33
6.6693,39.558,110.51,132.78
7.1372,39.744,110.82,133.28
6.4934,39.522,110.73,133.26
6.4651,39.882,110.76,133.2
6.9313,40.248,110.92,132.78
7.4406,40.121,110.95,132.33
7.5278,39.781,110.85,132.29
7.5848,40.184,110.86,132.14
7.1304,39.416,110.78,132.43
7.1783,39.142,110.77,132.55
8.5388,37.921,111.7,133.12
8.1859,36.726,112.34,133.68
8.0993,36.025,112.77,134.04
8.4006,36.297,113.11,134.18
10.393,35.744,114.9,134.65
9.6859,35.67,116.32,135.43
10.739,35.577,118.35,136.06
11.485,34.847,119.88,136.82
11.46,35.406,121.02,137.41
11.677,35.321,121.94,137.75
11.016,34.45,121.87,138.22
10.48,34.535,121.98,138.58
9.5973,33.582,121.72,138.89
10.049,33.574,121.38,139.13
8.9961,33.427,121.12,139.28
9.1417,33.405,120.9,139.22
9.5436,32.07,121.09,139.21
9.1604,32.56,121.13,139.02
9.4348,31.677,121.07,138.87
9.6776,31.784,121.03,138.65
9.5649,32.227,120.87,138.19
9.0137,31.781,120.95,137.82
8.8219,31.427,119.89,138.32
8.8988,31.59,119.08,138.53
10.168,30.626,119.25,138.86
9.6068,30.914,119.29,138.79
9.3744,32.364,119.36,138.48
9.4601,31.303,119.44,138.71
9.571,32.57,119.76,138.99
10.141,31.447,120.14,139.47
10.211,32.297,120.27,139.68
10.286,31.118,120.28,139.95
9.8656,32.252,120.65,139.89
10.181,32.707,120.98,139.57
9.2794,33.136,121.74,140.17
8.9151,31.951,122.34,140.52
9.1308,31.49,122.87,140.13
8.7228,31.169,123.34,140.12
8.9326,30.879,123.48,139.9
8.2837,30.43,123.79,140.06
8.0637,29.431,124.14,140.15
7.6549,29.36,124.18,140.4
7.7846,28.324,124.34,140.27
7.4301,29.104,124.35,140.45
7.4069,28.779,124.37,140.42
7.356,28.462,124.36,140.39
7.5207,28.644,124.7,140.2
8.0518,29.246,124.95,140.09
8.051,28.618,125.27,139.84
8.2052,29.043,125.77,139.74
7.9838,29.486,126,139.64
7.6728,29.893,126.11,139.64
7.4256,29.526,126.61,139.47
7.2825,29.893,126.85,139.38
7.6373,29.529,126.93,139.14
7.2555,29.477,126.94,138.86
7.769,29.733,126.86,138.66
7.7856,29.561,127.04,138.43
8.4712,29.725,127.22,138.31
8.7342,30.481,127.38,138.08
9.3935,28.893,127.46,138.54
8.5624,29.003,127.99,138.62
8.3724,28.718,128.16,139.07
9.0358,28.267,128.19,139.29
8.5984,28.016,127.98,140.1
8.7001,27.603,128,140.57
8.4942,29.714,128.05,141.03
8.2197,29.431,128.39,141.3
8.9951,30.584,128.14,141.92
8.3946,30.306,128.28,141.97
8.6464,30.907,128.4,142.4
8.7803,30.669,128.35,142.44
9.0255,30.756,128.29,142.4
8.6142,30.72,128.5,142.14
9.4487,30.947,128.88,142.15
9.6936,30.999,129.31,142.2
10.725,31.547,129.62,142.53
10.385,32.054,129.95,142.87
9.7303,31.877,130.88,142.8
9.8701,31.975,131.44,142.85
10.418,32.252,132.04,143.01
10.787,32.341,132.52,143.14
10.912,32.092,133.1,143
10.772,32.488,133.54,142.82
11.441,32.805,133.8,142.88
11.991,33.183,134.08,142.93
12.134,33.671,134.39,142.84
12.391,33.457,134.5,142.7
12.044,33.181,134.79,142.7
12.618,32.25,135.01,142.97
12.395,33.625,136.12,142.72
11.901,33.397,136.8,143.01
11.797,34.842,137.54,143.04
11.881,34.577,138.35,143.31
12.567,35.23,140.12,143.34
12.331,35.494,141.79,143.25
12.734,35.612,142.56,143.4
12.611,35.777,143.28,143.39
12.832,36.522,143.78,143.21
12.761,35.955,143.65,143.4
13.008,37.441,143.97,143.22
13.051,37.339,143.77,143.31
14.707,39.262,144.2,142.97
14.317,38.945,144.41,142.98
13.763,40.616,144.52,142.86
14.38,40.353,144.76,142.88
14.534,42.526,144.77,142.33
14.948,42.446,145.04,142.43
14.016,41.856,144.85,142.8
13.182,41.843,144.72,143.15
12.566,41.529,144.36,143.68
12.749,41.474,144.25,143.84
11.427,39.653,142.97,144.07
11.891,39.829,141.9,144.19
9.5749,38.99,139.82,144.34
10.119,38.704,138.69,144.23
9.2743,38.377,137.97,144.16
9.2092,38.276,137.41,144.14
8.0421,37.641,136.33,144.11
8.5923,37.45,135.56,143.8
8.425,35.7,134.29,144.21
7.6909,34.369,133.41,144.34
8.4518,33.997,132.96,144.99
9.1329,33.707,132.67,145.48
8.6766,33.742,132.53,145.8
8.5634,33.128,132.38,146.05
10.716,33.686,133.2,145.75
11.188,33.702,133.85,145.77
14.048,33.477,135.73,145.44
14.113,32.814,136.84,145.7
13.822,32.434,138.63,146.16
13.869,32.167,140.49,146.57
14.474,30.798,142.49,147.15
15.501,30.238,144.51,147.82
14.555,29.746,145.35,148.41
13.928,29.724,145.87,148.82
13.289,28.352,146.34,149.55
12.847,27.986,146.81,149.88
12.472,27.993,146.69,150.21
13.299,26.861,146.62,150.61
12.147,27.404,145.52,150.88
12.846,27.343,144.65,150.97
11.595,28.443,143.64,150.82
11.359,28.579,142.43,150.67
12.322,29.34,142.09,150.47
13.004,28.914,142.12,150.41
12.876,29.402,142,150.32
12.282,29.488,142.11,150.08
11.913,29.391,141.42,149.96
11.123,29.848,140.73,149.88
10.07,30.171,139.23,149.64
9.1082,31.156,137.92,149.01
7.7683,31.249,136.78,148.6
7.0876,31.353,134.11,148.54
7.3195,30.816,132.13,148.42
7.5938,31.537,130.39,148.17
7.4419,31.943,129.48,147.71
7.1726,32.479,128.31,147.27
7.4416,32.952,127.25,146.94
7.6927,32.912,126.6,146.65
8.2882,32.896,125.9,146.28
8.3832,32.661,125.61,145.99
8.0385,32.908,125.44,145.59
7.9859,33.966,125.28,145.05
8.9407,34.363,125.71,144.6
9.122,34.545,126.25,144.46
9.9344,34.495,127.12,144.16
9.4671,34.519,127.76,144.04
9.1196,35.725,128.7,143.47
9.1434,36.215,129.62,143.14
9.8053,37.675,129.97,142.77
10.595,37.239,130.19,142.63
10.708,38.099,130.18,142.51
11.303,38.336,130.36,142.52
11.678,40.926,130,141.96
11.435,41.119,129.32,141.88
12.353,42.211,129.51,141.39
13.381,43.306,129.9,140.74
12.612,43.678,130.41,140.39
12.603,44.528,130.77,140.09
14.845,47.194,133.94,138.63
15.417,47.812,137.13,137.81
15.798,51.188,140.56,136.65
15.499,51.342,143.74,136.3
15.565,52.989,146.78,135.64
14.841,53.157,148.8,135.52
14.819,55.319,150.41,134.82
14.465,55.694,151.73,134.81
14.388,56.121,152.72,134.08
14.431,55.794,153.29,133.75
13.326,56.228,153.1,133.33
13.728,56.248,153.47,132.8
12.863,55.976,153.16,132.42
13.377,55.638,153.28,132.03
11.8,55.395,153.22,131.5
10.865,54.99,153.16,130.92
9.3515,54.836,153.21,130.33
8.6254,54.76,153.28,129.97
7.9047,54.306,153.02,129.29
8.0618,54.522,152.89,128.86
6.1619,53.45,152.58,127.67
6.457,53.131,151.87,126.69
6.4604,53.87,150.86,125.45
6.2949,53.773,150.18,124.47
6.0831,52.67,149.45,122.66
6.8031,53.072,148.96,121.24
6.7322,51.72,148.93,119.32
6.5284,51.821,148.46,117.91
7.0437,52.079,147.42,116.56
6.6764,52.816,146.3,115.42
6.9906,51.356,145.1,113.77
7.1303,52.683,143.81,112.72
7.3309,52.698,142.62,111.23
8.1245,53.297,141.43,110.33
7.7222,53.768,139.57,109.72
7.5691,54.418,138.11,108.78
8.319,53.669,137,106.9
8.8896,53.929,136.32,105.56
10.076,54.052,135.41,103.96
10.992,54.586,134.46,102.89
10.96,54.517,133.74,102.18
11.059,54.953,132.92,101.45
10.599,55.559,131.68,101.57
10.749,55.82,130.81,101.13
9.5081,56.28,129.88,100.97
10.196,55.766,129.29,100.16
9.6968,56.425,128.54,99.989
10.223,56.089,127.87,99.411
9.8434,56.307,126.99,99.467
10.432,56.018,126.38,99.252
10.266,57.356,126.15,99.147
10.9,57.629,125.83,99.202
10.805,57.396,126.25,99.247
11.208,56.611,126.1,99.221
9.7364,57.296,126.74,99.394
9.9847,57.378,126.68,99.35
9.785,57.152,126.59,99.314
9.7082,56.816,126.52,99.325
9.2426,57.587,127.02,99.066
9.2501,57.216,127.39,98.948
8.6345,57.413,127.26,98.79
8.5927,56.913,127.07,98.685
8.208,56.934,126.81,98.803
8.1804,56.996,126.72,99.013
8.9104,57.374,126.56,99.235
9.0073,57.424,126.18,99.239
9.0627,57.387,126.29,99.507
9.171,57.922,126.53,99.633
10.344,57.728,126.32,99.929
10.496,57.947,126.68,99.905
11.144,58.6,127.01,99.919
10.949,58.268,127.47,100.19
11.342,58.726,127.72,100.03
11.262,59.086,128.17,99.859
13.711,60.484,128.26,99.607
14.757,60.831,129.13,99.482
15.517,61.296,129.79,99.356
16.033,61.499,130.52,99.227
17.623,61.276,131.06,99.191
18.709,61.206,131.76,99.338
21.688,60.97,132.12,99.037
24.262,60.958,132.4,99.527
26.71,60.858,133.01,99.72
27.394,60.672,133.63,100.14
28.85,60.233,134.67,100.35
30.869,59.633,135.46,100.92
30.983,59.116,136.44,101.34
31.303,58.993,137.42,101.6
31.932,58.713,138.16,101.72
31.301,58.276,138.88,102.03
31.13,58.134,139.38,102.14
30.839,57.961,139.84,102.43
29.148,57.642,140.52,102.61
28.622,57.179,140.52,102.57
28.221,57.313,140.28,102.86
27.872,57.165,140.06,102.9
27.305,57.255,140.17,102.79
26.738,57.331,140.24,102.71
27.167,57.92,140.13,102.55
26.156,57.263,139.87,102.29
27.058,58.154,139.7,102.27
26.29,57.975,139.58,102.01
24.738,58.373,138.85,102.09
23.77,58.721,138.4,101.76
22.951,58.474,137.21,101.6
22.682,58.618,136.68,101.23
21.271,58.275,135.96,101.1
21.161,58.712,135.27,100.66
19.715,58.731,134.88,100.38
18.839,59.069,133.92,99.991
18.089,58.994,132.71,99.729
18.065,59.802,131.61,99.181
18.386,59.528,130.81,98.902
18.635,60.277,130.23,98.558
17.519,60.582,129.51,98.541
17.703,60.156,128.81,98.222
17.189,60.848,128.84,98.253
16.932,60.912,128.66,98.211
17.256,60.718,128.56,98.157
17.513,61.187,128.58,98.224
17.101,60.987,128.15,98.573
16.56,60.911,127.85,98.786
16.422,60.913,127.51,98.927
16.244,60.96,127.24,98.996
16.094,61.588,127.47,99.117
16.589,59.764,127.37,99.408
16.814,59.813,128.37,99.723
17.033,59.326,129.19,99.968
16.682,59.368,129.81,100.46
16.33,58.789,130.49,100.91
17.111,58.905,131.3,100.9
16.874,59.166,132.31,101.25
16.677,58.723,132.95,101.87
16.456,58.296,133.36,102.46
16.248,57.828,133.85,102.67
16.031,57.38,134.29,102.84
16.002,57.264,135.16,102.79
15.323,56.629,135.41,102.89
15.997,56.925,136.58,103.04
15.016,56.494,136.91,103.58
14.834,56.811,137.64,103.81
14.756,56.996,138.08,104.01
14.432,56.834,138.98,104.54
14.45,56.242,139.78,104.78
13.794,56.279,140.36,105.25
13.675,56.771,140.68,105.48
12.045,55.84,140.27,105.64
12.145,55.506,139.55,105.41
11.792,56.391,138.47,105.25
11.092,56.006,137.77,104.93
11.811,57.126,137.21,104.64
11.522,57.146,136.92,104.36
11.055,58.25,136.23,104.24
10.075,57.615,135.58,103.98
10.841,57.869,134.24,103.42
10.858,58.661,133.25,102.83
11.398,59.046,132.29,102.07
11.413,58.745,131.33,101.54
11.728,59.347,130.59,101.23
11.9,59.841,129.89,101.07
11.912,59.812,129.53,100.9
11.996,59.57,129.31,100.35
12.866,60.389,129.14,100.09
12.546,61.062,129.03,99.78
11.263,60.717,128.83,99.565
11.637,59.956,128.54,99.176
12.252,60.46,128.56,99.083
11.273,60.009,127.96,98.877
11.953,60.819,127.94,98.846
11.694,60.282,127.83,98.677
10.982,60.691,127.82,98.442
10.649,60.341,127.58,98.305
9.4474,59.632,127.58,98.332
9.7387,59.525,127.45,98.346
8.1683,59.1,127.43,98.969
8.8717,59.61,127.19,99.112
7.9744,58.36,127.63,99.61
6.9367,58.034,128.14,99.899
6.3983,58.261,128.77,100.27
5.7765,58.701,129.3,100.56
7.0746,59.04,129.56,101.01
7.0344,58.184,129.98,101.34
7.1141,58.084,130.45,101.8
7.4003,57.414,130.79,102
7.7919,57.927,132.15,102.89
7.9453,57.571,133.28,103.68
7.2399,56.912,134.33,104.34
7.135,56.185,134.96,104.83
5.9589,55.427,135.32,105.36
6.5168,54.811,135.77,106.09
6.0475,54.436,135.5,106.63
5.5681,54.136,135.35,107.08
5.3088,54.353,135.12,107.57
5.2425,54.233,134.69,107.91
4.705,54.37,133.81,108.14
4.8623,54.666,133.23,108.2
4.6676,54.723,132.64,108.19
4.9007,54.103,132.47,108.38
5.4619,54.22,131.94,108.6
5.4141,54.347,131.56,108.52
5.6836,54.338,131.27,108.67
5.9837,54.341,131.03,108.74
6.337,54.308,130.71,108.88
5.6125,54.465,130.26,109.08
6.273,54.719,130.55,108.94
6.3493,54.755,130.52,108.95
6.1235,54.723,131.06,109.25
6.031,54.631,131.53,109.51
5.3336,55.207,132.01,109.93
5.203,55.29,132.48,110.09
4.9565,54.825,132.6,110.47
4.2611,54.75,132.71,110.33
3.529,55.149,133.02,110.13
3.537,55.126,133.52,110
3.5741,55.197,133.64,110.04
4.0463,55.931,133.55,109.8
4.5702,55.859,133.26,110.08
4.497,55.676,132.95,110.22
4.9213,55.997,131.86,110.64
5.1407,55.654,131.56,110.6
5.8033,56.261,130.09,110.75
6.0504,55.583,129.06,110.73
6.5854,56.344,128.42,110.44
6.7775,56.338,127.71,110.16
7.6066,57.141,127.55,109.75
7.8502,56.843,127.58,109.4
8.9409,57.391,127.56,108.78
10.149,58.042,127.43,108.23
12.294,58.384,126.72,107.99
12.093,59.417,126.81,107.42
12.475,59.83,126.93,107.15
12.916,60.221,126.98,106.94
13.174,60.838,127.6,106.93
13.247,61.064,127.96,106.99
13.098,61.17,128.58,106.96
12.509,62.078,129.06,107.01
12.247,61.021,129.74,106.77
11.684,61.756,130.57,106.48
10.886,61.724,131.63,106.23
9.9358,61.597,132.44,106.13
9.7865,61.52,132.93,106.52
9.7723,61.346,133.3,106.85
10.558,61.213,133.36,107.04
9.9813,61.273,133.74,107.44
10.633,60.681,133.85,107.63
10.435,60.291,134.05,107.96
10.675,60.542,134.49,107.99
10.564,60.043,135,108.23
10.185,59.718,135.39,108.26
11.319,61.196,135.72,107.99
13.117,61.157,136.23,107.93
13.611,61.401,137.11,107.89
14.289,61.561,138.08,107.74
14.49,61.828,138.98,107.61
14.477,62.032,140.1,107.7
14.534,61.392,140.75,107.87
13.589,61.55,141.44,107.98
12.64,61.922,141.99,108.14
12.556,62.134,143,108.12
12.798,62.292,143.73,108.13
13.161,62.46,144.39,108.21
13.219,62.7,145.11,108.14
14.431,62.481,144.83,108.36
15.031,61.568,144.74,108.57
15.978,62.146,144.45,108.66
16.543,62.456,144.12,108.87
18.128,61.077,143.56,109.57
19.496,60.644,143.42,109.89
18.496,61.165,142.92,110.41
18.945,60.529,142.63,110.75
17.577,61.426,142.03,110.75
17.27,60.881,141.35,110.95
16.835,60.556,140.13,110.91
16.683,61.03,139.7,110.77
17.785,60.534,139.1,110.88
18.303,60.556,138.43,111.08
18.236,59.935,137.87,111.39
18.663,59.709,137.17,111.5
19.749,61.129,137.32,110.89
20.118,61.252,137.22,110.45
20.688,61.815,136.94,110.3
20.861,62.21,136.57,110.3
20.743,62.599,136.5,110.53
20.755,62.487,136.18,110.65
20.073,62.011,136.36,110.72
20.021,62.468,136.65,110.94
20.458,62.273,136.57,110.68
20.91,62.083,136.47,110.44
21.212,61.822,136.38,110.67
21.445,61.589,136.34,110.85
21.489,60.391,135.74,111.55
21.233,59.715,135.72,111.83
20.133,59.763,135.73,112.38
20.903,60.058,135.44,112.35
19.948,59.829,135.43,113.12
19.801,59.8,135.09,113.58
21.308,59.241,135.25,113.97
21.345,58.803,135.59,114.34
21.799,58.818,136.12,114.87
21.757,58.024,136.44,115.15
21.831,57.337,136.77,115.33
21.596,57.238,137.29,115.53
22.005,57.824,138.75,115.2
22.181,58.456,139.67,115.17
22.439,58.085,140.85,114.56
22.203,57.867,142.08,114.26
20.767,58.615,143.35,114.25
20.073,58.219,143.75,114.06
20.173,58.389,144.1,113.78
18.728,58.218,144.59,113.74
18.064,57.571,144.89,113.59
17.65,58.888,144.97,113.49
16.355,58.631,144.86,113.75
17.192,58.522,144.57,113.66
16.914,58.357,144.44,113.86
14.761,58.253,143.71,114
14.937,58.725,143.24,114.21
13.878,58.773,142.5,114.92
13.804,58.513,141.6,115.02
13.844,58.384,140.85,115.22
14.289,58.742,140.29,115.45
14.649,58.915,139.99,115.45
13.952,58.643,139.83,115.47
13.54,58.638,139.65,115.6
13.078,58.621,139.5,115.64
13.696,58.657,139.22,115.73
13.689,58.538,139.16,115.8
13.788,59.214,139.18,116.08
13.285,58.505,139.24,116.27
13.004,58.388,138.95,116.36
12.927,58.642,138.66,116.51
12.943,59.042,138.6,116.64
12.765,58.877,138.51,116.57
12.972,58.355,138.49,116.68
13.097,58.728,138.61,116.93
13.705,59.079,138.61,117.12
13.466,58.084,138.94,117.19
13.905,58.722,139.01,117.49
13.9,58.922,139.34,117.53
12.413,58.41,139.88,117.49
12.876,58.957,139.67,117.66
13.666,59.691,139.54,117.71
13.698,59.338,139.79,117.34
14.738,59.082,140.2,117.31
14.354,59.165,140.79,117.3
15.541,59.67,141.69,117.35
14.361,58.953,142.89,117.35
16.122,59.816,143.48,117.21
14.458,59.244,144.05,116.99
15.111,60.226,143.49,117.08
14.867,59.872,143.21,116.94
15.408,60.198,143.15,116.94
15.959,60.536,143.11,116.92
14.547,60.071,142.67,116.86
15.626,60.475,141.89,117.28
15.041,60.132,141.64,117.15
14.999,60.034,141.27,117.18
15.232,60.204,140.82,117.16
14.605,59.938,140.78,117.09
15.341,61.284,140.57,117.25
14.43,61.165,140.35,117.09
14.439,61.453,140.36,116.69
14.499,61.679,140.28,116.39
13.597,62.129,140.65,116.17
13.769,62.679,140.85,115.85
14.099,62.521,141.15,115.78
14.171,62.299,141.07,115.95
13.709,62.023,141.19,116.03
13.799,61.097,141.23,116.13
13.86,61.194,141.27,116.04
13.961,61.302,141.25,115.98
14.388,61.757,141.65,116
14.127,61.668,141.76,116.02
13.413,61.319,141.93,115.89
13.508,62.343,142.31,115.67
12.618,62.316,142.49,115.71
12.9,62.372,142.23,115.68
11.485,62.978,142.34,115.93
10.854,63.506,142.21,115.96
10.358,63.905,141.85,115.72
9.4347,64.198,141.6,115.66
8.0757,63.666,141.15,115.33
8.3146,65.087,140.82,114.95
2.7931,65.794,139.57,115.01
2.5624,67,138.05,114.87
-0.48565,69.266,135.84,114.59
0.68438,70.141,133.61,114.46
0.5251,70.359,131.89,114.06
1.0825,70.589,130.46,113.83
0.60631,71.614,129.67,113.35
1.3216,71.854,128.9,112.93
1.7172,72.97,129.03,112.53
2.1303,73.088,128.87,112.32
2.3179,72.754,129.15,112.3
2.743,73.463,129.69,111.93
2.5634,73.859,130.16,112.08
2.9475,73.977,130.55,112.25
3.782,73.714,131.03,112.4
2.9585,73.548,131.26,112.55
3.1188,72.9,131.62,112.61
3.8041,72.826,131.94,112.56
2.9588,72.386,132.16,112.39
3.1235,72.067,132.28,112.17
2.8279,72.041,132.32,111.88
3.7194,72.88,132.38,111.48
3.4463,73.065,132.51,111.08
3.2123,73.195,132.55,110.75
4.2299,73.561,132.6,110.52
4.349,73.38,132.53,110.24
4.9367,71.84,132.59,110.34
5.6293,72.325,132.6,110.42
6.3424,71.439,132.82,110.59
7.0081,72.095,133.42,110.56
7.2945,70.949,134.09,110.06
7.0842,71.433,134.81,109.52
7.5516,70.954,134.73,109.32
7.6248,70.604,134.87,109.36
7.543,70.882,135.15,109.39
7.5075,71.212,135.38,109.47
8.4006,70.713,135.17,109.61
8.6736,70.563,135.11,109.74
8.5583,70.632,135.16,109.97
8.2274,70.579,135.21,110.1
8.8225,69.97,134.88,110.09
8.8176,70.061,134.75,110.02
9.5268,70.442,134.87,110.44
9.7093,70.464,134.92,110.72
9.9069,69.911,134.49,111.06
9.4779,69.859,134.2,111.35
10.021,69.939,134.21,111.65
10.243,69.473,134.07,111.74
10.468,69.761,134.19,112.02
10.482,69.81,134.21,112.21
10.176,69.956,134.53,112.18
10.931,69.347,134.54,112.07
10.047,70.168,134.73,111.96
10.224,69.964,134.84,112.03
10.35,70.058,135.08,111.94
10.511,70.191,135.26,111.89
11.132,69.425,135.49,111.73
11.64,70.031,135.46,111.53
12.336,70.167,135.61,111.52
11.777,71.099,135.79,111.36
13.259,70.822,136.24,111.62
14.378,70.02,136.44,111.56
15.941,70.648,136.72,111.98
15.945,70.343,137.11,112.11
16.698,70.5,137.32,112.19
16.501,70.996,137.91,112.32
17.726,70.24,137.99,112.06
18.363,70.878,138.3,111.78
18.154,69.897,138.84,111.52
18.911,70.501,138.87,111.23
19.055,70.05,138.9,111
18.64,69.716,139.07,110.89
19.836,69.335,138.8,110.82
19.965,70.026,138.16,110.92
21.24,69.126,138.27,111.22
20.638,68.686,138.41,111.17
20.935,68.367,138.5,111.31
20.826,68.547,138.39,111.33
20.167,68.221,138.67,111.24
19.543,67.816,138.87,111.21
18.653,69.3,139.68,110.93
17.963,68.91,140.44,110.96
17.334,68.661,140.68,110.87
17.798,68.488,141.04,110.86
16.256,69.44,140.97,110.54
14.949,70.029,141.08,110.55
14.867,69.298,140.89,110.59
14.721,70.069,140.91,110.62
15.211,69.615,140.52,110.55
15.98,69.837,140.13,110.32
15.661,70.717,140.43,110.62
15.49,69.928,140.55,110.89
15.853,69.656,141.14,110.94
16.263,70.003,141.46,110.95
16.742,69.982,141.53,111.19
16.685,69.283,141.57,111.37
17.221,69.756,141.63,110.98
16.822,69.499,141.94,110.64
17.39,70.511,141.61,110.54
17.697,69.869,141.46,110.44
18.291,70.351,141.19,110.3
18.684,69.956,140.72,110.37
19.569,69.51,140.13,110.85
19.541,69.205,139.71,111.1
22.117,68.132,138.95,110.83
22.465,68.666,138.35,110.73
22.766,68.941,137.55,110.65
23.391,68.405,136.92,110.61
25.458,68.046,136.6,110.64
26.233,67.828,136.3,110.6
27.368,67.426,135.98,110.7
28.107,67.014,136.06,110.74
27.553,67.464,135.92,110.86
27.506,66.998,135.9,111.02
24.665,66.447,137.22,111.06
22.711,67.149,138.19,110.9
19.288,67.41,139.24,110.89
18.145,68.112,140,110.8
17.193,68.619,140.76,110.62
16.901,69.414,141.11,110.53
15.997,70.242,141.7,110.48
15.314,70.914,142.32,110.45
14.149,71.392,142.36,110.36
13.215,71.109,142.32,110.52
14.176,71.096,141.83,110.37
13.381,71.005,141.91,110.31
14.59,71.573,142.19,110.29
14.53,71.017,142.23,110.28
14.55,70.739,142.95,110.38
14.019,71.302,143.16,110.55
14.046,71.028,143.64,110.73
14.089,70.779,144.01,110.8
14.892,71.361,144.11,110.8
14.531,70.696,144.5,110.85
16.147,70.573,144.19,110.68
16.627,70.923,143.92,110.62
17.37,71.011,143.53,110.69
17.931,71.522,143.28,110.73
19.142,70.842,142.76,110.73
20.241,70.705,142.36,110.69
21.518,70.502,142.54,110.7
22.146,70.005,142.87,110.73
22.545,70.504,143.03,110.43
21.976,71.408,143.21,110.27
22.177,71.145,142.92,110.42
22.362,70.894,142.69,110.51
23.242,70.238,142.07,110.51
23.694,69.973,141.4,110.65
24.414,69.972,140.74,110.81
24.775,69.579,140.34,110.94
25.466,69.125,139.74,110.86
25.436,69.303,139.32,111.02
24.363,69.681,139.56,110.96
24.102,68.794,139.15,110.94
24.86,68.915,139,110.69
25.573,69.009,138.87,110.48
23.698,68.615,138.94,110.73
24.613,68.538,138.58,110.81
24.1,68.294,138.2,110.96
23.579,68.073,137.9,111.02
23.181,66.414,137.61,111.26
23.852,67.178,137.53,111.3
24.466,65.949,137.37,111.58
25.202,65.787,137.32,111.77
24.889,64.985,138.74,111.84
23.955,66.282,139.23,111.95
24.808,65.152,140.86,111.86
24.581,65.784,141.83,111.81
23.266,66.006,143.74,111.85
22.172,66.245,144.94,111.89
21.201,65.213,146.23,112.03
21.091,65.168,147.23,111.99
19.233,63.972,147.96,112.35
18.316,63.793,148.59,112.53
17.2,61.808,148.57,112.71
16.842,62.079,149.12,112.65
17.772,49.927,149,112.15
19.633,47.694,148.44,112.15
20.401,34.72,148.79,112.54
22.069,30.564,149.04,113.06
23.855,23.979,149.17,113.4
25.102,24.118,149.79,113.55
27.013,13.858,148.34,114.23
27.823,12.771,147.51,114.9
34.457,8.8866,145.86,115.25
37.483,8.3572,145.06,115.46
44.705,8.855,143.73,115.37
47.026,8.9054,144.07,115.56
58.093,14.553,143.37,114.89
61.977,14.418,143.09,114.8
72.248,21.654,142.62,113.88
75.363,21.282,142.45,114.04
81.282,25.48,142.52,113.37
83.395,24.546,143.64,113.94
93.619,31.692,143.24,113.51
95.884,31.405,144.14,114.08
101.95,39.026,144.19,113.77
102.8,38.732,144.78,114.34
104.45,42.662,145.22,114.76
104.56,42.403,145.52,115.33
106.39,49.057,145.1,115.22
107.35,49.359,144.71,115.33
109.38,53.961,144.93,115.1
109.6,52.92,145.12,115.34
110.09,55.967,145.4,114.97
110.46,55.168,145.52,115.29
111.74,55.974,146.02,115.11
111.42,55.276,146.15,115.15
111.87,55.53,146.99,114.98
111.94,55.215,147.48,114.8
111.98,53.422,147.85,114.87
111.74,53.971,148.37,114.79
110.75,49.711,148.26,114.99
111.17,48.344,148.9,114.81
110.38,42.977,149.22,114.95
109.07,43.022,149.73,114.99
108.86,39.743,150.37,115.39
107.8,39.431,151.44,115.43
106.2,36.96,153.29,115.76
105.15,36.676,154.27,116.07
101.45,34.846,155.93,116.59
100.05,35.333,157.26,116.38
98.033,36.105,158.43,116.29
96.889,35.201,159.63,116.48
91.088,35.646,161.6,116.68
88.17,35.632,162.13,116.66
81.774,35.468,163.2,116.8
78.787,36.486,163.38,116.46
73.983,37.234,163.67,116.51
71.77,37.655,163.7,116.26
61.158,40.246,164.69,117.52
54.741,40.843,164.63,118.17
40.346,54.986,171.31,115.73
34.276,55.777,170.26,116.6
28.325,60.872,168.69,117.04
25.732,61.794,167.05,116.64
23.73,68.363,164.88,116.52
23.71,67.065,163.59,115.89
24.466,75.432,165.14,114.75
23.619,76.501,165.95,113.86
22.149,78.565,166.65,113.34
22.801,77.74,166.91,113
19.469,80.4,167.29,112.6
16.994,79.931,166.45,112.48
13.541,81.844,165.74,112.63
13.27,80.81,164.61,112.71
12.696,81.134,163.75,112.67
12.139,81.992,162.77,112.72
10.581,81.805,162.7,112.74
10.04,81.742,162.21,112.67
8.8765,80.952,162.05,112.63
9.3233,81.875,162.1,112.53
8.6871,81.881,162.06,112.54
8.0295,81.891,162.01,112.54
7.2112,83.218,162.22,112.62
7.527,82.779,162.75,112.63
5.0921,84.113,163.17,112.89
5.1773,83.529,162.85,113.1
5.5891,83.652,162.99,113.12
4.6896,83.876,163.61,113.09
6.1992,85.03,164.84,113.49
5.7106,84.52,166.76,113.89
6.0552,82.27,168.23,114.15
4.4645,81.468,169.78,114.67
3.4646,81.32,170.83,115.11
3.021,80.536,171.51,115.44
2.9192,79.83,172.87,115.43
2.5447,79.525,174.27,115.29
3.0363,79.225,175.29,114.99
3.1919,80.185,176.5,114.77
4.4615,80.521,177.89,114.95
5.3705,79.86,179.69,115.24
8.0581,77.796,181.69,114.82
7.748,76.637,182.96,114.79
8.1975,70.172,181.21,115.53
7.902,69.27,180.08,115.49
7.6652,65.019,179.02,115.66
8.3299,65.904,177.9,115.85
7.2659,64.655,177.95,115.63
6.8555,64.392,177.83,115.71
7.3027,61.662,178.04,114.8
6.2446,62.248,177.73,114.19
5.3014,62.198,176.46,113.77
5.5901,61.995,175.55,113.24
5.6892,59.856,173.96,112.47
5.8421,59.376,172.25,111.87
4.575,56.039,171.49,111.45
4.4906,53.471,169.73,111.19
4.3892,51.621,168.55,110.96
3.7372,51.166,167.18,110.6
3.1232,48.621,166.25,110.24
2.6096,47.215,165.16,109.76
3.6475,43.991,164.83,108.82
5.1814,43.208,165.08,108.07
7.0576,40.839,165.25,107.36
8.4818,39.061,165.86,106.81
-3.5921,35.089,157.55,111.54
0.52551,33.292,151.31,114.62
3.6563,32.279,146.72,116.62
5.471,31.993,143.49,117.72
4.7708,33.461,141.45,117.99
5.0316,33.688,139.37,118.53
6.359,39.67,138.03,118.2
6.6829,42.028,136.15,118.22
7.9599,48.004,134.48,116.77
8.0276,50.27,132.76,115.48
9.2205,51.902,130.89,114.41
10.206,52.465,129.31,113.7
11.546,47.504,128.03,114.04
11.936,47.294,127.25,114.27
11.832,46.219,127.27,114.22
12.135,46.256,127.14,114.14
12.262,45.703,126.97,114.13
12.591,45.817,126.92,113.92
13.112,52.603,126.99,112.85
12.284,54.164,126.64,112.71
11.589,66.716,127.71,111.44
12.805,68.534,127.45,111.37
13.524,70.25,128.55,111.43
13.98,70.763,128.79,111.85
12.206,71.175,128.12,113.06
10.593,71.028,127.76,114.03
9.1179,66.761,125.68,115.69
8.6921,65.628,123.95,116.66
7.5114,62.269,121.97,117.79
7.9854,61.623,120.35,118.14
8.763,57.085,118.6,118.84
9.1271,56.297,118.27,118.94
8.1234,57.502,117.48,119.3
7.8896,58.314,116.63,119.28
8.6584,59.413,116.42,118.98
9.0672,59.428,116.63,118.67
9.3482,63.83,117.21,118.21
9.02,64.553,117.11,117.91
8.7464,68.831,117.16,117.9
7.9644,69.921,116.44,118.08
8.2334,70.688,115.61,118.6
7.6747,71.247,114.95,118.98
7.1995,72.091,117.05,117.88
7.1459,71.806,118.84,117.23
11.094,64.65,123.98,116.7
11.795,62.811,128.85,117.01
14.94,57.535,133.09,116.88
15.618,56.431,136.51,117.27
17.222,50.006,138.9,117.24
18.209,47.841,141.3,117.69
18.527,43.329,142.68,118.01
18.508,42.859,143.93,118.47
18.285,41.122,145.08,118.97
17.98,41.643,145.73,119.25
16.358,41.062,147.01,119.55
15.243,40.378,148.03,119.62
13.965,40.819,149.1,119.55
12.587,40.331,149.97,119.56
11.8,41.549,150.73,119.3
11.357,42.16,151.44,119.31
8.354,43.665,152.26,119.42
7.1603,43.137,152.7,119.4
3.5507,44.619,153.19,119.54
3.0772,44.868,153.08,119.51
2.1314,45.485,152.06,119.67
1.9568,45.664,151.44,119.85
0.98521,45.882,149.76,120.16
0.79818,46.151,148.23,120.27
-0.81559,50.55,146.02,120.57
-0.68336,50.128,144.07,121.03
0.029419,54.427,142.64,120.84
1.1649,53.85,141.47,120.88
2.5105,54.546,140.51,120.75
3.2264,55.575,139.63,120.43
3.6675,56.984,139.11,120.09
3.166,55.885,138.34,120.11
3.6,56.637,138.37,119.81
3.733,56.611,138.15,119.63
4.5133,57.717,138.58,119.37
3.9917,57.055,138.4,119.42
3.5778,56.963,138.01,119.35
3.8219,57.421,137.98,119.26
3.5907,57.087,137.53,119.36
3.8297,57.375,137.3,119.39
3.8778,57.772,136.83,119.44
3.2245,57.657,136.52,119.39
2.938,58.147,136.12,119.28
3.0311,58.445,136.11,119.18
2.8187,58.401,135.86,119.31
3.0916,58.635,135.85,119.25
2.8515,59.138,135.91,119.09
2.537,59.895,135.6,118.83
2.4817,60.896,135.5,118.57
1.7424,60.365,134.87,118.58
3.3564,60.91,135.14,118.42
3.8686,61.451,135.53,118.63
4.4811,61.733,136.2,118.96
4.9474,61.292,136.81,119.18
3.7158,61.86,136.93,118.98
3.2482,61.368,136.84,119.01
2.352,60.653,136.59,119.08
1.9599,61.014,136.11,119.3
2.6141,59.282,136.2,119.59
2.3965,59.582,136.21,119.71
3.1789,58.514,136.11,119.41
3.5614,58.9,135.59,119.24
2.8918,58.588,134.59,119.21
2.8661,59.298,133.94,118.92
2.6142,58.968,133.15,118.64
2.4777,59.765,132.27,118.41
1.2,59.876,131.08,118.34
1.7571,60.427,129.94,118.32
1.4633,60.514,128.5,118.18
1.2121,60.189,127.31,117.95
1.0999,61.031,125.54,117.43
1.5899,62.084,124.34,117.18
0.82406,63.866,122.62,116.44
0.99237,64.506,121.33,115.91
1.9237,68.248,118.98,115.98
3.5277,68.536,117.26,115.99
4.736,69.843,115.66,116.29
6.119,70.683,114.61,116.39
5.7615,71.538,112.81,116.79
7.9538,70.961,111.34,116.97
8.4213,71.566,110.02,116.56
9.0293,71.672,108.93,116.18
9.3847,72.62,107.86,115.86
10.303,72.231,107.08,115.76
10.544,72.951,106.38,115.54
11.098,73.287,105.82,115.23
10.516,73.788,105.61,115.07
11.978,73.855,105.03,115.32
11.78,73.588,105.05,115.51
12.614,73.615,104.86,115.49
11.27,73.563,104.71,115.39
11.284,73.669,103.91,115.46
11.103,73.728,103.24,115.58
11.088,73.051,102.8,115.45
11.368,73.803,102.56,115.04
10.638,74.227,102.63,114.8
10.819,74.162,102.19,114.94
4.7416,74.721,101.23,114.2
3.0409,74.517,99.605,113.87
2.6812,76.21,96.954,112.92
2.4262,75.872,94.565,112.28
3.1322,77.097,92.483,111.65
3.5737,77.131,90.585,111.08
2.3138,80.526,88.317,109.98
3.2525,81.714,86.066,109.41
3.5975,84.171,84.433,108.11
4.6582,84.985,82.77,107.31
4.3498,85.657,82.072,106.11
4.6292,86.458,81.002,105.52
3.5553,86.066,81.024,104.13
4.3601,86.177,80.144,103.26
3.2659,86.763,79.038,102.19
4.3321,86.802,78.088,101.65
3.8224,87.073,77.55,101.14
4.3035,87.378,76.774,100.84
3.9822,88.038,76.58,100.81
4.3685,88.234,76.302,100.73
3.9543,87.088,76.741,100.04
3.7841,86.966,76.875,99.667
4.5985,87.868,76.314,99.314
5.2858,87.67,76.143,99.131
4.6815,88.907,75.724,99.551
4.7425,88.597,75.764,100
6.2224,90.153,76.411,101.54
5.4207,90.827,77.008,102.39
7.1293,90.238,78.826,103.42
6.0564,89.444,79.783,104.25
7.5416,87.021,81.851,105.31
7.196,86.676,83.151,105.99
5.2404,81.4,82.851,106.94
5.7664,80.655,82.318,107.64
6.359,78.182,81.874,107.52
6.8312,76.936,81.526,107.84
6.3259,71.832,81.346,107.85
6.5305,70.402,81.311,107.59
6.0864,68.494,81.275,108.08
6.8525,67.625,81.502,108.34
7.0808,67.203,81.521,108.63
6.6841,66.422,81.597,108.76
6.9673,65.526,81.654,108.59
6.0896,65.336,81.651,108.51
6.7872,63.965,81.623,108.11
6.8949,63.789,81.504,107.54
7.1816,63.726,81.348,107.08
7.2802,64.493,81.161,106.49
9.1799,63.403,80.726,106.15
8.795,62.888,80.557,105.9
8.9826,61.733,80.633,105.19
8.9534,60.999,80.731,104.64
9.0464,61.542,80.561,104.72
9.2768,61.66,80.538,104.86
8.9206,62.305,81.062,104.63
9.1154,62.827,81.482,104.4
8.994,64.793,81.836,103.99
9.3627,65.992,82.091,103.8
9.5634,66.986,82.381,103.37
9.6908,67.56,82.655,103.02
9.1385,67.755,83.07,103.01
8.957,68.388,83.23,103.03
8.3771,68.055,82.828,103.05
8.1783,67.683,82.324,103.15
7.9394,67.528,81.7,103.17
7.9805,67.954,81.067,103.05
7.4288,68.601,80.627,103.14
6.7454,68.66,80.018,103.28
5.9376,69.888,79.131,104.1
4.8718,70.466,78.309,104.39
4.0404,70.619,77.856,104.43
4.6995,70.154,77.055,104.77
4.2815,70.315,76.113,105.48
4.926,70.412,75.268,106.22
4.2908,69.544,74.404,107.37
5.394,69.94,73.315,108.2
5.2629,68.546,72.392,109.14
6.2976,68.384,71.612,109.65
5.1232,66.033,71.343,110.76
5.9781,65.974,70.636,111.43
7.301,65.959,70.61,111.43
6.9707,65.42,71.271,111.19
7.8803,65.227,71.646,110.96
7.4081,65.409,72.397,110.84
8.3522,67.063,72.42,112
7.8664,66.761,73.098,112.58
8.1323,70.074,72.952,115.77
7.5442,70.326,73.056,118.29
7.6735,70.107,73.445,120.03
8.0635,68.614,73.997,121.68
8.497,71.043,75.87,120.3
8.409,72.036,77.213,119.58
10.311,77.244,85.439,115.08
10.42,79.916,93.136,112.37
11.134,80.036,99.955,110.65
11.536,80.492,106.73,109.93
11.903,79.447,113.01,110.27
11.706,78.467,119.29,110.86
10.277,76.626,124.31,111.65
9.8065,75.463,128.61,112.57
7.9813,73.839,131.51,114.09
7.1859,72.495,133.45,115.42
5.4597,68.204,134.79,117.64
5.3009,66.077,135.78,119.34
3.0249,61.674,134.84,121.89
3.1126,59.64,133.85,123.65
3.1591,58.683,133.21,125.6
3.7365,57.398,132.64,127
3.4585,55.943,132.2,128.37
3.6916,54.923,132.02,129.45
3.8261,53.409,131.08,130.41
4.0818,52.291,130.01,130.9
3.7868,53.503,128.51,131.65
3.9405,53.134,127.04,132.36
3.4967,53.954,124.41,132.68
4.1189,54.29,122.07,132.34
4.5029,55.349,120.34,132.16
4.2509,55.754,118.76,131.98
4.0644,56.105,117.69,131.38
4.7367,56.631,117,130.73
4.4697,59.202,117.18,128.93
3.5923,60.346,117.09,127.89
3.8127,61.696,117.73,126.21
4.0189,62.651,118.09,125.06
4.4461,63.631,119.76,124.26
3.7917,64.372,120.76,123.6
4.157,64.855,122.15,122.94
3.4552,64.641,123.45,122.86
5.0277,64.655,124.32,122.74
4.1646,64.315,125.98,122.71
6.1159,64.715,127.73,123.18
5.4395,64.441,129.19,123.53
5.7435,64.94,130.3,123.85
5.58,64.783,131.39,124.19
5.7548,65.416,132.52,124.32
4.9368,65.713,133.31,124.05
5.0433,66.235,134.08,123.54
5.2602,66.568,134.68,123.25
5.2734,66.501,135.35,123.13
5.1327,66.344,135.98,123.03
5.5011,66.349,137.23,122.71
5.3074,66.147,138.12,122.7
4.9008,65.582,138.8,122.91
4.5825,64.965,139.42,123.12
4.9631,64.617,139.73,123.29
4.3786,64.246,139.91,123.4
2.6966,63.7,140.04,123.76
1.9251,63.36,139.62,123.95
0.27867,61.834,138.53,124.55
1.9479,61.183,137.69,124.74
1.7713,59.947,136.56,124.85
2.2139,60.392,135.67,124.57
1.7309,58.808,134.25,124.63
2.5615,58.275,132.92,124.84
2.8875,57.546,131.67,124.5
3.6195,57.753,130.82,124.37
3.1376,58.226,130.03,124.49
4.2828,58.188,129.4,124.44
4.9187,57.647,129.17,124.6
4.2385,57.347,129.52,124.82
4.8538,57.255,129.38,124.97
4.6877,56.907,129.4,125.1
5.3952,57.639,128.91,125.36
5.4113,57.573,129.17,125.31
6.1647,57.853,129.46,125.15
6.5795,57.919,130.02,124.98
6.7105,57.348,129.84,124.66
6.167,57.065,129.56,124.44
6.1632,57.315,129.31,124.16
5.9445,57.85,128.88,124.08
5.1343,58.013,128.43,123.97
5.8705,57.81,128.3,123.73
5.5457,57.852,128.34,124.03
5.6763,57.344,128.38,124.26
5.8569,58.252,128.47,124.51
6.0173,57.105,128.63,124.94
6.1054,57.115,128.43,125.16
6.2749,57.155,128.36,125.31
6.3695,57.012,128.45,125.57
5.9622,57.026,128.58,125.81
6.4334,57.008,128.71,126.11
6.3208,56.658,129.06,126.26
6.6789,56.253,129.63,126.77
6.9702,55.882,130.12,127.14
7.7452,56.8,130.89,126.59
8.0033,56.448,131.56,126.53
8.6186,56.819,132.43,126.45
8.5524,56.574,132.89,126.73
9.5978,57.479,133.38,126.41
9.9816,57.688,133.52,126.3
12.797,58.149,134.06,126.19
14.443,57.76,134.32,126.11
15.776,56.978,134.62,126.14
17.11,56.982,135.13,126.31
19.644,56.618,136.03,126.83
18.995,55.92,136.31,126.97
20.246,55.528,135.79,127.35
19.995,54.657,135.92,127.47
21.954,54.734,136.09,127.64
22.174,53.941,136.59,127.82
24.576,53.369,136.97,127.85
24.92,53.05,136.96,128.22
26.12,52.236,137.89,128
26.103,51.398,138.45,128.31
26.071,51.651,139.91,128.15
25.406,51.333,140.6,128.42
26.405,51.611,142.95,127.95
25.576,51.8,145.21,127.73
24.411,51.837,146.63,127.5
24.133,52.118,147.93,127.1
22.877,51.597,148.2,127.22
23.098,52.132,148.78,126.99
22.303,51.083,148.51,127.5
21.765,52.008,149.23,127.62
19.95,49.559,150.3,128.85
18.455,50.091,151.43,129.36
17.013,48.614,152.34,130.01
15.832,48.881,153.28,130.24
15.268,48.298,153.56,130.49
14.549,47.855,154.03,130.89
13.284,45.684,154.89,132.07
13.123,45.854,156.19,132.93
10.173,44.854,157.72,134.43
9.4086,44.706,158.45,135.25
7.7708,47.514,160.05,136.17
7.9301,47.129,161.33,137.19
8.0668,47.794,163.07,138.49
7.597,47.863,164.43,139.54
7.2021,47.142,165.2,140.76
6.8542,46.652,165.97,141.63
4.4958,45.169,165.51,143.12
3.9142,44.074,165.29,143.97
2.995,43.774,162.87,145.44
3.4216,43.379,160.89,146.4
2.6546,41.627,158.7,147.73
4.1571,41.985,156.61,148.3
3.4306,42.715,155.09,149.57
4.3821,42.494,153.28,149.76
4.4216,47.663,153.63,149.03
3.041,48.305,153.19,148.52
4.2978,50.336,153.11,148.11
4.1978,51.322,153.2,147.65
4.6575,55.152,155.3,146.14
3.8468,56.264,157.32,145.14
3.6665,57.73,159.91,144.42
3.8996,57.557,161.94,144.1
3.3694,58.268,163.61,143.83
3.192,58.446,164.71,143.74
2.6766,58.848,165.19,143.51
3.654,57.876,165.51,143.62
1.4648,60.828,165.47,143.04
0.66117,62.112,165.17,142.49
0.99972,63.321,164.3,141.42
1.0937,63.143,163.6,140.42
3.3909,64.532,163.88,138.7
4.2635,65.068,164.31,137.23
6.6856,64.172,164.62,135.55
7.8844,64.979,165.37,134.42
8.6998,62.583,166.46,134.14
9.2167,61.991,167.27,133.68
10.772,56.891,167.82,133.87
10.941,56.863,168.13,133.9
11.376,53.35,169.23,135.1
12.261,53.326,169.75,135.78
12.904,52.213,170.86,136.62
12.764,51.642,171.7,137.44
14.015,50.171,172.81,137.79
13.647,50.195,173.45,138.3
12.217,50.552,173.89,138.4
11.304,50.255,174.41,138.32
10.428,50.013,174.4,138.49
10.178,49.632,174.42,138.57
8.3694,49.672,173.84,138.84
8.0831,50.12,173.04,138.82
5.5531,50.44,172.42,138.65
4.9319,50.977,170.99,138.75
4.4392,51.766,169.48,138.95
4.3018,52.05,168.28,139.07
4.9582,52.581,167.32,138.96
5.6424,51.992,166.89,138.86
4.4709,53.69,166.08,139.27
3.8611,54.151,165.73,139.42
3.0314,54.996,165.23,139.67
2.7699,55.204,164.99,139.75
1.1055,58.317,164.6,140.58
0.32933,58.426,164.1,141.53
-0.54925,62.614,162.47,142.11
-0.4222,62.49,161.54,142.82
0.10668,64.524,160.05,143.19
0.24243,64.445,159.02,143.67
2.0853,65.369,158.12,143.94
1.2373,65.619,158.27,144.31
2.9649,67.015,157.75,144.12
2.7409,67.223,157.59,144.25
3.6214,67.235,157.62,144.06
3.2959,67.115,157.94,143.91
7.0875,67.914,157.9,142.46
7.9378,68.051,158.65,141.66
9.8275,66.868,158.93,140.14
10.964,66.74,159.73,139.25
11.907,66.214,160.78,137.94
11.088,66.103,161.29,137.33
11.121,65.257,161.51,136.88
10.682,64.865,161.53,136.73
13.632,65.391,160.79,136.67
13.856,65.167,160.11,136.33
14.186,65.335,159.45,135.83
14.765,65.168,158.8,135.43
16.146,63.983,158.5,134.37
16.433,63.437,158.09,133.84
17.281,62.101,157.63,132.68
17.249,62.569,156.91,132.18
19.242,61.95,157.35,131.44
19.147,61.981,157.34,131.15
22.362,59.991,156.83,129.9
23.011,60.351,156.72,129.2
25.454,56.537,156.01,127.8
26.166,57.272,156.22,127.16
25.589,55.266,156.4,126.6
26.026,53.979,156.31,126.26
26.378,52.124,156.15,125.56
27.436,51.991,155.95,124.88
27.033,51.802,155.9,124.22
27.418,52.061,155.57,123.58
24.911,52.266,154.91,122.96
25.355,51.856,154.23,122.25
21.735,54.07,154.01,121.69
21.119,54.285,153.28,121.06
16.752,60.02,152.6,120.83
13.994,60.136,151.74,120.52
11.025,61.42,150.25,120.12
9.9271,62.316,149.19,119.72
8.7882,63.33,147.93,119.46
8.8082,62.824,146.52,119.34
8.869,64.672,145.28,118.79
9.2625,63.823,143.98,118.51
9.4893,64.409,142.57,118.03
9.6082,65.51,141.38,117.51
10.545,65.225,140.76,116.89
10.517,65.21,140.1,116.53
10.505,66.708,139.68,115.9
11.448,65.809,138.9,115.36
12.534,66.78,138.17,114.71
12.515,66.974,137.58,114.48
13.727,65.988,136.78,114.14
14.337,67.103,136.52,113.74
15.576,67.846,135.89,113.22
15.771,67.418,135.01,112.89
17.035,67.58,134.41,112.43
17.419,67.916,133.98,112.24
17.5,67.835,133.48,112.03
17.876,68.773,133.19,111.85
19.253,68.237,132.97,111.17
20.141,68.799,132.7,110.78
22.006,67.688,132.42,110.49
23.109,68.283,132.36,110.34
24.542,68.621,132.3,110.1
24.597,68.255,132.47,110.28
25.627,68.156,132.22,110.19
26.455,67.512,132.04,110.34
28.502,67.096,131.24,110.41
28.674,66.826,130.77,110.58
28.983,66.343,130.26,110.53
29.593,66.424,129.75,110.51
31.936,67.364,129.47,110.11
31.735,67.37,129.26,109.94
32.621,67.248,129.53,109.18
33.311,67.857,129.9,108.61
33.585,67.91,130.39,107.89
34.457,69.162,130.8,107.2
36.594,69.44,130.81,106.43
37.479,70.013,130.89,105.87
40.428,71.144,130.01,104.76
41.715,70.936,129.09,104.22
42.93,71.344,127.75,103.46
44.095,71.518,126.57,102.92
47.083,73.027,124.39,102.34
48.286,73.157,122.47,101.81
50.967,72.672,120.6,101.25
52.509,73.049,119.07,100.95
53.416,72.044,118.45,100.86
53.815,72.284,117.68,100.66
55.303,72.64,117.35,100.78
56.427,72.275,116.75,100.98
56.311,73.788,116.61,101.16
56.221,73.793,116.72,101.62
56.75,74.212,116.34,101.61
56.746,74.343,116,101.69
63.102,74.181,116.6,101.51
65.287,73.075,116.5,101.86
71.319,73.747,115.94,101.35
72.113,73.659,115.78,101.5
72.991,74.891,116.23,101.2
72.836,75.228,116.89,101.13
74.399,75.578,118.15,100.57
74.855,75.419,119.43,100.31
75.061,76.677,120.55,99.669
75.016,77.366,121.49,99.227
78.747,77.892,122.97,98.764
79.065,77.468,124.25,98.503
86.544,75.276,124.69,98.715
91.732,75.064,125.49,98.671
101.57,73.711,124.31,99.147
105.45,71.917,124.37,99.379
109.01,71.704,124.51,99.553
110.99,71.812,124.94,99.625
112.84,70.638,124.63,100.2
114.35,69.647,124.51,100.79
114.54,69.604,124.18,100.95
114.53,69.899,123.92,101.13
113.74,70.142,123.31,101.8
112.71,70.287,122.85,102.23
110.57,71.556,119.81,102.79
110.23,73.311,117.09,102.8
108.59,71.21,114.25,102.44
109.6,71.711,112.05,101.69
108.57,71.613,109.81,101.04
109.67,71.73,107.83,100.99
108.42,73.633,106.21,100.51
108.22,74.711,105.21,99.713
108.54,78.599,105.51,98.546
108.17,81.122,105.52,97.456
109.03,83.235,106.75,96.726
108.81,84.67,107.81,95.632
110.41,86.76,108.05,94.986
110.31,87.87,108.51,94.578
110.1,90.007,109.17,92.749
109.48,91.371,109.48,91.323
107.61,92.112,109.83,90.151
106.51,92.783,109.85,89.238
104.55,92.471,110.22,87.981
103.23,93,110.7,86.773
101.32,93.34,110.95,86.136
100.34,93.524,111.01,85.65
100.24,91.413,110.51,85.495
100.61,91.763,110.56,85.352
91.592,91.918,110.31,84.918
93.369,91.604,109.92,84.605
88.629,83.013,108.75,84.709
93.44,82.905,108.44,85.165
87.312,81.627,107.6,84.918
90.363,80.348,107.25,85.478
83.181,69.179,105.57,86.143
85.957,68.939,104.5,86.754
75.443,57.482,103.85,87.351
76.555,57.51,103.37,87.8
66.735,57.594,103.06,87.767
59.716,59.141,102.51,87.331
62.146,48.821,101.79,87.942
64.721,49.74,101.33,88.212
68.359,39.109,100.31,89.522
70.622,39.684,99.589,90.421
61.368,40.769,99.677,91.08
52.926,42.78,99.99,91.41
115.87,40.968,97.295,91.78
118.77,40.305,94.741,91.705
121.29,40.843,93.303,90.859
123.48,41.739,92.059,90.018
124.26,43.265,91.33,88.813
125.23,44.475,90.718,87.703
124.2,45.743,89.487,85.869
123.93,47.179,88.487,84.234
122.55,45.994,86.5,83.385
121.94,45.801,84.698,82.353
120.9,44.691,83.255,82.093
120.56,44.84,81.886,81.844
111.84,46.582,80.963,80.553
113.36,47.942,80.472,79.568
111.56,53.632,79.974,78.026
110.85,55.512,79.541,76.829
109.1,60.293,78.535,76.62
107.61,61.718,77.81,76.157
96.561,66.117,77.226,76.38
95.983,68.226,76.885,76.5
91.289,69.199,75.505,77.531
88.395,70.221,74.8,77.616
86.073,69.185,74.344,77.745
85.071,69.377,73.876,78.027
83.313,70.743,73.606,78.2
82.587,71.507,73.626,78.128
82.716,71.622,74.171,78.059
82.909,72.408,74.552,77.947
83.708,71.889,75.195,78.08
83.847,71.989,75.477,78.074
84.006,71.269,75.956,78.348
84.602,70.863,76.236,78.497
83.572,71.847,76.527,78.663
83.617,71.924,76.509,78.531
83.375,72.558,76.469,78.576
83.452,73.096,76.055,78.48
83.528,73.319,75.746,78.315
84.572,75.043,75.944,78.59
84.456,75.7,75.932,78.814
84.669,75.968,75.56,78.87
84.596,76.077,75.259,78.966
84.616,77.073,75.154,79.056
84.163,84.655,76.018,78.669
83.753,84.166,76.569,78.351
83.314,84.638,76.8,78.133
81.883,86.126,76.957,77.549
81.233,87.276,76.931,77.087
80.193,88.097,76.991,76.677
79.61,88.865,77.047,76.407
80.237,89.32,77.375,75.798
80.948,89.702,77.594,75.328
80.179,90.922,77.735,75.13
80.051,91.243,77.894,75.01
80.607,91.695,78.294,74.575
80.08,91.595,78.511,74.309
79.579,91.288,78.633,74.138
78.953,91.642,78.977,74.032
78.543,92.286,79.045,73.673
78.154,92.904,79.06,73.372
77.411,92.647,78.969,73.476
77.465,92.428,79.199,73.617
76.515,91.507,79.329,73.873
75.486,90.849,79.467,74.082
73.718,89.696,79.063,73.949
72.345,89.557,78.777,73.528
70.816,88.575,78.554,73.15
70.095,88.212,78.457,72.878
60.922,78.835,79.22,72.443
61.035,78.803,79.661,72.127
70.13,62.22,78.876,72.231
69.875,63.42,78.209,72.469
77.692,55.309,77.376,72.546
76.8,55.865,76.722,72.384
75.394,55.781,76.209,72.353
74.992,56.456,75.904,72.22
81.626,49.659,75.115,72.802
80.127,50.242,74.212,73.343
79.178,51.203,73.842,73.695
78.66,50.919,73.567,73.785
78.759,50.761,73.238,73.966
78.827,50.634,72.971,74.085
78.772,50.747,72.487,74.098
78.257,51.008,72.008,74.103
78.17,50.714,72.016,74.544
77.817,51.123,72.018,74.715
77.768,51.558,72.213,74.971
78.168,51.557,72.365,74.834
77.475,51.369,72.458,75.012
77.636,51.093,72.618,75.046
77.222,51.016,72.865,74.957
76.687,50.92,72.9,74.852
76.276,50.64,73.035,74.909
75.755,50.431,73.127,74.956
75.914,50.019,72.92,75.076
75.801,49.646,72.817,75.155
74.875,49.961,72.881,75.344
74.171,49.781,72.828,75.66
73.879,48.802,72.904,76.09
74.268,48.489,73.14,76.398
74.517,49.053,73.471,76.184
73.963,49.201,73.543,75.931
74.557,47.99,74.112,76.026
74.398,48.409,74.291,75.991
74.092,48.082,74.664,76.111
73.929,47.89,74.925,76.325
73.736,47.62,75.85,76.047
72.949,47.256,76.208,76.173
72.825,47.507,76.341,76.276
73.035,47.766,76.701,76.275
