500,250,251,186
498.18,257.57,252.78,187.06
508.52,260.83,252.41,187.18
508.56,257.35,254.5,188.78
517.54,258.09,254.1,188.55
524.34,255.78,254.07,188.16
533.28,256.44,252.03,188.14
540.61,257.55,250.23,188.22
546.84,258.01,248.03,188.87
549.95,256.87,247.23,189.79
555.3,257.41,245.82,189.87
559.45,258.51,244.81,189.68
562.15,261.04,243.78,189.38
564.53,268.25,243.6,190.37
565.92,280.84,244.1,191.58
563.38,290.13,246.09,192.33
560.77,303.59,248.96,193.36
550.96,305.74,254.23,194.94
541.67,308.38,258.89,196.46
536.07,307.83,260.93,198.58
531.38,307.78,262.46,198.76
529.88,302.09,263.66,199.32
522.56,299.17,264.65,200.32
516.66,300.47,265.8,200.39
510.39,298.06,267.65,202.12
504.45,299.78,269.45,203.32
501.79,300.27,270.14,204.21
501.68,301.44,269.61,204.74
500.18,302.88,269.65,205.18
496.54,305.17,271.03,206.24
498.45,307.15,270.35,206.4
499.62,309.76,269.65,206.16
499.72,312.09,269.95,205.14
499.05,316.07,270.17,202.45
494.31,319.85,272.31,199.74
489.89,325.08,274.91,198.14
485.44,328.74,278.47,196.4
472.4,331.88,285.66,196.43
468.28,332.22,290.21,197.6
462.69,332.43,295.1,198.06
462.41,331.1,298.76,196.78
457.96,330.83,302.25,195.77
458.15,330.19,304.68,195.26
458.98,330.13,305.97,194.44
462.5,329.52,306.37,193.78
466.06,329,306.41,193.35
471.56,328.69,306.1,193.28
476.62,326.85,306.36,193.97
482.59,327.89,305.95,195.68
487.38,326.29,306.54,197.17
494,323.9,305.87,197.92
498.14,323.35,305.34,198.2
502.24,321.23,305.51,198.76
508.58,317.83,306.19,199.93
514.2,313.19,307.09,202.4
516.04,309.05,311.01,205
510.96,305.4,317.19,206.35
513.9,300.3,319.54,206.49
517.82,297.23,322.16,206.98
521.21,293.72,323.7,208.29
524.82,291.94,325.09,208.51
525.55,289.94,327.46,208.84
523.41,289.5,331.95,208.35
516.57,286.81,335.85,208.43
514.74,281.66,338.17,209.01
510.5,276,338.05,210.06
507.4,273.18,336.85,210.94
504.61,274.07,334.73,207.44
500.91,272.73,330.74,204.62
496.48,269.87,326.36,202.67
490.94,267.27,320.91,200.87
483.83,264.99,318.81,198.81
478.75,263.28,317.3,197.26
475.4,263.44,315.4,195.82
474.67,263.54,313.45,193.86
475.16,264.63,311.72,192.92
483.86,275.73,310.97,192.88
485.47,281.76,310.18,193.5
484.71,284.56,309.01,194.16
485.84,287.37,308.46,193.98
485.81,287.92,308.94,193.58
483.84,289.43,310.21,193.34
484.03,290.54,311.12,193.28
481.22,291.94,312.58,193.27
478.24,293.62,314.3,193.28
475.64,295.81,316.28,193.53
472.96,297.22,318.58,193.76
471.08,297.3,320.68,194.13
467.92,298.27,322.13,194.7
468.54,300.4,322.68,195.03
467.05,304.49,322.97,195.29
463.89,309.01,323.2,195.71
463.29,314.85,323.37,196.2
463.01,319.33,322.94,195.88
464.08,322.86,321.5,195.51
462.62,326.08,319.72,195.36
461.56,328.68,317.35,195.74
461.52,330.27,315.38,196.01
460.11,332.31,314.16,196.54
458.78,334.82,314.28,197.28
456.4,337.75,316.19,197.85
453.84,341.76,318.21,197.74
452.02,344.58,321.14,197.07
450.16,347.14,324.96,197.08
448.96,349.07,327.78,198.18
450.16,345.07,331.92,198.82
451.94,343.69,336.77,199.34
454.2,342.53,342.07,199.02
452.83,340.96,348.75,198.82
449.82,339.26,354.41,198.77
447.18,338.46,358.93,198.61
445.03,337.66,362.54,199.02
443.16,337.12,366.3,199.69
443.31,337.75,368.28,199.9
442,339.26,370.31,200.15
439.14,340.11,373.58,200.13
435.69,340.85,377.52,199.97
435.61,342.07,379.1,199.42
436.94,342.76,380.58,198.74
437.33,343.66,382.14,198.59
439.81,344.34,381.57,197.74
446.26,344.69,378.65,197.09
449.32,344.11,376.12,197.27
449.4,344.45,375.57,197.53
450.61,343.98,376.06,198
451.2,342.49,375.48,198.64
451.8,339.42,376.44,199.5
456.45,336.73,376.11,199.48
457.46,334.14,376.5,199.72
459.83,331.91,376.2,199.89
463.02,329.46,376.96,199.32
468.62,328.73,379.19,198.97
474.36,326.77,380.97,199.13
475.44,325.01,381.31,199.79
473.36,325.13,382.44,199.98
472.07,324.9,383.51,200
469.93,324.82,384.62,199.94
468.54,325.51,384.9,199.56
465.8,326.21,384.12,199.16
464.83,327.95,383.09,198.91
462.85,328.45,381.8,198.89
458.23,328.39,381.55,199.46
455.89,328.16,381.09,200.4
454.25,327.14,379.5,201.15
451.35,326.77,378.75,201.66
447.18,326.17,378.43,201.98
444.7,326.3,378.2,202.85
442.08,324.96,378.83,203.71
436.17,323.66,381.18,203.46
433.02,321.45,381.94,204.26
428.81,318.52,383.35,204.75
426.65,314.98,382.7,205.88
423.35,312.46,382.91,206
427.29,310.58,378.9,204.47
431.99,310.02,375.02,203.43
438.7,311.49,370.02,202.58
439.73,313.11,367.13,201.17
441.53,311.46,362.58,199.12
446.97,310.71,358.56,196.12
447.59,314.31,353.4,195
451.04,315.21,348.74,194.01
447.49,316.89,349.19,191.73
443.76,318.7,347.78,190
442.52,320.79,346.4,189.14
447.74,319.38,338.4,193.33
453.77,318.08,330.02,196.31
455.42,316.25,323.34,198.69
461.87,313.92,315.23,200.26
467.1,313.91,308.91,202.11
474.31,314.9,302.47,204.12
483.08,315.55,296.29,205.76
492.92,315.47,290.91,206.84
500.89,317.11,288.18,206.69
513.04,318.84,286.54,205.83
523.76,319.35,286.29,205.26
536.57,321.79,284.97,204.72
554.79,321.61,277.38,207.52
579.52,321.34,271.22,209.54
603.2,322.42,266.61,209.99
611.68,323.03,265.13,210.09
618.88,321.96,264.12,209.48
626.7,320.76,261.77,209.19
630.65,319.66,258.87,209.66
629.74,319.22,256.98,211.03
629.36,317.74,252.09,211.66
629.48,315.58,246.3,211.62
629.74,312.68,241.03,213.02
624.25,312.6,237.84,215.68
624.26,313.28,235.65,215.79
625.86,314.19,233.61,213.96
631.1,315.3,231.21,212.97
636.73,317.22,228.29,212.68
644.43,315.62,228.42,212.35
648.86,312.05,229,213
647.49,310.68,232.18,212.51
644.52,310.6,236.65,211.96
646.43,310.62,241.26,211.62
648.94,310.35,246.97,209.79
651.63,311.01,253.03,208.56
653.87,310.78,258.92,206.7
656.04,311.96,264.3,205.5
655.22,311.44,269.79,204.43
656.39,312.25,273.65,204.33
655.49,310.35,277,204.73
655.29,309.06,279.97,204.98
654.23,307.82,282.62,205.15
652.82,307.49,285.22,205.18
649.29,307.58,287.95,205.19
642.58,307,291.74,205.26
636.13,306.1,294.71,205
628.95,304.81,297.5,205.02
621.36,304.42,299.77,205.68
618.19,303.38,300.86,207.66
615.38,302.88,303.03,209.88
610.49,303.06,306.43,211.57
602.16,303.27,309.98,212.23
593.1,302.58,314.15,213.69
587.87,300.5,317.13,215.86
584.65,298.94,320.03,217.85
581.85,298.1,322.89,219.42
580.64,299.9,324.75,219.81
577.59,298.73,326.51,219.57
575.34,297.77,328.45,219.78
579.38,298.54,330.64,220.97
585.36,298.87,331.67,222.47
596.47,298.74,330.22,223.99
607.66,296.97,326.83,224.98
616.23,295.78,323.54,225.29
615.48,295.52,321.68,226.08
613.04,295.52,319.25,227.14
608.99,296.61,316.6,227.91
603.15,297.49,311.59,227.77
598.88,298.76,306.58,226.87
592.14,302.85,302.08,225.55
586.77,305.63,297.24,225.47
584.12,307.79,293.68,225.02
583.03,310.97,292.96,224.33
586.42,312.65,294.21,223.9
592.88,314.59,296.15,222.42
599,316.01,298.23,220.01
603.52,316.87,300.65,218.33
603.93,318.39,305.13,217.16
606.53,321.02,311.19,216.76
608.32,321.82,316.24,216.41
609.21,323.34,320.77,216.75
609.42,325.6,324.09,217.62
609.18,326.82,327.04,217.91
606.88,328.97,330.75,219.46
605.41,331.34,332.29,222.64
605.86,332.22,332.64,226.04
608.39,331.72,332.45,228.03
609.94,332.52,333.17,229.23
607.88,330.54,333.76,230.46
603.46,328.58,333.15,232
599.03,328.02,332.46,232.63
593.02,327.68,332.19,231.73
588.3,328.02,331.76,230.99
584.93,327.83,331.08,230.04
579.14,327.81,330.91,229.38
573.49,327.8,329.94,228.3
571.5,328.32,327.19,227.17
565.75,329.96,325.68,225.74
561.05,328.11,324.03,225.62
553.73,329.94,324.33,226.27
543.38,335.72,325.32,227.25
538.11,340.42,325.41,226.77
533.43,343.27,324.9,226.03
529.42,345.51,325.04,225.71
519.88,347.92,325.31,224.46
512.3,348.69,324.24,223.31
509.57,347.33,323.89,223.24
509.52,350.88,324.87,221.42
503.08,349.62,325.09,220.58
495.71,348.53,325.2,220.06
488.52,344.67,324.46,221.77
482.35,341.21,323.36,224.54
478.73,337.1,320.06,226.06
478.12,334.42,316.86,225.86
481.04,331.07,312.27,224.11
483.67,330.8,307.4,222.12
489.32,329.1,301.64,220.58
496.45,325.88,296.29,219.42
502.11,322.63,291.89,218.28
510.31,320.82,289.21,218.67
513.31,318.1,288.03,219.46
517.29,315.69,287.52,219.81
523.91,314.84,288.91,220.03
526.84,315.39,290.57,220.72
529.59,313.83,291.84,221.06
530.05,312.03,291.39,222
531.2,310.36,290.59,222.33
532.11,310.01,287.91,222.12
531.57,307.24,285.79,221.46
531.96,306.37,285.16,221.02
535.92,299.48,278.78,224.33
538.66,296.66,273.92,226.18
533.26,297.04,271.45,226.85
528.96,298.16,268.66,226.83
520.54,299.1,266.53,227.16
511.02,298.95,262.87,228.42
502.54,298.16,258.17,229.47
500.43,297.25,253.18,230.06
502,294.21,248.13,232.29
503.83,292.35,244.27,232.81
501.48,290.48,239.85,233.69
496.9,289.71,235.11,234.22
498.12,285.55,232.82,234.5
501.71,280.54,232.31,233.46
508.67,274.47,233.32,233.9
514.78,269.54,235.96,234.93
516.78,265.83,240.05,233.6
511.82,260.36,245.76,232.02
505.08,257.07,250.56,230.54
495.06,248.67,258.79,228.55
485.2,242.69,266.28,227.57
472.78,236.66,274.94,228.05
454.8,229.5,281,229.97
441.87,229.66,283.25,232
425.66,234.24,287.75,230.6
405.02,241.73,298.81,228.97
385.81,248.75,304.34,228.04
362.78,259.45,308.19,229.1
346.91,260.68,308.9,228.53
333.37,256.14,308.62,226.28
321.26,255.82,309.35,224.75
311.32,251.19,309.11,225.41
298.54,243.66,305.92,228.58
285.61,218.14,301.51,232.08
280.91,221.37,296.54,235.37
281.44,215.25,291.39,243.48
299.92,236.05,286,246.96
316.51,234.05,279.46,245.22
327.42,232.82,272.89,242.71
391.78,228.84,260.29,235.21
394.72,227.32,253.69,230.1
243.59,111.74,245.47,226.77
244.98,89.521,236.6,218.89
246.65,70.914,225.12,211.78
251.07,61.37,211.48,206.11
259.7,50.933,195.96,203.62
274.89,44.6,180.05,203.26
286.84,43.098,167.86,203.58
299.39,46.839,157.15,204.47
313.11,46.464,148.2,202.81
326.25,50.488,142.66,194.8
352.08,65.047,132.25,184.49
359.67,80.122,124.09,174.96
371.91,90.796,117.97,168.17
385.83,95.822,111.8,162.26
400.56,102.55,105.59,159.27
414.5,106.52,100.33,156.47
428.69,113.2,95.973,154.18
444.11,123.89,92.264,154.21
457.28,135.86,89.333,151.39
466.65,150.54,87.912,145.92
475.49,177.62,86.023,143.32
479.19,193.13,83.563,145.34
479.39,199.03,81.427,152.1
480.26,200.85,81.699,151.46
477.51,211.51,82.849,151.81
473.48,223.39,84.655,151.37
475.27,227.89,86.33,155.4
476.89,228.69,88.435,159.93
476.64,226.63,90.771,161.99
473.95,223.79,92.827,163.23
472.02,222.34,93.704,164.65
469.44,222.4,94.346,165.55
464.58,221.45,95.039,166.76
457.06,219.47,97.428,168.04
452.22,217,98.707,173.26
448.46,219.51,99.266,177.77
447.46,216.84,99.798,178.52
447.15,212.49,98.948,176.59
449.06,211.14,97.752,173.11
449.57,205.89,98.381,169.55
449.17,203.38,101.22,163.47
449.79,203.97,104.61,159.19
449.42,205.23,107,156.74
449.36,204.92,109.57,156.85
451.26,209.16,111.95,156.74
444.71,212.74,123.34,150.03
443.33,213.15,132.83,140.91
438.56,214.4,141.76,128.27
437.46,216.72,148.75,118.32
436.63,220.95,154.33,111.74
441.13,224.27,158.58,107.19
459.77,240.48,159.81,103.6
474.76,241.87,160.76,100.84
477.82,241.78,161.67,100.12
480.6,245.07,161.97,99.641
488.08,252.59,161.41,99.798
501.08,269.49,157.59,99.499
526.97,283.95,160,97.561
528.4,285.4,161.36,97.282
534.54,288.1,159.88,97.803
542.8,291.04,158.3,98.31
553.56,295.28,158.19,98.581
562.49,301.8,159.95,97.621
573.54,308.17,161.61,95.849
579.37,311.8,163.63,94.502
576.7,313.44,167.9,93.778
573.74,313.36,172.79,93.148
575.24,313.21,173.95,93.029
578.69,314.69,173.79,91.993
581.89,318.9,176.77,90.081
605.73,322.29,182,90.778
610.3,321.45,181.05,90.856
603.2,311.84,177.94,92.005
595.86,300.46,173.55,93.79
588.92,295.97,171.47,93.611
582.79,294.64,169.34,93.807
579.19,293.11,165.99,94.759
573.04,292.62,163.77,96.267
567.34,290.36,162.89,97.491
564.97,288.33,162.13,98.395
561.91,283.66,160.23,99.995
555.84,278.29,159.57,101.59
549.32,274.55,159.33,102.32
539.73,272.4,161.09,102.3
531.35,269.51,162.43,102.19
525.1,268.13,163.33,101.86
522.04,266.48,162.18,101.47
518.43,264.93,160.74,100.85
512.61,263.24,161.04,100.42
508.43,262.1,161.76,100.16
503.77,259.73,162.36,99.768
499.06,257.69,163.41,99.679
492.97,255.87,164.35,100.13
488.79,257.2,164.59,100.35
481.51,260.2,165.09,101.2
477.36,265.17,164.9,102.2
468.65,268.86,164.84,103.19
465.01,268.07,162.6,108.47
461.82,267.78,161.4,112.31
460.78,267.67,160.2,115.91
460.3,266.38,159.08,118.79
459.98,265.36,157.1,122.24
460.43,265.84,155.56,124.94
458.19,266.58,154.93,127.03
458.09,267.15,154.69,129.07
462.43,266.65,153.57,130.19
467.75,268.74,151.84,130.6
473.95,273.61,148.85,131.51
480.22,280.83,145.67,133.42
486.27,285,142.09,135.54
492.65,285.03,138.65,137.97
499.52,286.8,135.22,140.28
506.25,287.97,132.7,140.7
521.86,289.38,127.78,141.17
527.78,288.33,123.5,142.28
534.92,286.54,119.75,142.7
544.97,285.29,120.24,141.9
552.46,285,122.46,141.54
557.67,286.96,124.55,141.05
560.44,288.22,127.45,141.08
563.67,288.48,125.03,142.88
565.74,287.65,123.46,143.08
567.9,285.32,122.11,143.04
569.59,282.24,121.11,143.42
572.79,280.01,120.98,143.26
572.86,277.81,122.42,143.83
574.29,274.33,122.97,145.13
577.16,269.36,123.28,146.73
578,265.82,124.15,147.58
578.78,262.54,124.77,148.05
578.33,261.09,125.68,148.15
577.82,260.63,126.06,148.51
578.32,261.3,125.51,149.36
578.09,265.67,125.43,150.56
577.33,269.16,125.24,151.48
578.44,271.79,125.4,152.42
580.5,275.64,125.11,152.82
583.48,278.15,124.5,153.22
586.97,280.02,123.27,152.7
588.64,281.52,122.54,152.39
591.75,282.28,121.28,152.21
592.5,283.48,119.98,151.83
595.28,284.55,118.79,152.24
596.24,283.52,117.33,152.23
599.26,283.9,115.9,152.71
600.27,279.31,114.51,153.57
601.41,275.11,113.22,154.7
603.7,270.83,111.71,155.95
605.31,266.76,110.3,157.42
607.04,262.95,109.24,159.04
607.61,260.14,108.45,159.86
609.16,256.35,107.88,160.94
610.3,255.11,107.22,161.39
611.33,253.56,106.83,161.29
613.86,253.36,106.27,160.98
614.42,253.16,105.78,160.99
617.31,251.55,105.71,161.08
619.59,251.87,105.23,160.77
620.81,249.85,104.96,160.67
623.49,246.4,104,161.06
624.27,244.26,104.24,161.48
623.84,242.05,105.13,161.2
623.69,236.84,106.16,160.92
624.79,235.01,106.94,160.08
626.55,232.31,107.22,159.72
627.83,232.67,107.21,159.82
627.37,234.87,107.12,160.65
625.47,237.17,107.24,161.75
623.6,237.17,107.24,162.81
619.92,237.88,107.5,162.65
615.04,238.68,108.4,162.04
610.36,240.26,109.01,161.04
605.03,256.4,111.43,159.64
589.39,265.25,119.61,154.85
580.7,273.39,127.81,151.77
571.48,278.87,135.38,151.56
562.35,286.14,142,150.95
553.91,291.87,147.72,150.8
547.46,296.5,152.35,151.34
545.5,297.53,155.9,151.63
543.41,300.51,158.09,154.23
541.47,303.91,159.96,156.26
540.14,306.63,161.54,157.79
536.97,308.57,163.18,159.69
532.32,308.84,165.6,162.41
530.92,307.82,167.49,165.79
527.78,307.08,168.86,168.88
525.66,304.81,170.18,171.98
528.43,299.6,171.33,175.48
528.15,296.77,172.53,177.09
528.73,297.4,172.38,176.98
529.8,297.5,172.02,176.92
533.09,297.28,172.21,176.12
542.73,296.07,170.51,176.68
552.3,292.38,168.8,177.69
558.58,288.43,167.8,178.64
563.7,284.98,166.2,179.35
566.62,283.1,164.7,180.06
570.22,281.19,163.69,180.39
570.81,281.19,163.37,181
571.79,279.27,163.51,182.15
572.73,278.1,163.38,182.79
572.6,277.3,163.94,183.19
571.18,275.85,165.15,184.45
570.68,273.73,166.44,185.34
568.64,271.25,167.79,186.51
567.86,267.67,168.87,187.57
567.4,266.06,169.77,187.49
566.51,265.2,170.58,187.52
562.7,266.5,171.58,187
563.23,266.89,173.04,186.37
561.34,270.23,173.82,186.24
559.71,273.3,174.7,185.96
558.19,274.61,175.97,185.35
558.78,277.94,177.08,184.86
558.43,282.45,177.1,184.33
558.4,286.2,177.18,184.57
559.79,288.63,177.18,184.47
559.72,293.11,176.67,184.29
559.25,298.77,176.55,183.7
560.03,303.25,176.49,183.51
562.2,307.81,176.36,183.73
563.84,312.04,176.57,183.17
564.47,315.92,175.98,182.35
566,318.17,176.15,181.91
565.09,320.51,177.17,181.6
564.72,322.66,177.39,180.33
563.05,324.39,177.8,179.45
560.81,326.61,178.33,178.61
560.05,328.87,178,177.8
564.01,350.02,179.91,175.66
570.42,365.98,182.21,172.9
570.68,361.46,184.54,170.71
564.37,339.02,185.42,170.86
559.93,319.72,183.89,171.84
559.65,318,183.27,172.03
559.89,315.56,183.37,171.37
561.78,313.76,182.62,171.09
563.68,313.64,183,170.97
564.55,315.23,183.44,171.26
563.14,316.93,183.65,171.97
561.19,317.29,183.07,173.34
559.88,321.05,180.8,177.44
560.53,341.95,179.26,181.19
558.85,340.65,178.43,184.43
558.34,340.89,179.01,187.03
557.15,342.5,180.01,189.37
555.74,344.88,181.39,191.79
555.48,347.33,182.27,193.29
555.16,350.45,183.38,194.81
555.2,354.21,184.72,195.21
555.52,356.57,185.73,194.93
554.96,357.1,185.61,195.02
553.7,358.21,186.12,194.65
551.51,357.73,187.1,194.67
551.62,356.41,187.77,194.21
551.82,353.81,188.73,195.16
552.25,350.89,188.67,194.89
551.29,343.72,188.61,195.26
551.63,337.44,188.12,194.67
548.9,330.79,188.47,192.35
549.16,325.29,190.15,190.16
550.11,321.96,190.24,187.63
552.23,320.23,190.66,184.4
555.16,317.82,191.23,180.79
560.21,311.63,191.54,178.51
561.71,305.8,193.04,176.68
564.77,301.15,194.26,174.28
568.46,296.71,194.44,172.81
567.37,292.97,195.35,170.86
565.38,291.48,196.62,169.2
566.12,290.47,197.23,167.92
567.78,291.82,197.78,166.61
572.44,291.26,195.71,165.85
570.54,293.01,194.97,165.29
567.52,295.5,195.65,162.73
565.25,299.64,198.47,159.45
561.98,306.43,202.49,156.53
564.75,314.72,206.42,152.88
564.64,319.11,210.39,150.6
563.36,321.96,213.85,148.95
559.84,323.58,216.2,148.17
555.29,324.35,217.82,147.07
546.58,323.53,219.43,145.97
542.4,320.11,218.11,146.86
538.23,313.27,215.91,148.62
535.9,307.96,216.09,149.03
534.61,303.9,214.26,148.1
537.28,300.9,213.43,146.13
545.57,299.74,212.67,143.03
550.39,297.09,211.89,140.46
549.9,297.87,213.88,135.9
548.24,299.43,212.54,133.1
540.32,299.68,209.33,131.33
533.44,298.14,206.04,130.11
547.77,290.92,196.28,132.48
545.42,288.71,188.42,133.24
540.48,287.07,184.52,134.28
540.2,283.86,180.57,135.3
539.33,279.88,177.67,136.3
537.95,276.63,175.03,137.68
537.7,274.67,174.43,140.11
536,273.27,174.04,140.97
533.57,273.64,174.39,141.95
531.6,275.91,176.08,142.8
529.51,284.16,178.57,143.86
525.26,292.77,181.73,143.93
518.69,299.97,187.64,143.16
514.84,308.13,192.12,141.89
513.56,315.88,194.83,141.34
509.35,321.34,197.55,140.58
500.83,325.77,202.06,140.68
493.71,328.91,204.92,140.85
487.94,333,205.51,140.91
479.58,336.84,205.06,140.94
467.35,340.46,207.85,140.79
460.19,346.87,210.73,140.9
453.46,350.68,214.17,140.41
433.04,352.09,224.13,136.72
418.47,356.12,232.94,132.89
409.67,358.03,241.24,129.55
400.77,360.41,249.04,127.08
391.24,359.19,254.89,125.27
389.38,357.8,258.73,123.43
387.98,353.85,261.38,121.51
389.57,351.62,262.66,120.63
391.31,348.99,263.12,120.2
398.31,345.43,262.69,119.53
405.59,340.68,262.78,119.09
411.93,335.07,263.14,119.3
417.45,329.78,263.24,120.03
421.89,324.67,263.75,121.03
426.67,319.64,264.16,121.93
427.25,315.11,265.32,123.1
424.79,311.86,268.16,124.33
421.53,309.5,270.1,125.56
418.6,307.78,272.64,126.5
417.58,305.37,274.46,127.42
414.21,305.29,277.46,128.24
412.4,305.11,279.58,128.77
412.44,304.41,281.31,129.01
412.34,303.44,282.4,129.28
410.61,302.13,283.6,129.34
410.61,301.16,285.54,129.56
411.73,299.23,288.19,129.62
412.94,297.96,289.48,130.07
414.6,297.06,290.93,130.78
413.48,296.36,291.42,131.36
415.29,294.25,290.84,131.54
417.47,293.11,289.63,131.53
420.17,292.84,289.12,131.38
423.14,291.9,289.15,131.68
426.16,291.67,289.58,132.66
430.08,292.46,290.37,133.43
433.57,291.44,292.04,134.16
436.67,293.17,292.34,134.5
437.98,292.6,292.07,134.79
439.08,291.65,291.99,134.97
437.38,291.14,290.61,135.79
431.13,289.71,291.81,134.7
428.53,290.1,291.23,133.3
425.77,290.57,290.03,132.1
420.97,291.68,289.1,131.5
416.35,292.37,288.37,130.74
408.68,294.53,288.5,130.14
401.08,295.7,289.27,129.79
393.02,297.75,289.27,129.69
385.79,299.49,289.54,129.63
380.01,300.47,288.97,129.93
374.53,301.14,288.33,130.07
369.28,301.14,287.61,130.03
363.94,300.74,287.67,129.87
359.37,301.19,287.55,129.59
353.48,304.76,286.95,129.81
349.39,309.71,286,129.86
344.99,314.02,284.68,129.47
342.47,317.47,284.19,129.06
340.37,320.35,282.7,128.36
342.19,322.52,280.62,127.11
344.76,324.37,278.57,126.01
347.77,325.72,276.97,124.85
356.12,327.04,273.78,123.78
360.98,329.96,271.36,123.67
367.2,331.34,268.99,123.07
373.69,331.64,266.25,122.28
383.21,331.93,263.22,120.96
392.81,333.97,259.91,119.84
410.27,334.11,251,123.48
422.82,334,245.44,125.95
431.17,333.65,243.37,127.1
438.38,333.26,241.63,127.33
446.05,334.01,239.97,127.04
452.27,335.06,237.03,126.27
458.45,336.25,233.66,125.33
461.54,337.78,231.11,124.49
464.38,339.53,228.95,122.69
468.17,342.18,227.35,120.43
471.91,343.89,226.44,117.66
472.18,346.43,225.89,115.55
476.14,348.65,225.21,112.76
476.85,351.41,223.62,109.9
479.99,353.95,219.9,107.26
483.13,356.83,214.95,105.02
484.54,359.9,209.95,103.38
484.76,361.79,205.92,101.86
482.25,363.66,203.64,100.51
482.55,365.71,199.89,99.509
485.86,367.05,195.46,98.7
486.52,368.53,191.47,97.978
485.5,369.05,188.26,97.487
484.05,368.44,186.15,97.331
479.49,367.78,185.61,97.015
472.85,365.63,185.87,96.953
468.2,362.82,185.7,96.975
464.35,360.36,186.14,97.462
462.96,358.17,187.2,98.319
461.26,356.77,187.92,98.597
459.78,355.2,188.36,98.986
456.62,354.21,189.07,99.26
453.77,352.6,192.01,99.995
450.43,346.89,196.03,100.48
452.28,341.42,198.73,101.02
457.47,338.03,200.53,101.95
462.76,336.03,203.04,102.58
468.6,333.56,205.41,102.57
469.96,330.29,208.89,102.06
474.94,324.76,211.86,101.59
480.62,319.85,213.66,101.3
485.31,315.75,215.7,101.55
489.01,313.15,217.75,101.98
493.05,312,219.29,102.75
498.12,310.44,220.83,103.29
501.85,309.21,223.23,103.96
505.39,309.21,224.62,104.3
510.7,311.02,224.29,105.08
514.53,313.76,224.42,105.09
516.08,316.17,225.03,104.71
516.81,318.29,226.17,103.92
516.46,320.5,227.61,103.49
517.53,321.98,228.31,103.64
518.49,323.94,228.49,104.06
521.28,327.69,227.46,104.48
524.51,331.79,226.77,104.34
526.73,335.15,226.05,104.25
527.05,338.07,225.77,104.07
527.42,342.28,224.44,103.84
526.04,347.13,224.17,103.46
526.09,352.99,223.01,103.16
526.36,359.23,222.12,102.98
525.9,364.3,222.51,102.54
526.71,367.03,223.13,101.95
529.05,367.93,223.8,101.27
532.76,365.21,223.73,100.01
536.86,362.3,223.09,98.61
539.74,358.89,222.49,97.396
543.35,353.37,221.39,96.313
547.65,346.07,220.03,94.924
552.11,340.72,218.09,94.064
556.34,337.51,215.51,93.269
560.91,334.51,212.58,92.695
567.14,332.56,209.94,91.85
567.52,331.43,209.66,90.765
565.75,330.62,210.35,89.952
564.69,329.88,211.23,89.551
563.79,329,211.36,89.285
562.07,327.72,212.14,88.822
559.79,326.45,212.52,88.447
557.08,324.81,213.65,88.015
553.42,323.75,214.96,87.77
549.64,322.24,216.14,87.513
544.46,320.56,217.34,87.282
539.68,318.96,218.25,87.148
534.91,318.44,218.77,87.306
530.47,319.31,219.5,87.265
525.65,321.69,220.47,87.364
520.24,324.94,221.63,87.738
517.32,329.54,221.21,88.329
515.48,334.05,220.23,88.655
513.4,338.12,219.92,88.771
512.26,342.21,219.28,88.948
511.22,346.67,217.92,89.25
510.11,351.24,217.01,89.192
508.38,353.62,216.97,88.645
506.39,354.86,216.42,88.271
502.26,355.43,216.36,88.027
498.56,356.39,214.75,88.035
496.88,356.91,211.62,87.954
495.51,358.22,212.17,86.077
496.32,359.51,211.27,84.931
501.32,359.77,206.69,84.626
512.17,360.37,202.25,84.203
519.68,362.38,198.57,84.013
524.6,362.44,196.73,83.851
531.12,361.78,196.82,83.838
534.75,361.06,197.59,83.819
536.82,359.65,199.08,83.711
539.22,358.27,200.25,83.634
542.06,356.67,200.99,83.501
545.11,357.75,201.52,83.644
549.13,361.57,202.09,84.163
554.76,367.99,202.37,84.634
558.21,373.24,202.68,84.531
559.46,378.18,202.19,84.304
560.53,381.8,202.84,83.62
560.64,384.16,204,82.9
555.17,384.37,205.56,82.269
554.21,383.85,206.43,81.773
550.89,381.86,207.76,81.172
548.96,380.52,209.01,80.811
546.28,379.02,210.05,80.784
544.41,377.71,211.06,80.96
543.99,375.67,211.81,81.086
541.47,374.41,212.87,81.431
543.17,372.45,214.1,81.709
544.08,370.82,214.6,82.172
544.35,369.27,215.7,82.591
545.45,368.47,216.91,83.061
544.61,368.29,218.25,83.523
545.25,367.73,219.02,83.954
546.12,367.58,220.91,84.29
546.74,367.9,222.58,84.66
546.67,368.93,223.64,84.774
547.22,368.65,224.86,84.833
546.58,368.12,226.22,84.88
549.46,367.85,226.94,85.366
552.83,367.39,227.23,85.461
555.72,367.47,228.1,85.508
559.27,367.81,228.23,85.54
561.09,367.16,229.24,85.265
560.94,365.04,229.51,84.828
562.77,361.25,230.42,84.188
566.08,356.62,229.95,83.825
567.56,351.45,229.48,83.616
569.43,346.71,228.92,83.566
568.86,342.56,229.28,83.79
569.8,340,229.65,84.052
569.93,336.77,230.45,84.343
570.48,334.22,231.45,84.688
570.06,331.57,232.45,85.101
571.08,329.34,233.31,85.427
571.31,326.8,234.28,85.733
571.68,323.84,235.34,86.1
572.1,322.19,236.24,86.552
572.78,320.41,236.69,87.025
574.45,319.01,237.24,87.575
576.32,316.81,236.89,87.951
577.21,314.78,236.39,88.361
579.1,313.96,235.63,89.032
577.64,312.77,235.12,89.689
581.33,310.14,233.49,90.156
584.24,309.49,232.52,91.125
588.17,308.34,231.94,91.874
591.81,306.48,231.9,93.071
597.09,304.57,230.71,94.018
602.16,303.82,228.42,94.889
605.53,303.2,228.27,95.32
611.44,300.9,225.67,98.139
617.92,298.13,222.75,100.83
626.9,294.8,219.65,103.75
629.91,292.03,219.3,106.71
632.43,289.5,218.24,109.88
630.54,287.06,219.75,112.17
631.7,284.4,220.12,114.57
636.21,281.12,218.82,117.01
637.65,278.15,220.4,119.05
632.01,278.31,225.16,121.23
624.65,280.45,229.99,122.88
615.14,281.99,236.69,125.02
602.99,280.67,244.1,127.27
591.76,279.97,250.91,129.01
581.16,277.98,257.15,130.65
572.44,276.72,260.9,132.69
559.05,277.4,264.82,134.9
547.58,278.31,267.16,137.15
536.49,279.33,269.26,138.95
518.55,280.68,274.33,141.24
502.13,280.63,279.51,142.77
484.91,282.5,284.12,144.77
467.78,284.17,288.95,146.12
457.46,286.91,290.31,147.52
456.41,287.16,287.87,149.92
458.95,288.34,287.77,147.27
460.47,289.82,288.46,145.26
468.04,290.52,283.9,148.22
475.88,289.71,279.01,150.64
485.3,288.58,273.79,152.36
496.46,286.17,268.4,153.49
503.33,284.57,263.61,152.97
513.72,281.88,259.15,153.57
523.32,282.12,256.66,153.97
526.38,282.03,255.99,154.46
529.75,282.63,253.49,154.74
536.31,284.86,250.66,154.21
542.82,286.73,248.24,153.82
548.26,287.46,244.97,153.3
551.44,286.53,243.24,152.25
557.91,286.89,240.6,151.54
561.96,288.04,237.82,151.58
566.38,288.87,234.91,151.6
570.57,289.25,232.85,151.5
572.62,288.56,231.41,151.31
574.38,287.79,229.72,151.14
573.52,289,229.18,150.53
564.95,287.67,229.47,149.76
557.48,285.37,231.16,148.17
552.23,284.54,231.54,147.54
545.62,283.41,231.84,147.06
542.79,282.68,232.11,147.29
538.91,281.87,234.25,147.04
535.29,281.4,236.49,146.94
528.55,280.02,240.04,147.59
521.46,279.79,243.94,148.6
517.11,280.12,246.31,149.64
516.85,280.15,247.8,150.36
513.27,280.17,250.34,150.99
511.35,279.69,251.24,152.6
508.7,279.25,251.53,153.43
504.22,279.62,254.66,153.46
496.15,281.52,258.82,154.2
490.51,282.73,262.26,154.35
486.22,287.29,266.67,154.16
477.31,289.67,271,154
468.55,290.16,275.78,154.7
464.56,291.8,278.75,154.9
459.73,291.36,281.42,155.02
452.36,292.4,283.04,154.61
445.99,293.33,284.49,153.9
438.72,293.4,283.67,154.1
434.99,294.98,282.08,153.64
433.78,296.72,279.82,153.46
437.01,297.52,275.7,153.39
432.28,295.71,276.24,151.14
429.37,297.3,272.14,149.61
425.25,299.01,267.7,148.37
429.93,301.33,262.04,146.49
434.79,302.63,256.32,145.03
439.12,303.6,251.36,143.28
443.82,305.85,246.59,141.08
449.6,307.76,241.72,139.01
456.76,309.61,238.01,137.23
462.64,311.67,234.88,135.63
466.78,314.27,232.4,133.65
472.48,315.77,223.48,138.11
477.45,316.04,215.74,141.55
480.44,316.9,210.47,144.48
483.57,317.04,205.51,146.82
486.01,317.44,201.46,147.97
487.96,317.42,198.3,149.81
487.74,318.08,196.51,151.82
486.85,314.68,192.34,157.35
484.8,311.96,190.17,161.29
481.35,309.86,190.41,165.06
478.99,308.31,191.29,168.35
478.57,308.27,191.68,171.18
479.43,309.67,192.76,173.14
479.17,307.74,195.42,175.28
479.44,308.41,197.51,177.07
479.37,309.22,199.3,178.3
478.66,307.88,201.3,179.14
476.57,305.38,203.17,179.82
477.97,303.02,204.39,179.78
480.49,299.29,205.77,180.03
482.28,292.74,206.28,180.73
482.62,286.73,205.88,182.01
486.02,280.74,204.67,182.92
488.68,276.56,203.09,182.88
490.15,275.86,202.29,181.27
490.54,277.1,201.26,179.65
491.25,279.9,200.23,178.44
490.54,282.03,198.88,177.13
494.38,283.85,197.14,176.09
500.31,288,195.43,175.24
504.97,290.46,193.84,174.11
508,292.63,191.79,173.1
512.69,295.43,188.88,171.55
516.78,297.13,186.05,170.04
523.22,298.9,183.33,169.18
531.59,301.87,179.49,168.51
539.13,306.07,175.63,168.83
543.72,307.57,173.59,168.8
546.98,307.31,172.46,168.98
550.62,304.36,172,168.53
553.01,300.17,173.44,167.9
553.79,297.39,175.3,167.38
555.94,294.62,177.14,166.46
555.79,293.87,179.06,165.17
556.94,293.55,180.45,163.66
555.49,291.57,181.53,163
554.14,289.69,181.83,163.17
553.41,287.47,183.23,164.51
555.59,285.87,185.2,165.42
556.04,283.82,186.75,165.91
556.32,282.01,187.88,166.08
556.96,280.88,189.56,166.67
561.83,281.54,190.39,167.2
564.29,282,192.3,167.41
566.35,281.87,194.13,167.21
569.74,281.35,194.9,166.16
571.48,281.31,195.13,165.41
574.55,280.62,194.58,164.52
580.51,279.4,192.6,164.15
585.62,279.22,191.14,163.6
592.81,278.16,188.4,163.9
597.95,279.87,185.05,164.26
600.41,282.05,182.68,165.16
599.48,285.29,182.01,166.06
595.1,287.9,183.41,166.65
594.69,289.34,183.84,167.35
593.8,290.4,185.55,167.88
591.53,292.32,188.53,167.78
591.72,295.17,190.66,167.73
594.44,299.79,191.81,167.02
596.9,305.83,192.47,165.78
592.27,308.87,196.57,164.58
584.38,310.89,202.36,164.06
582.44,312.05,205.93,164.62
578.67,313.74,208.74,165.1
573.54,317.05,213.83,164.8
568.51,320.43,218.55,165.05
563.24,323.93,222,165.78
558.04,325.47,224.92,166.71
553.29,326.62,228.13,168.6
552.1,325.94,229.44,170.58
550.86,327.36,229.47,172.06
547.47,328.36,230.61,173.27
545.72,329.47,231.52,174.35
544.96,329.93,233.52,174.77
543.74,332.27,233.46,174.6
548.48,333.33,230.17,175.12
548.65,333.06,228.85,174.88
545.32,330.28,228.76,175.36
539.15,327.89,230,176.12
528.82,323.93,234.26,176.68
524.93,315.44,238.72,178.08
521.42,307.6,240.79,180.19
516.62,300.06,242.39,181.99
510.37,296.34,242.73,183.46
508.33,293.02,242.89,184.6
508.75,291.29,242.21,185.72
509.47,289.56,242.74,187.85
516.94,292.56,243.33,187.38
529.09,300.64,243.07,184.18
531.99,309.16,247.33,180.74
533.43,315.22,253.51,177.58
533.93,316.93,258.72,175.52
533.08,320.3,260.64,172.68
537.29,323.91,260.79,170.64
543.69,323.74,261.74,169.91
550.48,321.5,264.01,170.28
560.95,318,263.99,170.7
566.81,313.12,266.04,171.43
571.54,309.34,267.19,172.58
577.79,305.56,267.9,173.27
582.86,302.55,270.72,174.53
585.75,300.02,275.44,175.75
587.26,297.39,279.28,177.58
587.08,295.19,284.7,179.09
587.82,294.93,288.39,180.67
588.84,294.48,291.68,182.59
587.89,292.77,294.78,184.31
587.45,291.38,296.88,185.56
588.38,290.11,298.8,186.61
588.37,289.46,301.26,187.29
585.24,288.24,304.93,187.69
582.93,286.13,308.57,188.55
574.53,288.63,319.02,185.88
564.36,284.1,325.34,188.15
552.35,281.33,332.09,190.93
542.1,281.63,338.82,193.23
529.91,279.52,345.82,194.46
522,278.7,349.69,195.22
518.36,277.64,351.69,195.8
516.62,275.26,352.08,196.41
514.77,274.39,351.97,196.98
510.38,275.51,352.44,198.19
507.64,277.74,351.41,198.7
501.27,280.01,352.34,199.35
492.35,282.08,353.75,200.17
480.7,287.83,357.41,200.36
475.21,292,357.01,199.85
472.04,292.69,355.92,200.06
471.3,293.88,353.89,199.1
465.92,295.43,352.34,199.52
458.58,296.35,352.63,200.25
454.64,296.32,350.96,201.01
450.75,300.69,350.59,198.34
445.34,303.1,350.71,195.47
450.75,304.63,347.99,193.15
451.4,308.09,349.69,191.75
448.91,314.16,349.97,189.73
448.44,320.21,348.1,188.23
450.21,324.96,346.63,186.64
456.03,327.3,346.92,186.07
461.87,329.72,346.79,185.1
469.25,332.7,347.69,184.44
472.58,336.08,349.62,183.69
470.48,337.31,350.83,182.02
473.18,334.79,352.04,179.32
476.25,331.69,352.46,178.02
480.85,328.98,352.65,178.25
478.35,328.9,352.47,177.73
479.08,329.06,351.76,178.09
477.66,329.72,350.06,178.5
473.44,330.3,348.6,179.12
467.87,330.78,348.18,180.36
462.67,330.75,346.63,181.69
450.01,330.99,346.62,179.85
443.72,330.69,346.37,181.69
436.31,331.55,347.58,182.69
429.88,331.99,347.23,183.86
423.96,330.4,348,185.08
414,328.88,349.64,183.49
409.48,328,352.16,183.13
412.21,326.61,355.12,183.12
418.34,325.82,356.35,181.81
418.6,321.05,357.11,180.82
414.77,315.95,358.05,180.8
411.08,312.47,360.24,181.17
409.27,306.54,361.85,181.27
405.44,303.94,364.33,181.08
404.42,301.24,366.76,180.81
401.88,300.22,369.34,180.3
398.86,299.94,370.26,181.18
404.57,298.54,370.25,182.21
407.63,297.94,366.9,183.24
413.35,296.7,363.93,183.2
420.98,295.94,360.28,182.41
426.99,295.67,357.85,182
429.26,293.74,356.62,181.38
440.39,293.78,354.69,181.01
446.42,297.43,351.36,180.94
447.52,298.72,347.53,180.25
450.51,301.87,345.54,179.22
457.31,302.96,342.98,178.43
460.64,302.82,341.09,177
460.36,304.86,339.33,175.74
458.33,308.8,338.39,175.16
456.85,312.52,339.11,174.42
454.22,314.88,340.81,174.03
455.77,315.32,337.89,178.8
449.16,314.77,341.15,177.86
456.28,313.98,339.35,182.44
461.91,313.01,340.59,185.12
467.81,312.65,341.63,187.17
471.9,311.25,346.15,189.53
474.52,310.28,350.25,191.09
477.81,308.26,353.37,192.7
479.44,305.23,356.35,194.6
478.57,304.75,359.84,196.78
485.87,304.72,357.57,197.08
493.82,305.56,355.46,196.78
492.89,304.96,352.5,197.08
497.1,300.59,347.36,198.04
499.46,294.65,340.69,199.16
504.52,289.17,330.61,200.17
511.17,286.14,320.11,199.85
516.29,290.65,309.69,199.82
520.79,299.12,301,200.63
523.85,307.45,293.87,199.63
527.37,314.24,288.94,197.65
526.03,322.76,285.71,195.11
520.69,329.49,284.47,194.89
520.22,333.36,283.83,194.33
522.4,337.61,282.48,193.89
524.24,344.3,283.05,194.18
527.12,350.06,282.24,194.9
528.5,354.27,281.43,195.52
530.95,355.89,280.33,196.01
532.91,358.15,280.73,196.48
533.26,359.31,281.98,196.96
536.92,362.1,282.86,196.95
538.16,363.22,284.37,196.81
539.69,364.84,285.83,196.66
542.52,365.77,287.89,195.3
543.3,364.51,289.82,193.28
541.78,362.08,293.55,192.59
540.65,355.22,295.18,191.87
535.64,349.05,301.09,188.7
535.44,347.17,304.55,187.17
536.3,343.27,306.42,186.8
532.46,337.83,307.51,188.03
531.04,332.57,307.62,188.83
530.26,328.71,306.78,189.38
528.28,325.27,304.01,190.19
529.37,324.79,300.09,190.52
528.47,324.28,297.49,192.28
530.14,325.2,294.57,191.7
529.89,327.42,293.09,191.94
527.78,324.46,291.4,191.66
527.88,322.52,290.4,191.35
525.14,320.71,290.35,191.02
523.71,319.46,290.75,190.53
521.23,318.92,287.94,190.94
520.92,318.34,284.41,191.43
517.69,320.3,281.35,191.1
512.33,324.81,278.7,190.88
508.99,330.38,275.3,190.3
508.68,336.23,272.46,189.05
509.27,340.42,270.05,187.47
511.73,343.72,268.73,185.98
510.6,344.56,268.4,184.99
506.84,343.04,268.87,184.59
504.68,341.46,269.92,184.63
498.99,338.33,271.97,185.37
503.13,334.44,271.19,187.61
504.88,329.67,269.46,189.36
504.98,325.51,269.38,189.77
503.03,321.36,269.54,190.53
503.19,316.9,269.43,191.63
503.42,312.62,269.91,192.6
498.98,310.18,271.26,193.42
497.32,308.04,272.58,193.46
499.96,304.7,273.65,192.98
503.53,302.46,274.35,192.77
504.88,301.13,275.88,192.9
507.6,299.79,277.13,193.68
508.62,297.46,279.28,194.96
507.46,293.32,281.5,196.92
506.6,288.65,283.05,198.53
504.11,285.47,282.81,200.56
505.78,285.07,282.5,201.19
505.56,284,282.37,201.33
503.73,281.12,282.41,200.78
508.46,273.62,281.51,201.69
508.31,273.73,279.33,203.33
500.36,275.84,276.8,202.65
492.62,276.08,278.94,204.33
474.23,284.61,281.26,203.73
470.94,289.61,284.38,205.16
468.66,294.9,288.3,207.71
468.05,298.85,289.83,210.33
458.59,304.05,294.37,210.86
451.61,308.52,296.82,209.9
447.13,313.69,295.54,206.97
444.33,320.72,293.75,202.69
443.21,329.77,292.9,197.27
439.51,334.21,293.26,193.34
439.16,337.13,290.54,191.04
436.02,337.2,289.47,189.06
437.91,335.84,288.11,187.67
437.41,336.52,287.73,186.33
432.42,336.07,287.01,185.12
427.97,333.84,285.81,183.67
422.91,332.06,283.96,182.95
417.57,329.88,282.68,183.16
412.85,326.96,283.03,183.17
413.51,320.02,284.75,184.48
416.27,315.55,285.27,185.8
420.05,311.98,286.53,186.77
424.91,305.87,288.14,187.58
427.97,300.52,288.84,188.42
431.2,296.27,288.52,190.47
433.81,291.96,288.31,192.42
433.56,288.58,289.84,194.17
434.32,285.07,289.76,196.53
433.28,290.35,294.22,193.04
434.04,292.29,295.67,191.4
434.74,292.31,294.76,190.79
436.03,290.4,292.83,191.13
437.22,288.1,290.05,191.58
439.73,285.23,285.94,192.49
438.61,280.33,281.05,193.9
434.45,277.69,276.83,195.4
436.87,276.45,274.55,196.43
441.81,276.2,273.39,197.46
452.14,281.01,272.2,197.51
458.81,285.06,270.12,195.59
465.22,286.99,267.11,196.55
466.6,291.54,266.82,196.41
472.91,294.59,265.22,195.66
475.35,300.14,265.29,194.26
477.31,304.91,265.27,192.65
476.48,308.95,266.61,191.33
475.66,313.91,268.58,189.33
475.39,319.84,271.18,186.94
479.49,323.59,272.02,183.77
484.26,326.88,272.15,180.67
484.91,331.9,271.59,178.43
484.02,337.61,270.78,176.38
485.61,340.21,267.85,175.51
487.83,340.65,265.98,176.04
490.24,341.72,266.57,174.69
497.83,339.36,265.76,174.86
501.1,335.23,263.68,176.17
502.26,331.83,261.98,177.2
500.75,329.7,260.95,177.78
501.8,330.94,258.62,179.1
497.78,329.48,255.02,184.97
487.09,325.7,254.85,190.01
479.61,323.69,256.15,193.93
470.49,322.45,257.7,196.17
466.36,320.18,257.76,197.56
463.67,319.78,256.97,197.79
462.05,320.01,258.41,197.49
462.58,319.18,261.1,197.31
461.99,318.56,264.89,197.73
464.1,322.44,268.4,197.58
465.92,327.61,271.66,197.11
470.63,329.24,274.26,196.36
476.06,329.15,276.82,196.36
481.45,328.92,279.2,195.69
478.75,327.33,284.13,195.31
472.74,325,291.21,194.77
465.46,321.25,300.54,194.2
451.08,320.81,313.78,190.88
438.03,315.84,325.19,192.59
428.49,310.77,337.94,195.53
417.4,306.96,347.26,198.09
406.59,303.28,355.78,200.52
395.79,298.91,360.27,203.34
390.12,293.17,363.99,207.22
389.71,287.46,366.07,210.43
386.7,280.3,366.58,214.19
381.66,275.27,369.02,217.14
376.13,270.75,371.52,221.31
373.93,267.28,374.38,225.09
372.16,263.11,376.66,228.88
369.96,259.69,377.84,231.71
365.66,260.64,377.23,232.85
362.79,261.95,375.02,233.81
358.68,265.46,372.05,235.31
357.89,268.05,368.77,235.55
360.67,271.58,364.98,235.5
361.03,271.34,361.94,236.06
359.32,270.31,358.85,237.02
357.19,268.56,355.54,237.52
356.17,267.18,353,237.77
354.99,264.53,350.07,239.05
347.66,268.09,353.09,237.42
341.79,266.47,354.81,236.7
335.84,262.97,355.75,237.15
334.86,258.59,355.65,238.02
334.61,252.11,356.5,240.34
332.3,241.19,357.42,244.23
340.01,230.76,360.55,248.25
349.46,219.36,361.72,252.54
347.18,209.52,364.6,257.91
347.81,200.32,365.84,262.88
356.04,197.24,364.42,267.7
376.76,173.21,346.27,287.61
390.27,160.14,330.8,304.03
402.49,152.55,319.29,315.69
409.65,148.4,312.19,324.29
414.02,146.1,308.23,330.04
415.98,146.49,306.19,333.65
424.47,149.39,304.42,335.59
435.08,153.9,301.92,336.81
446.36,160.55,298.18,336.76
461.65,167.87,296.13,335.96
472.02,176.85,295.52,334.28
481.82,180.66,295.94,334.06
493.02,194.72,294.27,333.6
495.98,210.67,297.61,326.92
503.99,222.94,301.98,320.81
503.51,235.07,309.73,316.87
495.68,242.57,311.94,312.24
495.06,251.21,318.71,307.78
496.95,260.26,328.25,303.2
498.86,271.56,338.58,296.77
501.04,280.28,349.17,291.21
499.6,286.8,357.79,285.84
498.84,291.82,363.57,280
492.44,298.33,369.51,274.59
477.65,301.76,376.73,269.19
468.74,304.92,381.24,263.52
456.87,305.17,388.44,259.43
450.59,299.98,392.33,259.55
436.16,287.48,395.91,260.15
429.77,278.88,395.62,262.04
419.66,276.83,391.97,263.03
410.74,275.54,391.4,264.34
410.04,271.78,391.43,264.19
418.5,263.34,389.24,265.82
433.1,261.51,389.66,262.78
440.76,258.53,390.62,261.49
450.59,257.06,389.46,260.36
462.96,253.86,387.79,260.25
469.9,255.06,385.39,258.77
477.04,257.36,384.3,255.64
481.05,259.39,385.43,252.18
482.55,260.47,386.49,248.95
480.45,264.11,387.9,245.97
478.82,265.06,386.57,242.59
472.65,267.73,387.74,240.17
473.45,271.12,387.55,238.38
477.18,273.06,388.16,236.13
483.42,272.4,388.18,232.38
479.74,273.82,390.01,230.37
480.81,275.15,389.98,227.79
477.82,275.81,390.39,225.14
472.54,277.22,393.38,222.55
473.84,276.7,392.84,219.56
471.77,275.62,394.68,216.8
474.07,275.3,395.15,213.95
473.52,276.04,396.46,211.25
476.88,275.68,394.4,208.07
482.65,274.97,390.74,204.94
487.47,280.13,388.14,202.25
491.82,284.59,387.44,199.77
498.46,285.67,387.18,198.32
498.76,289.02,388.13,196.95
498.17,291.47,389.77,195.63
496.4,295.06,392.43,195.56
503.42,302.83,391.48,196.33
512.43,309.97,390.46,196.51
519.62,312.3,393,196.67
533.66,314.91,391.57,196.55
543.78,317.24,390.51,196.44
548.74,320.42,389.26,196.57
547.47,325.39,388.34,197.24
545.38,329.88,387.76,197.57
541.99,332.89,388.62,197.88
538.69,333.84,390.51,197.81
540.38,335.15,391.09,197.69
543.26,336.99,390.81,198.09
547.09,335.63,392.27,198.49
556.58,335.54,391.95,198.83
566.57,335.23,389.96,198.63
573.95,333.34,388.79,199.76
577.84,332.14,386.95,200.82
582.21,330.55,385.24,201.95
590.19,329.9,381.48,202.86
599.8,329.02,378.56,203.64
604.92,325.27,376.89,205.06
610.57,322.69,375.06,205.88
616.17,317.91,373.52,206.78
617.17,314.17,370.31,207.88
613.03,311.83,367.89,209.01
613.82,309.37,368.29,209.67
611.19,305.07,370.46,210.86
611.49,301.11,373.1,212.02
613.23,296.06,373.63,213.75
609.06,295.82,374.79,215.29
613.99,292.27,374.86,217.12
619.39,290.08,375.24,219.28
624.5,287.37,377.5,220.68
629.91,284.17,379.32,221.87
633.25,283.06,380.85,224.23
639.13,280.41,381,225.93
639.82,276.37,382.04,227.91
637.53,273.12,384.98,231.08
630.45,267.97,388.15,234.85
631.05,264.51,391.58,238.46
632.75,262.44,392.82,241.71
631.68,261.6,391.97,245.27
629.78,260.22,391.35,246.97
624.94,258.13,392.74,246.8
626.67,257.64,390.64,245.54
621.63,258.84,389.42,245.24
615.25,254.51,388.52,246.52
605.15,258.88,389.66,245.02
602.01,256.48,387.3,245.99
600.25,254.82,384.45,246.85
597.06,252.66,383.73,248.6
589.59,251.91,385.23,250.44
583.6,249.41,385.63,252.51
569.99,252.94,387.37,252.57
554.24,257.84,394.8,251.87
546.54,260.41,397.21,251.09
544.01,265.76,398.56,248.6
541.28,271.67,401.21,245.64
533.63,282.02,401.46,242.95
527.13,290.92,407.56,236.83
523.18,295.72,411.05,233.21
527.45,296.06,411.2,232.6
531.1,293.38,412.66,234.84
534.98,290.51,414.69,238.19
536.57,289.22,416.22,240
534.43,289.3,418.11,240.61
540.13,289.81,417.22,240.41
544.28,292.74,417.34,239.12
537.8,298.28,420.06,237.57
528.51,302.57,425.36,234.05
527.63,303.92,426.97,230.99
523.31,303.16,426.45,229.01
510.92,300.6,429.54,226.43
497.6,301.71,431.72,222.34
482.19,305.15,429.93,219.84
459.67,306.16,432.19,216.82
441.38,309.28,430.86,214.87
426.64,313.66,426.58,214.57
412.85,314.67,422.07,214.9
409.74,312.12,416.79,215.09
411.36,310.83,410.43,215.37
411.91,312,405.63,215.15
415.25,314.5,399.45,214.8
426.33,317.73,392.63,213.62
430.68,318.98,389.37,212.31
429.22,323.11,390.99,210.42
427.47,327.13,391.44,208.25
424.09,328.14,393.44,206.94
424.36,330.43,396.62,204.75
425.67,332.29,401.11,203.64
427.52,332.09,405.87,203.2
425.88,333.22,412.27,203.37
422.54,332.73,419.47,203.52
418.96,328.96,426.61,204.3
416.51,325.95,433.3,205.46
412.82,323.44,438.14,206.79
413.26,319.65,445.31,207.43
413.67,316.1,451.54,207.53
412.13,312.75,458.32,208.8
416.1,310.6,464.16,209.83
418.17,308.64,471.56,210.25
422.37,308.16,478.44,210.93
420.86,306.97,485.5,211.96
416.45,304.56,495.04,212.73
407.6,301.15,505.14,213.33
403.45,297.73,511.38,214.17
400.43,293.56,516.08,215.76
397.5,289.52,518.05,217.33
393.41,287.24,517.91,219.45
392.86,283.68,514.8,221.12
394.14,281.6,509.21,221.59
393.77,280.54,505.18,222.29
389.77,281.99,502.07,222.72
392.08,285.6,496.64,222.8
403.98,286.56,488.69,222.06
412.46,288.64,479.39,221.83
421.6,292.31,467.49,221.13
432.74,295.82,454.28,220.28
442.2,299.5,439.8,218.94
444.06,303.39,428.93,217.84
440.48,306.98,421.4,216.25
435.79,308.62,417.16,214.95
428.84,310.14,417.51,214.11
417.8,310.81,422.22,212.96
410.98,312.7,427.28,212.3
401.75,308.12,436.72,213.04
391.29,301.54,445.6,214.24
382.36,296.17,454.31,215.54
380.97,293.04,459.09,216.74
384.46,288.57,461.63,218.2
388.93,285.15,461.4,220.65
389.59,282.13,460.15,222.82
389.43,276.63,457.23,225.36
386.33,271.38,455.88,227.31
384.92,266.57,454.47,228.97
382.73,265.25,452.94,229.34
380.12,264.34,451.8,229.29
375.55,265.23,451.13,228.48
367.24,265.55,452.51,227.29
358.23,266.08,454.96,226.27
348.26,267.39,459.68,225.14
349.11,273.21,463.75,225.08
356.94,279.96,468.15,224.48
355.55,284.88,472.33,225.04
360.11,292.58,475.22,225.59
364.69,303.83,477.21,226.8
368.48,310.7,480.3,225.94
368.25,312.06,483.51,224.18
367.03,312.72,487.27,224.66
366.81,314.1,490.5,225.41
366.06,315.3,492.36,226.85
371.91,315.67,493.85,227.28
375.18,318.03,492.23,227.3
376.65,321.09,494.31,225.74
375.25,323.27,492.06,223.81
371.2,324.97,488.48,221.83
367.44,323.25,487.02,218.66
366.99,320.65,485.8,215.86
366.46,316.48,480.13,214.21
365.82,315.64,471.13,212.32
364.26,315.64,462.29,210.5
364.82,316.15,454.4,207.29
364.9,316.56,448.15,204.92
367.89,316.08,440.6,203.47
373.43,316.17,432.91,201.69
375.01,316.73,425.29,199.84
376.19,317.97,418.07,198.11
377.82,317.31,409.31,196.24
381.1,316.14,401.47,194.43
383.91,315.45,396.89,193.13
385.61,314.46,390.8,192.22
387.72,315.28,388.06,190.91
387.62,313.97,386.36,189.24
387.18,312.95,384.34,187.8
382.16,313.83,382.62,187.08
379.89,313.99,381.9,187
375.78,314.77,381.99,186.9
370.88,315.52,380.08,187.42
365.17,313.45,376.59,187.14
362.95,312.54,374.84,186.92
363.27,310.46,374.37,186.67
365.84,309,374.2,187.33
363.61,306.71,378.33,188.09
360.72,305.1,381.51,188.68
355.66,304.21,388.07,189.17
350.88,303.83,392.78,190.28
348.34,302,393.74,191.6
340.04,300.95,396.6,192.48
332.18,301.67,397.96,192.46
325.82,302.63,398.34,192.51
322.39,302.66,399.07,193.22
319.02,302.88,401.42,193.64
315.01,301.15,402.59,194.89
310.28,297.85,405.81,197.02
300.39,293.97,406.11,200.36
289.44,288.58,403.26,204.58
280.74,287.2,401.56,208.29
277.64,288.4,400.94,211.19
271.73,292.35,400.95,212.9
271.56,297.88,401.47,214.88
271.2,304.31,403.55,214.8
272.42,309.23,401.49,214.36
279.65,311.99,399.57,213.28
288.96,313.55,399.34,212.96
296.14,314.72,397.18,212.51
300.69,313.23,394.25,212.82
312.53,312.41,390.55,213.42
320.55,310.51,387.49,214.18
328.27,308.65,384.06,215.11
313.15,308.52,372.94,216.37
325.05,306.35,363.24,217.78
333.16,304.06,354.84,218.6
344.46,304.16,349.32,217.46
361.32,305.89,343.34,216.27
377.42,305.17,339.92,216.05
373.86,305.34,331.3,216.21
374.14,305.83,322.69,215.51
405.8,298.49,313.34,223.65
411.07,299.54,305.77,229.54
436.09,299.45,304.18,234
452.58,298.84,306.02,237.22
467.53,299.62,308.54,240.18
478.3,300.93,311.71,242.11
485.98,301.91,314.62,243.74
498.65,301.08,319.45,245.1
501.95,299.77,326.16,246.39
501.45,297.7,333.7,246.84
500.83,303.25,343.52,243.28
500.01,307.17,351.6,241.94
498.49,302.32,359.2,242.93
494.01,308.03,366.69,240.43
490.36,305.58,374.91,241.25
479.14,305.02,384.05,243.42
466.5,302.9,392.19,245.8
459.97,300.95,397.76,248.33
454.08,301.5,402.24,250.23
447.39,301.02,406.78,252.44
435.44,300.88,413.92,253.95
421.29,296.41,421.08,256.56
413.82,291.12,424.74,258.75
404.85,287.8,427.88,260.48
395.61,285.13,432.19,261.99
382.26,283.04,434.89,263.88
363.71,281.83,437.93,264.99
332.13,289.7,449.09,259
304.14,294.66,458.6,255.22
288.88,286.44,458.02,257.91
260.33,291.64,462.17,253.96
235.13,292.84,464.66,251.61
216.89,294.1,468.04,248.28
211.47,293.03,468.65,246.28
210.88,293.7,469.58,245.16
204.51,293.7,471.67,244.46
199.56,294.38,474.4,243.44
196.59,293.93,476.75,242.93
197.23,293.08,478.78,242.85
190.76,289.94,479.49,243.84
189.01,288.23,479.38,245.24
188.28,286.95,479.57,247.13
182.78,286.62,479.9,248.89
178.58,288.62,479.46,249.69
179.8,291.53,479.14,249.9
177.86,294.07,477.54,250.18
175.77,296.43,475.8,250.52
175.33,299.74,471.99,249.67
175.3,300.53,470.27,249.95
175.4,299.55,470.34,249.92
173.22,300.19,470.36,250.31
179.9,303.27,469.23,249.82
185.82,305.67,468.48,250.21
186.67,308.29,469.94,250.36
194.37,309.59,472.94,250.78
200.5,309.15,475.4,250.8
208.1,309.5,479.49,250.98
214.19,311,480.25,251.24
223.32,310.1,479.31,252.92
226.88,305.67,479.08,254.63
225.62,306.47,480.3,254.87
229.73,307.92,481.36,254.83
230.9,310.13,481.63,255.82
234.01,309.78,483.69,257.97
235.82,310.69,481.23,259.18
244.27,310.33,474.54,260.56
250.67,311.42,467.02,261.58
254.77,310.88,460.29,262.69
257.79,308.98,453.04,262.41
259.18,309.28,445.49,262.66
257.1,311.48,440.73,264.16
257.52,312.97,434.64,264.84
251.41,318.34,431.94,264.62
240.69,323.55,430.16,264.13
236.77,328.15,427.83,261.53
229.47,333.46,425.19,258.58
224.04,337.26,422.35,255.65
215.64,341.7,419.89,252.98
208.03,345.02,417.02,249.73
200.78,347.08,414.32,246.72
197.8,349.44,411.5,242.64
197.85,349.43,410.58,237.75
196.27,345.83,410.27,233.15
197.57,341.13,410.7,229.99
195.54,336.08,410.13,229.05
193.08,331.21,408.92,228.88
197.66,328.65,409.19,228.81
200.42,325.27,407.33,229.13
214.86,325.69,404,228.98
227.08,328.25,401.65,228.84
239.14,327.37,398.72,229.44
245.61,328.16,398.09,228.8
250.14,329.89,396.44,228.71
251.15,330.86,392.21,228.58
256.81,335.2,388.46,226.92
257.68,337.82,384.49,226.16
258.37,341.34,382.67,226.32
256.13,340.78,380.03,226.13
259.1,341.21,380.35,226.49
259.09,342.05,383.42,227.63
259.42,341.74,386.9,228.13
258.93,342.81,390.76,228.45
259.8,344.23,390.69,228.08
260.23,344.82,387.76,227.86
258.5,346.44,382.29,226.89
255.97,345.05,377.74,225.19
257.34,343.1,375.72,223.36
254.82,342.06,373.71,221.66
254.09,340.66,370.46,219.87
253.6,340.63,365.93,218.65
257.1,341.64,362.5,217.4
257.27,341.99,362.02,216.68
260.49,341.07,365.79,216.86
262.27,340.71,371.42,216.76
266.17,339.11,376.51,217.24
266.5,336.1,381.28,218.93
270.01,334.35,384.43,220.64
273.38,333.07,385.95,221.99
276.47,331.71,386.78,222.91
281.95,331.69,388.3,223.28
287.65,330.55,389.88,222.49
293.24,330.66,391.9,222.3
300.18,330.9,392.15,222.71
297.26,328.79,393.78,221.79
292.81,327.9,395.57,220.82
290.98,325.88,398.59,220.49
286.18,325.8,399.32,220.07
276.89,327,396.53,220.16
270.61,327.67,392.74,220.55
264.65,328.6,389.64,221.27
263.05,330.74,387.31,221.14
261.65,331.77,386.02,220.94
258.69,333.4,384.82,220.73
254.95,334.33,383.89,220.57
253.42,334.9,382.78,220.39
251.93,335.6,381.6,220.09
250.82,336.71,379.63,219.93
249.75,337.7,377.89,219.73
250.58,338.61,376.67,219.44
251.37,339.52,375,219.08
250.32,340.79,372.47,218.53
252.19,342.31,371.16,218.44
252.44,344.1,370.64,217.9
253.76,345.23,370.47,217.52
253.67,346.77,369.6,217
254.44,347.37,369.11,216.8
254.36,348.27,368.85,216.57
251.4,347.71,370.03,216.88
252.83,348.7,370.12,217.13
254.99,350,370.66,217.26
252.53,350.75,372.51,217.14
254.3,352.82,374.2,217.2
255.44,354.46,375.45,217.24
255.29,354.61,377.34,217.58
257.85,354.46,378.78,218.2
257.92,352.74,379.91,218.91
259.3,349.9,381.87,219.43
260.7,345.61,382.64,219.92
261.96,340.14,383.82,220.39
263.04,336.74,384.76,220.73
263.25,334.37,385.5,220.58
263.13,332.03,386.27,220.43
264.37,330.14,386.72,220.2
263.44,327.64,387.32,220.1
263.29,325.12,387.74,220
263.53,322.3,387.9,219.98
263.55,319.69,388.43,219.84
263.71,316.47,388.45,219.91
263.5,313.53,388.79,219.94
263.4,310.86,389.01,220.03
263.19,308.22,389.16,220.21
263.05,305.68,388.96,220.28
261.21,304.4,387.98,220.23
262.28,302.6,388.12,220.16
260.97,301.49,387.98,220.07
260.75,299.87,388.12,219.86
260.72,299.5,387.3,220
260.94,299.63,386.4,220.02
260.71,300.88,386.13,219.72
261.33,302.4,386.11,219.32
261.98,304.49,386.66,218.9
262.06,306.93,386.71,218.49
263.89,308.82,386.68,218.2
264.11,310.31,386.76,218.01
264.27,311.28,386.58,217.78
265.28,311.7,386.33,217.66
267.32,312.06,386.27,217.6
265.98,312.94,386.22,217.42
267.19,313.46,386.29,217.34
268.44,313.76,386.32,217.32
268.32,313.84,386.5,217.34
269.28,313.64,386.37,217.44
270.73,313.78,386.26,217.31
270.92,314.49,386.24,217.04
270.96,314.86,386.18,216.85
271.13,313.9,386.42,217.05
271.36,311.59,387.04,217.2
271.97,309.33,387.69,217.33
271.77,307.33,387.69,217.49
271.19,305.56,387.92,217.58
271.31,303.92,387.9,217.79
271.77,302.53,388.05,217.95
273.21,300.73,388.31,218.06
273.46,299.5,388.57,218.22
274.37,298.86,388.23,218.38
272.58,297.61,388.8,218.26
273.78,296.18,388.77,218.48
272.59,295.56,388.88,218.58
270.66,294.55,389.33,218.48
269.77,293.73,390.09,218.55
267.18,292.73,390.41,218.53
264.43,293.05,390.15,218.24
262.06,292.8,390.21,218.12
261.37,292.96,390.37,218.13
259.25,294.48,390.41,217.51
258.04,294.97,390.76,217.33
256.89,296.2,390.85,216.89
255.86,295.95,391.03,216.82
254.91,295.68,390.97,216.73
253.64,295.49,390.82,216.81
254.26,295.81,391.08,217.02
253.04,296.02,390.85,217.04
251.54,296.46,390.55,216.97
251.55,296.87,390.93,216.85
250.65,297.92,390.43,216.56
252.08,298.9,391.19,216.28
251.74,301.55,391.35,215.65
251.22,303.76,392.73,214.94
249.27,305.15,394.11,214.41
247.89,305.73,394.49,214.02
248.57,306.55,395.15,213.39
247.52,307.44,396.27,212.22
249.16,308.77,397.46,211.17
250.55,309.86,399.51,209.54
251.16,311.34,402.77,208.63
248.78,313.56,406.96,207.69
247.12,316.19,409.83,207.18
246.05,318.35,412.2,207.11
245.02,319.95,413.69,208.28
245.36,319.79,417.01,210.07
238.9,319.98,421.06,211.99
234.48,320.58,422.98,213.68
237.26,322.84,422.27,213.73
237.27,320.7,420.16,214.99
232.66,315.72,419.27,214.62
235.96,315.56,417.69,213.63
241.19,317.56,416.05,212.52
247.72,319.27,413.42,211.6
250,322.28,408.54,210.41
255.4,323.92,403.1,209.66
258.95,323.52,397.08,208.74
265.54,323.08,390.97,207.75
269.13,322.56,385.19,205.94
271.29,321.64,379.54,204.65
277.15,325.81,374.64,202.4
277.93,326.03,370.14,201.04
281.69,329.09,367.61,199.9
281.88,331.22,365.04,198.76
286.31,333.69,362.52,197.07
288.59,335.96,353.09,202.96
291.18,335.08,345.84,207.18
289.28,334.27,340.48,210.22
289.23,331.99,336.43,211.91
293.71,331.33,334.12,213.18
296.22,331.22,332.35,213.51
295.57,330.91,332.15,213.76
295.28,329.18,331.94,214.53
298.01,327.34,332.81,215.32
298.49,325.2,333.02,216.09
298.48,325.36,335.05,216.39
298.14,325.03,336.63,216.61
300.04,325.87,337.74,216.79
301.14,326.92,338.36,216.71
303.76,326.33,339.41,216.3
308.46,327.78,339.78,216.16
310.72,327.09,340.15,216.04
314.61,326.67,340.38,215.99
316.33,327.55,340.86,215.94
315.92,327.71,342.01,215.41
319.76,328.38,343.07,215.31
319.07,328.47,344.96,215.26
320.77,328.51,347.49,215.36
320.67,328.72,348.77,215.12
322.12,328.74,350.21,214.8
321.87,326.79,350.34,214.6
320.09,326.17,350.7,214.61
321.15,325.05,351.19,215.8
320.65,324.31,351.76,216.92
318.14,322.98,352.91,217.75
314.86,322.55,353.05,218.32
314.83,321.66,354.05,219.13
316.1,320.55,354.07,220.06
313.06,318.34,354.25,220.37
311.98,320.24,354.45,221.1
309.89,319.76,355.36,222.41
303.73,319.21,356,224.03
298.68,318.84,355.43,225.22
300.79,319.74,354.64,226.01
298.46,320.5,353.33,226.65
300.33,322.11,351.63,226.45
301.19,322.57,349.94,226.06
301.41,322.57,347.48,225.57
300.76,322.72,344.81,225.34
303.36,327.1,342.84,225.84
303.74,328.89,340.7,226
305.22,332.39,338.02,226.45
306.07,334.79,335.82,226.43
310.62,326.59,336.25,226.86
314.27,314.71,336.86,227.79
315.49,306.5,336.47,227.91
315.4,301.41,335.63,226.97
321.22,297.76,333.7,225.78
326.29,293.65,330.06,224.55
330.72,293.98,326.61,223.39
330.59,295.32,322.48,223.04
333.65,299.18,318.12,222.87
332.17,300.03,315.13,222.11
331.04,300.33,312.91,221.79
331.22,298.71,310.28,221.37
329.97,296.44,307.98,220.85
330.42,295.98,306.27,219.99
329.29,296.27,304.46,218.94
327.86,295.71,302.95,217.08
328.13,295.64,300.67,215.95
330.35,296.76,298.28,215.03
330.11,298.61,294.84,213.82
330.56,300.37,290.93,212.56
329.83,302.1,287.91,211.58
331.75,303.82,285.09,211.33
332.49,309.7,282.56,211.23
333.24,314.43,279.91,209.91
335.09,319.04,279.63,208.87
332.98,322.66,279.54,207.73
328.54,325.33,280,206.55
327.36,329.88,281.94,205.11
324.21,333.34,283.82,204.22
321.07,336.56,285.27,203.35
320.18,339.66,286.94,202.54
316.91,341.79,288.3,201.39
314.69,344.22,288.5,200.03
315.34,347.62,289.34,198.93
317.05,349.83,291.34,199.19
317.49,352.72,292.9,199.24
316.17,354.13,293.73,199.14
312.38,354.43,294.82,199
308.24,354.34,295.52,199.17
303.13,355.88,296.37,199.35
301.19,356.86,297.27,198.66
299.7,358.74,296.92,198.42
298.23,360.99,297.27,198.04
297.59,360.77,296.89,197.48
295.24,361.4,296.78,197.03
295.51,361.86,298.04,196.74
296.46,362.21,297.63,196.8
297.33,362.38,295.72,196.96
296.94,362.5,295.15,196.9
297.42,361.58,295.16,197.75
300.6,356.46,296.65,199.18
298.8,353.33,298.66,199.83
296.01,352.67,301.42,199.28
293.4,352.16,303.36,198.1
290.76,348.39,303.15,196.77
289,348.6,302.76,194.97
287.38,347,303.75,193.65
283.08,345.69,307.33,193.57
274.83,342.84,311.32,195.38
268.59,339.74,315.88,197.21
258.91,334.08,317.4,201.04
253.06,327.56,318.68,204.58
247.69,322.55,321.03,208.36
242.85,318.89,322.98,210.95
239.18,317.98,322.25,213.34
242.42,321.13,321.13,214.68
246.22,325.97,320.34,214.06
250,328.27,319.01,213.03
249.84,330.94,317.01,212.11
250,332.95,312.92,209.81
245.52,334.5,309.54,207.61
238.68,336.94,308.22,206.3
235.13,338.86,308.69,204.66
227.05,341.65,310.08,203
224.63,343.16,311.74,200.54
227.6,345.59,315.59,198
222.13,347.4,318.88,195.94
225.16,350.08,322.32,194.6
227.16,351.28,326.61,193.49
230.46,352.16,329.95,193.19
240.08,351.23,330.05,193.22
249.51,350.97,330.11,193.26
260.62,348.01,330.16,193.39
267.7,345.01,329.19,193.35
274.59,341.29,326.2,193.41
282.67,338.16,323.14,193.33
284.17,337.32,318.95,193.09
288.16,337.68,313.7,192.29
291.84,338.18,310.57,190.94
296.82,339.26,308.66,189.28
304.98,339.61,308.2,187.09
305.88,339.81,309.5,185.39
300.51,335.25,310.46,185.97
299.74,334.02,311.66,186.35
298.33,332.45,315.14,186.02
294.73,337.98,322.61,182.24
291.38,338.52,332.89,179.17
278.62,338.18,343.91,176.92
269.92,340.39,351.5,174.91
268,337.86,358.28,173.05
267.36,334.7,363.75,171.87
266.05,333.21,367.94,170.92
266.14,331.75,372.11,170.23
268.24,331.04,375.9,169.59
268.41,329.18,378.87,168.96
268.81,328.32,381.73,168.58
269.2,326.86,383.83,168.15
268.55,325.63,385.33,167.57
268.08,325.09,386.4,167.04
267.92,324.14,387.32,166.67
268.46,322.56,388.13,166.26
270.33,320.69,389.58,165.68
269.75,319.6,393.15,164.76
269.18,316.43,395.64,164.4
261.75,312.08,398.36,164.48
256.92,308.81,399.2,164.93
255.05,303.39,399.3,167.23
253.28,299.59,400.32,169.02
251.68,296.73,404.44,171.9
248.22,290.35,410.67,172.51
242.52,289.46,411.38,173.67
241.9,287.18,412.71,174.75
241.29,286.9,413.73,175.82
243.29,286.43,413.05,176.55
245.14,288.55,407.3,175.75
244.05,287.1,403.39,175.16
245.57,286.22,398.4,174.94
248.96,284.99,394.75,175.26
250.58,283.11,391.84,174.67
253.45,281.54,387.08,174.16
259.58,279.64,384.33,173.14
271.14,272.65,374.75,178.2
262.7,272.28,361.51,180.93
280.85,270.51,354.79,183.64
298.43,268.63,350.92,186.54
314.78,265.29,350.06,189.22
322.91,265.26,354.02,192.37
331.15,264.67,359.47,196.63
371.36,256.26,363.77,203.18
419.3,243.19,363.34,209.61
440.9,237.33,356.79,214.28
458.72,235.07,345.58,216.44
470.99,236.26,335.41,218.55
476.2,237.66,328.37,220.09
480.18,238.61,323.64,220.87
483.56,241.38,319.99,221.78
487.14,245.71,318.24,221.18
490.23,250.04,319.2,220.24
493.6,253.31,320.84,218.49
494.63,257.12,324.35,215.95
497.57,259.31,326.73,214.53
500.06,259.35,329.29,213.39
502.23,260.64,330.81,212.45
508.7,261.53,331.88,211.16
511.21,264.75,333,209.65
511.85,265.37,333.27,208.9
512.51,266.68,332.91,208.67
511.87,267.78,331.12,208.79
508.38,270.49,330.54,208.43
504.6,273.53,329.76,208.26
498.44,276.27,328.61,208.3
493.24,277.75,327.1,207.96
487.69,280.2,326.39,207.46
486.56,281.06,325.22,206.93
484.75,282.45,325.04,206.4
484.43,283.11,324.88,206
485.1,284.49,324.31,205.82
485.34,285.86,323.42,205.78
485.12,287.33,322.73,205.82
484.03,288.03,322.25,205.82
482.43,288.97,321.38,205.91
483.81,288.51,319.19,205.84
482.8,284.94,318.44,205.49
482.63,281.72,316.74,205.24
482.75,277.19,316.27,205.36
481.69,272.68,315.29,205.48
480.23,269.35,314.15,205.28
479.07,267.36,312.92,205.02
477.36,267.59,311.29,204.8
474.92,267.95,310.17,204.64
472.93,268.98,309.14,204.64
470.75,269.85,308.23,204.43
467.88,269.86,307.87,204.15
464.87,269.39,307.43,203.87
462.36,269.3,307.06,204.03
460.81,268.81,306.64,204.06
467.78,262.84,306.14,203.85
477.21,259.34,306.48,204.34
481.82,259,305.2,204.7
487.33,257.98,305.25,204.79
489.21,257.44,305.9,204.8
491.44,256.22,307.3,204.85
492.12,252.78,308.75,204.7
491.57,249.83,309.48,204.15
491.65,248,309.74,203.7
491.51,244.68,309.95,203.59
491.13,242.01,310.09,203.42
491,238.9,310.06,203.45
491.39,236.53,309.99,203.2
490.49,236.06,309.98,202.98
489.85,233.84,310.16,202.77
489.77,231.51,310.7,202.56
489.69,229.02,311.32,202.36
489.91,227.12,311.85,202.31
490.36,225.61,312.1,202.5
489.34,226.62,310.93,203.36
488.12,231.51,309,203.67
487.16,235.31,307.98,203.87
484.28,240.62,306.48,203.85
481.3,245.7,305.39,203.58
481.62,249.55,304.78,203.32
482.59,251.62,303.62,202.87
479.55,252.91,303.88,202.31
478.16,254.52,303.65,201.83
476.52,255.44,303.62,201.57
475.42,256.35,302.74,201.39
474.18,257.3,302.38,201.29
473.81,259.22,302.22,201.15
472.98,260.36,302.19,200.92
472.77,260.93,301.81,200.89
473.74,261.89,301.45,201
474.16,262.6,301.51,201.38
472.63,263.2,301.29,201.72
470.37,263.9,301.15,202.13
469.95,265.07,300.52,202.92
467.5,265.81,300.44,203.06
463.49,266.54,301.06,203.23
459.11,266.37,302.01,203.67
455.6,265.67,302.37,204.2
453.5,262.68,303.27,204.93
453.14,258.37,303.42,205.55
452.71,255.23,304.08,205.93
450.63,252.1,306.61,206.47
446.76,248.48,310.08,207.33
444.92,244.66,314.33,208.88
442.23,242.3,318.58,209.51
434.62,240.22,324.79,210.92
428.78,240.55,331.27,213.25
424.47,241.24,337.12,216.52
418.31,239.1,342.52,219.88
411.02,235.25,346.87,223.83
406.45,228.59,350.96,226.54
405.65,221.89,352.52,229.06
400.92,216.72,353.96,231.52
394.58,212.86,355.99,232.7
391.04,209.22,357.91,233.13
385.14,208.92,359.6,234.5
379.95,210.11,362.63,236.5
369.71,210.24,367.68,238.91
363.61,209.11,372,239.8
363.24,208.06,373.93,239.87
365.63,206.66,372.95,240.22
368.77,205.3,371.4,240.77
365.2,203.27,373.21,240.9
363.71,202.4,377.19,241.34
362.58,202.78,382.02,241.74
360.38,202.51,387.57,242.26
363.3,203.86,391.73,242.19
367.4,205.17,395.49,241.97
368.65,207.62,397.9,242.39
368.51,211.07,400.56,242.26
370.79,214.55,401.92,242
376.25,216.93,403.66,242.26
380.5,220.93,405,242.34
383.21,224.92,406.49,242.63
382.18,228.73,409.44,243.08
375.37,232.09,413,244.2
372.72,233.09,414.55,244.82
375.04,231.93,417.26,245.4
383.12,228.99,417.13,246.61
389.89,228.91,418.02,246.8
394.24,228.86,416.72,247.84
401.87,229.24,415.42,248.6
409.7,227.39,413.44,249.91
413.43,226.14,409.4,250.23
416,224.93,405.44,250.37
417.64,223.27,402.2,250.49
421.16,222.44,398.16,250.67
421.9,222.14,394.62,250.31
418.97,222.76,393.86,249.92
415.82,223.17,393.18,250.08
412.35,223,392.75,250.17
407.36,223.5,393.08,250.03
406.65,224.09,394.45,249.64
405.68,224.56,395.15,248.76
405.4,224.82,394.82,248.16
405.04,224.83,393.75,247.81
406.13,224.15,391.75,247.35
405.95,222.53,389.72,246.79
407.39,222.9,386.48,246.39
409.42,222.28,384.12,245.58
411.83,221.87,382.29,244.95
416.27,221.81,379.72,245.14
417.88,220.36,377.98,245.45
423.24,219.46,374.46,245.17
429.13,218.9,372,245.38
430.56,217.42,370.78,247.3
432.92,217.24,368.37,249.34
442.39,214.04,363.89,251.62
453.27,211.25,357.76,253.82
463.1,210,351.29,255.01
478.06,208.9,345.14,256.53
494.17,206.56,338.31,257.42
508.33,206.47,332.85,255.44
519.82,205.08,326.25,252.95
530.36,202.81,320.38,249.87
542.99,194.45,305.65,257.12
555.78,188.59,293.32,262.57
571.28,185.5,281.42,265.71
586.75,184.65,271.25,267.2
602.45,189.79,262.48,266.49
624,202.63,254.73,262.24
637.59,212.99,251.64,259.11
641.92,221.28,251.39,255.9
638.57,230.34,251.99,253.44
639.31,237.14,252.8,250.95
640.94,241.14,249.1,248.73
639.62,245.02,243.08,246
636.11,249.73,236.79,243.91
633.62,252.8,231.19,242.97
637.47,258.69,226.01,242.84
644.78,266.35,223.54,241.11
651.2,271.95,222.59,238.6
656.5,275.67,223.53,235.85
662.17,279.59,228.46,235.01
667.76,277.78,231.51,235.13
665.58,274.37,235.01,237.61
669.2,270.11,236.33,241.56
677.68,261.8,236.73,245.62
686.82,253.93,240.12,250.43
687.54,235.74,247.25,262.1
691.19,229.19,258.9,267.37
688.18,223.19,269.49,270.11
684.28,221.8,278.39,271.4
677.48,223.41,287.36,269.77
664.37,230.4,301.23,264.89
648.71,238.03,314.28,259.97
632.88,247.3,324.75,255.17
622.89,253.19,334.33,251.39
614.18,254.48,342.49,248.64
608.5,255.08,351.29,247.99
603.1,255.56,359.04,247.87
596.66,255.63,367.45,248.42
588.91,255.93,376.75,249.39
579.66,256.53,388.16,250.71
570.84,256.85,399.94,252.02
562.57,257.58,411.33,253.46
558,257.87,420.46,254.9
556.13,256.84,427.47,256.42
559.2,255.54,432.41,258.62
559.88,255.55,433.46,260.13
562.3,254.57,433.21,261.15
564.12,251.79,434.22,262.75
564.66,249.65,434.15,262.74
567.32,249.43,438.61,262.1
566.59,251.86,439.39,261.32
571.8,253.04,440.61,260.54
578.66,254.75,440.02,260.07
587.06,254.13,441.78,260.28
598.25,253.56,442.94,260.48
605.26,251.59,441.72,261.28
613.15,252.03,440.5,262.1
626.24,258.47,439.39,259.51
633.59,259.93,436.75,257.61
641.94,260.8,434.55,255.4
644.59,258.84,434.13,253.08
650.43,258.67,433.95,249.97
656.92,257.81,432.18,247.61
657.06,256.03,430.88,246.38
661.15,258.95,427.34,243.96
664.66,262.7,422.37,242.97
666.8,263.45,422.06,242.68
671.68,263.93,422.66,241.99
679.25,265.8,422.69,241.09
688.54,267.23,420.62,240.41
699.67,265.11,416.63,239.29
712.62,264.61,413.35,237.23
730.39,264.28,410.9,237.93
748.65,264.14,406.88,239.14
760.79,262.04,401.51,238.52
777.13,264.33,397.77,237
787.27,267.97,394.79,235.71
797.09,269.3,391,234.79
809.68,272.12,383.7,233.46
821.48,273.42,376.55,232.48
836.6,273.37,372.09,232.14
847.95,269.96,369.3,231.16
861.8,264.97,363.16,230.43
877.27,259.28,353.41,230.8
895.02,255.71,343,230.32
909.92,250.32,334.19,229.11
924.58,250.3,325.27,228.77
938.11,246.68,316.17,227.92
947.8,245.21,308.81,226.17
955.18,242.37,301.47,224.2
959.33,238.06,296.08,223.78
969.21,238.64,291.82,223.62
974.92,240.57,287.9,222.13
980.69,241.6,284.85,220.85
986.39,244.01,282.13,219
991.49,246.46,279.61,216.51
996.09,249.53,277.77,214.05
1004.5,249.29,274.6,212.4
1012.4,248.06,271.05,212.47
1017.4,244.75,267.04,212.33
1023.6,242.06,262.62,212.43
1029.5,239.31,257.88,211.67
1036.7,237.53,253.67,211.01
1043.8,238.04,248.56,210.25
1048.3,240.55,242.34,210.27
1056.7,239.05,232.23,215.8
1070.2,236.63,221.51,219.95
1083.5,231.47,211.24,223.06
1093.4,228.21,201.16,225.26
1103.6,225.2,192.18,227.16
1109.9,223.35,182.87,228.81
1117.9,222.8,174.79,228.51
1127.2,219.84,166.94,225.96
1141.8,213.8,153.17,229.35
1151.9,207.65,140.56,231.23
1159.4,203,130.04,232.79
1166.1,198.22,121.9,232.42
1181.9,198.14,111.3,235.36
1192.9,204.82,100.99,237.59
1198.9,213.97,92.669,237.21
1203.6,220.8,85.979,234.93
1207.6,225.4,80.489,232.3
1211.7,229.27,75.88,229.83
1207.7,231.02,74.278,225.77
1208.3,238.06,72.68,222.3
1205.5,248.4,72.194,217.32
1205.4,254.85,72.727,212.22
1203.2,259.26,73.231,207.91
1202.1,259.62,74.311,206.88
1198.7,260.39,75.848,206.68
1194.8,260.59,78.079,206.89
1190.3,261.72,81.043,207.81
1185.5,262.91,84.258,211.48
1180.6,261.57,87.252,215.8
1177.1,259.3,90.754,220.5
1174.7,253.95,94.495,224.47
1162.9,256.12,103.66,224.66
