246,131,91,80
243.76,131.82,92.705,80.002
245.06,131.01,93.838,79.995
242.87,131.28,94.859,79.986
243.62,132.34,95.687,79.879
243.16,131.35,96.028,80.299
242.8,131.49,96.782,80.42
244.21,131.01,97.129,80.703
242.34,131,97.455,80.78
242.08,131.37,97.8,80.87
242.61,131.86,98.165,81.068
241.82,130.54,97.84,81.437
241.79,130.26,97.696,81.362
241.11,130.44,97.85,81.419
240.82,130.02,98.026,81.361
242.36,129.95,98.241,81.429
244.25,129.47,98.489,81.322
244.72,127.25,98.347,81.363
245,125.64,98.39,81.524
245.57,124.7,98.501,81.487
245.24,125.07,98.654,81.51
245.18,124.34,98.597,81.564
247.62,124.28,98.912,81.788
245.52,123.54,98.806,82.117
243.82,122.49,98.794,82.291
243.84,122.57,98.785,82.276
244.33,122.56,99.04,82.389
243.85,121.77,98.671,82.582
241.79,119.89,98.653,82.573
239.43,120.02,98.878,82.561
239.12,120.14,99.118,82.666
236.29,120.07,99.036,82.62
236.83,117.84,98.706,82.454
237.26,118.54,98.521,82.345
236.21,117.55,98.317,82.211
237.41,117.95,98.325,82.018
236.99,118.16,98.493,81.838
237.29,116.57,98.458,81.788
238.04,114.81,98.228,82.11
236.44,113.52,98.082,82.192
236.61,110.67,97.898,82.557
235.24,110.07,98.208,82.684
235.17,108.6,98.411,82.776
235.62,108.01,98.718,82.487
235.95,108.52,99.022,82.547
236.79,108.04,99.463,82.65
236.7,105.86,99.313,82.811
237.05,105.24,99.613,82.856
235.94,102.21,99.662,83.146
233.2,100.66,99.896,83.132
232.56,100.69,100.16,83.28
232.77,98.832,100.4,83.51
231.89,97.23,100.5,83.824
231.73,96.711,100.75,84.222
232.92,97.437,101.33,84.473
234.23,97.921,101.8,84.691
234.46,100.26,102.03,84.88
233.99,102.16,102.16,84.816
233.23,103.22,102.54,84.804
238.05,105.15,103.29,84.804
238.31,106.32,103.55,85.367
240.76,108.94,104.17,85.484
241.76,108.23,104.54,85.664
240.89,108.11,104.51,85.896
243.55,108.2,104.99,86.365
244.3,111.43,104.88,86.592
250.58,114.16,105.52,86.788
254.02,116.54,106.07,87.067
257.58,119.95,106.42,87.354
259.19,120.29,106.63,87.762
262.23,124.45,107.08,87.739
266.59,129.11,107.52,88.098
269.39,131.56,108.09,88.593
270.42,135.68,108.25,88.786
274.24,138.83,108.77,89.193
278.19,142.74,108.45,89.442
281.01,144.76,108.57,89.622
283.33,144.43,108.59,90.144
282.49,146.77,108.66,90.195
284.11,148.25,109.05,90.594
287.42,150.31,109.53,90.781
288.18,151.98,109.77,90.892
290.42,151.63,109.9,91.186
292.6,153.54,110.33,91.193
292.17,154.08,110.65,91.29
289.53,154.77,110.56,91.609
287.92,154.96,110.41,91.832
287.22,156.09,110.6,92.019
292.05,155.3,110.72,92.136
293.11,156.54,111.15,92.301
294.66,156.27,111.48,92.512
294.92,155.62,111.4,92.9
293.6,156.07,111.08,92.9
292.45,157.26,110.97,93.113
292.91,157.75,111.02,93.354
293.64,159.01,111.05,93.277
294.38,160.82,111.34,93.221
295.24,160.55,111.26,93.28
297.04,161.82,111.58,92.891
296.8,162.06,111.66,92.777
297.38,162.71,111.97,92.866
298.21,163.08,112.26,92.987
299.6,162.42,112.13,93.33
300.4,163.28,112.2,93.492
299.96,163.95,112.5,93.366
299.69,163.69,112.1,93.499
301.64,164.86,111.99,93.501
301.24,165.38,111.79,93.562
300.73,163.98,111.66,93.527
301.3,164.83,111.51,93.55
301.39,164.17,111.59,93.735
300.54,164.58,111.57,93.909
300.6,165.33,111.31,94.029
300.72,164.87,110.85,94.454
299.36,165.04,110.57,94.459
298.92,164.56,110.41,94.495
300.32,162.7,110.66,94.639
300.98,162.42,111.06,94.444
301.03,161.23,111.01,94.243
301.38,161.12,110.8,93.819
300.59,159.98,110.73,93.713
301.5,160.46,110.75,93.442
301.76,158.79,110.89,93.359
300.82,158.12,110.91,93.402
301.13,157.7,110.77,93.367
300.86,155.99,110.56,93.302
301.37,156.66,110.35,93.266
301.16,156.48,110.39,93.29
302.94,157.42,111.11,93.341
305.3,157.27,111.32,93.617
307.92,158.59,111.53,93.929
309.3,158.38,111.51,94.687
309.92,158.65,111.54,95.273
311.05,158.64,111.43,95.79
312.6,158.9,111.49,96.389
314.02,160.6,111.96,96.398
317.3,161.9,112.51,96.159
318.71,163.72,112.59,96.062
324.39,164.55,113.3,96.213
326.81,166.49,114.24,96.351
333.04,167.19,114.61,96.752
339.27,170.12,115.37,97.366
350.17,170.67,115.71,97.731
360.69,172.06,115.78,98.549
369.52,174.73,116.07,99.168
375.32,178.12,117.04,99.529
380.93,180.72,117.18,99.868
383.08,182.53,117.67,100.06
388.5,183.91,117.88,100.56
391.56,187.28,118.09,101.04
393.54,191.38,118.26,101.1
396.67,193.45,118.7,101.34
399.56,194.62,119.14,101.93
401.75,196.92,118.59,102.18
402.94,199.82,118.29,102.54
404.5,201.46,118.06,102.46
403.31,202.58,117.81,102.93
402.13,204.22,117.71,103.17
401.77,205.91,118.23,103.36
401.62,207.75,118.39,103.67
402.25,209.47,118.63,104.07
401.68,209.95,118.6,104.14
398.68,211.6,118.54,104.19
395.33,212.38,118.87,104.38
393.91,213.51,119.27,104.49
390.87,214.17,119.16,104.2
387.38,214.66,118.8,103.95
386.27,214.57,118.51,103.74
384.36,216.21,118.46,103.57
381.67,217.99,118.68,103.41
378.01,216.86,118.25,103.22
375.32,215.62,118.03,103.25
372.37,215.5,117.74,102.74
365.69,215.36,117.14,102.22
357.36,213.29,116.53,101.88
349.5,214.07,116.13,101.41
341.36,216.18,115.78,101.45
335.69,218.7,115.46,101.08
335.07,224,115.8,101.16
333.65,231.64,116.19,101.53
327.33,242.87,116.36,102.03
321.67,255.62,117.37,101.03
318.44,262.18,118.4,98.607
314.68,272.28,119.22,94.142
311.28,279.42,119.64,89.03
307.16,285.26,119.59,84.404
304.33,285.47,119.5,81.27
296.34,288.2,122.97,76.884
283.93,288.64,124.85,74.159
285,288.57,125.31,73.161
284.51,298.38,127.55,70.996
281.5,297.98,130.8,68.18
278.63,297.3,132.21,67.073
277.37,296.15,133.13,66.14
291.46,292.15,132.29,66.254
291.83,291.65,130.89,66.587
288.75,300.75,132.23,64.445
276.43,299.48,133.2,63.4
279.04,299.72,133.69,62.013
282.63,300.05,133.85,61.243
285.15,299.02,133.97,60.649
283.58,298.91,134.35,60.32
272.13,298.15,134.8,60.055
271.63,297.24,135.02,60.021
272.8,293.45,134.43,60.496
271.94,302.68,135.47,59.97
270.1,300.1,135.99,59.757
270.01,299.18,136.24,59.683
268.11,298.51,136.53,59.59
267.18,298.39,136.79,59.545
268.07,299.17,137.26,59.397
280.6,300.08,138.08,59.3
281.73,301.11,139.08,59.135
282.21,301.02,139.48,59.006
282.51,300.91,139.86,58.889
283.3,300.58,140.16,58.798
282.37,300.09,140.4,58.719
281.9,299.98,140.9,58.664
281.84,299.43,141.18,58.592
282.22,299.49,141.33,58.532
283.23,299.39,141.63,58.435
284.67,299.09,141.92,58.377
284.81,298.65,141.94,58.34
283.11,298.03,142.02,58.323
281.09,297.85,141.97,58.321
279.67,298.01,141.93,58.265
278.7,298.44,141.78,58.179
279.1,298.61,141.44,58.094
279.23,299.17,140.99,57.995
267.16,299.94,140.77,57.705
268.14,307.38,141,56.826
268.11,305.9,141.01,56.699
263.47,219.99,124.2,73.531
270.57,207.96,107.73,92.823
276.53,196.64,93.903,109.25
282.39,188.25,83.59,121.13
284.82,173.04,79.195,126.41
272.1,149.84,78.234,125.83
261.09,140.94,77.519,125.46
250.87,119.57,77.23,125.09
251.9,121.05,77.084,124.43
268.37,87.706,76.293,122.09
283.15,78.669,75.67,118.79
286.23,69.79,74.859,116.13
288.26,70.783,74.343,114.08
290.54,61.048,73.936,111.11
292.73,61.928,73.793,107.99
295.89,62.24,73.482,105.1
305.76,64.36,72.934,103.36
304.97,69.352,76.174,98.211
316.44,70.443,75.003,97.203
318.03,59.055,73.604,97.723
318.03,48.426,72.386,98.209
318.38,44.987,71.349,96.584
309.87,41.586,69.361,95.996
301.77,38.041,67.502,95.36
294.42,37.192,65.842,95.251
286.72,47.875,64.255,95.649
279.33,58.964,62.789,96.55
277.22,60.917,61.585,97.538
277.18,64.525,59.977,99.65
277.49,69.008,57.204,103.25
278.09,73.456,55.475,105.69
279.67,78.437,53.963,107.38
281.06,74.406,52.934,108.74
282.92,77.977,51.712,110.49
284,79.783,50.817,112.24
283.67,83.729,50.418,113.54
282.82,78.582,50.581,115.03
281.81,82.752,50.766,116.26
283.27,87.054,50.836,117.74
286.02,92.115,50.737,119.02
287.39,95.121,50.968,119.46
286.25,97.001,51.34,120.09
285.2,99.205,51.812,120.9
283.99,100.33,52.154,121.83
281.11,93.436,53.231,122.56
278.41,87.138,54.15,123.55
275.87,81.974,54.929,124.57
273.49,86.101,55.588,125.04
272.64,79.602,56.148,125.82
272.3,72.534,56.748,126.52
273.04,74.351,56.881,127.73
274.3,66.206,57.076,129.14
275.2,67.078,57.252,130.8
275.53,68.249,57.44,132.19
274.77,61.558,58.074,133.41
273.56,65.713,58.533,134.68
273.13,69.011,58.958,135.95
272.19,72.798,59.324,136.91
271.39,66.881,59.798,137.15
271.27,61.449,61.956,134.72
271.62,56.149,63.381,132.6
271.97,60.502,65.234,130.7
271.82,55.834,66.38,128.44
270.27,51.238,67.241,126.32
268.8,46.618,67.886,124.22
265.89,51.223,68.234,123.45
256.54,58.006,68.279,123.11
259.07,53.992,68.744,122.58
260.46,59.22,69.085,122.2
261.89,64.445,69.841,121.53
262.7,60.113,70.579,120.05
264.02,56.353,71.242,118.72
264.69,62.475,71.916,117.96
265.56,67.363,72.368,118.19
275.78,59.817,72.929,117.51
275.41,56.555,73.178,117.22
265.64,76.652,72.944,118.16
265.37,89.781,70.499,123.5
268.9,91.614,68.042,129.31
281.93,95.216,66.411,136.55
292.7,97.827,68.12,140.92
292.86,97.103,69.84,146.34
295.35,97.795,71.217,149.14
276.88,119.97,78.378,140.83
274.24,98.007,80.039,138.02
272.83,102.17,81.542,134.22
282.91,108.72,81.459,132.71
280.57,112.56,81.235,132.83
277.98,103.11,81.92,130.54
276.04,103.12,81.703,128.19
266.46,103,86.521,121.07
265.81,85.343,85.35,119.54
274.44,82.864,84.435,117.76
272.29,78.975,83.439,116.65
271.01,76.65,82.394,116.35
270.67,74.522,81.673,116.65
271.21,72.888,81.217,116.36
271.89,71.608,81.013,117.27
273.04,70.882,80.517,118.06
273.31,70.374,80.323,118.57
273.49,70.554,79.862,119.71
271.81,71.145,79.907,119.97
269.51,70.078,80.251,118.61
267.77,69.425,80.22,116.57
251.67,74.739,86.761,109.14
240.45,75.275,90.954,104.3
239.43,75.083,93.058,101.86
235.27,74.911,93.48,100.5
222.57,71.556,94.078,98.993
229.77,68.341,94.566,97.55
231.19,83.043,89.87,107.1
222.66,125.93,85.001,117.8
234.81,151.08,76.712,133.15
244.19,151.31,72.419,143.2
245.91,176.59,69.695,150.52
226.61,214.73,78.827,143.23
215.34,224.1,88.949,136.25
209.87,222.22,89.488,135.21
202.37,228.23,97.162,128.46
199.43,231.1,101.52,123.16
197.67,233.41,104.79,119.34
196.09,220.24,107.19,117.21
194.64,218.69,109.64,113.89
192.77,214.56,112.05,108.56
198.55,197.88,112.37,105.25
205.27,181.55,111.57,102.83
212.14,149.86,104.5,108.6
225.37,130.93,99.734,111.46
227.9,112.34,96.454,112.84
230.83,99.304,97.815,109.99
233.57,88.322,98.937,106.1
235.63,77.58,100.39,102.55
240.04,81.07,105.24,95.798
242.62,82.473,109.44,89.673
236.69,74.091,113.26,84.474
232.56,75.596,116.02,80.986
231.85,76.569,118.07,77.768
228.82,77.028,119.67,75.331
228.02,78.216,121.18,73.904
228.88,81.042,121.56,72.451
230.5,92.407,122.39,71.049
229.98,92.963,122.39,69.458
230.24,94.1,121.56,68.21
231.5,94.995,121.16,67.136
232.24,96.067,120.48,66.338
232.95,96.939,119.22,66.016
234.1,98.108,117.96,65.935
235.09,99.89,116.61,66.207
235.97,102.39,115.87,65.897
237,103.62,114.99,65.798
237.75,104.81,114.12,65.981
237.24,104.89,113.36,66.035
237.11,104.73,112.84,66.039
237.06,104.74,112.54,65.985
237.12,104.64,112.13,65.854
237.43,104.62,111.9,65.903
237.63,104.6,111.74,66.004
232.21,104.15,111.73,66.331
218.78,103.08,110.3,66.256
202.25,99.809,106.81,70.811
185.92,96.15,102.45,74.894
169.94,105.11,99.216,76.364
145.81,113.58,97.316,77.147
127.65,124.13,94.837,77.414
116.59,144.54,92.68,77.388
107.08,153.73,89.502,77.365
96.252,153.11,86.804,77.829
87.077,155.72,84.297,78.286
87.978,157.56,82.328,78.432
86.23,168.57,81.365,79.172
85.183,177.62,80.69,79.797
77.476,189.8,80.495,80.445
68.01,223.09,79.837,80.981
67.274,228.91,79.259,81.755
68.19,238.4,79.579,81.093
65.776,237.99,79.246,80.849
62.178,238.85,80.211,79.403
56.188,235.48,80.984,75.752
52.435,232.5,82.593,72.483
51.675,227.57,83.422,69.972
50.182,223.4,83.095,67.643
48.852,218.41,84.316,66.378
46.154,213.6,85.271,64.998
43.75,208.99,86.285,64.818
40.135,202.75,86.882,64.231
34.93,195.54,87.066,63.171
30.819,185.7,85.918,62.349
25.926,171.3,85.414,61.658
22.355,165.01,84.859,61.496
20.535,158.12,84.451,61.041
19.473,149.4,83.992,60.226
18.272,140.66,83.865,59.504
18.609,133.63,83.79,58.799
15.839,125.55,83.319,58.306
13.502,118.04,82.789,57.902
10.982,110.56,82.267,57.385
7.6385,104.39,81.873,57.094
5.8424,100.73,81.807,56.973
6.6549,97.794,82.006,56.86
6.3892,96.269,82.566,56.621
5.0525,96.447,82.771,56.344
3.9147,96.091,82.393,56.083
4.4091,95.268,82.411,56.027
4.4918,94.678,82.66,55.832
4.3547,94.131,82.656,55.843
3.785,93.818,82.596,55.703
3.5867,96.013,82.72,55.883
3.3103,98.264,82.882,56.007
2.1265,98.565,82.515,56.126
1.4543,97.929,82.307,56.394
2.2406,100.8,82.834,56.335
2.8978,101.28,83.582,55.916
3.2537,102.13,84.143,55.689
6.3372,106.01,84.649,55.426
7.4043,109.14,85.201,55.146
5.4928,111.44,85.434,54.857
3.2578,113.99,85.5,54.809
2.4545,117.4,85.204,54.897
3.2403,120.67,85.14,54.801
4.2586,124.78,85.437,54.433
4.8194,128.73,85.891,54.178
6.8097,132.13,85.891,53.635
8.5192,137.04,85.739,53.246
9.5298,141.69,85.819,52.741
8.04,145.48,86.059,52.469
5.7123,147.13,86.121,52.612
3.3575,147.51,86.736,52.031
2.5615,147.7,87.013,51.654
0.34438,148.13,87.254,51.296
2.391,149.14,87.652,50.991
0.66953,148.06,87.954,50.815
0.14536,146.59,87.906,50.937
-1.3871,145.49,87.322,50.963
-1.137,145.13,87,50.746
-1.7704,145.48,86.861,50.783
0.55157,145.99,86.712,50.586
1.4131,146.74,87.062,50.287
2.5539,147.93,87.479,50.019
6.0228,150.61,87.87,49.474
9.8594,153.52,87.645,49.499
16.751,157.48,86.174,49.505
27.577,163.02,83.913,49.19
35.099,176.12,81.295,48.99
38.849,184.72,80.093,48.512
33.885,188.11,80.249,48.967
15.933,190.7,86.33,47.581
4.9729,199.88,89.582,47.145
-4.4194,214.04,86.024,50.315
-9.3036,232.85,83.81,51.546
1.232,226.08,85.454,49.678
3.5159,226.56,85.511,49.621
4.6617,227.15,85.528,49.594
5.6131,226.76,85.455,49.659
5.9349,228.77,85.399,49.718
6.5576,231.18,85.35,49.764
7.2994,234.04,85.318,49.793
7.3671,237.03,85.268,49.843
7.9878,240.25,85.227,49.886
7.7217,243.38,85.178,49.946
8.7616,246.4,85.143,49.988
9.1936,248.47,85.123,50.012
9.3324,249.96,85.107,50.033
9.2937,251.25,85.081,50.068
9.2769,252.23,85.064,50.091
8.9243,252.96,85.039,50.12
8.5219,253,85.002,50.168
8.6484,253.29,84.986,50.19
9.1582,263.4,85.127,50.129
9.5428,264.42,85.34,50.034
9.1661,264.48,85.45,49.953
7.3917,264.08,85.611,49.85
7.1563,263.73,85.76,49.699
6.5558,263.23,85.903,49.593
5.9064,263.17,86.02,49.449
6.0654,264.12,86.117,49.371
5.6735,264.82,86.188,49.306
5.3065,265.34,86.246,49.245
4.3542,266.27,86.281,49.211
3.646,267.26,86.303,49.189
2.4881,268.54,86.311,49.182
1.7333,267.85,86.285,49.205
1.8235,268.35,86.272,49.219
1.8092,269.02,86.261,49.23
1.5677,269.38,86.248,49.242
1.5645,269.85,86.23,49.259
1.8607,269.75,86.193,49.293
1.7003,270.47,86.154,49.324
1.513,271.82,86.117,49.355
2.0081,273.27,86.133,49.337
1.1194,274.01,86.152,49.281
1.8794,274.36,86.197,49.214
2.9386,274.68,86.235,49.113
4.711,274.48,86.39,48.957
6.7859,267.02,86.835,48.606
9.2202,267.8,87.064,48.434
10.525,267.89,87.233,48.326
11.573,268.46,87.546,48.124
12.473,269.27,87.687,48.036
13.351,269.92,87.907,47.89
14.587,270.24,88.112,47.762
16.653,270.44,88.327,47.627
19.647,270.11,88.505,47.517
22.456,270.02,88.693,47.402
25.581,269.58,88.898,47.276
27.989,268.72,89.018,47.205
29.317,267.67,89.155,47.123
30.887,266.7,89.213,47.089
38.557,259.06,90.07,46.665
37.819,260.65,90.475,46.472
43.941,269.58,91.562,45.919
42.847,269.95,92.215,45.596
40.436,270.24,93.466,44.996
38.814,270.01,94.835,44.29
37.816,269.71,96.173,43.641
37.762,269.05,97.105,43.236
46.368,268.39,97.741,42.967
47.057,267.78,97.958,42.878
48.819,266.77,98.12,42.791
49.865,265.6,98.285,42.708
50.091,264.63,98.581,42.571
48.565,263.8,98.739,42.499
47.625,263.93,98.871,42.434
47.451,263.82,98.998,42.37
46.653,263.25,99.125,42.317
45.371,262.09,99.155,42.304
43.97,260.86,99.192,42.29
42.336,260.16,99.276,42.259
40.775,259.25,99.322,42.244
38.298,250.62,99.547,42.167
23.928,250.47,99.767,42.108
17.082,250.52,100.59,41.877
25.877,243.03,101.54,41.705
35.198,244.04,102.51,41.679
50.078,253.07,103.35,41.711
56.411,254.04,104.4,41.826
52.018,263.81,104.96,41.876
47.746,273.58,106,41.827
46.719,283.27,106.61,41.912
54.278,284.65,107.02,41.928
53.629,285.17,107.53,41.977
38.264,285.1,107.7,41.981
24.846,286.04,108.05,42.023
19.231,297.23,108.47,42.058
18.94,299.52,108.67,42.077
16.204,300.78,108.89,42.082
13.597,292.99,109.24,42.159
9.6925,294.34,109.34,42.173
8.367,304.44,109.04,42.419
2.2316,314.38,109.18,42.326
1.7836,315.1,109.3,42.243
0.61006,315.16,109.4,42.176
0.1937,315.55,109.51,42.095
0.58888,315.45,109.67,41.955
2.9517,316.02,109.72,41.906
4.2676,316,109.81,41.795
6.6308,316.16,109.91,41.638
9.7304,316.45,109.93,41.559
13.169,316.37,109.93,41.355
14.813,316.05,110.01,41.281
7.5532,316.41,110.04,41.215
2.4027,315.74,110.04,41.093
5.4845,315.92,110.02,41.06
6.9891,315.61,110.02,41.053
1.3887,315.43,110,41.048
4.389,315.96,109.96,41.023
7.6191,316.1,109.97,41.004
9.6824,315.53,110.08,40.968
10.1,314.98,110.21,40.909
9.9036,315.34,110.39,40.812
9.5437,315.44,110.47,40.76
9.3218,315.76,110.53,40.726
10.186,316.47,110.62,40.672
10.544,317.14,110.73,40.61
11.569,317.88,110.84,40.539
11.904,318.91,111.01,40.431
12.688,320.6,111.32,40.237
12.199,321.34,111.73,39.986
11.027,321.29,112.04,39.81
9.3381,321.03,112.59,39.491
9.0391,321.09,112.9,39.332
10.271,320.29,113.07,39.241
8.799,319.74,113.16,39.196
6.8521,319.91,113.28,39.125
7.5277,320.2,113.4,39.049
6.8746,319.74,113.5,38.999
6.9879,319.69,113.59,38.948
7.6332,319.83,113.71,38.884
8.9237,319.71,113.8,38.837
8.4983,319.79,113.88,38.784
9.366,320.71,114.09,38.676
9.4566,320.96,114.44,38.443
8.941,321.13,114.67,38.291
8.8768,321.66,114.95,38.102
9.5633,321.57,115.35,37.798
8.8095,322.02,115.78,37.413
7.3285,322.05,116.12,37.111
8.3514,322.07,116.28,36.931
8.3274,322.3,116.54,36.7
7.8582,322.22,116.67,36.555
7.992,322.73,116.77,36.395
7.5925,322.47,116.83,36.257
7.9303,322.29,116.95,36.127
7.9135,322.43,117.03,36.05
7.9269,322.41,117.16,35.945
7.2582,322.1,117.24,35.873
7.3144,321.94,117.28,35.802
7.0319,322.51,117.32,35.742
4.591,322.86,117.35,35.699
3.8727,323.03,117.36,35.659
3.4065,322.82,117.35,35.597
3.2418,322.25,117.36,35.5
3.0068,321.81,117.29,35.412
2.0701,321.8,117.2,35.34
1.8615,321.56,117.11,35.335
1.7356,321.08,117.04,35.33
1.4562,320.95,116.83,35.377
1.106,320.92,116.68,35.444
0.54229,320.94,116.58,35.52
1.381,320.05,116.47,35.631
2.1551,326.33,116.43,35.55
2.089,323.81,116.39,35.504
0.20585,322.59,116.35,35.531
-1.393,321.08,116.34,35.566
-1.0009,319.35,116.24,35.704
-1.7969,319.04,116.19,35.826
-1.2435,318.33,116.11,35.997
-1.0759,318.48,116.07,36.107
0.14937,318.18,116.08,36.236
1.4271,318.35,116.05,36.38
2.4599,318.02,116,36.483
2.1456,317.77,115.93,36.574
1.5536,317.79,115.71,36.752
1.0354,317.53,115.46,36.891
8.1811,317.52,115.17,37.182
6.7499,316.83,114.93,37.378
5.5487,316.91,114.53,37.568
5.3136,317.49,114.22,37.676
5.262,317.76,113.86,37.835
-1.3589,317.6,113.36,38.02
0.61087,317.67,112.97,38.154
1.3707,317.62,112.42,38.327
2.0012,317.59,111.96,38.398
9.9019,317.42,111.69,38.451
9.8865,317.59,111.46,38.469
9.1854,317.78,111.25,38.464
9.6649,317.14,111.04,38.411
9.7599,317.53,110.71,38.511
9.0393,315.81,110.48,38.612
8.3928,315.69,110.36,38.672
6.801,315.06,110.31,38.732
13.902,314.79,110.33,38.806
11.984,307.21,109.98,39.022
11.365,307.89,109.7,39.192
30.64,309.12,108.89,39.97
38.57,309.67,108.42,40.342
38.291,309.64,107.82,40.807
38.529,309.2,107.36,41.189
39.028,308.88,106.72,41.642
38.483,308.97,106.39,41.924
38.214,308.44,106.16,42.086
38.295,308.64,105.94,42.284
39.337,308.1,105.65,42.53
39.61,306.71,105.07,42.903
38.313,306.59,104.99,42.953
36.999,306.33,104.85,43.036
35.96,307,104.56,43.22
34.555,307.32,104.4,43.345
33.956,307.84,104.27,43.419
32.456,307.59,104.2,43.457
31.919,307.86,104.16,43.482
31.437,307.84,104.09,43.528
31.752,307.79,104.02,43.56
31.036,307.85,103.97,43.58
30.14,308.43,103.94,43.59
50.089,230.94,98.521,50.015
49.157,239.7,98.004,51.828
51.703,244.57,94.523,56.964
55.012,240.97,92.333,60.957
56.818,236.38,90.509,64.318
57.987,231.52,89.274,66.754
60.163,226.38,88.784,68.862
62.375,212.31,88.518,70.792
62.639,197.56,88.858,71
62.784,185.88,88.959,71.307
59.654,194.38,91.104,69.791
45.404,192.67,92.378,68.924
40.443,200.52,96.096,66.767
37.847,200.84,100.41,66.107
34.243,211.73,103.63,65.792
19.789,202,108.74,63.314
16.549,201.73,113.63,61.088
17.344,193.56,115.47,59.798
18.409,195.77,117.2,58.881
49.398,194.97,120.26,57.94
47.498,194.7,123.07,56.908
57.03,194.28,125.88,55.576
58.942,194.4,128.06,54.513
72.404,193.67,129.94,53.698
90.048,211.46,122.33,64.361
102.81,209.87,116.56,72.267
104,215.98,114.24,77.606
108.96,214.19,113.31,80.639
113.22,213.05,112.65,82.595
124.54,211.66,112.64,83.315
121.92,213.11,118.55,80.81
120.7,215.34,123.87,78.374
117.15,217.93,129.3,76.023
114.55,218.49,134.58,74.605
111.53,215.68,140.28,73.456
102.54,210.69,144.33,72.045
100.34,198.55,145.45,72.633
95.882,189.96,144.14,74.15
91.456,179.62,143.76,73.808
148.81,175.26,144.94,74.686
132.47,169.66,147.73,74.883
126.62,156.88,148.43,76.074
95.341,146.38,149.66,76.962
72.732,144.55,153.24,78.022
67.765,160.71,141.9,88.252
76.974,175.82,134.6,95.261
87.167,201.2,126.44,100.08
108.39,208.13,120.65,101.95
179.33,174.72,118.98,104.22
154.44,109.78,109.55,114.99
141.82,82.104,102.58,121.23
103.3,139.96,100.68,118.7
89.121,141.51,100.84,117.67
73.72,143.4,100.74,115.71
61.376,141.22,98.465,115.15
58.476,141.63,97.942,114.49
56.13,151.01,96.668,114.12
61.874,149.27,94.418,114.77
69.928,149.36,91.971,114.91
80.401,143.13,86.573,118.64
95.802,138.55,83.553,120.55
111.1,131.51,81.433,122.09
127.6,136.1,80.49,122.26
145.84,138.23,79.673,122.19
171.27,150.56,83.959,118.76
182.76,165.26,89.629,115.04
182.65,165.05,93.949,112.72
181.14,175.86,96.86,111.76
169.01,175.07,98.379,111.13
168.56,185.59,99.187,111.34
158.11,194.69,98.236,111.79
157.5,202.05,96.183,112.91
157.04,198.23,95.06,114.27
158.16,192.06,90.794,120.74
156.46,195.84,87.873,126.07
152.97,190.01,84.963,131.92
144.09,183.54,80.852,138.32
139.34,185.82,79.225,139.9
139.42,177.64,76.91,144
136.39,171.54,76.225,146.78
129.07,163.83,74.502,148.09
130.54,158.53,73.106,150.27
129.15,154.56,72.484,151.61
129.79,150.71,72.351,150.96
127.96,148.11,72.57,151.23
116.76,146.82,72.89,151.13
118.09,144.88,73.21,151.46
109.96,149.91,73.108,148.51
107.63,147.83,73.844,148.24
104.47,155.13,74.537,144.98
107.21,153.65,74.978,144.51
112.06,165.7,75.045,142.45
118.44,176.64,75.138,139.24
124.03,178.16,75.187,138.19
129.45,188.27,75.508,136.16
142.7,200.81,79.473,130.1
143.23,210.87,82.797,124.23
143.39,204.69,80.504,126.25
144.03,209.85,77.935,126.84
145.83,214.42,75.924,126.28
148.76,211.88,73.735,127.42
161.96,213.27,73.102,127.1
164.77,221.15,72.256,125.66
166.06,224.5,75.262,119.97
168.51,225.97,77.441,116.28
169.98,225.46,79.116,114.44
171.55,221.35,76.838,115.78
195.3,233.49,80.529,113.58
195.35,241.07,82.431,112.97
197.29,238.4,83.6,113.85
201.29,235.86,84.335,114.31
190.68,197.69,86.909,109.67
192.11,197.05,89.506,106.59
181.3,196.99,90.609,103.93
170.86,197.67,90.738,101.58
171.24,200.42,90.449,99.504
172.43,210.55,89.664,97.909
174.09,209.69,88.903,96.718
176.48,209.68,88.35,95.673
190.65,214.02,83.655,97.324
195.23,218.69,79.422,98.711
199.79,223.71,75.225,99.526
204.4,219.88,71.048,101.5
208.13,224.94,67.819,101.97
211.77,222.6,65.58,102.97
215.27,220.02,64,103.5
217.56,217.79,63.077,104.22
237.76,257.11,65.767,101
235.53,263.74,67.343,97.557
235.19,259.66,65.003,98.268
235.83,254.89,62.88,99.612
225.29,251.88,64.758,97.285
224.81,248.17,65.773,95.861
208.32,218.58,64.247,98.004
220.02,228.75,65.761,97.402
220.75,223.88,64.33,99.184
223.63,222.52,62.5,102.03
226.88,222.6,59.349,107.18
226.34,232.76,58.476,110
215.09,248.55,58.501,109.86
206.04,254.88,58.706,109.74
198.11,257.04,59.33,109.63
197.09,267.54,63.751,104.5
198.32,269.16,66.664,101.51
211.08,268.69,69.218,99.732
232.9,256.86,70.628,99.027
234.68,255.98,72.036,98.365
226.46,264.42,73.885,97.306
228.73,263.05,75.377,96.789
230.14,261.82,76.538,96.737
233.34,259.42,77.529,97.242
235.48,255.88,77.962,98.499
246.53,254.03,78.594,99.009
259.35,253.32,79.318,98.957
271.32,253.2,79.947,98.084
282.25,253.23,80.399,97.478
283.91,252.44,79.654,97.505
286.08,252.54,79.352,97.474
290.16,251.5,77.787,97.279
302.54,246.62,72.964,102.57
304.54,250.19,68.722,105.03
308.04,245.85,65.507,107.9
321.3,252.12,64.219,107.2
331.5,262.55,67.09,102.74
343.65,256.01,65.418,101.95
353.17,265.11,68.155,96.897
369.78,242.27,70.604,94.448
377.29,221.38,71.312,90.455
373.49,209.38,71.256,88.747
372.68,206.83,70.914,87.27
371.42,206.65,71.558,84.962
369.6,207.17,72.24,83.343
369.82,205.88,71.968,82.397
379.61,203.09,68.414,85.626
366.94,201.79,70.35,83.457
370.33,200.3,72.031,81.219
366.73,196.74,74.108,78.757
361.86,184.82,75.651,77.347
351.24,173.65,76.592,76.964
341.98,171.06,76.845,76.881
332.7,168.93,76.787,77.219
333.33,167.23,76.913,77.364
331.7,163.58,76.933,77.373
321.02,143.99,77.887,77.419
319.55,136.29,79.402,77.481
316.96,138.05,79.721,77.611
324.89,109.18,84.369,74.213
323.36,106.76,86.444,72.578
320.84,99.994,90.493,68.349
311.8,99.901,94.703,64.045
318.17,91.507,95.447,60.747
309.4,90.673,95.309,57.817
306.59,81.407,93.991,55.316
296.88,80.237,92.099,54.365
288.83,71.484,90.092,54.065
281.3,71.693,88.884,53.827
283.5,79.978,88.616,53.284
277.85,79.873,88.527,52.86
272.15,80.004,88.61,52.571
275.45,80.174,88.391,52.331
268.05,82.425,89.381,51.207
268.75,84.393,90.015,50.251
270.29,84.989,89.737,49.965
270.29,85.892,89.22,49.611
270.44,86.435,89.022,49.439
268.56,86.376,88.967,49.413
267.99,87.599,88.887,49.355
266.67,89.1,88.722,49.415
265.65,90.844,88.486,49.477
260.12,93.632,88.483,49.478
250,104.94,88.137,49.283
241.54,85.762,85.539,51.317
243.73,77.174,81.913,53.931
244.17,84.082,78.514,56.714
241.95,84.804,78.021,57.101
241.1,83.956,77.934,57.162
245.56,84.684,78.078,56.992
261.55,84.973,77.584,57.585
258.5,75.614,76.581,58.521
256.68,67.191,75.118,60.111
254.67,66.07,74.461,60.466
259.41,57.655,73.279,60.826
256.15,58.591,74.987,58.448
254.21,57.733,75.247,57.817
260.66,50.012,75.343,57.469
258.87,49.857,75.243,57.5
257.62,50.432,75.146,57.535
257.49,50.644,75.066,57.579
257.42,51.41,74.981,57.633
258.85,52.994,74.914,57.681
213.21,55.827,73.164,59.705
214.98,80.674,72.697,60.996
227.15,80.755,71.956,63
233.82,82.487,71.753,65.223
231.52,85.164,72.387,65.753
228.27,87.331,73.618,65.647
224.71,89.16,75.775,66.065
230.04,87.223,77.084,67.287
227.68,95.924,78.405,69.269
232.39,106.5,78.285,70.869
229.86,109.07,78.729,72.146
233.21,110.75,80.649,73.248
231.96,112.54,81.256,74.017
238.39,113.01,81.238,74.377
243.86,115.38,80.512,75.12
248.29,117.71,79.08,76.784
256.67,116.99,74.325,81.334
257.21,126.49,75.554,80.753
258.59,133.94,76.195,80.214
253.59,125.97,76.974,79.109
255.53,128.99,77.639,77.773
257.19,131.05,78.401,76.415
259.33,124.92,78.648,75.687
262.27,125.42,78.926,74.78
265.23,124.9,80.235,74.063
267.3,125.28,81.826,73.813
260.66,126.4,84.953,73.471
264.49,128.54,85.858,75.05
257.1,131.24,86.191,76.559
252.38,134.47,87.685,76.677
239.69,127.24,87.825,76.108
236.1,122.89,87.559,75.734
234.01,124.78,88.253,75.595
231.36,118.9,88.149,75.335
237.99,122.7,88.5,75.076
236.24,124.43,88.188,74.761
234.04,118.92,88.046,74.525
233.11,121.6,87.852,74.235
231.72,116.09,87.434,74.188
229.33,110.59,86.791,74.179
235,113.38,86.889,73.828
230.99,106.78,87.177,73.859
229.35,99.556,87.212,74.127
236.98,99.569,87.806,74.129
235.17,91.757,87.997,74.531
242.18,93.01,88.61,74.477
240.96,94.605,89.235,74.369
238.96,90.438,88.581,73.836
237.92,96.026,87.847,73.916
260.34,116.52,87.522,75.265
261.78,115.05,87.153,76.836
261.47,114.42,87.326,77.76
259.96,115.03,88.032,78.397
260.69,115.61,88.041,78.904
259.16,116.94,87.622,79.776
266.58,119.76,86.749,79.483
262.71,123.81,86.951,79.268
261.38,119.53,87.819,78.935
270.44,124.63,87.812,78.955
244.14,167.96,90.652,80.093
240.14,178.87,94.194,78.8
239.6,177.52,95.712,78.455
239.58,176.4,96.987,77.762
239.3,177.89,100.71,75.12
239.31,165.55,100.69,76.601
237.39,164.22,101.35,76.706
235.7,161.69,101.59,76.348
233.85,159.06,101.75,76.268
231.27,156.18,102.43,76.902
229.32,152.99,103.14,77.508
227.49,150.53,104.17,77.745
226.52,148.09,105.16,78.066
227.19,147.58,105.86,78.717
229.28,147.16,105.54,79.53
237.07,146.91,105.72,80.169
243.82,146.07,106.23,81.936
242.15,159.69,109.22,79.135
241.63,160.98,110.77,77.415
240.46,163.21,112.07,76.945
238.09,164.29,114.3,77.768
246.61,161.73,115.72,81.485
238.87,163.16,121.91,82.317
233.15,166.28,128.74,83.205
233.28,170.38,134.97,84.492
231.33,174.84,140.57,85.878
231.79,177.98,144.79,86.607
230.82,181.4,150.18,87.578
229.56,183.58,154.59,88.946
228.33,187.27,157.57,90.31
225.88,192.8,160.13,92.555
220.15,197.48,163.44,95.062
216.04,201.26,165.72,98.224
213.08,204.16,166.62,101.13
212.79,205.82,168.01,103.4
214.12,206.13,169.69,104.62
216.28,206.71,170.28,105.69
218.75,206.21,170.52,106.74
224.27,204.4,170.25,107.21
228.47,204.59,170.23,107.77
231.11,204.9,170.89,108.39
232.37,203.89,170.63,108.72
234.42,202.25,171.31,109.16
236.54,200.66,171.92,109.62
236.61,199.36,173.06,110.24
234.34,199.16,174.68,110.67
235.11,198.96,175.37,110.74
236.98,198.21,176.72,111.09
238.53,197.05,176.82,111.74
241.99,196.59,176.43,112.38
243.16,195.78,176.75,113.13
244.81,194.68,177.57,113.65
245.2,193.68,178.96,114.32
245.92,192.34,180.2,114.77
247.45,191.24,180.98,115.08
246.68,190.14,182.21,116.01
244.63,190.33,182.59,116.79
243.1,190.39,183.66,117.54
240.8,191.2,184.41,118.54
240.21,191.04,184.57,119.27
242.52,190.88,185.01,120.08
241.61,191.45,187.04,121.05
240.3,192.34,189.47,121.85
238.66,192.82,191.06,122.42
238.36,191.81,191.88,122.76
239.17,191.75,192.06,121.92
240.8,191.69,191.12,121.15
243.4,191.3,191.04,120.11
245.51,190.7,190.91,119.25
248.39,190.86,190.41,118.67
251.49,190.33,189.58,118.25
252.51,191.51,189.55,117.93
254.18,192.81,188.7,117.45
255.19,192.88,188.49,116.98
255.74,193.82,188.26,116.21
255.79,195.54,188.04,115.79
256.26,195.29,187.59,115.67
254.74,196.66,187.33,115.26
251.35,196.68,187.2,114.39
251.03,195.92,186.69,113.98
251.08,196.83,186.05,113.44
250.49,195.88,186.11,112.99
250.71,196.28,185.83,112.65
250.47,197.3,186.13,112.46
248.67,197.58,186.74,112.25
248.18,198.64,187.82,111.98
247.55,198.68,188.34,112.25
246.98,198.65,188.52,112.33
247.29,198.18,188.42,112.66
248.3,197.37,188.66,113.43
250.99,196.21,189.46,114.45
254.96,196.91,190.41,114.82
256.32,195.94,192.92,115.34
259.17,195.6,195.77,115.57
256.33,196.21,199.06,116.31
255.16,195.28,201.13,117.56
254.44,194.57,202.06,118.17
255.41,193.73,202.38,119.06
255.72,193.98,202.67,119.73
255.31,194.11,202.49,120.49
256.39,193.48,201.81,121.21
256.65,192.61,202.11,121.93
258.53,192.7,202.48,122.36
259.57,193.53,203.74,122.53
257.78,193.89,205.76,122.82
258.37,192.98,207.19,123.62
257.24,195.05,207.68,123.91
257.13,197.66,206.74,123.71
260.21,198.04,205.25,122.93
264.83,200.71,204.09,123.3
266.65,199.74,202.79,122.42
266.16,198.18,201.15,121.59
266.75,198.76,198.3,120.03
269.34,201.02,194.72,119.19
271.07,203.82,191.74,118.37
273.11,206.76,188.49,117.51
273.48,208.47,189.07,116.16
273.66,210.6,188.73,115.57
276.26,211.13,188.25,114.96
276.74,211.59,187.35,114.65
279.83,211.09,186.23,114.35
280.67,211.59,186.19,113.98
282.47,211.22,185.45,113.8
282.12,211.95,185.14,113.75
281.29,213.55,184.4,113.7
282.01,211.96,183.09,113.89
284.04,211.19,181.58,114.63
285.84,210.87,179.31,115.57
288.29,207.45,176.73,116.9
291.71,204.78,173.93,117.77
294.41,201.35,171.59,118.1
296.5,197.41,170.21,117.15
300.37,191.22,168.31,116.02
301.68,187.76,167.53,114.19
303.01,187.19,167.17,112.5
302.65,186.9,167.34,111.39
300.99,185.66,168.07,110.04
299.12,183.05,168.45,108.72
296.74,181.71,169.09,107.52
294.64,179.61,168.33,106.08
293.55,178.01,167.87,105.07
291.39,174.61,165.81,103.4
283.31,173.8,166.48,99.987
277.26,170.95,167.65,96.974
271.29,171.3,167.98,95.341
264.26,174.08,169.28,93.916
255.92,179.23,169.91,93.217
246.53,185.7,171.11,93.036
236.35,191.8,171.57,93.209
227.61,198.14,172.03,94.018
221.68,202.61,171.84,94.448
213.36,206.59,171.34,94.634
203.69,210.13,170.77,94.772
193.77,212.42,170.7,95.808
184.67,214.08,169.61,96.397
180.02,215.22,168.18,96.761
174.69,214.43,167.06,96.083
173.66,213.11,165.08,95.904
177.73,209.57,162.99,95.797
181.34,206.49,162.23,95.721
185.35,201.5,160.87,95.679
190.99,197.66,160.31,95.565
195.79,192.55,160.23,95.376
199.28,190,160.78,95.09
203.47,187.98,160.85,94.935
207.3,185.98,161.4,95.198
210.83,183.64,162.42,95.371
214.05,182.07,163.72,95.751
217.41,180.75,165.14,96.424
221.73,179.79,166.23,97.276
225.33,179.4,167.25,97.807
228.12,179.57,167.21,98.784
229.63,179.95,167.89,99.411
229.5,179.35,168.21,99.854
230.93,178.19,168.48,99.788
231.07,175.43,168.8,99.765
236.03,173.57,168.3,99.816
239.84,171.19,167.95,99.383
242.14,168.35,167.75,99.633
240.99,165.85,167.62,99.883
244.59,165.03,167.88,100.25
242.05,164.73,168.83,100.17
239.32,164.15,169.93,100.17
234.7,162.33,171.52,100.23
233.51,160.48,173.15,101.2
231.35,159.64,175.12,102.12
228.63,161.13,176.38,101.88
224.59,163.45,177.78,102.01
220.2,167.66,179.04,101.65
215.48,171.91,181.3,99.821
208.64,175.12,185.37,97.905
201.74,176.04,186.75,98.55
201.09,174.32,178.67,105.35
186.97,190.43,171.02,111.91
176.31,207.3,162.53,120.39
166.52,227,155.02,122.43
178.6,225.78,147.84,126.61
186.17,244.39,146.63,126.06
183.5,241.8,146.63,126.06
179.68,264.41,147.35,125.52
159.36,269.6,152.21,121.51
156.82,271.94,155.29,119.01
156.69,273.12,157.55,117.21
152.07,273.96,160.83,114.89
147.83,274.46,163.13,113.35
142.96,274.1,163.82,112.88
134.12,274.08,164.33,112.52
111.66,276.03,168.2,109.58
108.84,276.43,169.75,108.35
121.26,278.9,172.79,106.09
118.94,282.67,179.05,100.76
120.9,283.13,181.87,98.431
118.14,286.34,188.11,91.954
119.26,285.94,190.64,88.564
128.99,286.54,191.87,84.612
132.04,287.91,190.83,80.108
140.17,289.42,188.22,75.869
145.66,291.42,183.56,72.429
150.23,295.14,178.04,69.72
159.66,298.72,171.56,66.546
166.05,301.18,165.44,63.917
169.5,302.84,158.58,61.532
175.09,303.4,152.33,59.666
179.77,305.3,147.26,57.917
181.53,306.09,143.73,56.351
186.89,307.44,140.81,54.468
188.15,309.24,138.48,53.056
194,309.09,135.83,52.078
196.29,309.02,134.14,51.243
196.37,309.41,132,50.813
203.5,309.06,129.15,51.407
207.49,305.87,126.7,52.664
211.62,302.38,125.23,54.44
223.43,297.45,123.87,56.584
229.82,292.55,122.42,58.937
234.75,284.1,120.73,61.238
244.07,274.74,120.38,62.089
250.97,266.87,119.47,63.457
256.82,259.02,119.07,63.952
261.5,253.47,119.18,64.313
268.77,247.78,119.67,64.254
275.85,242.24,120.11,64.117
281.48,237.11,120.29,64.079
285.08,229.21,120.04,64.167
292.76,222.26,120.78,64.22
298.24,215.33,121.7,64.061
298.67,209.06,121.84,63.977
306.18,203.38,122.88,63.848
311.47,198.15,123.76,64.379
314.07,194.53,124.12,65.214
317.87,191.02,124.59,65.813
321.38,187.94,125.63,66.044
322.97,185.05,126.47,66.318
323.16,182.88,127.08,66.616
320.98,181.23,128.39,66.401
321.52,179.34,129.08,66.547
318.51,178.45,129.98,66.665
315.86,178.72,130.94,66.586
315.56,177.13,131.75,66.879
314.87,176.05,132.95,66.943
316.1,176.59,133.31,67.166
318.89,174.59,133.58,67.213
331.21,172.63,135.05,67.086
338.42,171.19,135.84,67.555
351.28,170.63,137.46,67.719
365.35,167.91,139.34,68.418
377.01,166.77,141,68.871
382.34,165.08,141.92,69.846
389.82,162.91,142.15,70.844
392.72,161.36,143.11,70.827
393.72,160.59,143.55,70.705
394.5,158.98,142.86,71.141
394.91,156.67,142.52,71.822
395,156.41,142.31,72.278
393.95,155.24,142.76,72.847
392.7,153.53,143.31,73.605
391.45,153.32,143.54,74.044
386.87,155.11,144.27,74.442
380.27,154.65,145.34,74.691
372.49,154.48,146.49,74.917
366.69,154.84,146.82,75.268
360.91,153.95,147.03,76.054
354.61,153.75,146.85,77.061
353.27,151.18,145.99,78.565
352.22,150.33,144.93,79.273
352.5,149.55,143.6,79.666
352.67,146.58,142.6,79.685
353.21,146.15,142.69,79.263
367.41,145.9,143.75,79.767
384.95,145.24,143.56,80.016
385.71,143.81,143.73,80.18
384.91,142.47,145.47,80.174
383.15,141.29,146.08,81.092
379.89,142.62,146.31,82.239
376.51,146.74,145.26,83.857
375.66,151.62,143.58,85.366
378.2,151.61,137.46,89.227
382.6,170.82,134.8,89.937
396.16,173.74,127.03,96.123
406.41,176.82,120.56,101.54
411.68,178.57,116.33,104.73
419.4,180.96,113.45,107.27
423.73,181.31,111.07,109.29
427.09,181.24,109.85,109.48
428.77,181.4,108.74,109.26
441.15,181.04,104.47,108.4
458.57,179.11,95.261,112.87
460.22,175.79,88.618,114.88
462.31,172.82,83.159,117.59
464.34,170.63,79.009,119.77
465.2,167.43,76.193,119.93
478.61,164,71.172,122.05
477.89,161.9,68.406,122.31
471.1,165.23,69.157,118.75
456.73,172.58,75.973,111.82
444.71,176.58,82.99,105.22
433.02,177.2,89.14,101.56
418.09,175.34,92.506,99.02
404.08,171.51,94.067,97.436
391.51,165.87,96.936,96.444
379.91,159.64,99.807,95.567
369.43,155.04,101.55,95.143
361.8,150.84,104.78,95.232
355.7,148.47,108.27,95.215
354.57,144,112.85,95.095
354.98,139.15,116.65,95.79
359.26,134.65,119.62,96.262
364.83,129.6,120.83,97.346
370.67,125.15,121.02,98.734
377.55,122.82,120.91,99.57
383.48,122.48,122.29,100.02
389.48,121.01,123.09,99.162
393.92,118.13,123.52,98.899
396.52,117.51,124,98.528
399.15,118.75,124.07,97.829
394.67,117.61,124.24,96.839
389.53,115.36,124.79,96.225
383.29,115.7,124.41,95.191
375.95,110.8,123.32,94.222
367.38,106.82,122.01,92.971
359.76,103.95,120.9,91.382
352.3,92.945,119.07,89.94
338.84,84.328,116.4,88.852
324.36,82.374,113.75,87.499
310.39,72.317,110.29,87.128
295.69,70.413,106.41,86.484
279.32,59.948,102.7,86.887
261.92,56.563,99.147,87.606
242.31,49.707,95.535,88.731
223.94,42.303,93.21,88.63
208.5,35.384,90.805,89.154
203.08,31.584,89.03,88.138
196.39,28.06,87.343,87.306
192.77,26.102,86.016,87.194
192.5,24.363,85.479,87.043
192.93,24.488,84.721,86.232
194.18,26.24,84.242,85.83
195.43,28.856,83.419,86.16
196.88,37.969,84.16,84.55
198.25,47.039,85.261,82.823
199.2,54.852,85.781,81.06
206.17,54.679,87.015,80.374
203.89,59.417,88.049,78.035
197.76,64.765,90.749,75.515
194.68,65.111,92.348,74.106
195.2,64.887,94.156,73.335
196.1,68.85,95.61,72.029
196.7,71.177,97.542,71.529
198.66,72.136,100.06,71.678
200.16,73.859,101.54,72.461
202.22,75.467,103.6,72.634
204.09,75.47,104.81,73.318
206.02,77.539,105.95,74.005
207.76,76.733,107.86,73.557
208.13,77.187,109.12,73.49
207.55,78.139,109.59,73.943
205.94,80.095,110.23,73.77
204.17,81.736,111.57,73.836
203.54,82.468,112.95,73.62
202.69,82.463,113.75,74.049
202.09,82.902,113.77,74.428
201.91,81.179,112.8,75.471
198.35,80.771,113.25,76.842
196.96,80.275,113.68,77.333
192.51,79.3,114.96,79.271
187.14,77.829,115.48,81.282
183.44,76.539,115.74,83.361
179.22,77.031,116.12,84.503
175.76,77.774,116.68,85.442
174.7,77.116,116.42,85.576
173.91,78.24,116.15,86.009
174.01,80.871,115.23,85.588
175.63,84.97,115.69,84.611
177.9,90.788,116.24,82.614
176.96,90.723,116.71,80.906
177.34,91.88,117.34,80.165
179.67,90.314,116.89,80.296
181.27,89.857,116.37,80.246
180.56,90.02,116.47,80.244
181.49,88.687,116.98,81.059
181.1,87.198,117.58,81.582
180.68,89.487,121.91,79.501
180.68,92.048,125.57,77.975
182.58,94.026,129.57,76.89
181.44,96.375,133.52,76.209
181.18,97.942,134.85,75.967
179.85,97.41,136.02,75.952
175.94,98.777,137.23,76.125
165.56,99.885,139.05,75.76
160.69,101.55,140.74,75.668
158.57,104.42,143.36,75.009
156.7,107.84,146,74.53
168.14,110.51,148.79,74.215
165.14,112.57,150.98,74.161
176.92,116.31,152.47,74.462
172.32,118.81,156.08,74.654
182.72,120.84,159.33,75.506
176.16,124.71,164.42,75.461
176.96,127.13,167.25,76.55
178.93,127.21,168.69,78.546
179.76,126.22,171.28,80.242
181.15,126.59,171.88,81.668
184.4,127.49,173.21,83.12
190.64,129.65,174.02,83.937
195.53,131.41,174.97,84.973
198.56,133.83,174.69,86.402
202.46,134.25,174.78,87.999
205.56,135.67,174.66,89.477
208.82,135.99,174.81,91.059
209.35,136.03,174.7,93.162
212.68,135.22,174.9,95.362
213.94,134.4,175.42,96.871
213.71,135.46,175.47,98.17
216.74,135.26,174.58,99.215
218.76,136.5,173.16,99.473
218.42,138.06,171.41,99.756
220.49,139.51,169.55,100.29
223.07,141.25,168.06,100.48
224.62,143.99,167.23,100.7
224.71,147.08,166.45,101.23
226.07,149.68,165.39,101.42
228.3,152.11,164.85,101.94
231.03,154.69,164.33,102.38
230.57,156.49,163.46,102.87
231.79,157.51,163.32,103.7
232.15,159.15,162.5,105.07
232.71,159.56,161.96,106.04
234.08,159.22,162.34,107.02
232.31,159.22,163.14,108.03
231.74,161.26,163.58,108.83
231.24,161.94,165.13,109.15
229.01,162.38,166.09,109.61
228.74,162.3,166.81,110.4
227.39,162.56,167.79,111.3
224.05,161.9,168.18,112.97
222.53,161.44,167.99,115.14
222.49,160.5,167.86,117.13
219.96,160.24,167.41,117.64
217.77,159.34,167.3,117.45
217.85,159.63,166.72,117.01
216.31,159.29,166.17,116.89
217.01,159.77,165.46,117.23
218.41,161.71,164.88,117.02
219.28,163.62,163.74,117.19
218.33,165.66,163.33,116.97
219.24,167.51,162.53,115.9
220.25,166.98,161.28,114.88
220.92,167.87,160.44,114.6
221.78,168.38,159.13,114.4
220.71,167.77,157.41,114.44
220.05,169.33,155.53,114.77
220.97,170.21,153.59,114.63
222.73,172.71,152.96,114.72
225.33,174.34,153.85,114.73
226.18,176.59,155.13,114.95
223.78,178.38,155.44,114.54
223.42,179.02,154.94,115.56
222.44,179.57,154.86,116.86
218.22,181.39,155.39,117.67
214.81,183.8,155.54,118.4
211.14,186.67,156.1,118.7
208.34,189.01,157.17,118.57
207.15,191.09,158.47,119.37
205.94,192.48,159.3,119.61
201.98,193.77,160.77,121.04
199.86,194.06,162.54,123.41
199.08,192.8,164.32,125.66
199.61,193.34,165.32,127.19
200.51,193.23,166.03,128.06
206.29,190.27,157.17,139.5
212.12,185.7,150.53,147.44
217.23,181.97,145.07,154.02
222.79,178.99,141.27,158.88
225.08,175.05,138.46,163.4
229.05,170.25,136.56,168.09
231.02,166.73,135.53,172.66
230.64,162.94,135.46,176.96
232.24,160.69,135.81,180.07
231.46,158.91,136.84,181.57
231.63,155.91,137.48,182.61
230.45,151.23,137.97,184.26
228.13,146.73,139.52,183.98
226.74,141.85,141.19,183.71
227.03,136.83,142.56,183.22
227.49,131.27,143.34,183.1
229.44,123.81,143.77,184.2
230.7,117.76,144.35,185.6
229.82,113.54,145.23,186.33
232.76,108.59,145.64,187.19
232.59,104.76,145.89,187.46
232.19,101.91,146.87,186.72
232.1,100.71,147.99,186.1
232.64,99.868,149.62,185.31
235.2,100.51,151.04,183.39
234.77,99.229,151.63,181.89
231.44,99.868,152.9,179.44
232.78,102.86,153.54,175.21
230.17,106.1,154.92,171.27
227.06,106.75,157.97,168.35
222.71,106.79,162,166.11
220.75,107.09,165.21,164.32
217.87,105.78,168.18,163.19
217.26,105.94,169.3,162.05
218.14,103.16,169.33,161.74
220.65,101.44,168.18,162.04
224.3,101.38,166.08,162.93
227.5,100.75,164.62,163.45
226.66,100.77,164.76,164.21
225.58,103.7,165.3,162.94
225.22,109.23,166.69,159.86
225.79,112.35,167.98,156.79
225.31,115.96,169.71,153.9
226.04,118.71,171.55,151.66
226.82,121.44,173.45,149.98
227.88,123.28,175.32,148.76
229.59,123.14,176.5,148.65
229.76,123.63,178.19,149.41
229.09,123.28,179.13,151.22
228.26,123.24,180.51,153.93
227.79,123.45,182.16,156.79
226.1,124.48,183.65,159.56
226.99,127.39,185.37,161.59
228.29,129.86,187.42,163.11
227.47,134.53,189.48,164.75
228.64,139.08,191.95,166.33
228.8,144.16,194.24,167.66
230.96,149.49,195.95,168.53
232.86,153.48,197.09,169.4
234.53,159.18,197.69,170.14
233.13,161.55,200.4,170.32
231.84,163.06,202.25,170.73
232.11,164.86,202.79,171.01
231.25,166.61,203.65,170.66
229.63,166.44,204.32,170.62
229.01,166.03,204.34,171.15
227.93,165.79,204.01,171.59
225.83,163.21,204.09,172.02
224.3,163.93,204.3,171.56
223.41,163.08,204.57,171.93
221.69,162.35,203.35,172.47
220.69,160.94,202.33,173.28
219.33,160.26,202.91,173.04
219.46,160.97,202.96,172.59
217.92,162.32,203.55,171.57
217.74,164,204,170.39
218.89,163.91,204.12,169.28
218.15,164.02,203.98,168.26
219.21,164.52,203.74,167.19
218.13,164.25,203.64,166.62
215.73,163.32,203.54,166.12
215.38,164.03,202.87,165.35
212.35,164.39,202.85,165.22
206.79,162.07,202.94,165.36
205.36,159.3,202.14,165.15
202.17,158.9,201.9,164.23
200.94,160.28,201.27,164.04
199.53,161.34,200.28,164.17
198.45,160.97,199.02,164.88
198.17,159.81,198.43,165.99
196.67,159.17,197.93,166.47
194.97,159.39,197.54,166.84
194.13,158.11,197.13,167.64
192.97,158.81,197.29,168.16
191.54,157.91,197.69,168.87
190.46,157.29,198.01,169.3
188.72,157.94,198.7,169.36
187.97,158.22,198.94,169.79
187.86,158.59,199.33,169.42
188.27,160.75,199.12,169.18
189.88,163.43,198.72,168.75
191.37,162.84,198.26,168.44
191.08,162.65,198.35,168.09
193.47,164.14,197.89,168.18
193.87,164.46,197.81,167.93
193.82,165.44,197.83,167.77
195.72,165.96,197.52,167.69
195.35,166.48,197.26,167.41
193.78,165.74,197.24,167.33
192.69,167.74,197.96,166.75
191.87,167.36,198.24,166.71
190.85,168.61,198.67,166.37
188.65,169.7,199.23,165.75
185.86,168.59,199.52,165.88
183.98,167.56,199.99,166.26
185.61,168.6,198.87,165.95
182.53,170.35,199.58,165.42
184.19,169.6,199.45,165.66
184.33,171.3,199.4,165.71
183.44,171.08,199.63,165.79
183.19,170.97,199.46,165.81
180.28,171.11,199.79,165.53
179.64,170.94,199.93,165.53
178.34,170.22,200.15,165.91
179.27,171.08,200.19,165.85
179.77,172.45,200.04,165.83
180.65,174.17,199.76,165.68
180.81,176.6,199.05,164.93
182.83,177.16,200,164.15
185,175.72,200.47,164.06
186.5,175.27,200.11,162.94
186.69,174.85,199.19,161.86
189.62,170.75,198.73,160.88
192.82,168.1,198.03,159.51
191.54,163.81,197.67,158.13
193.37,161.33,197.57,156.73
191.74,155.14,195.98,156.07
191.45,150.42,193,155.9
187.6,153.27,194.7,152.55
190.13,152.16,195.04,150.36
202.88,141.3,185.52,154.53
209.32,136.87,177.82,156.37
211.68,136.29,172.16,156.6
214.46,139.78,168.22,156.61
216.36,141.38,164.07,155.76
216.62,142.78,161.29,154.64
217.4,144.5,157.67,153.91
215.2,144.85,154.21,152.88
212.91,146.11,152.43,151.96
211.3,146.62,151.96,150.85
210.12,147.39,151.32,149.59
210.89,144.95,150.65,147.5
210.11,145.66,149.31,145.26
210.57,147.47,148.83,142.95
209.27,147.47,147.23,140.44
207.63,147.07,144.98,137.79
204.26,146.41,141.68,134.78
202.25,147.71,139.24,131.9
198.63,147.96,136.11,129.73
196.74,146.69,133.57,128.17
193.44,146.3,130.46,127.03
190.34,145.74,128.32,126.24
186.36,145.01,126.28,126.43
182.47,142.89,124.11,127.17
177.13,142.3,121.68,127.43
174.46,139.59,119.95,127.89
173.28,137.96,118.66,127.88
170.92,137.28,116.91,129.25
169.31,135.69,115.14,130.05
166.26,135.02,113.21,131.05
161.96,133.05,111.11,132.7
158.65,132.62,108.88,133.43
156.83,133.98,106.92,133.84
158.82,133.56,106.27,134.41
158.79,148.57,106.59,132.68
157.35,149.51,106.47,132.67
158.17,149.33,106.41,131.51
158.77,149.48,105.77,131.86
157.37,149.48,104.95,132.12
159.91,165.03,104.77,131.18
161.85,177.91,105.74,128
162.57,175.49,105.42,127.33
165.97,188.91,106.19,125.1
167.08,187.81,106.11,124.05
167.15,186.08,106.06,123.73
168.45,183.92,106.17,123.5
168.57,181.71,106.06,123.39
165.66,181.68,105.73,122.67
166.7,180.52,106.63,121.37
163.97,176.53,107.85,119.99
161.68,171.91,109.46,118.55
162.07,165.68,111.15,118.17
156.16,156.8,110.91,118.78
150.63,146.1,110.89,119.52
147.78,136.67,110.54,120.38
141.74,128.84,110.45,122.11
135.83,124.33,110.71,124.85
129.14,121.19,110.91,128.1
126.01,118.99,112.28,132.38
122.22,118.39,114.67,136.93
120.71,118.25,117.5,141.34
120.64,117.01,120.83,146.06
125.69,117.56,124.74,150.76
133.11,120.96,128.52,155.3
138.97,121.11,131.69,159.82
149.14,122.09,134.58,163.85
162.68,120.82,136.45,168.22
173.94,120.6,139.19,172.6
182.81,121.11,141.14,176.68
194.62,120.19,142.83,180.93
200.27,119.62,145.65,184.23
200.69,121.72,148.91,187.06
197.04,122.37,151.42,189.97
191.29,120.88,155.1,193.27
181.25,115.33,158.02,194.89
171.19,107.49,161.39,197.86
165.49,101.66,166.7,197.04
183.87,99.108,166.57,193.62
209.46,87.56,156.79,199.38
229.1,79.073,147.27,202.99
225.34,83.097,148.5,196.15
230.65,82.882,149.88,191.44
237.51,78.792,151.09,187.58
243.53,68.589,151.18,186.68
247.8,58.661,151.92,186.77
248.28,48.574,151.71,185.82
246.44,40.926,153.72,184.54
244.04,32.694,154.07,185.04
237.47,27.27,154.82,184.13
234.59,25.184,156.54,180.73
226.52,26.626,158.01,180.24
220.27,27.398,159.21,180.45
217.13,28.713,160.8,181.93
210.77,28.856,163.24,184
203.41,25.649,164.69,186.18
201.33,21.733,167.1,188.39
202.65,19.605,168.27,189.19
205.81,20.352,169.35,188.28
210.73,26.23,169.55,187.12
221.11,25.562,168.19,188.48
226.21,30.963,168.01,189.61
233.81,33.42,167.35,188.42
239.19,38.574,168.99,185.98
243.08,39.433,171.5,184.98
242.27,43.397,173.53,185.16
243.65,48.123,175.37,184.85
247.14,44.476,177.31,186.09
242.21,41.131,182.11,187.75
239.3,35.464,187.88,189.89
236.14,30.538,193.75,192.23
235.99,25.577,198.73,196.74
234,20.277,203.66,200.6
226.92,15.048,209.7,203.7
222.08,13.484,217.27,206.25
222.85,10.443,224.57,208.34
217.49,8.3773,229.72,208.64
214.66,10.181,232.87,210.74
213.28,11.827,236.24,212.69
212.69,12.443,239.01,214.41
214.97,15.703,241.04,215.77
215.88,15.456,244.35,217.44
213.4,14.989,247.5,217.68
211.69,14.73,249.22,217.16
209.49,14.513,250.4,217.02
211.82,11.283,253.52,217.67
209.85,11.494,255.97,218.42
208.45,13.626,258.85,220.62
214.59,17.181,259.41,222.58
217.07,24.091,260.52,225.15
217.96,27.643,263.86,229.82
216.08,28.422,267.7,234.83
212.04,24.686,271.92,242.1
207.25,14.346,280.58,249.66
200.9,11.058,288.19,254.63
194.8,7.1161,296.32,257.7
183.48,4.6143,306.54,258.07
175.97,4.1879,318.09,257.15
171.8,4.9358,327.58,256.86
164.46,5.0678,333.08,256.48
161.6,4.8301,337.1,255.77
158.97,4.7684,339.38,255.91
157,4.2378,340.79,256.26
154.16,3.8704,341.75,256.79
151.26,3.5309,342.91,258.13
149.86,4.9515,343.1,259.79
149.73,4.5717,341.1,261.66
144.45,3.1026,338.64,264.75
140.29,4.9187,338.17,269.68
140.97,7.3404,338.13,276.64
140.71,6.1226,339.11,285.22
140.93,5.8363,340.37,293.61
140.83,4.1167,341.45,301.07
138.86,3.5764,343.45,307.91
137.17,2.0256,343.76,314.4
139.08,1.9048,343.24,320.19
143.91,0.11862,342.8,325.53
148.5,0.35301,342.23,329.96
155.13,-1.2935,340.65,333.51
158.97,-0.81958,338.84,336.08
166.66,-0.89368,336.82,336.85
177.83,-1.5601,335.52,336.76
187.19,-1.0921,335.44,334.51
195.86,-1.5614,337.5,331.48
201.6,-0.9614,339.37,328.92
203.2,-3.2389,340.76,323.98
203.46,-2.6071,340.54,320.2
201.68,-0.79794,340.24,316.41
202.94,-1.2944,339.54,314.71
205.51,-0.63998,338.14,314.46
201.62,-2.0799,338.47,313.09
198.18,-1.3991,339.4,310.56
198.39,-1.4598,339.88,308.33
201.57,-1.2907,340.08,304.94
205.5,-1.7598,338.68,302.06
213.27,-2.1037,336.99,300.08
221.17,-0.34572,332.32,299.47
221.72,2.4228,330.19,302.56
215.71,3.3616,330.11,307.35
207.12,4.904,330.62,311.84
196.35,6.0303,331.81,317.25
184.18,5.0338,333.16,322.39
176.2,3.7232,335.04,327.35
171.23,2.3087,337.66,332.26
165.51,3.7057,339.87,336.26
163.99,3.9611,343.42,339.42
164.87,3.0242,346,339.56
166.49,4.2033,347.92,337.27
161.86,4.5373,352.12,334.17
164.07,6.2095,356.44,330.42
166.23,9.9078,358.86,328.11
164.86,10.687,360.79,326.73
164.75,11.362,361.89,325.48
179.22,15.415,357.78,324.44
189.6,15.942,350.81,324.53
190.91,13.363,346.07,324.17
196.76,8.897,342.12,324.26
203.3,6.187,338.51,326.43
208.95,-0.71925,333.88,329.06
213.59,-3.7083,328.17,331.61
222.99,-5.813,321.48,333
234.21,-3.263,315.74,334.05
239.02,-4.4857,312.31,335.9
242.45,-4.3703,309.99,338.22
248.08,-4.3746,306.96,339.69
247.67,-1.3439,304.6,341.5
245.55,-0.72682,304.44,343.36
248,-1.6247,304.19,344.21
247.55,-3.0407,302.99,344.43
247.98,-3.6909,301.88,344.3
247.45,-2.6889,301.63,343.92
249.46,-1.5477,300.03,343.05
245.85,0.50366,300.9,341.91
243.15,0.36215,301.57,341.24
243.59,1.6956,302.4,340.63
241.6,3.0988,303.05,340.69
240.91,5.0906,303.63,340.46
236.94,6.0276,304.56,338.87
230,8.5794,307.53,335.79
216.43,9.5658,311.43,333.04
208.19,11.333,315.3,330.05
201.07,12.895,317.78,326.97
198.61,15.296,320.25,323.71
193.51,15.616,323.56,321.42
185.44,17.265,326.64,319.39
181.98,19.901,328.66,317.83
175.42,22.008,330.66,317.59
171.17,22.487,332.52,318.91
169.3,22.322,333.62,320.37
165.21,22.518,333.7,320.4
164.84,21.124,333.45,319.75
169.01,21.799,333.9,319.44
171.2,22.178,335.77,318.09
168.97,21.406,338.14,318.2
172.64,18.827,339.93,320.83
171.56,19.181,341.3,323.04
165.06,20.642,343.75,324.13
159.76,19.571,345.98,326.27
156.88,20.709,348.24,328.26
149.04,19.554,348.51,330.88
143.07,18.728,347.62,331.68
138.74,15.595,345.86,331.84
137.38,12.433,343.53,333.04
132.02,10.222,342.12,332.83
126.39,8.2651,340.83,333.22
121.92,6.6546,340.83,335.18
113.12,4.4341,341.34,337
102.18,4.3417,339.62,337.64
97.257,6.056,334.83,336.79
94.581,8.1309,329.74,334.09
84.863,18.574,326.72,330.05
81.438,25.458,322.22,325.33
82.488,35.727,315.92,316.09
75.98,37.519,309.58,309.76
76.035,42.338,306.28,302.53
73.326,45.147,303.44,296.35
75.028,50.908,302.05,290.58
73.971,46.574,299.65,287.94
72.599,37.251,298.61,287.86
73.821,38.673,298.38,288.38
70.637,50.309,298.64,282.52
70.911,64.837,298.83,275.33
72.602,66.874,298.42,270.18
73.481,65.242,297.29,268.67
77.406,63.242,295.22,268.68
77.64,53.715,293.59,271.65
76.017,42.949,293.34,276.95
75.283,46.47,296.6,277.7
69.964,49.959,299.11,277.68
65.693,52.72,300.92,278.77
61.642,60.045,302.89,277.02
61.3,68.692,305.36,272.05
61.234,73.458,308.06,268.37
58.899,69.312,308.04,267.32
50.468,62.639,308.48,268.19
44.717,64.05,309.1,269.57
39.598,67.118,309.25,270.29
43.538,59.055,307.96,271.98
57.833,63.1,299.41,268.04
68.791,85.859,295.97,258.36
82.963,107.05,295.22,249.19
84.203,116.22,294.63,243.41
92.149,123.89,295.23,235.96
94.709,133.86,290.75,228
104.2,140.39,280.34,222.27
112.56,144.1,272.57,217.59
121.13,153.85,262.83,210.27
126.99,162.88,256.39,201.58
140.74,169.54,249.28,194.5
154.64,177.62,246.04,187.3
171.96,181.56,238.83,181.03
179.43,186.9,236.1,176.97
189.19,188.27,232.22,173.96
192.68,188.13,227.11,173.41
190.52,189.61,222.36,170.6
193.26,194.15,218.94,167.77
194.72,201.59,221.34,162.77
196.88,201.64,215.97,161.29
199.59,200.58,211.75,159.9
202.18,200,208.17,158.89
210.35,197.38,201.87,158.51
202.91,220.36,200.69,150.83
212.64,214.44,194.73,148.61
217.07,208.57,190.97,148.43
219.32,205.32,188.01,148.42
223.68,204.22,184.19,147.72
225.96,217.14,180.89,144.93
229.73,212.52,177.43,144.04
235.13,210.02,174.19,142.98
241.33,206.35,170.14,143.48
249.49,204.11,166.8,142.79
260.07,202.13,161.79,140.49
267.64,203.87,159.22,138.46
287.46,216.68,156.53,137.52
290.87,211.49,153.64,139.22
308.43,212.65,152.76,137.98
296.04,209.7,151.41,137.97
300.8,221.31,153.33,136.18
333.83,213.4,156.86,136.39
344.98,209.17,158.05,137.04
340.8,205.06,160.78,136.75
356.6,203.31,159.9,136.33
359,196.52,157.4,135.22
350.32,189.47,154.41,135.92
290.72,181.98,153.24,135.47
230.82,174.43,151.37,134.62
146.95,141.31,152.82,135.45
118.21,159.12,154.31,135.67
53.798,124.95,156.72,137.96
27.438,126.42,158.54,140.23
5.0747,121.5,158.23,142.46
-11.8,110.35,150.42,143.71
-18.685,79.924,133,154.94
-23.087,27.661,114.19,175
-18.756,11.348,109.63,178.51
-16.611,16.572,107.85,180.14
11.15,-13.689,110.56,174.39
29.192,-20.853,124.23,158.08
44.018,-10.746,140.94,143.51
98.812,-3.2137,153.1,133.03
119.17,2.0937,163.56,126.32
163.67,5.8103,164.41,126.95
197.26,8.9141,164.75,128.58
226.06,11.282,164.63,132.44
254.23,13.678,166.04,135.73
284.17,16.819,167.14,140.84
309.28,21.555,169.33,144.45
335.98,20.745,172.01,150.93
345.91,20.039,176.05,160.42
358.95,19.706,175.41,170.27
371.96,26.499,171.17,179.39
381.34,52.127,164.64,187.73
393.15,80.185,153.69,199.83
402.64,110.34,144.59,209.22
410.35,119.83,137.19,213.26
414.74,133.12,131.51,214.29
417.71,141.81,128.11,213.78
417.04,141.6,125.09,211.82
413.11,147.47,124.75,211.34
370.6,-7.0387,121.51,206.65
388.19,6.698,117.4,207.47
389.94,14.801,118.08,205.91
378.08,22.001,128.37,196.49
389.37,25.459,135.23,192.3
423.25,37.52,129.13,198.68
419.56,22.195,127.48,200.76
416.53,26.05,127.02,201.12
434.52,28.044,123,205.73
433.54,35.609,121.14,208.13
402.17,106.8,125.08,202.53
422.32,129.2,122.38,202.28
424.16,134.93,120.16,202.75
424.44,158.24,118.27,200.47
424.66,161.86,117.54,199.66
395.36,189.64,121.08,194.56
356.19,211.33,126.59,188.17
339.99,221.3,143,172.1
305.3,231.93,163.64,153.55
267.77,240.93,182.93,137.87
227.12,249.34,199.32,125.1
206.27,255.67,211.16,115.68
169.88,258.48,218.99,109.13
157.68,260.31,223.75,105.01
154.52,261.52,225.62,101.06
164.03,262.84,226.27,97.899
170.28,263.97,226.2,95.792
180.23,266.35,226.59,93.694
191.82,268.29,225.74,92.312
202.26,269.95,226.74,90.943
212.6,270.51,226.25,90.108
222.93,270.61,223.64,89.833
228.41,271.89,221.9,89.286
234.47,273.85,218.8,88.069
239.23,275.39,215.62,86.697
251.79,275.49,211.51,85.014
253.94,277.41,209.5,84.274
256.51,277.61,208.33,83.244
258.79,275.83,207.75,83.327
257.53,275.67,207.71,83.602
253.84,274.61,209.55,84.069
243.68,274.03,210.42,84.533
234.91,273.67,212.64,85.492
224.69,272.55,213.26,86.346
214.84,272.24,214.09,87.183
206.35,271.53,213.51,87.98
200.37,272.68,212.71,87.8
201.1,273.1,210.85,87.36
197.9,275,208.68,86.174
196.5,276.41,206.19,84.886
197.08,279.45,203.52,82.735
200.2,282.32,200.82,80.234
202.6,285.3,199.15,77.764
205.49,287.32,196.33,74.967
215.02,289.8,194.34,72.259
223.23,291.23,192.69,69.84
229.64,291.92,190.39,68.159
235.44,292.05,187.96,66.972
240.88,291.59,184.97,66.425
241.43,290.63,181.73,66.264
256.23,289.45,177.8,66.419
290.6,289.06,176.12,67.013
295.17,289.86,175.44,67.232
298.25,291.49,176.7,67.395
303.61,292.78,178.47,67.186
295.79,294.17,179.21,67.108
301.38,295.13,179.34,67.051
293.46,296.85,179.64,66.785
298.98,297.19,179.76,66.476
302.84,297.06,179.69,66.313
306.05,296.72,179.2,66.182
336.55,296.23,178.3,65.649
338.9,296.33,177.62,65.443
342.85,294.72,176.72,65.932
347.1,294.17,177.02,66.677
360.34,293.33,176.32,67.53
359.2,291.18,176.46,68.896
355.62,289.35,176.24,69.28
365.7,287.36,175.58,70.321
378.9,272.63,169.62,75.834
379.11,273.64,164.67,79.543
380.96,275,160.78,81.993
393.11,275.38,155.18,83.852
392.87,275.37,151.04,84.648
402.04,274.38,147.46,85.053
405.7,259.14,140.58,91.106
406.83,257.21,137.21,95.473
409.45,254.4,135.19,98.615
412.1,252.29,133.39,100.31
421.31,251.89,129.02,100.99
418.53,250.14,126.16,102.26
417.24,251.43,125.06,102.51
405.82,270.37,129.11,96.487
399.3,273.26,133.62,91.96
390.1,287.95,140.85,84.499
379.24,288.89,146.48,80.102
361.21,287.89,151.99,77.112
351.73,290.5,158.55,73.766
334.43,294.19,163.29,71.147
348.28,295.11,165.36,69.608
357.62,295.4,166.49,68.655
368.91,294.25,166.77,68.319
354.98,268.43,161.87,72.003
340.08,258.7,155.49,78.083
314.22,206.05,147.92,87.797
315.14,193.06,142.96,95.271
311.04,195.48,139.75,100.63
306.67,195.81,136.53,104.47
302.93,198.39,135.04,107.67
298.91,200.26,134.04,109.67
292.1,201.03,133.71,110.28
286.47,187.84,132.99,111.67
284.86,188.18,131.34,113.19
285.57,186.85,130.39,114.05
297.77,174.14,129.52,115.02
310.1,162.43,129.38,114.78
323.04,179.35,129.05,114.99
338.65,170.6,129.09,114.93
351.67,174.43,129.23,115.09
364.33,165.75,129.93,115.49
374.88,167.44,130.45,115.85
370.89,171.14,130.57,116.26
396.66,159.5,131.89,117.58
403.64,161.94,132.54,120.14
396.52,164.58,134.51,121.73
404.37,167.17,134.3,125.11
397.73,169.14,135.13,126.86
391.46,173.09,136.02,127.49
400.16,175.04,136.59,129.22
393.99,177.77,138.15,131.25
394.7,228.16,139.47,131.27
394.09,227.48,140.97,131.61
392.29,225.98,142.46,132.05
389.84,225.5,143.72,132.4
381.46,245.66,147.32,127.64
356.3,264.05,154.08,120.31
365.88,251.79,158.73,114.84
356.75,254.28,162.44,111.53
345.98,272.32,168.8,105.41
335.6,272.51,173.26,101.88
329.29,253.82,173.68,101.47
298.16,184.35,167.49,106.19
296.82,170.09,163.41,110.82
295.4,172.2,160.03,114.21
293.16,158.68,159.25,114.98
278.93,158.83,156.71,115.65
288.41,144.7,157.72,114.01
282.43,147.29,158.61,112.54
284.64,152.51,156.92,113.28
284.34,158.98,154.62,113.7
275.02,163.69,155,111.16
251.16,166.45,155.79,108.58
193.56,169.87,158.32,106.61
154.29,176.79,159.38,105.66
151.56,264.8,164.27,100.54
128.04,262.15,167.71,98.887
112.92,241.55,160.69,105.47
95.731,222.78,155.55,111.64
61.711,215.99,150.48,118.83
57.408,194.28,147.35,123.31
41.205,176.5,143.06,126.42
43.28,168.99,132.1,132.78
44.714,160.24,123.64,136.64
46.543,157.29,117.09,138.67
49.597,146.85,111.07,138.24
50.135,124.83,107.05,137.24
46.97,106.51,110.65,131.31
43.949,86.956,113.79,126.26
41.3,66.353,116.33,121.31
38.822,47.106,117.74,117.61
36.888,26.728,119.14,113.73
37.636,9.2638,119.51,110.39
40.236,2.5503,120.63,106.86
39.693,-2.8832,119.89,103.97
38.971,-4.4739,119.76,99.658
40.007,-5.8883,124.18,92.461
38.322,-7.3369,130.75,85.192
37.067,-6.8078,140.11,77.667
37.132,-7.9813,150.94,70.042
34.357,-5.8442,155.17,65.417
38.351,1.0844,153.91,65.717
47.204,7.2915,157.9,67.35
50.468,23.959,156.02,72.58
53.841,54,157.68,71.306
57.457,56.454,161.27,71.317
58.17,54.906,164.86,72.671
52.965,53.118,172.35,71.968
47.729,57.236,183.8,68.998
36.111,59.151,197.85,64.763
8.2638,62.757,207.2,61.972
-0.77659,66.949,214.39,60.266
-4.6886,72.249,219.89,59.099
-8.7087,77.391,224.88,58.341
-9.9713,82.022,227.79,58.283
-10.461,87.522,230.56,58.177
-12.834,91.821,231.79,58.637
-13.22,96.034,233.09,59.233
-11.531,99.587,234.91,59.788
-10.637,104.88,237.59,59.822
-7.0423,108.08,240.48,59.576
-2.3143,110.12,243.35,59.395
8.3623,113.03,244.05,59.54
17.498,114.77,245.9,59.828
24.706,115.69,248.39,60.069
35.732,117.75,248.65,60.47
48.64,119.63,248.01,61.122
63.137,120.95,246.37,61.508
74.886,122.92,243.33,62.184
87.687,122.09,240.24,63.273
101.9,121.32,237.63,64.089
115.66,123.56,235.88,64.56
120.71,125.68,234.79,65.233
123.35,124.72,230.99,65.794
133.02,125.28,227.03,65.768
142.48,126.41,226.07,65.53
147.79,127.58,229.69,66.226
149.99,128.83,235.06,66.401
146.79,132.67,246.07,63.922
141.76,134.42,258.52,61.617
138.86,135.28,273.42,60.162
134.67,137.73,286.29,59.681
128.08,139.63,296.25,60.214
124.23,140.3,303.32,61.108
120.76,140.49,307.78,62.305
119.66,139.94,310.12,63.82
118.63,138.8,311.01,64.892
116.69,139.19,311.62,65.789
116.19,139.75,311.51,67.246
114.58,139.96,310.16,68.498
114.37,140.5,308.6,69.426
111.02,140.68,306.72,70.146
111.54,140.87,303.45,71.388
117.45,141.22,298.25,72.787
119.03,142.19,291.78,74.387
121.13,142.84,284.86,75.166
129.11,144.85,275.89,76.913
135.12,147.48,268.04,77.673
141.34,150.77,261.21,77.568
146.28,152.01,254.64,77.16
150.67,154.47,247.91,76.626
154.05,155.37,241.93,75.901
155.43,158.13,236.24,75.411
155.74,161.77,230.96,74.839
157.3,162.39,225.67,74.169
162.57,164.19,220.87,72.942
171.11,165.56,220.89,71.854
173.44,168.6,225.21,70.633
168.66,169.12,229.62,68.154
166.49,172.28,228.56,67.643
166.07,177.23,228.69,66.896
169.62,182.23,229.76,66.31
169.09,187.44,232.98,65.588
168.47,189.86,237.49,63.647
165.15,189.1,240.87,62.295
156.34,188.77,243.69,61.617
154.21,186.96,245.66,61.171
150.88,186.62,248,60.877
147.34,186.26,248.27,61.091
141.71,185.31,247.19,61.373
135.76,182.91,242.94,62.119
130.38,178.45,238.37,62.792
123.51,175.59,234.23,62.992
126.83,175.22,232.47,62.927
130.58,176.96,235.2,62.815
132.59,178.01,240.19,62.735
131.6,179.02,244.24,63.166
127.18,176.86,246.16,64.357
117.18,177.05,247.33,65.624
107.89,178.25,247.37,67.035
95.585,178.16,245.95,68.363
86.963,180.01,244.95,69.497
76.665,182.1,244.33,70.42
72.916,185.9,245.86,71.446
63.931,193.99,251.18,71.818
58.376,198.19,255.52,72.95
