174,207,746,248
147.76,211.98,759.44,247.04
143.46,212.61,776.71,248.71
134.36,214.17,788.89,249.09
151.43,218.36,795.34,252.02
163.94,219.75,789.54,254.1
179.21,220.59,780.96,256.83
200.59,217.82,768.61,258.58
203.75,219.15,762.72,259.17
217.09,218.04,755.19,258.38
221.74,221.35,756.1,256.54
238.82,220.19,754.77,256.14
257.66,217.08,747.53,257.25
265.64,218.77,743.26,255.99
266.86,216.3,738.99,258.29
276.3,210.08,733.18,265.99
285.47,210.34,725.48,274.2
299.55,209.55,720.79,281.46
305.14,211.54,715.81,285.25
314.34,213.1,716.01,285.84
309.54,217.27,724.5,282.12
301.85,219.16,734.42,278.51
296.74,224.58,750.66,275.89
288.54,224.33,763.96,276.41
276.69,227.23,778.28,274.92
251.33,228.38,794.51,275.19
230.73,229.7,806.6,277.84
225.08,233.09,806.7,282.36
225.31,229.07,817.05,282
233.94,232.62,811.65,282.48
227.44,235.77,810.65,283.99
224.62,236.49,810.8,287.92
222.01,236.2,808.5,291.37
220.05,233.83,806.8,294.23
216.32,236.35,802.66,294.31
218.4,237.12,801.8,295.8
220.65,232.03,802.86,299.26
224.01,227.49,805.48,303.55
221.1,226.49,805.23,306.13
226.91,226.86,804.61,310.26
239.81,223.85,805.55,313.64
251.55,226.49,804.43,316.96
255.71,231.23,806.15,315.24
258.39,230.1,810.55,314.61
246.18,225.17,814.37,316.76
223.31,223.4,825.4,316.14
203.27,225.07,844.98,314.96
188.49,229.38,859.96,313.34
182.79,231.24,870.55,311.74
176.35,236.31,875.42,311.66
176.58,230.57,870.17,315.55
178.78,242.9,891.67,303.39
194.67,251.89,900.33,296.47
199.16,257.61,910.57,291.08
221.55,260.57,910.33,288.23
238.13,265.57,912.71,286.82
262.9,270.39,904.13,287.35
285.06,273.72,899.53,286.42
293.43,278.52,900.74,285.72
297.37,280.66,902.89,285.67
292.74,281.07,905.05,287.26
291.72,279.55,905.97,288.26
291.83,277.79,904.43,289.8
293.62,276.6,903.21,291.1
310.11,276.75,894.67,291.18
296.94,277.46,898.86,290.13
268.43,275.04,909.98,289.05
259.44,271.84,907.99,290.36
252.01,267.04,908.39,289.93
258.48,266.88,906.53,290.26
256.6,266.8,904.4,290.27
255.68,267.1,895.13,291.35
252.83,271.24,890.15,289.8
248.58,273.07,885.76,288.97
250.05,275.08,881.23,286.97
250.5,275.46,876.54,284.39
306.96,279.17,875.04,282.97
290.79,279.01,873.95,281.37
286.51,278.19,869.22,281.93
281.84,276.21,868.03,283.65
276.26,275.24,862.95,282.37
279.72,273.86,851.47,281.42
277.13,270.97,842.73,280.89
277.96,269.18,832.43,281.41
289.74,266.32,814.81,281.87
290.53,266.42,801.53,280.82
288.56,266.91,791.27,277.7
283.05,267.39,782,276.63
276.46,265.41,773.01,276.09
285.2,265.4,761.71,272.72
297.17,262.19,748.4,269.8
297.04,261.46,737.92,267.05
268.44,258.02,722.69,266.98
291.52,258.88,715.44,265.86
314.94,264.27,707.09,264.31
289.17,263.61,694.3,262.28
310.92,268.36,684.96,260.03
344.24,267.93,662.62,269.36
362.7,277.3,659.52,265.21
383.14,275.88,642.79,272.99
370.47,269.06,622.5,279.63
392.49,264.92,607.58,282.55
360.35,256.64,595.65,285.86
339.44,247.59,584.56,290.64
366.78,244.52,570.5,298.37
388.97,246.74,559.86,303.23
414.79,251.8,555.9,305.59
404.13,251.42,561.85,306.1
402.07,249.4,563.84,307.22
406.32,245.33,564.39,310.56
421.5,240.63,557.85,318.37
399.13,232.7,550.98,325.13
416.64,230.88,534.26,340.12
440.68,232.85,532.59,338.69
421.2,237.63,531.96,337.89
450.65,245.42,528.54,335.03
426.7,250.04,530.72,331.25
449.87,255.53,529.43,328.96
431.16,252.53,532.15,326.85
447.3,258.05,535.3,325.64
425.08,258.16,538.46,325.27
455.01,261.32,540.66,325.2
475.87,264.98,540.24,324.67
499.01,268.16,542.32,324.94
510.94,274,532.09,338.11
519.47,269.84,544.13,334.76
525.29,270.93,533.89,347.1
531.66,270.38,544.33,338.92
494.78,266.48,553.23,332.75
505.04,268.86,563.88,327.76
510.5,269.82,570.2,323.46
473.03,266.33,553.78,337.79
490.11,264.2,556.6,332.15
503.41,267.15,559.51,324.95
526.26,304.94,560.67,319.51
535.2,292.85,562.93,314.49
500.87,289.66,562.54,310.38
514.3,291.19,564.77,304.94
522.74,295.12,565.62,300.52
497.74,296.13,561.6,299.12
519.45,298.46,558.03,296.73
544.52,337.44,554.61,291.65
564.73,326.66,551.62,286.09
539.47,318.71,548.52,284.43
560.16,323.03,546.23,280.19
573.68,322.22,543.17,276.19
581.55,324.46,541.41,274.02
590.9,326.94,538.41,271.79
599.09,326.2,538.11,269.39
607.53,326.44,539.3,266.65
611.04,326.23,535.46,264.84
586.02,327.77,530.15,263.77
600.63,332.07,525.77,259.92
611.37,334.39,521.12,256.01
620.95,339.93,515.23,252.1
624.09,344.64,509.43,248.46
605.71,346.43,499.37,248.75
616.13,352.14,490.49,247.23
624.15,355.67,481.28,244.85
633.07,359.41,472.09,245.26
640.57,358.37,464.52,245.55
648.19,358.47,460.56,245.78
638.91,356.39,455.18,248.23
655.07,357.95,450.21,249.38
635.38,356.19,450.93,248.24
648.03,358.9,452.45,247.99
632.27,363.09,451.91,247.31
650.59,367.55,451.18,244.24
636.82,369.29,450.01,243.51
656.56,369.22,447.54,241.66
645.49,368.84,444.64,240.73
662.82,370.16,441.92,238.01
650.94,371.45,438.79,237.35
644.1,370.52,434.14,235.89
664.89,372.64,432.22,234.91
657.48,371.32,428.18,235.06
677.04,371.03,425.66,236.32
667.7,369.82,421.9,236.91
684.52,369.9,420.12,237.41
671.88,367.57,417.45,238.33
686.67,368.61,417.53,239.07
670.03,368.59,416.67,239.9
684.71,370.58,417.11,239.35
668.17,370.58,417.34,239.81
684.02,373.62,417.35,238.66
697.61,376.5,418.59,237.47
713.39,410.17,414.61,232.07
694.4,402.03,411.59,228.08
705.55,398.77,413.13,224.32
684.44,392.54,410.94,221.88
698.79,393.11,412.64,221.51
682.86,391.25,411.98,220.82
667.39,388.96,412.46,221.26
688.38,388.85,412.3,221.05
711.73,419.57,409.36,217.09
721.84,415.88,411.03,211.32
707.02,409.56,407.82,209.9
721.6,409.49,406.57,207.56
703.22,407.17,404.32,207.01
719.81,410.4,403.97,204.88
705.99,408.81,401.68,203.68
722.73,413.67,409.03,195.32
707.95,411.2,404.86,196.14
726.21,412.61,403.01,195.56
711.49,410.51,398.52,196.74
730.76,409.19,395.5,196.18
717.06,407.02,390.03,199
707.98,404.26,384.72,200.37
728.99,405.01,380.84,201.09
748.82,408.82,377.34,201.18
736.86,407.27,372.7,202.01
753.44,405.59,369.11,201.63
692.41,370.21,356.8,214.32
701.15,367.6,346.29,225.32
676.82,361.79,334.63,236.37
684.54,357.35,326.13,245.25
690.97,355.93,319.62,251.43
699.87,353.36,315.65,255.84
709.47,351.23,311.39,259.57
718.22,351.08,308.65,261.23
726.54,350.05,307.35,261.4
733.75,346.93,306.91,261.47
738.74,344.28,306.38,260.95
714.47,341.04,304.25,261.88
725.33,338.94,302.88,260.89
730.42,339.24,302.58,260.18
709.9,335.5,299.79,259.86
718.12,331.82,296.82,258.12
699.12,329.95,293.3,258.82
707.8,328.09,291.44,257.92
718.66,325.92,290.14,257.12
695.24,314.65,289.83,257.18
671.07,280.68,289.68,257.77
678.87,279.77,289.24,258.12
655.91,280.01,292.54,254.45
662.27,244.14,291.9,255.43
679.24,245.14,296.68,249.54
730.8,217.23,304.64,239.32
770.96,222.46,317.18,227.72
778.95,224.82,328.86,215.96
778.36,200.18,336.87,207.03
772.01,203.73,347.28,203.13
771.01,175.36,352.67,201.8
771.94,179.43,356.04,201.46
747.78,123.8,345.49,211.07
763.59,104.03,332.42,220.77
778.42,84.546,320.24,228.65
793.68,65.95,307.68,235.93
805.19,72.12,297.32,243.3
811.41,54.226,292.43,249.21
848.85,64.27,288.65,252.6
857.32,43.42,283.55,257.45
863.29,54.246,279.35,261.57
895.49,64.167,273.65,263.39
896.66,49.441,271.99,264.54
894.47,58.272,273.33,265.51
933.84,42.726,274.7,265.2
935.11,55.949,274.02,265.92
971.51,37.694,273.7,266.6
973.73,27.686,274.16,264.44
975.58,40.414,272.56,264.86
978.71,27.588,271.28,263.77
981.72,35.453,270.13,264.18
977.99,21.769,269.66,262.05
1006.5,32.485,268.46,260.72
1043.9,45.308,256.22,275.82
1076.9,57.291,246.2,289.8
1080,64.843,236.47,304.56
1085.2,44.331,224.7,321.95
1094.8,50.341,209.23,346.38
1100.4,32.973,200.18,360.7
1104,47.647,196.14,368.83
1107.2,32.531,192.86,374.5
1106.1,107.06,187.25,386.09
1104.2,116.58,183.89,394.57
1102.2,128.14,181.62,400.33
1098.8,145.08,180.99,402.17
1094.7,160.97,180.67,403.25
1091,174.1,180.56,403.72
1088.1,187.48,180.51,403.95
1116.3,194.07,180,405.38
1109.6,202.23,179.66,406.36
1104.7,210.41,179.57,406.74
1102,217.48,179.46,407.16
982.25,223.84,190.33,398.88
932.09,236.01,210.95,381.95
956.03,245.42,228.95,367.42
941.57,251.32,243.49,356.6
932.36,256.95,256.41,346.51
923.21,262.79,265.83,341.25
917.05,267.11,274.77,336.48
912.62,271.74,284.57,331.76
910.7,273.19,291.49,328.84
909.41,275.96,295.7,326.53
872.59,277.38,298.5,325.1
874.67,279.31,301.52,323.66
878.61,279.46,303.37,323.01
881.27,280.97,305.6,322.18
880.64,281.01,309.07,321.53
886.53,284.09,311.3,321.06
883.39,290.64,316.13,317.3
848.47,291.94,317.64,317.19
852.29,289.97,320.15,316.95
859.95,292.08,321.97,317.21
860.61,296.23,326.43,313.9
825.26,294.7,328.27,313.91
834.03,295.37,330.25,314.32
802.25,294.07,331.72,314.23
809.53,295.94,333.51,314.73
818.13,299.89,334.87,315.15
788.69,302.34,335.44,315.84
799.41,303.13,337.32,317.17
807.15,305.19,339.51,317.82
777.39,306.98,340.05,318.97
788.41,307.32,340.99,320.3
757.85,308.19,341.22,320.55
769.47,310.04,341.74,321.08
781.08,311.54,342.83,323.06
748.85,310.4,343.18,323.41
758.98,310.87,343.73,323.77
767.73,310.76,344.02,324.84
774.42,310.6,344.57,325.6
742.86,310.72,344.79,325.97
752.77,309.64,345.14,327.25
760.46,308.73,345.71,328.07
726.7,309.56,346.08,328.52
738.4,308.37,346.4,330.04
746.4,307.61,346.69,330.91
752.13,306.93,347.47,332.1
719.73,306.46,347.97,332.92
726.79,305.47,348.34,334.48
732.31,302.52,349.17,335.63
736.35,298.46,350.34,337.25
700.9,298.01,351.14,338.54
708.95,293.28,351.74,340.76
714.59,292.12,352.43,342.41
720.45,287.84,353.04,344.6
726.18,285.92,353.57,345.86
732.24,284.8,353.94,346.41
694.23,283.35,354.1,347.11
701.66,285.3,354.3,347.87
707.21,285.08,354.56,348.47
711.78,282.73,355.1,349.04
717.55,279.75,355.5,349.51
726.52,278.94,355.75,349.89
692.15,315.19,355.68,350.21
700.24,307.55,355.73,350.74
706.07,301.11,356.04,351.39
712.24,293.41,356.55,352.21
719.13,286.28,356.99,352.85
725.29,281.02,357.22,353.18
727.41,279.52,357.34,353.41
729.96,278.35,357.5,353.7
692.57,278.36,357.65,354.2
697.88,278.62,357.85,355.29
704.98,275.91,358.04,356.02
709.84,274.58,358.75,357.27
717.09,272.3,359.35,358.04
723.22,268.08,359.99,358.98
732.02,264.07,360.54,359.78
698.81,263.29,360.7,360.51
707.58,262.06,361.22,361.61
715.91,262.73,361.73,362.67
724.45,257.94,362.5,364.2
683.83,252.94,362.97,365.15
691.11,252.5,363.27,366.05
698.7,248.56,363.58,366.81
706.37,283.96,363.95,367.84
712.39,276.07,364.4,368.58
721.2,267.19,364.99,369.27
729.82,261.74,365.43,369.79
691.79,257.98,365.58,370.25
702.01,254.37,365.69,370.75
706.34,254.17,366.41,371.33
713.82,250.02,367.37,372.7
722.35,245.88,367.95,373.51
684.7,242.7,368.34,373.92
694.91,238.28,368.52,374.6
700.41,240.13,368.9,374.93
704.9,240.58,369.92,375.41
710.78,237.97,370.74,376.28
718.13,234.77,371.44,376.95
675.41,234.89,371.95,377.4
683.99,232.89,372.41,377.75
692.54,235.53,372.6,377.95
691.51,238.72,377.24,374.04
701.14,239.49,377.99,374.29
710.94,239.89,378.31,374.61
676.59,239.76,378.48,374.87
689,277.33,378.61,375.09
698.56,262.79,379.13,375.41
662,253.52,379.33,376.01
672.81,246.51,379.48,376.55
684.72,246.83,379.55,376.86
695.07,242.95,379.79,377.23
703.13,238.18,380.04,377.6
665.51,234.62,380.21,378.01
676.61,235.45,380.36,378.33
685.29,235.9,380.64,378.72
692.95,235.75,381.07,379.1
653.86,231.37,381.32,379.51
663.57,227.47,381.58,380
674.34,228.81,381.89,380.23
683.46,230.73,382.35,380.64
692.52,229.86,382.78,381.12
653.85,224.66,383.12,381.46
664.53,223.51,383.23,381.89
677.46,224.13,383.4,382.12
689.32,225.21,383.57,382.61
696.76,224.42,384.01,383.1
704.9,218.87,384.48,383.69
669.2,252.07,384.45,384.41
682.07,241.25,384.46,384.99
696.47,234.14,384.72,385.95
705.88,225.27,385,386.55
712.05,216.95,385.36,387.08
672.12,213.46,385.86,387.88
681.02,210.62,386.53,388.56
692.09,245.35,386.97,389.63
698.73,231.2,387.21,390.14
708.84,222.65,387.47,390.5
669.64,212.78,388.1,391.23
681.8,212.5,388.56,391.6
693.66,212.77,389.04,392.08
703.97,212.38,389.34,392.4
666.47,243.74,389.39,393.32
676.68,234.35,389.76,394.32
690.32,224.14,390.24,395.55
698.63,216.75,390.54,395.87
660.72,207.22,391.05,396.34
676.7,205.74,391.53,396.6
689.77,201.62,392.31,396.85
701.76,198.05,393.06,397.3
698.65,197.34,397.95,393.47
702.11,196.05,401.48,390.45
710.23,191.75,402.14,391.05
712.03,192.62,405.02,392.42
669.59,191.17,407.47,391.81
682.42,195.61,418.49,380.77
694.12,199.17,419.47,382.3
711.03,105.29,418.98,382.06
727.53,119.68,416.49,383.14
734.91,73.617,416.47,384.13
690.52,74.088,416.81,382.9
692.74,71.133,417.85,381.87
696.02,69.571,418.25,381.69
698.03,68.611,418.62,381.48
699.13,67.201,419.27,381.01
699.57,65.957,420.03,380.74
697.59,65.818,420.23,380.76
692.79,66.031,420.25,380.86
635.7,66.255,419.86,381.32
635.64,72.022,408.44,394.32
527.49,223.27,420.38,378.12
520.5,226.63,431.08,362.58
512.12,227.85,438.29,351.2
505.78,230.93,443.59,342.22
498.56,233.8,447.01,335.75
510.42,267.22,444.9,338.26
460.09,258.41,447.96,333.56
454.58,254.16,449.4,330.75
604.56,99.683,427.87,358.09
610.26,66.303,412.23,377.31
612.26,71.508,394.88,400.85
605.37,75.221,397.44,401.57
599.73,80.334,398.72,403.68
592.79,85.602,399.04,405.36
585.22,92.215,400.18,407.17
578.1,101.11,402.48,407.86
576.87,111.98,405.14,406.79
620.22,69.55,407.8,404.8
558.67,79.504,410.65,404.18
551.95,87.142,413.37,404.31
592.33,92.943,416.07,403.88
580.85,55.396,418.21,404.85
619.21,64.089,421.86,405.01
605.25,67.159,424.39,405.45
644.79,74.957,427.08,405.33
632.11,81.41,428.77,406.23
562.19,92.507,428.96,406.88
547.18,101.48,429.65,407.78
435.52,222.92,457.19,375.07
428.15,231.3,475.91,353.63
435.18,231.73,484.99,337.09
413.62,243.95,504.5,311.49
450.16,239.39,506.24,302.37
436.99,238.37,505.31,291.23
467.8,237.19,505.31,283.45
458.12,241.99,507.05,274.86
454.95,242.7,506.29,267.46
460.73,281.21,502.65,261.81
446.99,285.7,516.04,246.39
436.85,291.41,525.84,234.16
439.33,296.74,528.12,224.53
443.55,300.09,530.15,216.81
447.45,302.6,530.38,211.37
453.11,303.94,529.56,206.98
463.38,305.77,526.76,203.65
469.65,306.52,526.82,199.97
467.54,307.15,527.34,197.89
462.62,305.98,530.65,197.22
457.18,303.85,532.75,197.03
452.01,304.7,537.38,196.97
445.96,306.31,541.36,199.22
442.14,309.65,543.78,200.34
431.72,311.06,547.2,202.77
417.04,312.46,550.76,205.04
409.8,311.51,550.7,207.84
411.01,311.4,550.27,208.83
411.74,309.19,548.5,208.94
417.55,308.96,548.52,208.41
416.79,309.11,550.72,207.98
421.56,310.01,553.75,207.52
416.8,309.01,558.62,208.76
410.7,308.83,565.77,209.11
378.48,315.7,572.95,207.4
383.31,316.49,579.81,208.08
349.28,321.03,585.39,207.91
351.75,323.24,592.3,208.13
358.56,324.59,597.42,208.45
368.09,324.27,599.42,210.96
375.12,321.68,601.61,213.58
374.61,323.65,609.38,211.49
370.03,328.22,613,207.36
367.32,360.69,611.25,209.01
363.85,358.86,605.88,208.01
357.04,356.84,602.32,206.24
359.77,357.09,596.35,204.7
367.72,362.52,591.26,202.29
376.08,366.43,585.04,200.71
376.73,371.82,579.99,198.41
373.82,374.58,574.04,196.74
372.9,376.01,573.32,195.16
372.26,375.47,575.25,195.45
373.41,376.97,579.94,194.16
372.68,377.23,584.18,193.04
370.53,377.5,588.23,192.33
369.76,375.14,590.76,193.21
364.65,375.02,592.8,194.27
403.15,374.92,592.79,194.33
395.73,374.27,593.21,194.61
387.32,373.13,593.59,195.28
387.32,369.44,591.72,197.3
379.31,366.1,595.12,198.74
378.78,361.89,599.46,198.8
380.47,359.58,603.59,199.14
384.9,358.96,606.61,199.53
392.28,359.45,608.22,200.3
400.97,358.27,613.25,202.38
399.69,357.89,619.83,202.87
387.78,358.41,629.39,201.79
377.85,359.36,639.56,202.86
327.42,351.34,652.61,203.61
335.45,348.09,659.63,204.97
345.39,347.91,660.97,207.51
354.84,347.26,662.29,211.58
360.5,346.78,662.49,213
371.31,347.64,660.53,215.01
387.91,348.52,658.37,216.63
399.58,347.59,654.17,219.25
368.86,344.97,650.92,222.96
391.85,345.58,651.54,224.67
399.78,345.91,657.27,224.74
409.14,343.99,657.77,226.76
415.96,341.3,659.48,229.32
415.33,337.43,664.71,232.5
418.52,335.17,667.53,235.12
413.16,334,673.58,237.34
410.21,333.91,680.7,238.77
407.63,331.95,686.76,242.54
403.87,328.71,688.89,244.07
400.41,327.8,693.5,246.2
399.68,326.55,692.46,247.54
395.18,327.12,696.35,247.51
396.9,322.92,700.44,247.17
395.02,321.3,699.25,245.36
388.5,319.26,695.5,244.61
374.22,317.07,695.22,244.48
356.77,317,693.72,244.3
340.79,313.27,689.99,246.53
274.24,301.1,681.09,246.46
274.19,296.1,678.77,244.78
258.89,291.83,675.25,246.9
257.32,289.55,671.46,249.11
268.42,290.71,669.12,250.25
278.71,293.45,666.55,248.17
279.43,297.33,662.79,247.63
283.36,297.31,660.79,245.08
288.52,294.77,659.72,243.26
308.43,284.66,640.85,254.28
329.95,275.13,627.19,263.21
339.42,274.47,618.44,267.92
349.54,272.48,608.48,272.36
363.62,267.02,596.7,278.31
377.91,261.33,586,281.96
392.14,261.12,577.68,285.42
394.59,262.06,570.15,287.68
402.09,249.03,549.44,308.3
406.46,246.14,549.02,307.66
404.06,244.21,548.78,310.92
416.31,241.03,545.67,313.5
429.29,241.37,541.2,316.93
436.14,244.58,543.77,316.96
435.08,247.64,548.03,315.96
436.41,255.45,550.98,314.88
436.98,260.84,554.1,313.27
434.95,263.78,557.66,313.17
472.03,267.01,557.56,313.04
467.17,268.96,557.21,316.03
463.2,265.81,560.23,314.81
452.87,262.29,568.35,313.77
446.89,262.47,572.48,313.63
445.83,264.09,580.07,314.8
445.43,264.48,583.04,314.44
455.72,262.52,587.07,314.99
463.31,260.47,586.4,314.66
466.61,256.75,583.79,316.68
469.1,256.07,583.58,316.79
470.67,255.85,587.08,316.28
471.6,252.93,587.69,316.76
473.74,247.52,589.17,318.07
475.46,247.64,589.25,319.3
476.18,245.83,590.65,319.58
477.77,244.17,591.35,320.49
469.05,242.77,592.2,319.88
465.22,234.88,593.16,321.7
461.46,230.24,595.8,323.33
453.87,225.05,599.13,325.8
450.18,217.02,602.63,329.48
453.97,218.34,607.15,332.29
457.44,220.32,615.85,332.33
458.79,223.17,621.56,331.11
451.52,219.39,627.59,330.09
454.65,219.3,629.46,327.49
460.66,214.74,627.68,328.57
421.43,201.59,620.79,333.98
432.68,199.08,618.58,334.32
445.94,199.71,615.82,331.76
414.38,197.99,606.2,331.77
388.56,190.73,595.2,326.34
413.27,189.2,586.8,319.45
429.73,187.42,584.81,314.09
443.58,190.84,582.47,309.48
423.89,187.61,571.84,307.55
448.17,187.74,566.12,303.5
463.93,191.61,559.85,300.77
443.43,194.39,552.38,297.93
474.7,196.99,541.15,297.09
463.02,192.81,529.44,296.79
490.42,194.75,520.75,294.18
467.76,189.55,509.54,294.19
488.77,189.35,505.8,291.85
509.58,190.35,503.23,290.77
485.19,188.57,497.77,292.77
510.64,184.14,492.35,294.18
525.28,186.87,492.44,294.04
502.37,186.7,489.57,289.73
528.92,187.01,486.84,286.41
545.35,187.88,485.65,285.31
557.39,190.23,486.24,281.36
559.69,194.01,491.81,279.38
562.72,198.47,496.79,276.75
530.7,195.81,496.39,276.43
536.34,188.69,500.68,277.65
538.36,183.63,504.48,278.56
531.49,181.4,512.28,279.08
523.82,178.75,517.79,280.81
521.12,175.57,525.51,279.97
520.16,175.82,531.85,278.96
519.57,175.28,536.99,279.19
520.34,175.94,538.59,280.9
519.71,176.36,538.76,281.87
519.56,176.22,536.18,283.91
520.64,175.31,534.91,286.09
515.8,177.7,535.26,286.68
507.3,180.22,533.59,286.39
505.41,181.53,531.45,287.06
503.22,182.08,529.4,287.68
500.62,181.77,528.81,286.43
495.07,183.39,527.34,286.4
487.75,180.37,529.31,286.03
532.61,184.2,531.66,284.56
523.81,189.14,531.73,284.35
521.06,191.8,529.89,285.78
522.18,194.11,528.28,286.12
518.92,196.27,527.96,285.8
515.35,198.28,528.7,285.75
573.06,238.89,528.42,288.59
582.02,233.3,529.23,291.51
642.45,269.03,528.86,294.39
689.7,267.08,529.76,293.67
687.75,264.33,528.16,294.1
683.61,260.62,526.02,294.47
741.07,304.85,525.47,294.5
744.39,295.75,524.75,297.47
747.21,285.34,525.46,298.49
747.59,278.37,524.3,300.04
692.23,260.99,527.79,302.85
674.12,216.89,534.74,296.13
666.2,218.89,547.58,285.5
672.07,217.68,551.78,284.32
680.07,216.66,555.66,282.49
691.35,218.68,556.42,282.31
702.25,186.92,552.41,278.66
703.85,195.77,548.66,278.8
698.64,199.52,546.42,278.29
698.91,199.06,542.73,278.01
587.11,154.18,550.58,271.52
571.22,154.88,561.43,265.06
555.77,155.79,567.36,269.18
496.29,112.27,567.15,273.28
492.87,118.17,569.93,276.99
485.86,125.67,573.65,279.88
435.81,140.78,569.75,285.53
373.81,197.71,572.74,283.23
465.47,202.61,578.62,281.75
455.03,205.73,581.99,280.45
444.02,211.29,585.03,277.73
470.54,219.34,597.97,268.92
468.49,179.58,598.59,266.68
453.68,190.34,611.92,254.6
441.74,198.57,622.93,245.38
437.11,204.98,630.01,237.64
470.46,210.73,635.12,233.15
460.11,209.01,636.48,229.1
512.56,173.01,621.94,234.84
497.9,186.05,619.74,229.91
546.39,196.88,609.08,232.92
539.67,207.85,608.45,226.62
531.55,215.32,611.76,219.75
518.68,219.58,619.1,213.58
507.96,222.02,623.57,208.89
450.83,218.95,636.25,203.45
445.44,213.53,648.52,201
440.18,215.84,656.51,196.16
435.9,219.18,662.4,191.58
432.15,221.42,666.28,188.32
436.5,224.26,667.07,185.16
447.65,228.02,661.13,183.37
458.35,230.71,656.2,182.47
520.72,236.11,643.09,182.29
535.66,236.33,634.67,181.28
556.1,238.89,626.92,180.37
576.1,241.48,618.33,179.72
592.18,239.76,607.22,179.16
600.12,239.07,600.92,178.63
606.69,239.51,595.32,177.56
615.91,234.28,594.92,175.9
619.46,231.83,596.48,174.39
624.64,230.43,597.72,172.23
629.9,230.07,599.82,171.21
632.15,230.73,600.12,170.23
629.28,232.34,603.91,169.87
626.07,234.12,606.79,168.53
626.37,236.34,608.01,166.85
622.67,235.92,609.86,166.17
617.74,237.34,612.82,165.53
615.89,238.83,617.95,163.93
616.29,241.27,620.08,162.89
614.44,242.91,620.95,162.33
652.12,246.37,620.15,162.33
638.14,240.99,616.88,164.75
626.07,237.29,614.36,166.54
555.25,237.01,614.66,167.16
501.48,239.72,618.88,165.72
497.34,239.97,621.63,165.3
497.62,241.19,623.94,164.22
505.55,245.08,624.24,162.85
473.95,247.84,621.8,164.8
495.21,250.34,619.34,165.57
510.52,249.56,622.94,167
519.2,250.09,628.28,166.08
523.47,250.25,627.37,166.11
520.02,250.34,621.63,167.63
467.24,212.35,617.27,166.58
458.04,220.16,612.65,167.46
456.83,226.38,608.58,167.74
460.7,229.52,605.2,169.42
469.58,233.12,601.49,169.97
465.72,198.3,599.65,170.62
464.49,203.91,599.66,171.2
467.57,207.45,595.43,172.99
472.89,208.14,595.03,172.85
481.29,209.82,593.68,173.42
490.36,211.53,592.36,171.81
495.36,214.09,591.95,170.22
488.4,213.29,597.14,167.68
481.41,210.51,600.1,165.81
474.22,208.95,605.47,164.51
460.23,205.57,614.05,164.32
454.92,207.48,621.7,163.35
452.66,208.44,623.62,163.97
453.85,208.4,628.29,163.94
449.02,205.85,632.34,165.53
454.26,202.16,631.57,167.1
455.58,200.34,628.81,169.27
459.93,198.79,625.29,170.77
468.99,197.97,620.6,172.39
471.93,199.51,615.26,174.48
485.38,201.33,605.5,176.39
494.96,202.71,595.53,177.89
507.57,203.87,590.15,177.49
516.01,201.69,585.99,175.9
525.31,197.67,582.1,175.55
535.05,194.38,579.45,175.63
539.29,193.88,578.62,175.79
542.18,192.21,575.29,175.69
542.2,189.07,574.8,175.39
547.48,186.79,572.97,175.75
546.21,185,574.01,177.17
546.12,183.88,574.65,178.07
544.24,184.03,575.02,178.81
540.82,183.77,579.2,178.59
537.85,185.47,579.96,178.94
538.5,186.48,579.41,179.72
540.9,186.91,578.53,180.6
534.35,189.96,587.08,179.09
525,194.69,602.62,176.64
511.44,197.43,617.41,175.58
498,195.04,628.96,176.09
490.4,193.36,638.6,176.65
480.65,192.46,642.38,179.12
476.58,192.67,645.68,181.07
473.04,193.13,645.95,182.54
474.3,192.24,646.94,183.83
476.55,190.52,646.17,185.5
478.6,192.07,649.34,186.4
483.4,196.81,649.33,187.38
485.76,199.51,649.87,188.35
485.57,201.68,648.44,189.17
486.46,202.48,647.22,189.68
450.88,200.16,644.73,192.14
456,198.09,642.43,194.08
412.42,194.95,642.37,195.37
422.8,194,641.77,196.41
385.87,191.19,641.14,195.53
402.65,190.27,640.68,198.35
363.96,190.57,640.89,200.03
380.65,186.05,635.94,201.96
340.66,183.85,641.4,200.5
356.21,184.63,643.59,200.15
380.68,182.33,643.15,201.13
403.77,177.34,646.1,201.98
361.62,171.9,654.49,203.98
363.24,170.63,666.84,204.61
360.92,169.05,679.34,205.9
356.27,168.62,685.71,208.28
356.88,169.97,694.84,210.48
344.46,172.35,705.54,211.77
332.13,177.87,710.46,212.66
315.31,180.96,719.99,213.54
304.57,186.19,735.83,215.34
307.51,190.21,746.05,219.14
312.61,192.4,753.64,226.09
305.2,193.91,762.06,230.65
294.25,196.77,770.98,234.64
284.78,197.36,784.35,240.24
269.29,196.31,805.78,243.1
331.37,193.57,819.7,245.26
321.85,191.34,835.67,250.08
313.62,191.79,855.93,254.36
307.04,192.1,872.14,258.56
300.11,189.28,884.83,264.48
287.89,188.58,903.47,267.87
281.06,188.76,914.16,270.69
277.19,187.69,927.11,273.51
265.36,191.56,944.85,274.17
280.82,189.54,945.81,276.64
278.83,190.73,961.01,278.17
271.1,189.04,977.25,280.26
272.65,185.72,984.32,283.44
276.79,182.72,991.85,285.63
271.91,181.17,1002.5,288.1
270.99,180.37,1005,290.82
267.61,179.65,1000.9,292.58
268.35,180.76,999.43,293.93
261.33,181.51,1000.8,295.15
270.76,181.72,997.65,294.2
279.93,181.78,992.44,294.47
288.45,182.32,987.67,293.94
295.18,183.87,980.26,293.68
306.44,182.37,973.05,294.05
310.76,184.64,964.49,293.03
319.61,183.02,951.82,291.7
331.7,183.77,938.94,290.03
342.7,184.55,928.52,289.04
351.36,185.22,918.16,287.09
356.2,187.43,906.54,285.32
363.63,188.07,894.38,284.02
369.34,188.44,888.96,284.7
372.13,189.15,884.72,284.88
380.88,192.32,882.78,285.36
385.59,191.14,879.38,287.48
387.54,189.59,876.3,289.12
398.85,188.13,874.2,292.19
401.73,187.32,870.56,293.4
405.74,186.86,869.93,294.64
406.68,186.54,869.64,296.85
411.95,185.13,867.22,297.97
409.49,186.26,865.88,298.34
408.29,187.07,865.89,298.05
436.28,187.38,864.04,298.95
416.2,184.46,861.42,298.32
394.1,181.93,865.01,299.79
424.19,180.58,855.24,302.7
403.86,178.72,856.85,304.74
432.09,180.01,849.64,305.56
407.41,181.61,856.34,304.2
435.59,181.94,849.99,305.04
416.38,179.69,850.28,305.57
446.89,181.3,843.49,306.52
423.81,177.98,846.1,306.22
456.77,180.72,838.8,306.19
439.98,179.04,839.58,304.76
438.61,181.52,835.9,303.15
437.53,182.31,832.98,301.79
429.7,183.61,832.96,300.34
423.82,183.71,837.78,299.29
456.93,189.83,835.73,296.59
442.54,192.48,836.08,293.74
440.13,192.52,838.97,291.8
436.33,193.4,841.81,290.42
431.3,190.33,839.54,292.08
420.67,188.86,840.95,291.94
411.92,186.98,848.85,290.49
404.83,187.28,855.43,290.29
400.12,187.35,859.95,288.93
398.29,188.45,866.15,285.59
394.01,189.78,871.09,282.67
398.55,191.68,876.31,280.73
398.14,194.3,878.85,279.22
395.84,196.15,882.86,278.84
386.24,194.64,885.84,279.04
375.6,192.48,884.96,278.43
374.17,192.64,884.88,276.79
377.08,192.6,884.28,275.53
389.21,194.85,883.06,275.04
384.03,194.6,881.65,274.96
378.71,194.51,884.7,274.63
385.6,191.25,883.47,274.61
388.12,188.74,878.91,274.81
401.21,183.93,877.65,274.58
407.54,180.9,872.9,275.37
411.39,175.65,870.57,276.23
411.54,171.15,867.55,276.15
410.67,169.17,866.96,274.75
410.08,164.2,865.54,275.08
411.25,162.86,864.22,275.22
403.17,160.14,865.48,276.42
398.66,152.97,867.11,277.38
342.68,156.52,881.84,277.15
352.77,151.16,895.1,277.54
433.13,97.189,882.92,280.65
435.77,105.93,873.41,283.35
444.57,64.806,864.22,283.5
455.29,78.863,841.53,292.26
460.35,82.769,828.4,297.21
467.12,35.892,815.48,303.58
464.92,47.605,803.59,308.95
459.89,58.588,797.28,311.89
461.92,18.464,791.75,315.03
453.8,38.57,790.82,317.38
443.35,48.61,791.3,319.03
423.89,-1.7639,803.32,312.77
423.81,20.352,801.96,313.98
423.38,32.675,802.39,315.73
-39.898,125.28,801.47,313.1
-38.316,142.43,806.93,312.32
-42.066,148.85,811.26,314.16
-44.072,100.51,825.4,304.17
-43.863,119.27,838.63,294.93
-40.622,133.69,835.71,299.07
17.724,84.868,856.84,290.02
3.5716,102.84,873.01,282.02
39.009,115.02,897.43,275.55
5.5539,122.42,914.3,272.15
31.434,130.42,938.48,268.59
9.8851,132.95,950.08,268.43
-7.2522,133.51,951.81,272.18
21.501,140.86,968.25,276.07
0.52917,142.63,965.33,281.92
40.186,147.88,979.88,284.5
43.11,162.15,993.15,284.41
46.885,174.35,1021.3,282.59
8.1843,182.78,1038.1,282.46
26.796,182.28,1059.7,279.73
19.099,187.55,1078.5,277.94
20.801,186.86,1105.1,278.33
34.796,192.71,1123.8,278.33
7.9192,199.37,1124.2,279.06
38.848,200.47,1138.8,279.83
89.298,203.4,1159.7,276.56
65.544,210.18,1178.9,273.72
120.07,212.92,1177.6,272.87
98.846,221.57,1188.8,272.23
78.291,222.69,1205,271.74
71.67,228.13,1214.6,270.53
74.96,230.31,1218.6,271.65
66.765,231.26,1214.5,273.8
68.401,233.58,1211.1,276.63
72.923,232.53,1204.4,279.56
68.05,234.04,1195.1,282.73
63.795,236.24,1193.3,283.7
124.3,238.91,1174.2,285.44
105.98,240.58,1166.6,285.24
98.561,239.63,1167.6,283.43
91.886,240.62,1167,283.14
99.814,240.75,1162.9,284.82
96.49,243.21,1161.5,284.37
98.941,246.9,1161.5,283.54
99.819,246.36,1156.1,283.21
99.867,247.05,1152.4,282.6
157.78,249.7,1136.9,281.97
9.7777,183.16,1110,293.67
-13.949,192.34,1093.7,301.82
13.688,197.32,1092.6,306.58
1.9256,186.49,1079.5,312.39
40.248,187.72,1077,317.85
73.115,188.72,1082.3,321.62
43.323,183.24,1083.2,325.34
82.207,187.07,1081.7,329.54
155.72,197.76,1087.8,327.46
166.3,126.03,1088.4,332.08
182.39,139.69,1078.6,336.01
189.44,154.35,1069.8,338.34
204.67,167.25,1065.4,341.3
213.17,178.37,1057.7,340.26
316.72,167.95,1017.6,352.11
334.02,163.07,987.63,361.23
354.22,158.14,960.55,368.08
378.07,159.22,939.42,371.29
404.04,157.79,920.45,373.49
466.65,166.61,889.72,378.39
452.54,168.45,871.92,381.79
446.44,167.6,865.88,381.52
536.98,125.53,811.64,415.83
504.74,146.61,813.76,404.1
601.29,145.99,755.41,445.47
545.08,163.42,761.92,423.34
575.39,176.89,757.43,409
662.52,112.95,709.23,442.46
575.67,206.1,740.55,403.62
560.05,219.22,764.39,374.86
735.54,141.35,692.12,443.17
767.36,124,621.84,509.13
797.98,101.29,558.37,574.83
810.76,48.493,524.47,609.03
886.98,50.138,470.88,661.82
894.81,34.102,432.4,702.36
902.31,22.355,406.12,720
907.8,24.301,384.07,720
911.42,0.66043,367.74,720
916.67,14.868,356.15,720
922.5,-2.8206,346.06,720
928.36,12.525,336.39,720
932.54,18.07,330.05,720
935.79,17.096,324.55,720
937.61,-11.143,319.21,720
938.25,0.35068,314.73,720
938.89,8.1042,312.07,720
985.65,8.3984,306.28,720
974.52,6.8499,302.07,720
966.78,6.9182,300.86,720
962.89,1.6684,300.17,720
960.25,1.8167,299.88,720
1003.1,5.3081,294.92,720
988.14,8.1469,292.47,720
981.86,12.398,292.22,720
977.55,13.84,292.84,720
974.01,12.39,293.76,720
968.77,10.922,294.08,720
964.31,8.3936,295.01,720
1002.9,14.804,290.79,720
984.98,16.426,290.24,720
975.1,16.68,290.95,720
967.58,17.395,291.57,720
1007,20.036,289.37,720
989.46,18.818,289.3,720
976.36,20.109,290.05,720
968.74,15.952,291.24,720
687.02,57.971,383.5,631.42
627.5,98.495,461.51,550.51
578.97,130.67,526.63,484.98
547.24,156.62,578.87,433.87
525.36,175.62,618.25,395.81
505.31,188.73,650.35,366.64
484.94,200.47,676.89,344.22
452.54,217.82,717.88,317.34
432.45,228.52,744.95,299.62
416.71,234.66,767.11,287.23
401.97,240.62,788.54,278.61
398.23,246.78,808.15,273.3
395.35,251.58,822.45,269.8
397.84,255.69,831.11,267.13
392.56,258.34,840.04,263.79
393.43,259.21,843.78,263.19
393.91,261.76,850.28,262.57
397.64,264.63,852.13,261.7
397.53,266.56,851.44,260.46
396.19,268.59,851,259.23
396.84,269.75,851.24,259.89
387.47,267.94,854.57,260.93
381.71,267.19,857.64,261.08
383.74,264.84,860.72,261.61
386.82,261.98,864.2,262.06
394.99,259.97,867.04,260.69
397.9,258.8,865.56,259.58
403.44,259.05,865.81,260.86
406.15,257.68,864.78,262.15
407.55,257.54,864.55,263
414.17,258.57,856.39,263.71
411.39,261.54,854.7,262.8
405.64,261.08,853.84,261.72
393.16,267.09,853.7,258.69
387.79,272.11,851.5,256.39
394.66,277.75,856.68,255.45
398.46,287.88,852.27,254.55
399.44,291.38,849.62,255.91
397.58,294.7,848.34,257.51
395.3,298.74,846.75,258.19
397.3,301.28,849.4,258.5
400.03,302.98,851.7,258.01
418.61,303.32,846.25,261.28
432.38,301.73,835.86,264.89
442.14,303.56,824.28,267.25
443.87,305.87,816.42,268.33
447.35,308.1,815.84,268
448.03,312.25,810.45,266.46
333.01,253.92,807.83,273.03
356.69,259.24,808.72,276.75
386.34,258.03,807.38,281.74
354.64,249.45,811.24,287.42
369.23,244.89,810.56,295.29
330.48,196.23,803.83,304.02
366.45,210.2,796.38,311.84
387.43,217.51,797.18,317.1
346.3,221.03,802.78,320.89
376.64,170.57,786.69,330.8
406.97,191.15,787.45,327.61
432.05,209.01,787,326.41
393.88,215.99,790.53,329.22
434.09,214.66,775.42,340.39
398.17,214.76,780.61,341.95
425.03,167.8,779.59,336.43
449.53,186.35,776.74,331.62
476.1,202.09,770.28,329.8
500.02,198.87,753.19,341.75
516.16,196.83,742.15,349.62
485.58,142.34,729.43,351.54
508.3,150.68,722.21,351.46
514.9,157.75,717.05,349.39
526.22,156.06,708.41,350.48
543.89,158.87,700.29,350.49
501.18,155.92,697.09,354.41
523.15,156.5,692.16,355.8
537.15,153,686.13,358.72
541.86,157.53,680.57,356.83
544.17,158.37,678.15,355.27
460.22,110.03,670.29,351.07
498.14,123.78,666.82,345.97
472.11,129.73,665.31,344.23
444.96,134.27,662.44,343.78
360.72,91.225,658.27,339.65
340.27,107.53,661.18,337.96
321.99,76.46,664.52,332.23
358.83,103.14,665.57,329.8
348.44,126.84,667.62,333
392.93,141.62,667.91,335.41
436.77,115.47,645.41,353.98
464.49,122.49,630.05,375.01
442.77,98.381,611.9,390.14
470.03,101.75,597.26,408.09
443.45,83.812,585.21,414.52
484.94,60.46,572.2,416.57
507.1,83.306,562.26,423.25
482.49,61.104,551.22,420.34
508.93,73.446,545.79,423.89
507.17,80.427,549.29,427.78
510.03,89.556,556.03,428.56
510.58,96.795,566.07,430.49
464.27,104.24,566.32,433.05
466.61,108.81,567.66,439.76
423.2,73.657,566.7,441.02
433.12,89.044,570.24,447.5
441.05,92.911,574.63,453.99
445.07,100.22,576.99,459.6
447.76,101.87,579.23,464.9
455.23,110.21,582.94,467.61
454.77,86.891,584.59,467.2
454.3,105.83,584.85,468.36
456.54,117.2,586.95,469.17
454.1,91.562,582.75,472.73
454.79,111.65,579.54,475.54
465.82,123.11,577.5,474.53
467.53,99.49,575.04,477.57
470.74,123.41,571.74,480.58
480.4,129.62,571,482.62
494.03,138.16,570.17,484.9
494.98,110.52,565.92,487.81
494.25,130.41,563.98,489.27
498.51,136,562.06,492.23
500.77,143.16,557.65,495.04
509.03,149.88,553.38,496.08
517.04,152.4,550.05,497.18
524.55,155.01,548.35,499.48
533.82,158.93,546.6,502.41
543.07,161.08,545.36,505.47
550.43,164.92,547.25,504.89
558.97,168.59,548.44,502.07
561.1,169.63,550.25,499.25
567.35,171.37,552.31,497.74
574.69,174.7,552.94,499.41
518.2,130.74,553.63,495.4
516.71,136.86,552.06,496.31
522.36,139,547.44,500.73
525.06,140.38,545.91,503.96
533.28,145.41,545.68,501.62
533.76,148.86,546.63,499.42
536.41,148.83,546.46,500.55
539.57,147.61,545.77,501.9
543.71,144.78,547.19,502.73
545.17,151.77,548.79,501.34
522.08,161.68,591.41,458.78
497.61,174.82,621.89,424.76
484.37,185.92,638.24,402.68
472.45,196.2,651.9,383.79
477.93,206.63,629.03,404.54
472.72,208.94,645.14,388.87
477.83,207.81,628.14,408.84
488.47,206.54,612.54,426.13
492.8,202.85,600.75,440.12
531.7,211.46,617.59,414.1
494,222.15,645.87,383.16
495.92,216.06,625.54,401.02
476.09,222.76,645.69,377.62
523.88,223.16,648.33,366.11
521.65,223.1,649.89,357.2
522.26,227.2,626.59,375.69
530.21,227.41,632.28,367.3
526.21,228.39,616.62,381.17
531.61,227.71,625.38,369.88
518.79,284.09,636.82,359.39
513.43,271.9,623.14,371.63
509.73,267.49,634.51,359.83
510.84,262.98,641.33,352.21
509.85,252.46,623.71,368.2
516.65,243.95,608.83,381.06
517.76,236.93,599.59,388.51
523.09,237.56,594.24,392.76
523.14,236.01,589.67,396.47
524.88,238.73,586.22,399.13
539.29,238.22,589.47,394.56
546.13,242.75,586.98,397.65
552.08,248.28,584.34,400.97
561.12,246.03,580.99,406.22
511.71,251.21,579.48,408.08
526.51,254.19,577.77,411.06
534,257.75,577.2,412.18
538.57,263.17,576.32,413.97
545.79,266.86,575.86,414.81
551.27,269.86,575.62,415.24
553.28,270.46,575.48,415.5
548.17,257.2,575.02,415.96
544.23,246.86,574.27,416.74
556.61,246.95,574.19,416.87
578.77,246.44,574.39,416.69
601.45,244.93,574.54,416.55
619.05,243.91,574.86,416.26
629.74,245.03,575.07,416.05
625.76,224.47,574.76,416.4
621.76,215.98,574.64,416.54
617,207.19,574.51,416.7
614.42,205.49,574.31,416.91
625.54,211.63,574.39,416.82
621.66,206.7,574.2,417.03
630.23,214.05,574.26,416.95
636.74,220.23,574.32,416.88
641.86,224.96,574.37,416.82
639.24,211.13,574.16,417.04
639.67,214.94,574.21,416.98
644.86,219.34,574.27,416.92
642.45,223.22,574.32,416.85
645.53,227.31,574.39,416.76
654.21,223.56,574.44,416.69
650.03,225.99,574.47,416.65
660.42,220.2,574.5,416.6
669.57,213.93,574.52,416.57
670.97,206.66,574.45,416.64
671.82,200.76,574.37,416.73
672.19,193.8,574.28,416.82
667.82,189.29,574.23,416.88
668.96,185.71,574.16,416.95
668.26,187.27,574.19,416.91
666.5,189.24,574.22,416.87
662.82,190.54,574.25,416.84
657.12,192.46,574.29,416.77
651.05,193.16,574.31,416.74
646.35,193.49,574.35,416.69
642.69,194.68,574.39,416.62
639.49,194.86,574.43,416.56
635.9,194.95,574.45,416.53
634.49,194.85,574.49,416.47
635.21,194.37,574.52,416.41
635.84,194,574.56,416.35
639.06,193.64,574.59,416.3
637.33,193.33,574.62,416.26
635.2,192.43,574.66,416.2
638.04,191.61,574.71,416.13
640.13,191.23,574.74,416.09
643.58,191.5,574.77,416.03
650.64,190.19,574.81,415.97
653.75,188.6,574.9,415.85
656.67,187.63,575.02,415.67
662.55,186.24,575.17,415.43
662.56,183.67,575.25,415.32
663.4,182.2,575.33,415.21
661.85,181.46,575.39,415.12
663.12,180.1,575.45,415.02
661.53,179.08,575.51,414.93
661.67,178.07,575.57,414.85
661.16,176.98,575.63,414.76
