279,146,169,206
280.76,149.6,167.25,207.9
283.1,149.83,166.18,208.89
281.99,149.55,165.02,209.33
283.14,144.33,164.19,210.17
281.75,144.03,163.99,210.67
281.21,144.19,163.91,210.97
283.2,146.52,163.93,211.41
283.18,147.52,163.76,211.37
284.33,142.89,163.67,211.81
284.74,146.39,163.81,211.93
284.76,146.8,163.62,211.96
284.57,146.4,163.45,211.88
285.84,143.14,163.58,211.91
287.15,142.28,163.92,212.25
286.43,145.93,164.3,212.3
289.04,142.83,164.48,212.48
292.8,146.07,164.49,212.77
291.9,146.74,164.43,212.11
292.94,146.44,164.54,212.14
301.72,147.02,164.21,212.46
309.64,147.09,163.57,212.59
308.98,146.8,162.93,212.37
315.72,145.6,161.78,212.77
316.09,144.89,160.43,212.88
320.21,143.29,158.91,213.31
320.74,143.06,157.35,213.21
332.08,138.72,152.64,214.41
336.14,137.94,148.19,215.89
337.69,138.64,144.72,216.27
338.94,137.47,142.48,216.72
343.79,137.72,138.21,215.62
350.09,139.27,133.76,214.43
352.31,141.27,130.47,212.3
353.58,145.66,126.69,207.49
355.87,145.52,123.81,205.03
357.14,146.64,121.38,202.83
358.56,148.06,119.95,201.06
366.43,148.73,116.8,202.08
363.77,148.43,114.98,204.5
365.63,149.15,114.02,204.88
367.78,143.77,111.65,207.25
368.19,142.76,109.73,208.56
369.67,140.15,107.63,206.94
370.55,139,105.89,204.97
370.83,140.4,105.58,204.53
370.76,141.02,105.52,202.86
371.08,141.9,105.49,201.84
371.47,142.85,105.36,200.75
375.38,141.23,104.75,198.55
378.32,140.79,103.53,196.74
379.27,141.24,102.39,194.63
380.66,136.72,100.47,190.85
381.76,133.37,98.452,185.21
381.25,133.29,97.206,179.22
381.42,133.73,96.077,173.95
383.93,132.22,95.542,168.75
380.71,128.82,95.768,163.86
379.39,127.81,96.126,160.55
380.12,127.81,97.2,161.13
381.97,139.81,97.182,158.35
378.25,138.22,98.438,157.31
376.71,137.24,99.513,156.5
356.4,139.64,104.46,151.39
336.31,138.8,110.16,145.92
335.46,151.06,114.11,140.35
333.11,147.81,117.05,137.2
335.14,156.64,119.58,131.88
323.8,148.96,120.21,128.66
325.89,143.9,119.58,127.61
307.97,139.08,118.49,128.47
303.84,135.52,119.84,128.97
300.7,133.69,121.7,129.94
298.71,130.33,123.81,131.93
271.17,118.7,125.84,132.97
260.02,122.59,127.31,133.59
250.65,125.11,131.15,134.43
245.75,122.11,131.28,135.25
240.58,120.85,131.68,136.31
234.43,117.82,135.17,137.95
226.58,118.23,139.11,139.19
215.46,116.01,145.82,138
203.85,111.82,152.12,135.87
196.42,114.97,158.27,133.86
188.26,115.65,162.19,133.03
181.48,111.21,162.75,133.85
177.43,109.7,161.9,135.77
174.72,109.44,161.64,136.66
182.48,114.55,158.61,136.89
180.05,118.73,154.24,137.45
181.56,119.99,150.42,137.77
183.47,119.01,147.3,138.15
181.88,123.95,144.18,139.03
188.24,124.29,140.8,139.9
191.66,122.74,138.68,140.07
198.04,129.34,137.36,139.63
201.37,130.65,135.64,138.94
208.93,131.58,134.87,138.07
212.23,130.41,133.8,137.84
214.04,130.9,132.21,137.89
216.45,129.54,129.27,137.85
218.45,129.01,126.84,137.92
219.86,128.71,124.76,137.79
220.07,126.85,121.16,137.51
220.39,126.6,117.94,137.33
222.01,125.83,115.28,137.02
224.96,128.34,113.87,135.79
226.87,130.33,112.96,134.79
228.51,131.48,112.59,133.46
228.33,132.81,112.15,132.08
227.82,133.77,112.06,131.26
228.92,133.97,112.29,129.53
229.4,134.36,112.32,128.17
231.58,136.08,113,127.66
232.42,136.79,113.55,127.39
233.2,137.21,114.08,127.21
233.45,137.28,114.22,127.11
234.4,136.53,115.03,126.93
235.32,134.74,115.79,126.93
234.93,134.24,116.74,127.38
233.95,134.27,117.66,127.86
232.36,133.54,119.03,127.84
230.48,131.68,120.36,128.38
228.96,131.09,121.4,129.55
226.27,128.71,123.24,130.74
222.71,125.12,125.72,132.02
219.57,123.99,127.55,133.05
217.98,122.67,129.02,134.18
213.18,122.79,131.63,135.63
212.01,121.51,133.59,137.22
210.71,120.32,135.68,138.5
207.91,119.54,138.53,139.39
206.76,118.18,140.95,140.54
204.16,116.76,143.46,140.98
202.52,115.71,145.47,141.84
200.22,111.6,145.34,142.66
199.08,108.47,143.18,144.06
198.88,107.32,141.69,145.01
200.2,108.03,140.83,145.76
196.85,106.5,137.92,146.69
195.6,107.85,136.23,146.18
195.17,109.48,135.05,145.43
192.21,107.87,132.82,146.03
192.31,106.03,130.63,146.47
192.6,104.22,129.06,146.66
192.97,104.43,128.13,146.78
191.7,104.34,126.13,147.17
190.34,104.47,124.69,147.52
190.81,103.5,123.18,147.7
189.94,102.39,121.47,148.29
189.21,101.98,120.44,148.52
190.03,99.854,119.43,149.9
189.85,99.642,118.92,150.49
188.08,97.767,118.98,151.78
188.54,97.557,119.62,151.98
189.01,96.491,119.93,152.79
189.95,95.533,120.25,153.65
189.61,96.163,120.95,152.81
189.82,95.743,121.65,152.06
189.98,95.7,122.03,151.26
189.09,97.021,123.03,150.2
188.72,97.965,123.53,149.41
188.3,98.166,124.01,149.22
187.81,98.945,124.11,149
187.17,100.95,124.6,150.32
185.59,102.38,124.93,150.61
184.25,103.52,125.22,150.26
181.07,106.57,126.19,150.13
178.53,110.01,127.23,149.56
175.29,111.24,128.19,149.06
174.25,112.89,129.23,148.61
171.32,114.21,130.71,147.35
168.58,117.66,132.98,146.01
166.83,118.14,134.64,145.17
165.71,118.66,136.18,144.67
163.07,121.21,137.73,143.96
160.16,122.49,139.03,143.15
157.86,123.47,141.02,142.39
155.66,123.45,142.44,140.87
154.69,123.3,142.9,140.77
154.14,123.29,143.12,140.57
153.9,123.59,143.62,140.47
151.47,124.71,141.96,139.69
148.95,124.26,139.77,139.65
147.72,124.94,138.5,139.25
146.35,128,134.89,139.41
146.59,128.77,131.92,139.19
148.06,131.45,128.38,139.04
149.94,132.05,125.79,138.26
152.07,133.61,123.54,136.72
152.01,133.28,122.13,134.44
153.14,133.56,120.47,132.68
153.45,134.18,118.86,131.09
155.26,133.46,117.41,129.35
155.42,134.28,115.66,127.68
156.17,134.71,114.25,126.01
154.88,134.95,113.01,124.32
155.46,134.46,112.41,122.42
155.52,135.6,111.19,120.86
155.11,135.57,109.93,119.82
153.11,134.99,108.59,119.12
151.29,134.38,106.4,118.14
150.83,134.87,104.17,117.27
146.87,136.67,101.45,114.89
146.72,136.98,98.95,113.36
145.8,139.31,96.865,111.66
146.39,141.21,95.049,109.95
146.37,144.61,93.331,108.57
146.81,148.18,91.709,106.37
147.26,150.62,89.819,104.69
147.8,152.55,88.324,103.09
148.96,153.87,86.286,102.4
148.77,155.33,84.733,101.78
148.55,156.85,83.87,100.63
148.9,158.62,83.722,100.02
149.49,158.97,83.31,99.662
150.11,159.11,83.035,99.362
150.08,159.37,82.994,98.689
151.36,159.65,82.504,98.641
151.88,159.46,81.83,98.268
152.3,159.13,81.291,98.076
152.96,158.81,81.01,97.498
152.67,159.32,80.889,96.742
152.25,160.1,80.871,96.028
152.35,160.28,80.741,95.642
153.59,160.08,80.496,95.309
154.28,160.55,80.166,94.947
154.88,160.64,79.875,94.764
154.9,160.79,79.697,94.577
154.92,161.83,79.461,94.165
156.31,162.5,79.304,93.705
156.11,163.3,79.076,93.587
157.71,163.24,78.909,93.476
156.77,163.75,78.819,93.325
157.51,164.05,78.925,93.064
157.41,163.36,78.958,93.055
157.52,162.43,78.69,93.265
157.82,162.37,78.53,93.564
158.2,162.27,78.37,93.784
158.53,161.83,78.432,93.696
157.64,161.08,78.255,93.717
158.4,161.73,78.276,93.851
158.18,161.38,78.181,94.073
158.6,161.83,78.145,94.111
157.97,161.24,78.105,94.179
157.96,161.37,78.017,94.161
158.21,161.84,78.103,94.184
156.06,161.68,77.894,94.196
156.1,160.93,77.865,94.072
155.98,161.01,77.839,94.139
154.62,161.58,77.84,93.991
153.78,161.77,77.81,93.768
154.05,162.28,78.157,94.038
154.09,162.63,78.38,94.149
151.85,163.2,78.444,94.465
152.03,163.31,78.401,94.8
152.18,162.97,78.262,94.992
150.59,163.28,78.393,94.982
150.68,163.33,78.654,94.875
149.87,163.29,78.596,94.824
149.97,163.31,78.762,94.846
149.51,163.29,78.477,94.86
149.05,163.46,78.394,94.856
148.99,163.38,78.445,94.93
148.53,163.62,78.417,94.911
148.91,163.6,78.456,95.302
148.94,164.28,78.489,95.594
149.26,164.64,78.585,95.749
149.33,164.7,78.222,95.711
149.79,163.54,78.149,95.788
148.99,163.29,78.127,95.538
148.73,162.79,78.033,95.676
149.66,162.63,78.171,95.653
149.11,162.71,78.149,95.429
148.89,162.48,78.148,95.482
149.57,162.57,78.27,95.331
149.19,162.41,78.181,95.232
149.01,162.81,78.219,95.083
148.87,163.18,78.227,94.99
148.18,163.22,78.193,94.893
149.01,163.42,78.377,94.956
148.24,164.15,78.313,95.191
148.29,164.34,78.396,95.316
148.43,165.48,78.514,95.54
148.3,166.1,78.639,95.685
148.94,166.31,78.538,95.716
147.74,165.84,78.48,95.71
147.85,165.17,78.434,95.794
148.16,165.22,78.506,95.836
147.79,164.82,78.538,96.005
147.33,166,78.711,96.037
148.06,165.32,78.509,96.088
147.68,165.53,78.585,95.886
148.89,166.05,78.809,95.48
147.61,166.41,78.911,95.146
148.77,166.41,79.028,95.038
148.96,166.5,79.077,95.059
146.85,166.69,78.943,95.075
148.53,167.05,79.058,95.145
148.18,166.93,78.942,95.266
147.9,166.88,78.849,95.368
149.1,166.78,78.967,94.987
148.86,167.53,78.886,95.081
149.8,167.45,78.771,94.895
149.87,167.57,78.557,94.744
150.4,167.7,78.505,94.576
150.67,167.73,78.392,94.53
150.97,167.78,78.284,94.465
149.33,167.11,78.226,94.647
150.68,167.75,78.246,94.541
150.01,167.36,78.233,94.416
150.22,168.19,78.253,94.509
150.95,168.62,78.313,94.333
150.65,168.33,78.231,94.229
151.29,168.59,78.335,94.086
150.91,168.74,78.399,93.972
150.38,168.96,78.579,93.824
151.08,169.43,78.685,93.632
150.8,168.72,78.532,93.7
151.11,169.24,78.688,93.641
150.98,168.71,78.557,93.61
151.15,168.96,78.681,93.484
152.27,169.46,78.687,93.61
151.92,169.67,78.624,93.758
151.56,169.9,78.59,93.876
152.24,170.12,78.712,93.72
152.07,170.39,78.686,93.691
152.14,170.2,78.795,93.478
151.86,170.5,78.79,93.334
152.85,170.39,78.784,93.528
152.71,170.44,78.765,93.473
152.54,170.36,78.694,93.497
152.8,170.72,78.789,93.473
152.58,170.87,78.695,93.717
153.79,170.37,78.645,93.88
152.88,170.01,78.456,94.034
153.17,170.02,78.538,94.187
152.32,171.18,78.475,94.319
152.71,172.16,78.378,94.469
153.22,172.49,78.233,94.548
153.62,172.45,78.184,94.949
153.14,172.09,78.195,95.058
153.64,171.77,78.182,95.309
153.4,171.75,78.036,95.612
153.34,171.68,77.93,95.699
154.22,171.65,77.922,95.73
154.22,172.06,77.964,95.841
155.06,172.39,77.965,95.789
154.65,172.27,77.912,95.854
155.65,172.18,77.849,95.851
155.68,172.46,77.77,95.955
155.99,172.56,77.679,95.867
156.25,172.31,77.613,95.496
156.32,172.77,77.5,95.516
156.34,172.01,77.469,95.386
157.49,171.82,77.545,95.265
157.64,172.2,77.574,95.223
157.69,171.8,77.634,94.843
158.61,171.24,77.755,95.089
158.58,170.6,77.925,94.898
157.8,170.53,77.877,95.197
157.79,170.63,77.916,95.344
159.04,170.44,78.004,95.102
158.92,170.41,78.073,94.912
158.82,170.36,78.105,94.761
157.76,170.45,78.24,94.682
157.73,170.35,78.394,94.784
157.52,170.56,78.599,94.897
157.85,170.32,78.677,94.819
156.56,170.7,78.971,94.412
155.77,171.46,79.08,94.409
156.32,171.93,79.119,94.903
156.24,172.03,79.148,95.289
155.28,170.79,79,95.364
154.92,170.22,78.95,95.486
154.43,170.99,78.865,95.674
155.3,170.53,79.035,95.803
154.63,170.99,79.126,95.806
154.69,170.38,79.248,95.862
154.7,171,79.432,96.084
153.39,169.26,79.312,96.132
153,169.84,79.461,96.335
153.18,169.77,79.484,96.719
153.84,170.01,79.525,96.731
153.51,170.55,79.59,96.611
154.03,170.58,79.626,96.516
153.66,170.65,79.64,96.361
154.22,170.69,79.647,96.4
153.95,170.67,79.604,96.327
153.79,170.71,79.505,96.369
153.59,170.63,79.475,96.334
155.13,170.69,79.701,96.355
154.4,170.94,79.691,96.145
154.75,171.04,79.678,95.876
153.73,171.04,79.892,95.846
153.84,170.57,79.906,95.603
153.97,170.09,79.887,95.396
153.87,170.06,79.924,95.294
153.2,170.08,80.056,95.315
152.96,170.21,80.013,95.236
154.43,170.35,79.897,95.294
153.38,170.26,79.79,95.316
153.84,170.16,79.781,95.564
153.06,170.9,79.768,95.556
153.86,171.16,79.713,95.451
153.18,172.05,79.917,95.509
153.23,172.15,79.961,95.385
153.53,172.25,79.991,95.314
153.84,172.4,80.035,95.224
153.79,171.7,79.825,95.231
152.52,172.12,79.771,95.042
153.48,171.94,79.639,94.957
153.25,172.41,79.73,94.371
153.28,172.08,79.885,93.906
153.41,172.53,79.949,93.485
152.88,172.63,80.023,93.385
153.81,172.63,80.043,93.282
153.91,172.66,80.033,93.164
154.08,172.68,80.005,93.041
153.73,173.41,79.97,93.02
153.54,173.36,79.917,93.073
154.4,172.93,79.781,92.761
153.65,173,79.712,92.901
154.45,172.8,79.579,92.408
154.59,173.34,79.475,92.342
155.19,173.19,79.233,92.199
155.04,173.64,79.148,92.333
155.52,174.07,79.334,92.004
154.55,173.85,79.135,91.85
154.93,173.77,79.132,91.788
156.35,173.52,79.096,91.435
155.9,173.7,78.901,91.604
155.43,173.89,78.759,91.726
156,173.84,78.717,91.775
155.74,175.27,78.519,92.361
156.95,176.21,78.665,92.654
156.89,176.05,78.436,93.109
156.48,176.19,78.305,93.258
156.92,176.3,78.334,93.516
157.16,175.99,78.325,93.875
157.43,175.68,78.352,94.077
157.51,175.8,78.194,94.237
158.87,175.58,78.285,94.251
158.09,175.2,78.176,94.225
158.21,175.06,78.012,94.617
157.89,175.27,77.961,94.802
159.3,175.45,78.334,94.386
158.65,175.11,78.372,94.188
159.28,175.32,78.472,94.419
159.28,174.91,78.366,94.682
159.93,175.44,78.579,94.753
159.18,175.13,78.551,94.661
159.88,174.94,78.615,94.649
159.81,174.54,78.531,94.592
160.22,174.53,78.457,94.647
160.84,174.84,78.578,94.539
160.58,175.01,78.658,94.389
160.29,175.32,78.707,94.334
160.04,175.6,78.73,94.271
160.81,175.47,78.692,94.242
161.13,175.59,78.539,94.454
161.36,175.74,78.449,94.578
161,175.72,78.452,94.518
161.1,175.47,78.348,94.642
161.45,174.96,78.18,94.494
161.46,174.77,78.019,94.208
161.61,174.76,77.966,94.039
161.14,175.44,77.921,93.605
161.11,175.91,77.881,93.338
161.57,175.92,77.836,93.108
163.39,177.45,77.925,92.86
163.55,177.73,77.862,92.806
163.48,177.49,77.743,92.87
163.54,177.38,77.591,92.895
163.59,177.28,77.466,92.892
163.61,177.01,77.401,92.903
163.6,176.77,77.356,92.897
163.76,176.77,77.237,92.881
164.14,176.52,77.149,92.855
163.54,176.42,77.097,92.786
163.91,176.13,77.004,92.777
164.8,175.45,77.212,92.633
164.67,176.04,77.275,92.469
163.99,176.4,77.294,92.467
164.05,176.28,77.32,92.477
164.65,176.33,77.509,92.467
165.26,176.36,77.668,92.49
165.18,176.74,77.64,92.483
165.59,177.12,77.786,92.375
166.24,177.92,78.03,92.297
165.45,177.62,77.815,92.177
165.38,177.69,77.71,92.243
165.3,177.78,77.63,92.283
165.52,178.4,77.689,92.151
165.68,179.07,77.779,92.078
164.64,178.96,77.66,92.066
165.56,179.19,78.058,91.922
164.83,179.09,77.897,91.954
165.17,179.11,77.933,92.134
166.55,178.63,77.864,92.149
167.13,178.35,77.747,92.497
165.96,178.84,77.429,92.577
167.13,178.63,77.46,92.751
167.53,178.13,77.372,92.922
167.17,178.52,77.216,92.931
167.54,177.93,77.201,93.01
168.65,178.23,77.593,93.005
168.19,178.08,77.618,92.692
167.66,177.89,77.589,92.471
167.45,177.87,77.803,92.274
167.26,177.83,77.958,92.139
168.06,177.85,77.969,92.27
166.97,178.76,77.899,92.316
167.98,178.5,78.013,92.305
168.4,178.83,77.891,92.206
168.16,178.99,77.687,92.142
167.85,179.11,77.49,92.049
168.81,179.11,77.702,91.915
168.88,179.36,77.698,91.781
168.94,179.64,77.667,91.677
168.09,180.28,77.498,91.756
168.69,179.38,77.404,91.819
168.62,179.86,77.386,91.882
168.01,180.21,77.228,91.771
168.13,179.92,77.255,91.725
167.39,179.7,77.191,91.59
168.09,180.31,77.213,91.496
169.49,180.09,77.287,91.797
169.71,180.78,77.178,91.935
169.17,180.34,76.964,92.193
168.17,180.78,76.915,92.229
169.45,179.82,77.001,92.387
170.33,179.9,77.212,92.543
169.78,180.21,77.239,92.775
170.1,180.08,77.349,93.159
169.31,180.61,77.458,93.105
169.28,180.29,77.466,93.064
168.85,180.58,77.48,93.1
169.75,179.71,77.528,93.197
169.86,180.1,77.731,93.037
169.42,180.15,77.689,92.902
169.53,180.52,77.808,92.808
170.07,179.94,77.719,92.918
170.28,178.46,77.704,92.899
169.57,178.85,77.638,92.663
169.51,177.7,77.508,92.716
170.03,177.5,77.519,92.615
170.34,177.94,77.51,92.48
170.67,178.44,77.481,92.343
170.69,178.25,77.35,92.556
170.72,177.07,77.205,92.273
169.76,176.66,77.158,92.049
170.58,176.61,77.406,91.969
171.39,177.76,77.408,91.852
171.03,178.41,77.385,91.668
171.25,178.5,77.418,91.631
171.33,178.8,77.316,91.618
171.34,178.09,77.158,91.749
170.92,178.41,77.054,91.545
171.16,178.03,77.044,91.734
170.59,177.92,77.012,91.653
170.17,178.46,77.243,91.715
170.24,178.51,77.356,91.87
170,179.24,77.37,91.803
169.95,178.94,77.276,91.833
170.83,178.33,77.325,92.011
170.89,178.24,77.284,92.092
170.83,177.89,77.288,92.33
171.14,177.29,77.266,92.612
170.46,177.14,77.227,92.707
170.88,177.44,77.407,92.621
170.34,177.68,77.497,92.472
170.77,178.17,77.704,92.375
170.07,178.95,77.785,92.346
171.93,178.34,77.856,92.344
170.77,178.33,77.719,92.419
170.51,178.38,77.582,92.734
170.46,178.6,77.585,92.883
170.43,178.73,77.495,93.045
170.28,178.81,77.47,93.154
170.17,178.94,77.431,93.257
170.8,178.82,77.54,93.199
170.58,179.02,77.531,93.119
170.21,179.47,77.761,92.898
169.92,179.89,77.9,92.787
171.57,179.58,78.006,92.491
170.7,180.08,77.994,92.317
171.02,179.94,77.847,92.432
171.33,179.88,77.759,92.526
170.72,179.87,77.832,92.309
171.37,180.13,78.362,92.07
171.93,179.98,78.507,92.033
171.52,181.03,78.395,92.081
172.63,180.53,78.434,92.034
172.67,180.88,78.561,92.21
172.38,181.09,78.492,92.052
172.46,181.18,78.317,92.012
173.28,180.94,78.442,91.904
172.87,181.62,78.252,91.856
174,180.88,78.32,91.882
174.11,180.96,78.394,92.027
171.97,181.23,78.049,91.921
172.42,180.93,78.073,91.937
173.85,180.98,78.212,91.953
173.53,181.34,78.103,91.911
173.38,181.71,78.069,91.737
174.05,181.27,78.018,91.641
173.11,181.23,77.942,91.469
173.21,181.42,77.787,91.661
173.16,181.5,77.649,91.774
174.73,181.37,77.771,91.657
173.84,181.06,77.435,91.634
173.43,181.27,77.291,91.647
174.15,181.34,77.333,91.682
174.08,181.72,77.166,91.663
173.94,180.94,76.964,91.674
174.43,181.09,76.932,91.545
174.82,181.44,77.007,91.298
174.28,181.6,76.961,91.061
173.66,182,76.877,91.208
174.22,181.46,76.863,91.428
174.38,181.59,76.826,91.477
174.88,181.32,76.83,91.623
174.35,181.47,76.896,91.55
174.87,181.28,76.912,91.687
173.8,181.63,77.126,91.572
173.16,182.04,77.38,91.504
172.95,182.1,77.508,91.374
174.02,181.93,77.714,91.173
174.29,182.2,77.773,91.304
174.57,182.5,77.833,91.448
173.98,182.57,77.736,91.213
173.11,183.31,77.771,91.446
174.31,183.45,77.742,91.605
174.14,183.82,77.602,91.53
173.79,183.6,77.452,91.714
173.65,183.96,77.613,91.64
173.55,184.34,77.632,91.673
173.8,184.13,77.419,91.843
174.44,184.16,77.536,91.81
174.15,184.44,77.466,91.609
174.62,184.67,77.647,91.408
175.1,184.84,77.759,91.26
173.89,185.56,77.603,91.234
175.18,185.16,77.652,91.316
175.42,185.1,77.644,91.315
175.42,185.1,77.625,91.454
176.39,184.99,77.805,91.431
175.74,185.66,77.693,91.355
175.54,185.92,77.52,91.488
174.92,185.86,77.447,92.38
174.5,185.91,77.32,92.8
174.96,185.77,77.337,93.12
175.78,185.36,77.429,93.053
175.66,185.52,77.571,93.027
175.49,184.84,77.854,92.794
175.55,184.79,77.996,92.833
174.47,185,78.186,92.568
173.91,185.07,78.291,92.608
174.25,184.54,78.441,92.701
174.59,183.99,78.577,92.816
175.47,183.73,78.744,93.005
173.64,183.5,78.417,93.278
173.94,183.18,78.404,93.617
174.18,183.01,78.255,93.978
174.6,182.7,78.399,94.003
174.58,182.77,78.57,93.973
174.58,182.87,78.727,93.98
174.62,183.8,78.963,94.205
174.07,183.81,79.06,94.153
173.57,183.85,79.126,94.118
173.04,184.06,79.011,94.156
172.83,183.89,78.971,94.174
174.14,183.38,79.043,94.383
173.59,183.25,79.139,94.33
172.45,183.08,79.017,94.159
171.93,183.41,78.943,94.161
172.47,183.47,78.994,94.023
172.07,183.69,78.852,94.019
172.12,183.17,78.778,94.128
171.79,183.98,78.87,93.943
172.32,183.67,78.652,93.845
172.99,183.41,78.537,93.593
172.4,183.98,78.565,93.308
171.87,183.98,78.448,93.272
171.88,184.3,78.492,93.042
172.68,183.74,78.437,93.062
172.77,183,78.366,93.334
172.9,182.87,78.438,93.245
171.98,182.46,78.264,93.203
171.99,181.83,78.108,93.477
171.8,182.29,78.275,93.261
172.46,182.88,78.43,93.195
176.05,180.72,78.379,93.492
176.77,179.67,78.394,93.339
177.27,178.78,78.357,93.174
176.62,179.08,78.502,93.063
175.49,179.54,78.515,93.228
172.01,179.79,77.998,92.998
171.7,179.4,77.871,92.912
171.71,179.28,77.879,92.669
172.25,179.09,77.909,92.414
172.03,179.17,77.84,92.161
172.24,179.29,77.945,91.849
172.11,179.98,77.972,91.578
170.84,180.54,77.764,91.384
171.06,180.24,77.658,91.357
171.46,179.57,77.669,91.543
171.63,179.49,77.784,91.607
171.27,178.94,77.752,91.813
170.95,179.07,77.798,91.87
171.52,179.25,77.939,91.877
171.9,179.17,77.956,91.847
171.68,179.54,77.901,91.804
171.81,179.31,77.776,91.99
170.29,179.59,77.723,91.575
171.2,179.19,77.711,91.332
171.57,179.26,77.592,91.149
170.33,179.9,77.598,91.026
170.07,179.63,77.54,90.982
170.64,179.32,77.807,90.592
170.35,179.61,77.771,90.531
170.38,180.12,77.603,90.443
171.15,180.09,77.633,90.51
171.08,180.4,77.486,90.643
171.25,179.52,77.317,91.069
171.79,178.99,77.293,91.308
171.51,179.49,77.358,91.252
171.47,179.13,77.317,91.163
170.15,179.69,77.342,90.933
170.97,178.84,77.523,90.805
170.83,178.87,77.593,90.68
170.76,178.8,77.579,90.658
170.66,178.66,77.602,90.574
170.87,178.8,77.689,90.573
170.68,178.85,77.717,90.548
170.24,178.97,77.724,90.526
170.06,179.35,77.743,90.897
170.83,180.16,77.822,91.116
170.12,180.16,77.804,91.359
170.2,179.68,77.867,91.632
170.05,180.07,77.895,91.735
170.75,179.99,77.832,91.936
169.16,179.38,77.573,92.039
169.96,178.5,77.845,92.007
168.78,178.59,77.964,91.825
168.66,178.06,78.099,91.767
169.17,178.27,78.193,91.879
169.67,178.19,78.272,91.994
169.85,177.71,78.363,92.062
168.73,177.97,78.219,91.912
169.14,177.84,78.295,91.93
169.32,178.42,78.348,91.837
169.91,178.59,78.508,91.937
168.35,178.11,78.083,92.14
168.85,177.63,78.196,92.113
168.91,177.45,78.345,91.992
168.25,177.5,78.327,91.788
169.54,177.26,78.443,91.871
169.75,176.24,78.218,92.195
169.82,176.29,78.18,92.382
169.82,176.37,78.194,92.573
169.65,176.46,78.315,92.565
169.34,176.67,78.296,92.631
169.99,176.49,78.295,92.677
168.54,176.1,78.215,92.645
168.02,176.58,78.446,92.49
168.48,175.95,78.456,92.631
167.98,176.39,78.653,92.512
167.25,175.38,78.54,92.565
166.71,175.17,78.606,92.375
166.99,175.38,78.751,92.397
167.71,175.13,78.867,92.391
166.61,174.8,78.702,92.201
166.86,174.74,78.7,92.261
167.04,174.78,78.721,92.309
167.44,175.56,78.744,92.356
166.77,175.43,78.562,92.342
167.26,174.92,78.381,92.612
167.4,174.98,78.383,92.593
166.75,175.61,78.456,92.503
166.95,174.5,78.288,92.7
167.14,174.18,78.479,92.638
167.35,174.89,78.333,92.543
166.82,175.35,78.32,92.637
167.21,174.81,78.212,92.621
167.54,174.85,78.153,92.576
167.66,174.88,78.336,92.414
167.96,174.85,78.368,92.048
167.61,175.37,78.355,91.932
167.94,174.88,78.408,91.656
168.37,174.72,78.542,91.604
168.06,175.02,78.567,91.67
168.17,175.47,78.598,91.677
168.48,176.88,78.552,91.776
168.4,177.26,78.23,92.365
168.48,176.48,77.94,92.735
167.91,176.7,77.663,92.913
168.14,175.77,77.75,93.005
168.48,176.9,77.961,93.091
168.98,177.02,77.925,93.231
167.71,176.85,77.745,93.311
167.74,176.64,77.839,93.424
168.2,176.37,78.127,93.489
167.77,176.73,78.171,93.398
168.25,176.26,78.266,93.249
167.79,177.69,78.247,93.349
168.04,177.58,78.268,93.326
166.66,178.56,78.274,93.107
167.54,178.07,78.281,92.857
166.9,179.21,78.325,92.665
167.15,178.47,78.291,92.571
167.01,178.39,78.098,92.744
166.65,178.13,77.972,92.871
166.27,177.9,77.873,92.966
167.62,178.09,77.88,92.888
167.02,178.04,77.916,92.828
167.24,178.41,78.065,92.874
167.63,178.27,78.162,92.895
165.17,178.05,78.091,92.928
165.96,177.73,78.24,92.66
166.08,178,78.492,92.49
166.24,178.25,78.682,92.385
164.16,178.3,78.526,92.17
165.78,179.19,78.827,91.972
166.22,179.73,78.853,92.128
164.73,179.67,78.688,92.157
165.07,179.45,78.621,92.396
165.38,179.26,78.601,92.602
165.13,179.22,78.493,92.953
165.18,178.66,78.514,93.231
164.8,178.5,78.553,93.615
164.46,178.35,78.614,93.998
164.88,177.63,78.848,93.773
164.27,177.99,78.933,93.926
164.38,177.96,79.017,93.991
164.49,177.98,79.091,94.052
164.66,177.49,79.168,94.21
164.9,177.74,79.292,94.156
165.11,178,79.367,94.112
165.52,177.32,79.497,93.88
164.83,177.25,79.55,93.818
164.74,176.23,79.46,93.491
164.99,176.46,79.366,93.382
164.25,176.64,79.196,93.345
165,176.26,79.075,93.342
164.79,177.01,79.072,93.134
165.12,176.17,78.942,93.064
165.17,176.39,79.051,93.018
165.51,176.53,79.204,93.076
165.23,176.56,79.143,93.171
165.91,176.8,79.231,93.126
165.59,177.16,79.149,93.019
165.56,177.48,79.103,93.12
164.91,177.86,78.83,93.133
165.79,178.98,78.935,92.92
166.17,179.51,78.909,93.077
165.7,179.81,78.809,93.171
166.08,179.53,78.927,93.141
165.47,179.75,78.913,93.211
165.72,179.4,79.06,93.302
165.64,179.18,79.12,93.323
165.65,179.49,79.136,93.467
165.58,179.06,79.135,93.48
165.38,179.62,79.073,93.535
166.24,179.24,79.214,93.477
166.7,180.49,79.537,93.494
165.84,180.9,79.548,93.398
165.04,180.72,79.576,93.344
164.56,181.13,79.649,93.584
164.15,181.05,79.83,93.771
163.8,181.51,79.812,93.917
163.87,181.56,79.835,93.842
163.32,181.36,79.787,93.635
163.06,180.96,79.69,93.692
163.46,181.2,79.665,93.654
163.17,180.82,79.567,93.661
163.1,180.96,79.574,93.616
162.7,180.82,79.465,93.704
163.07,180.77,79.338,93.753
162.76,181.24,79.214,93.66
163.47,182.5,79.357,93.55
163.15,182.79,79.289,93.715
163.05,182.51,79.117,93.744
161.76,182.63,79.14,94.009
162.03,182.02,79.579,94.147
161.82,182.26,79.536,94.207
161.71,182.51,79.553,94.351
162.4,182.21,79.861,94.431
162.09,181.89,79.796,94.595
162.46,181.85,80.016,94.597
162.17,181.08,79.964,94.886
162.23,181.02,80.027,94.723
162.46,181.2,79.878,94.7
162.16,181.22,79.767,94.6
162.14,181.22,79.702,94.537
163.01,181.54,79.857,94.558
163.03,181.38,79.83,94.462
163.11,181.51,79.923,94.56
161.77,181.35,79.7,94.745
162.31,181.51,79.61,94.732
162.24,181.2,79.623,94.654
161.69,180.98,79.62,94.924
162.7,181.1,79.775,95.154
162.45,181.09,79.934,95.053
162.31,181.07,80.151,95.063
162.18,181.03,80.333,95.108
162.18,180.98,80.176,94.9
162.52,181.3,80.019,94.937
162.02,180.99,79.972,94.86
162.36,181.49,79.904,94.82
162.79,181.41,79.949,94.763
162.91,181.22,79.737,94.734
163.15,181.05,79.51,94.756
163.52,181.62,79.507,94.935
163.04,181.15,79.536,94.962
162.81,181.59,79.591,95.081
162.69,181.19,79.579,95.343
163.54,181.5,79.59,95.576
163.3,181.28,79.515,95.56
162.74,181.16,79.495,95.432
163.37,181.51,79.547,95.496
163.04,181.48,79.634,95.466
163.22,181.53,79.428,95.72
163.38,181.61,79.288,95.906
163.2,181.04,79.54,95.868
163.46,181.38,79.517,96.082
162.54,180.95,79.629,95.949
162.96,181.62,79.505,96.126
163.76,181.44,79.545,96.202
163.29,181.3,79.698,96.017
162.93,181.12,79.908,95.907
162.67,181.32,79.856,95.943
162.5,181.6,79.778,95.951
163.91,181.22,79.605,96.018
163.26,180.85,79.429,95.99
163.46,181.34,79.201,96.054
163.54,181.49,79.109,95.908
163.37,181.26,78.993,95.929
163.79,181.04,78.992,95.955
164.25,180.91,78.992,95.924
163.88,180.72,78.897,95.781
163.98,180.83,78.781,95.912
163.76,181.93,78.71,96.332
164.03,182.16,78.801,96.281
164.2,182.7,78.96,96.433
163.77,182.16,78.973,96.127
163.64,182.4,79.095,95.862
163.53,182.62,79.162,95.653
163.73,183.43,79.146,95.736
163.54,183.87,79.28,95.548
163.42,184.04,79.361,95.284
163.07,183.78,79.098,95.226
162.98,184.02,79.101,94.904
162.7,184.13,79.043,94.719
162.97,184.5,78.936,94.823
163.04,184.08,79.188,94.714
162.39,183.76,79.328,94.627
162.55,184,79.539,94.604
159.25,184.63,79.176,94.448
158.74,184.14,79.167,94.534
157.87,184.03,79.001,94.776
158.26,184.49,79.085,94.608
159.77,184.43,79.216,94.714
158.28,184.83,79.179,94.603
157.88,184.72,79.029,94.671
158.15,184.23,79.085,94.474
157.56,184.79,79.203,94.611
157.09,185.75,79.3,94.509
156.77,185.58,79.363,94.536
157.33,185.46,79.497,94.7
157,184.76,79.508,94.684
156.48,184.62,79.448,94.863
156.51,184.13,79.518,95.002
155.72,183.97,79.488,95.232
155.61,184.32,79.725,95.186
155.96,184.2,79.733,95.269
154.9,184.89,79.693,95.199
154.98,185.44,79.765,95.049
154.18,184.61,79.75,95.209
154.04,184.28,79.782,95.428
153.59,183.35,79.717,95.684
153.08,182.78,79.812,95.929
153.9,183.24,79.832,96.196
152.99,183.25,79.865,96.089
153.1,182.15,79.924,96.36
153.11,182.12,80.01,96.447
153.13,181.93,80.061,96.606
152.78,181.53,80.197,96.554
153.18,181.49,80.358,96.506
153.6,181.45,80.483,96.47
152.92,181.78,80.578,96.214
152.91,181.31,80.638,96.269
153.08,181.96,80.674,96.379
153.22,181.86,80.765,96.524
152.21,180.45,80.802,96.615
152.23,181.22,80.791,96.751
152.84,181.28,80.82,97.04
153.18,180.8,80.791,97.012
151.88,179.74,80.69,96.823
151.48,180.34,80.771,96.872
152.21,180.59,80.84,97.196
151.42,180.46,81.002,97.184
152.46,180.72,80.913,97.178
152.17,181.67,80.989,97.069
152.13,181.23,80.955,96.97
152.44,180.62,81.063,96.918
151.43,180.93,81.045,96.869
151.52,181.63,81.066,96.686
151.44,181.02,81.074,96.641
152.7,180.99,80.944,96.75
152.39,181.94,81.194,96.623
152.81,182.23,81.252,96.667
152.01,180.95,81.048,96.311
152.31,181.38,80.99,96.435
152.49,181.16,80.969,96.521
152.66,180.94,80.936,96.623
150.93,180.17,80.769,96.439
151.31,181,80.67,96.478
150.39,181.24,80.708,96.291
150.71,181.71,80.694,96.27
151.84,182.75,80.679,96.374
152.29,183.45,80.822,96.569
152.2,183.57,80.976,96.716
151.96,183.01,80.993,96.539
151.82,182.61,81.021,96.449
151.67,182.83,81.024,96.498
151.55,182.42,81.034,96.383
151.22,182.52,80.789,96.887
151.95,182.26,80.414,97.175
151.67,182.04,80.342,97.31
150.9,181.29,80.289,97.149
150.22,181.35,80.175,97.043
151.35,181,79.972,97.152
151.56,180.77,79.755,97.264
150.21,180.74,79.815,97.3
149.85,180.78,79.822,97.148
149.51,180.93,79.851,96.968
150.11,181.01,79.862,96.915
149.01,181.09,79.968,96.96
149.16,181.43,79.794,97.069
149.4,181.9,79.662,97.085
149.7,181.88,79.647,97.484
149.27,180.87,79.724,97.308
150.3,180.26,79.704,97.523
150.3,181.03,79.726,97.466
150.03,181.37,79.814,97.401
150.2,182.02,80.031,97.067
150.51,181.63,80.129,96.819
148.85,181.17,79.94,96.508
149.57,181.33,79.865,96.24
149.6,181.94,79.832,96.077
148.99,181.65,79.781,95.898
149.91,181.33,79.773,95.855
149.78,181.31,79.745,95.867
149.51,181.23,79.727,95.736
149.25,181.12,79.7,95.716
149.36,181.78,79.795,95.454
148.96,181.63,79.695,95.254
149.26,181.96,79.685,95.069
150.08,182.78,79.707,95.254
150.52,183.2,79.824,95.339
150.89,183.19,80.005,95.416
150.88,183.33,80.067,95.644
150.45,181.97,80.343,95.501
150.38,181.8,80.448,95.83
150.76,182.38,80.496,96.184
150.47,181.85,80.504,96.344
150.8,182.42,80.474,96.33
150.67,181.94,80.569,96.281
150.32,182.12,80.509,96.241
149.77,181.91,80.585,96.183
150.63,182.14,80.539,96.19
150.53,182.73,80.517,96.127
151.1,182.68,80.475,96.267
150.55,182.37,80.698,96.203
150.24,182.72,80.792,96.441
150.64,182.59,80.789,96.568
149.41,182.37,80.866,96.418
150.59,181.92,80.784,96.445
150.82,182.14,80.881,96.281
150.63,182.64,81.04,96.2
150.17,183.26,81.113,95.998
149.27,182.89,81.046,96.072
148.97,182.27,81.207,96.193
150.23,182.24,81.32,96.121
150.69,182.42,81.402,96.09
150.29,183.25,81.527,96.046
149.57,182.93,81.457,95.971
149.64,183.44,81.44,96.142
150.25,182.6,81.543,96.464
150.23,182.69,81.594,96.489
150.18,182.66,81.583,96.529
149.7,182.32,81.522,96.674
150.38,181.56,81.497,96.837
149.53,181.91,81.578,97.178
149.98,181.46,81.58,97.306
149.88,181.39,81.563,97.297
149.74,181.31,81.531,97.314
149.66,181.18,81.521,97.269
150.51,181.2,81.338,97.38
149.66,182.14,81.193,97.46
150.13,182.62,81.133,97.416
150.24,181.92,80.958,97.238
149.71,182.1,80.939,97.046
150.16,181.52,80.76,96.907
149.97,182.16,80.893,96.763
149.77,183.02,80.972,96.368
149.83,183.82,81.165,96.119
149.89,184.53,81.298,95.939
149.95,184.42,81.219,96
149.67,183.58,81.043,95.778
149.56,183.34,80.953,95.757
149.49,183.15,80.863,95.686
150.68,182.88,80.843,95.48
149.83,183.02,80.787,95.403
150.43,182.65,80.81,95.527
150.21,182.9,80.831,95.521
150.41,182.87,80.855,95.559
150.75,183.08,80.881,95.848
150.31,183.34,80.97,95.872
149.96,183.29,81.142,95.997
149.6,183.23,81.304,96.143
150.74,182.75,81.15,96.212
150.56,183.68,81.202,96.227
149.59,183.53,81.106,96.118
149.34,183.99,80.931,96.055
149.65,183.84,80.769,96.133
149.92,183.61,80.634,96.222
149.14,183.54,80.637,96.2
148.37,183.29,80.767,96.032
147.77,183.87,80.724,95.912
148.19,184.06,80.741,96.244
148.95,183.89,80.902,96.435
149.13,183.47,80.985,96.393
149.18,184.17,81.188,96.497
148.36,183.86,81.27,96.649
148.51,183.2,81.222,96.903
148.64,182.63,81.213,97.086
148.08,183.36,81.351,96.902
148.64,183.54,81.427,96.886
148.74,184.64,81.574,96.992
148.84,184.22,81.519,96.836
149.73,184.44,81.45,96.861
149.01,184.86,81.301,96.458
149.02,184.88,81.022,96.286
149.28,184.6,80.699,96.26
149.9,184.08,80.545,96.239
150.77,184.18,80.508,96.254
150.39,184.77,80.608,96.237
148.95,184.76,80.555,96.048
148.38,185.75,80.795,95.653
148.98,185.74,80.659,95.703
148.22,185.39,80.764,95.796
147.92,184.64,80.867,95.603
147.58,183.89,80.711,95.504
148.19,183.82,80.562,95.639
147.31,183.55,80.5,95.728
147.22,183.69,80.451,95.603
147.52,183.93,80.397,95.875
147.51,184.01,80.413,95.743
146.69,183.67,80.462,95.916
146.32,183.44,80.295,96.284
145.92,183.29,80.204,96.539
145.52,183.17,80.156,96.778
146.3,182.62,80.407,96.914
146.15,182.14,80.386,96.718
146.33,182.32,80.504,96.454
145.97,182.81,80.634,96.528
146.41,182.89,80.638,96.688
146.4,182.79,80.544,96.686
146.16,183.36,80.623,96.657
146.86,183.6,80.342,96.72
146.94,184.02,80.162,96.781
146.99,184.32,79.986,96.846
146.22,183.96,79.827,96.591
146.04,184.01,79.758,96.31
145.95,184.8,79.673,96.266
145.48,184.67,79.675,96.176
146.03,184.52,79.563,96.181
146.11,184.55,79.604,96.323
145.36,184.18,79.689,96.262
145.8,184.93,79.721,96.317
144.29,184.73,79.725,96.111
145.04,184.49,79.713,95.967
145.25,184.81,79.752,95.915
143.72,184.58,79.617,96.088
143.34,184.49,79.769,96.196
143.49,184.24,80.009,96.083
143.75,184.13,80.053,96.263
144.37,184.45,80.017,96.223
143.5,184.6,80.116,96.36
143.48,184.94,80.114,96.248
142.68,184.4,80.051,96.184
142.34,184.86,80.045,96.142
143.11,184.41,79.882,96.09
142.98,185.07,79.967,95.921
142.93,184.59,79.875,95.868
141.44,184.05,80.049,95.651
141.78,184.29,80.164,95.733
141.56,184.22,80.259,95.666
141.48,183.83,80.294,95.602
141.33,183.68,80.406,95.368
140.88,184.5,80.728,95.238
141.15,184.61,80.745,95.315
140.38,184.66,80.851,95.332
140.27,184.93,80.923,95.307
140.99,184.71,80.945,95.277
139.88,184.38,81.176,94.926
140.1,184.95,81.499,94.984
139.96,185.14,81.723,94.718
138.49,185.86,82.06,94.739
137.76,185.57,82.383,94.529
137.49,185.89,82.667,94.584
137.72,186.01,82.927,94.82
136.95,185.88,83.346,94.73
135.27,186.28,83.56,95.065
135.19,186.04,83.881,95.237
135.47,185.48,83.941,95.441
134.35,185.97,84.277,95.189
133.23,186.11,84.301,95.224
132.6,185.82,84.106,95.264
131.6,184.87,84.01,95.152
131.06,184.69,83.8,95.59
131.19,184.46,83.608,96.115
130.96,183.82,83.459,96.378
128.86,183.41,84.356,96.485
126.65,182.25,85.126,97.348
125.14,181.46,85.344,98.364
119.64,180.25,86.151,99.686
118.22,178.64,86.612,101.18
115.83,177.86,86.865,102.89
117.01,177.93,86.831,104.47
112.59,177.15,87.059,104.68
109.17,177.03,86.821,105.13
108.5,175.81,87.037,105.56
108.16,175.38,87.449,106.16
104.82,175.46,86.984,106.25
102.4,176.02,86.345,106.63
101.97,176.25,86.483,106.35
99.905,175.69,86.546,106.28
97.687,174.1,87.691,105.92
96.331,173.13,88.11,106.06
96.088,172.44,88.326,106.23
95.6,171.91,89.252,106.79
94.593,172.75,90.499,106.7
94.386,172.33,91.202,107.08
91.509,173.63,92.835,106.52
90.103,174.39,93.846,106.09
87.656,174.31,94.043,105.74
87.126,173.56,93.942,105.71
85.361,173.72,93.145,105.91
81.202,173.55,90.965,106.69
80.804,173.73,89.229,107.44
80.855,173.02,87.702,108.15
77.71,173.56,85.047,109.4
76.709,173.86,82.594,110.25
77.382,174.82,80.563,111.45
76.16,174.58,80.278,110.94
71.9,176.65,80.669,110.94
70.546,176.83,81,110.73
70.349,176.8,81.348,110.55
69.479,174.23,81.505,111.85
68.138,173.39,81.984,113.65
67.498,172.05,82.315,115.07
62.134,170.36,84.36,116.03
61.297,168.3,85.733,118.08
59.708,167.39,87.128,119.62
58.758,165.87,88.336,121.24
56.361,165.8,88.455,122.45
55.519,166.56,89.138,122.57
54.871,167.13,89.652,122.47
54.826,167.56,89.977,122.03
49.946,168.89,90.722,119.81
46.93,169.26,90.391,117.8
46.998,169.75,89.739,116.19
43.728,169.43,89.434,114.9
41.298,170.19,89.666,113.86
40.247,170.17,89.279,113.45
40.809,171.34,88.672,112.8
37.674,170.38,89.174,112.01
35.212,171.17,88.893,111.23
34.209,171.24,88.502,110.56
30.374,173.68,89.076,109.29
29.099,175.04,89.543,109.13
27.336,175.35,89.213,109.04
26.585,175,88.811,109.34
25.2,174.77,87.844,109.67
25.191,174.97,86.526,109.94
26.397,175.49,85.103,109.67
27.082,175.66,84.118,109.39
24.812,176.26,83.472,108.59
24.576,176.63,82.379,107.99
24.953,177.45,81.403,107.7
23.293,178.47,80.786,107.59
21.973,178.27,80.187,107.76
22.272,178.13,79.68,108.04
22.518,178.04,79.292,108.18
21.649,178.46,79.602,108.66
19.251,178.21,80.742,109.2
18.952,178.43,81.222,109.73
18.387,175.28,82.389,111.24
18.623,173.7,83.213,112.64
16.669,171.79,84.412,113.58
16.6,171.94,85.386,114.44
13.914,170.74,86.384,115.96
12.454,170.87,87.391,116.94
12.261,171.04,88.158,117.75
11.504,170.26,88.8,118.51
9.1817,169.81,89.539,119.3
7.8981,170.25,90.015,119.93
7.1609,169.11,90.011,121.26
5.691,168.64,89.624,121.06
4.0799,168.86,88.917,120.58
3.3563,169.68,88.326,120.24
4.0682,170.1,87.78,120.04
3.1883,169.56,87.11,119.08
2.1292,170.29,86.685,118.17
2.0708,170.85,86.16,117.39
0.15037,170.26,85.286,117.35
0.10463,170.94,84.729,117.21
-0.08741,171.25,84.171,116.99
0.40012,170.84,83.541,117.01
0.37159,173.25,82.6,117.01
-0.38674,172.49,81.5,116.71
0.39177,173.41,80.63,116.55
0.70154,173.6,79.963,116.17
-1.0772,173.02,79.416,114.64
-1.4441,173.68,78.48,113.86
-1.6077,174.44,77.714,113.13
-2.4298,174.63,76.522,111.6
-1.8068,173.72,75.868,110.92
-1.5994,173.05,75.338,110.12
-1.6823,173.32,74.876,109.58
-2.0129,172.83,74.922,109.91
-1.5684,172.38,74.949,109.98
-1.6942,171.63,74.776,110.1
-2.4189,171.25,74.547,108.12
-2.4549,171.97,74.184,106.34
-2.9597,172.17,73.483,105.12
-2.8565,172.01,73.044,104.4
-3.272,171.84,72.326,103.43
-2.329,172.43,71.864,102.49
-3.2976,172.67,71.095,101.36
-2.5873,174.1,70.701,100.7
-2.6627,173.8,70.342,100.34
-3.2186,173.76,70.047,99.685
-2.9893,174.07,69.819,99.422
-2.6294,174.02,69.393,99.315
-1.8641,174.07,69.21,98.899
-1.2894,174.4,68.975,98.525
-1.0347,174.22,68.688,98.187
0.62183,172.06,65.862,100.71
1.8037,171.89,64.299,102.22
2.8972,170.91,62.905,103.69
1.6555,170.36,61.837,104.83
2.2062,170.29,60.806,105.9
2.0595,169.33,59.881,106.67
2.1274,168.68,59.097,107.31
1.3125,166.79,58.066,108.58
1.864,165.44,57.162,109.62
2.1644,164.97,56.64,110.23
2.388,164.65,56.245,110.61
1.8984,164.26,56.057,111.02
2.3744,163.64,55.978,111.33
2.7688,164.19,56.006,111.37
2.2982,163.39,56.01,111.52
2.2894,162.25,56.057,111.94
2.5062,162,56.029,112.47
2.2625,161.73,56.154,112.73
2.1121,160.32,56.398,113.49
1.8719,159.69,56.595,114.29
1.6712,159.86,56.892,114.81
1.3167,158.3,57.093,115.37
1.6365,157.57,57.288,116.11
1.9639,156.83,57.522,116.76
1.6374,155.7,57.874,117.9
2.3354,154.64,58.146,118.69
1.5554,153.85,58.387,119.54
2.2352,153.17,58.55,120.27
1.8777,152.08,58.789,120.98
1.4343,151.74,58.91,121.9
2.5094,150.53,58.893,122.99
1.5443,150.77,59.12,123.58
2.1254,151.14,59.12,124.07
1.9076,151.27,59.219,124.35
1.1285,151.08,59.443,124.83
2.2051,150.23,59.37,125.31
0.60106,150.27,59.299,125.12
1.55,150.19,59.11,125.67
1.8047,149.55,58.973,126.1
0.95441,150.08,58.885,125.64
0.95089,149.85,58.797,125.79
0.3472,150.16,58.569,125.37
0.13988,150.34,58.445,124.77
1.0905,149.91,58.441,124.55
1.6054,149.76,58.33,125.04
1.1511,149.93,58.191,125.04
0.71617,150.34,58.116,124.95
0.60568,150.74,58.053,124.49
1.2391,150.72,58.047,124.29
0.68014,151.49,58.002,123.84
0.60232,152.01,57.94,123.28
1.2716,151.66,57.856,123.1
1.5896,151.91,57.787,122.95
1.7952,152.08,57.71,122.77
1.0258,152.71,57.582,122.59
1.4963,152.37,57.316,122.76
0.65011,153.16,57.171,122.44
1.6408,152.74,57.062,122.64
1.7834,153.03,57.008,122.57
1.7571,152.51,57.013,122.83
2.0981,152.08,57.073,123.18
1.1581,152.24,56.945,123.15
1.4156,151.26,56.951,123.57
2.0865,150.34,56.983,123.88
1.1243,151.29,56.975,123.78
1.6441,150.62,57.032,124.01
2.0464,149.96,57.1,124.27
2.1588,150.25,57.203,124.27
2.3414,150.24,57.318,124.51
1.9097,149.59,57.498,124.7
2.5236,149.06,57.476,125.33
2.6196,148.73,57.681,125.46
2.8923,149.85,57.812,125.7
0.33755,151.29,57.679,125.97
-0.26159,150.35,57.552,126.22
-0.011429,150.18,57.592,126.34
0.23769,150.01,57.635,126.46
0.69668,150.79,57.829,126.78
0.34406,150.97,58.095,126.63
0.59168,151.86,58.293,127.06
1.0512,152.48,58.523,127.61
1.1596,152.96,58.837,127.81
1.1975,152.48,59.259,128.04
1.5664,152.64,59.467,127.94
1.1335,152.74,59.663,127.92
1.6429,152.81,59.824,128.16
0.88047,152.67,59.99,128.12
1.8075,152.68,60.036,128.63
1.52,152.8,60.215,128.76
1.1879,153.06,60.36,128.87
1.507,152.46,60.282,129.08
1.6743,151.33,60.258,129.33
1.7649,151.73,60.325,129.53
1.7126,152.27,60.53,129.54
1.8173,152.16,60.777,129.48
1.3577,151.68,60.903,129.23
1.9276,151.64,60.909,129.05
1.8945,151.75,61.029,129
2.0589,151.62,61.193,128.76
0.99713,151.16,61.344,128.78
1.7192,151.45,61.392,128.78
0.58093,151.16,61.429,128.63
1.1775,152.04,61.404,128.73
1.6563,151.72,61.442,128.66
1.0411,151.51,61.497,128.63
1.2283,151.77,61.48,128.56
1.5854,151.33,61.419,128.56
1.1041,150.94,61.421,128.61
1.6332,151.08,61.389,128.59
1.122,151.72,61.475,128.78
1.8218,151.56,61.42,128.92
0.38033,149.99,61.234,129.11
1.1459,150.86,61.278,129.26
2.0371,151.55,61.386,129.04
1.6016,150.54,61.351,129.09
0.48063,148.76,61.309,129.25
0.63209,149.18,61.36,129.23
1.3594,149.49,61.453,129.31
0.99034,148.86,61.38,129.26
1.1673,148.9,61.461,129.13
1.8081,149.16,61.491,129.08
0.73374,147.48,61.337,129.25
1.6307,147.19,61.19,129.5
2.0924,147.63,61.08,129.47
1.9428,147.6,61.213,129.58
1.2617,147.23,61.383,129.61
1.8216,147.68,61.169,130.14
1.1619,146.83,61.31,130.33
1.4554,147.41,61.096,130.41
0.2865,145.37,61.19,130.73
0.8519,145.57,60.983,130.84
1.9185,146.59,60.909,130.9
2.0788,146.45,61.015,130.81
1.125,146.13,61.34,130.73
1.4132,147.33,61.313,130.55
1.4941,146.24,61.477,130.57
1.6998,146.25,61.537,130.54
1.9514,146.42,61.594,130.54
1.7108,147.68,61.647,130.44
0.28329,146.11,61.834,130.75
0.85231,146.28,61.719,130.8
1.5284,146.78,61.676,130.68
0.94574,145.96,61.744,130.46
1.6149,146.53,61.643,130.33
2.3003,146.1,61.75,130.15
1.3507,146.61,61.866,130.32
1.1202,146.89,61.915,130.36
0.84699,145.87,62.01,130.43
1.6613,146.02,61.92,130.55
1.5692,146.34,61.939,130.53
1.5135,146.72,61.965,130.43
1.7619,147.62,62.086,130.45
1.6175,146.84,62.246,130.46
0.93122,146.79,62.418,130.47
1.347,146.03,62.415,130.76
2.061,146.32,62.521,130.84
1.5586,147.15,62.664,131.04
1.7157,146.87,62.816,131.05
1.6862,147.5,62.784,131.15
1.2387,146.97,62.915,130.78
0.73559,147.16,63.122,130.59
1.3594,146.88,62.959,130.66
1.4908,147.6,63.06,130.43
1.7114,147.78,63.195,130.36
1.9643,148.05,63.318,130.3
1.0025,148.26,63.495,129.95
1.2977,148.47,63.44,129.93
1.014,147.86,63.641,129.65
2.203,147.55,63.44,129.88
2.0752,147.82,63.589,129.93
1.3174,148.05,63.757,129.94
1.9161,148.23,63.627,130.28
1.9439,148.13,63.72,130.24
1.7671,148.26,63.727,130.09
1.1016,148.9,63.715,130.12
1.5796,148.73,63.644,130.22
2.037,148.83,63.486,130.11
1.2082,148.92,63.613,129.89
1.7331,149.41,63.489,129.74
1.6,149.09,63.475,129.65
1.367,149.82,63.563,129.31
0.98281,149.06,63.354,129.37
1.1425,149.21,63.145,129.39
1.179,149.74,63.053,129.31
1.7066,149.65,62.961,129.28
0.59425,147.98,62.895,129.52
1.3708,147.97,62.734,129.71
1.2594,148.88,62.751,129.78
0.48868,149.02,62.906,129.52
1.3007,149.05,62.901,129.64
0.53573,149.26,63.019,129.43
0.93355,148.38,62.813,129.36
0.30619,147.72,62.727,129.38
0.59889,147.8,62.657,129.68
1.3419,148.38,62.615,129.81
0.98808,148.51,62.603,129.46
0.64959,148.62,62.561,129.14
0.7246,149.01,62.453,129.17
0.78994,147.3,62.195,129.1
1.1983,147.79,62.017,129
1.0391,147.53,61.868,128.86
1.2848,148.05,61.79,128.79
1.5263,148.57,61.721,128.71
1.3383,148.2,61.622,128.5
1.1046,147.81,61.541,128.34
1.3788,147.16,61.445,128.19
1.4377,147.05,61.404,128.06
0.85509,146.22,61.279,128.07
1.5054,146.34,61.243,128.09
1.1643,147.57,61.309,127.94
1.5929,148.04,61.227,127.93
0.97933,148.38,61.252,127.84
1.7108,147.88,61.154,127.97
1.3047,148.65,61.205,127.93
2.2374,148.66,61.179,127.98
1.9627,148.27,61.182,128.07
1.2914,147.72,61.183,128.06
1.5261,148.36,61.062,128.12
0.84324,147.96,60.988,127.91
1.7267,148.15,60.885,127.93
1.8646,148.33,60.882,127.93
1.9779,148.81,60.954,127.79
1.7239,148.1,60.895,128
1.5585,148.43,60.913,127.87
1.5957,148.81,60.945,127.7
1.3543,147.99,60.941,127.79
1.3969,148.33,60.961,127.66
1.4199,149.12,61.001,127.51
1.2045,148.48,60.978,127.55
1.1968,148.97,61.036,127.43
0.99635,148.12,61.041,127.51
1.0036,149,61.068,127.4
0.87868,148.85,61.048,127.43
1.7142,148.85,60.897,127.32
1.1099,149.1,60.96,127.3
1.6549,149.78,61.002,127.26
0.85625,149.32,61.05,127.44
1.883,149.99,60.843,127.61
1.3294,149.53,60.846,127.83
1.5936,150.58,60.966,127.74
1.7555,150.66,60.983,127.9
1.6143,150.25,60.969,127.96
1.6735,149.83,60.972,127.94
1.678,149.35,60.973,127.97
1.6084,149.87,61.054,127.9
1.2179,149.3,60.982,127.96
0.97202,150.14,61.169,127.79
0.79837,149.41,61.231,127.84
1.3085,150.05,61.248,127.61
1.2019,149.51,61.287,127.73
1.7326,149.82,61.345,127.68
0.81277,149.42,61.386,127.7
0.92834,149.27,61.265,127.69
0.23695,149.51,61.307,127.54
0.40669,150.1,61.403,127.47
0.50903,149.93,61.302,127.4
0.60523,149.78,61.213,127.31
0.75104,149.84,61.076,127.37
0.64314,149.49,60.964,127.46
0.2293,148.35,60.656,127.43
0.68584,149.06,60.636,127.34
0.75902,148.93,60.508,127.25
0.85127,148.77,60.404,127.16
0.75822,149.24,60.469,126.85
0.81064,149.55,60.48,126.91
0.27977,148.8,60.361,126.86
0.38853,149.25,60.395,126.8
0.40847,150.74,60.505,126.63
0.67958,149.97,60.429,126.83
0.89556,150.26,60.379,126.82
0.48558,149.9,60.129,126.52
0.51683,149.58,59.902,126.28
0.67647,149.81,59.697,126.19
0.47623,149.39,59.597,126.13
0.73193,150.2,59.383,126.28
1.0538,150.2,59.254,126.6
0.66118,149.57,59.298,126.65
1.3298,149.73,59.212,127.47
1.6086,148.53,59.269,128.59
2.0111,147.56,59.47,129.47
1.287,147.08,59.717,130.11
2.4297,146.96,59.97,130.47
1.6673,146.74,60.865,130.84
0.9855,146.11,61.631,131.31
2.1659,146.75,61.837,131.65
0.0017815,147.73,61.687,131.87
0.71368,147.6,61.387,132.38
0.5465,147.31,61.131,132.81
-3.396,147.83,59.041,133.53
-3.1968,146.56,56.531,134.88
-2.9974,146.2,54.65,135.49
-3.2832,147.13,52.383,136.06
-3.0362,147.16,50.733,136.79
-2.5459,147.46,49.492,137.42
-1.6884,147.51,48.514,137.76
-2.3377,148.87,48.012,137.19
-2.1032,148.85,47.683,136.7
-1.9189,148.97,47.445,136.16
-0.24767,148.72,47.358,135.49
0.14578,147.04,46.915,135.43
1.0967,146.52,47.23,134.92
1.4387,146.15,47.714,134.35
4.1001,149.01,50.024,133.33
4.2955,149.67,52.512,131.94
3.133,150.13,54.509,131.45
3.1338,149.99,56.04,131.21
3.6261,152.19,57.992,131.12
4.4202,153.09,60.086,131.5
4.2566,152.8,61.908,132.05
3.5178,153.95,63.235,133.54
2.9032,153.84,64.4,134.61
2.789,153.84,65.605,136.06
2.3142,153.7,66.866,136.79
4.0361,156.33,67.831,138.91
4.353,156.3,68.691,140.49
4.1949,156.11,69.41,141.73
4.1177,156.04,69.945,142.63
2.8359,155.53,70.031,143.28
2.9304,153.99,70.044,144.65
2.3446,153.35,69.984,146.29
1.9317,151.57,70.292,146.89
0.94774,149.42,70.289,147.31
0.66525,148.95,70.216,148.05
1.0707,148.9,70.138,148.81
0.82681,146.46,70.231,149.64
1.8878,147.59,70.446,151.42
0.93841,146.31,70.799,152.72
-0.14962,148.93,70.712,155.82
0.58774,148.17,70.95,157.99
0.94825,149.02,71.191,160.55
0.089611,147.57,71.374,162.59
2.1995,150.89,71.632,164.74
-0.43909,150.81,71.901,167.37
-1.3373,149.64,72.032,169.25
-1.3913,149.46,72.154,171.02
0.1125,148.41,72.368,172.19
1.457,146.95,72.66,172.77
1.3803,147.65,72.77,173.8
1.4957,148.47,72.814,175.3
1.5484,148.36,73.098,175.85
1.5741,148.17,73.317,176.59
1.5079,147.97,73.5,177.37
2.622,149.31,74.137,179.89
2.0282,148,74.831,180.46
1.8723,147.25,75.443,180.64
2.9246,145.68,76.727,180.15
2.7992,145.49,78.004,180.42
3.1568,143.94,79.507,180.85
3.0815,144.48,80.621,181
4.1466,144.37,82.034,183.04
4.1172,143.43,83.514,185.21
4.3045,142.25,84.627,186.84
3.7529,141.7,85.831,188.32
4.8895,142.51,87.955,189.49
3.3593,144.6,88.419,191.41
2.4387,144.71,88.9,192.95
0.1231,147.97,88.204,194.49
-0.28485,148.47,87.491,196.38
0.71244,148.05,87.307,197.87
0.11105,148.29,86.99,199.09
1.439,144.41,87.101,200.93
1.3395,142.34,87.33,203.17
0.96272,142.17,87.544,205.4
2.0944,140.63,88.067,208.09
1.1947,138.26,88.517,210.16
1.4491,138.62,88.786,212.29
1.6495,138.08,89.145,214.08
1.7742,138.73,89.922,217.49
3.0461,137.91,90.939,219.84
2.0804,138.11,91.837,221.29
0.46916,137.6,91.917,222.78
0.52758,138.47,92.023,222.9
1.4186,137.81,92.997,223.73
1.8358,137.21,93.674,224.67
0.35561,138.76,95.109,223.57
0.71913,140.74,96.789,222.65
0.1243,142.01,98.132,221.95
-0.50893,142.24,99.074,221.76
3.8166,143.29,101.57,221.75
6.6337,143.01,104.01,222.54
5.5553,143.3,105.99,223.19
9.5728,141.66,108.11,225.67
9.7455,139.47,110.62,227.05
9.9905,139.22,113.32,228.69
9.8179,137.08,116.01,229.44
17.31,135.51,121.75,229.16
19.195,136.57,130.03,226.92
18.05,136.86,137.51,225.95
16.576,137.89,143.25,225.77
22.003,137.17,149.18,226.17
32.192,143.64,163.56,221.22
34.82,140.37,167.6,220.38
39.987,149.67,183.67,214.92
44.895,151.81,196.86,211.84
41.763,154.13,205.1,209.79
37.838,154.56,211.59,208.5
45.163,153.25,222.03,203.55
51.425,152.16,228.03,202.44
57.103,150.07,235.77,203.1
88.912,145.79,249.05,203.98
94.528,142.55,259.74,206.27
110.03,138.12,265.19,208.76
116.32,132.24,268.25,212.87
168.01,136.05,270.26,214.24
190.28,142.5,269.36,213.42
202.05,147.02,268.12,211.46
206.46,148.78,266.2,209.36
217.43,150.54,262.29,207.96
231.81,157.14,257.87,204.69
236.62,163.25,255.41,201.33
237.44,183.35,258.79,189.34
237.32,198.23,258.51,177.76
242.33,209.64,255.76,167.15
247.67,216.66,251.01,158.13
312.33,176.79,219.89,171.26
330.65,153.34,195.18,187.8
347.46,140.21,171.78,205.87
357.17,99.191,152.17,226.35
365.09,86.168,135.46,243.23
341.9,18.762,133.9,243.37
343.14,21.65,132.12,243.23
372.78,131.97,123.59,242.05
375.81,135.19,114.28,239.89
379.54,138.68,107.47,235.83
383.11,142.16,102.02,231.69
386.15,150.29,98.08,227.19
383.98,150.66,96.027,223.2
384.55,152.38,95.177,219.42
393.64,138.31,90.889,218.75
398.87,131.98,86.485,217.49
401.39,130.53,82.3,216.5
403.62,130.24,78.922,215.31
400.8,119.09,78.546,208.99
397.2,115.28,80.068,201.31
397.61,118.25,81.293,195.28
394.59,118.64,82.089,188.14
394.35,119.79,82.951,181.51
391.83,123.5,83.929,175.19
390.89,124.59,84.323,169.89
376.21,127.88,88.404,159.63
363.75,128.39,90.328,152.22
360.65,128.62,92.04,147.36
359.98,130.97,92.955,144.31
352.3,129.11,92.977,140.04
341.48,127.25,92.23,136.09
340.48,126.12,92.337,133.68
335.22,123.14,91.751,130.3
332.18,120.36,92.051,126.05
332.86,120.15,92.107,122.86
332.96,120.13,91.857,120.26
335.24,119.44,89.953,118.06
335.44,122.33,87.744,115.45
336.38,124.14,85.827,113.12
333.99,126.65,84.959,109.85
333.68,128.82,84.424,107.41
331.97,128.27,83.554,106.13
332.01,128.51,82.823,104.66
331.09,126.54,80.818,103.07
330.69,126.98,79.414,101.22
331.26,127.7,78.384,99.649
332.63,128.1,77.474,98.442
329.9,125.42,75.912,97.154
327.74,123.92,74.844,96.283
328.21,123.66,74.438,95.151
324.95,124.47,73.811,93.808
323.9,124.76,73.418,92.569
323,125.45,72.801,91.818
323.13,125.37,72.219,91.399
322.53,124.57,70.759,89.444
322.2,124.67,69.666,88.683
322.02,125.04,68.824,87.929
319.48,123.45,69.441,86.206
318.44,123.35,69.837,85.274
317.69,121.27,70.345,84.215
317.95,121.43,70.853,83.652
315.88,120.34,71.374,82.156
315.2,118.85,71.615,80.988
314.41,118.41,71.911,80.252
314.45,117.9,71.907,79.82
314.06,119.75,72.304,79.577
313.86,118.93,73.051,79.485
312.96,119.35,73.826,79.701
311.12,117.72,74.991,79.353
308.51,117.75,76.441,79.088
307.44,117.42,77.461,79.014
306.26,117.1,78.35,79.061
304.34,116.76,79.964,77.852
302.68,116.58,81.49,76.642
302.11,116.45,82.488,76.322
300.26,114.91,82.662,76.394
298.98,114,83.101,76.703
297.03,113.93,83.134,77.013
297.06,113.66,83.254,77.539
294.34,112.19,82.613,77.224
293.74,110.84,81.84,77.685
294.27,111,81.331,77.814
294.78,111.21,80.935,77.849
294.75,111.67,79.748,77.866
295.17,112.13,78.904,78.388
295.67,111.75,78.512,78.323
295.05,111.69,78.015,77.503
295.21,112.68,77.465,76.938
296.19,112.13,76.98,76.386
295.9,112.54,76.605,75.994
294.88,112.79,76.61,75.848
294.91,113.21,76.344,75.489
295.85,112.87,75.977,75.229
297.87,112.38,75.68,74.773
297.65,112.25,75.516,74.681
297.3,113.06,75.463,74.236
297.64,113.3,75.42,74.038
299.24,112.95,74.949,73.667
299.79,113.73,74.488,73.345
300.3,114.03,73.927,73.076
300.71,112.97,73.655,72.743
300.04,112.98,73.06,72.524
300.63,112.52,72.67,72.493
300.66,112.87,72.343,72.479
302.64,112.69,71.839,72.051
304.03,112.05,71.419,71.848
304.62,112.47,70.955,72.063
305.07,111.91,70.765,71.957
306.05,112.4,70.588,71.895
306.56,111.81,70.403,71.652
306.37,111.66,70.273,71.552
307.56,112.39,70.353,71.118
308.33,112.6,70.478,70.674
309.91,112.47,70.671,70.204
310.6,112.36,70.852,69.829
312.62,111.85,71.11,69.518
313.35,111.54,71.31,69.477
314.23,111.49,71.27,69.688
314.39,111.39,71.187,69.885
314.45,111.3,71.455,70.22
315.35,111.16,71.63,70.55
315.93,111.35,71.706,70.807
315.61,112.73,71.645,70.832
314.91,112.19,71.261,70.897
314.06,111.89,71.062,70.975
313.78,112.66,70.979,71.154
315.59,112.84,71.048,71.114
315.75,113.34,71.495,71.155
315.74,113.32,71.752,71.077
315.2,113.59,71.544,70.875
315.57,113.36,71.588,70.672
313.9,113.64,71.79,70.824
313.85,112.78,71.668,70.653
313.69,112.46,71.585,70.652
312.83,113.86,71.561,70.633
312.41,113.37,71.784,70.501
311.98,113.4,72.1,70.481
311.69,113.32,72.47,70.753
311.7,113.07,72.562,70.884
311.76,112.83,72.676,70.986
312.41,111.91,72.65,70.812
312.71,111.6,72.578,71.026
312.99,111.32,72.549,71.197
313.05,111.46,72.735,71.277
314.64,112,72.606,71.164
317.85,111.39,72.305,71.363
317.29,111.45,72.378,71.427
319.77,112.23,72.441,71.288
320.11,112.07,72.38,71.386
321.69,111.92,72.444,71.376
321.94,111.72,72.435,71.408
323.62,111.53,72.387,71.257
326.13,111.12,72.141,71.266
325.92,111.15,72.182,71.338
325.66,111.1,72.257,71.365
328.06,110.98,72.086,71.093
330.62,110.32,71.881,71.233
329.85,110.2,72.219,71.287
333.94,109.77,72.127,71.82
335.36,109.51,72.273,72.099
335.1,110.07,72.522,71.983
335.14,109.52,72.445,71.92
334.84,110.81,72.781,71.643
334.77,111.53,72.915,71.685
335.02,111.16,72.774,71.965
335.31,112.49,72.819,71.822
335.73,112.11,72.479,72.019
336.14,112.41,72.145,72.012
335.6,113.45,71.844,71.887
335.57,114.56,71.492,71.94
336.3,114.16,71.043,71.977
336.79,113.95,70.729,72.109
337.25,113.77,70.482,72.175
336.37,114.27,70.348,72.367
336.21,114.18,70.178,72.463
336.18,113.32,69.957,72.484
336.8,112.64,69.519,72.556
337.35,112.5,69.357,72.754
337.74,112.39,69.296,72.908
337.67,113.43,69.126,72.7
338.29,111.64,68.963,72.798
338.63,112.2,68.773,72.751
338.72,111.97,68.649,72.885
339.32,112.33,68.556,72.874
339.92,112.7,68.482,72.844
340.18,111.66,68.408,72.81
340.52,111.56,68.304,72.771
339.05,112.42,68.259,72.725
339.09,110.95,68.332,72.816
338.73,111.66,68.436,73.069
339.15,110.5,68.686,73.215
339.15,111.68,68.803,73.495
338.47,112.08,68.79,73.545
338.74,112.42,68.772,73.615
338.23,113.17,68.649,73.467
337.86,112.75,68.659,73.495
338.13,113.97,68.689,73.44
338.47,112.55,68.674,73.268
336.37,112.76,68.846,73.147
334.82,111.76,69.13,73.296
334.38,110.42,69.023,73.748
334.08,111.2,68.959,73.573
334,111.17,68.777,73.429
334.88,110.87,68.795,73.239
334.48,111.84,68.839,72.997
334.99,113.11,68.875,72.879
336.54,111.28,69.355,72.682
336.98,111.08,69.341,72.809
336.47,111.91,69.392,72.853
339.59,111.66,69.469,72.885
340.91,111.01,69.718,72.937
341.75,112.1,69.758,73.03
344.3,110.89,69.669,73.008
346.05,110.93,69.719,73.079
346.94,111.85,69.564,73.021
347.53,110.48,69.358,72.969
349.56,112.49,69.386,72.731
351.71,111.5,69.358,72.998
352.25,112.2,69.342,72.859
355.18,110.76,69.319,72.76
356.04,110.4,69.19,73.034
356.4,109.98,69.326,73.397
356.03,108.77,69.422,73.829
357.37,109.95,69.747,73.578
358.44,109.45,69.825,73.717
358.63,108.58,69.767,73.742
358.86,108.96,69.838,73.675
360.17,108.66,70.102,73.383
360.52,107.44,69.931,73.094
361.62,107.87,69.82,72.877
361.86,107.55,69.833,72.612
362.12,108.44,69.786,72.42
361.86,108.03,69.679,72.557
362.32,107.85,69.727,72.426
362.53,109.97,69.735,72.059
362.53,110.13,69.794,71.249
362.77,109.79,69.634,70.921
361.07,109.94,69.728,70.681
361.4,110.16,69.718,70.398
361.09,110.32,69.52,70.507
360.4,110.02,69.44,70.163
360.1,109.12,69.47,70.025
360.77,108.06,69.916,70.249
360.98,108.06,69.945,70.474
361.36,107.56,70.064,70.527
363.43,108.92,70.321,70.332
365.3,108.21,70.6,70.391
365.72,108.36,70.64,70.549
371.82,107.35,70.451,71.1
374.46,108.64,70.521,71.585
375.47,108.66,70.93,71.65
376.06,108.05,71.235,71.537
381.49,107,70.987,72.222
390.23,107.43,70.412,72.881
391.44,108.82,70.618,72.614
397.91,106.26,70.143,73.229
399.18,107.44,70.557,72.906
401.4,107.19,70.94,72.792
401.06,106.13,71.118,72.51
409.62,105.16,69.6,73.3
414.87,104.92,67.497,73.691
414.88,103.48,66.003,73.775
416.04,104.28,65.021,73.91
420.27,104.74,62.588,74.119
424.27,103.28,59.717,74.672
425.73,102.1,57.752,74.836
427.53,100.82,55.542,74.826
429.43,101.46,53.628,74.854
429.53,101.51,52.353,74.762
430.25,102.06,51.357,74.598
430.26,104.29,50.683,74.434
428.09,107.67,50.479,74.265
428.93,108.49,50.231,74.2
426.97,108.85,50.593,73.529
426.04,110.05,50.827,73.234
425.46,110.85,51.457,73.239
425.1,111.08,51.94,73.297
422.69,113.34,53.057,73.734
419.17,115.38,55.473,72.929
416.49,116.14,57.577,72.552
415.03,116.66,58.81,72.897
411.31,116.11,60.005,72.519
408.5,115.84,61.196,72.521
406.72,116.13,61.764,72.469
402.42,114.92,62.433,71.793
399.88,111.95,62.729,72.23
399.68,111.44,62.911,72.813
399.15,112,63.33,73.165
403.11,109.74,64.566,72.978
401.05,108.05,64.579,73.21
401.17,108.01,64.191,73.641
396.09,106.41,64.288,72.718
394.1,104.85,64.35,73.131
392.67,104.12,64.187,73.307
393.18,104.79,64.001,73.718
392.4,101.46,63.298,73.841
393.49,101.22,62.976,73.814
393.92,100.39,62.911,73.863
393.82,100.55,62.981,73.775
392.51,99.723,63.225,73.527
392.37,99.181,63.29,73.523
392.95,99.184,63.188,73.475
393.81,98.216,62.74,73.546
393.77,96.136,62.551,73.291
393.9,95.979,62.696,73.084
393.62,95.814,62.912,73.025
394.99,95.959,62.738,72.652
394.89,94.878,62.768,72.434
395,94.906,62.931,72.315
397.35,94.494,62.211,73.242
398.45,94.885,62.105,73.147
399.64,95.115,62.116,72.967
400.2,93.995,62.072,72.764
403.32,92.39,61.14,73.488
406.29,91.783,60.378,73.914
407.96,91.766,60.355,74.102
407.86,92.263,61.01,73.863
409.28,91.359,60.869,73.434
409.56,90.746,61.135,73.145
409.65,90.935,61.36,73.039
411.15,90.447,61.077,73.417
411.93,90.576,61.274,73.15
411.88,90.619,61.562,73.111
411.91,90.595,61.855,73.165
411.07,90.628,62.201,72.746
410.78,90.126,62.36,72.516
410.78,90.837,62.383,72.306
412.22,90.401,61.957,72.822
412.59,90.733,61.947,72.682
413.75,89.957,61.512,72.835
414.12,89.638,61.402,72.832
413.38,89.728,61.861,72.4
413.12,89.556,62.244,72.318
412.61,89.781,62.594,72.269
412.58,89.383,62.709,72.155
412.61,88.732,62.939,72.358
412.8,87.34,63.239,73.025
413.2,87.441,63.544,73.41
413.86,88.107,63.675,73.909
413.34,88.947,64.344,74.079
412.86,89.836,64.803,74.185
413.09,88.649,65.011,74.455
412.45,90.227,65.178,74.67
411.9,89.585,65.802,74.488
411.74,90.904,66.282,74.043
410.26,92.428,67.425,73.844
409.8,92.054,67.875,73.777
408.82,93.46,68.558,73.801
407.91,93.406,68.79,73.742
406.47,93.482,69.237,73.955
405.16,94.585,69.344,74.198
404.34,94.652,69.762,74.132
403.88,94.328,70.102,74.244
401.47,93.54,69.838,74.702
398.45,93.859,69.527,74.518
397.48,93.505,69.589,74.049
394.64,93.622,68.989,74.222
393.48,93.579,68.729,74.281
392.87,93.064,68.955,74.435
392.53,92.866,69.171,74.49
390.85,93.651,68.472,74.668
390.93,93.827,67.717,74.873
391.31,93.709,67.243,75.018
391.98,91.373,65.987,75.625
391.85,90.745,65.074,75.896
391.49,90.877,64.211,75.862
391.21,90.923,63.602,75.83
393.54,92.428,62.972,76.154
396.49,95.064,62.332,77.034
396.98,95.115,61.872,77.156
397.41,95.18,61.518,77.154
397.45,97.382,60.624,77.231
398.33,100.25,59.595,77.808
398.85,99.625,58.848,77.676
404.89,98.858,58.348,78.475
405.74,96.684,58.151,78.57
406.3,96.831,57.609,79.069
406.03,96.413,57.321,79.128
410.15,100.89,56.858,80.402
410.18,103.47,57.144,81.039
411.21,103.06,57.14,81.534
405.49,101.97,55.963,81.636
405.41,100.94,55.332,82.217
406.38,100.03,54.969,83.316
406.83,99.428,54.893,84.147
404.22,100.81,55.163,84.673
398.16,102.87,56.11,84.968
397.39,103.24,56.535,85.349
397.17,103,56.824,85.728
393.13,101.69,57.552,85.874
392.32,100.05,57.925,85.798
392.17,99.622,58.199,86.347
387.54,100.6,59.6,86.55
382.79,100.13,60.428,86.835
382.04,99.504,61.127,87.227
382.11,99.142,61.55,87.59
380.36,99.619,61.845,87.994
379.39,99.003,62.058,88.558
379.38,99.469,62.222,88.656
377.68,99.301,62.817,88.82
376.89,98.752,63.603,89.337
374.93,98.745,63.613,89.376
373.97,98.871,63.779,89.419
373.49,98.844,63.26,88.731
370.12,100.94,62.648,89.306
369.26,101.55,62.002,89.932
369.18,101.43,61.559,90.209
366.93,102.12,60.758,90.654
364.39,102.89,60.404,89.944
364.23,102.1,60.236,89.613
364.11,103.5,59.799,88.949
364.26,104.95,59.733,88.888
364.68,105.36,59.684,88.723
364.56,105.69,60.028,88.403
364.48,107.37,60.462,88.693
365.15,107.32,61.443,88.891
364.68,107.61,62.221,89.404
362.38,105.63,63.4,90.829
361.49,104.01,64.251,91.801
362.04,103.22,65.326,93.132
360.99,102.08,65.998,94.068
362.86,99.658,66.936,94.934
364.51,98.271,67.02,95.29
365.56,98.934,66.852,94.987
365.67,99.024,66.819,94.62
366.73,99.724,66.89,95.97
368.39,99.132,66.855,98.42
369.89,98.728,66.922,99.629
370.1,100.3,68.124,101
370.91,99.984,68.756,101.63
371.38,99.574,69.179,102.06
371.7,99.574,69.503,102.45
372.72,99.096,69.512,102.59
373.05,98.238,69.521,103.02
372.99,97.435,69.455,103.48
369.83,99.894,69.501,104.01
369.16,100.77,69.274,104.49
368.59,101.74,69.254,104.43
368.91,102.08,69.485,104.49
368.87,102.14,69.925,104.69
372.21,102.69,69.71,105.74
371.5,103.07,69.894,106.71
372.31,102.55,70.107,107.31
372.14,102.34,70.569,107.62
372.35,103.08,71.306,108.36
371.83,103.25,71.892,108.91
372.88,107.03,72.629,109.85
374.06,108.3,73.037,111.93
374.86,107.89,73.213,114.05
374.95,106.91,73.483,115.53
377.32,106.45,73.524,117.79
379.78,104.86,72.951,120.29
380.18,104.48,72.802,121.78
381.19,107.19,74.016,121.52
380.37,108.08,74.937,121.55
380.99,108.19,75.608,121.85
381.77,107.37,76.254,121.85
387.03,103.54,75.181,124.46
388.84,103.18,75.048,125.43
389.36,102.24,74.928,126.47
388.63,102.69,75.144,127.02
388.41,102.43,75.433,128.13
387.57,101.36,75.697,129.24
387.01,101.61,75.966,129.78
383.21,100.19,75.662,131.63
381.33,98.886,75.437,133.41
381.09,97.988,75.341,134.86
381.62,97.285,75.261,136.17
381.12,98.516,75.896,137.59
380.82,99.396,76.398,139.14
380.57,99.505,76.967,140.19
380.04,99.381,77.808,141.28
379.53,99.094,78.485,142.2
378.99,98.286,79.316,142.89
378.34,98.383,80.195,143.53
377.12,98.913,81.38,144.4
375.31,99.34,82.6,144.76
374.25,99.123,83.59,145.55
373.32,99.164,84.355,146.39
370.11,100.29,85.446,146.47
369.62,98.761,86.705,147.1
369.18,98.306,87.706,147.78
369.65,99.211,89.016,147.94
368.03,100.52,90.851,148.45
367.04,101.32,92.03,149.1
366.71,100.95,93.095,149.75
366.05,102.3,94.962,150.85
366.01,104.01,96.856,151.66
365.61,105.03,98.482,152.4
366.88,105.19,100,153.98
366.95,105.1,100.64,155.7
366.36,106.25,101.11,157.93
366.22,105.18,101.22,159.6
368,106.09,101.24,160.53
368.9,105.55,101.62,160.96
369.13,104.97,102.14,161.24
368.86,104.78,102.45,161.64
368.07,104.37,102.81,162.87
367.16,104.43,102.98,163.66
367.42,103.71,103.36,163.66
366.71,102.92,103.87,164.17
365.33,101.62,104.36,164.99
364.84,102.13,105,165.23
365.26,102.43,105.32,164.82
363.66,101.49,105.49,166.08
362.94,101.83,105.73,168.11
362.74,102.13,105.91,169.29
360.53,102.19,106.2,172.51
360.99,100.14,106.2,175.58
361.28,101.4,106.53,178.2
361.69,101.99,107.15,180.13
360.74,101.71,108.1,181.85
359.9,102.26,108.96,182.8
360.12,101.82,109.81,183.3
359.17,102.2,110.13,183.79
356.89,101.3,110.87,184.73
354.98,99.914,111.49,185.09
354,99.199,111.89,185.47
353.28,99.763,112.8,185.07
353.24,100.15,113.31,185.2
352.86,100.41,113.73,185.24
352.95,100.19,114.1,185.43
353.5,101.99,114.86,185.3
354.29,102.06,115.55,185.64
354.54,102.24,116.11,186.28
354.73,104.67,116.46,187.76
354.93,105.39,117.11,188.42
354.79,106.62,117.7,188.66
354.1,106.93,118.24,188.81
354.46,108.93,118.46,187.76
355.92,113.75,118.23,187.98
356.72,115.35,118.28,187.86
357.08,115.7,118.05,188.03
353.87,120.74,119.36,186.48
355.77,124.6,119.54,187
356.12,126.28,119.86,187.71
366.33,123.38,115.23,198.13
367.08,119.88,114.01,200.35
374.12,113.55,109.86,210.5
376.37,108.93,107.29,219.01
378.97,107.19,104.47,225.29
379.04,105.16,102.26,230.1
379.46,103.81,100.97,233.68
380.7,103.45,99.058,236.52
381.41,103.15,97.71,238.8
383,100.68,96.374,240.74
383.17,99.84,95.756,241.92
383.52,98.475,95.578,242.26
384.09,97.298,95.705,242.91
384.53,97.533,95.908,243
383.54,96.185,95.85,243.64
383.72,98.882,96.202,245.97
384.01,97.157,95.922,248.26
383.95,95.804,95.839,249.94
383.37,94.498,96.006,250.06
382.43,94.31,96.226,249.76
381.11,95.443,96.552,249.23
383.01,95.541,96.49,249.29
382.24,94.574,96.772,249.97
380.43,93.413,97.339,251.34
381.21,94.166,97.921,251.41
377.07,93.035,99.196,252.78
377.15,92.645,100.65,253.69
374.61,90.869,101.92,255.31
373.15,90.51,103.25,256.09
370.78,84.421,104.26,259.95
367.76,80.793,106.39,262.96
365.7,78.063,108.35,265.92
363.85,76.759,110.2,268.75
359.55,76.119,113.84,268.63
355.03,74.804,117.54,268.81
352.23,74.768,120.62,269.28
348.3,76.877,122.66,270.72
346.13,79.098,124.36,272.94
344.71,81.62,126.45,273.86
343.59,82.519,128.44,274.49
342.2,81.913,129.95,276.34
341.39,80.41,130.78,278.15
342.25,79.062,131.12,279.73
343.7,84.363,131.58,276.76
343.52,87.433,132.45,274.3
344.51,89.15,132.59,271.64
344.58,90.619,132.77,269.63
347.3,90.522,131.36,268.91
349.48,91.395,129.81,267.78
349.77,90.375,128.63,267.81
350.23,90.462,127.55,267.22
351.15,91.358,126.6,266.1
352.33,93.006,125.72,264.83
352.77,92.45,125.01,265.01
352.86,94.5,124.48,264.44
352.29,96.738,124.27,263.47
352.79,98.655,124.09,262.3
352.39,99.329,124.1,261.34
351.76,100.11,123.61,260.51
351.26,100.02,123.15,259.91
351.8,100.95,122.85,258.74
350.35,101.98,123.24,258.19
350.93,102.3,123.5,258.09
351.48,101.42,123.6,258.67
351.55,100.5,123.71,259.06
351.41,99.842,123.73,259.79
350.8,99.403,123.72,260.76
351.13,99.339,124.03,261.15
350.66,98.945,124.21,261.43
350.03,99.001,124.63,261.64
349.51,98.961,125,261.53
348.59,98.874,125.16,261.49
344.98,100.69,126.37,260.04
342.71,102.91,127.45,258.31
342.25,102.94,128.85,257.72
340.99,102.88,129.64,257.09
341.78,100,129.43,259.83
339.89,99.815,129.94,261.41
338.68,98.981,130.53,262.81
334.2,98.143,132.29,264.17
333.01,97.211,133.42,265.26
329.31,98.398,135.28,266.47
329.1,97.963,136.63,267.32
324.9,97.405,138.3,268.24
322.26,97.379,139.68,269.24
320.98,97.769,141.02,269.59
320.23,97.581,142.02,269.99
311.43,101.85,149.39,265.7
304.67,104.79,156.04,262.38
300.23,104.15,161.23,260.8
297.05,104.25,165.91,259.19
293.61,105.77,170.49,258.42
291.51,104.76,174.05,258.02
288.91,105.1,176.84,257.61
287.91,104.42,179.31,257.59
284.9,103.58,181.48,258.12
283.44,103.19,182.97,258.89
278.49,105.19,186.57,258.59
275.59,105.26,189.38,258.43
273.73,104.56,191.39,258.48
272.68,104.82,193.03,258.49
268.35,104.97,196.07,258.09
265.35,105.29,198.76,257.95
263.51,105.79,200.53,258.18
262.3,104.93,202.03,258.11
257.31,105.27,204.28,258.92
252.87,104.93,206.08,260.42
252.25,103.21,207.52,261.93
249.01,100.73,209,263.07
244.49,97.404,209.47,264.52
242.64,96.79,209.64,265.69
243.92,95.507,209.36,266.83
241.33,95.816,210.98,267.01
239.57,95.164,211.71,267.45
239.26,94.618,212.09,268.08
237.16,95.869,214.44,267.53
236,95.807,215.87,267.16
235.76,95.985,217.09,267.13
235.95,95.108,218.12,267.13
235.2,92.386,219.9,268.24
233.77,92.095,221.43,268.69
233.69,91.69,222.31,269.53
233.37,90.911,223.23,269.97
226.52,91.242,226.02,270.91
212.86,95.313,240.82,267.26
204.55,97.072,251.69,265.47
192.79,99.568,262.54,263.1
176.58,98.766,276.76,260.5
168.16,97.606,286.12,259.85
163.27,96.865,293.55,259.93
149.94,96.903,304.8,260.25
137.5,94.32,313.41,261.24
135.13,92.877,319.72,263.1
124.66,89.135,326.87,265.35
118.03,88.026,333.14,267.26
113.26,87.38,339.5,268.49
109.34,85.782,345.17,269.85
96.757,82.555,353.21,272.27
86.874,79.944,359.93,274.92
82.753,77.219,362.68,277.81
81.307,75.479,364.27,280.26
54.535,73.101,371.96,282.62
35.912,70.737,377.19,285.6
31.182,67.811,377.34,288.56
10.516,66.652,380.15,291.3
2.3525,76.6,379.12,288.75
-0.64682,81.821,377.67,284.83
-2.6307,85.3,376.21,281.42
-6.8219,91.099,363.89,277.7
-11.469,114.5,370.71,259.53
-17.286,130.99,373.55,243.81
14.344,172.83,389.32,228.29
5.3687,175.46,401.43,217.08
6.8681,174.09,402.51,215.98
9.4103,173.76,403.68,214.81
10.289,172.39,403.72,214.76
10.552,170.65,403.75,214.74
11.269,170.15,403.77,214.72
11.357,169.55,403.79,214.7
11.231,169.05,403.8,214.69
11.687,166,403.82,214.67
10.564,162.51,403.83,214.67
12.258,160.41,403.85,214.64
12.384,158.23,403.87,214.62
7.4496,147,403.87,214.62
3.2939,142.14,403.87,214.61
-4.3922,137.57,403.86,214.61
-5.377,135.57,403.85,214.6
-7.4476,133.6,403.84,214.6
-5.3007,133.95,403.83,214.59
-2.6144,135.74,403.82,214.58
-2.8622,135.49,403.81,214.56
-3.1672,135.12,403.79,214.55
-0.86533,132.4,403.79,214.54
1.4597,129.43,403.79,214.51
2.7583,126.34,403.78,214.49
3.89,124.34,403.78,214.48
13.625,123.33,403.77,214.47
24.619,124.08,403.76,214.45
-23.138,6.5686,398,212.24
-3.6234,3.0408,394.33,210.36
-10.392,2.4451,387.88,208.43
9.8854,2.3071,383.38,205.94
-3.8851,3.9855,379.32,204.35
-47.643,9.0897,348.01,212.46
-25.234,11.299,320.7,219.81
-11.944,10.825,298.53,223.21
7.9624,4.8326,279.64,223.48
20.897,1.2364,262.55,222.25
52.674,0.31479,245.82,221.82
66.979,-0.77706,234.01,218.83
79.47,-1.811,224.42,214.75
92.778,-1.1437,214.55,211.8
101.41,2.9688,207.41,207.42
104.38,3.6959,202.74,203.87
121.53,4.8924,195.5,202.93
135.49,7.1983,190.22,200.79
141.36,8.2894,187.1,198.54
151.46,9.1849,183.03,198.04
159.16,9.2746,179.16,197.94
162.59,12.815,178.07,196.15
164.75,12.878,177.53,194.83
173.54,14.908,175.26,194.95
180.57,15.073,173.84,194.74
183.97,14.659,173.28,194.12
185.77,15.576,172.61,193.68
188.48,15.596,171.74,193.38
193.67,15.549,171.48,193.45
197.15,15.947,170.94,192.4
198.03,17.157,171.73,191.24
202.35,18.022,171.86,190.99
204.28,18.152,172.56,190.16
205.76,17.307,173.12,189.74
207.73,16.73,173.65,189.6
211.46,17.113,173.33,189.3
210.92,17.254,173.44,189.25
215.17,17.973,172.38,189.98
219.77,20.042,171.29,190.12
219.85,20.042,171.57,190.42
220.48,19.579,171.38,190.63
223.31,20.249,171.47,191.57
225.57,20.514,171.46,192.17
227.19,20.034,171.18,192.73
228.61,19.605,171.48,192.44
229.92,18.687,171.87,192.63
231.24,17.722,171.81,193.38
231.65,17.859,171.23,194.2
232.58,18.786,171.6,194.98
233.59,19.368,172.03,195.56
235.02,19.471,171.98,196.09
235.89,18.291,172.06,196.21
236.36,18.914,172.46,197.13
237.88,18.417,172.66,197.14
238.35,17.553,172.69,197.57
238.11,16.495,172.38,198.45
237.26,17.917,173.24,198.8
236.23,17.35,173.57,199.01
235.66,17.495,173.82,199.11
237.36,18.152,173.98,199.48
237.29,17.118,173.78,200.07
237.24,16.692,173.81,200.42
237.8,17.155,173.66,200.74
236.72,16.832,173.92,201.02
237.86,18.234,174.09,201.3
237.46,17.323,174.29,201.7
237.85,17.743,174.53,201.88
237.49,17.862,175.17,202.04
237.42,17.782,175.55,202.06
236.91,18.149,175.83,201.95
235.48,16.541,176.35,202.23
233.9,16.777,176.83,202.73
232.57,15.764,177.34,202.7
232.58,14.989,177.29,202.46
231.88,13.793,177.55,202.49
232.22,14.3,177.18,202.1
231.81,14.779,176.97,201.87
229.96,14.843,177.53,202.24
229.65,15.857,177.26,201.7
229.08,15.789,177.22,201.58
227.27,15.413,177.15,201.85
227.09,16.015,176.64,201.39
226.51,16.504,176.4,201.5
225.06,16.64,175.93,201.62
224.95,17.175,175.93,201.58
224.64,18.267,176.08,201.5
222.92,17.476,176.38,201.74
222.54,18.451,176.23,201.26
221.34,19.342,176.2,201.45
219.71,18.618,175.9,201.82
219.18,19.142,174.77,201.63
217.87,19.69,174.02,201.56
217.69,19.634,173.87,201.54
216.7,19.772,173.7,201.32
218.07,20.379,173.85,201.1
216.16,20.087,173.26,201.22
214.95,19.703,173.04,200.97
215.71,19.96,173.53,200.7
214.2,20.067,173.15,200.56
214.27,19.859,173.41,200.32
212.02,18.814,172.82,200.31
213.68,19.219,172.97,200.33
213.8,19.738,173.4,200.14
212.43,19.792,173.23,199.99
213.37,19.259,173.15,199.79
213.52,19.182,173.28,199.62
212.53,19.508,173.6,199.78
211.8,19.752,173.55,200.01
211.75,19.865,173.3,200.1
211.84,19.357,173.03,199.82
210.14,18.804,172.92,199.93
210.22,18.845,172.92,200.13
210.46,18.658,172.71,200.12
208.81,19.173,173.41,200.24
206.88,18.732,173.51,200.52
204.68,18.94,173.79,200.58
201.95,19.188,174.36,200.64
201.1,19.163,174.26,200.27
198.98,19.24,174.46,199.8
198.47,19.809,174.15,199.48
195.23,18.847,174.82,199.48
192.62,17.528,175.68,199.63
188.69,16.601,175.47,200.3
187.7,16.821,175.04,200.11
183.78,18.549,177.74,199.64
178.96,19.419,178.85,199.32
175.34,18.564,179.18,199.17
169.36,19.821,180.47,199.52
163.21,19.729,180.33,199.27
160.05,20.665,181.38,198.92
155.95,20.033,181.57,199.34
148.12,20.211,181.82,199.56
143.09,20.441,182.2,200.12
139.03,19.983,182.88,200.99
134.29,20.586,182.93,201.08
129.85,19.523,183.13,202.13
130.03,19.527,182.61,203.28
130.12,20.039,182.36,204.06
131.27,18.377,181.31,204.28
131.49,18.902,179.71,204.51
131.97,19.718,178.37,204.6
131.71,19.605,177.48,204.7
141.53,20.125,175.56,205.16
146.21,19.745,175.04,204.92
146.31,20.628,174.84,204.38
154.92,22.059,173.06,204.13
163.5,22.085,171.06,204.26
164.27,21.959,171.38,203.67
165.56,21.71,171.44,203.26
177.3,20.63,168.81,203.25
187.66,23.019,167.84,202.79
188.46,23.624,169.5,201.75
198.18,22.421,168.21,201.92
199.73,21.433,168.85,201.31
205.56,21.125,168.77,201.07
207.36,21.147,169.67,200.9
209.09,20.862,170.57,200.32
211.85,18.978,171.23,199.85
214.32,17.898,171.02,200.36
213.99,17.84,171.15,200.41
217.19,18.913,172.1,201.02
216.51,21.06,173.06,200.43
216.59,21.514,173.32,199.84
217.99,19.231,174,200.03
217.61,19.259,173.87,199.92
218.29,18.778,173.73,199.74
217.97,18.737,173.7,199.7
217.15,18.506,173.47,199.68
215.72,20.099,174.2,198.75
215.78,19.667,174.24,198.87
213.96,18.666,174.64,198.96
212.99,19.502,174.96,198.31
212.16,18.749,175.04,198.76
211.3,19.008,175.47,198.84
209.38,19.339,177.25,198.34
206.59,21.157,179.28,198.4
203.91,20.609,179.45,198.25
201.46,20.371,180.1,198.45
197.74,19.275,179.87,198.3
172.68,17.782,179.64,198.72
171.63,17.073,179.25,199.11
164.87,17.889,179.46,198.63
159.06,18.872,180.61,198.77
152.4,18.865,180.73,198.94
148.57,18.256,180.96,199.08
120.32,18.82,182,198.77
113.83,18.46,181.72,199.19
109.98,19.099,182.68,199.2
102.03,20.546,184.33,199.05
95.467,20.208,184.68,199.63
89.074,20.413,185.61,200.73
83.454,20.859,184.95,201.55
52.456,22.275,184.59,202.78
45.778,22.603,185.36,203.17
41.794,22.583,186.04,203.72
39.95,24.072,187.03,203.5
19.174,21.64,185.49,204.13
17.86,20.379,183.28,203.79
17.574,19.099,181.64,203.44
15.499,19.42,180.28,201.23
14.797,18.796,179.81,199.67
14.047,18.648,179.18,198.75
13.204,18.574,178.24,198.27
-3.0837,18.716,173.75,198.64
3.7833,21.828,171.79,196.41
-8.1608,7.113,166.95,195.06
-0.74583,15.365,164.82,193.53
-11.143,18.344,154.38,199.57
-2.8276,18.857,147.7,202.45
3.1933,17.004,142.39,204.54
-6.4609,13.194,135.45,207.43
0.1309,11.855,131.54,208
-6.6178,9.6489,124.35,209.7
-0.12124,11.651,121.56,208.89
-5.3539,8.275,115.87,210.03
-1.7385,27.207,107.58,214.06
3.4254,50.056,104.57,208.09
2.3245,53.423,101.76,202.11
2.5216,58.777,98.805,196.73
2.8025,61.537,96.17,192.14
2.812,64.542,93.619,187.49
-6.8325,64.88,85.537,189.64
-2.281,66.365,83.248,185.67
-0.50076,67.152,78.559,186.58
1.6629,66.629,74.679,187.08
3.1306,66.91,71.702,187.28
4.5451,67.506,69.41,186.6
5.0642,67.422,67.624,184.67
4.1651,57.455,65.995,182.95
4.0121,62.729,64.795,181.62
4.5081,65.689,63.417,180.54
4.338,68.492,62.647,179.58
4.2751,59.469,61.614,177.28
3.9337,51.349,60.519,173.2
3.8278,57.44,59.448,170.35
3.9245,50.547,58.743,165.75
3.6209,56.49,57.809,163.1
2.9495,61.135,56.628,160.84
2.9535,54.583,55.685,156.69
3.8975,60.061,54.97,152.35
4.4598,65.384,54.369,148.71
4.3455,70.598,53.502,146.24
4.4526,73.76,52.617,145.11
5.1702,77.027,52.1,144.15
5.2875,69.064,51.736,141.57
5.0973,73.164,51.402,139.3
5.1507,75.3,50.85,137.97
5.6883,78.439,50.676,136.26
6.081,80.174,50.398,135.15
7.6597,81.538,52.72,131.22
7.7976,73.5,55.488,126.01
7.5574,75.015,57.56,122
8.1566,76.447,59.241,119.04
7.3485,76.553,59.95,116.33
7.3661,77.069,60.807,114.09
7.1605,77.843,61.354,111.95
7.4006,78.296,61.507,109.8
6.6491,79.834,61.033,107.72
5.608,79.562,60.595,106.26
5.5191,79.654,59.817,105.13
