219,86,84,50
219.52,88.131,84.044,50.164
218.46,87.703,84.814,49.792
220.19,85.566,85.148,49.5
218.14,84.242,85.387,49.775
214.22,83.92,85.827,50.433
211.7,84.734,86.158,50.795
209.41,83.501,86.572,50.664
208.18,85.046,86.918,51.06
207.12,85.869,87.23,51.471
206.26,86.371,87.503,51.948
205.56,87.921,87.852,52.36
207.9,90.044,88.024,52.633
208.53,89.992,88.455,52.819
208.29,90.64,89.192,53.265
209.88,89.875,89.85,53.371
210.11,90.142,90.257,53.506
210.56,90.546,90.504,53.7
211.82,90.184,90.965,53.679
212.9,89.27,91.361,53.795
215.02,88.672,91.759,54.118
217.72,87.537,91.702,53.987
219.52,86.542,91.276,53.922
220.91,85.694,91.192,54.091
220.46,85.998,91.657,54.319
221.55,86.398,91.719,54.673
221.15,86.726,92.189,54.653
220.03,87.661,92.946,55.207
218.27,88.965,93.611,55.778
217.93,90.199,94.299,55.93
217.28,90.732,94.867,56.012
215.27,90.798,95.423,56.521
214.68,92.463,95.404,56.847
214.17,92.366,95.412,56.813
214.28,93.032,95.185,57.099
213.39,93.657,95.064,57.456
212.76,93.795,95.129,57.376
212.04,94.369,95.005,57.223
210.9,95.043,95.16,57.684
211.52,94.471,94.992,57.391
210.04,93.878,95.156,57.272
211.32,94.441,94.784,57.231
210.76,92.288,95.041,56.681
212.18,90.971,94.832,56.391
212.02,89.376,94.826,55.859
211.36,87.568,94.885,55.635
210.78,86.372,94.8,55.48
210.23,84.897,94.464,55.411
208.12,83.551,94.108,55.042
206.79,83.357,93.63,55.336
206.66,82.326,93.654,54.351
206.54,83.394,93.389,53.345
205.5,87.828,92.634,52.957
205.74,92.106,91.971,52.54
206.06,95.776,91.687,52.02
206.71,98.42,91.992,51.754
208.81,100.69,91.479,51.28
209.79,100.65,91.349,50.554
210.22,100.31,91.415,50.148
211.68,99.182,91.197,50.142
213.86,96.778,90.915,49.856
214.62,95.285,90.914,49.975
216.8,93.793,91.141,50.256
219.11,93.909,91.221,50.461
220.39,93.965,91.39,50.713
219.64,94.039,91.579,51.164
219.86,94.33,91.755,51.541
218.79,94.093,91.916,51.889
218.45,93.474,92.176,52.43
217.8,93.776,92.071,53.16
217.64,93.617,92.138,54.007
217.07,92.509,92.626,55.115
217.23,91.983,93.267,56.292
217.91,91.451,93.692,57.163
217.86,90.406,94.978,58.02
217.93,88.388,96.468,59.145
217.71,85.299,97.512,60.206
217.28,81.669,98.108,61.352
216.06,79.016,98.806,61.893
214.88,76.105,99.29,62.752
213.89,73.545,99.973,63.297
213.53,71.463,100.17,63.466
212.85,70.377,100.74,63.901
212.34,69.564,101.11,64.24
211.58,68.791,101.3,64.735
211.28,68.078,101.69,65.456
209.71,68.582,102.31,66.057
208.94,68.373,103.45,66.343
208.59,67.868,104.69,66.784
208.1,68.22,105.67,67.407
207.79,69.496,106.6,68.007
208.51,70.398,107.39,68.417
209.59,70.718,108.21,68.689
209.95,72.616,108.84,68.931
212.06,75.126,109.12,69.262
212.97,76.316,109.81,69.969
213.11,77.773,110.98,70.873
212.78,79.458,112.23,71.98
213.58,81.068,113.26,73.304
215.71,81.505,111.54,78.064
216.91,80.415,111.29,82.66
217.85,80.035,111.69,86.091
217.49,79.965,112.53,88.449
216.75,79.489,113.77,90.46
217.22,78.626,114.73,92.219
217.4,77.729,115.54,93.839
218.05,77.385,116.51,95.35
218.7,76.538,117.68,96.476
217.46,75.178,118.82,96.62
216.14,73.39,119.6,97.013
214.15,70.919,119.51,96.968
210.25,68.59,119.06,97.043
206.47,66.905,118.5,97.184
203.72,64.299,117.47,96.295
201.44,62.125,116.4,94.836
200.11,60.647,114.77,93.266
198.91,60.946,113.28,91.535
197.75,60.315,111.54,89.749
196.6,60.127,110.38,88.118
196.1,60.763,109.47,86.49
195.11,62.909,108.43,85.356
194.54,61.835,107.65,84.412
195.53,60.311,106.33,83.902
195.09,59.935,105.4,83.4
194.55,59.486,104.74,82.441
194.6,60.424,104.1,81.059
194.18,61.507,103.07,80.532
194,62.213,102.61,79.44
193.89,61.504,101.77,79.08
194.14,61.57,101.41,77.878
193.27,62.159,100.26,77.015
193.4,62.923,99.83,76.043
194.39,63.137,99.421,74.97
196.55,63.254,99.084,74.225
197.88,63.555,98.405,73.237
198.76,63.833,97.952,72.719
200.74,65.262,97.441,71.59
200.85,66.167,97.009,71.032
201.85,68.356,96.269,70.165
201.8,68.765,95.81,69.47
200.67,69.283,94.973,68.712
200.41,70.008,95.047,67.171
201.25,72.302,94.62,66.724
200.72,71.499,94.21,66.701
201.16,71.671,93.99,66.226
201.04,71.007,93.791,65.74
200.95,70.083,93.583,65.571
201.19,70.163,93.141,64.883
200.55,68.776,93.263,64.698
200.63,67.712,93.171,64.253
200.96,67.784,93.016,64.059
200.96,68.296,92.758,63.653
202.22,68.238,92.477,63.229
203.22,67.925,92.451,63.119
204.66,68.549,92.29,62.676
205.96,68.522,92.125,62.376
207.13,68.246,91.924,62.183
208.34,66.99,91.584,62.156
209.25,67.362,91.462,61.949
209.51,67.332,91.355,62.024
210.05,67.059,90.962,62.057
209.62,66.393,89.935,62.306
208.66,66.175,89.231,62.561
207.99,66.521,88.415,63.019
206.38,67.151,88.008,63.604
206.62,69.008,87.733,63.714
207.1,71.039,87.537,64.227
207.69,73.182,87.341,64.49
207.52,74.829,86.911,65.108
207.66,76.04,86.883,66.158
206.83,78.411,87.009,66.886
206.23,78.791,87.287,68.033
205.7,78.377,87.769,69.653
205.77,77.837,88.16,71.193
205.64,77.352,88.364,72.923
205.1,77.335,88.631,74.395
205.03,76.802,89.563,75.563
203.69,77.137,90.381,76.374
202.47,77.347,90.823,77.154
203.02,76.991,91.574,77.711
203.45,76.824,92.124,78.308
204.59,77.022,92.735,78.94
204.65,77.562,93.717,80.046
205.54,77.128,94.066,80.942
206.06,76.441,94.777,82.352
205.62,76.317,95.205,83.041
205.81,77.552,95.906,83.35
206.79,78.091,96.271,83.974
206.82,76.739,96.827,85.625
206.52,77.58,97.493,85.454
206.35,78.848,98.197,85.437
205.85,78.6,99.341,85.989
205.86,77.125,100.67,87.095
204.92,75.947,101.79,87.895
204.39,74.03,102.37,89.072
203.8,73.731,102.55,89.978
202.94,72.672,102.93,91.435
201.99,72.117,102.94,93.13
200.57,71.12,102.17,93.65
199.42,69.737,102,93.879
196.98,68.317,101.48,94.413
193.85,66.314,100.61,94.129
191.69,65.261,100.05,93.825
188.15,64.974,99.544,93.164
185,63.563,98.75,92.397
182.87,62.473,98.037,91.854
180.57,61.899,97.422,90.576
180.73,61.108,96.957,89.439
179.81,58.923,96.449,89.54
180.91,55.224,95.959,90.804
181.34,42.177,96.409,90.227
183.28,30.031,96.853,89.796
186.66,18.609,97.54,88.687
190.49,6.8971,98.581,87.32
197.68,1.426,99.704,86.66
189.34,-0.66333,101.92,86.552
190.26,-7.5157,104.94,83.85
192.74,-8.3188,105.79,82.854
193.82,-4.9063,107.73,80.959
196.11,-2.7067,110.1,79.259
199.22,-9.9654,114.62,75.79
206.25,-7.396,117.08,73.913
210.05,5.7508,117.33,73.904
203.64,6.1456,117.6,73.612
206.92,-2.1565,119.99,71.977
200.96,-4.0597,119.8,71.423
206.85,-13.789,120.08,70.749
213.18,-11.395,120.36,70.246
237.96,4.9847,120.76,70.448
249.69,6.4067,121.18,70.53
249.47,4.5582,121.92,70.982
247.11,-4.3613,123.71,70.255
247.21,-3.6796,126.14,68.457
246.36,-4.6296,127.62,66.874
244.61,-5.4,127.81,66.657
243.02,-3.978,127.83,66.638
242.13,-0.4284,127.84,66.633
268.86,26.35,125.58,68.764
280.62,19.743,122.99,71.127
281.44,9.817,120.6,73.087
281.61,9.1739,119.47,74.117
283.06,8.9098,118.71,74.812
292.04,-1.1811,118.38,74.628
292.01,12.613,117.89,75.07
293.42,27.196,116.88,76.24
293.79,28.043,115.23,78.182
295.83,26.303,112.32,81.762
296.56,24.907,110.77,83.779
297.86,24.495,109.48,85.434
298.81,23.236,107.35,88.241
299.68,21.777,106.07,89.927
301.21,20.412,103.85,92.876
302.4,19.485,102.36,94.897
303.06,19.294,100.9,96.989
303.44,18.663,99.6,98.814
303.36,17.826,98.297,100.72
303.81,17.136,96.595,103.07
304.3,16.35,95.564,104.72
303.96,16.589,95.129,105.4
303.63,16.086,94.303,106.75
304.66,15.204,93.367,108.35
305.46,14.83,92.243,110.25
306.53,13.791,90.743,112.74
307.14,12.443,89.652,114.97
307.76,12.612,88.646,117.22
307.11,11.999,88.093,118.37
307.53,12.597,87.714,119.38
307.68,12.72,87.124,120.79
306.54,13.565,86.715,121.59
305.77,13.818,86.174,122.65
304.01,14.474,85.833,123.24
289.32,-7.9928,87.305,121.92
275.84,-1.6003,89.262,120.02
274.59,4.1086,90.098,119.23
277.02,17.807,90.668,118.67
263.65,34.433,91.238,118.11
263.78,51.066,92.393,117.05
263.88,64.388,92.859,116.52
262.18,78.906,93.399,115.96
249.39,97.019,93.966,115.47
249.21,112.47,94.563,114.85
248.32,128.81,95.326,114.03
250.31,146.03,96.139,113.02
249.64,162.95,96.654,112.47
249.58,180.74,96.921,112.07
250.91,208.84,97.178,111.52
250.72,226.73,97.311,111.3
249.93,252.31,97.98,110.45
219.68,266.78,101.88,105.67
201.98,279.58,107.87,98.581
202.87,290.39,109.19,96.963
243.41,242.11,104.5,100.97
241.94,241.05,102.54,102.46
230.36,236.38,101.63,103.26
230.92,231.83,101.18,103.72
233.67,211.17,101.19,103.62
218.03,105.26,102.16,102.53
217.31,104.78,103.09,99.723
215.03,105.65,103.88,96.671
213.46,108.28,103.92,93.226
212.73,110.12,103.6,90.196
211.88,111.49,102.62,87.956
211.39,112.77,101.85,85.623
211.14,113.62,101.19,83.948
211.17,113.78,100.26,82.363
210.55,114.79,99.954,80.657
210.23,113.21,99.046,79.355
210.32,114.6,98.467,77.45
209.73,114.77,97.902,76.366
209.5,114.66,97.169,75.34
209.46,115.59,96.642,73.643
208.58,115.99,96.027,72.483
209.13,116.84,95.227,71.447
208.6,117.67,95.097,69.968
207.64,118.25,94.739,68.749
207.77,118.94,93.964,67.751
208.55,120.24,93.326,66.752
209.03,119.61,92.996,66.108
209.79,119.66,92.875,65.745
210.58,118.11,92.463,65.463
211.79,118.07,92.071,65.254
212.39,115.9,91.841,65.118
212.82,114.21,91.485,64.879
212.9,111.29,91.612,64.685
212.77,106.94,91.535,64.772
212.49,103.46,91.469,65.1
213.02,98.887,91.077,65.861
213.16,92.681,90.629,67.264
213.47,86.375,89.876,68.744
211.19,81.072,89.931,69.144
209.74,75.647,89.775,69.653
205.43,69.891,89.606,69.665
203.86,63.337,89.139,69.436
201.41,59.75,88.903,68.858
200.18,58.305,88.504,68.493
199.91,58.518,88.083,67.621
199.37,59.132,88.239,67.008
198.9,60.967,88.285,66.506
198.48,61.299,88.403,66.436
200.15,63.521,88.408,66.406
200.94,65.698,88.692,66.752
201.92,66.267,89.267,67.461
202.94,67.491,89.715,68.949
203.29,67.967,89.937,70.079
204.46,66.716,90.075,71.267
206.43,64.536,90.028,72.525
206.96,61.138,90.107,73.19
207.3,55.145,91.099,74.614
206.77,49.093,91.8,75.988
206.31,42.03,92.602,76.116
207.29,36.011,93.463,75.935
207.39,30.238,94.433,75.768
206.69,24.932,95.312,75.808
207,21.575,96.525,75.892
208.11,17.956,97.571,75.947
208.56,16.882,98.204,76.158
208.79,17.441,99.255,76.648
209.69,19.106,99.746,77.267
209.31,23.514,100.84,78.313
208.94,27.507,102.28,79.731
207.42,31.937,103.42,81.035
207.15,34.454,105.01,82.094
208.81,36.21,106.38,82.675
211.18,33.637,106.94,82.981
212.68,29.722,106.99,83.465
215.56,25.293,106.38,83.285
219.26,18.61,106.57,83.392
221.35,12.829,107.59,83.538
222.7,7.3573,109.43,83.716
224.79,4.0843,111.07,83.394
226.03,2.3702,113.32,82.907
225.65,1.8699,114.83,82.192
224.53,1.7782,117.47,79.848
222.73,1.783,119.63,77.595
219.48,2.4636,120.36,75.852
217.11,3.0372,121.55,74.087
215.14,4.1532,122.71,73.58
215.19,4.5248,123.62,73.492
217.88,4.7893,124.65,73.3
220.5,5.0797,125.72,73.593
225.83,6.1784,127.12,73.903
227.46,7.5463,128.91,75.166
238.11,10.448,130.47,76.296
240.23,13.961,131.77,77.794
252.59,19.511,132.79,79.28
257.35,35.643,133.26,79.735
267.38,39.585,134.05,79.687
278.93,46.85,132.42,83.716
288.55,44.988,131.61,87.25
302.26,41.584,131.39,89.19
313.18,40.202,131.14,90.699
322.05,39.766,131.47,91.849
319.43,26.395,134.73,90.502
326.14,25.575,137.12,89.927
320.72,23.989,136.71,93.034
318.35,9.9834,139.29,92.627
316.26,9.2294,141.8,93.313
315.71,21.768,141,97.051
308.09,22.601,143.08,97.284
293.91,39.437,142.94,100.14
281,43.882,143.25,103.14
267.41,41.828,142.96,104.58
249.07,23.329,142.17,106.06
219.32,6.1749,142.3,107.09
197.62,-5.5074,144.2,102.6
170.75,-3.2093,145.96,96.735
145.61,-1.5119,146.46,91.338
126.35,-1.5796,146.01,86.682
110.12,-0.82713,144.21,84.597
108.3,1.3975,141.36,85.031
103.25,5.2024,138.35,84.674
98.288,18.398,134.77,83.023
96.993,28.708,129.89,84.12
97.579,30.701,124.61,85.477
98.947,36.415,119.96,85.993
100.09,53.462,115.96,85.326
102.62,63.827,111.72,84.777
106.22,66.347,108.39,83.231
111.71,68.658,105.4,82.031
123.55,67.993,102.32,81.896
134.22,67.259,99.662,81.956
136.87,66.382,99.631,81.087
148.96,65.317,98.917,80.329
161.19,64.414,98.19,79.658
173.69,63.43,96.917,78.949
185.22,62.739,96.236,77.954
196.41,61.779,95.803,76.959
198.87,60.108,95.326,76.683
201.78,50.279,94.951,75.356
204.13,41.572,94.041,74.253
205.92,33.333,92.916,73.589
206.81,25.72,90.946,73.319
199.88,26.628,89.916,72.821
200.33,17.215,88.612,71.956
192.26,9.1759,87.466,71.148
184.74,9.1464,86.405,70.566
185.11,18.323,84.965,70.156
184.46,30.937,82.779,69.151
177.73,50.13,81.944,68.423
180.95,71.227,81.034,67.666
182.34,91.68,80.27,67.049
182.86,102.32,79.245,66.435
183.43,106.68,78.328,65.696
177.34,117.86,77.543,64.858
177.97,121.15,76.521,64.338
179.12,131.16,75.974,63.895
180.1,139.79,75.338,63.67
183.23,140.06,74.739,63.56
192.63,131.38,74.059,63.52
194.57,121.79,73.642,63.276
196.3,106.71,73.366,62.622
205.78,88.829,72.803,62.174
205.48,78.103,71.991,62.684
205.18,67.364,71.507,62.877
207.85,60.11,71.346,62.447
220.18,52.412,71.133,62.354
229.39,44.38,70.551,61.835
229.81,43.359,69.993,61.881
232.79,34.051,69.435,61.937
237.72,17.721,68.908,61.798
239.93,0.1833,68.57,61.731
248.52,-6.383,69.415,59.949
259.56,-5.74,69.882,58.982
271.67,-4.3818,69.986,58.737
290.12,3.1204,69.719,58.83
299.62,18.578,69.412,58.944
308.51,26.377,69.094,59.088
319.57,35.245,68.963,59.043
341.73,36.758,68.324,59.116
356.61,35.769,67.723,59.535
370.19,28.326,67.176,59.764
383.55,27.883,66.834,60.16
390.61,20.532,66.275,60.664
397.1,11.78,66.185,61.021
403.98,3.4489,66.101,61.234
402.81,4.3256,65.967,61.611
408.77,5.6057,65.761,62.815
406.98,5.5519,65.451,64.13
406.62,6.3268,65.414,65.373
406.44,5.5044,65.429,66.119
400.46,5.6433,65.46,67.326
399.13,6.7403,65.421,68.074
391.47,7.7544,63.769,70.706
383.22,17.843,62.705,72.57
374.16,20.575,61.517,74.413
368.04,29.102,60.12,77.143
366.59,29.581,58.966,78.796
360.26,31.137,57.962,80.761
357.15,32.869,59.134,78.624
348.29,35.98,60.013,76.64
345.35,47.443,60.794,74.972
341.83,65.79,61.587,74.411
337.91,67.587,62.25,73.526
333.87,68.885,62.947,72.899
331.09,69.503,63.361,72.606
321.82,69.12,63.826,72.54
319.45,68.422,64.024,72.54
311.03,68.29,64.166,72.503
307.11,71.124,64.353,72.458
298.98,74.635,63.484,73.667
297.39,76.166,62.497,74.815
287.39,67.64,62.834,74.525
286.4,79.118,61.609,76.078
278.29,80.948,60.805,77.407
276.39,84.631,59.962,78.486
268.67,85.994,59.374,79.58
265.11,89.08,58.892,80.421
261.69,85.731,58.535,80.9
261.04,82.82,58.228,81.341
258.19,85.789,57.922,81.777
255.88,80.055,57.491,82.119
251.89,75.94,57.149,82.328
249.37,71.81,56.574,82.715
241.79,65.493,56.372,82.944
240.59,62.842,55.78,83.421
231.78,63.47,55.319,83.78
225.74,58.627,54.914,84.134
224.29,63.236,54.535,84.407
218.29,64.97,54.375,84.818
217.89,68.571,54.475,84.789
210.97,72.135,54.617,84.924
208.81,69.286,54.497,84.809
206.96,71.78,54.525,84.88
205.01,68.27,54.455,85.102
207.64,71.535,54.56,85.223
210.72,77.552,54.268,85.226
211.63,84.163,53.746,85.291
209.41,97.756,53.222,85.717
207.56,103.94,52.642,86.033
206.16,109.04,52.256,86.326
200.08,110.42,52.071,86.551
200.8,107.11,51.99,86.467
206.7,108.8,51.669,86.653
207.27,102.42,51.731,86.624
208,104.33,51.841,86.725
207.52,106.22,51.92,86.592
209.13,99.844,52.167,86.434
209.5,95.265,52.261,86.34
208.51,97.93,52.297,86.258
201.01,93.099,52.543,86.155
200.88,95.777,52.727,86.064
194.2,98.184,53.043,85.959
188.22,100.46,53.304,85.89
182.47,94.446,54.051,85.281
182.54,100.22,54.1,85.178
180.5,103.18,54.985,84.363
177.08,100.51,55.819,83.611
169.52,98.475,55.852,83.437
169.19,100.04,55.909,83.363
169,98.965,56.508,82.777
166.75,97.061,57.378,82.11
164.04,94.576,58.086,81.557
156.21,85.335,57.912,81.745
155.5,79.588,57.61,81.844
155.77,73.99,57.169,82.202
159.12,70.382,56.869,82.729
161.5,68.251,56.533,83.709
168.39,69.256,56.182,84.4
168.15,66.882,56.133,84.662
168.02,64.28,57.006,83.891
168.14,54.247,58.526,82.803
171.03,46.933,59.547,81.956
177.18,49.849,60.489,81.015
185.06,52.442,60.083,81.138
188.31,56.576,59.919,81.357
194.09,59.718,59.695,81.609
200.36,61.356,59.557,81.827
206.48,60.866,59.398,81.912
211.66,58.018,59.235,81.927
214.81,51.074,59.193,81.902
219.56,49.726,59.115,81.8
221.84,52.785,59.07,81.769
224.82,60.329,58.879,81.619
229.05,62.219,58.831,81.426
230.66,64.049,58.721,81.338
229.77,63.565,58.501,81.147
227.08,62.01,58.279,81.006
225.48,60.601,58.048,80.859
218.52,59.987,59.147,79.486
214.71,60.349,59.648,78.687
209.92,60.615,60.425,77.403
204.51,60.752,61.168,76.158
200.35,60.445,62.03,74.826
196.7,61.267,62.755,73.523
193.44,61.128,63.294,72.612
189.98,61.211,63.721,71.842
192.89,60.325,63.856,71.542
193.7,59.805,63.977,71.134
193.76,60.611,63.992,70.975
194.38,61.327,63.687,71.008
193.03,62.554,63.492,71.042
191.14,65.036,63.398,71.051
189.82,68.725,63.413,70.957
180.52,72.485,63.44,70.782
171.57,76.973,63.455,70.592
163.33,79.398,63.452,70.456
161.75,80.238,63.455,70.431
158.52,79.751,63.462,70.385
154.74,77.897,63.47,70.346
151.11,76.368,63.479,70.324
146.88,74.788,63.492,70.298
142.8,74.26,63.499,70.286
139.52,75.087,63.527,70.243
135.9,77.116,63.543,70.205
131.44,83.755,63.638,70.022
128.36,84.495,63.668,69.847
127.7,86.751,63.636,69.758
126.67,87.523,63.36,69.804
127.36,85.576,63.13,69.835
128.26,83.259,63.093,69.755
129.02,73.889,63.019,69.578
130.85,70.732,63.001,69.527
135.77,67.338,62.974,69.433
141.36,66.773,62.94,69.333
146.57,70.168,62.927,69.279
150.13,77.251,62.926,69.271
150.93,83.758,62.926,69.271
149.69,85.977,62.926,69.271
146.82,84.924,62.926,69.271
143.51,84.031,62.93,69.268
140.13,83.71,62.934,69.265
137.65,83.321,62.938,69.262
134.67,83.012,62.942,69.26
133.45,82.871,62.943,69.259
132.52,82.772,62.944,69.258
131.96,82.607,62.947,69.255
130.77,81.638,62.952,69.252
130.36,80.675,62.96,69.248
129.74,79.373,62.967,69.243
128.84,78.145,62.972,69.239
127.83,77.208,62.98,69.234
126.77,76.245,62.987,69.229
125.25,76.485,62.993,69.223
123.79,76.739,63.003,69.211
122.15,76.957,63.014,69.196
120.91,76.706,63.028,69.18
119.74,76.483,63.044,69.161
119.18,76.593,63.071,69.133
119.68,75.399,63.075,69.127
120.29,74.578,63.079,69.121
121.01,74.792,63.085,69.115
121.94,74.951,63.091,69.107
122.64,75.754,63.101,69.096
123.7,76.352,63.112,69.084
124.68,77.383,63.119,69.076
124.25,78.317,63.132,69.063
124.3,76.574,63.134,69.061
124.55,75.811,63.135,69.06
124.37,75.022,63.137,69.059
124.58,75.014,63.139,69.057
124.69,75.207,63.142,69.054
123.92,75.266,63.143,69.053
120.56,75.392,63.152,69.045
116.86,75.462,63.161,69.036
112.22,74.9,63.167,69.03
106.57,73.67,63.174,69.023
100.76,71.482,63.182,69.016
95.911,57.498,63.27,68.925
84.601,52.999,63.449,68.712
80.839,49.559,63.64,68.502
71.307,45.642,64.105,68.02
59.505,38.1,65.161,67.152
54.752,40.249,66.771,65.285
42.751,41.857,68.727,63.194
31.17,43.269,69.906,62.008
20.933,43.858,71.646,60.644
11.25,44.342,73.088,59.377
3.075,45.966,73.901,58.432
0.69402,53.074,73.594,58.608
-1.7883,51.015,72.779,59.402
-2.5263,43.631,72.123,59.696
-7.6223,42.056,69.574,61.217
-8.8749,33.032,64.569,64.343
-6.2388,32.481,61.871,65.845
-8.9831,31.834,59.171,67.422
-6.3995,32.29,58.367,68.034
-11.83,31.355,57.158,69.005
-10.767,31.091,56.131,69.905
-9.8169,31.363,55.949,70.082
-8.7738,31.834,55.73,70.311
-8.0042,32.315,55.552,70.502
-7.8884,33.364,55.385,70.688
-7.6609,34.109,55.251,70.837
-7.5969,34.882,55.137,70.961
-7.7226,36.388,55.098,71.003
-7.2951,38.479,55.074,71.029
-6.5884,38.547,55.044,71.059
-5.9515,38.525,55.017,71.088
-5.5149,39.007,54.996,71.108
-4.7811,38.997,54.968,71.134
-1.0871,38.804,54.957,71.142
6.8073,39.41,54.98,71.126
17.027,40.167,55.918,70.508
18.043,40.619,57.682,69.413
19.375,40.375,58.752,68.779
21.396,40.285,59.262,68.504
23.323,39.758,59.577,68.321
-5.3457,21.893,56.557,70.815
-3.4507,15.522,54.834,71.809
2.4818,14.046,55.821,70.996
2.9299,19.018,56.673,70.208
5.1237,24.57,56.994,69.955
13.033,29.425,57.531,69.613
21.24,26.561,58.074,69.243
30.078,23.265,58.268,69.098
31.371,21.812,58.373,68.999
32.758,20.695,58.506,68.864
18.488,-3.7221,60.94,66.36
26.744,-9.2341,66.145,61.323
34.028,-8.2635,69.683,58.364
35.042,-8.1445,70.037,58.109
35.755,-7.3374,70.144,58.031
35.395,-6.3235,70.21,57.979
34.139,-5.2019,70.254,57.944
33.126,-4.2438,70.301,57.908
32.423,-3.6719,70.343,57.875
31.736,-3.1445,70.392,57.836
31.272,-2.2209,70.422,57.811
30.896,-1.1489,70.448,57.789
30.882,-0.39215,70.481,57.763
30.612,0.26785,70.518,57.732
29.678,0.0497,70.567,57.695
28.8,0.053118,70.616,57.657
28.05,0.95847,70.649,57.631
27.347,1.5459,70.684,57.604
26.636,2.0988,70.73,57.568
25.914,2.4855,70.764,57.539
25.294,2.9131,70.805,57.505
25.429,3.3623,70.85,57.469
26.298,3.7241,70.893,57.439
28.389,3.2149,70.907,57.43
13.023,-10.416,75.189,53.618
11.088,-8.2088,78.949,50.222
8.7357,-5.7571,82.345,47.704
3.7652,-4.3091,83.838,46.347
9.4691,-3.6241,86.378,44.8
8.9834,-3.0692,89.739,42.902
10.287,-2.8048,91.274,41.939
35.081,-2.4601,94.134,40.103
44.071,-1.9922,96.887,38.319
53.667,-1.7874,98.548,37.124
69.291,-1.239,100.69,35.807
76.275,-0.63842,102.12,35.429
67.35,-0.44089,102.58,35.331
58.544,-0.29752,103.55,34.985
37.103,0.30463,106.04,34.412
33.502,0.91167,108.52,34.184
40.191,1.4116,110.58,34.348
54.172,1.1034,112.41,34.46
62.331,1.2179,113.79,34.214
70.235,1.5045,115.22,33.946
79.173,2.0477,115.72,33.855
87.553,2.4303,116.37,33.779
95.483,2.0436,117.06,33.796
100.54,1.8665,118.58,33.74
99.225,2.0676,119.88,33.661
98.901,2.8257,120.67,33.636
110.1,10.126,120.55,33.827
108.91,10.201,120.54,33.884
106.79,11.003,120.53,33.892
104.04,14.171,120.53,33.897
101.92,17.344,120.53,33.903
99.605,19.613,120.51,33.924
97.266,21.006,120.45,34.008
98.046,22.144,120.42,34.065
98.331,23.856,120.42,34.075
100.38,24.397,120.41,34.079
102.69,25.875,120.41,34.082
105.04,26.795,120.41,34.085
105.94,27.066,120.41,34.087
108.18,26.684,120.4,34.093
111,27.857,120.4,34.098
113.31,29.037,120.39,34.11
114.97,30.33,120.37,34.123
116.54,31.116,120.36,34.14
116.63,32.633,120.34,34.158
114.73,33.505,120.32,34.188
113.26,34.592,120.28,34.216
112.41,35.229,120.24,34.25
109.6,36.659,120.22,34.264
107.16,37.856,120.09,34.366
97.452,36.738,119.8,34.575
97.184,34.823,119.57,34.738
97.001,32.146,119.32,34.946
93.81,31.904,119.19,35.032
91.16,30.121,119,35.177
84.612,30.505,118.98,35.19
79.203,31.058,118.82,35.274
71.534,31.834,118.79,35.298
64.845,32.473,118.77,35.308
59.346,32.09,118.77,35.31
55.481,31.87,118.76,35.318
51.519,30.4,118.74,35.33
50.217,28.571,118.71,35.347
51.836,19.053,118.67,35.405
51.905,18.934,118.65,35.538
50.16,18.525,118.64,35.621
47.444,18.172,118.63,35.633
43.496,17.054,118.63,35.635
40.472,16.262,118.61,35.651
36.273,8.4157,118.32,35.938
23.689,2.4306,118.07,36.181
30.232,5.3089,117.76,36.532
27.695,7.5371,117.26,37.03
24.988,9.3633,116.94,37.389
21.017,10.419,116.69,37.651
18.443,11.913,116.48,37.948
15.211,13.709,116.19,38.257
2.3804,15.596,115.89,38.637
-6.3103,16.397,115.15,39.444
-11.245,17.8,112.48,42.017
-9.752,16.701,108.73,45.293
-12.569,15.483,104.81,48.618
-11.325,14.432,104.46,48.853
-8.5427,12.979,104.4,48.892
-1.808,11.02,104.4,48.903
3.8098,10.141,104.39,48.917
4.0803,9.8657,104.39,48.964
5.7991,1.9122,104.57,48.935
6.5782,4.2722,104.58,49.016
-1.6599,4.8992,104.58,49.177
-1.7007,5.9277,104.47,49.401
-2.215,8.2815,103.7,50.107
-8.6218,9.5337,102.48,51.112
-8.7083,11.036,101.32,52.21
-8.7326,11.814,100.05,53.39
-8.3585,12.933,98.359,55.069
-7.3299,12.807,96.282,57.259
-13.61,11.128,91.737,60.735
-15.379,10.454,87.134,64.121
-13.018,9.2347,85.678,65.165
-15.692,9.2444,82.711,67.432
-2.4888,12.18,82.558,67.53
-0.090542,13.345,82.654,67.355
2.5816,14.799,82.701,67.279
7.106,15.056,82.76,67.195
18.72,15.633,83.393,66.574
19.64,16.287,84.182,65.768
12.793,17.123,85.517,64.203
22.3,16.917,87.068,62.662
22.577,15.82,87.83,61.996
14.713,14.842,88.828,60.992
15.217,13.268,89.321,60.582
16.764,11.46,89.554,60.395
17.472,10.013,89.988,60.049
18.382,8.7552,90.513,59.656
18.391,7.8196,90.872,59.402
11.688,-1.0223,91.988,58.593
14.541,-1.2096,93.2,57.719
16.701,-1.689,93.82,57.271
8.9685,-9.0792,95.255,56.012
10.846,-8.1606,96.424,55.026
12.237,-7.3807,97.539,54.134
13.008,-7.1538,98.268,53.544
13.499,-6.7823,98.517,53.345
13.862,-5.9562,98.697,53.187
13.465,-5.1553,99.195,52.772
13.031,-4.3779,99.511,52.506
12.875,-3.6162,99.824,52.243
12.755,-3.2658,100.06,52.035
11.855,-3.4467,100.38,51.767
11.789,-3.6126,100.72,51.439
5.165,-3.364,102.35,49.849
8.4912,-3.3977,103.25,49.03
5.3236,-2.4488,104.49,47.605
8.1902,-1.6603,106.37,45.924
18.183,-1.5635,107.55,45.029
27.36,-1.3094,109.61,43.763
36.027,-1.0595,111.41,42.634
45.044,-0.92185,113.1,41.625
56.085,-0.55311,113.86,41.126
67.63,-0.090549,114.14,40.941
69.185,1.2273,114.21,40.926
70.613,2.4641,114.25,40.927
73.083,3.5849,114.28,40.934
75.641,4.6232,114.29,40.937
76.694,5.34,114.3,40.946
78.427,5.7039,114.31,40.949
77.802,6.5682,114.38,40.919
77.521,7.3909,114.46,40.885
77.671,6.9933,114.54,40.847
86.997,-0.19606,114.75,40.683
87.689,1.9745,114.89,40.626
87.842,3.5613,114.93,40.669
87.405,4.981,114.86,40.752
87.291,7.0619,114.85,40.812
88.077,8.0836,114.8,40.921
88.082,7.8584,114.86,41.012
87.693,6.8102,114.92,40.999
85.983,-1.3057,115.26,40.764
115.03,-0.49572,116.04,40.304
115.04,0.86431,116.46,40.065
114.73,3.0872,116.6,40.079
114.28,12.793,116.63,40.146
114.66,20.538,116.62,40.15
115.26,29.325,116.62,40.152
116.05,38.179,116.62,40.152
115.95,46.942,116.62,40.154
116.09,57.39,116.53,40.208
117.64,48.769,116.26,40.347
117.65,47.567,116.11,40.39
117.19,46.03,116.11,40.409
115.65,44.484,116.11,40.406
113.77,44.268,116.11,40.404
113.26,45.395,116.11,40.404
113.31,46.225,116.11,40.406
113.75,47.27,116.11,40.407
113.56,49.837,116.11,40.408
113.45,53.698,116.11,40.409
113.85,58.811,116.11,40.411
113.28,62.389,116.1,40.412
112.66,65.053,116.1,40.413
111.52,65.679,116.1,40.414
110.73,66.239,116.1,40.417
108.88,66.656,116.09,40.423
107.06,67.241,116.09,40.432
105.2,67.589,116.08,40.441
104.12,67.874,116.06,40.46
103.28,67.536,116.04,40.474
102.68,67.618,116.02,40.491
102,66.978,116.01,40.504
101.95,65.745,115.99,40.518
102.58,63.767,115.96,40.542
103.27,62.364,115.9,40.601
103.31,61.321,115.87,40.634
103.05,60.656,115.83,40.678
102.36,60.672,115.81,40.704
101.63,60.561,115.79,40.718
100.68,60.457,115.77,40.738
100.18,60.647,115.76,40.747
99.638,60.819,115.75,40.757
97.829,61.772,115.75,40.758
95.293,63.063,115.75,40.758
94.838,62.089,115.75,40.756
94.696,42.845,114.94,41.996
77.308,54.086,113.98,42.81
61.163,54.264,113.06,43.985
44.322,36.786,113.07,44.334
37.576,36.239,112.99,45.192
28.686,35.717,112.89,45.885
11.927,34.747,112.85,46.898
5.8836,37.427,112.49,47.294
5.8468,48.453,111.76,47.849
-2.1315,49.494,111.21,48.347
-9.8342,40.755,110.16,48.939
-11.303,39.108,109.35,49.244
-14.129,37.768,108.37,49.538
-14.542,36.323,106.7,50.527
-14.44,35.934,105.82,51.046
-21.21,33.341,103.97,52.276
-23.333,22.931,99.994,54.971
-19.802,22.215,99.172,55.581
2.9294,22.225,99.72,55.908
5.3888,21.937,100.12,56.055
8.9443,21.592,100.36,55.99
11.009,20.385,100.47,55.938
14.224,18.969,100.5,55.919
17.071,17.26,100.5,55.915
18.679,16.09,100.51,55.911
20.191,15.227,100.51,55.909
20.488,14.286,100.51,55.906
21.334,13.285,100.52,55.903
22.064,11.935,100.52,55.9
22.489,10.617,100.53,55.895
23.299,8.9708,100.54,55.888
24.183,7.0933,100.54,55.884
26.16,5.344,100.56,55.874
27.96,3.8903,100.58,55.862
29.862,3.1308,100.6,55.85
31.874,2.3301,100.64,55.826
34.23,1.7727,100.66,55.815
37.156,0.96252,100.67,55.806
39.949,0.18067,100.7,55.791
43.552,-0.28373,100.73,55.776
47.523,-0.69299,100.78,55.749
49.576,-0.31558,101.02,55.636
52.515,-0.05934,101.13,55.577
55.65,0.59967,101.27,55.502
59.22,1.3876,101.37,55.453
63.099,1.7011,101.49,55.378
65.994,1.8215,101.58,55.322
67.427,1.8263,101.66,55.271
66.624,1.5767,101.8,55.188
65.3,1.0398,102.01,55.068
63.697,0.35224,102.48,54.817
50.768,0.14901,103.07,54.408
37.825,-0.12605,104.56,53.292
35.877,-0.63448,105.69,52.193
34.328,-1.2839,106.43,51.496
52.149,-2.1156,106.95,50.796
70.256,-2.3368,107.48,50.074
77.794,-2.2069,108.05,49.435
95.912,-2.1969,108.65,48.64
114.15,-2.1024,109.18,47.71
121.72,-2.0017,109.56,47.121
119.53,-1.7593,110.21,46.546
137.92,-1.0565,110.14,45.851
148.97,-0.11633,110.24,45.283
160.59,0.009676,110.88,44.803
168.64,1.7779,111.6,44.622
169.84,2.4331,112.18,44.635
171.2,2.8569,112.26,44.626
163.83,2.3918,112.36,44.626
177.67,1.909,112.43,44.666
209.12,1.6124,112.76,44.8
214.34,1.9921,112.58,44.905
218.4,3.0878,112.23,45.212
221.91,11.135,111.92,45.585
226.47,10.479,111.6,45.874
230.25,11.889,111.45,45.987
232.71,20.289,111.32,46.145
236.81,19.37,111.14,46.273
240.81,19.223,110.97,46.38
245.68,20.282,110.77,46.5
249.42,22.216,110.69,46.535
253.59,24.65,110.67,46.546
255.34,31.87,110.65,46.556
256.4,38.792,110.63,46.563
256.63,45.089,110.62,46.569
256.62,49.406,110.62,46.571
257.62,51.625,110.62,46.574
257.07,53.714,110.62,46.574
255.42,54.326,110.63,46.572
254.25,63.808,110.77,46.48
252.88,64.084,110.86,46.422
252.76,64.241,110.88,46.408
252.13,63.516,110.89,46.405
248.85,62.182,110.9,46.397
245.96,60.379,110.9,46.373
240.95,58.724,110.79,46.281
234.01,57.813,110.7,46.233
240.38,56.848,110.38,46.265
242.72,47.724,110.17,46.123
239.67,46.928,109.98,46.165
239.05,45.818,109.72,46.247
239.07,36.564,109.8,46.139
246.49,36.906,109.51,46.259
251.85,37.71,109.64,46.143
258.39,38.331,109.8,46.019
264.47,38.727,109.95,45.915
263.22,29.809,110.08,45.869
261.12,30.28,110.13,45.851
252.15,30.55,110.2,45.838
260.9,31.258,110.26,45.813
261.47,41.439,110.3,45.765
270.17,51.34,110.33,45.71
269.82,52.906,110.35,45.688
279.55,62.904,110.4,45.608
280.4,63.019,110.43,45.549
281.29,63.104,110.44,45.483
296.14,64.605,111.05,45.107
293.26,66.231,111.38,44.829
297.8,75.995,111.64,44.475
284.05,77.038,111.93,44.032
278.25,77.164,111.94,43.791
264.42,69.326,111.98,43.296
250.42,61.53,111.54,42.425
240.99,53.289,110.52,41.811
224.1,45.037,109.28,41.309
216.55,43.295,109.08,41.244
201.5,34.967,108.88,41.18
197.08,34.892,108.88,41.176
192.26,34.479,108.88,41.175
189.86,34.243,108.89,41.173
190.42,44.211,108.97,41.094
190.05,44.563,109.02,41.057
186.03,44.733,109.03,41.049
182.45,45.432,109.03,41.048
181.54,46.301,109.03,41.048
182.3,46.503,109.03,41.05
183.32,45.856,109.02,41.055
182.27,44.806,109.02,41.062
181.58,43.748,109.02,41.066
181.94,42.303,109.01,41.074
182,40.815,109,41.087
181.79,39.304,108.98,41.103
180.2,37.971,108.98,41.111
177.69,36.781,108.96,41.135
174.85,35.949,108.95,41.145
170.97,35.838,108.96,41.144
166.41,35.84,108.97,41.141
162.69,35.912,108.96,41.14
137.63,45.088,101.67,48.401
150.35,51.365,94.895,55.896
158.77,41.162,89.461,62.136
171.76,32.474,84.257,68.311
181.78,31.826,80.153,73.481
191.78,24.2,77.045,76.967
201.73,25.863,75.199,79.42
210.24,37.03,73.572,81.667
212.42,39.528,71.863,84.187
222.55,41.583,70.764,85.702
224.45,45.409,69.475,86.642
233.4,45.917,70.018,84.891
232.92,56.187,70.283,83.9
233.4,57.318,70.435,83.251
234.58,58.918,70.59,82.503
229.3,70.13,68.763,84.795
236.89,61.231,69.707,83.619
236.75,53.87,70.536,81.798
236.56,47.765,71.237,79.951
236.84,48.578,71.864,78.832
237.27,42.049,72.29,77.356
238.04,43.179,72.502,76.403
245.01,44.975,72.819,75.812
243.7,46.486,73.052,75.317
243.64,48.802,73.425,75.156
242.68,50.858,73.621,75.139
243.53,54.388,71.468,77.276
249.73,57.832,71.969,77.244
247.19,51.301,72.441,76.937
244.28,54.536,72.912,76.893
242.22,49.138,73.314,76.364
241.14,52.722,73.542,76.158
240.8,56.456,73.665,76.004
247.46,59.998,73.764,75.906
247.9,74.318,72.8,77.037
256.28,76.822,71.158,79.195
257.34,70.95,70.405,80.093
265.59,66.163,69.314,81.397
266.47,61.684,68.819,82.001
275.51,76.258,67.156,84.3
283.4,72.935,66.303,85.322
285.03,68.652,65.728,86.065
294.09,64.262,64.35,87.571
295.72,69.058,63.697,88.371
303.13,72.926,63.121,88.943
304.12,77.003,62.762,89.224
305.56,80.726,62.425,89.521
305.09,83.639,62.143,89.776
296.86,70.768,61.89,90.366
287.96,67.797,61.701,90.705
279.35,63.129,61.477,91.016
276.83,59.86,61.151,91.527
273.36,61.558,61.079,91.714
264.13,65.802,61.07,91.841
261.61,70.622,60.916,92.003
258.37,82.841,60.869,92.056
256.42,94.076,60.747,92.158
256.41,101.36,60.619,92.17
255.29,108.73,60.557,92.171
253.72,113.93,60.396,91.99
254.68,116.62,60.132,91.931
257.04,111.5,59.948,91.938
257.8,108.28,59.703,91.997
259.64,104.79,59.475,92.013
261.36,101.94,59.32,92.041
259.55,102.91,58.768,92.13
257.64,97.434,58.381,92.273
257.26,98.056,57.956,92.43
257.17,99.109,57.309,92.675
255.22,103.13,56.878,92.889
249,103.33,56.675,92.709
244.67,104.31,56.58,92.421
238.92,101.15,56.607,92.168
233.09,90.46,56.839,91.798
228.03,78.818,57.242,91.275
227.32,70.247,57.082,91.152
221.59,70.041,57.391,90.552
215.95,70.709,58.097,89.649
212.2,73.387,59.094,88.383
207.66,76.779,60.143,87.026
203.74,79.717,60.995,86.042
206.85,82.47,62.989,83.989
201.41,85.526,64.639,82.353
196.94,86.232,66.092,81.013
199.18,84.055,66.433,80.742
200.33,80.985,66.854,80.364
194.63,80.147,68.286,79.329
190.56,81.763,68.834,78.833
193.62,82.569,69.221,78.509
187.12,89.752,69.904,78.044
181.89,88.176,70.463,77.64
184.37,87.887,70.764,77.426
184.39,88.065,70.877,77.303
185.51,97.325,70.402,77.544
183.64,100.09,70.178,77.652
175.83,101.39,69.444,78.033
168.99,94.24,68.916,78.271
167.63,86.883,68.417,78.514
161.71,85.851,67.876,78.756
161.29,83.398,67.238,79.082
159.43,83.883,66.241,79.563
157.74,85.871,65.405,79.998
156.31,85.384,64.311,80.604
156.35,79.103,63.199,81.414
159.12,72.721,62.027,82.416
159.78,63.5,60.552,83.544
153.7,55.695,59.844,84.02
157.5,49.297,59.083,84.688
164.39,51.718,58.142,85.593
166.79,54.803,57.671,86.197
166.9,59.119,56.886,86.884
170.54,63.283,56.401,87.243
174.07,67.229,55.782,87.541
175.13,71.423,55.333,87.828
181.73,73.523,54.985,88.075
185.07,74.65,54.913,88.447
192.13,84.892,54.755,88.571
194.74,86.346,54.76,88.999
197.93,86.539,54.914,89.32
198.02,80.12,55.235,89.275
201.85,73.822,55.346,89.671
212.09,74.373,55.435,90.576
214.33,75.222,55.714,91.244
215.85,68.05,55.863,91.84
217.32,44.668,55.965,91.747
217.8,35.652,56.116,91.906
217.2,18.113,56.291,91.869
210.83,10.891,56.139,92.356
210.25,12.846,56.081,92.377
204,14.68,56.039,92.211
203.52,14.793,58.465,88.963
194.62,15.748,60.994,85.586
194.05,16.022,62.539,83.643
194.3,14.489,60.929,84.981
193.66,13.191,60.13,85.436
193.2,5.3932,61.439,83.381
190.96,14.681,62.558,82.025
188.38,24.516,64.23,80.072
186.37,25.873,65.601,78.113
184.93,36.082,66.985,76.233
184.66,45.749,68.238,74.85
183.53,47.73,69.148,73.233
189.49,58.854,70.185,72.186
188.73,60.991,71.125,70.807
195.43,62.648,71.753,69.873
194.65,64.288,72.369,68.797
202.31,73.873,72.584,68.075
201.99,83.036,72.749,67.872
203.23,85.42,72.625,66.974
211.6,94.317,72.349,66.57
212.14,94.851,72.06,65.992
213.03,95.319,71.722,65.901
219.77,97.218,70.917,66.471
219.71,97.973,70.475,66.962
226.83,98.447,70.246,68.564
228.27,90.503,70.035,69.055
234.93,91.348,69.8,70.124
235.89,83.333,69.527,70.22
243.82,84.704,69.461,70.882
251.35,84.791,69.386,71.782
257.46,77.941,68.953,71.705
263.31,79.057,68.821,72.056
269.06,71.036,68.494,71.598
274.82,64.115,68.301,70.397
273.03,64.092,68.371,69.192
272.48,64.448,68.487,68.223
271.49,64.791,68.365,67.327
267.5,66.504,67.713,66.344
257.11,68.437,67.245,65.671
252.7,70.233,66.733,65.16
241.36,70.916,66.36,64.99
237.73,71.72,65.831,64.932
227.98,66.243,65.636,64.274
224.59,69.102,65.244,63.753
220.94,78.982,64.894,63.979
217.02,81.261,64.525,63.817
212.44,83.655,64.239,63.854
208.23,85.5,64.047,63.875
205.46,86.989,63.774,63.765
203.94,98.631,63.021,64.747
201.75,100.9,62.122,66.176
194.39,100.53,61.496,67.244
194.74,99.942,60.306,69.159
191.92,107.08,60.828,69.411
191.16,108.73,61.241,69.678
189.68,126.99,61.554,70.039
188.83,136.23,62.101,70.369
189.92,137.85,62.676,70.589
193.1,132.26,62.895,70.62
195.67,133.56,62.198,71.875
198.08,128.98,61.491,73.182
200.74,124.48,60.917,74.154
198.94,126.51,60.272,75.237
197.95,121.57,59.812,76.099
200.01,116.92,59.263,77.077
200.69,120.09,58.887,77.658
199.96,115.21,58.505,78.091
199.95,108.27,57.879,78.916
198.71,101.48,57.152,79.823
196.73,95.043,56.791,80.323
194.46,88.665,56.496,80.944
194.94,84.012,56.261,81.467
195.39,87.295,56.202,81.627
196.15,89.671,56.196,81.76
195.8,93.09,56.15,81.799
196.12,96.726,56.097,81.927
198.54,100.56,56.02,82.066
201.78,106.06,55.957,82.004
204.38,117.55,55.942,82.106
204.75,120.67,56.55,81.454
205.03,124.78,57.367,80.637
209.37,126.8,58.642,78.963
206.3,128.96,59.766,77.531
209.37,132.37,60.832,75.918
205.47,137.44,61.745,74.71
200.96,147.79,63.088,73.719
196.56,150.06,64.219,72.557
192.98,151.14,65.237,72.015
196.09,143.73,65.947,71.388
193.01,130.74,66.464,71.032
196.88,117.06,66.984,70.431
199.89,102.28,67.497,70.095
204.74,87.271,68.127,69.749
208.31,79.814,68.858,69.222
212.23,72.777,69.163,68.889
218.26,73.698,69.645,68.822
230.93,74.898,69.854,68.505
235.99,78.196,69.954,68.567
242.45,80.782,70.031,68.587
247.92,83.015,70.24,68.578
252.44,84.436,70.397,68.429
247.97,78.412,70.583,68.437
244.97,80.034,70.702,68.391
249.64,81.497,70.929,68.442
246.73,74.268,71.24,68.547
246.06,66.832,71.22,68.665
252.07,59.561,71.657,68.831
259.99,51.95,72.319,69.661
254.92,51.552,69.775,73.399
267.52,43.632,67.609,77.045
278.71,43.939,66.698,79.017
295.12,28.342,67.986,78.003
302.26,30.738,69.337,77.366
309.27,33.286,70.339,77.624
314.8,25.928,71.515,77.51
319.67,18.71,72.721,77.291
320.48,19.704,73.52,77.457
322.11,20.559,71.248,80.808
324.11,20.174,69.188,84.081
323.84,11.095,70.37,82.96
324.65,22.404,68.923,85.302
325.98,24.032,67.875,87.258
321.78,15.106,68.585,86.43
318.2,14.959,69.031,85.387
310.35,17.81,67.516,87.031
302.39,19.329,66.36,89.298
300.21,21.865,65.262,91.109
293.22,24.679,64.192,93.12
290.97,37.142,63.21,95.439
280.82,41.189,62.641,96.882
278.08,46.92,62.188,97.703
271.24,48.931,61.926,99.052
270.22,50.924,61.942,99.841
267.39,47.205,61.566,100.26
267.29,50.156,61.851,100.6
267.84,52.48,62.112,100.76
270.42,46.566,62.21,100.67
277.83,51.014,62.291,100.53
284.79,54.205,62.291,100.19
292.47,49.597,62.505,99.89
300.05,52.669,62.547,99.76
302.03,54.131,62.788,99.67
311.42,49.674,62.991,99.211
312.07,45.507,63.039,98.967
312.09,46.507,63.009,99.408
312.46,39.052,63.137,99.494
311.43,31.539,62.905,100.11
303.39,22.874,62.811,100.6
300.64,8.6299,62.467,100.8
290.18,3.2059,62.339,101.25
280.71,4.6176,62.187,101.75
271.72,-1.2597,62.044,101.82
260.88,-5.0165,62.027,101.48
250.29,-1.2666,61.929,101.27
239.63,1.2503,61.787,101.24
230.28,-3.7863,61.817,100.99
227.32,1.4673,61.696,100.92
216.62,5.7729,61.741,100.77
207.51,9.2696,61.847,100.84
206.29,13.419,61.836,100.87
203.64,18.3,61.794,101.08
194.91,22.873,62.164,101.08
195.28,29.325,62.421,100.96
188.36,34.277,62.828,100.97
182.14,39.63,63.245,100.96
179.01,43.366,63.108,101.25
168.39,37.187,63.358,101.43
160.49,21.876,63.527,101.67
159.79,17.114,63.612,101.87
154.47,12.556,63.871,101.87
154.97,19.265,63.98,101.83
154.19,34.743,64.111,101.9
154.97,49.58,64.174,101.98
158.16,57.548,64.207,101.95
159.48,72.063,64.275,102.06
162.38,77.387,64.314,102.09
161.43,81.226,64.419,102.18
158.86,78.983,64.352,102.45
156.57,73.428,64.049,102.76
153.51,66.911,63.872,102.84
151.02,65.401,63.901,102.78
148.7,66.193,63.954,102.78
145.54,69.652,63.916,102.81
146.42,75.805,63.961,102.75
145.39,83.402,63.977,102.68
142.28,89.266,63.975,102.65
131.61,89.529,64.07,102.48
130.03,84.334,64.08,102.43
120.8,71.416,64.2,102.21
112.51,60.156,64.32,101.93
104.82,51.195,64.478,101.55
104.27,52.026,64.53,101.36
102.25,51.688,64.526,101.15
102.15,53.056,64.56,100.77
103.96,54.805,64.597,100.47
106.48,58.373,64.644,100.25
112.39,68.351,64.695,100.02
124.68,70.809,64.714,99.722
135.85,72.668,64.709,99.13
149.31,74.562,64.708,98.691
163.98,77.864,64.657,98.457
175.63,82.186,64.633,98.216
188.49,93.618,64.595,97.576
198.76,105.16,64.546,97.275
208.37,108.29,64.542,97.005
211.77,111.42,64.466,96.692
214.88,114.21,64.266,96.281
219.01,113.03,64.12,95.991
221.78,112.43,64.034,95.423
223.28,115.33,64.021,94.857
224.85,117.75,64.087,94.279
223.11,120.63,64.092,93.751
220.35,122.06,64.075,93.296
218.33,119.08,63.886,92.943
214.84,117.82,63.779,92.778
205.07,103.02,64.828,90.928
203.66,106.28,65.944,89.358
202.67,118.05,65.786,89.664
202.02,122.6,65.535,89.597
204.02,118.1,65.492,89.63
203.21,115.57,65.41,89.634
199.73,100.39,66.462,87.324
197.62,105.69,67.346,85.775
197.13,109.76,68.848,83.905
199.07,113.03,69.628,83.242
200.18,109.41,70.496,82.057
203.02,113.72,71.189,81.435
202.83,110.74,71.54,80.253
203.6,115.15,71.719,79.915
204.59,125.16,71.16,80.77
206.49,122.56,70.799,81.265
206.67,129.16,71.544,80.806
211.97,127.26,71.999,80.375
210.87,134.11,72.537,79.707
211.35,139.56,73.324,78.899
212.9,135.34,74.146,78.039
214.98,130.86,74.882,77.578
215.01,127.43,75.403,77.061
216.47,123.68,76.039,77.07
218.54,120.88,76.788,76.942
219.64,117.9,77.43,76.867
221.83,124.26,78.135,76.324
230.54,121.47,78.427,75.916
231.94,118.9,78.878,75.93
234.11,117.29,79.279,76.21
242.63,115.25,79.246,76.86
244.36,113.45,79.213,77.707
246.08,121.97,79.382,78.244
247.09,121.05,79.679,79.086
249.04,114.81,76.745,82.757
250.94,120.15,74.844,85.122
250.18,127.52,75.682,84.977
247.63,135.16,76.369,84.715
244.01,133.34,76.766,84.691
236.05,106.81,75.258,86.345
235.98,109.42,73.452,88.491
235.6,102.77,71.552,90.758
236.83,97.484,70.713,91.625
238.47,99.795,69.381,93.169
238.77,94.557,68.355,94.235
238.72,98.047,67.585,95.26
239.37,93.706,67.047,95.725
239.14,96.776,66.347,96.38
238.5,92.546,65.776,96.687
237.06,89.209,65.445,96.823
235.44,84.813,65.259,96.901
233.9,80.866,65.08,96.987
232.1,76.767,64.872,97.118
229.41,77.94,64.731,97.35
227.2,80.912,64.466,97.626
225.23,85.281,64.2,97.843
214.85,86.114,63.915,98.213
212.46,87.908,63.599,98.498
201.59,83.709,63.186,98.804
191.7,87.362,62.235,99.527
182.35,81.896,61.292,100.08
172.69,84.944,60.78,100.59
164.61,80.693,60.408,100.55
158.32,84.285,59.877,100.92
156.42,86.096,59.635,101.06
147.09,86.102,59.581,101.06
148.46,79.575,59.589,100.95
147.4,74.039,59.474,100.92
145.09,76.283,59.443,100.91
153.33,71.612,59.358,100.85
151.28,75.614,59.381,100.79
149.58,78.023,59.391,100.78
148.97,78.588,59.6,100.77
149.79,72.638,59.86,100.52
149.15,75.376,60.123,100.53
147.23,74.85,60.325,100.46
147.74,75.05,60.622,100.4
147.77,82.646,61.125,100.43
148.73,74.653,62.894,98.425
151.24,87.167,64.31,96.794
159.83,99.766,65.578,95.562
162.45,102.05,66.413,94.588
171.87,115.74,65.953,95.049
172.62,122.15,65.558,95.742
173.59,125.3,65.459,95.808
180.94,127.84,64.947,96.071
180.38,121.3,64.719,96.209
189.3,125.03,64.64,96.318
187.52,142.14,65.879,94.9
192.87,149.46,67.36,93.465
190.57,158.35,69.422,90.741
189.09,157.03,71.089,88.612
186.13,155.67,73.61,85.871
182.97,153.52,75.453,84.07
171.03,151.5,77.035,82.25
160.27,149.52,78.381,80.871
149.63,146.35,80.16,79.342
136.77,145.41,82.89,77.235
125.88,143.78,84.166,76.178
122.05,142.05,84.975,75.478
118.32,139.99,85.397,75.075
114.14,137.75,85.67,74.82
112.44,136.09,85.806,74.669
120.44,134.59,86.14,74.289
125.58,144.14,86.562,73.818
132.21,143.33,86.579,73.664
129.96,140.55,86.568,73.583
130.47,146.92,86.493,73.595
131.95,144.75,86.485,73.509
133.13,145,86.524,73.451
132.13,146.53,86.58,73.385
131.36,148.06,86.616,73.345
134.73,146.52,86.618,73.344
139.03,145.5,86.629,73.338
138.14,144.04,86.606,73.344
134.65,142.86,86.595,73.347
131.37,140.75,86.543,73.394
125.76,139.85,86.52,73.414
123.06,137.12,86.484,73.441
121.28,136.03,86.427,73.492
110.38,122.41,86.561,73.542
109.01,131.44,86.785,73.482
100.92,141.69,87.476,72.894
81.118,160.61,89.614,71.053
82.397,168.89,91.449,69.331
82.172,168.48,91.717,69.075
80.46,167.38,92.258,68.595
80.456,166.2,93.657,67.263
80.839,164.32,94.387,66.585
80.744,153.68,95.029,66.069
78.717,151.75,95.089,66.031
78.157,150.1,95.224,65.95
90.515,149.12,95.392,65.784
118.27,117.67,97.477,64.196
118.29,126.74,98.75,63.451
126.83,145.97,101.24,60.577
134.76,154.98,101.85,59.593
141.24,155.61,104.43,57.611
151.23,164.61,104.85,56.893
163.22,163.53,106.29,56.777
183.07,163.47,106.19,56.563
195.59,161.29,106.26,56.746
209.82,150.57,106.31,56.859
224.24,148.65,106.2,56.977
237.94,138.04,106.14,57.127
251.22,136.2,105.67,57.206
254.92,124.5,105.38,57.22
269.39,112.54,104.92,57.348
273.53,100.98,103.76,57.452
277.67,98.902,103.09,57.493
280.95,96.459,102.02,58.264
283.82,93.229,100.58,59.353
287.38,88.239,99.414,60.354
290.77,83.564,98.351,61.228
294.27,79.227,97.756,61.702
296.9,56.424,96.468,63.512
301.93,42.642,92.304,68.288
306.51,41.141,89.013,71.918
320.64,39.521,84.902,76.369
324.41,38.143,82.465,78.959
336.8,37.429,79.376,82.251
347.2,37.444,76.722,84.96
350.65,34.736,75.172,86.557
363.25,26.091,72.178,89.767
365.94,26.571,70,92.244
367.57,26.029,67.847,94.499
369.85,18.117,66.093,96.294
370.85,21.826,65.004,97.387
321.98,-14.863,73.146,90.075
309.86,-11.235,75.732,87.461
300.26,-7.2238,79.029,84.139
299.67,-4.6309,80.63,82.511
288.39,-9.8468,82.845,79.087
279.49,-7.0216,84.25,76.619
273.5,-5.309,85.161,74.715
274.46,4.9517,85.423,74.743
272.86,6.6199,85.494,74.849
272.4,7.0237,85.562,75.128
272.09,6.4578,85.626,75.284
271.78,6.2009,85.789,75.517
271.47,6.3458,86.093,75.595
273.47,6.2871,86.444,75.454
275.17,6.4925,86.59,75.389
276.86,6.6892,86.614,75.285
277.17,-1.3159,86.743,74.68
276.94,0.7811,86.785,74.505
276.2,1.8636,86.715,74.491
274.45,2.1677,86.524,74.626
272.72,2.4506,86.263,74.781
270.96,3.754,85.82,74.813
268.89,4.668,85.362,75.127
266.98,-0.49204,85.136,74.837
258.89,-7.9748,85.815,72.682
258.23,-6.5683,86.245,71.167
257.03,5.9687,85.765,71.646
259.32,25.073,82.509,76.369
255.78,22.354,78.912,81.431
258.48,13.074,75.86,86.086
260.28,11.661,73.439,89.951
262.06,10.274,71.249,93.384
262.79,10.423,70.015,95.116
262.72,9.1976,68.769,96.917
262.52,9.454,67.531,98.638
256.7,7.3165,65.957,101.56
256,10.251,65.465,103.07
254.58,14.747,65.266,104.23
248.18,16.884,64.512,106.23
247.41,24.324,64.617,105.87
244.91,30.587,64.848,105.34
237.42,35.141,64.961,104.54
236.63,41.552,65.311,103.48
233.9,43.867,67.594,100.27
231.09,56.324,66.977,101.07
228.16,48.845,69.23,97.667
227.13,50.176,71.192,94.788
227.52,50.451,72.42,92.844
237.09,62,71.174,94.412
245.84,63.022,70.428,95.287
250.88,61.48,69.632,96.359
261.87,62.343,68.76,96.803
270.95,63.501,68.122,96.873
276.36,64.189,67.282,97.279
290.01,66.535,66.642,97.078
295.03,67.117,66.255,97.061
304.69,70.51,65.824,96.719
306.13,73.146,65.333,96.63
306.26,73.952,64.981,97.114
301.25,64.281,64.539,97.48
300.35,56.577,64.397,97.586
298.78,50.437,64.299,97.521
298.1,44.276,64.363,97.394
296.8,28.562,65.823,94.393
296.28,23.783,67.045,91.736
295.76,17.936,68.289,89.284
296.15,16.338,69.598,88.205
303.09,8.7766,70.819,86.331
302.87,9.8109,71.954,84.703
308.26,10.617,72.711,83.634
306,11.248,73.803,82.164
304.76,13.605,74.952,79.963
301.37,16.314,75.672,78.061
291.05,20.22,76.462,75.957
280.68,22.223,77.15,74.413
270.51,23.861,77.809,73.042
260.61,25.925,78.27,71.901
250.39,26.339,78.703,71.386
241.16,26.64,79.146,71.63
231.84,26.598,79.443,71.994
222.74,26.57,79.511,72.403
218.52,28.958,79.118,72.587
207.85,30.737,78.933,72.747
203.66,33.148,78.42,72.882
194.07,43.463,78.276,73.499
191.73,35.826,77.578,73.629
190.27,37.129,76.903,73.995
188.8,47.32,76.522,74.91
187.96,47.946,76.268,75.26
186.69,57.732,76.096,75.979
186.33,56.875,75.923,77.143
187.97,58.298,74.051,79.713
189.59,58.182,71.949,82.943
190.53,50.438,70.082,85.424
196.8,45.178,68.599,86.943
189.71,36.647,69.082,86.372
192.69,37.86,69.737,85.517
195.49,39.293,70.315,84.714
197.87,40.699,70.573,84.227
199.36,41.955,70.864,83.766
194.91,43.556,71.246,83.32
198.21,44.438,71.537,83.105
200.08,44.704,71.708,83.008
201.86,47.622,71.167,83.776
203.28,49.129,70.652,84.631
197.7,41.088,71.005,84.31
200.74,43.595,71.226,84.184
202.73,55.306,71.756,84.269
204.65,57.051,72.104,84.352
205.79,58.278,72.336,84.442
205.41,59.408,72.585,84.546
205.33,59.453,72.274,85.255
205.84,52.02,71.635,86.599
203.28,52.601,72.116,86.776
203.62,45.1,72.663,86.571
206.21,48.388,71.68,88.046
205.63,42.011,72.31,87.415
205.18,42.744,72.972,87.305
206.38,37.47,73.592,86.818
207.44,39.315,73.882,86.844
211.08,42.493,73.388,87.759
212.55,37.065,72.446,89.237
211.85,31.061,71.513,90.554
205.89,24.185,70.951,91.562
207.6,18.349,70.655,92.082
206.2,12.262,70.304,92.62
200.26,7.3152,69.984,93.102
197.99,11.424,69.401,93.938
188.5,7.2093,68.816,94.829
186.84,3.7356,68.392,95.354
179.01,6.6052,67.662,96.768
177.61,1.6323,67.22,97.335
175.01,6.5517,66.945,97.706
173.87,1.8269,66.481,98.347
166.62,4.6417,65.698,99.783
164.03,8.8221,65.32,100.45
160.28,11.163,64.789,101.38
153.88,5.8554,64.376,102.09
147.15,10.229,64.151,102.9
145.37,11.828,63.76,103.61
138.51,5.6322,63.475,104.19
135.84,9.7279,63.107,104.69
131.97,12.698,62.555,105.41
128.35,16.299,62.082,105.96
126.13,21.113,61.875,106.46
124.45,25.158,61.627,107.04
124.08,29.395,61.406,107.59
127.14,33.628,61.393,108.28
135.5,39.713,61.016,108.3
137.48,52,60.622,109.24
146.78,55.865,60.298,109.49
150.81,59.628,60.121,109.36
154.54,65.657,59.976,109.59
158.19,71.773,59.932,110.07
161.24,77.018,60.045,110.39
162.76,79.352,59.708,110.89
163.6,79.987,59.2,111.51
164.74,74.409,59.243,111.89
163.94,79.754,59.229,112.49
162.7,82.38,59.199,113.09
162.5,83.976,59.588,113.4
161.72,79.107,60.171,113.97
161.09,83.423,60.732,114.68
159.93,86.353,61.239,114.95
161.24,88.642,61.93,115.39
160.89,91.304,62.763,114.91
161.84,94.874,63.578,114.77
161.86,98.021,64.194,114.45
161.53,100.52,64.784,114.48
161.72,93.961,65.485,114.91
163.53,95.985,65.868,115.51
165.68,99,66.445,115.89
173.83,101.24,71.077,111.98
172.99,105.31,75.199,109.05
178.76,110.87,79.312,106.49
177.17,114.21,82.854,104.19
184.82,117.87,85.662,102.78
185.02,120.45,87.8,102.11
194.09,114.01,89.319,101.62
200.97,118.46,90.778,101.2
201.26,120.45,91.995,101.86
210.52,112.88,93.391,101.98
217.89,105.83,94.177,101.52
218.75,97.935,94.931,101.95
227.02,91.051,95.933,101.13
227.62,84.453,96.413,101
230.03,77.186,96.887,100.62
232.77,70.155,97.207,99.989
240.95,62.575,97.529,99.232
233.84,65.247,93.595,104.13
246.67,56.94,95.058,103.06
247.21,61.111,92.286,106.92
249.58,53.733,90.41,109.79
253.27,46.802,89.067,111.74
254.58,25.57,90.039,110.39
256.75,43.865,88.594,112.49
259.04,36.347,87.477,114.21
258.35,40.061,86.257,116.2
257.27,41.385,85.305,117.59
258.14,42.35,84.559,118.65
257.61,43.89,83.643,119.74
255.7,46.223,83.004,120.29
254.34,38.839,82.247,120.98
253.4,40.131,81.877,120.89
251.08,31.087,81.4,121.01
248.01,23.191,80.9,120.92
255.17,22.628,82.503,119.5
250.84,19.636,84.132,117.93
247.52,18.154,85.449,116.36
244.54,18.821,86.706,114.83
251.7,22.12,87.614,113.84
247.59,25.009,88.085,113.21
253.81,38.123,88.704,112.31
250.65,40.885,89.09,111.74
248.77,42.631,88.748,111.76
248.31,42.726,88.193,111.88
248.56,33.644,87.848,111.94
248.95,33.573,87.164,112.12
247.84,32.985,86.732,112.2
240.89,31.139,86.011,112.32
244.19,30.705,84.921,112.63
246.46,29.976,83.794,112.98
241.63,28.6,83.093,113.3
242.87,26.429,81.73,113.88
237.26,16.011,80.333,114.76
232.91,11.884,79.269,115.33
226.8,0.59051,78.071,115.92
220.23,-2.0901,76.955,115.98
212.66,-3.2039,76.043,115.66
205.42,-4.604,75.129,115.15
198.81,-4.0743,74.211,114.88
191.92,-2.9599,73.572,114.51
183.76,-2.1252,72.724,114.39
175.39,-1.0618,72.146,114.36
169.18,-0.082161,71.95,114.4
167.69,0.38071,71.492,114.53
159.04,-0.76506,71.341,114.4
150.48,-1.3923,71.247,113.98
149.26,-3.6393,71.055,113.74
140.9,-3.8349,71.051,113.07
129.42,-2.7535,72.429,111.39
122.43,1.5453,74.291,109.63
118.72,7.4369,75.64,108.14
126.11,21.46,76.476,107.19
132.45,34.545,77.236,106.35
129.9,47.673,78.262,105.06
134.66,49.197,78.801,104.45
129.35,50.303,79.625,103.52
124.29,51.141,80.44,102.48
119.96,52.342,81.6,100.96
123.51,53.443,82.035,100.51
120.35,64.899,82.431,99.848
123.54,74.518,82.884,99.218
120.6,78.164,83.291,98.539
126.93,79.579,82.626,98.807
127.39,77.603,81.788,99.208
124.41,74.409,80.778,99.768
118.34,66.426,79.722,100.49
112.31,65.125,78.685,101.08
110.64,65.364,77.036,102.08
108.73,55.648,75.172,103.24
108.16,48.859,73.932,104.09
106.72,49.165,72.45,104.78
106.74,41.859,71.395,105.69
106.78,34.829,70.442,105.86
105.26,36.035,69.715,106.24
99.965,27.944,69.351,106.3
101.19,29.514,68.812,107.07
95.011,32.548,68.783,107.72
89.436,36.968,68.517,108.1
91.662,50.565,68.339,108.42
92.89,56.762,68.031,108.6
102.56,71.224,67.848,108.63
112.62,74.597,67.591,108.85
117.19,66.797,66.959,110.41
121.53,58.796,66.574,112.24
127.44,47.652,66.056,114.17
132.68,28.081,65.839,115.15
144.88,20.46,66.742,115.88
165.81,13.388,71.447,113.01
176.78,16.779,74.333,111.06
186.11,20.859,77.699,107.74
196.43,12.77,80.235,104.37
200.23,14.597,78.112,105.31
212.95,16.076,76.792,106.21
217.95,17.315,75.476,107.11
229.16,18.42,78.539,103.78
229.77,31.418,80.871,101.09
239.36,33.661,82.271,99.446
239.69,36.092,83.669,97.477
241.64,37.847,84.6,95.843
253.2,28.944,85.406,93.887
255.57,29.712,85.727,93.178
258.32,20.113,85.939,91.902
260.94,9.641,86.005,90.239
262.86,11.361,85.861,88.644
264.94,22.72,85.775,87.492
264.75,24.215,85.602,85.406
263.1,36.449,84.98,83.512
260.91,49.109,84.284,82.222
258.6,61.279,83.808,80.839
248.91,72.436,83.447,79.516
245.66,83.054,83.002,78.864
242.14,85.507,82.844,77.892
229.79,95.827,82.164,77.385
225.26,106.68,81.076,77.002
219.91,107.8,80.467,76.615
214.62,109.5,79.823,76.304
210.57,109.48,78.641,75.923
208.13,99.707,78.097,75.073
205.56,98.207,77.382,74.668
203.79,87.152,76.578,74.198
200.08,77.605,75.93,73.312
196.44,67.953,75.49,72.282
187.03,59.009,75.169,71.042
184.67,57.389,74.598,70.702
181.26,48.977,73.896,70.408
171.34,40.303,73.261,69.952
168.48,33.271,73.126,70.045
163.61,25.91,72.98,69.974
154.44,17.819,73.216,70.175
151.86,10.199,73.527,70.632
148.2,10.729,73.679,71.017
145.31,3.7369,73.817,71.128
141.18,4.657,73.849,71.24
137.72,5.9549,73.75,71.41
129.59,6.8947,73.378,71.535
122.66,16.331,73.181,71.556
120.79,16.781,72.831,71.53
112.14,16.871,72.497,71.498
105.56,8.7194,72.251,71.016
99.113,8.0991,71.704,71.202
100.34,8.446,71.349,71.737
101.57,9.7739,70.03,73.709
99.845,10.351,68.738,75.304
101.84,10.822,67.574,77.142
108.91,10.447,65.999,78.913
110.24,3.8541,64.226,81.189
113.38,4.7969,63.602,81.97
112.29,5.6916,62.221,83.837
112.99,9.8633,60.122,86.379
120.25,8.4971,58.008,88.706
124.52,4.2931,55.245,91.955
135.96,5.0149,52.976,95.381
144.51,10.117,51.527,97.596
153.91,5.3,51.961,96.935
158.86,18.814,52.555,96.448
169.81,32.104,53.529,95.558
178.93,45.249,54.261,94.814
181.72,50.744,55.338,93.57
190.05,55.352,56.001,92.874
190.85,49.078,57.923,90.781
198.35,43.545,60.052,88.023
205.13,45.782,62.03,85.676
196.71,47.545,63.64,84.404
202.76,42.822,64.599,83.325
201.89,44.732,65.785,82.423
201.99,46.9,65.471,83.673
200.99,40.056,65.34,84.591
200.05,33.377,65.118,85.912
199.11,27.129,65.107,86.944
195.6,29.005,65.291,87.86
192.8,30.013,65.519,88.476
190.78,32.347,65.526,89.515
191.03,41.726,65.425,91.26
192.99,35.899,65.519,92.704
191.25,37.766,65.625,93.668
194.56,31.258,65.776,94.828
198.22,24.178,65.956,95.772
197.88,19.589,65.77,96.652
195.88,22.294,65.628,97.431
198.4,27.108,65.536,97.853
198.95,39.366,65.502,98.262
197.56,41.685,65.304,98.889
194.39,23.493,65.181,99.544
192.62,4.3329,65.208,99.846
191.6,-0.84904,65.551,99.191
182.1,-2.0696,67.415,97.757
183.33,-0.22745,68.808,96.832
184.82,3.6905,68.708,97.283
183.17,14.703,68.586,97.762
179.84,3.357,69.463,97.014
176.94,4.0749,70.686,96.496
175.23,1.7632,74.057,94.688
173.7,-1.4892,78.225,92.196
171.37,-1.4913,81.746,90.071
173.35,-0.22284,84.295,88.788
174.76,6.3711,86.198,88.665
175.21,4.5375,87.664,88.315
176.86,3.9159,88.884,88.466
176.9,3.5369,90.614,88.412
175.88,3.402,92.659,87.706
172.87,2.2877,94.329,86.214
161.69,-2.1325,95.219,85.388
157.94,-2.861,95.76,83.951
153.31,-0.98999,96.34,82.928
149.68,1.6559,96.524,82.554
147.07,3.0341,96.139,82.304
144.27,-8.026,97.516,79.719
144.35,1.4372,96.859,79.495
145.32,-1.2384,96.283,79.517
146.47,1.6872,95.451,79.709
147.29,2.1606,93.886,81.067
145.58,2.1072,92.04,83.276
144.39,1.997,90.453,84.694
143.38,2.0681,88.706,86.167
143.3,6.0184,85.629,89.648
143.86,8.5134,83.26,92.885
146.62,10.203,80.753,96.728
150.55,13.571,78.353,100.24
154.23,28.084,76.479,103.47
157.05,35.275,75.4,104.79
160.31,50.239,73.712,107.52
165.88,56.567,72.426,108.89
168.58,64.147,71.161,110.6
171.89,79.669,69.728,113.6
174.99,82.489,68.295,116.47
179.1,87.097,66.066,120.68
182.94,89.803,64.175,123.58
183.01,92.464,62.43,125.88
183.93,91.604,61.764,126.78
185.33,89.464,61.468,127.21
185.71,82.915,61.828,126.66
185.1,85.235,61.941,126.25
184.21,87.391,61.884,125.98
183.94,89.192,61.699,125.5
183.56,89.566,61.611,124.93
183.98,89.392,61.585,124.56
183.48,90.086,61.574,124.08
183.33,89.16,61.546,123.79
183.73,89.835,61.541,123.52
183.49,91.273,61.557,123.16
184.33,93.738,61.567,122.93
185.88,96.175,61.552,122.53
186.95,97.419,61.568,121.78
187.64,97.761,61.628,121.04
188.57,97.613,61.599,120.43
190.33,96.752,61.625,120.14
190.67,96.189,61.629,119.66
191.56,95.96,61.67,119.28
192.34,96.107,61.668,118.72
193.87,96.559,61.668,118.41
185.41,97.655,62.463,117.4
182.32,98.242,63.585,115.77
185.63,97.027,64.663,114.37
187.03,93.422,65.109,113.69
184.03,91.934,65.604,112.8
187.96,91.316,66.079,112.07
184.63,93.061,66.544,111.29
198.82,94.239,66.444,110.7
202.12,95.464,66.386,110.03
206.25,98.249,66.354,109.37
211.67,97.951,66.356,108.4
216.93,90.475,66.237,107.5
218.65,89.182,65.906,107.01
219.28,79.393,65.617,106.73
221.26,79.558,64.919,106.39
216.48,81.004,64.605,106.06
218.28,83.77,64.231,105.89
219.74,84.669,64.024,105.84
221.41,82.398,63.903,105.8
220.98,81.044,63.688,105.76
213.42,85.981,63.492,105.73
214.42,88.519,63.327,105.76
213.03,99.324,63.088,105.8
210.82,105.69,62.984,105.85
208.22,119.91,62.797,105.9
207.05,124.27,62.346,106.08
204.71,126.02,61.8,106.21
194.8,122.93,61.386,106.04
194.3,109.32,60.896,105.77
193.4,99.355,60.568,105.61
190.95,100.35,60.05,105.46
187.03,102.48,59.822,105.43
183.88,106.69,59.515,105.5
183.05,117.49,59.383,105.29
179.31,128.56,59.086,105.02
181.88,133.3,59.026,104.87
184.53,132.14,59.047,104.65
188.66,128.3,59.102,104.45
192.21,114.73,59.293,103.97
194.51,109.05,59.345,103.54
195.45,102.73,59.466,102.96
199.7,99.485,59.643,102.63
204.03,103.76,59.767,102.31
212.06,107.33,59.629,102.01
221.63,111.48,59.675,101.7
225.78,117.09,59.98,101.3
235.8,120.23,59.988,101.1
237.1,119.43,60.113,100.99
240.33,123.18,60.219,100.82
242.04,119.53,60.362,100.55
245.8,114.34,60.451,100.36
250.32,108,60.521,100.18
253.77,101.11,60.567,100.08
253.46,100.61,60.611,100.04
253.77,103.03,60.682,99.964
254.04,112.51,60.808,99.828
253.68,117.4,60.878,99.752
256.18,117.91,61.011,99.627
259.24,114.53,61.036,99.518
262.02,105.34,60.974,99.52
262.04,96.208,60.864,99.482
256.56,86.991,60.592,99.406
251.73,77.937,60.387,99.209
252.28,73.857,60.131,99.029
251.21,71.565,59.833,98.82
239.66,73.507,59.493,98.607
238.66,74.844,59.284,98.454
232.74,82.657,59.161,98.101
223.53,94.808,59.111,98.013
223.19,99.799,59.073,98.002
225.44,107.48,58.957,97.769
229.34,107.03,58.847,97.521
232.85,100.62,58.788,97.394
235.96,89.293,58.692,97.135
236.62,84.532,58.594,97.018
237.4,82.135,58.553,96.943
230.75,88.07,58.458,96.689
231.39,89.154,58.404,96.546
231.45,85.956,58.307,96.396
232.38,79.98,58.234,96.286
226.32,75.496,58.145,96.079
227.38,73.058,58.022,95.92
228.16,75.363,57.969,95.774
222.14,78.97,57.972,95.432
224.79,77.764,57.942,95.178
226.71,76.81,57.914,95.023
228.42,74.147,57.895,94.96
228.49,65.213,57.917,94.916
228.24,59.084,57.99,94.777
225.3,59.899,58.074,94.61
223.57,60.774,58.063,94.55
221.73,64.696,58.057,94.53
219.42,71.698,58.088,94.478
217.75,78.578,58.118,94.427
210.84,85.418,58.35,94.027
214.27,90.462,58.51,93.741
219.86,91.418,58.751,93.279
224.44,84.509,59.117,92.643
227.86,77.437,59.53,91.883
223.81,69.757,59.932,91.185
227.18,62.856,60.611,90.06
227.87,65.908,61.058,89.237
220.68,78.318,61.536,88.259
222.63,93.323,61.408,88.033
221.92,103.64,61.381,88.022
221.85,112.51,61.324,87.998
221.8,119.43,61.185,87.956
223.73,121.82,60.948,87.809
226.17,113.78,60.531,87.625
220.06,113.1,60.239,87.414
219.57,109.81,60.165,87.374
218.31,108.71,60.298,87.144
217.76,108.27,60.449,86.884
216.36,109.1,60.595,86.618
213.79,107.33,60.747,86.296
211.53,102.15,60.834,86.034
209.86,93.117,60.965,85.711
198.94,93.015,61.132,85.328
195.06,91.314,61.26,85.027
183.57,91.702,61.387,84.76
180.3,94.087,61.449,84.658
177.2,95.344,61.547,84.493
175.31,96.264,61.635,84.317
173.17,95.482,61.836,83.91
173.72,91.711,61.911,83.727
174.48,86.783,62.001,83.502
176.52,81.431,62.07,83.314
177.67,78.292,62.173,83.061
178.65,77.009,62.277,82.789
179.53,79.058,62.422,82.459
179.93,86.896,62.626,81.993
181.78,87.401,62.828,81.566
191.1,85.073,62.95,81.211
194.42,79.599,62.978,81.124
196.49,74.661,63.006,80.993
196.31,72.313,63.047,80.865
196.64,73.179,63.147,80.658
196.21,77.55,63.194,80.579
193.77,81.225,63.215,80.544
194.3,83.013,63.286,80.385
196.28,81.275,63.3,80.302
198.01,78.827,63.311,80.199
199.07,76.466,63.333,80.088
199.36,75.322,63.39,79.888
198.3,75.494,63.418,79.759
196.92,75.005,63.433,79.674
197.23,73.195,63.363,79.66
198.89,71.796,63.244,79.641
200.66,67.923,63.04,79.617
193.8,66.639,62.828,79.559
187.06,66.304,62.504,79.468
189.22,65.644,62.237,79.378
189.89,65.76,62.119,79.343
189.84,66.978,62.053,79.324
189.51,66.388,62.025,79.313
188.82,65.549,62.055,79.213
187.54,65.1,62.077,79.148
185.51,63.915,62.096,79.095
182.86,62.718,62.111,79.056
181.66,60.594,62.093,79.052
180.16,62.309,62.07,79.043
179.37,64.898,62.073,78.958
179.87,73.131,62.073,78.913
180.39,80.487,62.073,78.843
183.32,85.725,62.079,78.769
188.81,85.569,62.095,78.639
195.1,77.84,62.095,78.617
199.64,69.199,62.095,78.593
200.05,66.01,62.036,78.597
194.88,62.359,61.867,78.594
198.5,63.263,61.738,78.601
202.71,65.987,61.65,78.615
205.28,70.39,61.587,78.615
206.83,75.939,61.585,78.586
208.3,82.746,61.582,78.559
211.49,89.571,61.583,78.54
214.78,96.647,61.584,78.512
217.64,103.61,61.6,78.462
221.93,108.5,61.626,78.388
224.08,112.86,61.672,78.301
227.16,116.07,61.71,78.246
229.1,118.71,61.828,78.095
230.21,120.41,61.924,77.99
231.16,121.99,62.061,77.86
233.72,123.52,62.167,77.756
235.49,124.66,62.306,77.618
237.63,125.64,62.389,77.538
238.91,126.16,62.462,77.457
239.94,125.88,62.508,77.395
240.98,125.09,62.568,77.323
241.08,124.77,62.642,77.257
242.37,124.07,62.724,77.18
242.84,123.41,62.793,77.125
244.83,122.74,62.9,77.066
246.46,126.15,63.155,76.905
248.22,122.14,63.301,76.817
250.43,124.13,63.572,76.629
250.8,119.94,63.763,76.549
251.41,122.23,64.007,76.361
251.86,118.09,64.139,76.325
253.03,115.02,63.926,76.663
254.81,118.61,63.574,77.066
255.49,120.84,63.349,77.284
255.65,123.08,62.866,77.74
255.5,125.4,62.538,78.065
255.48,119.63,62.258,78.394
254.48,123.11,62.059,78.683
248.85,127.14,61.808,79.05
249.89,123.11,61.656,79.289
249.75,126.48,61.524,79.481
243.35,130.55,61.36,79.739
244.22,134.4,61.187,80.073
244.07,130.75,61.104,80.235
244.31,127.6,61.055,80.318
244.96,124.38,61.039,80.346
243.43,120.5,61.054,80.333
242.27,116.16,61.084,80.308
240.42,112.79,61.112,80.293
239.28,110.7,61.136,80.286
237.15,110.45,61.154,80.281
235.49,109.17,61.185,80.269
234.47,109.8,61.211,80.26
233.47,109.73,61.246,80.246
233.47,108.95,61.272,80.237
233.46,107.84,61.292,80.231
234.51,106.85,61.301,80.228
236.96,107,61.312,80.226
246.73,114.74,61.562,80.149
247.5,121.34,61.742,80.095
240.13,118.67,61.475,80.506
277.39,130.61,57.834,85.394
285.83,126.18,56.171,87.803
294.52,124.37,55.491,88.881
302.46,122.25,54.876,89.863
311.61,119.62,54.536,90.453
315.03,106.84,54.533,90.675
314.95,99.29,56.746,88.489
323.11,101.55,58.748,86.828
330.55,94.938,62.096,84.232
337.68,96.978,65.492,82.045
345.16,97.251,67.979,80.567
344.66,88.405,72.542,76.741
349.32,98.671,78.216,73.233
343.42,110.53,84.053,70.956
338.42,130.61,87.958,69.865
337.65,150.3,89.098,69.581
346,178.66,88.487,70.411
316.79,208.82,89.168,71.139
308.61,212.81,89.172,71.133
311.12,213.8,89.157,71.149
311.4,212.16,88.984,71.333
309.89,212.36,88.901,71.424
307.26,214.45,88.832,71.497
305,215.75,88.78,71.551
303.44,217.03,88.756,71.575
300.44,218.4,88.739,71.593
226.94,302.71,96.68,65.829
220.41,292.59,100.11,64.464
215.03,273.7,102.07,62.871
213.03,275.88,102.03,62.965
226.77,284.02,102.32,62.541
214.37,272.88,102.36,62.349
200.64,262.64,102.32,62.234
197.55,261.45,102.46,62.141
192.59,260.06,102.61,62.041
187.13,260.6,102.8,61.619
169.93,260.08,102.81,61.576
158.62,260.14,102.81,61.57
