387,136,87,127
388.59,138.44,87.374,126.07
389.22,141.07,87.199,125.36
388.69,140.73,87.345,124.67
388.97,141.49,87.268,124.19
388.9,142.1,87.017,123.86
389.54,143.13,86.838,123.71
389.06,143.79,86.664,123.65
390.29,144.38,86.593,123.77
389.96,145.13,86.297,123.7
390.84,145.9,86.318,123.61
391,144.69,86.058,123.16
390.4,140.26,85.503,123.1
392.01,135.71,85.391,122.98
391.53,132.8,85.159,122.73
390.91,130.48,85.149,122.4
391.67,130.12,85.389,122.3
391.08,130.68,85.17,122.3
390.66,129.96,85.097,122.06
389.83,129.9,84.806,122.07
390.14,129.28,84.884,121.94
390.23,127.71,84.748,121.82
389.73,125.66,84.518,121.71
390.21,125.01,84.765,121.72
389.85,123.96,84.694,121.46
389.9,123.37,84.661,121.57
390.19,122.65,84.672,121.53
390.21,122.42,84.665,121.79
389.59,122.53,84.531,121.76
389.99,122.71,84.673,121.9
390.84,121.87,84.896,122
389.62,121.9,84.902,122.03
389.33,121.8,85.073,122.18
390.28,121.42,85.327,122.13
389.53,121.34,85.389,122
389.93,120.33,85.5,122.01
389.06,120.42,85.347,122.05
389.54,120.64,85.407,122.11
390.39,119.94,85.534,122.04
389.96,120.04,85.614,122.1
389.31,120.19,85.741,122.17
389.49,120.02,85.852,122.16
389.95,119.74,85.852,122.07
389.75,120.25,85.844,122.19
389.96,119.93,85.952,122.18
390.5,119.38,86.103,122.14
389.32,120.01,85.992,122.19
389.82,119.45,86.107,122.19
389.91,119.18,86.155,122.14
390.03,119.33,86.052,122.24
390.07,119.59,85.929,122.43
390.54,119.28,86.044,122.4
390.02,119.81,85.93,122.61
391.08,119.78,86.027,122.66
390.74,119.87,86.095,122.71
390.85,119.41,86.17,122.43
390.59,119.43,86.179,122.29
390.46,119.27,86.169,122.16
390.25,119.8,85.927,122.33
391.06,119.93,85.861,122.24
391.66,119.61,85.872,122.11
391.38,119.85,85.679,122.11
391.04,120.1,85.567,122.09
391.01,120.17,85.607,122.03
390.4,119.92,85.51,122.05
390.64,120.18,85.426,122.23
391.79,120.56,85.269,122.33
391.82,120.2,85.358,122.08
390.44,120.63,85.037,121.86
390.8,120.56,85.161,121.9
389.84,120.09,85.139,121.83
389.6,119.46,85.182,121.81
388.28,119.6,84.76,121.68
376,119.17,83.657,120.9
375,118.75,83.674,120.81
375.67,119.07,83.781,120.9
375.77,118.69,83.954,121
377.1,118.87,83.962,121.02
376.77,118.85,83.971,121.07
377.72,118.89,83.977,121.3
378.07,119.19,84.019,121.32
378.4,119.33,84.025,121.21
379.34,119.89,84.14,121.12
379.71,120.03,84.136,121.09
380.15,120.14,84.045,121.08
379.79,120.52,83.855,121.03
380.67,120.32,83.957,120.96
380.7,120.55,83.859,121.04
381.19,120.39,83.876,121.04
380.74,120.81,83.59,121.1
380.83,121.02,83.721,121.07
380.97,120.69,83.894,121.15
381.74,120.77,83.83,121.2
381.76,121.12,83.758,121.23
381.98,121.44,83.703,121.27
383.23,121.37,83.904,121.17
382.92,121.74,83.762,121.31
383.99,121.55,83.99,121.25
383.88,120.83,84.054,121.33
382.97,120.5,83.969,121.29
384.11,119.87,84.149,121.18
383.09,119.22,84.118,121.08
382.34,118.23,84.052,121.27
384.04,117.95,84.295,121.36
383.78,117.05,84.141,121.49
383.97,116.63,84.024,121.72
384,117.04,83.962,121.69
384.13,116.46,84.05,121.73
384.27,116.69,84.083,121.87
383.64,115.75,84.202,121.73
384.41,115.43,84.25,121.83
383.85,114.06,84.335,121.59
383.39,114.21,84.43,121.71
384.34,113.24,84.692,121.7
383.41,113.15,84.901,121.77
384.14,113.04,84.969,122.11
384.39,112.49,85.052,122.15
384.29,112.54,85.083,122.3
383.69,111.93,85.231,122.23
384.43,112.54,85.271,122.18
384.09,112.62,85.59,122.16
385.18,113.18,85.817,122.17
384.65,112.78,85.941,122.16
385.57,113.17,86.163,122.19
397.7,114.2,86.915,122.22
396.34,112.41,86.99,122.03
396.72,113.21,87.055,121.96
395.46,112.61,87.185,121.82
394.7,112.96,86.989,121.81
395.18,113.48,87.158,121.64
395.22,112.77,87.177,121.53
393.64,112.34,87.11,121.45
389.88,111.5,87.165,121.55
389.18,111.03,87.22,121.48
389.84,111.07,87.314,121.54
389.2,110.5,87.359,121.5
389.7,110.27,87.457,121.58
389.3,109.7,87.419,121.52
389.03,109.76,87.351,121.42
389.84,110.06,87.424,121.36
390.04,109.98,87.469,121.18
390.16,109.9,87.493,121.06
389.57,110.03,87.44,121.01
389.96,109.56,87.575,121.03
389.82,109.26,87.595,120.92
388.53,109.62,87.521,120.93
389.82,110.85,87.696,120.84
389.54,110.5,87.648,120.83
390.72,110.8,87.843,120.88
390.77,110.66,87.773,120.75
390.25,110.87,87.686,120.72
390.82,111.28,87.672,120.71
390.3,110.6,87.673,120.66
391.08,111.28,87.577,120.59
390.56,110.68,87.613,120.46
390.69,111.79,87.483,120.41
391.15,112.05,87.524,120.28
392,111.14,87.705,120.33
391.95,111.15,87.804,120.34
391.38,111.44,87.636,120.37
390.9,111.15,87.725,120.4
391.03,111.48,87.81,120.35
390.83,111.07,87.98,120.23
390.41,111.67,88.005,120.36
391.49,111.59,88.4,120.38
390.54,111.91,88.471,120.48
390.67,111.19,88.784,120.6
389.78,112.94,88.895,120.48
390.51,112.73,89.141,120.63
389.09,112.17,89.355,120.76
390,113.36,89.488,120.88
389.79,113.45,89.724,120.91
389.97,114.98,89.832,120.91
390.57,115,90.174,121.12
388.84,116.45,90.33,121.18
389.34,118.67,90.445,121.14
389.7,121.42,90.648,121.21
388.02,123.12,90.731,121.45
389.12,125.48,90.815,121.38
387.36,126.63,90.947,121.57
378.63,127.59,90.7,120.99
376.68,128.08,90.925,121.04
376.2,129.26,91.254,120.92
376.12,130.21,91.496,120.93
376.01,130.74,91.859,120.9
376.72,131.73,92.047,120.83
377.24,132.59,92.202,120.89
377.55,133.23,92.247,120.87
377.24,133.64,92.366,120.61
378.63,134.17,92.538,120.44
378.59,134.78,92.606,120.38
378.69,134.62,92.716,120.26
379.21,134.94,92.845,120.28
379.14,134.82,93.135,120.26
379.97,136.18,93.312,120.38
380.21,135.92,93.568,120.35
380.21,135.6,93.892,120.3
380.8,135.65,94.247,120.16
381.36,136.75,94.704,120.19
384,137.15,94.994,120.21
392.9,139.43,96.016,120.1
394.96,138.55,96.167,120.16
396.25,138.62,96.339,120.37
396.72,138.83,96.544,120.42
396.46,138.84,96.558,120.44
396.02,138.55,96.535,120.49
396.68,139.45,96.805,120.67
396.44,140.19,97.005,120.84
396.49,139.57,97.191,120.7
396.93,139.97,97.649,120.93
396.82,140.13,97.988,120.86
396.34,139.8,98.339,120.67
395.77,140.74,98.935,120.67
396.29,140.57,99.307,120.55
396.96,140.74,99.404,120.48
397.32,141.09,99.491,120.45
398.18,141.4,99.603,120.51
398.79,140.92,99.821,120.49
399.08,140.92,99.802,120.45
400.29,140.6,99.827,120.4
400.02,141.37,99.678,120.38
400.57,141.7,99.659,120.58
400.92,142.42,99.762,120.73
401.91,142.47,99.859,121.11
402.09,142,99.918,121.18
402.89,141.89,100.08,121.16
403.25,141.82,100.07,121.07
402.86,141.34,100.02,121.11
403.91,141.77,100.26,121.02
403.9,140.08,100.48,121.17
404.51,139.11,100.72,121.15
404.98,137.72,101.07,121.44
405.74,136.71,101.24,121.62
406.69,135.81,101.48,121.87
407.09,135.56,101.49,121.78
407.98,135.25,101.49,121.78
408.44,135.02,101.56,121.84
408.83,135.95,101.44,121.86
409.93,135.44,101.68,121.75
410.86,134.72,101.72,121.84
411.37,135.51,102.02,122.23
411.25,134.68,102.27,122.52
412.23,134.51,102.57,122.77
412.56,135.63,102.86,122.8
412.77,135.4,103.14,123.32
413.23,135.01,103.34,123.98
413.25,135.25,103.55,124.12
413.72,134.5,103.66,124.65
413.9,133.75,103.97,125.08
414.37,133.59,104.34,125.37
415.01,133.94,104.9,125.61
416.16,133.71,105.61,125.86
417.24,133.37,106.11,125.82
416.4,133.35,106.23,125.93
415.95,133.27,106.28,125.74
415.47,133.12,106.47,125.73
415.7,132.94,106.48,125.4
416.03,130.4,106.24,125.67
415.9,129.34,106.09,125.65
416.33,128.33,106.06,125.16
416.72,127.67,105.98,124.59
417.16,126.78,105.74,124.24
418.01,126.04,105.78,124.01
418.92,125.81,106.23,123.62
419.91,125.49,106.66,123.28
420.65,125.57,107.35,122.92
421.25,125.12,107.59,122.39
421.27,125.15,107.75,121.94
421.42,125.38,107.9,121.81
421.24,126.05,107.82,121.82
413.43,126.46,106.72,121
408.38,126.36,106.4,121.04
403.86,126.63,106.19,121.31
399.6,126.61,106.19,121.71
397.78,126.6,106.34,122.12
398.22,126.39,106.83,122.45
393.35,126.31,106.5,122.57
388.44,126.21,106.21,122.4
387.36,126.65,106.27,122.37
388.59,126.86,106.41,122.58
388.89,127.04,106.68,122.93
389.1,126.79,106.95,123.4
388.55,127.78,107.08,123.74
388.96,128.05,107.14,124.11
388.73,128.25,107.05,124.38
389.14,128.33,107.22,124.8
390.04,128.64,107.28,125.23
390.24,128.7,107.25,125.59
391.62,129.32,107.14,125.64
392.03,129.74,106.77,125.46
392.06,130.32,106.52,125.35
393.43,130.43,106.29,125.41
392.81,130.63,106.09,125.5
393.74,131,105.95,125.4
394.56,130.76,105.83,125.51
394.32,130.57,105.64,125.62
394.35,130.3,105.42,125.64
395.49,130.61,105.37,125.83
394.65,130.14,105.3,125.84
395.73,129.83,105.16,125.78
396.95,129.89,104.98,125.63
397.52,129.94,105.01,125.82
397.39,129.92,105.15,126.29
398.4,129.47,105.1,126.59
397.72,129.32,105.19,127.06
397.72,129.74,105.22,127.43
398.51,129.77,105.17,127.61
398.24,129.17,105.21,127.87
398.12,128.94,105.46,127.97
398.68,128.59,105.51,127.98
398.1,128.51,105.75,127.77
399.08,128.46,105.75,127.86
398.4,129.18,105.97,127.68
390.06,129.88,105.91,127.32
384.32,129.59,106.17,127.33
380.85,129.73,106.45,127.58
379.19,129.62,106.38,127.63
380.14,130.81,106.12,127.44
379.81,130.97,105.85,127.22
380.73,131.8,105.68,127.09
381.86,133.42,105.42,126.84
382.15,134.52,105.17,126.67
382.55,135.35,104.86,126.5
383.91,136.26,104.65,126.66
383.55,136.2,104.55,126.68
383.97,137.73,104.21,126.41
384.13,138.98,104.19,126.16
383.93,139.59,104.27,126.03
384.25,140.6,104.1,125.5
385.93,141.25,103.95,125.22
386.5,141.51,103.57,124.83
386.93,141.65,103.26,124.68
387.25,141.46,103.05,124.69
387.67,141.85,102.87,124.25
387.68,142.77,102.59,123.89
388.27,143.84,102.56,123.55
388.26,144.12,102.37,123.28
388.55,144.23,102.49,123.09
388.84,145.21,102.54,123.53
388.61,145.93,102.61,123.91
388.68,146.85,102.86,124.26
387.98,147.27,102.96,124.52
388.21,147.27,103.11,124.71
388.37,147.69,103.21,125.04
389.19,147.6,103.25,125.32
389.67,148.08,103,125.72
390.33,149.32,102.55,126.19
390.05,149.8,102.08,126.65
390.93,149.78,101.82,126.7
391.49,149.96,101.46,126.97
391.41,150.95,100.97,127.3
390.27,151.53,100.49,126.96
390.87,152.19,100.07,127.08
390.02,152.41,99.47,127.09
386.64,153.38,98.614,127.23
387.21,154.13,98.083,127.05
388.71,153.81,97.561,126.93
388.76,154.96,97.14,126.89
389.96,155.69,96.893,127.11
390.27,155.41,96.48,127.35
389.85,155.07,96.044,127.33
390.87,155.42,95.471,127.09
392.52,156,94.892,126.73
393.95,155.35,94.542,126.67
394.67,155.03,94.183,126.67
395.73,154.3,93.939,126.9
396.67,154.79,93.568,127.11
397.36,154.31,92.945,127.21
398.6,154.5,92.282,127.26
399.2,153.92,91.577,127.11
400.25,154.11,90.97,126.93
400.86,154.29,90.289,127.02
401.44,153.76,89.629,127.17
401.57,153.08,89.017,126.92
401.38,153.47,88.423,126.85
401.96,153.63,87.978,126.68
402.66,153.53,87.646,126.8
403.33,153.39,86.965,127.05
403.69,152.97,86.266,126.71
404.71,152.72,85.619,126.55
405.39,153.45,84.96,126.53
405.93,153.6,84.339,126.08
405.66,153.67,83.854,125.65
406.35,153.94,83.715,125.52
406.04,153.37,83.584,125.23
406.79,153.11,83.932,124.74
407.11,152.77,83.939,124.12
407.84,151.57,83.483,123.5
410.33,150.67,82.959,122.85
410.96,149.3,82.532,122.56
411.77,148.95,82.114,122.57
413.29,148.61,81.668,122.61
413.89,148.06,81.352,122.48
415.03,147.37,80.966,122.24
415.98,146.31,80.567,121.87
416.6,144.82,80.166,121.55
417.54,143.82,80.113,121.54
417.77,142.84,80.053,121.79
419.27,142.48,80.14,122.2
420.35,142.14,80.26,122.7
421.89,141.68,80.391,122.98
420.4,139.3,80.486,123.51
421.58,138.3,80.701,122.92
422.31,137.08,80.756,122.8
422.03,137.11,81.107,122.85
422.44,136.57,81.449,123.31
423.37,136.72,81.689,123.57
423.03,136.17,82.191,123.78
423.61,135.92,82.833,124.06
423.32,135.48,83.4,124.14
422.84,134.63,83.951,124.28
423.34,135.47,84.803,124.56
422.79,135.4,85.608,124.56
422.46,136.15,86.64,124.78
421.55,134.79,87.725,124.39
421.12,135.13,88.653,124.57
421.48,134.55,89.347,124.43
419.24,134.07,90.121,124.63
419.22,133.54,91.035,124.69
419.44,133.9,91.562,125.08
418.37,133.1,92.142,125.27
419.77,133.09,92.433,126.03
418.01,133.13,92.79,126.53
418.67,133.11,93.362,126.92
418.38,132.32,94.093,127.15
418.34,132.27,94.59,127.57
417.48,132.55,94.915,127.52
418.09,132.56,95.414,127.55
418.66,132.57,95.578,127.67
418.89,132.17,95.85,127.89
418.7,131.09,96.198,128.26
418.74,131.21,96.804,128.39
418.48,130.36,97.703,128.84
417.81,130.31,98.399,129.15
417.5,130.82,98.828,129.71
418.52,130.29,99.444,130.17
417.52,129.29,100.16,130.29
417.42,128.97,100.41,130.58
416.96,127.59,100.83,130.51
418.6,125.35,101.24,130.89
419.3,122.54,101.67,131.2
418.66,120.45,102.2,131.47
418.45,118.08,102.56,132.07
417.94,116.42,102.62,132.56
417.49,115.58,102.89,132.65
417.37,115.38,103.13,132.63
416.93,113.8,103.55,132.36
416.43,112.62,103.86,132.22
416.18,112.37,104.05,131.88
416.5,112.19,104.39,131.53
415.93,111.31,104.49,131.58
416.41,110.89,104.65,131.45
415.84,110.78,104.84,131.21
416.17,111.24,105.21,130.91
415.61,111.42,105.21,130.6
415.68,111.2,105.07,130.57
415.66,111.83,105.06,130.49
415.32,111.08,105.04,130.45
415.69,111.71,105.38,130.83
415.25,112.22,105.17,130.39
414.91,112.81,105.32,130.69
413.7,113.25,105.7,130.62
413.31,113.24,105.92,130.87
413.63,112.75,105.99,131.3
413.59,113.11,106.11,131.69
412.91,113.07,106.32,132.21
412.49,112.73,106.51,132.56
412.04,113.35,106.81,133.03
412.9,113.08,106.7,133.51
412.18,113.54,106.82,133.8
411.81,112.55,107.24,134.36
411.56,112.39,107.55,134.7
411.02,112.4,107.91,135.1
410.26,112.07,108.34,135.48
411.42,111.54,108.53,135.55
410.01,112.06,108.93,135.78
410.37,111.04,108.87,135.93
409.83,111.17,109.08,135.89
410.52,111.03,109.35,136.08
409.57,110.7,109.5,136.24
409.66,111.45,109.59,136.21
410.37,111.65,109.66,136.39
410.29,111.88,110.26,136.6
409.59,112.67,110.74,136.76
409.48,112.61,110.83,137.36
409.55,112.41,111.28,137.66
408.64,112.78,111.68,137.62
408.12,113.88,112.02,137.42
407.74,114.2,112.2,137.32
407.93,115.12,112.37,137.07
407.15,114.95,112.76,137.14
406.82,115.04,113.01,137.64
407.8,115.49,113.05,137.89
406.87,116.2,113.5,138.12
406.3,116.49,113.72,138.53
405.57,116.41,114.04,138.91
404.45,116.05,114.4,138.96
405.34,116.72,114.45,138.64
404.26,117.1,114.87,138.48
404.46,117.27,115.08,138.36
404.95,117.73,115.01,138.36
404.22,118.13,115.33,138.29
403.8,118.39,115.57,138.21
403.82,118.52,115.73,137.97
403.64,117.86,116.36,137.71
403.98,118.33,116.14,137.44
404.01,118.73,116,137.17
403.63,117.97,116.19,136.79
404.34,118.1,116.29,136.39
404.74,118.46,116.62,135.81
403.82,117.59,116.98,135.48
404.09,116.59,117.29,134.96
403.3,114.5,117.28,134.49
403.71,112.83,117.12,134.26
403.56,111.76,117.28,134.06
403.2,110.79,117.27,133.78
402.25,112.22,119.25,130.96
401.42,113.36,120.88,129.15
400.69,113.65,122.16,127.79
400.2,113.91,123.22,127.06
400.04,113.97,124,126.49
399.21,113.87,125.08,126.1
399.76,114.21,125.87,126.19
398.89,114.08,126.66,126.14
397.87,113.92,127.23,126.02
397.52,114.55,127.43,126.46
397.1,114.39,127.64,126.64
397.39,113.69,127.6,127.1
399.18,113.97,127.43,127.23
398.14,114.1,127.64,127.2
398.8,113.79,127.76,127.2
398.55,114.13,127.96,126.91
398.37,114.2,128.33,126.76
398.4,114.2,128.47,126.72
398.6,113.81,128.7,126.81
398.46,113.82,128.69,126.86
398.59,113.84,128.56,127.02
398.21,114.07,128.55,126.96
398.96,113.6,127.97,127.01
398.66,114.09,128.01,126.83
398.24,114.74,128.07,126.72
398.62,113.76,127.82,126.93
398.73,113.93,127.62,127.08
397.7,114.44,127.81,127.18
398.92,113.74,127.68,127.49
398.73,114.11,127.93,127.51
398.21,114.19,127.91,127.39
398.59,113.87,128.08,127.44
398.2,113.77,128.31,127.49
398.16,113.85,128.81,127.6
398.12,113.49,129.06,127.7
398.25,113.53,129.35,127.77
399.58,113.59,129.87,127.84
397.78,113.28,130.9,127.88
398.48,113.21,131.25,128.17
397.74,113.77,132.16,128.51
396.13,113.74,132.98,128.61
394.96,113.72,133.42,128.81
395.38,113.48,133.74,128.84
395.98,113.75,133.67,128.9
396.24,114.73,134.13,129.03
395.85,114.63,134.61,129.14
395.5,114.62,134.99,129.24
395.3,115.48,135.42,129.44
393.82,115.67,135.97,129.31
393.85,116.23,136.5,129.26
392.38,116.49,136.79,129.07
393.49,115.75,137.01,129.24
393.08,116.5,137.1,129.43
392.97,116.69,137.12,129.79
392.89,116.92,137.13,130.21
393.2,117.39,136.86,130.27
393.26,117.24,136.98,130.2
392.91,117.33,137.34,130.55
392.88,117.38,137.56,130.67
392.5,117.18,137.66,130.81
393.25,117.06,137.42,130.94
392.83,116.79,137.28,130.92
392.3,116.73,137.28,130.67
393.26,117.18,137.08,130.69
393.21,117.14,137.01,130.68
392.72,117.41,136.79,130.96
392.91,117.7,136.5,131.05
393.96,118.33,136.19,131.1
394.02,118.46,135.92,131.05
394.65,119.27,135.87,130.7
394.06,119.2,135.44,130.57
395.38,119.65,135.01,130.7
395.15,119.61,134.77,130.66
394.87,119.73,134.62,130.45
395.07,120.68,134.26,130.44
395.47,120.54,133.83,130.51
395.82,120.65,133.63,130.49
395.73,121.74,133.57,130.2
395.3,122.1,133.42,130.07
395.85,121.86,133.16,130.06
396.57,122.11,133.03,130.05
396.11,122.18,133.16,130.18
395.72,122.9,132.98,130.3
396.85,123.27,132.5,130.34
396.25,123.92,132.43,130.07
397.36,123.89,131.94,130.05
396.27,124.63,131.83,130.05
396.79,123.72,131.32,129.99
397.78,123.08,130.7,130.06
396.26,122.22,130.68,129.93
397.2,121.87,130.44,129.8
398.19,120.94,130.14,129.6
396.59,121.13,130.5,129.35
397.24,120.3,130.11,129.6
397.45,118.8,129.96,129.67
398.17,117.26,129.77,129.87
397.72,117.77,129.98,129.78
398.06,117.21,129.86,129.61
397.62,117.33,129.98,129.28
397.1,117.48,130.01,129.04
396.99,116.92,129.78,129.12
398.56,116.84,129.37,129.14
397.49,117.46,129.4,129.18
397.61,116.81,129.35,129.18
397.61,117.35,129.38,129.16
397.41,117.17,129.36,128.9
396.96,117.02,129.26,128.72
398.04,117.27,128.99,128.56
397.03,116.78,129.24,128.77
398.47,116.7,129.08,128.51
397.81,117.36,129.58,128.62
398.46,117.9,129.45,128.63
398.16,117.23,129.63,128.96
398.11,117.19,129.75,128.92
398.05,116.9,129.89,129.04
398.64,116.86,129.82,129.03
397.92,116.83,130.06,129.07
398.46,116.99,130.14,129.06
397.56,117.4,130.45,129.14
396.54,117.07,130.57,129.01
395.77,117.37,130.75,128.94
395.4,117.41,130.8,128.82
395.05,117.14,130.89,128.83
393.91,115.06,130.96,128.91
382.84,114.37,131.23,128.7
379.84,111.96,131.34,128.66
380.27,110.63,131.39,128.46
381.52,110.19,131.22,128.38
381.76,108.65,131.43,128.53
381.47,108.06,131.59,128.45
382.11,107.76,131.37,128.49
383.69,107.61,130.97,128.13
382.69,107.63,131.17,127.92
383.25,107.38,131.01,127.74
385.4,106.76,130.59,127.72
384.62,106.05,131.04,127.66
384.22,105.89,131.18,127.66
383.92,106.53,131.2,127.62
382.86,105.14,131.16,127.51
384,103.95,130.99,127.38
384.94,102.26,130.88,127.55
385.11,100.78,131.27,127.47
384.34,99.253,131.6,127.37
383.46,99.209,131.57,127.48
383.76,98.899,131.44,127.47
384.19,98.847,131.4,127.41
384.88,98.901,131.47,127.4
383.96,98.309,131.68,127.53
384.64,97.917,131.59,127.66
383.7,98.556,131.98,127.89
383.71,98.903,132.1,127.9
383.54,99.329,132.33,127.86
383.44,99.273,132.26,127.66
382.78,99.474,132.1,127.7
384.07,99.466,131.92,127.66
383.15,100.53,131.93,127.66
384.7,100.81,131.77,127.52
383.22,101.23,131.79,127.3
383.27,102.52,131.96,127.05
383.73,102.68,131.72,127.17
384.19,102.74,131.59,127.15
384.21,103.04,131.54,127.2
383.64,103.26,131.45,127.6
383.01,103.79,131.53,127.58
384.05,104.37,131.42,127.5
384.2,104.59,131.37,127.37
384.21,104.65,131.34,127.32
384.09,105.17,131.34,127.47
383.98,105.69,131.04,127.42
384.65,106.01,131.1,127.36
384.24,105.93,131.1,127.09
384.31,106.74,131.45,126.92
384.11,107.13,131.37,126.82
384.41,106.77,131.33,126.8
383.47,106.2,131,126.88
384.51,106.52,130.81,126.9
384.55,107.48,130.4,126.67
384.81,108.57,130.39,126.36
385.09,109.17,130.53,125.79
385.21,109.63,130.41,125.63
384.92,109.82,130.04,125.57
384.94,109.83,129.85,125.31
385.61,110.35,129.78,125.46
385.24,111.06,129.69,125.27
385.63,111.78,129.67,124.91
386.05,112.46,129.78,124.62
385.3,111.56,129.18,124.96
385.59,111.08,129.3,125.11
384.95,110.76,128.83,125.06
384.59,110.99,128.71,124.98
384.7,111.47,128.89,124.85
384.94,110.89,128.91,124.66
384.81,111.16,128.89,124.48
384.86,110.62,128.7,124.44
384.74,110.44,128.42,124.39
385.09,110.49,128.29,124.19
385.29,110.29,127.97,124.21
385.7,110.55,127.97,124.12
385.95,110.9,127.81,124.18
386.5,111.28,127.67,124.25
386.43,111.2,127.27,124.38
386.41,111.46,127.08,124.42
386.71,111.33,126.82,124.42
386.83,111.4,126.76,124.34
386.95,111.44,126.65,124.23
386.51,111.66,126.39,124.2
386.75,111.47,126.41,124.38
386.91,111.44,126.59,124.42
386.54,111.32,126.18,124.63
386.53,111.52,126.3,124.5
386.85,111.44,126.38,124.31
386.91,111.09,126.44,124.27
386.35,111.91,126.21,124.45
386.62,111.68,126.22,124.38
386.25,111.43,125.89,124.36
386.55,111.56,125.76,124.25
386.78,111.88,125.58,124.1
387.46,111.01,125.56,123.88
387.4,111.39,125.45,123.62
386.27,111.11,125.57,123.61
386.73,111.5,125.48,123.66
387.36,110.88,125.54,123.67
386.06,110.88,125.57,123.64
386.92,111.01,126.04,123.52
387.1,110.02,126.07,123.36
387.41,110.02,125.97,123.29
386.71,110.54,125.83,123.38
387.1,109.89,125.68,123.49
387.24,109.92,125.65,123.55
386.5,110.4,125.45,123.64
387.4,109.99,125.58,123.39
387.52,110.16,125.62,123.31
387.92,110.74,125.55,123.2
387.87,110.67,125.32,123.05
387.17,110.96,125.19,123.28
387.53,110.61,125.14,123.2
388.43,110.31,125.1,123.14
388.18,110.55,125.18,123.27
387.66,110.97,125.63,123.2
387.82,110.77,125.29,123.14
388.82,110.84,125.04,123.18
387.17,111.02,125.16,123.22
387.85,110.49,124.93,123.31
387.69,110.6,124.77,123.37
387.48,110.93,124.85,123.36
387.98,110.96,124.94,123.11
387.18,111.46,125.31,122.96
387.6,111.55,125.64,122.95
387.74,111.39,125.39,122.99
387.85,111.62,125.12,123.04
387.43,111.42,124.94,123.1
387.67,112.04,124.94,123.17
386.88,112.08,124.74,123.14
387.01,112.33,124.64,123.25
387.34,112.78,124.69,123.22
389.05,112.08,124.89,122.97
385.97,112.31,125.2,122.67
387.12,112.81,125.46,122.77
387.16,112.42,125.27,122.99
386.73,112.54,125.25,123.01
386.46,112.08,124.89,123.05
386.82,112.11,124.51,123.09
387.04,111.19,124.5,123.13
387.54,110.75,124.82,123
387.16,109.72,124.69,122.81
385.69,109.95,124.97,122.9
386.11,109.79,124.68,123.14
386.3,108.94,124.6,123.16
385.92,107.96,124.33,123.35
385.56,107.41,124.16,123.49
385.21,107.94,124.34,123.8
386.63,108.03,124.82,123.68
386.93,107.66,124.56,123.69
386.77,107.76,124.26,123.82
387.14,107.83,124.16,123.86
386.6,108.24,124.16,123.98
386.48,107.56,124.06,123.9
385.86,107.16,124.11,124.07
386,107.13,124.1,124.12
385.78,107.3,124.45,124.14
387.58,107.75,125.26,124.28
386.8,108.18,125.33,124.3
387.08,108.26,125.49,124.4
386.61,109.01,125.28,124.54
386.58,108.58,124.84,124.44
386.38,108.21,124.56,124.33
385.61,108.19,124.53,124.35
385.86,109.13,124.86,124.3
386.63,108.77,125.35,123.91
386.44,109.06,125.67,123.95
386.38,108.91,125.56,124
385.97,109.25,125.66,123.96
385.01,109.46,125.39,124.14
384.48,108.72,125.25,124.05
384.34,108.75,125.31,124.19
383.8,108.9,125.17,124.23
384.57,109.67,125.28,124.11
387.32,109.86,126.19,123.75
385.05,110.48,126.26,123.93
385.61,110.64,125.62,123.94
385.97,110.91,125.36,123.81
385.72,111.27,124.9,123.84
385.93,111.12,124.47,123.61
385.66,111.35,124.1,123.49
385.99,111.37,123.89,123.35
387.56,110.33,124.38,123.14
386.99,110.47,124.65,123.16
387.03,109.97,124.17,123.04
387.45,109.99,123.91,123.21
387.49,110.47,123.6,123.34
387.28,110.4,123.36,123.41
387.68,110.22,123.18,123.3
388.21,109.98,123,123.25
388.66,110.06,122.81,123.28
388.2,110.69,122.76,123.45
389.02,110.38,122.81,123.1
389.83,110.74,123.3,123.05
390.16,110.89,123.38,123.1
388.87,111.12,123.41,123.03
388.84,111.07,123.3,122.99
389,111.3,122.86,123.18
388.55,111.79,122.75,123.11
389.42,111.53,122.32,123.1
387.06,111.6,122.43,122.83
387.65,111.38,122.22,123.12
388.22,111.75,122.35,123
389.66,111.88,122.48,122.99
388.11,111.87,122.9,122.81
387.09,110.98,123.03,122.74
389.7,110.77,122.61,122.7
388.1,110.16,123.18,122.43
388.19,110.12,123.38,122.22
389.64,109.62,123.32,121.75
387.88,109.66,123.8,121.39
389.62,108.89,123.51,121.21
389.66,108.92,123.76,120.88
388.02,108.49,124.21,120.62
388.56,107.84,124.34,120.14
387.73,106.9,124.93,119.86
388.54,105.92,124.87,119.52
388.4,105.99,124.86,119.36
388.96,106.08,124.63,119.32
387.85,106.07,124.37,119.46
388.86,105.3,124.13,119.49
389.1,104.96,124.04,119.4
389.85,104.32,123.71,119.46
389.91,104.08,123.78,119.66
388.83,104.71,123.61,119.59
389.68,104.06,123.37,119.71
389.21,105.09,123.06,120.1
389.87,104.35,123.04,120.35
389.66,104.34,122.77,120.33
389.02,104.32,122.8,120.12
389.64,103.98,122.37,120.22
389.41,104.43,122.28,120.24
388.89,104.12,121.95,120.34
390.61,104.18,121.24,120.63
389.99,104.55,121.02,121.02
390.37,104.3,120.61,121.21
390.85,104.61,120.41,121.55
390.39,104,120.7,121.61
389.9,103.83,120.82,121.89
390.35,103.79,120.68,122.15
390.58,103.79,120.84,122.5
390.04,103.46,121.12,122.75
390.12,104.13,121.37,122.91
390.56,103.95,121.47,123.12
390.82,103.19,121.56,123.13
389.07,103.08,121.99,123.2
389.83,104.29,121.94,123.64
389.64,103.98,121.95,123.84
390.01,104.33,122.06,124.08
388.78,103.47,122.14,124.11
389.41,104.12,122.01,124.68
389.95,104.95,121.86,125.15
389.53,104.45,121.9,125.16
389.39,104.12,121.88,125.26
389.37,104.8,121.88,125.78
389.37,104.29,121.98,125.82
389.55,104.03,121.96,126.18
389.71,104.17,121.93,126.55
389.52,104.84,121.91,127.14
389.24,104.6,122.08,127.26
389.28,104.57,122.26,127.22
388.74,104.66,122.51,127.2
388.09,104.86,122.92,127.19
387.83,104.7,123.23,127.18
387.01,104.91,123.53,127.31
386.6,104.87,123.78,127.38
386.01,105.23,124.09,127.62
385.78,105.3,124.5,127.67
384.79,104.88,125.17,127.86
384.89,105.48,125.46,128.06
383.72,104.92,126.03,128.18
383.52,104.96,126.35,128.29
382.39,105.63,127.13,128.39
382.09,106.06,127.67,128.36
381.86,105.58,128.27,128.49
379.83,106.61,129.16,128.28
378.97,107.03,129.56,128.2
378.45,107.22,129.76,128.06
377.53,108.02,130.24,128.01
377.05,109.35,130.59,128.13
377.53,110.64,130.76,128.52
377.15,111.51,131.17,128.52
377.12,113.36,131.29,128.64
377.32,115.32,131.52,128.73
375.66,116.13,131.92,128.53
375.21,118.07,131.99,128.37
374.03,118.48,132.12,128.54
373.53,118.27,131.96,128.51
372.58,117.93,131.98,128.05
373.18,118.46,131.56,127.49
373.25,117.58,131.26,127.08
372.5,117.83,131.22,126.58
371.21,117.43,131.53,126.11
371.63,117.41,130.82,125.79
371.82,117.55,130.4,125.79
371.28,117.06,130.37,126.03
371.79,116.75,130.53,126.18
371.35,115.98,130.43,126.25
370.03,115.84,130.45,126.26
370.28,115.8,130.63,126.51
370.13,115.29,130.61,126.76
369.83,115.17,130.89,126.96
368.96,115.19,131.27,126.9
368.74,115.31,131.69,127.17
368.09,115.33,132.04,127.52
367.3,115.25,132.23,128.18
366.56,114.88,132.25,128.92
366.15,114.3,132.34,129.58
365.68,113.6,132.72,130.12
365.11,113.84,133.09,130.71
364.79,112.8,134.09,131.25
364.37,112.85,134.89,131.76
364.55,112.59,135.4,132.3
364.21,112.38,136.01,132.62
363.5,111.84,137.06,132.43
362.45,110.88,138.2,132.17
361.45,110.09,139.28,131.88
360.74,108.51,140.32,131.61
361.41,107.86,141.18,131.13
359.57,108.09,142.03,131.17
359.22,107.7,143.15,130.87
358.52,107.2,144.22,130.98
357.23,107.53,145.19,130.92
357.34,107.88,145.58,130.69
356.52,108.27,146.2,130.84
356.76,107.91,146.75,130.86
355.24,107.11,147.79,130.47
354.22,106.56,148.9,129.97
354.55,106.13,149.74,129.42
353.38,106.29,150.66,128.56
353.69,106.36,151.47,128.06
352.58,107.12,152.1,127.51
352.07,107.08,152.49,127.41
352.44,106.97,152.67,127.4
352.53,108.14,152.91,127.16
352.66,108,153.09,127.34
352.11,108.04,152.94,127.73
350.83,107.73,153.52,127.65
351.59,107.5,153.55,127.8
349.92,107.13,154.49,127.64
350.49,106.56,154.45,127.54
351.24,105.64,154.52,127.62
349.65,105.24,155.35,127.4
350.79,104.66,155.57,127.64
349.29,104.46,156.15,127.56
351.17,104.22,156.19,127.69
350.02,104.19,156.73,127.51
349.87,104.04,156.94,127.45
350.11,104.14,156.76,127.56
350.03,104.29,156.73,127.41
350.13,104.27,156.91,127.37
350.17,104.33,157.08,127.36
349.36,103.99,157.65,127.49
348.49,105.11,158.45,127.42
347.84,105.51,158.98,127.48
347.27,105.79,159.32,127.65
347.25,106.31,159.87,127.53
346.48,106.65,160.63,127.5
347.37,107.22,161.14,127.74
346.33,107.74,161.51,127.78
346.18,107.82,161.89,127.92
347.48,107.88,161.76,128.24
347.2,108.46,161.85,128.15
347.07,108.77,162.19,128.12
345.05,109.85,162.57,128.14
347.17,109.66,162.17,128.35
345.29,110.58,162.9,128.23
346.72,110.92,162.56,128.63
345.31,110.89,163.03,128.74
345.55,111.37,163.07,128.93
345.71,111.24,163.15,129.09
344.76,111.8,163.61,129.19
343.9,112.39,164.01,129.36
345.25,112.31,163.85,129.9
343.05,112.83,164.25,130.06
342.81,112.79,164.37,130.35
342.85,112.63,164.59,130.56
341.84,112.65,164.73,130.76
341.02,111.9,165.64,130.64
340.27,111.37,166.18,130.74
339.51,110.68,166.73,130.98
338.71,110.34,167.19,131.17
337.68,110.01,167.82,131.62
337.88,109.1,168.05,131.91
337.07,108.88,168.41,132.27
337.56,108.29,168.13,132.42
337,108.3,168.31,132.48
337.63,107.32,167.98,132.59
337.37,107.72,168.06,132.71
337.05,107.85,168.19,132.79
335.69,108.13,168.85,132.9
334.9,107.96,169.17,132.93
335.05,108.89,169.08,132.81
333.64,109.06,169.71,132.87
332.93,108.45,170.06,133.32
333.43,107.71,170.32,133.61
332.86,108.31,170.51,133.87
332.9,109.37,170.57,134.14
332.82,109.88,170.83,134.45
332.02,108.87,171.09,134.45
331.45,109.62,171.65,134.73
331.39,110.71,172.02,134.82
330.79,110.9,172.31,134.9
330.48,111.07,172.33,134.82
330.99,112.37,172.49,134.96
330.91,113.74,172.64,134.65
329.08,113.72,173.55,134.43
329.19,115.56,173.61,134.36
328.69,116.83,173.86,134.45
328,118.31,174.33,134.53
327.26,119.29,174.36,134.62
327.59,120.28,174.12,134.47
327.13,122.31,174.42,134.57
325.84,123.42,174.44,134.12
324.7,124.56,174.54,133.74
325.21,124.64,174.74,133.34
325.19,126.97,174.89,133.51
324.55,127.25,175.15,133.14
323.98,128.08,175.44,132.88
323.69,127.19,175.78,132.86
324.2,128.38,176.12,132.86
322.66,128.31,176.73,132.61
322.37,129.13,177.02,132.46
323.43,129.25,176.96,132.59
323.19,129.36,177.22,132.6
323.76,129.87,177.36,132.7
322.89,129.95,177.71,132.58
322.03,130.47,178.19,132.6
322.24,130.43,178.16,132.74
322.69,130.13,177.89,132.96
321.93,129.63,178.01,133.02
323.48,130.48,177.64,133.12
322.42,129.5,177.6,133.29
324.23,130.51,177.31,133.19
323.22,129.17,177.1,133.31
323.89,128.81,177.07,133.35
322.64,127.45,177.22,133.37
322.32,125.76,176.83,133.36
323.58,124.75,176.62,133.2
323.64,124.24,176.7,133.12
323.3,122.36,176.43,133.06
324.17,122.89,176.64,133.15
324.24,122.65,176.8,133.02
323.08,121.85,177.33,132.75
323.84,122.45,177.24,132.55
323.79,122.18,177.21,132.47
323.84,121.97,177.18,132.43
324.07,121.43,177.08,132.38
324.59,122.14,176.99,132.28
324.27,121.32,177.08,132.25
324.09,120.72,177.06,132.22
323.59,119.25,176.75,132.5
324.29,117.66,176.21,132.76
326.08,116.54,175.42,132.8
325.39,115.77,175.1,133.03
326.21,115.56,174.83,132.92
326.55,114.25,174.59,133.09
327.92,114.64,173.87,133.17
327.43,114.62,173.55,133.71
327.47,114.04,173.25,133.99
327.87,113.24,172.73,134.14
328.6,114.26,172.53,134.22
328.54,114.19,172.15,134.59
328.73,114.33,171.87,134.93
328.37,113.45,171.74,135.19
329.9,113.29,171.15,135.2
330.35,113.81,171.24,135.39
329.78,113.2,171.39,135.46
330.3,113.32,171.27,135.85
331.19,112.78,171.01,136.2
331.22,112.8,171.3,136.11
330.98,112.65,171.33,136.2
331.12,112.26,171.12,136.48
331.45,112.79,171,136.56
332.96,112.18,170.2,136.79
333.68,111.88,169.64,136.69
334.18,111.91,169.1,136.53
334.93,112.29,168.4,136.37
335.4,112.53,167.8,136.3
335.02,112.18,167.25,136.5
335.66,112.04,166.72,136.49
335.83,111.86,166.25,136.71
337.04,111.55,165.76,136.84
337,111.86,165.3,136.81
337.37,111.77,165.06,136.75
338.06,112.99,164.31,136.51
338.3,113.24,163.9,136.48
339.5,113.73,163.04,136.41
339.36,113.97,162.83,136.23
339.21,113.89,162.77,136.28
339.14,113.66,162.59,136.28
340.82,114.59,161.82,136.21
341.21,114.63,161.65,136.29
340.95,114.98,161.12,136.3
341.13,115.19,160.89,136.29
340.78,115.08,161.13,136.26
341.94,115.51,160.83,136.26
341.9,115.55,160.34,136.4
341.58,115.44,160.07,136.33
341.87,115.32,159.7,136.38
342.79,115.67,159.4,136.34
340.23,116.49,159.45,136.02
327.76,117.01,159.83,135.62
325.88,117.16,159.48,135.87
323.07,117.12,159.4,135.67
319.72,117.49,159.37,135.48
319.08,116.43,158.85,135.49
321.3,115.96,158.06,135.6
323.39,115.74,157.27,135.58
322.07,117.02,157.19,134.87
323.89,116.78,156.57,134.85
324.46,117.48,156.08,134.6
325.47,118.02,155.67,134.5
323.95,118.46,155.97,134.31
326.23,118.43,155.32,134.24
324.73,118.77,155.45,134.09
326.28,118.61,154.92,134.1
331.15,119.63,154.8,133.6
333.23,120.92,154.35,133.24
334.01,120.85,153.82,133.53
333.49,121.21,153.68,133.43
333.65,121.97,153.35,133.31
334.95,121.39,152.82,133.64
334.54,121.59,152.53,133.41
335.25,121.54,152.09,133.51
334.95,121.51,151.91,133.2
335.54,121.34,151.82,133.31
334.83,120.99,151.57,133.25
336.36,120.41,151.17,133.33
336.53,119.12,150.97,133.65
338.39,117.25,150.46,134.07
339.06,116.05,150.2,134.25
343.3,114.11,149.76,134.52
349.65,112.47,149.61,134.41
354.51,111.36,149.29,134.07
357.36,111.35,149.26,133.85
363.41,109.97,148.69,133.67
363.77,110.45,148.38,133.56
363.97,110.28,148.59,133.56
363.72,110.36,148.47,133.38
369.47,109.39,147.71,133.57
369.14,111.24,148.02,132.6
368.8,110.71,148.33,131.7
368.86,110.95,148.26,131.22
366.63,111.19,148.79,130.22
366.74,111.36,148.9,129.84
366.99,111.29,148.93,129.54
367.18,110.92,149.13,128.97
366.93,110.39,149.2,128.65
366.89,109.48,148.84,128.64
367.49,108.72,148.37,128.69
367.35,107.71,148.38,128.67
367.13,106.85,148.37,128.61
367.62,105.7,148.44,128.34
367.33,105.27,148.91,128.26
367.44,104.76,149.45,128.22
367.07,104.69,149.64,128.44
367.04,104.79,149.85,128.6
366.8,104.5,150.04,128.91
367.33,104.56,150.21,129.07
366.85,103.31,150.64,128.95
367.51,103.07,150.67,128.93
367.1,102.49,151.02,128.5
366.31,102.65,151.27,128.15
365.96,102.44,151.72,127.82
364.49,102.89,152.32,127.8
365.78,102.49,152.58,127.94
364.23,102.65,153.31,127.62
364.74,102.41,153.96,127.85
365.04,101.65,154.24,128.21
365.5,100.79,154.55,128.56
365.65,100.44,154.94,128.78
363.3,100.48,156.19,128.53
363.88,100.15,157.24,128.67
361.21,100.78,158.6,128.24
360.2,100.67,158.91,128.59
355.2,101.07,159.23,128.12
354.86,100.2,159.81,128.56
354.65,99.771,160.42,128.84
354.48,99.093,161.31,128.7
353.12,99.339,162.97,127.98
353.68,99.626,163.96,127.77
354.09,98.81,165.53,127.43
356.96,98.069,167.25,127.05
362.93,99.581,169.31,126.74
366.33,100.37,170.39,126.83
367.12,100.64,171.41,126.44
366.78,101.42,172,126.1
366.23,101.79,172.37,125.83
365.02,101.06,173.04,125.7
364.17,101.26,173.59,125.27
359.1,102.48,174.5,124.94
359.15,102.08,175.77,124.66
359.1,102.41,177.17,124.1
358.44,102.92,178.75,123.63
358.75,102.62,180.28,123.27
359.2,103.85,181.24,123.59
358.73,103.05,182.59,123.64
358.13,103.41,183.42,123.73
358.62,102.81,184.95,123.35
357.82,102.86,185.45,123.22
358.09,103.36,186.3,123.04
358.16,103.27,187.16,122.77
356.82,102.45,187.93,122.56
357,103.78,188.78,122.68
355.39,102.22,189.54,122.68
355.24,102.82,190.37,120.03
355.62,103.82,190.61,118.28
355.32,104.96,190.95,117.16
354.35,104.83,191.04,116.28
353.36,105.23,191.54,115.85
352.18,105.41,192.18,115.52
352.34,105.61,193.02,115.5
350.93,106.3,193.76,115.58
351.38,105.85,194.28,115.26
350.49,106.2,195.02,115.14
350.03,106.72,195.27,114.97
349.15,107.07,195.77,115.19
348.26,106.64,196.64,115.36
345.53,107.75,197.69,115.1
346.21,108.04,198.46,114.73
344.59,108.96,199.28,114.43
343.47,108.25,199.61,114.47
344.75,108.58,199.84,114.63
344.27,108.86,200.03,114.63
343.76,107.6,200.02,114.85
343.02,107.32,200.65,115.04
342.46,108,201.14,115.04
341.82,106.7,202.22,115.01
341.43,107.47,202.91,115.25
340.55,107.3,203.92,115.51
340.24,106.71,204.76,115.55
340.58,106.7,205.47,115.38
340.7,106.05,206.28,115.3
341.02,104.71,207.11,115.32
340.83,104.93,207.24,115.36
341.52,102.85,208.51,115.35
340.92,101.2,209.41,115.54
340.22,99.873,210.77,115.79
345.14,96.867,212.21,115.4
344.68,95.563,212.83,115.49
343.04,94.353,213.28,115.52
342.34,92.425,214.37,115.54
342.07,90.757,215.06,115.32
342.56,89.176,215.77,115.04
342.58,88.468,216.44,114.85
343.56,87.093,216.92,114.63
341.99,85.865,217.02,114.53
343.62,84.491,216.61,113.87
340.38,85.794,217.19,113.68
342.75,85.841,216.93,113.59
342.65,84.021,217.07,113.35
340.65,84.896,218.06,113.11
340.73,86.383,218.85,112.78
342.01,83.696,218.79,112.52
338.71,86.138,219.91,112.07
341.38,83.839,220.3,111.49
336.95,86.293,221.92,111.38
339.06,86.751,222.37,110.84
340.93,85.235,222.64,110.51
338.05,87.854,224.37,110.63
342.08,85.612,224.03,110.62
339.8,87.134,225.19,110.58
339.83,85.168,225.06,110.9
340.06,85.64,225.37,110.78
337.48,85.802,226.63,110.71
335.16,85.803,227.23,110.63
333,85,226.7,110.76
330.22,86.128,227.27,110.82
331.16,85.175,227.27,111.15
323.74,83.16,227.45,110.77
321.42,86.688,228.01,111.34
321.1,85.7,227.75,111.6
319.24,86.264,227.69,111.76
320.13,82.049,227.91,111.75
317.93,86.874,228.51,111.95
324.17,85.205,228.08,111.92
328.91,85.183,226.99,111.49
328.64,85.816,227.06,111.48
329.38,85.192,227.13,111.51
333.64,87.572,226.4,111.42
334.28,83.004,226.73,111.47
330.94,87.4,228,111.59
334.98,84.267,228.11,111.19
331.86,88.508,228.85,111.49
335.11,85.342,228.27,111.19
331.93,89.232,228.6,111.58
334.26,86.062,228.11,111.22
331.22,89.739,228.68,111.67
334.28,91.019,228.06,111.8
331.33,93.54,228.67,112.36
334.08,90.682,228.43,111.77
330.88,95.554,228.86,112.02
333.19,93.084,228.88,111.46
330.35,97.093,229.35,112.02
333.65,93.671,228.97,111.73
330.84,98.732,228.98,112.13
333.99,94.753,228.59,112.02
329.42,100.24,228.34,112.42
334.83,98.067,227.71,112.32
331.39,100.5,228.18,112.61
333.23,96.529,228.03,112.33
330.17,100.3,228.58,112.65
333.64,98.521,228.59,112.84
333.61,100.43,230.46,113
334.04,98.456,232.35,113.69
333.78,98.42,234.73,114.45
332.47,97.548,237.59,115.22
334.22,97.116,240.64,116.33
333.21,95.601,243.94,117.6
335.4,95.927,247.74,119
337.88,95.264,251.24,120.47
336.02,92.857,254.63,122.07
338.48,93.098,258.3,123.68
337.93,92.089,262.05,125.39
340.91,92.01,266.01,127.29
337.53,87.102,268.86,128.16
339.43,86.831,272.39,129.44
341.58,86.001,275.64,130.27
338.2,86.26,277.74,130.59
338.93,90.485,279.8,131.93
338.83,87.549,280.64,132.85
337.13,87.582,281.91,133.19
336.65,87.658,283.08,133.3
335.68,89.108,284.2,133.36
337.86,89.251,284.48,133.54
335.56,88.946,284.83,134.05
336.95,90.526,285.29,134
335.67,91.095,285.85,134.25
337.24,91.53,285.92,134.41
335.76,92.725,286.16,134.62
337.76,92.923,285.95,134.63
347.94,97.593,286.26,135.33
351.15,93.157,285.15,134.64
350.86,96.539,284.94,133.87
352.99,96.015,284.13,133.3
350.39,96.394,283.56,133.3
353.2,96.919,282.79,132.86
350.77,98.148,282.7,132.74
354.02,98.29,282.19,132.41
352.78,99.384,281.88,132.32
353.75,99.689,281.26,132.46
354.27,99.899,280.79,132.56
354.18,100.03,280.52,132.6
355.87,99.706,279.78,132.78
355.95,100.26,279.55,132.73
356.33,99.82,279.05,132.51
355.26,101.49,279.36,132.31
360.03,100.91,278.68,132.02
358.42,102.09,278.51,132.3
361.1,101.59,277.72,132.3
358.13,103.09,277.61,132.7
361.75,102.02,276.66,132.8
355.48,102.73,276.58,133.33
353.78,101.11,276.04,133.53
353.36,102.29,276.12,134.08
354.52,100.72,275.91,134.54
357.49,100.75,275.19,134.57
360.14,99.334,274.91,135.14
361.33,99.63,275.01,135.67
361.37,101.2,275.4,135.91
361.99,99.23,274.99,136.02
361.24,101.95,275.93,135.51
362.73,100.74,275.55,135.34
363.02,102.35,275.87,135.37
364.31,101.14,275.69,135.44
366.19,103.2,275.75,135.61
363.91,102.64,275.13,135.83
366.96,102.6,274.63,135.77
366.81,103.52,274.09,135.57
366.04,104.51,273.06,135.55
366.75,104.97,272.26,135.91
367.49,103.85,271.86,136.25
366.45,104.74,270.95,136.2
367.86,103.12,270.87,136.25
365.12,102.79,270.49,135.94
367.87,100.62,270.2,135.71
366.7,100.72,269.54,135.75
366.87,98.382,269.61,135.31
366.8,97.174,269.15,135.43
367.3,95.754,268.91,135.17
367.09,93.338,268.43,135.19
368.03,93.124,267.74,134.86
367.02,93.024,267.07,134.84
367.49,93.058,266.2,134.65
368.15,93.208,265.44,134.54
368.76,93.763,264.64,134.42
367.46,93.563,263.98,134.33
370.17,92.58,263.67,134.34
367.89,93.793,263.19,134.16
368.99,94.413,262.64,133.92
367.22,94.356,262.18,133.88
369.9,95.113,261.67,133.69
366.7,93.864,261.56,133.32
370.79,94.065,261.39,132.66
369.55,96.003,261.17,132.48
367.82,96.301,261.54,132.48
369.33,96.708,261.94,131.96
366.44,97.546,262.5,131.62
370.4,97.407,262.63,131.48
367.86,97.662,263.16,131.12
368.68,97.65,263.15,130.99
367.64,98.122,262.7,130.5
369.66,98.305,262.12,130.25
365.58,99.761,261.6,130.27
368.63,98.692,261.55,130.06
366.84,99.018,261.14,129.3
368.46,98.712,260.42,129.09
364.96,99.234,260.18,128.85
369.69,100.03,259.5,128.98
366.43,99.303,258.49,129
368.05,98.313,258.18,129.17
368.06,97.9,258.05,129.12
369.06,98.49,258.41,129.05
367.1,98.381,257.93,128.81
368.94,98.47,257.83,128.74
367.18,97.832,257.69,128.76
368.25,98.436,258.1,128.38
367.3,97.956,258.4,128.24
366.83,98.895,258.57,128.01
365.95,99.256,258.91,127.69
364.72,99.416,259.13,127.58
364.43,99.317,259.04,127.52
363,99.26,258.84,127.43
363.91,99.623,258.83,127.46
364.73,99.553,258.88,127.33
363.42,99.926,258.55,127.27
364.97,100.26,258.19,127.4
363.01,100.4,257.56,127.43
363.93,98.719,257.28,126.95
362.35,98.132,257.43,127.22
360.68,97.708,257.76,127.39
360.49,97.477,258.31,127.68
361.57,97.479,259,127.76
360.56,97.561,259.53,127.75
358.99,96.728,259.75,127.78
359.58,97.022,260.29,127.88
357.76,97.832,260.6,128.03
358.34,97.972,261.31,128.46
357.61,98.532,261.62,128.89
358.09,98.05,262.16,128.8
355.19,97.876,262.36,129.17
353.53,98.235,262.21,129.23
351.79,97.89,262.46,128.93
351.83,98.028,262.5,129.06
351.03,97.494,262.42,128.99
350,99.474,262.4,129.16
350.64,98.084,263,129.46
348.92,98.269,263.23,129.57
348.17,98.497,263.69,129.92
347.9,98.666,264.58,129.57
359.23,98.541,264.59,129.41
362.29,98.937,264.41,129.37
361.85,98.294,264.6,129.65
365.58,97.092,264.12,129.31
364.97,98.012,263.93,129.45
364.91,98.17,263.7,129.45
363.13,97.572,263.47,129.47
363.26,92.868,263.8,129.36
362.83,90.963,264.5,129.35
362.31,88.43,264.97,129.43
361.98,85.901,265.25,129.57
361.97,84.662,265.23,129.69
361.67,83.385,265.33,129.78
361.25,83.293,265.05,129.85
361.69,83.542,264.89,129.64
361.82,82.957,265.28,129.38
364.36,82.715,265.05,129.07
369.27,83.256,265.39,128.76
366.76,82.023,266.03,128.45
367.35,82.275,266.46,128.37
365.17,82.266,267.62,128.5
365.46,81.891,268.05,128.44
365.71,82.339,268.68,128.64
365.52,82.249,269.93,129.1
365.62,82.939,271.53,129.37
362.59,83.963,273.51,129.76
368.79,87.206,274.76,129.51
366.32,87.237,274.44,128.79
368.15,90.589,274.72,127.77
365.2,90.19,274.29,127.55
367.09,90.467,274.52,127.22
366.06,90.801,274.92,127.04
363.04,92.79,275.52,126.96
363.88,91.745,276.12,127.42
360.98,91.829,276.74,127.22
358.15,91.573,277.76,127.1
355.93,90.589,279.25,127.13
355.21,90.123,280.66,126.68
353.7,89.861,282.18,126.52
354.34,89.153,283.03,126.49
351.67,88.504,284.8,126.85
352.54,88.677,285.38,126.61
349.74,89.714,286.57,126.76
348.69,89.814,287.2,127.15
347.17,90.463,287.64,127.17
347.53,91.198,287.99,127.68
344.55,92.524,288.55,128.25
345.9,93.503,288.31,128.62
347.1,94.893,288.12,129.38
345.32,93.74,287.92,130.18
344.83,96.814,288.98,130.62
343.91,96.972,289.16,131.33
343.82,97.485,289.53,131.84
341.1,99.512,290.23,132.25
343.36,99.575,290.03,132.74
337.15,100.99,289.44,133.25
343.6,103.23,290.59,133.88
335.21,98.978,289.8,134.76
341.8,108,291.03,134.87
334.3,104.19,290.04,135.83
341.73,107.56,290.88,135.87
335.05,106.26,289.55,135.91
336.98,103.3,290.74,136.44
331.87,103.65,291.65,136.18
331.4,104.3,293.52,135.77
331.05,105.21,294.59,135.65
328.91,104.72,295.66,136.12
327.13,105.27,296.78,136.43
324.84,110.6,297.93,136.2
321.7,109.99,298.12,135.96
321.42,111.28,298.26,136.33
319.34,111.08,299.57,135.66
321.6,110.43,301,134.71
319.54,109.86,301.58,133.84
329.23,114.33,301.99,132.93
332,112.84,302.04,132.29
334.15,115.19,299.77,131.33
334.36,112.21,298.15,130.47
332.28,113.78,297.22,130.76
331.88,118.25,297.46,131.04
333.28,118.52,296.71,131
327.83,118.12,295.71,131.13
322.81,117.36,295.27,131.83
313.24,112.82,294.54,132.09
309.54,114.75,291.75,131.8
295.81,112.13,291.53,131.29
293.46,112.91,290.55,132.01
287.07,109.28,290.09,131.73
289.45,111.78,290.03,133.24
292.39,108.05,290.05,134.07
282.38,106.53,291.32,134.74
274.96,106.17,292.17,136.03
264.32,106.37,290.88,137.59
258.3,105.91,289.61,138.11
252.7,105.96,289.23,138.28
244.22,104.78,290.45,138.33
240.27,103.33,289.68,139.38
239.35,104.75,287.44,140.34
225.21,104.66,287.07,140.08
233.57,103.78,287.52,140.11
225.7,101.98,286.67,140.77
221.16,101.94,287.44,141.35
214.26,100.11,289.08,141.86
206.49,97.95,291.17,141.68
202.24,97.557,293.27,142.02
199.27,96.482,295.43,144.57
198.28,94.724,296.09,146.85
207.92,90.655,296.15,148.94
216.64,84.99,297.8,150.16
238.86,80.973,298.71,151.49
252.11,77.198,298.19,152.78
274.01,72.148,299.45,155.74
322.12,64.514,296.51,158.34
345,51.373,294.86,159.9
358.47,44.018,289.06,160.78
368.64,36.882,282.24,160.37
375.77,34.484,276.23,159.99
369.46,31.375,273.44,159.75
368.44,31.161,270.48,159.09
358.78,33.121,267.31,158.88
341.94,42.689,263.64,158.24
322.87,53.262,260.5,157.23
297.31,71.884,257.14,156.6
295.55,92.32,257.47,156.21
296.52,107.62,256.42,156.31
314.78,118.32,251.3,156.04
353.05,124.93,242.28,162.23
380.53,129.57,234.88,165.04
385.19,130.21,228.38,166.56
388.39,131.33,223.33,167.34
381.25,144.44,222.8,165.57
364.1,150.47,222.26,163.24
345.11,150.53,218.91,161.06
322.43,153.09,217.39,154.59
325.04,153.06,213.81,153.58
323.16,153.98,210.62,151.33
312.04,157.36,213.9,144.26
307.34,163.04,217.65,138.43
304.32,167.67,220.41,134.15
301.98,168.5,221.84,131.07
301.74,170.45,223.62,128.57
302.69,170.07,224.2,126.81
305.17,172.06,223.62,125.94
305.07,172.9,223.14,125.44
304.8,173.77,222.63,124.92
302.45,174.63,221.72,124.08
302.17,174.9,221.23,122.36
298.85,175.77,219.74,121.15
297.74,175.32,217.59,120.19
295.37,177.13,214.47,119.36
297.04,179,210.18,118.47
299.85,182.43,205.49,117.44
301.79,185.16,201.24,116.81
303.44,187.66,198.2,116.35
303.84,189.89,195.83,115.46
300.07,191.24,193.22,115.17
295.72,193.28,191.85,115.16
293.45,195.42,190.33,114.34
289.44,197.14,189.96,113.18
289.51,198.78,189.49,111.85
287.58,199.59,189.82,110.93
284.66,199.9,191.7,110.39
281.48,200.72,193.82,110.43
283.03,201,195.87,110.53
280.21,200.63,197.24,110.72
276.88,200.87,196.96,111.12
274.77,199.66,196.35,110.72
267.8,199.21,195.57,110.34
264.76,199.51,193.62,110.14
260.38,199.7,191.91,109.25
254.26,200.59,189.47,108.46
249.96,199.73,186.76,107.57
256.36,201.28,185.61,107.21
264.78,200.54,186.59,106.62
267.7,198.51,185.97,106.73
271.25,195.66,184.21,107.57
278.06,193.3,184.49,108.51
302.95,187.89,184.34,109.03
320.38,181.7,182.5,108.73
327.18,168.62,179.55,108
324.3,163.8,177.15,106.67
316.21,159.49,174.02,105.1
312.19,155.72,171.23,103.66
308.96,154.29,169.44,103.27
305.72,152.71,168.55,102.63
301.24,149.77,168.1,101.63
297.57,147.14,167.67,100.5
297.08,145.15,167.31,99.742
295.11,143.23,167.76,98.966
291.36,142.4,168.55,98.55
285.12,142.91,169.81,97.903
273.02,143.32,170.59,97.587
265.51,142.81,172.41,97.235
258.94,143.22,173.36,97.289
256.26,145.24,173.39,96.653
258.49,145.67,173.12,96.959
261.41,145.86,172.68,97.917
260.87,145.49,171.26,97.459
260.29,144.58,170.03,96.813
259.7,129.89,164.8,103.39
259.01,130.36,161.48,108.07
260.86,134.26,165.79,105.35
257.94,136.74,170.16,102.64
253.76,136.67,172.54,100.86
247.84,135.27,173.24,98.988
246.55,134.76,173.81,97.504
246.42,135.01,172.8,96.879
253.15,133.87,171.58,96.968
257.33,133.82,169.99,97.21
262.19,134.27,168.43,97.105
269.92,134.48,167.19,97.202
285.88,134.46,165.47,97.089
297.23,135.88,163.29,96.644
302.39,135.77,162.76,95.972
308.94,135.78,162.37,95.382
318.21,137.64,160.19,94.375
323.67,137.7,157.28,93.752
320.47,136.77,157.56,93.16
322.37,136.46,157.9,93.001
323.86,136.56,158.65,92.778
