277,48,343,413
266.23,47.579,339.7,416.54
266.74,48.327,339.18,416.21
268.05,48.735,338.75,415.99
272.71,41.484,337.94,415.79
275.11,39.49,336.59,417.06
276.2,38.505,335.59,418.08
282.5,33.812,335,418.4
283.41,32.727,334.49,418.53
285.9,34.418,333.79,418.31
283.02,32.039,332.99,417.78
283.41,33.738,332.29,417.77
287.32,34.417,330.84,418.68
291.07,34.349,329.53,419
294.53,38.62,327.68,419.79
297.53,46.209,326.33,419.69
297.68,45.204,325.01,419.93
308.86,51.475,323.66,420.1
318.35,56.323,322.63,420.62
326.51,61.277,321.39,420.79
336.32,65.331,319.44,419.91
334.94,65.89,319.33,419.5
343.42,68.546,318.16,418.63
349.7,70.859,316.57,418.72
357.57,73.056,314.29,418.83
365.66,74.772,311.49,418.82
365.38,75.113,310.47,420.15
372.43,79.785,308.49,420.68
378.91,84.084,305.95,421.18
380.51,90.175,303.78,422.21
382.74,93.538,301.77,423.29
383.34,93.839,300.65,422.73
384.25,96.126,298.89,422.41
379.75,98.949,298.82,422.9
375.13,102.26,297.75,421.69
373.45,108.03,295.29,422.18
373.9,108.88,292.88,422.81
375.72,113.24,290.33,422.91
380.28,116.17,286.34,423.39
385.21,117.62,283.12,423.99
389.3,116.46,280.3,424.74
389.87,117.11,279.11,424.09
390.56,116.96,277.41,422.86
390.83,116.26,275.71,422.6
393.61,116.31,273.81,422.22
397.15,114.5,271.63,422.42
397.24,114.14,270.08,422.63
401.17,112.98,268.58,423.26
402.27,113.73,267.58,423.99
398.61,116.78,267.53,424.59
396.14,117.15,267.43,425.57
396.26,116.96,267.09,426.45
392.62,115.24,265.55,428.67
389.45,110.07,264.79,431.68
388.36,104.91,263.34,433.98
388.76,97.479,262.51,436.11
388.16,95.743,261.32,436
390.33,91.271,261.01,437.16
388.76,87.051,260.07,437.71
392.45,83.669,260.23,437.92
393.81,77.559,259.9,439.39
393.19,76.934,258.97,438.87
395.12,72.47,258.88,439.44
397.5,66.154,258.99,439.4
398.48,60.799,258.85,439.87
398.19,55.813,258.08,441.21
399,55.949,257.26,440.34
401.76,56.376,256.32,439.69
404.72,56.813,254.58,439.87
409.19,60.68,252.81,439.59
414.91,61.622,251.35,438.25
416.71,61.632,249.5,437.54
421.72,62.326,247.99,437.01
424.29,60.188,245.96,435.77
428.42,60.491,244.17,436.6
431.11,61.069,242.6,436.02
432.49,61.729,241.34,435.51
432.62,64.52,240.24,435.72
433.91,66.144,240.01,435.65
436.06,66.845,239.95,435.13
436.19,68.059,239.68,436.55
436.04,68.961,240.16,437.74
437.51,69.509,241.19,438.59
435.96,70.03,242.93,438.01
434.89,69.554,244.1,438.31
435.05,68.062,244.54,438.1
435.19,67.116,244.8,437.77
434.78,67.583,244.73,437.81
436.11,68.808,244.9,437.45
438.28,70.755,245.95,436.9
440.76,71.238,246.76,436.97
441.25,72.888,247.21,437.59
443.8,74.083,248.33,438.21
440.11,87.886,247.49,437.87
439.85,102.43,246.05,437.54
441.54,114.59,244.31,437.16
442.21,122.92,244.39,435.86
443.29,130.42,244.3,435.89
445.91,137.31,244.13,437.96
451.55,140.57,243.97,441.07
454.56,141.87,246.24,442.82
455.98,142.46,249.07,443.17
457.33,138.92,252.51,442.58
457.7,136.26,254.36,444.34
457.06,132.97,255.42,445.76
456.19,129.14,256.51,446.2
456.03,126.82,257.89,446.23
457.25,124.26,258.12,446.32
458.51,122.25,258.93,446.44
460,120.67,258.89,447.33
460.55,118.38,258.23,447.06
460.3,117.82,257.86,445.79
459.77,121.13,257.96,443.86
458.93,123.35,259.84,441.47
453.56,125,262.24,439.54
445.05,122.72,264.91,436.77
442.27,120.79,266.84,436.07
434.49,117.7,268.56,434.95
425.95,112.7,270.23,434.62
417.46,104.9,272.66,433.88
413.62,97.169,274.52,433.8
410.14,92.665,274.65,434.45
409.29,85.352,273.77,434.38
407.26,76.82,272.77,433.72
406.13,70.429,271.69,433.63
405.62,62.458,270.21,434.14
405.2,57.491,269.66,434.58
405,51.387,268.77,436.58
405.76,48.971,267.98,438.36
406.56,49.903,267.84,439.34
402.51,53.562,266.88,440.34
400.19,54.743,265.89,442.78
398.34,59.64,266.4,444.48
398.68,64.758,265.39,446.88
398.83,67.187,265.61,448.08
397.74,70.317,266.49,448.83
397.34,70.69,267.24,450.32
395.71,75.347,268.51,450.54
393.35,79.605,269.26,446.84
389.95,85.782,270.72,443.81
386.39,95.95,271.34,442.16
384.03,97.106,271.8,440.44
382.55,101.86,271.86,439.23
381.82,107.98,271.97,438.65
379.87,115.6,272.72,438.61
378.61,117.85,274.36,439.08
378.53,118.5,275.49,440.26
378.24,118.19,277.09,442.26
378.04,118.43,278.72,444.03
377.64,118.8,281.5,445.6
379.07,120.31,285.24,447.98
380.98,122.31,288.1,449.98
377.12,122.11,290.1,452.46
374.09,122.38,292.18,453.26
372.48,127.06,295.29,454.56
369.21,132.11,298.24,454.15
367.3,135.18,301.66,455.59
363.19,137.79,304.68,456.48
359.46,140.67,307.17,456.8
355.41,143.26,308.2,457.11
349.17,143.55,308.17,456.65
346.45,143.79,306.24,456.75
344.57,142.24,303.49,456.53
342.62,140.68,301.23,456.17
344.52,138.24,301.25,455.11
347.99,133.6,301.31,454.81
348.15,133.79,300.26,454.24
352.11,128.93,300.37,454.71
354.68,123.99,300.12,454.43
357.6,118.11,300.98,453.21
359.92,114.85,302.12,452.01
361.25,112.64,302.62,451.15
363.45,110.31,303.77,450.39
369.06,105.11,305.4,448.49
374.16,100.95,305.66,447.06
380.66,98.967,306.2,446.01
381.84,96.999,304.57,444.86
390.75,94.323,306.31,444.78
397.36,92.885,306.68,444.13
400.24,92.003,307.6,443.98
406.16,88.818,308.24,442.25
407.27,90.937,309.64,442.25
412.65,89.798,310.37,442.27
415.42,91.693,311.8,442.11
418.61,94.404,312.79,440.94
424.32,95.4,312.55,441.39
425.52,97.23,313.43,441.18
431.07,95.621,313.12,441.35
436.37,94.835,313.42,441.65
443.94,93.915,313.24,441.36
449.3,92.374,314.79,440.98
450.32,91.688,315.7,440.23
453.26,90.575,317.2,440.12
456.18,89.455,318.13,440.75
456.12,90.253,318.44,440.22
453.76,91.661,316.55,440.63
453.1,93.363,315.7,439.07
449.79,93.75,314.31,438.74
442.06,97.983,314.96,436.79
436.01,103.58,316.58,433.79
430.63,106.76,318.03,432.66
429.02,107.37,318.6,430.62
423.62,110.9,319.73,429.66
419.75,113,319.81,428.53
416.81,116.2,319.69,428.6
411.8,117.65,320.91,427.81
409.66,116.8,321.47,428.43
408.67,117.3,322.65,428.41
405.4,115.99,324.32,427.93
402.28,112.67,325.19,429.14
397.72,110.4,326.95,429.62
395.77,109.25,327.6,429.33
393.86,108.09,329.24,427.63
391.69,107.93,331.16,426.38
389.34,106.23,333.22,423.95
392.05,104.6,335.9,422.58
387.57,105.56,338.78,420.83
387.79,106.2,342.3,420.28
385.41,105.26,347.4,420.28
381.19,102.44,352.87,421.7
374.63,100.51,358.55,425.32
371.54,98.091,363.69,429.07
368.41,100.76,367.73,431.8
365.52,102.88,372.44,433.28
363.44,105.29,376.4,435.85
362.45,104.94,380.48,439.07
361.41,103.79,383.09,442.47
363.17,100.3,385.48,445.2
361.5,103.34,387.85,446.79
358.38,103.06,388.27,448.15
358.77,101.52,387.93,449.85
358.4,101.49,388.01,450.36
361.91,100.04,388.58,451.57
362.02,101.78,387.85,450.64
362.51,100.57,388.62,450.42
364.27,100.46,389.24,448.96
365.34,103.03,389.3,447.37
362.3,102.74,391.41,445.66
362.31,101.99,392.51,445.26
361.19,99.88,393.64,444.07
358.7,100.42,394.98,441.77
356.16,100.1,396.7,439.88
353.4,102.87,397.47,437.94
346.56,103.77,397.69,435.19
339.43,103.42,396.51,430.68
334.66,100.18,396.05,425.26
331.17,100.52,394.14,424.39
327.77,95.718,392.45,421.67
325.72,90.883,391.15,418.21
319.37,86.091,391.93,414.38
318.62,79.232,392.55,413.47
318.55,78.9,393.97,412.15
313.84,75.246,395.21,411.08
314.25,66.97,394.99,409.77
314.77,60.412,395.22,408.85
312.64,55.358,397.16,408.34
313.53,52.689,398.8,409.31
312.41,50.473,401.08,408
310.48,48.972,404.87,404.55
314.65,49.237,408.49,401.24
319.48,53.413,410.17,399.47
319.77,55.693,410.27,397.51
325.6,58.427,411.74,396.74
332.87,64.335,412.25,397.06
336.07,72.928,411.56,396.43
338.71,81.248,410.34,395.07
339.33,79.907,407.55,394.59
338.53,85.864,407.58,393.99
339.57,87.954,407.4,393.59
340.62,91.142,406.25,394.17
336.61,92.943,405.41,394.86
336.94,93.313,405.89,393.76
334.73,95.392,406.54,393.45
331.39,98.795,406.72,393.07
331.23,100.35,406.19,392.15
331,104.12,405.2,390.92
331.17,104.1,404.31,389.77
331.97,105.94,402.48,388.41
332.46,105.68,400.14,387.44
332.18,108.13,397.54,385.76
334.2,108.66,394.8,384.14
336.14,109.6,392.25,382.9
333.91,111.3,389.56,382.92
329.92,114.68,387.3,382.74
327.49,118.54,384.88,382.74
324.67,123.07,382.83,383.51
322.92,119.82,382.28,382
318.5,125.79,379.78,382.72
312.19,129,376.89,382.33
308.18,130.99,374.85,381.39
303.38,135.02,374.44,379.79
304.07,135.01,375.23,378.24
297.52,139.12,374.34,377.13
293.26,140.45,375.01,375.84
291.84,141.03,374.64,373.92
290.08,142.6,373.7,372.6
289.66,143.81,372.34,372.19
288.27,143.32,371.18,371.56
287.42,145.17,369.84,372.07
286.99,143.33,368.62,371.8
285.77,144.81,367.7,373.44
286.13,144.38,367.02,373.62
285.55,146.05,367,374.92
285.23,147.83,368.58,374.56
288.37,148.88,370.74,373.8
291.95,153.85,374.34,372.26
289.73,157.3,376.38,371.06
292.52,161.98,379.6,370.55
289.52,171.1,383.1,369.53
287.03,174.79,385.76,368.89
286.39,177.87,387.79,368.68
287.19,179.99,388.44,369.49
284.56,185.12,389.97,369.25
280.49,191.53,389.97,369.8
279.35,195.47,389.56,370.6
276,199.57,387.85,372.06
277.94,198.69,388.31,373.45
274.57,202.36,386.81,373.36
274.41,203.15,384.84,374.01
272.93,204.44,382.71,374.21
270.56,207.17,382.71,372.64
270.27,206.76,382.03,372.11
269.21,211.26,381.62,370.64
268.43,213.48,380.41,370.19
267.97,214.14,379.88,370.54
266.66,218,379.65,370.47
266.87,218.02,378.33,371.52
265.48,219.12,378.39,371.65
263.25,222.9,378.95,371.34
259,225.21,379.7,371.84
255.72,227.32,380.32,372.94
254.92,226.15,379.97,372.83
252.25,226.06,380.5,373.21
248.63,226.05,380.69,373.61
245.81,225.35,380.51,373.97
243.32,224.8,380.1,374.27
242.82,222.32,380.1,373.09
240.33,223.59,378.37,373.66
238.65,222.75,377.45,373.64
236.09,223.38,375.76,373.48
234.7,222.38,375.36,373.11
234.36,223.41,374.59,373.38
232.92,224.51,374.1,372.98
231.83,227.23,373.73,372.36
231.14,229.09,373.71,371.76
230.84,231.12,374.29,370.9
231.39,231.66,374.52,370.64
232.54,234.45,375.32,369.16
236.85,236.02,374.48,368.3
240.45,237.55,374.1,366.75
244.68,240.07,373.97,365.85
245.83,241.28,373.55,366.1
251.44,243.3,375.11,364.77
256.81,244.87,376.16,363.9
260.1,247.56,376.62,363.31
264.84,248.7,375.75,362.82
265.29,250.55,374.27,362.22
273.03,249.51,373.7,362.33
280.38,251.06,373.1,362
291.19,250.79,372.81,363.38
308.28,251.9,372.69,364.24
311.12,255.2,370.68,363.57
328.68,252.92,368.77,364.69
348.5,252.61,367.06,364.29
371.61,252.24,365.28,365.46
395.31,251.79,363.31,366.32
401.22,254.75,362.24,365.5
419.88,251.69,361.63,364.98
440.73,250.64,360.74,364.79
463.61,247.76,359.71,364.94
481.19,246.17,358.48,364.18
486.68,247.94,358.55,363.84
502.3,245.82,358.29,364.78
518.5,242.52,358.04,365.09
534.08,239.45,359.76,365.74
549.03,236.9,362.11,366.32
552.44,240.41,360.1,366.09
565.96,236.56,362.6,365.67
577.38,233.45,364,365.4
588.06,230.65,365.26,365.36
596.99,228.02,365.6,365.27
599.27,229.98,364.43,365.33
607.49,225.11,364.93,364.68
615.98,223.4,365.59,364.31
623.36,220.67,365.62,363.74
630.64,218.1,365.17,363.22
634,218.63,363.16,364.04
640.47,215.72,362.32,363.5
649.23,213.35,361.85,363.23
657.31,210.31,360.73,363.22
665.54,207.05,360.12,362.98
668.95,208.53,358.88,363.97
675.02,205.35,357.68,364.14
681.39,205.66,357.26,364.66
687.53,205.65,357.91,364.75
694.22,205.98,360.1,364.81
691.86,208.43,361.19,364.71
695.87,209.35,362.43,364
699.57,210.56,363.86,364.27
698.52,211.57,364.36,364.23
696.23,211.56,365.7,364.29
694.64,212.22,366.07,364.21
693.85,212.67,366.3,364.18
693.49,213.44,365.89,364.04
693.1,214.56,364.91,363.93
693.08,215.95,363.07,363.96
694.52,216.57,362.37,363.66
694.64,217.25,360.85,363.5
694.83,217.12,360.16,362.95
697.28,217.25,358.58,363.29
699.54,217.52,357.36,363.25
700.44,217.71,356.61,362.96
703.28,219.08,356.23,362.48
705.86,220.3,356.24,361.97
708.26,221.54,356.63,361.7
710.7,223.02,357.86,361.29
708.72,225.53,358.68,361.4
711.68,226.16,360.32,361.11
714.12,227.92,362.46,360.84
716.69,230.24,363.95,360.89
718.7,232.21,365.09,361.39
718.13,232.99,366.38,361.13
720.25,234.25,367.4,361.5
722.73,235.83,368.53,361.77
724.78,238,369.77,361.67
725.36,239.16,371.54,361.44
723.32,240.35,372.75,361.03
727.24,240.56,373.9,361.34
730.26,243.6,374.31,361
733.79,246.04,374.12,360.95
737.63,248.44,373.44,360.89
736.47,249.98,373.42,360.78
740.23,251.11,372.18,361.13
743.74,253.91,371.05,361.02
747.04,256.78,370.34,361.2
748.89,259.54,370.14,360.92
749.98,259.87,369.46,361.23
749.86,263.21,369.56,360.66
751.11,266.19,369.24,360.19
750.15,270.24,369.41,359.9
752.4,271.64,369.68,360.47
752.37,272.34,370.37,360.45
751.95,273.32,371.07,360.34
750.24,275.91,370.38,359.75
748.78,277.19,370.34,359.28
746.82,278.61,369.93,359.17
746.37,277.94,370.39,359.7
744.54,279.81,369.64,359.58
743.07,281.28,368.51,359.83
740.57,282.33,366.84,360.31
738.13,283.48,364.92,360.94
737.1,282.34,363.27,361.43
734.21,283.24,361.45,361.5
732.01,283.61,359.63,361.61
729.58,283.9,358.51,361.53
727.54,284.4,358.55,361.21
726.81,283.93,357.8,361.57
723.82,284.65,358.47,361.22
719.53,285.25,359.57,360.85
717.24,285.36,360.1,360.97
714.4,285.98,361.23,360.52
714.15,285.66,360.55,360.85
712.81,285.35,360.43,360.99
711.72,285.48,360.54,360.91
709.47,286.38,360.56,360.61
707.72,286.89,360.05,360.42
707.15,286.51,359.56,360.44
706.4,286.37,359.37,360.32
703.92,286.07,360.51,359.61
702.65,287.08,362.51,358.32
700.97,286.85,365.11,357.79
699.83,286.68,367.14,357.54
697.35,286.64,368.01,358.36
694.41,285.98,368.27,359.13
692.12,285.69,368.5,359.53
689.16,285.52,368.4,359.84
687.22,284.57,368.72,359.63
684.54,284.1,369.12,359.23
681.69,283.82,369.61,358.84
679.85,282.72,369.12,358.67
678.27,282.05,368.7,359.36
677.84,281.24,367.68,360.17
676.36,280.67,367.48,360.42
674.4,279.99,367.46,360.31
672.35,278.67,367.01,360.18
670.53,277.81,365.79,360.61
670.64,275.97,364.81,360.93
669,276.48,363.92,362.01
667.86,273.88,363.81,361.97
665.13,273,364.29,362.32
663.22,270.5,364.11,361.94
661.61,270.58,364.24,361.65
660.02,269.01,364.42,361.64
658.45,268.16,364.9,362.04
657.88,265.14,365.24,361.87
656.77,264.85,365.47,362.12
656.37,263.69,366.32,361.54
655.17,264.79,365.51,361.56
655.76,263.1,365.38,361.35
655.09,263.49,363.99,361.72
654.88,263.67,362.72,362.17
655.18,262.48,362.03,362.35
655.05,262.97,361.14,363.36
654.86,262.62,360.71,363.9
655.11,261.98,360.84,364.51
654.3,261.87,361.92,365.67
653.56,261.3,363.19,366.34
651.78,261.1,363.74,367.56
649.44,259.41,364.75,367.45
647.73,258.52,365.24,367.63
645.55,258.72,365.36,367.9
645.32,257.17,366.06,368.05
644.23,257.29,365.78,368.4
643.01,257.03,365.55,368.68
642.46,255.4,365.4,368.71
641.33,256.61,365.04,368.19
642.05,256.06,364.46,367.75
642,256.99,364.19,367.61
641.7,256.52,363.85,367.97
641.37,256.65,363.3,368.29
640.99,256.46,362.99,368.17
640.74,256.41,362.66,367.93
640.01,256.55,362.58,367.51
638.81,256.83,362.76,367.02
638.29,257.91,363.75,366.15
637.56,258.79,365.39,365.78
637.22,259.16,366.79,365.4
634.43,259.3,368.84,364.6
630.44,258.77,371.12,364.54
626.95,257.91,372.45,364.84
622.78,256.4,371.92,365.4
621.46,255.67,372.33,366.13
615.89,254.39,371.22,366.36
608.69,253.19,370.05,367.1
600.61,252.69,368.67,368.22
591.12,249.89,367.98,369.05
586.96,249.98,367.15,369.8
570.77,246.33,365.91,371.58
548.73,244.84,366.44,371.7
531.3,244.31,365.68,372.66
515.46,241.8,365.33,373.05
511.32,243.4,364.4,373.29
501.13,241.54,364.64,373.08
488.39,238.96,364.86,372.62
473.16,237.08,364.66,372.53
459.91,234.19,364.61,372.02
455.82,235.44,363.34,372.86
448.6,232.23,363.78,371.63
436.92,227.79,364.35,370.14
422.85,224.12,364.88,369.96
409.52,220.39,365.54,369.23
408.64,218.46,365.84,370.03
394.5,215.7,367.53,368.78
381.74,211.07,368.27,368.64
371.65,207.68,369.06,368.86
360.38,203.25,370.56,368.52
358.75,202.79,372.12,369.07
349.79,198.51,373.72,369.26
341.31,193.93,374.53,369.57
333.16,190.25,375.12,369.91
325.63,186.23,375.49,370.24
323.6,185.74,374.85,371.56
319.01,181.72,375.65,372.42
314.03,178.7,375.94,372.79
309.45,174.73,376.82,372.48
304.53,172.42,377.97,371.92
304.86,170.18,377.13,372.39
301.12,169.26,377.63,371.96
297.32,166.65,377.9,371.08
294.62,163.32,378.48,370.13
291.26,160.56,378.67,369.19
291.86,157.77,378.82,368.68
289.23,157,379.27,368.35
285.48,155.09,379.13,367.88
284.81,152.24,378.77,367.66
282.92,151.28,378.65,367.76
283.49,149.83,379.13,368.15
279.32,149.19,379.2,368.46
277.16,147.93,379.77,368.97
274.54,145.78,380.64,369.67
272.31,143.65,382.02,370.65
271.64,142.2,383.04,371.49
268.1,140.48,384.81,372.66
265.33,138.02,387.41,374.2
262.53,136.38,389.92,376.82
260.31,134.2,392.52,379.28
258.63,132.99,393.95,381.49
256.91,131.64,396.2,384.06
255.2,130.89,398.69,387.07
252.06,130.25,401.58,390.04
249.37,129.28,405.03,392.92
247.59,128.33,408.09,395.14
244.24,126.58,411.59,397.54
242.6,123.51,416.09,400.32
240,120.58,420.27,403.37
238.33,118.04,424.34,406.88
237.81,117.08,427.03,410.25
236.32,115.96,429.75,413.23
233.53,113.83,433.04,416.02
232.03,111.11,436.96,419.19
230.08,109.09,441.24,422.34
229.37,108.16,444.07,425.85
228.4,107.09,447.15,429.34
227.74,105.52,450.67,432.48
225.99,103.82,454.65,435.14
223.84,103.52,459.49,437.92
223.22,102.51,462.56,440.88
221.11,102.27,467.19,444.03
217.78,101.13,472.07,447.61
214.55,99.34,478.42,450.83
211.12,98.295,484.82,454.81
209.21,97.625,489.63,458.58
205.83,96.473,494.26,463.34
202.49,94.006,499.47,467.7
198.35,91.843,505.3,471.93
194.95,89.884,511.74,476.26
193.65,88.708,516.2,480.1
191.87,87.641,520.63,484.46
187.38,86.177,524.72,489.22
184.46,84.241,529.5,493.7
176.78,81.777,534.53,497.83
176.75,80.754,540.26,501.15
167.73,80.952,544.34,505.19
164.41,79.281,550.99,509.28
158.39,78.565,558.11,513.5
152.63,76.434,565.68,517.99
150.7,75.353,570.61,522.76
143.82,72.539,576.12,526.93
139.75,68.37,583.41,531.41
134.21,65.646,590.39,536.12
129.04,62.809,597.53,541.26
126.04,62.462,602.35,545.76
120.21,59.152,608.44,551.04
114.99,54.044,614.67,556.97
107.87,51.602,621.1,563.41
104.05,47.366,627.07,569.91
99.639,47.489,630.63,575.43
97.33,44.757,635.47,582.36
91.562,43.474,641.39,589.64
88.475,40.473,647.42,597.15
86.281,37.152,654.73,604.85
84.168,34.506,659.89,612.35
84.206,31.88,668.34,617.41
86.254,30.228,675.59,621.94
86.978,27.66,679.15,625.98
89.227,26.517,682.16,629.03
87.852,27.338,683.49,631.97
92.057,26.406,685.05,633.91
95.053,26.841,686.8,635.19
97.952,27.135,687.58,636.51
102.29,26.861,688.31,637.95
101.67,28.949,688.38,638.76
105.21,26.736,687.18,639.16
107.54,27.679,684.76,640.31
110.42,26.972,682.73,640.86
111.57,26.641,680.77,641.56
112.71,26.532,679.42,641.91
114.01,25.658,677.07,641.7
114.14,24.899,674.7,641.05
116.78,24.935,673.65,640.31
117.92,25.467,672.2,639.86
117.93,25.759,671.24,639.62
118.82,26.373,671.31,638.58
119.96,26.64,671.92,638.16
122.59,26.503,672.47,638.47
123.6,25.48,671.81,639.72
123.74,25.157,671.57,640.83
123.75,24.246,670.69,641.65
125.29,22.939,669.5,641.71
126.17,21.445,668.79,641.6
127.3,20.622,668.85,642.34
127.67,19.933,669.17,643.13
128.34,19.833,669.79,643.65
129,18.27,670.56,643.83
129.72,18.431,671.24,644.31
130.45,17.952,671.37,645.19
129.93,17.904,671.78,646.02
131.81,17.788,670.87,646.17
132.13,18.102,669.85,646.49
133.65,18.679,667.67,645.41
134.95,18.616,665.72,644.52
135.39,19.072,664.37,643.92
137.38,19.874,663.87,643.18
138.54,20.049,663.25,642.71
140.11,19.967,662.83,641.94
141.07,20.185,661.99,641.1
140.69,20.174,661.22,640.58
141.72,20.664,661.36,639.44
142.54,21.535,661.41,638.98
144.52,22.351,662.54,638.46
144.1,21.959,663,638.46
142.93,21.653,662.86,638.47
145.92,21.501,663.49,638.06
144.78,21.203,662.59,637.95
146.73,20.765,661.2,637.23
147.99,20.632,659.34,636.5
148.4,21.393,658.33,635.85
150.36,20.165,656.43,635.46
151.48,21.127,655.13,635.14
153.73,20.102,653.42,634.39
154.9,21.026,652.8,633.94
154.78,22.247,652.6,633.66
156.53,20.215,650.93,633.41
157.78,20.534,649.35,633.6
159.7,19.886,647.81,633.55
159.46,20.536,647.61,632.94
160.85,20.546,646.6,632.72
161.48,21.094,645.73,632.28
161.41,20.378,644.49,631.82
162.26,20.731,642.14,631.47
163.44,20.991,639.64,631.31
163.83,20.87,637.48,631.57
165.37,20.867,635.44,631.19
167.48,21.538,633.66,630.99
170.14,21.298,632.07,630.99
171.45,21.575,631.22,630.53
171.36,21.197,630.83,630.22
172.3,22.027,629.69,630.42
172.66,21.528,628.61,630.1
174.18,20.876,627.38,630.06
174.67,20.115,626.5,629.72
176.09,20.566,625.55,630.02
174.74,19.655,625.37,629.67
176.14,18.835,625.02,630.65
176.94,18.497,625.28,631.16
177.12,18.284,624.96,631.18
178.13,18.153,624.65,631.4
178.51,17.808,624.43,631.22
179.25,17.867,624.09,631.14
180.07,17.151,624.04,631.11
178.62,17.287,625.01,631.01
179.35,17.014,625,631.33
178.55,16.14,625.19,631.49
178.15,16.14,624.68,631.65
178.37,16.037,624.21,631.66
174.94,16.662,625.54,631.41
175.52,15.41,624.31,631.83
174.54,14.77,623.33,632.19
172.3,14.259,622.84,631.79
170.65,14.546,623.72,631.54
168.67,13.829,625.97,631.61
168.31,13.884,627.4,631.84
163.5,12.484,629.53,631.94
163.7,12.989,630.93,632.23
159.53,9.9521,631.29,631.57
160.37,10.774,630.41,631.18
160.22,11.279,629.82,630.81
157.53,9.0226,629.12,630.44
157.39,9.2468,627.98,630.22
154.43,8.011,628.19,629.77
153.85,8.834,628.74,629.36
152.96,8.704,629.11,629.3
148.33,8.213,629.95,628.35
150.11,9.1788,631.02,628.24
145.26,8.1166,635.13,626.89
140.84,8.3416,637.23,625.72
142.03,8.8356,637.11,626.02
137.6,8.3759,638.41,625.23
136.9,8.5429,637.31,625.77
136.35,7.5998,636.39,626.41
136.29,6.8256,635.66,626.52
135.98,6.0167,635.18,626.64
136.27,5.9732,633.72,626.87
135.81,6.3596,632.66,627.16
133.91,5.9519,632.62,627.01
134.82,5.9545,633.35,627.09
134.46,6.3284,634.26,626.96
129.97,5.6598,636.84,626.22
129.62,6.3284,638.44,626.48
126.81,5.6096,641.71,626.13
124.05,6.1332,644.48,625.88
123.99,5.9695,645.59,626.32
121.88,6.5903,647.05,626.25
119.36,7.4034,647.58,626.09
116.62,7.9066,647.55,625.78
115.46,5.9471,646.84,626.19
116.53,5.1208,646.36,626.46
114.07,6.2914,646.34,625.85
111.49,5.9058,645.64,625.66
110.55,4.5475,644.27,625.86
107.29,5.2652,644.47,624.92
107.05,3.8594,642.64,625.16
104.85,3.6612,641.8,624.51
101.87,4.0839,642.66,623.56
99.472,5.3939,644.84,622.62
95.545,5.0221,645.3,621.74
94.047,6.3727,646.23,620.81
91.207,6.1246,647.34,620.58
84.937,4.9348,649.54,620.84
77.832,4.0931,651.16,621.27
70.214,3.5517,651.84,621.7
68.68,5.5237,652.37,620.51
60.433,5.0764,653.4,621.72
54.037,4.123,654.73,622.73
49.034,3.2428,655.59,623.22
39.045,0.71921,655.32,621.6
37.536,4.8409,654.44,621.33
31.326,1.2628,654.36,620.44
25.278,1.149,653.19,618.58
19.391,0.20917,651.17,617.26
13.952,-2.1037,648.89,614.4
12.008,-0.65967,649,612.52
7.1075,-3.5848,646.49,608.95
1.1951,-4.9046,644.62,604.15
-3.4198,-4.8824,642.8,598.92
-9.3988,-2.0344,640.77,594.41
-9.6253,-2.0856,638.12,591.36
-14.059,-0.13339,636.09,587.89
-16.901,-2.7133,631.91,584.61
-20.687,-1.3241,627.4,580.87
-21.855,-3.6028,623.51,576.55
-19.987,-2.2034,621.79,573.82
-19.561,-5.763,616.04,571.02
-18.72,-3.7104,610.73,569.2
-16.906,-6.4359,605.78,565.77
-13.595,-6.5521,601.02,563.57
-11.816,-6.4333,596.41,561.82
-6.7934,-7.5076,587.79,561.46
-2.2974,-10.276,580.41,560.46
-1.0412,-10.879,570.99,557.68
4.7651,-11.729,561.55,554.6
8.5634,-12.488,553.75,551.95
17.17,-13.365,545.49,547.43
25.245,-14.6,535.89,542.26
35.496,-15.844,523.82,537.32
44.559,-12.746,512.97,533.97
51.704,-8.8766,502.71,531.79
58.182,-9.8259,493.12,528.7
64.126,-11.018,482.85,526.38
72.037,-9.4512,471.15,524.88
80.806,-7.611,458.78,522.78
90.385,-3.46,447.59,520.2
98.902,-2.2134,437.89,519.93
107.82,-3.4281,428.89,519.4
116.06,-3.4255,421.22,517.93
123.25,-2.8158,415.51,515.92
128.76,-1.3305,410.11,513.49
134.13,1.6879,407.18,511.39
140.4,3.4881,404.86,508.3
145.3,2.6958,402.83,504.96
148.32,-1.4918,403.21,502.57
151.61,1.0129,403.01,502.44
155.39,-2.076,404.02,501.79
162.69,-3.4229,407.24,501.25
170.97,-4.7862,410.78,501.17
185.28,-8.8303,415.46,501.64
194.6,-3.8368,413.24,502.89
215.77,-5.8819,413.1,502.47
238.96,-6.0041,410.98,502.02
265.39,-4.5674,405.83,500.61
288.27,-2.6989,399.24,497.44
303.37,1.6766,392.78,492.65
314.26,3.5946,387.35,487.8
323.17,7.5353,382.37,483.1
330.71,12.209,378.92,477.71
333.65,15.346,374.77,471.58
337.47,16.909,370.22,466.58
335.25,19.576,366.56,460.75
333.25,21.13,362.89,454.26
334.03,22.694,358.37,448.8
335.39,28.874,353.23,442.47
337.26,32.06,349.74,437.19
338.95,33.701,346.88,431.62
340.13,32.686,343.95,427.78
342.39,30.934,341.26,423.15
341.11,30.43,339.65,419.59
341.66,30.513,337.79,417.53
314.98,31.288,340.2,418.22
323.93,35.601,338.95,418.31
324.74,33.171,336.4,418.7
325.6,35.454,334.27,417.14
299.15,35.745,337.48,417.86
306.99,39.235,336.42,419.51
280.18,37.376,340.73,420.96
291.41,41.978,342.85,423.07
264.73,35.786,347.76,426.16
275.82,39.296,349.41,430.77
283.84,38.134,350.43,431.92
284.28,38.648,349.89,435.4
249.17,35.682,354.94,441.74
255.46,38.626,356.44,447.4
261,36.889,356.84,451.75
262.82,34.119,357.55,454.82
261.3,35.068,358.13,456.76
259.1,36.206,359.14,459.1
259.44,36.683,359.97,460.84
259.22,36.953,359.94,462.44
225.54,36.504,366.16,464.76
238.29,40.846,368.56,465.79
253.22,40.761,371.78,466.51
263.35,38.602,373.21,465.3
232.28,37.813,378.21,466.01
252.3,41.566,378.76,466.65
264.09,37.476,378.27,466.7
236.59,38.925,382.38,467.49
258.54,43.068,383.76,465.66
231.95,41.554,387.36,464.38
254.42,45.771,388.04,462.96
270.69,39.137,387.26,461.65
246.15,38.734,389.65,462.72
271.81,36.86,388.97,463.24
248.21,36.545,391.12,464.72
273.61,36.161,390.28,465.11
251.28,34.892,395.18,466.53
276.13,33.215,394.09,468.73
251.69,31.375,398.26,470.13
275.11,31.871,396.42,471.85
249.7,30.795,400.6,472.1
272.49,31.371,399.92,473.62
248.94,29.266,405.45,472.52
274.82,30.461,405.19,473.49
253.09,30.585,409.43,472.44
280.48,27.926,408.14,473.08
260.75,31.528,412.54,473.56
289.28,24.905,410.63,471.25
266.04,29.983,414.3,471.4
243.46,30.427,418.74,471.09
270.25,26.349,418.4,473.37
247.18,27.829,423.14,474.29
270,19.342,426.86,473.97
238.42,22.383,431.42,475.72
262.28,16.03,436.6,475.94
226.18,20.303,440.03,477.1
85.36,18.185,434.75,481.11
114.91,21.026,427.9,483.46
94.342,18.413,423.35,487.23
128.42,18.933,418.26,489.5
108.58,14.96,414.47,491.74
141.66,17.057,393.89,506.32
163.77,13.809,379.42,517.28
133.43,12.669,367.7,527.09
157.01,11.452,357.06,534.31
167.04,12.509,367.47,525.88
129.38,19.325,371.74,523.54
135.5,25.996,381.11,522.58
95.738,33.164,390.1,525.49
104.01,37.972,398.26,531.94
103.44,40.874,410,546.98
94.41,39.779,422.74,563.98
50.719,41.553,441.9,580.33
17.244,42.219,453.92,587.17
32.985,41.911,469.58,594.93
-4.4137,40.151,477.13,597.17
8.5322,44.863,491.73,603.11
5.8091,46.03,500.18,609.19
11.955,44.334,503.36,616.13
18.082,41.901,505.29,622.84
38.525,30.717,517.29,626.94
6.7233,37.704,517.47,630.25
-8.4098,46.034,517.4,631.33
-17.83,59.947,513.79,630.5
-34.324,65.581,484.11,655
11.711,58.072,497.22,647.14
28.625,48.443,511.98,644.43
42.007,60.049,524.77,635.91
45.385,87.627,539.61,621.36
45.877,92.726,551.12,612.49
44.234,115.17,561.81,602.79
46.765,133.59,569.91,592.95
44.64,146.23,574.38,583.24
48.823,140.75,575.94,578.02
50.647,139.64,577.67,573.59
54.203,99.322,582.81,574.56
52.107,52.543,588.52,579.05
39.325,14.075,590.64,579.55
29.949,-5.6452,587.51,574.6
26.704,-11.441,586.6,566.91
19.447,-15.199,576.87,562.48
10.546,-17.576,565.56,555.78
-2.4648,-10.297,552.13,549.45
-15.894,-6.0768,531.3,545.51
-17.288,-3.5845,517.2,543.84
-27.024,2.258,497.16,541.52
-57.38,14.836,471.13,552.4
-43.582,15.904,431.6,570.43
-67.763,19.708,400.58,595.76
-44.875,13.727,375.49,613.92
-32.31,7.2732,353.95,631.04
-26.148,6.9938,327.67,656.12
-19.078,6.6121,307.07,678.41
-8.5024,-2.2223,302.15,686.29
-2.7136,-4.1916,299.32,687.82
7.1806,2.3181,299.96,700.3
11.971,8.1845,304.62,712.15
24.287,14.65,308.07,717.4
46.276,25.524,322.83,718.64
55.655,25.357,336.91,717.84
66.008,33.439,351.64,718.56
69.478,48.871,399.18,693.97
111.12,41.511,445.41,681.45
153.36,36.027,483.12,673.07
136.31,39.23,512.16,666.05
135.7,42.59,538.58,662.24
198.7,37.741,550.83,661.84
194.93,34.812,560.49,664.41
199.88,38.206,568.5,665.78
203.84,37.108,572.09,667.78
205.69,39.906,578.4,666.49
208.99,41.293,584.58,663.93
206.15,44.504,588.75,660.01
202.81,42.879,587.23,656.15
200.59,43.921,586.33,651.8
196.08,43.022,582.73,647.1
195.04,44.933,580.74,642.28
199.22,44.752,574.56,636.39
210.04,46.984,564.77,631.94
219.72,50.81,555.08,627.05
229.19,53.649,546.45,621.63
240.1,58.497,535.67,615.64
251.2,63.861,527.72,608.7
267.45,74.676,518.22,599.44
280.93,80.158,509.25,591.6
298.62,85.48,500.13,583.42
319.37,91.795,488.65,577.5
330.69,96.805,480.11,572.66
341.59,100.15,472.39,569.57
361.47,93.559,446.21,585.28
378.51,85.348,425.82,596.52
382.56,92.184,428.34,584.76
387.43,101.45,430.14,573.52
395.53,117.01,429.64,560.33
399.79,126.23,427.02,550.61
401.88,133.96,424.27,540.27
401.31,130.71,421.64,534.45
402.39,123.65,417.61,530.39
403.55,119.79,415.52,530.89
406.73,118.61,413.14,531.13
406.06,115.72,411.33,534.17
404.37,113.93,410.26,536.95
404.7,112.44,408.55,537.86
402.3,118.56,405.39,535.95
400.84,121.7,404.14,534.95
398.23,132.73,404.31,527.88
397.34,142.49,406.06,519.67
397.24,148.68,406.65,513.2
394.44,151.26,406.54,509.67
393.23,152.49,406.92,507.55
391.08,151.1,407.37,507.46
390.34,148.25,407.47,507.64
389.45,144.76,407.6,509.37
385.72,149.4,410.17,511
379.4,152.74,414.78,511.63
373.31,163.8,421.25,511.33
360.34,181.54,432.75,506.37
348.78,208.24,446.58,496.94
330.06,240.09,463.3,480.44
315.72,258.74,477.46,469.56
303.62,277.33,491.85,458.5
254.89,309.36,527.98,432.51
205.67,330,570.63,410.73
160.51,341.68,613.46,393.65
116.8,352.87,655.55,381.41
80.381,351.67,701.8,375.6
46.789,348.88,741.37,375.14
24.172,346.82,774.84,378.1
3.9534,341.13,807.42,383.11
-5.1499,336.61,833.07,390.09
-10.334,332.18,855.65,396.99
-17.75,326.15,878.48,403.96
-26.987,317.29,898.65,412.78
-31.107,306.7,917.07,422.56
-35.803,301.87,930.59,432.18
-40.379,293.62,944.3,442.2
-42.85,283.86,954.43,452.97
-41.861,277.05,967.59,462.76
-41.687,272.89,982.31,471.72
-44.016,267.29,993.19,480.99
-49.189,266.89,1001.3,489.52
-48.163,263.13,1006.8,497.8
-53.016,258,1006.7,505.17
-55.468,247.5,1004.5,515.09
-60.134,244.32,1005,522.07
-58.802,232.25,1004.9,532.14
-54.782,213.99,1002.1,543.55
-50.134,187.71,997.93,557
-46.555,163.25,999.61,572.98
-44.11,155.73,1003.4,584.77
-38.244,137.65,1007,598.02
-31.696,116.54,1010.9,613.02
-27.16,99.745,1018,627.76
-22.642,86.142,1027.1,640.66
-24.926,82.299,1035.1,651.95
-23.921,72.635,1042.6,661.54
-24.174,61.467,1051.9,670.38
-26.967,54.196,1058.2,678.46
-29.839,46.49,1064.6,685.93
-30.255,44.286,1070.1,691.89
-33.037,39.736,1075.1,696.51
-33.994,33.88,1078.2,700.35
-34.787,34.025,1083.3,702.02
-43.452,35.62,1088.1,702.07
-44.388,36.531,1091.7,702.83
-45.681,36.955,1098.9,702.87
-41.417,34.677,1103,703.24
-47.366,34.928,1105.3,705.27
-51.071,32.515,1103.7,703.69
-55.632,35.941,1102,702.37
-60.574,37.06,1096.9,699.9
-62.127,34.253,1086,697.86
-59.493,32.861,1078.7,694.28
-60.513,34.259,1072.3,689.31
-62.819,36.605,1064.1,685.65
-61.442,37.121,1056.4,681.59
-53.434,33.849,1050.6,679.77
-59.012,28.795,1052.8,678.59
-49.926,24.098,1057.9,677.86
-52.103,27.03,1060.7,677.89
-44.665,26.385,1062.8,679.52
-34.197,26.195,1064.6,678.54
-26.984,21.365,1067.1,677.83
-20.467,15.522,1071,678.6
-23.315,15.618,1075.8,678.17
-15.919,12.018,1081.9,677.24
-18.501,11.6,1086.2,677.95
-22.078,11.39,1090.1,679.53
-20.22,9.7841,1088.6,681.76
-19.171,8.7328,1087.6,683.27
-24.682,11.632,1087.1,684.12
-27.574,10.718,1081,685.56
-28.614,11.732,1075.1,688.4
-30.634,15,1068.3,688.05
-27.789,13.108,1060,688.32
-38.662,16.838,1053.1,688.99
-50.479,21.078,1043.1,687.28
-58.25,26.269,1031.4,685.47
-55.925,29.727,1012.8,682.88
-49.404,35.066,999.48,679.46
-55.605,40.709,982.85,674.32
-54.222,41.95,966.91,668.82
-51.973,42.151,945.51,666.09
-53.911,37.856,926.51,663.27
-49.691,41.086,909.04,659.54
-19.64,38.242,866.2,671.84
5.4141,32.062,829.51,681.42
28.099,24.966,797.51,687.02
54.113,11.65,765.28,689.23
69.747,9.3943,741.21,688.59
88.369,5.9886,718.64,686.8
106.5,3.2999,698.87,687.8
125.18,3.1981,680.15,686.5
147.17,1.2862,663.84,683.29
162.67,1.6486,650.63,677.52
173.83,-1.7334,641.91,671.18
187.39,-2.8849,631.43,661.92
200.29,-2.872,622.9,653.81
210.54,2.4149,617.28,647.81
136.36,7.1106,620.52,646.81
140.38,14.508,627.17,648.19
145.91,16.511,633.39,651.23
153.75,21.944,636.72,653.25
167.06,25.616,637.77,655.04
173.81,25.238,638.46,654.72
185.09,26.428,634.69,655.62
192.54,28.777,629.91,657.08
199.13,25.545,624.45,655.38
205.14,24.766,618.47,654.58
209,22.448,613.16,653.78
216.51,14.217,606.02,655.48
221.72,15.839,600.74,650.74
231.04,16.888,592.69,645.97
239.52,16.962,579.38,642.13
245.89,18.84,569.04,637.49
255.34,22.257,558.27,632.58
260.96,28.566,547.25,624.15
196.94,28.632,544.6,619.67
210.71,27.178,539.25,615.33
226.03,28.549,534.92,610.14
233.43,27.701,527.63,604.69
234.7,29.425,521.69,598.64
233.24,32.558,513.92,593.94
169.43,30.144,513.59,593.43
179.21,31.287,514.01,594.18
182.56,32.463,512.37,593.81
183.05,34.338,510.37,595.37
176.54,33.21,508.2,594.6
169.57,34.696,503.86,593.58
164.05,33.989,502.77,592.54
159.31,33.158,500.34,592.38
152.69,29.353,496.63,593.36
146.94,26.409,491.41,594.45
132.36,28.521,482.91,596.06
118.9,24.15,481.24,597.83
98.962,22.241,479.72,599.51
80.167,25.068,476.97,599.37
57.82,30.645,472.61,597.86
47.53,34.975,470.77,591.83
46.271,29.509,469.16,587.02
39.678,35.341,464.98,585.16
47.369,30.289,460.13,587.21
50.38,22.884,461.74,588.25
50.319,23.544,465.47,589.05
50.284,24.157,468.18,590.73
47.763,29.004,470.78,589.8
46.339,27.85,468.87,591.78
39.732,30.806,465.63,593.81
35.657,30.906,459.6,594.33
32.393,32.489,455.7,594.71
31.317,34.148,451.97,596.42
23.538,45.361,445.88,598
18.128,49.611,435.77,601.51
14.216,49.563,426.3,601.23
16.54,50.179,417.43,603.03
20.801,47.587,411.35,602.29
20.752,39.049,410.18,604.13
27.077,25.065,410.64,609.55
29.92,25.267,413.31,615.77
35.34,22.5,416.03,619.64
37.102,23.672,423.59,621.73
43.312,23.277,432.85,623.44
50.708,18.201,445.51,626.98
44.199,19.552,447.13,642.44
41.871,15.738,448.53,655.51
38.302,11.131,450.99,667.52
34.612,7.935,455.46,681.02
33.284,6.4019,462.79,699.95
34.128,9.1165,470.85,717.97
33.967,7.4454,476.97,720
33.495,16.322,484.73,720
34.762,23.174,491.64,720
32.407,19.008,497.56,720
28.357,18.702,505.11,720
26.505,20.106,510.84,720
22.071,23.816,515.49,720
16.802,32.782,517.23,720
12.177,36.312,518.27,720
15.284,34.25,520.38,720
14.433,34.333,522.11,720
18.635,36.775,523.75,720
24.131,43.41,523.56,720
35.589,40.242,520.64,720
45.882,41.819,517.15,720
50.325,38.217,514.75,720
55.503,38.375,509.05,720
60.659,38.583,519.99,716.62
63.33,41.958,526.59,712.39
68.019,47.145,526.41,711.53
67.73,47.732,526.48,708.95
72.947,46.427,521.32,708.88
81.508,44.427,514.56,707.26
95.731,41.354,502.76,705.14
109.72,34.716,490.05,701.81
114.21,35.942,481.04,699.68
125.23,31.728,472.03,695.9
137.47,26.801,462.56,690.12
151.51,26.947,451.74,682.62
169.49,26.162,441.87,675.61
174.8,32.693,433.65,666.78
190.32,34.938,425.28,660.33
209.68,37.747,416.21,652.15
228.64,41.655,407.18,646.45
246.75,44.258,398.48,640.99
252.36,47.5,392.77,630.53
268.16,50.865,386.24,622.99
281.7,55.932,378.64,614.03
296.44,61.341,371.48,601.81
309.32,70.104,364.67,591.57
315.14,76.534,357.46,582.58
325.01,77.559,351.3,574.7
333.32,76.984,345.79,567.69
344.46,77.388,338.73,560.04
355.78,80.239,331.29,551.73
358.5,86.319,324.84,544.99
367.33,85.163,319.68,537.71
374.07,87.044,314.18,531.34
382.1,89.828,308.43,524.05
390.11,91.502,303.12,517.46
396.08,94.876,297.59,512.31
402.58,96.711,292.43,507.14
410.6,100.58,288.14,499.75
418.37,104.01,284.06,493.18
425.48,107.92,280,488.3
427.87,113.07,276.01,483.59
433.22,116.52,273.4,479.7
437.82,121.35,271.15,475.41
440.08,124.86,269.63,469.67
443.02,126.46,266.87,464.52
444.17,128.29,264.98,460.8
444.83,129.37,262.68,457.89
445.84,130.76,260.77,453.21
448.37,134.16,257.42,447.15
450.12,138.81,253.72,440.04
452.1,142.57,250.61,434.67
452.84,145.32,247.2,428.01
452.15,148.97,243.96,421.67
450.93,153.35,240.65,416.03
452.82,156.76,238.33,410.71
454.25,160.12,236.65,405.48
453,163.34,234.21,399.59
453.6,164.39,232.68,393.05
454.51,164.98,230.7,386.56
453.51,164.94,229.1,380.32
454.86,167.19,227.35,375.54
453.13,169.14,225.92,370.59
454.09,171.28,223.81,365.88
454.24,173.39,221.47,360.72
456.24,175.27,219.2,355.4
457.5,177.41,217.06,350.85
457.32,179.89,215.01,347.22
457.7,181.98,213.01,343.46
458.05,183.97,211.44,340.5
459.88,185.32,209.54,337.96
461.12,185.85,208.12,335.15
461.98,184.94,207.08,333.46
462.86,185.69,205.59,331.59
462.58,185.24,204.18,330.89
463.16,184.94,203.39,330.55
464.25,185.04,203.03,330.13
464.06,185.02,203.21,330.07
464.25,183.39,204.49,329.55
465.05,183.66,206.38,329.1
463.28,182.47,205.12,329.02
464.26,182.93,204.16,329
463.68,182.65,200.56,327.53
462.52,180.62,194.76,326.4
461.92,175.65,185.8,326.77
465.83,173.75,178.47,326.64
468.5,174.26,172.63,325.5
471.77,174.59,168.62,324.82
476.1,175.07,165.76,323.23
480.22,177.21,164.19,320.01
483.8,180.14,162.9,317.22
487.23,182.98,161.75,315.5
488.79,185.11,159.63,313.03
490.98,187.38,158.26,310.71
493.22,190.31,157.2,307.88
494.53,193.55,155.77,305.44
496.91,194.77,154.59,303.82
499.2,195.05,153.66,303.11
502.25,194.32,152.74,302.71
505.71,194.39,151.08,303.2
509.43,193.52,149.94,303.11
510.44,193.29,148.72,301.69
512.14,193.41,147.92,300.83
513.2,193.86,148.31,299
513.83,194.79,148.92,298
514.17,195.36,149.75,296.66
513.58,196.83,150.48,294.93
515.19,196.73,150.76,294.62
516.33,196.66,151.53,293.4
517.82,196.93,151.62,293.14
519.17,197.48,151.4,292.99
518.66,198.67,151.43,292.16
520.38,200.02,151.55,291.42
520.59,201.28,151.34,290.8
522.05,202.23,151.49,290.73
522.4,203.95,151.66,289.94
521.75,204.93,151.79,289.32
522.32,204.99,152.03,289.42
522.24,206.67,152.25,289.66
521.72,207.86,153.04,289.37
519.82,209.36,153.54,289.04
518.61,209.77,154.28,288.93
513.37,209.41,156.45,289.41
504.18,209.88,159.33,290.35
496.18,205.42,161.59,298.64
485.98,204.71,164.85,304.81
479.85,203.75,169.31,309.08
472.04,203.49,173.59,314.22
460.14,203.47,180.72,313.87
446.71,202.68,189.88,313.01
433.12,199.54,198.98,312.74
426.22,202.9,204.62,311.4
418.46,202.1,211.27,309.56
412.85,199.7,215.97,309.35
405.95,197.25,221.35,310.96
400.03,196.29,225.72,311.51
397.88,195.92,228.27,312.28
398.23,194.47,230.89,311.98
401.08,192.8,234.35,311.75
406.43,194.11,238.35,312.96
412.74,195.27,243.36,312.32
413.74,197.49,246.8,311.72
417.07,199.94,251.37,310.06
422.17,201.99,254.7,308.9
428.8,206.96,255.89,309.81
433.69,209.33,258.86,312.22
436.89,208.49,261.22,314.65
440.37,209.25,263.27,318.21
441.87,209.18,265.61,320.64
445.37,211.6,267.23,322.69
451.17,211.06,268.75,325
454.44,212.09,270.57,327.29
458.34,212.74,274.42,328.81
463.72,211.08,277.9,329.93
466.23,212.02,281.35,331.81
469.34,213.3,284,332.97
470.85,214.02,285.16,334.48
473.89,218.7,286.75,336.31
476.15,221.58,287.87,337.3
477.34,225.5,288.66,336.97
462.23,230.1,309.15,329.55
453.2,234.54,324.56,324.57
440.88,242.36,337.51,320.24
431.53,249.2,349.4,319.74
431.17,249.01,359.11,321.73
425.04,250.01,370.1,324.71
420.27,249.48,378.59,328.32
413.33,251.17,385.66,331.94
408.28,250.46,389.06,334.89
404.5,248.07,393.3,336.54
404.82,247.25,396.64,336.91
402.39,248.03,398.79,336.84
404.99,245.94,400.97,336.89
406.68,243.51,402.25,336.1
407.84,245.64,400.98,338.37
406.01,245.86,403.35,339.87
404.82,245.65,405.05,341.21
401.42,241.99,408.08,341.92
394.69,240.6,412.7,342.78
388.89,242.8,415.66,345.32
385.67,240.5,419.56,345.39
380.92,239.7,423.2,345.51
377.57,240.95,423.6,345.98
375.68,242.15,424.66,347.77
377.21,241.87,423.81,349.61
376.32,239.07,422.43,351.54
376.41,239.17,421.5,353.18
374.13,237.52,419.04,356.05
372.16,234.95,415.83,358.6
371.81,232.12,412.81,359.39
370.4,226.87,410.15,358.5
371.48,224.24,408.17,358.72
374.23,219.21,407.53,359.34
379.05,213.23,407.44,360.82
383.42,207.83,407.93,364.56
386.07,198.96,411.9,367.63
387.96,195.69,413.83,369.26
391.66,191.29,415.94,370.18
413.62,197.36,419.38,369.56
403.32,193.17,422.56,371.95
402.29,189.82,423.33,374.25
422.26,197.87,423.94,375.55
410.6,195.3,425.16,376.47
404.16,192.53,424.98,381.48
401.21,189.47,420.66,384.66
398.11,188.24,415.06,389.55
396.73,183.09,412.64,392.4
393.45,176.5,408.14,397.08
390.24,171.2,404.35,402.71
380.16,166.88,400.65,411.67
374.04,156.99,402.8,419.41
367.74,144.98,406.53,429.22
361.15,128.49,411.6,442.27
354.51,115.55,419.47,456.43
350.43,93.029,426.82,470.69
347.07,77.354,434.95,483.37
341.58,69.903,442.65,492.83
338.57,61.296,450.16,500.37
337.11,50.248,456.44,508.88
336.69,43.739,461.99,517.82
341.52,35.791,465.28,522.39
338.39,33.681,469.65,526.78
343.33,26.916,472.06,528.19
347.89,21.867,473.79,529.63
354.03,18.146,475.13,529.79
358.58,14.625,475.9,530.02
358.83,14.326,477.35,529.5
361.95,14.146,477.7,529.69
366.27,15.277,478.62,529.76
370.83,15.983,478.63,529.94
376.26,18.63,478.96,529.93
380.67,15.528,478.42,531.48
384.03,15.278,479.33,531.85
386.52,14.397,480.74,531.71
389.54,14.093,481.91,531.49
389.75,15.818,482.4,531.67
390.07,17.086,483.05,531.23
390.67,19.235,484.08,531.41
391.74,21.716,484.43,531.31
390.38,22.327,484.59,531.7
386.27,20.088,485.52,533.02
383.71,20.678,486.49,533.42
380.19,20.723,488.14,533.82
375.59,20.19,489.88,534.61
369.08,19.861,492.02,535.26
362.72,18.487,493.58,536.25
357.99,16.313,493.49,537.17
353.07,16.2,493.68,538.85
347.47,16.178,494.17,540.08
346.47,14.56,494.19,541.35
346.28,13.954,494.24,541.85
346.47,13.426,494.57,542.38
348.13,12.32,494.78,542.72
348.41,12.486,496.1,542.83
348.92,13.476,497.41,543.17
350.29,14.219,498.3,543.5
350.89,14.748,498.83,543.84
349.74,14.958,499.64,544.43
348.36,15.34,500.99,545.17
346,16.78,503.17,546.05
342.28,16.097,504.01,547.62
341.66,15.272,504.54,548.65
336.4,13.639,505.24,550.46
330.87,12.768,506.34,552.31
327.2,13.474,507.87,553.42
323.74,15.598,508.02,554.08
323.41,15.033,509.72,554.83
319.43,16.695,510.95,555.18
313.31,17.595,512.7,554.76
309.02,18.417,515.91,553.84
305.47,18.456,519.77,553.76
303.51,18.307,523.29,553.76
298.16,19.584,525.21,554.14
295.26,18.334,527.35,555.16
292.39,18.319,529.24,556.13
288.22,19.14,529.98,556.91
286.9,18.541,530.7,557.88
283.74,19.286,530.14,558.88
280.74,20.032,529.3,560.28
276.45,20.01,527.57,561.9
274.02,18.932,527.01,564.33
272.49,17.764,527.2,566.2
271.35,17.973,527.16,567.92
270.63,19.419,526.06,568.73
271.45,19.916,524.96,568.99
273.3,21.218,523.85,569
274.85,22.373,522.07,568.74
274.95,23.006,520.61,568.49
275.01,24.046,520.91,568.47
277.56,25.74,522.24,568.63
280.22,24.895,523.15,569.51
282.56,25.99,524.82,569.59
283,27.78,528.29,569.71
282.63,29.201,532.38,569.52
282.92,30.532,536.69,568.93
281.98,30.97,538.81,567.8
281.09,31.332,540.55,566.98
278.7,28.939,539.07,567.5
275.98,28.172,537.4,568.72
277.06,27.374,535.44,569.38
279.47,27.81,532.19,569.06
280.87,29.026,530.32,569.04
281.44,29.342,529.06,569.28
284.05,30.263,530.41,569.29
286.81,31.835,531.48,569.85
287.09,32.928,532.89,570.31
286.8,33.94,534.2,570.41
287.13,32.505,534.64,570.26
288.7,34.556,533.94,569.91
290.73,35.239,532.39,569.26
292.26,36.681,530.56,568.97
291.9,36.343,528.9,568.88
292.21,36.303,527.49,569.16
291.78,36.164,526.14,568.67
293.64,35.848,524.65,568.1
