634,437,132,108
639.16,447.41,128.56,109.12
644.47,455.52,125.7,109.87
666.27,460.95,127.99,109.04
650.57,443.12,128.8,118.85
656.54,454.78,129.82,123.72
632.19,466.36,130.82,127.69
618.19,481.68,132.02,130.34
603.49,495.37,133.22,132.91
589.47,497.14,134.74,134.17
578.57,501.83,135.08,141.03
567.13,481.57,136.38,149.9
558.05,460.44,138.03,155.78
550.7,461.62,140.73,160.31
539.31,461.14,143.63,163.31
556.43,460.12,151.42,161.93
561.72,463.94,153.33,153.53
559.98,461.39,151.19,144.49
556.98,462.09,147.5,136.94
556.84,468.04,143.7,131.42
564.69,476.62,139.92,127.29
572.85,485.87,135.6,123.46
575.62,492.64,132.94,120.48
575.27,493.22,130.24,118.6
577.82,483.8,127.81,116.67
578.51,472.34,126.07,114.88
581.59,452.21,125.06,114.76
588.3,437.52,124.64,114.5
585.09,429.63,123.41,113.32
572.11,430.41,122.5,112.55
568.34,445.84,120.37,111.64
578.54,472.43,118.95,110.94
586.78,486.81,117.21,110.6
585.61,492.34,117.58,110.35
587.26,496.99,117.19,110.05
598.59,506.72,116.89,109.88
610.19,517.71,116.34,109.78
620.06,528.88,115.59,109.5
620.86,537.4,115.9,109.36
613.04,541.38,116.65,108.95
603.4,541.14,116.75,109.07
600.83,538.71,116.96,109.01
602.46,535.68,116.93,109.66
608.48,529.62,115.91,110.34
616.99,521.24,115.59,111.37
632.08,514.86,115.74,111.94
649.18,511.5,116.2,113.16
666.63,502.54,115.15,114.26
673.89,489.85,115.89,113.08
670.07,487.55,116.8,111.72
660.06,484.86,117.34,110.77
651.29,480.83,118.01,109.63
647.08,478.49,117.76,109.11
640.17,475.6,117.2,108.77
629.81,467.32,117.01,108.16
621.03,455.4,117.02,107.81
619.29,446.53,116.77,108.21
630.78,442.49,116.48,109.25
645.78,440.2,114.86,110.65
641.74,433.69,115.88,109.36
630.42,425.5,115.08,109.11
627.24,419.1,115.3,108.78
627.36,416.64,115.57,109.15
624.32,414.65,116.57,108.75
617.06,412.91,116.22,108.78
612.86,413.92,116.24,108.51
622.18,415.93,115.82,107.9
648.15,424.04,115.92,106.94
651.84,434.43,115.87,106.99
639.81,440.53,115.31,106.7
625.46,443.54,115.05,106.37
612.4,442.19,114.24,106.6
598.64,435.99,113.64,106.75
588,423.06,112.77,107.01
582.93,412.93,113.49,107.67
589.5,404.67,114.63,109.21
598.75,402.59,114.59,109.91
590.24,401.06,115.89,109.07
562.82,398.82,115.46,107.7
546.02,400.35,115.44,107.24
533.86,402.16,115.57,106.75
543.85,402.22,116.27,107.63
558.11,399.04,117.65,109.52
579.8,364.94,119.15,110.89
633.71,365.77,121.07,110.26
663.66,381.07,120.04,110.63
671.9,385.03,119.72,110.62
666.43,387.74,119.96,110.38
654.47,394.49,119.3,110.23
647.99,402.4,119.3,109.94
643.77,411.04,119.69,109.3
639.77,415.05,119.65,108.81
638.62,414.98,119.73,108.63
642.17,411.96,118.95,109.36
647.07,409.61,118.03,109.52
647.47,405.97,118.7,109.72
643.13,399.34,117.93,108.98
638.36,388.54,117.13,108.5
633.1,370.01,115.76,108.52
631.66,357.78,115.97,107.7
632.44,366.25,115.03,107.14
638.14,381.91,113.27,106.37
641.21,394.13,112.42,106.2
640.8,402.31,112.41,106.46
640.75,402.34,112.44,106.89
641.17,402.23,112.68,107.19
643.05,403.48,112.9,107.53
648.86,408.17,112.49,107.41
651.15,412.64,112.08,107.39
651.29,414.73,112.19,107.66
652.02,415.33,112.21,107.69
652.75,417,112.37,107.75
653.41,419.75,113,107.66
653.46,416.95,113.41,107.74
652.3,415.44,114.09,107.75
652.43,417.81,115.58,107.83
653.78,420.53,116.74,107.99
653.53,423.22,117.66,107.92
653.13,426.79,118.35,107.94
653.25,428.28,117.89,108
654.09,431.22,117.87,107.93
656.87,435.51,117.94,107.62
663.22,440.62,116.77,107.62
666.51,444.56,116.69,107.49
663.84,445.85,117.51,107.26
656.89,447.14,117.85,107.14
651.27,447.17,118.1,106.86
649.44,447.54,118.3,106.98
653.56,449.7,118.22,106.96
663.67,450.66,117.18,107.29
678.87,454.43,116.41,108.69
693.16,458.64,115.74,109.48
706.11,462.6,114.93,109.86
712.63,466.59,114.97,109.28
715.78,470.43,115.8,108.97
715.86,470.77,116.34,108.41
712.63,467,115.55,108.1
704.6,454.91,114.93,106.8
691.03,425.35,112.31,107.38
678.55,366.64,110.7,107.92
665.84,333.44,111.56,107.87
663.84,342.48,110.93,107.17
658.16,352.64,110.63,106.57
654.21,377.41,109.7,106.18
650.3,398.64,110.03,106.29
647.91,406.24,111.06,107.16
646.42,405.97,111.08,107.74
643.16,397.27,111.23,107.88
641.22,389.61,111.9,107.75
637.72,386.12,112.71,107.71
635.14,383.71,113.21,107.5
632.4,383.12,113.91,107.48
629.82,385.64,114.26,107.33
628.91,389.79,114.36,107.46
627.58,392.66,114.24,107.53
627.16,396.8,114.15,107.85
625.03,400.32,113.77,107.59
624.8,403.46,113,107.39
623.09,407.54,112.55,107.26
623.68,410.94,111.36,107.42
623.89,413.68,110.7,106.8
621.53,417.33,110.48,106.11
622.04,417.98,109.37,105.51
625.04,418.56,108.7,105.39
629.99,423.76,107.91,105.05
637.18,426.92,106.36,104.79
640.6,427.03,105.44,104.71
643.87,429.96,104.57,104.72
643.38,434.44,105.02,104.49
642.99,436.26,104.85,104.29
641.84,436.95,104.93,104.04
640.01,437.22,104.65,103.75
637.58,437.26,104.75,103.56
634.87,438.4,104.89,103.09
631.48,441.33,105.42,102.65
629.02,445.02,105.7,102.41
626.32,451.83,106.39,102.74
624.51,458.87,106.54,103.16
624.63,463.23,106.85,103.08
624.07,470.57,107,102.89
634.2,510.69,108.45,102.09
646.84,509.09,109.63,104.77
661.44,501.3,109.89,106.83
662.78,485.6,109.51,106.83
660.52,479.8,109.55,106.01
658.46,479.52,109.41,105.19
656.83,477.35,108.88,104.47
654.78,475.72,108.16,104.11
652.16,474.91,107.99,103.99
651.31,473.7,108.25,104.11
653.75,471.89,107.95,104.02
656.35,470.01,107.65,104.06
654.48,468.05,107.71,103.92
649.98,465.05,107.96,103.83
649.05,465.4,108.32,103.75
649.7,468.58,108.25,103.64
650.35,472.03,108.39,103.53
647.81,471.68,108.85,103.79
643.85,467.67,109.92,104.1
642.27,455.17,109.59,104.58
638.16,439.08,109.77,104.61
627.97,433.87,110.42,104.66
613.01,431.58,110.17,104.6
585.51,430.66,110.32,104.4
570.36,427.15,110.11,104.41
566.78,426.18,110.71,104.05
570.43,426.72,110.49,104.52
574.43,428.29,110.41,104.87
572.24,429.68,111,104.88
570.27,434.18,111.38,104.7
570.85,441.16,110.79,104.89
567.74,445.77,111.28,104.64
565.55,450.06,111.53,104.75
562.31,451.35,111.2,104.72
558.69,450.59,111.18,104.41
554.07,451.42,111.01,104.15
551.29,453.24,110.95,103.96
555.07,458.98,110.32,104.18
563.24,470.38,108.85,104.32
559.12,478.63,109.57,104.22
550.87,480.28,109.96,104.19
551.29,477.45,110.46,104.81
556.58,470.83,110.22,105.74
562.27,465.23,110.15,106.29
567.77,459.7,109.7,106.65
570.62,454.84,110,106.86
576.41,452.17,109.65,106.95
578.84,449.06,109.94,106.86
579.63,446.02,110.58,106.64
583.83,441.14,110.57,106.89
590.21,436.93,110.52,107.36
599.65,430.39,110.88,108.24
609.48,427.15,111.36,108.8
616.7,424.48,112,108.43
623.17,422.37,112.35,108.08
631.49,420.15,112.41,108.22
637.21,419.21,112.75,107.76
642.38,418.08,113.14,107.44
643.13,416.95,113.92,106.93
642.36,415.4,115.2,106.49
641.45,413.76,116.06,106.15
640.23,413.99,116.99,105.86
636.75,411.34,117.52,105.81
632.6,411.06,118.04,105.41
630.93,418.79,115.01,104.87
632.73,490,112.05,105.42
621.92,525.07,110.98,104.73
596.41,516.04,109.05,105.81
597.44,475.23,110.29,106.01
619.47,465.71,112.15,106.94
622.81,458.88,113.3,106.97
620.12,448.5,113,106.72
615.1,429.53,112.24,107.13
608.1,404.66,111.87,107.62
612.9,380.77,113.36,108.67
622.21,368.03,115.31,109.29
634.97,363.22,116.75,110.21
646.35,366.38,117.1,109.81
655.17,378.45,116.33,109.26
655.66,403.07,117.08,108.83
644.15,400.79,116.39,108.46
629.84,399.32,115.41,107.81
617.9,402.54,114.36,107.15
613.71,408.36,115.15,106.23
616.78,408.47,115.27,106.57
626.18,407.17,115.11,107.34
632.12,407.71,115.46,107.63
637.99,410.35,115.42,107.31
644.21,412.92,114.66,107.13
647.18,412.6,114.74,107.34
643.6,403.4,114.37,106.66
634.32,396.84,114.17,106.22
630.51,392.05,114.39,106.02
628.26,380.68,114.22,107
629.79,359.33,114.25,107.97
640.47,347.59,115.34,108.83
654.52,352.35,114.28,109.14
660.8,356.74,113.32,108.96
659.72,353.76,114.28,108.94
667.6,349.62,117.4,108.73
694.65,354.46,117.73,108.71
701.3,359.69,117.76,108.56
695.8,364.59,117.96,107.71
695.93,369.06,117.87,107.77
698.29,370.38,118.38,108.05
702.53,369.74,118.22,108.11
708.85,365.87,118.03,107.84
712.01,362.3,118.35,107.4
711.96,357.8,118.39,106.95
708.88,353.73,117.95,106.52
705.53,347.83,117.09,105.84
705.01,343.76,116.94,105.35
705.45,341.66,116.18,104.99
703.93,338.85,115.89,104.75
701.17,337.89,115.2,104.18
701.41,336.58,114.71,104.5
705.43,336.77,114.21,104.99
712.51,336.21,113.35,105.65
719.88,333.33,113.6,106.02
724.85,325.48,114.35,106.59
728.41,312.36,115.58,106.2
729.42,299.5,117.26,105.76
727.96,291.84,118.62,105.19
722.58,289.02,120.21,105.07
716.03,288.96,121.17,104.7
710.9,289.58,121.42,104.84
707.04,292.19,121.95,105.4
704.03,296.77,122.68,106.4
701.04,302.73,123.05,106.62
696.59,308.66,123.48,106.79
693.54,314.56,124.08,107.28
689.74,320.07,123.92,107.72
684.51,325.54,123.22,107.8
677.92,330.3,123.94,107.26
670.27,334.02,125.3,107.24
661.47,335.88,128.41,107.14
653.4,336.1,131.9,107.52
648.09,334.89,134.57,109.31
642.83,332.58,137.04,111.18
640.44,328.4,138.68,113.93
640.69,323.99,140.31,117.5
641.96,318.91,142.51,122.22
642.35,312.33,145.6,128.11
641.08,306.82,147.79,134.04
636.34,302.15,150.53,138.49
626.16,299.71,152.31,140.69
615.03,297.44,153.35,142.17
603.99,295.05,155.56,143.31
595.28,292.02,158.08,144.71
588.39,288.11,160.32,146.51
582.49,281.59,163.58,149.37
575.67,276.05,166.8,152.58
566.81,273.16,170.94,156.03
559.37,269.46,174.03,159.69
552.6,267.59,177.14,163.59
545.25,266.83,181.57,165.48
537.39,266.17,186.47,167.34
528.94,265.95,190.02,168.96
522.07,265.98,192.84,170.59
512.9,267.01,195.54,172.32
507,266.58,199.1,173.08
499.99,265.66,203.37,173.11
494.22,265.86,207.51,172.77
491.03,266.13,211.68,173.06
488.96,266.7,215.15,174.23
487.02,266.19,216.88,175.29
484.47,264.73,218.92,175.73
481.49,264.13,221.28,176.36
481.66,263.59,224.43,177.13
481.07,264.27,226.91,178.34
480.86,265.27,229.46,178.6
479.34,266.35,232.18,178.94
478.91,267.28,233.51,178.97
480.51,267.63,233.74,178.87
481.51,268.99,233.54,179.27
481.06,269.45,233.55,179.43
480.03,270.59,234.09,180.14
477.05,272.48,235.86,180.54
473.93,273.28,237.05,180.94
471.74,274.59,237.88,181.02
469.98,276.11,238.31,180.83
468.58,277.37,239.1,180.52
466.91,277.36,239.23,180.62
463.6,276.67,238.38,181.38
458.37,277.44,237.98,182.74
455.16,278.11,238.65,183.92
452.55,279.2,240.33,184.73
449.38,279.98,242.02,184.93
446.18,281.86,244.08,185.55
443.43,282.27,246.08,185.95
441,286.63,249.84,185.96
448.26,296.21,259.12,181.45
450.84,298.55,260.55,182.54
456.96,306.39,266.25,179.1
461.82,313.08,272.8,176.97
462.57,317.56,276.28,175.61
465.57,321.71,278.34,174.84
464.2,324.21,277.31,174.37
463.73,327.95,277.81,174.47
463.6,328.55,277.77,174.33
463.97,328.13,275.8,174.25
470.73,324.02,272.48,176.93
476.57,318.91,267.29,180.7
482.65,305.78,252.95,192.03
484.51,296.2,240.28,201.69
479.84,286.94,227.46,210.82
477.56,280.8,219.42,218.95
474.46,278.83,214.69,225.48
474.32,279.61,211.52,229
475.21,284.01,208.73,230.29
476.09,292.37,206.5,228.07
476.58,298.39,204.3,225.13
479.03,307.1,203.63,219.32
477.92,314.87,204.92,212.81
475.46,323.51,207.59,205.86
472.19,328.83,210.26,200.62
469.89,333.31,212.11,196.88
471.85,335.52,210.98,193.89
473.83,337.88,209.81,191.94
476.01,339.34,208.52,190.34
477.15,339.35,207.45,189.54
477.75,339.72,207.26,189.33
479.8,339.07,206.93,189.5
481.78,337.3,206.68,190.29
483.68,335.81,206.95,191.48
484.09,335.5,207.18,191.24
484.19,334.74,207.01,191.67
483.5,333.84,206.87,191.29
481.08,332.58,206.93,191.79
478.79,331.79,206.77,191.91
476.12,331.62,206.66,192
474.84,330.83,206.43,191.64
473.55,329.39,206.07,191.23
472.27,328.41,205.62,191.1
470.8,327.5,205.25,191.07
469.28,325.54,204.86,191.35
466.13,324.53,204.51,192.17
465.24,321.58,204.27,193.35
464.41,318.5,203.89,194.37
461.87,315.83,203.12,195.44
462.17,314.18,202.45,197.2
464.32,313.11,201.14,198.86
464.47,311.86,200.47,199.91
461.98,311.7,200.41,200.03
460.71,312.08,200.4,200.1
460.9,312.15,200.11,200.02
458.22,312.71,201.54,198.97
456.3,314.07,202.64,197.8
454.52,314.59,203.36,196.95
452.96,313.07,203.27,197.08
452.75,310.58,202.66,197.89
456.71,305.82,200.23,200.5
461.85,300.84,197.07,203.74
466,296.06,194.74,207.01
467.06,291.26,193.57,209.68
467.19,287.85,193.1,211.23
470.08,288.48,193.26,211.72
469.17,289.21,195.62,211.55
467.71,288.84,197.7,211.31
467.01,288.24,200.19,211.39
461.5,289.57,202.69,211.6
458.62,289.73,205.07,211.94
456.26,290.58,207.73,211.44
455.04,292.14,209.22,211.4
458.04,292.5,210.41,210.54
461.01,292.85,211.2,210.45
463.25,292.36,212.19,210.56
464.54,291.29,212.77,210.95
447.2,289.35,214.44,212.36
452.17,289.41,215.65,213.81
454.65,288.69,218.11,214.36
455.23,289.89,219.74,213.98
456.63,289.2,221.94,214.36
457.95,288.62,225.92,214.86
463.17,288.98,230,214.21
474.96,289.21,235.18,211.38
492.97,294.05,236.38,210.98
506.25,300.18,240.65,210.74
507.77,306.05,244.39,208.41
502.81,310.21,245.88,206.88
498.97,313.22,247.57,205.3
495.4,315.38,247.91,203.88
496.78,313.55,247.98,203.91
500.99,311.11,248.34,204.17
502.84,299.95,248.33,203.02
495.49,281.27,250.9,201.46
486.02,268.9,251.71,200.09
482.95,268.32,251.75,199.87
489.12,281.81,250.28,198.73
495.13,295.09,248.38,197.71
499.91,318.1,245.27,196.27
498.94,323.17,242.7,195.9
494.18,330.45,241.13,195.55
488.19,338.01,239.65,194.78
482.28,341.97,238.37,194.46
485.32,343.21,235.18,194.41
492.5,343.17,231.77,194.67
500.3,341.7,228.28,194.64
504.2,338.37,225.05,194.36
503.54,335.97,222.46,193.93
507.32,337.89,220.43,193.17
510.16,340.65,219.06,192.51
516.91,341.34,218.15,192.48
524.11,343.61,219.32,193.73
537.67,349.84,221.27,195.46
557.77,361.9,221.63,198.71
574.98,370,221.81,199.47
582.41,374.59,224.23,198.76
573.15,373.21,226.45,196.77
556,369.96,226.18,195.44
539.05,367.83,225.96,194.5
528.28,366.38,226.28,193.03
529.6,367.44,225.66,191.56
531.16,368.88,225.14,190.34
533.76,368.24,224.11,189.84
532.49,365.96,224.96,189.09
533.36,363.23,224.55,189.15
534.98,358.22,223.87,190.03
536.13,353.12,223.79,191.13
536,346.62,223.66,192.61
536.77,335.82,221.82,196.42
538.14,326.26,219.94,199.74
540,316.38,217.76,203.08
542.25,307.37,215.65,205.98
544.83,302.22,214.85,209.5
545.35,297.61,214.67,212.26
540.78,295.28,214.65,214.03
537.79,294.32,215.39,215.42
534.27,294.48,215.98,216.32
529.22,291.69,216.43,217.38
527.06,288.46,215.8,218.04
527.05,285.46,213.63,219.4
527,281.52,210.28,220.79
524.66,279.16,207.88,220.86
523.22,275.04,204.67,221.88
519.35,270.68,201.7,223.23
492.8,264.94,204.02,223.92
494.06,257.46,203.52,226.77
492.01,252.91,203.03,229.85
488.21,248.52,202.66,232.31
488.43,245.43,200.48,234.53
491.22,242.66,198.13,235.51
495.12,238.38,195.34,235.92
496.8,234.95,192.89,236.76
479.49,202.54,186.53,249
486.15,201.04,181.7,259
473.23,189.98,178.89,269.36
482.38,184.58,176.92,276.04
485.33,182.71,174.62,279.32
484.65,180.32,172.96,282.92
484.66,177.05,171.77,285.89
467.17,172.18,170.26,290.19
475.94,177.4,169.89,291.78
481.92,184.52,169.46,290.37
485.84,212.59,173.94,282.07
468.53,210.14,180.56,274.99
474.1,213.01,185.97,268.34
464.34,213.13,189.83,263.29
470.83,232.44,194.4,255.66
461.81,244.97,196.66,248
472.87,261.91,198.39,238.95
476.82,269.92,201.21,231.04
475.18,280.54,206.6,223.75
472.25,290.36,212,217.11
466.26,298.57,217.87,210.14
462.43,304.2,222.24,204.59
457.93,314.18,228.76,196.76
454.47,326.1,234.59,191.11
450.07,339.56,239.79,186.68
447.58,352.13,243.02,183.66
448.25,362.01,244.74,182.56
445.86,366.94,247.3,182.15
445.65,369.32,248.56,180.81
445.41,371.86,249.53,179.77
446.59,373.08,249.22,179.07
445.51,371.06,249.88,179.31
444.36,366.07,249.72,179.52
442.56,362.21,251.17,179.26
441.2,358.1,249.86,178.92
438.16,354.26,249.07,179.4
435.8,344.66,239.92,186.31
436.27,333.31,231.22,191.49
438.35,319.69,224.48,195.6
440.44,306,220.99,199.75
454.16,290.08,216.28,205.22
470,277.7,211.32,211.94
498.01,274.75,207.82,214.11
499.86,269.65,204.31,217.11
503.63,266.51,201.85,219.43
509.4,264.63,199.38,221.7
511.08,261.59,196.23,224.37
515.87,258.29,193.62,226.38
519.39,256.85,191.66,227.51
521.35,256.26,189.17,228.85
521.91,246.74,181.55,235.26
526.75,237.93,174.82,242.02
528.98,232.57,169.97,247.25
526.69,233.06,166.57,250.74
524.6,233.2,163.95,253.16
523.49,232.29,161.87,254.37
521.75,233.45,160.05,254.67
518.27,236.19,158.97,254.02
516.95,238.26,157.79,253.2
515.39,245.05,157.52,251.4
510.34,253.93,157.83,247.35
506.15,262.5,158,243.39
501.55,274.39,164.88,233.88
494.94,284.46,171.57,225.74
490.34,288.66,176.32,219.9
487.27,291.88,180.49,215.43
488.1,293.34,183.95,211.29
491.91,296.82,185.22,209.44
497,299.21,186.28,207.35
498.49,300.51,187.9,205.11
497.74,301.66,188.75,203.29
497.05,302.51,189.15,201.62
498.56,302.96,189.1,200
499.08,303.57,188.43,199.62
497.81,304.24,187.89,199.82
497.79,303.54,187.11,199.94
498.57,303.4,186.06,199.69
499.43,305.83,184.57,199.84
503.62,306.87,183.04,200.14
508.25,306.44,181.08,200.38
510.45,307.6,179.65,200.49
512.84,306.08,178.59,200.75
513.86,307.1,177.19,201
515.23,304.98,176.84,200.76
513.92,304.92,176.88,200.5
516.56,303.64,176.45,200.08
518.75,301.33,176.65,199.3
519.64,298.47,177.18,198.63
518.11,296.87,177.25,198.27
520.29,294.79,176.69,197.75
519.6,294.6,176.09,197.41
519.59,294.93,175.39,196.79
519.99,295.51,174.84,196.44
521.8,293.19,174.51,195.69
520.97,292.82,174.4,196.03
519.63,291.33,174.62,195.85
519.17,290.5,174.66,195.67
518.57,289.93,175.18,195.64
519.44,289.72,174.99,195.94
518.65,289.42,175.24,195.7
518.4,289.75,175.31,195.56
518.02,289.93,175.24,195.51
517.27,290.62,175.7,195.61
517.26,290.35,176.05,195.61
518.15,289.25,176.08,195.41
515.62,289.69,176.65,195.38
515.49,288.38,176.9,195.63
516.63,286.54,176.74,195.57
516.51,287.29,176.59,195.24
517.65,287.42,176.05,195.24
518.74,288.01,175.44,195.13
520.73,288.26,175.08,194.83
522.8,289.33,174.54,194.86
525.14,290.07,174.1,194.96
525.88,291.18,173.72,194.99
527.95,290.84,174,194.62
527.84,292.34,173.94,194.55
524.32,291.42,174.84,194.87
499.03,286.31,176.17,195.3
480.31,281.72,176.19,195.04
486.25,277.33,176.05,194.51
493.78,274.17,175.06,194.5
502.04,271.44,174.12,194.15
507.92,271.98,173.99,194.2
511.87,272.11,174.36,193.46
515.67,275.52,174.3,193.1
520.43,280.81,174.69,192.79
521.27,283.32,174.9,192.97
520.39,285.17,175.02,193.18
515.78,283.93,175.32,193.22
511.16,283.61,175.82,193.34
510.45,281.92,175.53,193.48
512.85,280.01,175.85,193.05
516.35,280.33,175.54,193.37
517.57,280.42,175.29,193.32
518.52,280.33,175.12,193.18
522.21,277.95,174.93,193.06
527.57,278.36,175.05,192.77
526.99,277.99,174.94,192.74
519.28,276.32,176.19,192.47
511.97,275.47,176.72,192.67
514.02,275.23,176.25,192.7
518.13,274,175.89,192.93
517.04,274.08,176.04,192.94
516.08,274.01,175.99,192.92
517.82,274.76,175.24,193.65
519.63,275.45,174.93,193.92
518.11,274.94,174.77,194.02
517.15,275.44,175.05,194.12
515.53,275.59,175.15,193.66
514.58,276,175.22,193.4
514.56,276.59,174.62,193.08
513.97,276.29,173.85,192.5
515.59,276.79,173.07,192.71
515.65,276.19,172.65,192.63
514.56,277.25,172.52,192.59
512.85,276.14,172.79,192.73
508.88,275.92,173.22,193.05
510.72,277.21,172.91,193.29
510.05,274.84,172.85,193.39
510.11,274,172.75,193.61
512.89,272.82,172.24,194.09
516.59,271.41,172.43,194.46
520.12,271.18,172.57,194.77
524.05,270.42,172.71,194.91
526.81,270.75,172.88,195.14
528.43,270.06,173,194.96
529.07,269.16,172.9,194.42
518.1,266.51,173.35,194.28
490.74,263.6,174.22,194.69
485.78,259.99,174.55,194.58
489.82,256.29,173.71,195.18
492.9,254.33,173.16,194.57
488.69,252.85,173.2,194.89
486.3,251.82,172.96,195.14
485.62,250.54,172.7,195.03
485.82,249.07,172.44,195.85
485.48,248.12,172.36,195.73
485.08,247.25,172.31,195.53
485.24,245.95,172.56,195.65
484.1,245.26,172.19,195.44
466.77,243.28,171.62,195.07
448.37,241.92,171.19,195.03
427.1,239.02,171.41,194.99
416.92,236.48,172.08,195.26
391.53,232.46,172.12,195.19
372.86,230.48,171.68,195.07
374.29,227.96,171.59,195.33
374.54,228.75,171.69,195.66
372.92,229.97,171.81,195.3
372.37,232.22,171.65,195.09
377.25,236.4,170.51,195.45
384.34,239.22,170.16,196.53
391.13,244.37,170.16,196.84
396.78,248.03,170.59,196.77
401.07,251.52,170.43,196.28
403.86,254.68,170.36,195.87
409.06,256.31,170.28,195.75
417.21,260.9,170.19,196.57
428.19,269.36,170.94,197.14
440.48,279.74,171.82,197.59
452.13,289.53,172.55,197.75
461.95,299.08,172.79,197.86
472.83,305.95,172.97,198.14
500.9,317.51,173.28,197.2
527.65,330.35,173.18,196.48
539.29,338.89,173.03,196.49
544.07,344.42,173.26,196.26
536.24,347.88,174.42,195.95
516.76,335.43,173.71,196.73
518.39,322.43,173.82,196.26
526.59,311.57,173.9,196.74
538.17,301.76,173.21,196.78
549.77,294.6,172.23,197.25
553.92,291.27,172,196.36
551.73,287.2,172.31,196.06
554.06,278.42,171.67,195.39
566.32,270.4,171.65,195.6
576.29,264.38,171.82,195.94
578.09,258.89,172.47,194.99
577.79,252.72,172.29,195.08
582.17,245.23,171.82,195.78
587.86,236.79,171.8,196.47
592.64,229.9,171.16,196.67
595.2,224.56,170.9,196.33
597.81,220.02,170.56,195.53
598.03,216.76,170.08,195.64
591.37,213.99,171.62,195.01
581.67,210.44,172.35,194.35
575.87,207.69,173.06,193.66
574.76,203.4,172.65,193.4
577.04,201.56,172.2,193.61
579.23,199.92,171.8,193.53
576.77,200.01,171.27,193.75
573.84,199.67,171.23,194.08
575.87,198.35,170.7,194.66
578.09,199.35,170.54,195.01
580.78,199.88,170.23,195.24
586.08,197.75,169.96,195.96
596.44,195.77,171.28,196.77
610.84,192,173.8,197.87
616.47,190.53,173.46,197.69
590.42,190.62,173.57,196.86
563.71,186.43,173.72,196.32
544.9,181.74,173.99,196.07
546.43,178.44,174.15,195.49
542.15,176.5,173.81,195.38
536.84,176.26,173.83,195.44
536.35,178.03,173.57,195.4
539.07,181.33,173.6,195.45
543.57,186.74,173.69,195.56
545.92,187.03,172.98,196.32
541.76,187.43,172.5,196.51
532.85,186.02,172.37,196.54
524.89,182.48,172.35,196.87
515.42,178.13,171.91,197.4
511.27,173.68,171.73,197.87
512.4,169.83,172.11,198.22
518.69,167.37,171.85,198.84
525.81,164.99,171.85,199.25
528.89,161.21,172.53,198.78
525.29,159.8,172.61,198.3
518.99,157.52,173.17,197.97
514.28,152.5,173.85,197.45
508.93,149.47,174.21,196.81
503.64,143.63,174.48,197.01
501.53,137.42,174.37,196.99
501.32,131.13,174.05,197.02
495.32,124.91,173.88,197.32
485.03,119.5,174.35,197.39
475.85,114.51,174.35,197.44
469.74,110.47,174.22,197.61
468.86,107.76,174.43,198.24
471.88,105.4,175.05,198.09
476.53,103.39,175.4,198.48
481.27,101.08,176.13,198.59
483.51,98.96,177.31,199.06
480.86,101.87,179.06,198.61
472.12,107.29,181.6,198.02
443.38,111.22,181.87,198.17
405.03,113.12,183.37,198.16
380.11,106.94,183.05,199.2
385.68,101.66,182.89,199.85
403,97.715,183.99,200.43
417.45,92.787,183.79,200.69
417.4,87.009,184.39,200.56
405.68,80.424,185.18,200.36
400.7,70.536,185.16,199.85
405.72,62.19,184.54,200.47
418.47,57.174,184.44,200.39
430.34,52.6,184.58,200.17
436.99,49.727,184.17,199.88
444.17,47.633,183.23,199.66
450.42,48.133,182.76,199.59
454.37,48.599,182.52,199.31
456.23,49.385,182.39,199.65
458.51,49.989,182.18,199.46
458.72,50.577,182.45,199.67
462,46.984,182.03,198.98
467.4,43.992,181.75,199.43
472.41,40.443,181.69,199.03
473.09,37.433,182.43,198.89
468.97,34.771,182.81,199.37
461.37,35.5,183.54,199.77
454.89,39.491,184.75,199.85
453.66,42.74,185.46,200.25
456.04,45.048,186.4,200.37
459.1,46.175,187.32,200.05
463.5,45.739,187.95,199.27
466.8,44.568,188.74,199.55
469.41,43.467,189.53,199.63
471.51,42.083,190.42,199.83
468.49,42.802,191.92,199.71
462.75,41.698,192.98,199.89
457.6,41.411,193.72,199.73
453.47,43.643,193.38,199.32
450.23,47.277,192.67,199.43
447.89,50.237,191.43,199.97
448.83,50.88,190.64,200.57
450.68,50.649,189.83,200.64
452.63,51.653,189.07,200.88
455.69,50.999,189.23,201.04
458.01,50.476,189.74,201.04
459.83,49.145,189.81,200.88
461.73,47.931,190.33,201.18
462.88,46.569,191.09,201.23
463.16,45.415,191.84,201.37
464.68,45.483,192.31,201.55
466.31,46.647,192.37,201.17
468.72,46.644,192.74,200.93
469.58,45.765,192.53,200.84
471.64,46.979,192.19,200.58
470.69,49.95,191.87,199.91
472.79,51.198,191.69,199.77
473.49,56.853,191.45,199.77
475.02,67.71,190.62,200.05
476.24,79.2,190.57,199.88
479.52,88.898,190.25,200.23
485.52,95.007,189.27,200.65
492.12,100.32,188.48,200.4
499.31,101.24,187.77,200.52
502.28,101.15,187.65,200.65
505.74,100.93,187.45,200.48
508.28,99.369,187.64,200.8
508.48,100.27,186.91,200.75
509.39,101.31,186.66,200.61
508.04,104.36,185.98,200.58
506.45,107.79,185.51,200.99
505.46,109.74,185.75,200.84
503.97,113.26,185.84,201.07
502.43,117,186.46,200.66
501.22,123.07,187.07,200.69
502.44,129.75,187.6,200.55
502.87,137.64,188.78,201.54
501.37,146.36,189.85,202.14
502.68,156.34,189.83,201.99
504.12,165.41,190.34,201.7
506.79,175.48,189.74,201.93
510.22,185.49,189.3,202.12
512.46,195.02,189.29,202.09
515.27,203,189.34,201.44
520.1,210.15,189.24,200.7
524.13,216.83,189.02,200.39
527.87,221.73,188.99,200.29
531.94,226.8,188.84,200.43
535.53,231.11,188.28,200.74
537.91,235.82,187.79,200.56
542.11,238.54,187.05,200.63
546.36,242.53,186.45,200.24
548.5,245.25,186.24,200.02
550.35,249.18,185.87,200.06
553,252.9,185.11,200.02
553.55,254.67,185.37,200.23
555.46,256.76,186.15,200.4
554.42,260.02,187.18,200.4
556.65,261.2,188.52,199.74
558.19,264.47,189.68,199.79
559.82,267.17,190.5,199.35
562.57,271.83,189,199.43
566.96,277.59,187.06,199.29
571.26,281.91,185.21,198.9
574.25,284.93,182.28,198.53
577.99,288.51,180.17,198.24
580.75,291.6,178.13,198.25
584.33,294.75,176.05,198.47
589,298.79,174.66,198.53
596.71,299.35,172.47,198.9
603.57,301.88,171,199.1
609.98,303.71,170.33,199.08
615.58,303.43,168.97,199.47
620.94,299.46,167.55,201.36
624.78,297.43,166.24,203.33
627.31,294.42,165.64,205.08
628.93,286.63,160.23,211.35
629.7,276.55,156.11,218.43
631.57,266.93,152.54,225.88
633.58,260.47,149.62,231.85
633.34,252.06,148.05,237.35
632.14,249.95,147.8,240.63
620.16,244.14,147.41,248.09
627.53,239.81,147.41,253.37
626.98,239.47,148.6,256.84
624.49,240.16,150.09,259.13
623.77,241.17,151.16,261.32
624.39,239.55,151.43,264.31
625.63,238.23,151.68,267.19
627.25,238.22,151.83,268.48
627.55,238.17,152.63,267.6
629.18,237.77,152.96,267.01
631.11,236.9,153.45,266.26
631.96,237.05,154.28,265.82
632.07,237.29,155.28,266.44
634.14,236.21,156.2,267.61
634.85,233.85,157.71,268.28
634.29,233.33,159.22,268.03
632.32,234.17,161.59,266.67
631.02,234.29,163.69,265.16
630.44,231.42,166.4,263.62
627.9,211.23,167.54,265.14
625.25,214.02,168.79,267.35
625.5,213.61,169.63,269.05
626.27,213.63,171.4,269.67
627.61,210.08,172.52,270.12
628.17,211.06,172.82,269.23
628.55,188.99,171.82,268.54
631.13,188.78,171.4,266.52
634.22,188.07,170.59,264.03
634.03,188.53,170.56,261.39
634,182.59,170.82,259.25
636.03,173.74,170.4,258.39
637.44,168.89,169.96,259.01
639.79,166.89,169.34,260.55
641.04,170.33,168.05,262.4
644.35,175.58,165.83,264.46
648.05,181.07,164.45,265.24
652.31,186.13,164.43,265.72
654.38,189.71,165.02,265.4
672.37,223.01,174.48,251.5
664.7,225.38,183.26,241.48
660.81,225.52,190.13,234.65
659.62,225.73,195.3,229.6
657.27,226.18,199.62,225.88
657.96,225.96,202.29,223.51
660.31,224.2,203.77,222.51
660.99,224.31,204.85,221.58
660.45,224.07,205.41,221.07
660.11,221.95,205.94,221.21
659.38,219.18,206.06,221.14
660.08,216.18,205.33,221.22
660.13,213.38,204.34,221.06
658.69,211.11,202.67,220.48
658.36,209.2,201.47,220.08
657.79,203.62,200.21,219.68
652.28,175.95,199.95,219.24
624.48,149.97,198.23,220.74
620.46,151.24,196.9,221.07
617.02,152.29,195.76,221.57
616.24,155.11,194.29,222.27
616.42,148.4,186.75,230.48
620.4,170.46,189.09,227.38
620.91,174.73,189.55,226.18
622.32,170.47,183.82,235.16
622.49,167.24,179.54,245.38
624.88,168.84,175.76,257.19
627.75,172.34,172.84,267.34
633.82,172.38,170.84,273.24
639.66,172.82,169.08,276.2
644.44,171.78,167.78,278.71
650.32,168.48,166.77,280.98
655.59,161.95,166.3,283.05
660.66,159.24,165.97,284.81
666.6,161.21,165.33,286.14
672.98,177.39,164.08,286.82
678,166.3,162.36,287.95
684.19,157.17,160.45,288.08
688.66,150.28,158.67,287.33
690.47,146.2,157.38,287.61
691.08,139.04,156.35,288.72
693.22,133.55,153.96,290.65
694.31,126.58,152.12,291.78
695.38,121.11,150.45,293.26
681.47,130.8,149.82,292.62
690.27,121.69,148.96,294.29
693.39,119.56,148.93,296.05
695.8,139,149.27,293.45
679.55,154.29,150.15,290.28
682.24,149.81,150.56,289.1
665.88,149.85,152.28,290.09
666.69,149.83,154.3,288.26
647.76,148.34,157.75,288.26
646.95,144.97,159.09,286.83
629.81,140.51,160.68,288.54
630.88,139.36,160.72,288.98
613.42,137.21,162.34,290.53
614.82,136.47,162.42,290.72
615.37,138.31,161.99,291.42
615.06,128.68,160.73,292.66
614.72,134.29,159.94,294.04
611.6,135.45,159.97,294.57
606.12,137.01,160.86,293.49
601.77,134.18,161.19,292.86
597.28,133.37,161.4,292.71
594.88,132.56,160.88,293.85
592.09,132.76,160.47,293.13
588.66,134.04,161.04,292.99
584.95,135.66,162.41,293.49
582.3,138.04,163.57,292.57
579.57,142.2,164.84,291.21
577.58,140.68,165.87,289.57
576.59,141.57,166.44,288.26
576.42,141.71,166.37,287.53
578.24,139.63,164.84,287.7
577.77,136.75,163.75,287.91
576.88,135.8,161.64,287.75
574.16,134.59,159.8,287.8
570.26,135.13,158.95,287.75
568.27,136.36,158.23,287.07
566.06,136.13,157.75,286.86
563.58,133.78,157.54,287.27
560.66,132.46,157.5,287.51
557.07,131.67,158.37,287.73
554.59,132.67,159.15,287.61
551.01,133.11,159.93,287.14
548.1,133.77,161.6,287.2
546.2,132.03,163.04,288.18
545.15,129.64,163.89,288.98
543.87,125.58,164.89,290.79
542.09,123.36,165.76,292.12
540.39,120.61,166.51,293.54
537.24,117.11,167.57,294.3
535.4,113.48,169.06,294.59
534.43,110.19,170.15,294.87
532.95,107.63,171.3,294.59
531.78,107.41,172.61,293.92
531.12,107.57,173.88,293.35
530.65,107.33,175.33,292.98
530.39,107.4,176.41,292.6
530.42,107.94,177.04,292.28
531.14,106.25,177.32,291.71
531.64,104.63,177.51,291.5
532.62,103.41,177.53,291.19
533.44,101.76,177.65,290.63
534,99.924,176.83,290.52
533.19,99.553,176.26,289.91
530.82,98.553,175.58,289.37
528.59,100.25,174.8,289.22
527.45,101.12,174.17,289.41
527.31,101.04,173.04,291.47
526.92,101.58,172.47,292.93
526.34,103.02,172.04,293.97
526.37,104.87,171.8,293.6
527.17,106.14,171.01,293.25
528.31,106.27,169.55,292.93
528.42,106.33,168.06,291.84
526.66,107.27,167.14,290.09
524.66,106.83,165.56,288.09
524.97,108.38,164.17,286.54
524.26,109.21,163.21,284.76
524.55,111.36,162.26,282.84
524.22,113.36,161.37,281.5
522.87,116.23,160.6,280.62
523.15,118.77,159.47,279.96
525.41,121.66,158.62,280.34
524.72,123.24,158.25,279.76
524.42,125.53,157.94,279.27
523.96,128.41,158.05,278.44
523.4,129.1,158.9,278.12
522.39,130.51,159.67,277.55
521.7,130.91,160.49,276.86
520.47,130.75,161.64,277.05
517.92,131.31,162.97,278.02
516.77,132.24,164.28,278.94
517.14,133.69,165.1,280.57
515.39,134.38,167.17,281.87
515.95,137.25,169.63,282.67
516.64,141,172.56,282.26
522.38,141.11,173.02,282.4
529.26,141.63,171.39,283.33
535.58,140.79,168.98,285.5
538.63,139.18,167.04,286.87
543.29,140.96,165.46,286.99
546.76,146,163.68,287.31
551.06,147.78,162.34,287.61
557.03,149.45,161.77,287.29
562.15,152.55,161.61,286.29
565.66,156.85,161.14,285
571.01,161.52,160.28,284.6
576.25,165.03,158.71,285.97
580.15,167.83,156.61,288.31
582.47,167.29,154.95,288.69
584.22,172.33,153.72,289.66
587.29,175.17,151.86,291.17
592.81,180.87,150.39,292.04
597.47,187.86,148.86,291.34
600.79,197.79,146.71,291.54
602.59,208.26,145.01,291.2
605.63,217,144.34,289.94
609.64,222.56,143.84,290.23
611.07,228.32,144.14,290.08
614.52,230.73,144.59,290.75
617.15,231.16,145.03,290.67
619.77,235.85,144.85,291.92
620.85,240.93,145.47,292.09
620.9,242.86,146.91,291.68
604.71,239.05,147.18,291.96
603.5,217,147.06,294.24
597.71,217.13,147.3,294.42
575.84,208.82,148.67,293.77
574.9,179.78,148.6,296.11
570.9,176.14,149.24,293.4
570.89,170.96,149.65,291.98
568.51,165.73,149.25,289.48
566.58,161.73,148.25,287.49
564.26,157.18,147.56,286.09
562.95,152.59,147.2,286.53
561.95,146.78,147.03,288.32
560.48,142.95,146.41,290.59
559.96,138.93,145.69,292.19
559.15,134.63,145.44,292.67
561.34,129.35,144.98,294.57
563.76,126.66,144.38,296.74
567.33,123.43,144.05,298.6
570.55,120.72,143.65,300.36
573.31,118.3,143.39,301.63
575.96,115.84,143.27,302.7
577.38,112.64,143.25,302.53
579.77,109.99,142.87,302.96
583.03,107.77,143.03,303.88
585.21,105.26,143.42,304.35
588.7,104.86,143.84,304.38
592.6,105.29,144.13,304.14
597.18,104.94,144.23,304.19
602.46,106.03,144.59,304.3
607.76,114.92,144.72,301.93
609.28,126.03,145.32,298.93
606.91,141.9,145.42,295.84
600.22,170.99,145.84,292.03
595.69,197.99,146.59,287.89
592.75,203.9,147.78,285.79
587.37,215.03,148.04,285.48
581.06,225.41,147.72,284.51
582.38,234.28,147.59,282.52
583.14,242.81,147.58,281.48
610.5,289.05,161.48,263.08
618.12,307.08,177.74,245.95
632.76,322.73,187.79,232.95
537.84,286.11,174.04,247.87
542.33,281.97,165,258.05
544.51,279.54,157.58,266.54
544.59,276.34,151.84,273.52
544.57,273.43,147.87,278.85
544.35,270.85,145.39,281.86
543.19,268.01,143.55,283.88
542.78,263.07,142.31,286.16
542.7,258.68,141.55,287.19
541.27,254.11,140.93,287.37
523.88,245.4,140.46,290.81
521.16,242.75,140.24,291.66
500.46,235.39,140.4,294.25
495.19,235.59,140.63,293.76
468.37,232.24,140.44,293.9
437.88,232.26,141.06,291.42
403.56,233.97,141.39,289.11
353.95,233.99,141.95,289.45
294.79,240,142.94,285.66
187.94,265.98,144.34,282.4
80.223,296.7,145.07,280.07
-0.22835,302.8,137.62,284.57
-25.866,306.42,137.03,285.15
-21.401,304.5,136.99,285.17
-19.648,306.05,136.96,285.2
-18.36,310.98,136.9,285.24
-18.188,310.84,136.86,285.26
-18.165,313,136.85,285.27
-16.299,312.4,136.84,285.27
-15.574,314.42,136.81,285.29
-15.914,317.16,136.77,285.3
-16.775,318.41,136.74,285.31
-17.87,317.86,136.72,285.32
-18.052,317.68,136.71,285.33
-12.387,313.61,136.73,285.3
-4.9801,312.04,136.74,285.28
0.80865,309.29,136.76,285.25
12.938,302.63,136.79,285.22
23.812,297.27,136.86,285.13
30.123,292.61,136.9,285.1
36.361,287.15,136.92,285.08
35.82,282.65,136.93,285.06
35.368,277.26,136.96,285.02
37.659,272.28,136.98,284.98
35.512,270.56,136.99,284.97
35.398,272.3,137,284.96
-12.084,358.09,128.05,293.62
17.604,364.21,130.4,294.74
49.892,366.91,135.38,294.45
85.949,365.7,140.78,294.35
120.23,361.67,144.99,297.02
149.97,357.82,147.86,299.88
180.59,355.15,150.32,301.31
212.51,353.11,152.59,302.05
241.36,350.24,154.19,303.49
247.65,350.34,156.4,304.3
274.51,353.92,157.59,304.15
309.51,353.4,158.79,303.57
346.6,351.72,159.5,303.88
380.74,349.95,159.4,303.57
400.9,345.37,159.67,304.29
421.69,340.32,159.75,305.08
442.13,334.95,159.65,306.04
475.77,330.28,158.09,307.2
507.6,325.43,157.67,306.7
521.41,316.35,157.41,306.86
555.46,310.12,158.05,307.42
565.85,302.07,158.35,307.72
575.42,293.59,159.18,308.18
586.25,286.59,160.84,307.63
594.51,281.57,163.31,306.52
600.86,275.09,165.03,306.38
607.27,268.72,166.24,307.91
612.44,265.99,167,309.08
617.76,265.25,167.51,309.71
603.06,261.29,168.11,310.32
611.5,261.42,167.82,309.63
595.85,257.28,167.01,309.54
599.66,257.79,166.88,308.51
583.38,251.75,166.64,308.46
568.84,248.61,166.23,309.12
575.07,249.35,165.78,308.6
558.21,245.67,165.72,307.8
541.73,240.25,165.7,307.16
544.17,237.07,164.95,306.77
528.99,230.67,165.59,307.27
535.16,229.18,164.95,305.69
540.87,227.92,164.12,304.57
577.7,249.69,165.65,302.49
592.15,291.78,165.49,302.56
597.33,296.7,164.46,302.02
597.95,299.29,163.98,303.04
579.54,286.29,165.25,304.26
561.2,247.59,166,304.77
563.4,236.8,166.89,303.94
563.57,227.57,168,302.51
563.45,204.15,166.81,302.49
567.34,206.27,165.52,302.04
571.17,207.64,164.25,301.46
567.76,206.23,164.94,300.02
550.2,200.32,163.79,301
555.92,201.07,163,301.04
561.09,197.35,163.15,300.87
564.31,195.71,163.21,299.64
563.2,194.71,162.23,298.63
560.85,194.4,161.33,297.99
562.65,198.43,159.78,297.16
567.48,198.11,158.34,297.22
574.05,195.24,157.31,298.21
637.07,238.18,179.04,281.69
639.73,251.59,196.5,265.31
616.41,232.6,207.15,257.29
596.5,206.08,211.4,255.28
598.58,210.29,212.61,250.12
576.05,168.52,202.06,263.77
578.5,166.81,193.7,275.32
580.44,169.63,186.2,285.83
580.18,173.09,180.81,291.75
579.67,176.13,176.79,293.88
576.42,178.78,174.29,294.62
575.22,178.96,172.74,295.83
572.35,177.77,171.83,296.08
568.8,179.05,170.97,296.79
565.14,180.19,170.55,296.41
563.69,179.29,170,296.18
563.75,178.91,169.85,295.6
561.78,179.62,169.15,294.2
559.04,177.45,168.35,293.7
556.47,178.8,167.54,293.17
555.39,180,166.72,293.1
555.19,181.44,166.18,293.21
554.95,181.11,165.62,293.68
554.46,180.14,165.02,294.28
555.6,178.18,164.53,294.59
554.64,178.37,164.02,295
555.18,178.44,163.73,294.72
555.99,182.09,163.44,294.97
560.18,187.62,162.89,295.88
566.76,196.33,161.68,297.38
572.49,201.49,161.68,298.99
576.94,205.67,162.08,300.15
579.94,207.81,162.3,300.04
582.67,206.81,161.97,301.86
585.95,206.36,161.49,303.31
588.12,208.35,161.63,304.37
589.19,209.53,161.56,304.17
586.89,205.63,161.52,305.29
587.74,201.72,161.72,305.61
589.94,195.49,161.85,306.23
618.77,196.33,162.41,306.6
648.63,190.84,162.74,307.21
653.31,186.25,163.19,308.59
648.33,186.04,164.06,307.98
641.75,179.44,165.1,305.73
637.69,171.31,165.47,305.41
632.15,163.69,166.59,303.68
626.64,156.84,167.13,302.56
630.06,146.8,166.59,303.54
655.21,143.99,166.17,304.43
660.92,137.72,166.64,305.44
662.12,133.59,166.87,305.22
664.67,128.17,167.04,305.48
667.61,123.45,167.27,305.37
672.35,119.05,166.94,306.12
675.43,116.54,167.24,306.56
675.85,116.61,166.98,307.43
675.07,114.31,166.92,307.73
674.55,113.78,166.66,307.85
673.47,112.84,166.56,307.46
666.83,113.69,167.54,306.6
656.1,114.34,168.15,303.96
642.82,114.32,168.98,301.37
630.97,114.56,168.99,299.85
623.6,114.5,169.31,299.17
618.37,115.26,169.89,298.44
612.7,117.03,170.21,297.35
607.29,119.22,171.12,296.82
601.08,120.6,171.84,296.65
594.11,121.33,172.55,296.96
586.87,123.15,172.88,297.15
581.01,125.64,173.64,297.79
575.95,128.72,174.41,297.74
570.62,131.41,174.81,297.86
566.84,133.38,175.25,298.21
563.71,134.94,175.77,298.69
560.9,136.22,176.07,298.92
560.99,136.49,176.74,298.29
559.63,135.69,177.11,298.25
560.97,134.63,178.13,297.56
562.32,134.22,178.84,296.53
563.56,133.8,179.17,296.84
564.87,133.63,179.59,297.04
566.88,133.5,179.84,296.93
569.06,134.63,180.31,297.11
570.59,135.65,180.8,296.67
572.47,136.03,180.91,296.28
574.5,135.59,181.05,295.85
573.95,136.16,181.19,295.77
573.78,136.78,181.49,295.37
573.3,136.72,181.65,294.9
571.89,136.17,181.82,294.55
570.58,136.23,181.81,294.79
568.38,136.61,181.99,295.06
565.95,136.12,182.93,294.41
562.61,136.2,183.29,294
559.63,136.17,183.46,293.6
558.4,133.79,183.62,294.26
555.35,131.14,183.16,294.55
552.89,128.22,183.29,294.31
552.52,123.3,183.73,293.66
549.54,117.6,183.84,293.79
549.8,114.03,183.35,294.44
549.75,110.3,183.08,294.87
549.09,106.86,182.36,295.31
549.31,104.34,182.2,295.78
551.58,102.07,181.86,295.84
553.49,101.66,181.57,296.23
556,101.84,180.99,296.93
559.6,102.61,180.29,297.02
560.88,104.74,179.95,297.15
563.52,107.86,179.26,297.04
566.32,110.89,178.83,296.93
567.62,113.73,178.47,297.07
568.7,116.43,178.12,297.13
571.44,116.64,178.21,296.15
573.32,117.08,178.35,295.64
574.55,116.9,178.28,296
573.47,116.55,178.3,296.58
568.44,114.35,178.63,295.34
566.84,107.92,179.09,294.87
563.41,104.08,179.39,294.25
564.6,98.285,178.71,294.6
567.94,93.906,178.67,294.68
571.87,94.084,178.31,295.45
574.38,95.128,177.79,296.09
577.48,97.49,177.45,295.8
579.87,99.595,177.04,296
581.11,100.93,176.84,296.78
582.36,103,176.54,296.82
585.05,105.82,176.45,296.37
586.45,107.17,176.65,296.33
588.38,109.3,176.64,296.23
592.61,111.87,176.48,295.71
598.57,117.56,175.99,295.3
604.28,135.64,176.95,294.22
609.61,139.34,176.39,293.88
614.63,145.12,175.95,293.78
618.67,150.98,175.04,294.21
620.37,156.06,174.37,294.45
621.58,160.96,173.7,294.12
619.59,166.74,173.49,294.18
616.73,170.89,173.24,294.12
612.82,175.25,173.08,294.1
608.37,179.81,173.14,294.15
605.32,183.29,173.27,293.95
602.44,185.76,173.48,293.95
599,188.51,173.7,293.67
595.69,190.28,173.79,294.17
593.26,191.43,173.7,294.77
592,190.76,173.99,295.29
591.6,190.38,174.08,295.61
589.56,189.41,174.34,296.05
587.9,186.67,174.45,296.94
586.02,182.99,174.36,297.42
584.8,181.22,174.36,297.74
582.65,181,174.43,297.79
580.45,182.09,174.44,297.76
578.79,180.39,174.43,298.05
577.64,180.06,174.41,298.43
577.69,178.05,174.99,297.61
579.72,176.28,175.03,296.17
580.26,175.1,174.48,297.25
580.81,170.54,174.88,296.81
581.58,164.83,175.48,295.86
582.19,159.84,175.51,295.79
583.45,156.03,175.74,295.24
585.22,154.27,175.65,294.98
585.9,153,175.07,295.54
586.64,152.09,174.78,295.4
586.59,152.79,174.11,295.42
586.8,151.94,173.72,295.68
586.34,151.93,173.54,295.52
585.65,151.73,173.13,295.76
585.27,150.44,173.18,296.28
584.63,150.31,173.09,296.27
583.3,149.94,172.89,296.96
581.59,149.03,172.93,297.51
580.05,147.64,173.2,298.28
578.96,146.45,173.61,298.67
577.07,145.44,173.64,298.83
574.12,143.47,173.86,299.06
569.12,140.65,173.98,298.07
566.92,135.14,174.11,298.4
587.51,137.6,174.2,296.47
587.73,135.24,174.72,296.07
583.28,137.78,174.23,296.03
581.16,139.04,173.77,296.25
585.68,142.89,174.72,295.53
591.17,146.02,174.98,296.22
596.15,164.85,176.43,295.01
596.14,165.69,175.88,294.86
595.21,168.45,175.34,294.89
595.13,170.71,175.15,295.01
593.83,173.66,174.46,295.55
591.21,174.26,174.37,296.59
588.36,174.71,174.83,296.98
585.14,175.36,175.13,297.63
582.01,175.77,175.74,298.16
583.07,173.55,176.7,297.63
587.03,173.37,177.45,298.04
586.94,171.17,177.92,297.68
588.57,169.22,178.4,297.48
591.1,169.99,178.71,296.89
591.25,167.47,178.81,295.93
591.46,167.99,178.52,295.73
591.55,167.21,178.41,295.52
593.03,167.14,178.59,295.26
593.42,167.96,178.45,295.07
592.8,167.95,178.3,295.1
592.8,165.47,178.51,294.83
593.11,165.72,178.84,294.42
592.42,167.98,178.74,293.62
592.21,169.07,179.14,290.93
592.64,171.34,178.88,288.49
590.65,175.82,178.59,286.31
589.86,177.5,179.54,283.83
593.13,181.57,180.46,280.96
606.39,191.01,185.87,272.88
614.45,202.54,190.38,263.49
587.84,212.71,195.57,253.88
561.93,221.47,199.06,243.29
561.38,230.14,202.63,233.54
567.21,236.02,203.34,225.15
568.2,242.92,205.91,218.11
564.08,248.18,208.61,212.49
569.41,252.87,208.26,207.41
589.99,256.64,206.88,204.97
603.04,266.4,206.6,202.69
598.3,274.5,208.59,199.75
594.09,277.1,209.02,197.76
593.52,279.16,208.86,196.7
600.38,279.49,206.77,195.78
602.71,279.71,205.99,195.4
604.11,279.48,205.56,195.07
606.24,277.73,204.95,194.8
606.84,276.13,204.45,194.07
605.32,273.98,203.93,193.6
603.61,273.04,203.43,193.23
604.24,271.85,202.69,192.82
606.59,272.43,201.92,192.42
607.95,274.57,201.27,191.95
607.36,274.4,201.15,191.58
604.4,275.05,201.19,191.16
605.71,275.01,200.84,191.58
606.51,274.83,200.46,191.66
606.16,274.4,200.49,191.69
605.09,275.02,200.35,191.44
602.55,274.63,200.49,191.11
598.88,275.65,200.83,190.79
594.35,276.59,200.34,190.55
589.97,277.95,199.2,190.22
586.18,277.05,199.02,189.83
582.67,277.8,199.17,190.15
580.02,279.21,198.26,189.88
580.33,279.69,197.67,190.03
578.76,280.98,197.42,190.16
576.46,284.23,197.25,190.45
573.72,289.15,197.56,190.19
573.45,297.4,197.91,190.3
574.01,303.21,198.35,190.26
575.64,306.98,198.19,190.55
577.27,310.14,197.63,190.67
580.09,311.18,197.57,190.87
585.12,311.82,197.63,191.1
591,312.02,196.96,191.4
601.39,309.9,196.88,192.25
608.6,311.05,196.38,192.4
610.44,310.23,197.02,192.12
605.59,308.38,198.16,191.52
601.84,306.44,199.54,191.09
598.01,305.42,200.85,190.75
572.97,300.86,201.21,191.23
569.81,295.4,200.44,191.17
567.4,293.3,200.96,190.74
569.58,292.3,200.58,190.32
570.37,292.36,200.73,190.16
568.09,291.92,201.16,189.51
563.66,293.31,200.59,189.28
560.78,294.34,200.14,189.13
557.96,297.81,199.35,188.88
555.98,302.09,198.77,188.7
553.33,306.88,198.61,188.72
554.95,311.28,198.65,189.36
571.48,315.07,198.63,191.19
587.74,317.84,197.75,191.89
587.99,319.29,196.82,191.49
587.08,319.48,197.49,190.61
589.19,318.14,197.17,190.12
591.31,317.15,196.33,189.79
590.03,314.37,197.38,189.8
588.82,312.41,198.45,189.61
588.21,310.57,199.28,189.3
587.74,308.09,199.45,189.21
586.26,305.03,200.17,189.51
585.61,303.31,200.51,189.2
584.97,302.98,200.06,188.83
584.58,303.03,200.11,188.52
583.38,303.93,200.24,188.22
581.9,305.11,200.95,187.83
578.6,308.54,202.06,187.64
575.48,311.48,203.09,187.49
572.76,314.21,202.89,187.34
573.56,315.25,202.4,187.37
573.47,316.21,203.01,187.71
576.77,317.34,202.88,188.64
586.11,318.75,202.81,189.43
614.95,319,204.16,189.44
625.58,320.16,204.46,189.72
623.66,321.65,205.17,188.47
618.97,320.47,205.7,188.12
617.64,318.73,204.76,188.46
614.8,319.04,205.12,188.69
611.39,319.84,206.4,188.7
591.53,318.39,205.85,189.97
588.17,319.13,208.03,190.08
563.07,320.04,208.38,190.27
563.16,319.35,208.7,190.65
567.25,320.39,209,191.38
573.76,322.12,209.81,191.58
577.62,325.47,210.35,191.84
581.74,329.1,210.15,192.17
583.09,332.63,211.22,191.33
584.25,336.27,211.62,189.9
578.58,339.62,211.86,188.87
549.75,341.84,212.28,188.01
543.38,344.32,211.98,187.89
536.79,346,210.76,187.64
514.4,347.97,210.94,187.67
519.61,351.16,212.33,188.74
521.22,361.6,214.98,188.65
522.12,387.95,215.58,189.23
525.09,382.06,215.19,190.31
533.58,362.61,213.11,192.14
543.78,345.26,212.53,193.65
554.13,328.21,212.13,194.99
565.21,310.11,211.08,196.25
577.49,293.27,210.41,196.66
585.99,280.73,209.46,196.46
596.37,262.66,208.32,196.26
608.1,239.05,208.01,196.46
