243,80,87,133
244.47,80.994,87.779,131.58
245.52,83.582,88.55,129.19
246.35,85.855,88.671,127.19
247.09,86.549,88.696,124.99
248.65,88.493,88.991,122.71
249.69,89.592,89.276,121.24
252.29,91.02,89.416,120.03
253.47,92.406,89.213,119
254.24,93.708,89.173,117.91
255.22,95.585,88.757,117.13
256.43,97.028,88.222,116.65
255.88,97.149,86.813,116.26
255.48,97.386,85.694,116.92
254.91,96.483,84.642,117.38
255.01,94.659,83.254,117.71
254.88,93.491,82.034,117.49
255.44,91.77,80.246,117.89
255.73,89.374,78.398,118.77
254.29,89.709,77.015,118.32
247.25,92.65,81.378,113.57
242.51,94.152,85.383,110.04
241.48,93.529,87.999,107.95
243.56,93.818,89.935,106.36
244.59,92.848,91.497,105.82
245.43,91.211,92.281,106.4
246.51,90.149,91.761,106.44
249.27,88.208,91.25,106.33
252.09,88.442,90.872,105.59
254.93,89.026,90.103,105.13
258.8,89.057,89.522,104.31
261.02,91.015,88.383,103.59
263.98,93.519,86.909,102.82
265.05,96.714,85.839,101.45
265.97,99.158,84.527,100.09
266.34,100.79,82.88,99.598
266.59,102.08,81.748,99.453
267.51,102.83,80.75,99.042
268.62,103.33,79.676,98.95
270.17,103.66,78.71,99.148
272.02,104.13,77.633,99.011
273.87,104.16,76.357,98.362
273.79,103.9,75.231,97.382
275.34,103.28,73.904,96.693
276.97,102,72.692,95.725
277.51,100.6,71.803,95.113
278.37,99.041,70.687,95.041
279.3,97.011,69.567,94.596
279.7,94.859,68.691,94.248
279.69,92.438,67.874,93.777
279.96,90.242,66.93,93.528
279.78,87.705,66.258,92.971
279.36,85.303,66.104,92.821
279.05,83.904,66.515,92.325
278.18,82.098,66.83,91.856
278.43,79.251,67.013,91.51
278.59,76.71,67.305,91.511
277.97,75.936,67.929,91.316
277.82,73.996,68.641,91.207
277.92,73.425,69.421,90.777
278.13,73.052,69.618,90.467
277.45,72.475,70.069,90.036
278.39,71.829,70.56,89.411
279.11,70.552,70.457,89.082
279.7,69.353,70.578,88.759
280.22,67.043,70.793,88.678
281.2,64.658,71.116,88.331
281.88,61.28,71.45,88.233
282.69,58.104,71.736,88.677
284.16,55.822,71.942,88.979
283.96,54.387,72.321,88.459
283.96,52.218,72.564,88.677
283.94,49.873,72.89,89.059
283.73,48.094,72.767,89.688
282.02,46.896,72.703,90.287
281.34,47.678,73.34,90.709
280.78,49.151,73.493,91.3
280.44,51.322,74.478,91.911
280.83,54.438,75.26,91.794
282.14,57.317,75.732,91.976
283.6,60.233,76.252,91.85
284.58,63.141,76.794,91.68
285.24,64.597,77.24,91.616
286.11,66.611,77.034,91.482
287.32,66.225,76.826,92.195
288,67.72,77.212,92.107
288.57,68.419,77.585,92.36
289.1,68.8,77.976,92.698
288.54,69.487,78.607,92.572
288.23,70.268,78.999,92.633
288.72,71.62,79.512,92.531
289.21,73.499,79.569,92.447
289.37,75.677,79.149,92.151
289.7,78.264,78.772,91.909
288.46,80.378,78.595,91.485
287.47,82.201,78.323,91.114
286.55,83.712,78.128,90.941
284.77,84.828,77.923,90.798
283.93,85.935,78.013,90.908
283.55,87.054,77.872,91.356
283.72,86.935,77.843,91.937
282.76,85.396,77.551,92.788
282.88,85.881,77.73,93.248
282.96,84.146,77.602,93.953
283.34,82.999,77.317,95.161
283.35,82.173,76.878,95.793
283.8,81.316,76.499,96.779
283.9,80.693,76.069,97.868
283.83,79.933,75.558,99.127
284.36,80.168,74.944,100.04
285.5,79.108,74.188,101.37
286.27,79.319,73.46,101.7
287.49,79.877,72.537,101.86
289.26,80.207,71.612,102
290.16,81.058,71.478,102.49
293.09,82.82,71.633,102.19
296.01,86.241,71.314,102
298.2,88.824,70.993,101.08
300.4,92.657,71.013,100.43
300.8,97.538,70.377,99.561
301.74,102.76,69.317,97.575
301.21,106.7,68.045,96.151
300.22,111.15,66.746,93.613
297.8,114.36,65.714,90.809
295.65,117.2,64.581,87.566
294.72,120.73,63.376,84.903
295.06,123.63,62.484,82.657
294.84,125.52,61.597,80.887
293.57,130.02,60.596,79.115
292.62,135.78,59.465,77.316
292.06,141.19,59.064,75.742
293.15,147.67,59.916,73.924
293.64,153.69,59.085,72.792
293.83,163.98,59.991,71.217
295.2,170.01,60.305,70.556
296.49,176.01,60.62,69.891
296.69,179.55,61.598,70.269
298.39,181.75,62.061,70.343
300.12,181.06,62.559,70.986
304.23,177.39,63.137,71.692
307.46,173.51,63.645,72.036
308.03,170.74,64.123,72.6
306.57,169.77,64.399,72.884
306.77,170.15,64.997,73.078
306.68,169.67,65.687,73.43
306.09,169.16,66.183,73.853
305.67,166.69,66.691,74.595
304.06,164.99,66.84,75.289
302.57,162.48,66.749,75.37
301.29,160.99,66.956,75.028
299.81,159.73,67.02,74.697
299.21,158.26,66.933,73.799
299.94,157.79,66.598,72.667
301.64,157.05,65.564,71.36
306.21,153.87,64.676,70.911
310.72,143.4,64.154,70.089
313.01,137.16,63.76,70.226
314.97,129.59,63.059,70.225
316.28,123.25,62.268,69.869
315.88,115.78,61.336,68.992
315.73,108.36,60.377,68.212
313.59,102.18,60.02,66.969
311.51,95.982,59.951,65.872
310.97,92.819,59.318,64.644
309.18,93.91,58.029,63.386
307.25,96.763,57.135,61.564
305.35,99.181,56.41,59.573
302.68,99.842,55.686,58.262
299.71,102.07,55.097,56.895
297.59,104.75,54.529,55.808
294.61,108.29,54.155,54.532
293.49,106.99,53.876,53.935
291.75,105.27,53.401,53.227
289.36,101.25,53.281,52.679
286.86,94.925,52.761,52.948
291.27,82.299,51.505,53.558
297.76,70.73,50.649,54.069
304.05,60.982,50.453,54.316
311.85,49.737,49.559,54.087
315.86,41.345,49.005,53.338
319.39,33.987,48.188,52.592
321.84,28.638,47.881,52.897
323.66,23.694,47.602,53.097
325.59,20.1,46.929,52.994
328.16,18.895,46.219,51.95
332.4,20.783,45.378,50.907
333.23,21.057,44.811,50.307
332.3,19.366,44.457,50.199
330.31,17.88,44.16,49.92
328.91,17.143,43.437,49.836
327.53,16.422,43.285,50.179
324.5,15.758,42.623,50.563
318.04,15.202,41.377,51.303
315.1,15.029,40.548,51.442
308.9,13.061,38.948,52.408
306.05,8.7811,37.751,52.584
301.9,9.6035,37.035,52.557
296.78,11.416,36.787,52.589
289.41,13.785,36.097,53.2
282,17.738,36.257,52.994
277.7,22.077,36.94,52.025
272.23,25.196,37.836,51.411
265.94,27.102,38.481,51.092
261.81,28.747,38.933,51.237
259.26,30.304,39.594,51.694
257.17,29.744,40.333,52.881
257.93,29.089,41.437,53.809
259.4,27.893,42.881,54.707
260.72,25.432,44.557,55.499
260.58,24.311,45.955,55.895
260.27,24.184,47.53,56.196
259.11,25.247,48.499,56.608
258.43,26.867,49.973,56.663
258.44,26.332,51.926,57.52
255.86,27.613,54.07,58.288
251.09,32.196,55.733,58.504
242.47,37.013,56.603,58.627
238.51,46.693,58.383,59.382
228.7,49.669,58.746,59.863
219.77,55.051,58.282,60.724
218.73,66.76,58.183,61.228
216.6,74.709,58.035,60.865
214.33,80.605,57.972,61.145
214.78,85.678,58.433,60.706
213.6,88.077,58.997,60.443
211.33,90.191,60.29,59.852
209.43,89.777,62.322,59.073
207.34,86.765,64.014,58.681
204.57,83.168,64.577,59.434
199.13,80.058,63.951,60.158
193.31,77.295,61.947,61.213
186.32,74.647,60.343,62.251
179.37,74.135,59.253,63.379
170.37,74.587,59.785,63.296
162.95,73.609,61.853,62.552
156.8,75.899,63.983,61.355
151.04,79.961,64.418,59.825
147.97,83.761,65.328,58.822
144.59,86.698,66.946,58.228
141.86,88.901,68.379,58.037
132.8,91.299,72.056,55.551
125.66,93.723,75.412,53.597
114.09,96.814,77.04,52.147
108.74,97.701,78.377,51.355
100.04,100.24,78.452,50.511
97.206,100.8,78.624,50.01
94.978,100.76,77.97,50.171
95.156,101.47,76.474,50.371
95.268,101.09,72.554,53.356
96.043,100.52,69.151,55.665
97.144,98.393,66.096,58.088
99.298,95.837,63.251,59.828
101.82,93.051,61.101,61.355
103.02,89.87,59.695,62.382
103.48,86.454,58.863,63.097
105.82,83.629,58.106,63.813
111.77,82.737,57.769,64.424
116.69,80.597,57.765,64.784
119.64,77.494,57.407,64.668
119.53,75.743,57.904,63.571
121.76,79.015,57.875,61.65
126.24,82.869,57.194,60.873
130.6,86.207,56.823,60.269
135.73,90.121,56.663,59.385
139.56,94.86,56.356,58.007
143.72,98.846,56.351,56.879
147.83,102.85,56.085,56.037
152.68,105.32,55.4,55.934
155,106.92,55.799,55.545
156.97,108.62,55.758,55.003
158.79,108.86,55.258,55.264
163.54,109.04,54.787,55.515
166.67,107.31,54.028,56.641
166.68,104.88,53.55,57.213
167.52,104.41,52.677,57.432
168.21,105.55,52.288,56.838
168.14,105.18,51.351,56.873
167.53,102.78,50.228,57.384
165.7,100.29,49.37,57.58
163.29,88.818,48.904,58.495
160.5,79.711,49.074,58.262
157.86,73.534,49.664,58.95
156.05,68.119,50.25,59.431
154.35,64.789,50.626,59.561
153.63,60.999,50.784,59.859
155.93,58.012,51.068,59.82
159.54,56.726,51.288,59.891
163.78,58.544,51.61,59.581
167.04,61.329,52.586,59.195
170.5,62.838,53.307,58.562
174.12,64.443,54.165,58.21
177.26,65.01,55.104,57.583
178.92,66.086,55.983,56.98
180.48,64.436,56.363,57.135
182.8,62.093,56.52,57.113
185.2,61.661,56.211,56.321
186.28,60.628,56.203,55.908
188.63,58.016,55.836,55.718
190.1,57.027,55.967,55.183
192.62,54.527,55.49,54.771
194.04,53.472,55.202,54.577
196.02,51.683,54.709,54.468
198.74,49.358,54.36,54.43
201.63,48.169,53.891,54.281
203.32,47.083,53.525,54.071
204.92,45.846,53.161,53.871
207.4,45.08,52.971,53.661
208.03,45.552,53.15,53.048
207.48,46.056,53.207,52.284
209.25,46.402,52.897,51.772
210.36,47.09,52.342,51.208
209.87,50.266,51.936,50.48
210.12,51.252,51.336,50.193
210.29,52.188,50.609,49.713
209.51,53.621,50.379,49.067
211.17,54.16,50.058,48.748
211.72,55.442,49.828,48.025
213.93,56.108,49.455,47.402
214.77,57.564,49.057,46.701
214.1,58.723,48.522,46.108
214.27,58.51,47.273,45.825
215.17,56.218,46.188,46.122
217.33,54.573,45.167,46.015
218.52,52.047,44.798,45.941
219.44,47.885,44.656,46.432
218.35,44.606,44.37,46.725
217.2,40.671,44.2,47.275
216.47,35.334,43.867,48.246
215.82,30.815,43.43,48.983
213.91,26.725,43.484,49.763
212.56,19.694,44.011,49.066
207.93,18.811,43.779,48.467
205.73,17.628,44.719,47.337
202.25,16.832,45.971,45.899
196.2,16.841,46.07,44.619
190.91,17.039,46.461,43.305
188.18,18.019,47.4,41.882
185.16,19.838,48.308,40.47
183.34,21.926,48.815,39.375
183.16,24.129,48.93,38.348
183.4,26.4,48.84,37.723
183.64,28.747,48.78,37.27
183.27,31.07,49.013,36.902
184.49,32.729,48.815,36.742
185.81,33.529,48.598,36.717
187.94,33.415,49.666,34.946
188.51,34.125,50.844,33.401
188.24,34.69,51.742,32.36
186.81,34.946,52.774,31.539
185.73,35.152,53.406,31.146
184.94,35.554,54.115,30.971
183,35.122,54.709,31.167
181.68,34.86,55.276,31.367
180.33,35.018,55.695,31.581
178.88,35.226,56.143,31.769
177.67,34.809,56.487,32.214
176.81,34.809,56.657,32.489
175.6,34.119,56.833,33.109
173.84,33.547,56.942,33.619
171.9,33.369,56.898,34.091
171.43,33.029,56.874,34.455
170.64,31.559,57.152,35.106
169.31,30.978,57.199,35.47
168.76,31.123,57.706,35.688
168.19,32.573,58.24,35.295
167.36,33.249,58.737,35.33
166.61,34.581,59.444,35.039
165.32,35.412,59.633,34.949
163.73,37.184,60.067,34.501
162.37,38.975,60.335,34.223
160.84,40.352,60.614,34.042
159.18,41.875,60.898,33.671
157.34,43.842,61.4,33.342
154.86,45.923,61.803,32.789
152.97,48.353,62.037,32.425
150.12,50.135,62.387,32.286
147.77,52.937,62.842,31.928
146.24,56.019,63.294,31.482
143.96,58.321,63.33,31.484
142.99,60.667,62.661,31.665
143.9,65.12,61.92,31.624
145.6,66.756,60.572,32.227
147.33,68.201,59.177,32.843
147.59,68.157,57.922,33.599
147.87,68.271,56.86,33.983
147.96,67.893,55.771,34.275
147.56,67.539,54.867,34.328
147.38,67.326,54.012,34.387
146.7,66.386,53.064,34.68
146.83,66.024,51.972,34.876
147.86,66.251,51.25,34.946
148.21,66.608,50.412,34.772
147.42,67.162,49.927,34.482
146.92,67.274,49.251,34.142
145.84,68.258,49.205,33.568
143.46,68.624,49.444,33.448
140.1,69.271,50.008,33.351
130.92,71.075,49.658,33.072
129.99,69.539,49.113,34.827
126.42,64.719,48.417,34.219
126.22,64.827,47.233,34.837
127.97,66.398,46.173,35.895
129.65,67.918,44.86,36.86
130.51,69.413,43.395,37.746
131.83,71.151,42.349,38.259
132.5,71.871,41.648,38.822
133.46,73.443,41.449,38.854
134.16,78.31,42.004,38.677
139.68,79.983,42.608,37.855
141.35,86.565,42.821,38.237
149.92,92.497,42.124,40.151
159.57,92.694,41.153,42.111
172.03,89.772,40.529,43.961
178.93,86.088,40.305,45.268
185.08,76.748,39.929,46.753
184.46,71.868,39.593,47.429
183.77,64.012,39.975,47.421
180.97,60.152,40.905,47.184
179.71,54.494,42.436,46.141
177.34,52.901,43.972,45.356
171.43,50.185,44.581,44.678
170.46,48.888,45.527,43.725
170.74,50.517,46.484,43.083
170.55,52.294,47.6,42.791
170.98,53.111,48.841,42.639
170.96,53.52,50.097,42.576
170.84,53.991,50.979,42.335
170.67,54.312,51.865,42.319
170.05,55.166,52.471,42.114
169.66,55.636,52.918,42.045
170.46,56.059,53.058,42.64
171.91,56.862,53.2,43.036
174.53,56.524,53.473,43.882
177.91,55.205,53.394,44.954
181.34,53.404,52.725,45.567
184.57,51.394,52.2,46.237
188.86,49.557,51.512,47.023
192.72,47.06,50.436,47.932
196.52,45.479,49.981,48.551
199.79,43.915,49.63,49.254
202.4,41.567,49.286,49.878
206.14,39.399,48.838,51.152
207.76,37.978,48.594,51.713
208.74,37.245,48.124,52.379
209.29,38.106,47.707,52.663
208.19,38.926,47.019,52.786
207.15,40.625,46.771,52.893
205.92,42.049,46.608,52.999
204.55,44.197,46.613,52.663
203.72,46.181,46.968,52.038
202.98,48.517,47.798,51.213
201.87,51.108,48.297,50.203
200.19,53.597,49.086,49.038
198.54,56.494,50.182,48.201
197.21,59.306,51.164,47.27
196.15,61.436,51.769,46.737
194.64,63.703,52.718,45.868
192.82,65.712,53.271,45.557
191.12,67.328,54.021,45.359
189.35,69.269,54.69,45.026
187.52,71.219,55.489,44.576
185.6,73.084,56.3,44.282
184.11,74.961,57.036,44.046
177.5,79.564,60.742,41.025
173.59,83.882,63.809,38.35
170.56,87.4,66.108,36.209
169.15,90.206,68.169,34.45
168.7,92.965,69.575,33.042
168.53,95.192,70.203,31.936
166.75,96.689,70.842,30.753
166.55,98.409,71.065,29.847
165.91,99.987,70.982,29.29
166.48,101.4,70.956,28.666
166.95,103.37,70.817,28.003
167.32,104.5,70.199,27.606
167.82,105.34,69.712,27.061
170.3,105.96,68.928,26.8
171.59,106.11,67.575,26.956
173.97,105.91,65.994,27.169
175.05,105.66,64.038,27.533
177.19,104.32,62.148,27.92
179,102.85,59.614,28.543
180.43,101.19,57.351,29.026
187.56,99.223,53.448,31.279
190.37,96.602,49.991,33.2
196.51,94.049,46.882,34.378
197.71,92.376,44.252,34.892
199.15,90.047,41.637,35.404
200.28,87.816,39.505,35.816
201.74,85.919,37.468,36.141
202.55,85.266,35.974,35.99
202.42,83.78,35.09,36.04
201.47,81.384,34.625,36.334
201.08,79.296,34.447,37.024
200.85,78.047,34.294,37.515
200.16,77.841,34.294,37.711
198.49,76.02,34.352,38.301
197.85,73.763,34.301,39.114
197.23,72.097,34.553,39.798
196.12,70.832,34.852,40.318
195.04,69.382,35.405,41.137
193.82,68.48,36.336,41.813
192.39,66.961,37.389,42.528
190.49,65.41,38.885,43.336
187.96,64.654,40.679,43.967
185.82,64.085,42.195,44.303
183.19,63.146,43.897,44.742
177.29,63.701,45.36,44.839
175.77,63.994,47.711,44.458
173.33,64.217,49.566,44.2
166.17,66.588,50.096,44.309
158.67,74.543,51.098,44.162
151.98,77.309,51.436,44.826
144.19,85.928,52.377,45.147
136.43,94.338,53.565,45.235
127.18,103.36,54.547,45.304
119.45,112.22,57.061,43.315
111.43,120.73,58.691,42.066
105.14,129.65,59.528,41.091
97.541,136.99,59.766,40.735
91.191,141.32,59.86,39.99
86.199,149.78,59.975,39.749
89.519,152.94,59.846,39.188
106.15,152.66,59.283,38.344
123.26,144.62,57.045,38.902
139.2,131.81,57.344,37.434
141.83,123.34,57.589,36.191
141.3,115.85,58.242,34.679
135.58,106.23,59.685,32.58
130.1,101.4,59.802,31.858
127.46,98.52,59.29,32.491
130.98,102.77,58.089,31.995
140.74,116.94,55.966,32.241
158.38,131.92,52.203,34.204
180.09,152.41,49.71,35.748
210.87,177.79,49.546,34.706
234.15,195.7,47.281,35.812
249.32,209.2,46.091,36.034
254.7,215.27,45.539,36.544
265.04,220.15,44.779,37.068
278.7,216.24,41.531,40.345
284.03,211.75,36.814,46.582
292.77,210.96,33.678,51.137
294.76,217.49,32.477,52.924
291.93,226.21,34.587,52.41
282.5,235.82,38.319,50.991
275.29,245.79,41.897,48.023
276.42,256.25,49.264,42.034
278.68,264.84,56.676,36.111
276.78,264.87,63.151,31.91
274.17,260.18,65.902,30.637
268.32,256.07,66.306,31.835
265.04,248.79,65.9,33.641
263.5,244.25,63.636,37.118
260.61,240.16,60.278,40.365
258.25,236.16,56.667,43.289
257.28,232.42,53.523,45.792
256.54,229.51,51.128,48.077
257.3,227.33,48.849,50.982
258.48,225.83,47.094,53.542
259.79,225.19,45.763,55.721
261.6,225.35,44.834,57.631
263.2,225.87,44.037,59.141
264.83,228.05,43.915,60.036
265.33,229.52,43.98,61.492
266.32,232.81,44.373,61.881
266.47,236.63,45.439,61.97
266.71,241.24,46.861,61.803
266.46,244.49,47.739,60.998
265.13,249.69,49.354,58.96
262.77,255.12,52.039,56.47
259.88,259.91,54.773,54.289
253.27,265.74,58.845,50.183
247.06,273.2,61.619,48.032
247.81,273.64,61.877,48.369
247.26,273.56,61.279,49.245
246.27,274.2,60.147,50.581
244.12,275.02,57.977,52.085
243.85,277.13,56.435,53.072
243.27,280.38,55.221,53.502
243.81,283.02,54.495,53.646
244.43,286.5,54.402,53.462
245.67,289.35,54.665,52.902
246.49,291.56,54.889,52.403
246.55,292.81,55.889,52.254
247.04,294.44,56.611,52.536
245.03,293.31,57.67,53.25
242.77,291.34,57.8,54.383
242.34,287.59,57.39,55.985
244.42,283.44,56.536,57.428
248.56,275.56,55.804,57.951
252.58,272.1,54.54,58.755
255.73,268.91,52.96,58.71
258.76,261.75,51.333,58.035
262.26,256.29,49.563,57.411
265.24,251.25,48.084,56.476
268.36,246.73,46.467,55.917
270.61,247.28,44.68,55.042
270.59,246.14,43.366,54.468
264.03,240.7,42.01,53.369
258.74,236.41,40.611,52.347
257.84,232.51,39.472,51.063
256.47,230.15,38.501,50.889
255.97,225.32,37.433,49.762
254.39,224.78,36.917,48.874
253.04,222.24,36.36,48.387
250.96,217.76,35.471,47.341
250.85,215.61,34.977,46.901
251.05,210.08,34.384,46.45
251.14,208.04,34.252,45.85
245.28,204.9,34.25,45.279
234.1,196.68,34.411,44.825
221.97,189.08,34.923,43.726
211.79,181.83,35.637,42.838
202.22,175.83,36.42,41.596
198.03,172.02,36.74,40.898
193.88,166.52,37.312,39.565
191.74,162.49,38.149,39.423
191.35,159.02,38.769,39.161
190.34,155.19,39.709,38.948
192.52,152.31,40.184,38.326
199.28,149.58,39.813,37.702
203.3,146.09,38.855,37.891
206.4,143.95,37.713,38.068
209.38,144.26,36.305,38.418
212.57,143.16,34.576,39.446
215.07,141.4,33.205,40.303
216.9,138.02,31.876,40.452
217.75,137.61,30.85,40.615
219.11,135.08,30.12,41.408
219.91,129.86,30.008,41.747
220.42,127.82,29.621,42.668
221.65,124.96,28.204,45.365
222.24,122.29,27.524,47.727
224.75,121.44,27.717,49.385
230.22,119.16,27.717,51.429
232.46,118.92,28.139,53.039
234.42,118.66,28.649,54.187
235.88,117.98,29.337,54.521
235.19,116.58,31.626,52.684
235.31,117,34.066,50.78
236.12,118.8,36.367,49.453
236.77,122.4,38.519,48.138
236.7,126.77,40.649,47.071
236.53,134.85,43.222,45.932
236.98,137.75,44.908,45.21
236.94,145.67,46.678,43.977
237.43,152.1,48.252,43.283
238.17,158.65,49.551,43.02
238.68,165.76,50.725,42.82
246.39,167.21,51.379,43.451
249.45,175.32,51.543,44.127
257.89,176.93,52.1,45.154
266.15,178.06,52.45,46.291
266.81,185.14,53.421,46.997
268.35,187.02,54.048,47.98
268.96,194.88,55.543,48.414
269.71,202.51,56.376,48.785
270.09,210.99,57.139,49.063
269.76,221.58,57.936,49.333
260.04,236.62,58.825,49.543
247.6,243.97,59.728,49.084
228.64,239.24,63.376,45.975
211.03,227.75,68.718,42.249
190.15,213.06,73.161,39.905
176.16,198.72,76.229,38.371
164.52,183.86,77.241,37.985
159.75,177.42,78.373,37.39
158.6,179.66,77.818,37.396
169.02,191.98,75.693,37.683
184.73,209.15,69.491,41.419
205.38,226.95,64.631,44.091
215.21,252.47,63.14,45.681
222.84,269.08,62.829,46.768
228.44,271.37,60.397,48.699
234.57,266.16,55.953,53.179
241.02,262.38,50.458,60.166
250.92,265.62,45.617,66.324
250.22,276.04,45.361,66.941
245.37,286.67,48.447,65.659
239.81,296.8,52.529,64.268
235.89,302.85,57.755,61.392
235.13,308.06,63.257,57.255
240.6,312.71,70.522,50.564
249.21,313.7,75.731,45.498
249.52,307.61,79.178,42.237
244.3,303.33,79.529,41.808
239.05,298.66,79.21,42.859
238.06,294.54,78.547,44.074
241.33,286.82,75.113,47.73
246.55,274.52,72.234,50.444
256.99,259.31,69.261,54.297
261.02,251.71,66.663,57.821
263.36,244.2,64.807,61.534
265.66,236.81,63.437,65.385
267.78,230.52,62.407,69.038
270.18,225.95,60.853,73.327
270.95,222.64,59.208,77.202
271.42,222.47,57.618,80.601
272.95,223.59,56.259,83.011
276.61,227.95,52.74,86.749
279.27,233.84,50.223,89.615
279.47,238.37,48.764,91.756
278.94,242.14,48.939,92.326
277.83,240.86,49.758,91.57
272.76,236.7,54.033,88.175
270.62,235.21,58.258,85.058
270.63,235.92,61.859,81.877
269.21,233.47,63.937,81.134
270.45,229.03,64.304,82.177
273.24,225.55,64.438,83.325
277.72,221.97,64.247,85.076
280.42,217.46,63.947,87.272
283.97,215.75,65.064,87.691
286.21,220.7,66.448,85.681
287.22,228.18,66.203,82.911
289.68,229.27,65.155,81.731
292.48,226.15,64.204,80.946
295.79,219.99,64.38,77.959
295.98,215.68,64.367,76.609
295.25,210.77,63.705,75.382
291.09,208.88,62.861,73.852
287.05,207.47,61.771,72.773
284.55,208.68,60.514,70.606
282.79,212.31,59.443,67.778
280.28,218.02,58.015,64.962
275.76,224.65,56.648,61.858
267.36,235.54,55.046,59.373
263.81,244.95,53.202,57.365
260.32,253.32,51.342,55.736
257.94,259.23,49.588,53.927
256.55,264.85,47.718,52.684
255.81,268.04,45.893,51.759
255.91,267.68,44.006,51.322
255.55,265.79,41.789,51.011
252.87,262.49,39.719,51.506
244.81,258.88,38.033,52.11
234.42,253.12,37.218,51.788
223.67,247.31,36.541,51.31
220.14,245.29,35.549,51.441
214.42,241.45,34.96,52.089
214.07,238.87,34.234,52.298
213.47,237.07,33.55,52.204
212.29,235.2,33.162,51.876
212.49,231.48,31.263,53.345
211.91,227.83,29.948,54.355
212.65,226.12,29.005,54.538
212.51,225.53,28.709,53.972
213.13,224.2,28.463,53.533
210.14,222.09,30.25,51.76
209.41,214.11,30.515,51.191
206.49,205.52,32.267,49.786
204.29,202.93,33.839,48.162
202.48,197.85,35.249,47.492
201.96,193.69,36.747,46.589
203.78,191.38,38.168,45.554
205.74,188.24,39.49,44.951
207.12,186.28,40.435,44.097
207.05,184.43,40.744,43.278
208.36,183.23,40.908,42.705
208.62,181.45,40.465,42.325
208.98,179.11,39.908,41.633
206.44,176.99,39.568,41.227
202.86,174.77,39.69,40.217
200.55,173.21,40.598,39.155
198.07,171.64,41.51,37.853
194.78,170.06,42.458,36.732
192.52,170.57,43.31,35.599
190.26,170.62,44.033,34.733
189.08,171.14,44.548,34.143
188.43,171.62,44.978,33.602
187.99,172.68,45.473,33.334
187.3,173.4,46.23,33.033
185.34,174.11,47.38,32.634
183.95,174.1,48.2,32.614
182.57,174.07,48.836,32.495
182.23,173.47,49.264,32.303
179.39,172.38,51.036,31.554
179.16,173.37,52.355,30.542
180.2,173.48,53.399,29.741
182.17,173.57,53.947,29.331
185.05,173.47,54.431,29.065
188.73,173.88,54.607,28.884
192.39,173.4,54.616,28.93
195.63,173.76,54.771,28.924
196.19,171.54,54.81,29.486
197.57,170.55,55.075,29.718
197.86,166.88,54.959,30.714
199.5,160.68,55.176,31.014
198.73,157.81,55.438,31.341
200.38,151.75,55.576,31.446
201.05,147.41,55.574,32.226
200.09,142.63,55.462,32.854
200.21,138.57,55.884,33.233
199.13,134.4,55.76,33.607
198.54,130.26,55.912,33.538
197.82,126.03,55.747,33.856
197.96,122.86,55.739,34.168
198.39,120.8,55.995,33.947
199.36,119.1,56.079,34.042
199.17,116.22,56.127,34.308
199.11,114.17,56.211,34.45
198.85,113.2,56.394,34.377
197.17,112.52,56.988,34.223
195.91,112.4,57.171,33.999
194.09,111.55,57.46,33.759
192.11,110.66,57.97,33.57
190.26,110.56,58.883,33.079
189.49,111.03,59.547,32.875
189.21,111.7,59.739,32.769
190.57,112.31,59.426,32.787
192.31,113.26,59.238,32.861
192.64,113.59,59.081,33.035
192.97,114.15,59.456,33.083
193.89,114.68,59.425,33.056
194.45,115.54,59.319,33.004
195.99,116.7,58.967,33.183
197.56,117.46,58.774,33.22
197.81,117.14,58.829,33.217
197.81,116.95,59.347,33.006
198.74,117.67,59.713,32.729
198.16,122.56,59.898,32.689
199.53,123.01,60.722,32.296
199.6,122.94,61.579,32.109
199.98,123.52,62.843,31.54
199.99,124.15,63.951,30.999
200.21,125.17,65.141,30.392
200.71,126.37,66.317,29.845
200.63,127.12,67.23,29.248
205.02,127.57,68.392,28.698
207.75,127.62,69.114,28.261
205.9,128.93,69.85,27.57
208.19,128.98,70.146,27.275
206.29,129.44,70.835,26.968
202.55,130.59,73.516,25.295
199.75,130.83,75.631,24.274
198.05,131.38,77.363,23.494
195.39,131.75,78.774,22.882
189.62,132.34,79.516,22.552
189.25,132.51,80.442,22.237
189.57,133,81.132,21.988
189.71,133.43,81.634,21.77
184.67,133.12,82.368,21.805
185.09,131.67,83.074,21.895
185.32,130.59,83.605,21.752
185.99,125.8,84.002,21.533
187.03,126.35,84.571,21.251
187.15,126.39,85.013,21.189
186.65,126.32,85.303,21.162
186.14,126.69,85.275,20.967
185.59,126.99,85.444,20.775
185.98,127.35,86.32,20.473
186.56,127.42,86.632,20.385
186.87,127.69,87.078,20.298
186.76,128.11,87.508,20.339
186.97,128.25,87.789,20.341
187.15,128.51,87.997,20.363
187.82,128.45,88.459,20.359
187.66,128.71,88.823,20.335
187.43,128.83,88.771,20.424
188.24,128.48,88.862,20.566
188.28,128.24,88.032,20.835
188.85,128.5,87.424,21.095
188.15,128.68,86.794,21.325
187.9,129.19,86.361,21.449
187.78,129.44,85.8,21.74
187.23,128.95,85.348,22.184
187.37,128.79,84.648,22.539
186.56,128.43,83.594,22.992
185.89,127.93,82.344,23.33
185.2,127.62,80.953,23.426
186.5,127,79.389,23.697
187.78,126.01,78.429,23.825
188.28,125.46,77.692,23.806
188.48,124.36,76.824,23.902
189.17,123.91,75.88,23.739
190.75,122.87,75.035,23.792
194.13,122.54,71.902,25.242
197.23,121.55,69.217,26.556
200.09,120.54,66.751,27.795
203.83,120.51,64.683,28.454
206.59,120.13,62.908,29.064
208.66,120.43,62.355,28.729
211.75,121.14,61.655,28.409
214,121.9,60.97,28.347
218.95,123.21,58.038,30.034
222.08,124.66,55.496,31.568
224.01,125.63,53.182,32.821
224.47,125.99,51.042,33.924
224.9,126.76,49.458,34.592
224.4,126.76,47.867,35.119
220.88,125.64,46.483,35.732
220.11,122.46,44.441,38.439
217.76,117.59,43.276,40.577
215.64,112.29,42.741,42.474
214.44,109.11,42.547,43.49
214.1,108.36,42.68,43.837
215.67,109.15,43.149,43.573
223.52,115.28,44.862,43.391
225.66,121.24,46.137,43.231
227.97,121.82,47.091,43.019
228.54,126.32,48.376,42.739
230.26,133.39,49.326,42.417
234.31,139.98,49.858,42.067
237.5,141.45,50.386,41.595
241.44,148.9,53.062,39.071
243.05,152.55,54.936,37.017
242.73,160.2,56.661,35.332
242.07,166.85,57.979,34.201
241.58,174.77,59.115,33.135
241.58,182.52,59.662,32.359
236.34,189.9,59.761,31.723
236.37,190.63,60.884,31.785
236.67,190.49,61.375,32.497
235.82,186.57,60.225,35.407
229.01,182.69,61.55,36.441
223.66,181.86,63.821,37.064
217.48,183.42,65.547,36.871
209.51,185.41,67.486,36.356
202.52,190.12,69.967,35.183
195.14,201.08,72.18,33.77
187.86,209.76,74.381,32.588
179.18,218.64,75.853,31.563
167.16,223.59,76.003,30.79
161.84,226.44,75.568,29.707
154.89,222.49,75.269,29.363
147.53,215.27,74.868,30.361
135,200.17,75.035,31.957
123.06,178.13,74.897,34.055
121.98,165.52,75.049,36.377
121.31,155.85,76.16,37.96
121.76,152.12,78.48,38.956
121.45,149.44,80.982,39.387
119.12,158.93,83.333,38.603
115.42,168.81,82.943,40.223
118.05,180.26,82.306,41.955
121.84,194.27,82.534,42.228
127.66,215.28,82.342,42.604
133.04,227.65,82.786,42.106
138.52,239.56,84.481,40.596
143.82,250.37,86.309,39.042
147.19,254.43,90.68,36.263
151.04,256.07,93.407,34.519
149.14,256.4,91.596,36.095
154.99,256.62,84.806,43.188
159.92,254.72,79.225,49.169
161.71,252.52,76.959,51.874
163.89,242.75,74.091,54.994
158.88,239.98,70.523,58.864
155.92,234.58,65.983,64.013
190.88,188.76,63.66,68.329
194.58,185.96,62.731,72.272
198.75,184.74,62.613,75.361
203.77,184.11,62.827,77.537
210.63,184.22,63.755,78.867
216.8,184.63,64.824,81.092
223.15,184.09,65.454,84.034
229.64,183.38,66.586,86.523
242.92,180.51,67.208,90.495
250.49,178.67,68.545,92.989
264.09,175.82,69.679,95.114
270.33,176.01,71.398,95.768
284.3,177.12,72.364,96.022
293.29,176.64,72.928,95.83
300.94,172.03,72.475,96.214
306.32,164.39,71.613,98.152
309.33,157.31,70.943,99.818
311.67,149.36,70.035,101.42
313.68,139.93,68.02,103.26
314.25,131.93,68.286,104.58
308.45,118.3,73.522,102.7
299.49,110.3,79.022,101.79
287.17,105.6,84.029,100.08
272.76,99.331,88.886,98.163
257.54,91.438,92.128,94.784
242.41,89.892,96.578,91.74
228.71,92.428,101.46,87.29
219.09,94.258,104.31,83.735
211.11,92.855,106.28,80.9
205.11,90.443,107,79.182
199.13,90.941,107.52,77.433
195.25,90.744,107.55,76.391
188.66,87.945,111.38,72.356
184.55,85.996,111.85,69.011
179.22,82.765,111.38,66.264
174.45,80.572,108.79,64.164
169.24,79.138,106.06,62.25
165.21,80.751,103,60.374
161.89,82.591,99.699,59.06
160.66,83.17,97.427,57.794
158.6,80.259,95.415,56.825
158.49,80.608,92.623,56.047
158.92,83.087,89.314,54.482
159.57,84.525,85.982,53.143
161.07,83.8,82.929,51.805
162.69,83.012,79.706,50.378
165.61,81.854,76.835,49.031
168.67,81.28,74.137,48.653
174.07,80.8,72.884,48.437
179.08,82.4,71.702,47.912
183.93,87.033,70.808,46.231
186.06,90.048,69.873,45.002
187.83,90.861,68.665,44.706
188.04,90.627,67.903,44.492
189.42,90.758,66.689,44.319
190.66,89.746,66.025,44.255
191.37,88.757,65.282,44.222
191.4,87.285,64.916,43.828
190.83,86.488,64.333,43.34
191.38,86.187,63.362,42.968
192.05,85.583,62.632,42.866
193.99,85.424,61.932,42.95
196.22,85.177,61.076,43.195
196.96,84.595,60.604,43.5
197.85,84.157,59.898,43.589
198.16,83.464,59.419,43.887
198.03,82.868,58.935,43.992
197.49,82.324,58.671,43.929
197.08,82.361,58.635,43.641
197.35,83.15,58.731,43.277
197.32,85.265,57.051,44.279
196.2,86.665,56.17,45.065
194.62,87.645,55.773,45.505
191.76,88.329,56.19,45.534
188.9,88.8,57.447,45.709
186.39,89.023,58.625,45.957
183.95,89.745,61.767,44.144
181.33,92.21,64.143,42.33
180.48,95.566,65.635,40.727
179.53,98.951,66.972,39.443
177.7,102.43,68.04,38.196
177.19,106.35,68.643,37.231
175.56,113.02,68.939,36.509
175.72,115.77,69.068,35.466
176.58,117.82,69.166,34.796
176.17,121.35,69.254,33.722
177.08,124.7,69.581,32.806
176.54,126.77,70.155,31.853
175.79,129.96,70.651,30.906
174.27,131.86,71.339,30.353
171.17,131.38,72.064,30.359
167.62,132.31,72.782,30.005
164.09,133.3,73.175,29.743
160.74,133.85,73.666,29.573
156.84,133.71,73.58,29.597
152.69,134.7,73.96,29.665
147.2,134.44,74.392,29.895
141.25,134,74.631,30.22
130.34,133.68,74.136,31.036
125.55,131.52,73.501,32.008
124.27,126.04,72.837,32.082
122.51,125.52,71.943,32.596
121.87,123.47,70.685,33.84
121.22,121.54,69.202,34.625
125.85,119.34,68.133,35.052
128.4,114.31,66.924,34.981
131.27,113.72,66.008,34.89
138.52,111.64,66.312,34.569
143.03,110.99,65.955,34.393
152.15,108.86,65.987,34.024
160.13,106.46,65.771,33.802
168.09,103.94,65.333,33.719
174.12,98.358,64.863,33.1
183.66,97.412,63.144,33.288
191.08,96.262,61.294,33.878
197.66,96.182,59.423,33.851
203.43,96.331,57.603,33.936
206.48,97.294,56.095,33.937
211.61,100.38,52.65,36.138
213.92,103.91,51.972,35.176
220.72,104.98,47.78,38.017
225.31,106.16,44.479,40.233
230.32,107.16,41.815,41.812
233.32,106.57,39.891,43.386
236.05,104.46,38.831,45.158
237.19,99.694,38.075,47.417
238.72,95.825,38.177,48.692
244.1,86.048,37.946,49.946
244.63,83.258,38.878,49.399
244.84,79.557,39.867,48.553
249.79,70.135,40.59,48.145
251.03,61.106,41.077,47.859
256.3,50.817,41.794,47.453
258.7,43.17,42.364,47.238
265.31,40.315,43.021,46.777
267.62,40.607,43.641,46.036
269.95,41.393,44.08,45.46
271.35,41.168,44.247,45.666
264.96,44.748,44.794,45.711
269.88,33.34,44.617,47.201
273.18,34.116,44.541,49.097
274.69,43.727,44.798,50.653
274.28,53.687,45.202,51.897
273.95,65.354,45.771,51.51
266.47,83.264,46.631,51.336
263.93,94.194,47.892,50.588
261.53,105.07,48.939,50.079
258.97,115.15,50.73,49.61
251.23,127.2,54.633,45.97
242.79,134.82,56.008,45.414
236.4,139.01,61.394,41.26
223.05,142.92,65.82,37.68
211.28,146.16,69.328,34.855
194.73,149.92,74.672,31.458
184.85,153.1,80.913,28.724
174.65,154.5,85.303,27.176
165.97,154.29,85.195,27.673
168.89,154.54,88.09,26.418
167.41,157.99,89.754,26.576
173.5,161.22,89.887,27.864
181.43,162.7,88.095,31.262
178.06,162.05,81.761,39.634
183.57,156.84,76.151,47.552
188.93,153.28,71.957,53.698
194.31,148.99,68.816,58.098
199.82,151.04,67.036,59.373
206.25,154.97,66.144,58.422
212.49,157.69,65.788,57.256
218.6,160.12,65.524,55.553
225.07,163.99,69.726,50.431
229.93,165.74,71.796,46.834
229.74,166.88,70.961,46.813
228.56,166.87,70.724,47.326
227.77,166.64,70.96,48.019
225.45,165.2,72.13,48.991
221.64,163.41,73.066,50.736
218.69,157.07,70.584,56.324
215.39,150.41,67.337,62.322
211.42,144.02,63.796,68.999
208.62,138.66,60.71,74.476
204.59,134.66,57.633,79.436
200.36,133.1,55.362,82.315
196.06,132.6,53.665,84.488
189.7,133.99,52.903,85.356
183.3,137.81,53.224,85.371
179.07,142.74,52.927,85.323
173.24,149.43,53.875,83.754
168.58,154.83,55.704,82.371
165.59,159.36,56.748,81.671
164.74,165.62,57.093,81.347
165.64,172.23,57.388,81.492
165.26,178.28,59.172,79.672
166.39,182.25,59.554,79.956
167.26,184.21,59.347,81.074
167.94,185.19,59.431,82.227
168.95,186.45,59.961,83.268
170.34,187.16,61.145,84.1
172.77,186.97,62.12,86
175.93,184.23,62.674,88.182
179.05,178.77,63.603,91.066
181.56,173.11,64.719,93.611
182.39,165.96,66.084,95.977
182.11,158.8,67.956,97.865
182.47,151.08,69.42,99.681
183.7,145.24,71.017,100.93
183.96,139.74,72.67,101.92
185.35,135.7,74.566,102.4
186.4,133.31,76.788,102.27
191.51,132.26,75.365,104.37
196.08,132.08,74.342,105.08
200.55,131.78,73.505,104.92
205.47,131.13,72.35,104.38
208.54,130.93,71.539,104.03
212.27,130.2,70.02,103.81
210.82,130.86,71.23,101.38
211.79,130.02,70.598,100.8
210.88,129.43,69.517,100.94
207.5,123.01,68.977,103.06
205.12,113.44,66.98,104.63
202.08,97.156,67.156,104.19
197.52,90.013,72.896,101.84
191.22,75.137,79.805,99.193
183.83,64.461,85.791,98.653
173.92,54.424,93.831,93.291
163.91,46.179,99.937,87.571
156.15,45.445,103.34,84.114
142.31,42.755,109.96,79.212
127.41,43.737,114.18,74.678
113.71,46.053,115.32,71.26
106,51.505,115.33,68.996
103.04,59.043,115.45,66.718
102.12,66.724,114.72,65.326
102.46,69.426,112.87,65.565
104.35,70.541,110.35,66.998
106.24,70.195,108.69,68.579
109.46,68.959,107.03,69.26
118.57,69.631,99.688,74.464
125.56,68.136,93.587,78.518
129.9,67.283,88.55,81.251
132,66.295,83.624,83.418
134.73,66.051,79.226,84.944
139,66.904,75.651,85.691
142.58,69.441,72.409,86.057
144.98,70.182,69.982,85.645
147.8,72.046,67.452,84.687
147.86,75.769,65.861,83.265
145.37,77.07,64.742,82.334
141.43,78.791,64.117,81.129
137.65,81.509,63.726,80.091
132.9,84.632,63.957,79.185
127.82,88.577,63.974,77.895
123.52,91.524,63.702,77.334
119.64,95.302,63.409,76.265
115.85,97.286,62.901,75.904
113.02,98.635,62.678,75.953
110.54,99.85,62.027,76.307
108.7,100.06,61.756,76.831
105.99,101.62,61.688,76.849
102.68,102.54,61.728,77.313
99.324,103.53,61.433,78.027
96.841,104.87,61.462,78.846
94.784,106.34,61.491,79.795
92.498,108.1,61.715,80.436
90.942,111.49,62.111,81.344
88.736,113.88,62.393,82.419
86.364,115.55,63.099,83.565
84.994,119.21,63.408,83.606
83.92,123,63.678,84.317
84.112,127.17,63.649,84.707
84.098,131.31,63.536,85.338
84.959,135,63.594,86.314
85.249,136.91,63.558,87.709
85.858,139.51,63.773,89.01
87.001,141.36,63.585,90.048
89.821,142.33,63.807,91.188
95.168,142.49,64.437,91.654
100.43,141.34,65.242,92.222
104.96,141.48,65.666,92.609
108.96,141.94,65.866,92.825
112.08,143.23,65.83,93.211
114.61,145.12,65.854,93.29
117.63,146.2,65.347,93.817
120.34,145.69,64.449,94.553
122.35,146.87,64.143,94.77
124.39,146.64,63.546,95.543
125.69,147.54,63.236,96.263
126.34,147.31,62.793,96.735
125.19,146.9,62.732,96.992
123.24,146.92,62.329,97.531
121,147.23,62.062,98.061
118.21,148.11,61.986,98.021
114.58,147.72,62.851,96.591
110.61,148.9,63.824,93.785
107.46,151.35,64.609,91.179
106.52,154.81,64.82,89.007
106.46,158.54,64.643,87.144
107.36,160.5,64.397,86.173
108.51,162.53,64.276,85.956
108.99,165.21,64.143,85.794
109.74,166.17,64.156,86.813
110.87,165.51,64.183,87.391
112.53,163.2,63.696,88.213
113.73,160.82,63.408,88.304
114.54,158.69,63.162,88.404
114.26,155.96,63.17,88.66
113.78,154.64,63.039,88.268
113.63,153.17,62.723,87.608
113.39,153.38,62.352,86.729
113.01,153.78,62.067,85.609
111.67,154.29,61.673,84.645
109.96,156.23,60.693,83.721
108.42,157.53,59.623,82.749
107.08,157.45,58.458,81.754
105.82,158.17,57.207,80.912
105.33,157.21,56.271,80.33
104.4,157.05,55.469,79.569
103.38,156.39,54.726,78.973
103.23,155.92,54.524,77.773
102.89,155.26,54.374,76.488
102.73,155.95,53.955,75.446
102.76,156.99,53.482,74.502
102.51,157.37,53.011,73.353
102.69,158.42,52.791,72.57
102.18,159.43,52.161,71.646
101.47,159.54,51.642,70.947
100.54,159.77,51.233,70.36
100.37,159.39,50.552,69.642
99.944,159.3,49.818,69.173
99.108,159,49.308,68.539
98.949,158.26,48.35,68.307
98.5,163.43,47.793,67.981
98.2,161.08,47.131,67.529
97.072,160,46.496,67.388
96.728,158.83,46.061,66.861
96.614,157.42,45.69,66.351
96.336,155.92,45.427,65.669
95.997,155.24,45.151,65.224
101.52,155.57,44.745,64.38
101.1,155.52,44.452,63.95
101.71,160.42,44.256,63.651
107.47,159.29,43.761,63.174
106.47,158.8,43.458,62.601
105.95,157.72,43.282,62.179
106.23,162.81,43.097,61.664
113.6,167.1,41.153,64.192
114.49,172.19,39.513,66.531
115.13,171.66,38.284,67.888
115.91,172.07,37.351,68.943
115.98,172.48,36.557,69.874
115.54,172.84,36.197,69.883
115.26,173.1,35.949,69.787
115.55,173.76,35.609,69.83
115.76,174.91,35.592,69.326
115.61,181.29,35.101,70.03
115.23,180.54,34.683,70.764
114.72,181.93,34.64,70.276
115.07,182.24,34.373,70.438
115.88,182.07,34.16,70.553
116.85,182,33.947,70.438
117.7,182.13,34.075,69.667
118.09,182.82,34.174,68.889
118.86,182.61,34.226,68.283
119.09,182.43,34.374,67.672
119.31,182.68,34.328,67.845
119.52,182.77,34.426,67.627
119.71,182.72,34.338,67.632
120.3,182.73,34.366,67.321
120.64,183.27,34.274,67.163
119.86,183.99,34.326,66.798
119.27,184.83,34.003,66.499
119.19,186.09,34.182,65.955
119.18,186.84,34.384,65.695
118.69,187.79,34.285,65.402
118.98,188.19,34.148,65.412
118.8,188.71,34.156,65.586
118.64,189.39,34.352,65.205
118.47,189.48,34.324,64.957
118.47,189.71,34.312,64.689
118.59,189.35,34.228,64.746
113.44,189.3,34.224,64.034
113.9,189.87,34.378,63.26
113.95,189.82,34.326,62.917
112.19,187.76,36.386,59.4
111.22,189.78,37.474,57.012
110.26,190.86,38.201,55.228
109.59,191.83,38.279,54.097
110.63,191.49,36.406,55.419
111.18,191.54,35.031,56.476
111.94,190.74,33.86,57.44
112.83,189.99,32.956,58.329
108.3,189.39,32.024,58.851
108.86,189.83,31.279,59.08
109.2,189.01,30.845,58.995
103.8,187.95,30.46,58.703
97.88,187.54,30.187,58.491
85.381,183.52,31.546,55.835
73.94,184.85,32.735,53.217
73.949,190.64,31.723,53.521
67.417,192.28,33.018,51.405
61.754,195.2,34.056,49.352
55.818,197.11,34.738,47.402
54.958,199.42,34.769,46.064
49.652,200.29,35.199,44.952
47.876,199.3,35.272,44.462
42.424,198.45,35.583,43.603
40.001,197.8,35.905,42.787
39.651,197.46,35.878,42.008
39.849,197.54,35.368,40.797
39.406,197.66,35.235,40.023
39.577,198.39,34.718,39.719
40.197,198.75,34.23,39.297
40.644,199.37,33.368,39.314
40.947,199.69,32.495,39.124
40.592,200.64,32.161,38.591
40.178,201.04,31.79,38.221
36.468,200.52,29.042,40.361
36.649,200.72,28.572,40.158
37.576,199.52,26.376,42.381
37.495,199.96,24.997,43.791
37.415,200.54,24.08,44.773
36.888,201.88,23.736,44.415
33.185,202.09,23.09,45.141
32.958,206.07,22.779,45.527
33.065,205.81,22.386,46.352
32.852,210.86,22.196,47.317
32.548,213.46,22.525,47.398
33.034,215.05,23.01,46.95
37.268,215.38,23.672,46.423
41.959,214.01,26.083,44.469
46.648,215.18,28.396,42.86
50.983,215.58,30.505,41.512
51.515,215.74,31.97,40.518
58.947,214.03,35.594,37.47
61.435,216,38.752,34.912
61.472,213.75,40.834,32.873
61.374,211.14,41.912,31.684
66.22,211.35,40.922,32.613
68.609,207.91,42.389,31.156
67.385,207.38,43.171,30.843
67.774,206.94,42.683,32.198
66.903,203.13,42.918,32.407
67.542,202.96,42.882,33.236
67.643,199.74,43.018,33.77
68.115,200.13,43.198,34.294
68.504,197.28,43.611,34.138
68.674,198.37,44.035,34.245
69.085,195.67,45.34,32.746
69.154,196.11,46.32,32.077
69.324,196.9,47.069,31.809
69.883,197.21,47.706,31.545
71.255,197.44,48.033,31.371
71.383,197.35,48.5,31.093
71.967,198.08,48.85,30.736
75.475,198.81,48.626,30.522
75.837,199.43,48.239,30.408
76.444,200.51,48.007,30.232
76.315,202.15,48.061,29.939
77.1,203.25,47.902,29.755
77.311,204.99,47.579,29.558
79.113,205.2,45.288,31.364
79.428,212.17,46.116,29.722
79.218,213.63,46.741,28.526
78.698,215.22,47.115,27.446
77.341,216.37,47.363,26.578
76.503,217.46,47.612,25.734
76.694,218.85,48.872,24.884
77.311,219.83,49.347,24.402
77.712,220.75,50.024,24.088
77.677,221.37,50.188,23.942
77.609,221.81,50.495,23.764
77.764,221.62,50.565,23.71
78.768,222.63,50.597,23.66
79.463,222.5,50.758,23.585
79.773,222.48,51.276,23.489
79.969,221.86,51.59,23.482
80.421,221.68,51.904,23.476
80.676,221.64,52.055,23.585
80.552,221.49,52.068,23.695
79.977,221.08,51.852,24.023
80.384,220.45,52.031,24.085
80.23,220.32,51.704,24.225
79.721,219.63,51.158,24.502
79.483,219.55,50.971,24.672
79.608,219.13,50.764,24.99
80.027,218.8,50.877,25.149
80.417,218.78,51.184,25.115
80.664,218.92,51.47,25.142
81.319,218.41,51.535,25.303
83.627,215.07,51.901,25.351
88.237,215.73,51.606,25.587
92.666,214.93,50.966,25.895
101.53,207.86,49.476,27.196
106.84,206,48.87,27.657
112.73,204.84,47.81,28.618
114.53,203.08,45.716,30.536
115.87,205.56,43.331,32.565
121.75,204,40.816,34.613
123.27,202.72,38.611,36.909
124.76,203.26,37.31,38.85
125.27,204.13,37.022,40.01
125.41,205.14,36.892,40.435
125.38,206.01,37.025,40.843
128.49,206.3,37.123,40.802
126.91,206.48,37.171,40.763
125.91,206.91,37.18,40.662
125.53,207.28,37.203,40.629
128.83,207.47,36.938,40.495
128.66,208,36.89,40.392
126.52,213.96,38.551,38.631
124.7,214.71,40.099,37.252
123.54,212.82,41.724,35.888
122.57,214.73,43.162,34.642
121.46,211.99,44.854,33.49
120.47,214.11,46.92,32.236
124.6,215.57,48.153,31.369
123.67,212.34,48.905,30.95
123.72,213.87,49.277,30.794
122.45,214.99,49.647,30.524
128.14,213.61,47.833,31.709
129.42,212.32,45.762,32.986
125.23,206.03,43.21,34.785
114.56,205.05,41.098,35.945
93.636,204.58,39.56,36.659
104.78,187.89,37.28,39.182
