174,87,91,41
172.67,90.989,91.725,40.388
170.14,95.551,92.214,40.235
168.44,99.59,93.578,39.874
166,102.66,94.167,40.11
164.41,106.64,95.037,40.199
163.54,109.87,96.251,40.458
157.09,110.25,97.742,40.793
156.9,110.25,99.293,41.588
154.07,109.91,100.72,42.279
152.16,109.03,101.72,42.941
145.47,108.38,103,43.298
146.65,107.33,103.88,44.171
144.24,106.87,104.59,44.847
142.64,105.77,105.9,45.765
141.12,105.15,107.27,46.082
140.64,103.79,108.51,46.777
138.1,102.9,109.42,47.076
135.64,102.33,110.51,46.932
133.49,102.51,111.08,47.231
132.17,102.69,110.53,47.537
131.98,103.42,110.4,47.779
130.7,103.29,110.76,48.047
131.4,103.13,111.53,48.246
131.5,102.47,111.85,48.938
133.98,102.2,112.45,49.642
137.19,101.75,112.43,50.118
140.43,101.39,112.11,50.633
140.89,100.84,111.63,51.065
141.27,101.04,111.29,51.408
142.55,100.48,110.73,51.286
144.16,100.08,110.37,50.866
142.13,100.34,109.83,50.147
140.11,101.64,109.25,49.403
137.65,102.37,109.62,48.665
137.37,103.71,109.94,48.078
138.91,103.11,109.61,47.81
141.25,102.78,109.7,47.472
143.43,102.84,108.67,47.438
145.15,103.28,107.64,47.55
146.3,103.37,106.94,47.618
147.51,102.78,106.19,47.62
149.84,101.66,104.85,47.658
152.23,102.31,104.73,47.297
156.34,102.06,104.04,47.211
158.72,101.67,102.33,47.308
160.78,101.56,100.71,47.387
163.26,100.76,99.223,47.286
164.41,99.804,98.323,47.223
165.89,99.095,97.628,47.381
167.4,98.34,96.916,47.445
169.9,97.715,95.631,47.681
173.32,97.593,94.096,47.517
176.41,97.157,92.229,47.732
181.1,96.552,90.301,48.014
185.31,95.57,88.413,48.448
189.55,95.136,87.5,48.335
192,94.666,86.587,47.968
193.21,94.357,85.928,47.796
196.01,93.977,85.005,47.411
199.92,94.009,84.125,47.38
202.23,94.429,83.304,47.127
205.71,94.02,81.972,47.399
208.74,93.424,81.672,47.204
210.57,92.652,80.379,46.994
212.32,92.239,79.917,46.941
214.22,92.144,79.414,47.117
215.72,92.394,78.573,47.144
217.22,92.236,78.062,47.073
217.98,91.634,77.944,46.783
218.1,91.878,77.41,46.856
217.65,92.29,77.322,46.62
217.17,92.068,77.02,46.777
217.48,92.665,77.117,46.928
216.9,92.417,76.922,47.268
217.14,91.839,76.688,47.576
217.73,92.151,76.745,47.687
217.29,91.853,76.574,48.108
218.05,91.29,76.695,47.994
218.66,91.614,77.214,47.589
219.17,92.245,77.576,47.107
219.19,93.415,77.522,46.845
220.32,94.614,77.946,46.762
219.83,94.733,78.308,46.747
219.52,94.401,78.557,46.891
220.16,94.192,78.802,46.867
219.25,94.275,78.948,46.935
218.77,93.933,79.14,46.751
218.21,93.868,78.891,46.685
217.61,93.411,78.913,46.562
215.7,93.066,78.938,46.076
215.62,93.3,78.845,45.643
215.67,93.425,78.583,45.286
215.17,93.697,78.622,44.868
215.11,93.689,78.761,44.672
215.77,93.817,78.627,44.316
216.43,94.325,77.892,44.146
216.85,94.355,77.41,43.91
216.87,94.608,77,43.888
216.62,94.502,76.654,43.79
216.18,93.976,76.517,43.801
216.03,93.876,76.284,43.527
215.73,93.852,75.683,43.425
216.04,93.821,74.787,43.289
216.39,94.073,73.807,43.32
215.58,93.615,72.493,43.627
216.1,93.787,71.446,44.014
217.27,94.426,70.808,43.901
217.8,94.946,70.18,43.726
218.06,95.556,70.056,43.205
218.2,96.287,69.534,42.898
219.18,97.69,68.965,42.617
219.5,99.6,68.383,42.053
220.25,100.99,68.501,41.17
223.97,95.828,63.93,44.216
226.39,93.362,60.823,46.73
228,90.686,58.918,48.608
230.28,90.301,57.547,50.013
233.08,88.454,56.468,50.66
233.9,86.891,55.91,50.867
237.55,86.457,55.359,51.389
239.15,86.079,55.077,51.889
240.62,86.61,54.809,52.644
241.33,86.588,54.256,52.874
242.95,86.828,53.873,53.258
242.99,87.528,53.584,54.038
243.36,87.306,53.507,54.938
242.8,87.59,53.679,54.982
242.67,87.195,53.807,54.782
243.24,87.283,53.927,55.033
243.34,86.611,54.21,55.159
242.63,86.117,54.249,54.827
242.23,86.214,54.47,54.662
241.62,86.958,54.485,54.278
241.66,87.305,54.622,53.853
241.87,88.354,54.626,53.852
240.84,88.869,54.61,53.732
240.8,89.275,54.232,53.764
241.45,89.372,53.903,54.107
241.97,89.087,53.914,54.025
241.87,88.616,53.539,54.329
241.92,88.164,53.738,54.531
241.68,88.169,54.177,54.375
241.22,87.594,54.782,53.922
240.61,87.081,55.039,53.68
239.83,87.617,55.025,54.344
239.88,88.088,55.212,54.715
241.03,88.883,56.23,54.444
240.57,88.45,56.829,54.456
240.55,88.042,57.429,54.94
240.65,87.749,58.292,54.852
239.54,87.742,59.2,54.563
239.24,87.798,60.349,54.5
238.82,87.8,61.558,54.314
237.74,88.181,62.665,54.147
237.17,88.731,63.641,54.054
236.71,89.13,64.627,53.672
235.4,88.7,65.861,53.401
235.69,88.284,67.156,52.846
231.24,88.964,71.134,50.268
229.56,89.277,74.963,48.166
228.52,89.637,78.418,46.899
228.85,89.966,81.128,46.084
228.57,90.957,83.471,45.529
227.56,92.014,85.116,45.225
227.12,92.557,86.809,45.084
226.03,93.265,87.998,45.029
226.01,93.645,89.099,45.172
226.07,93.468,90.911,45.514
226.56,93.201,92.159,45.765
225.37,93.728,93.015,45.664
224.72,94.137,95.036,46.038
224.14,94.469,96.265,46.198
222.82,94.656,97.122,46.351
221.97,94.791,98.237,46.711
220.4,94.686,99.656,46.884
220.59,94.91,101.22,46.742
219.15,95.221,102.01,46.957
218.37,95.133,103.28,47.078
218.81,94.201,104.02,47.287
219.4,94.09,104.04,47.197
219.22,94.411,103.66,47.682
218.34,94.567,103.62,47.771
218.78,94.647,103.63,47.83
218.44,94.085,103.61,48.029
219.83,94.306,103.55,48.15
218.3,94.452,103.64,48.347
218.95,94.863,103.83,48.386
218.46,94.724,103.74,48.447
218.51,95.081,103.94,48.391
218.98,95.075,104.23,48.065
217.7,95.171,104.65,47.991
217.52,95.203,105.02,47.698
217.31,95.02,105.5,47.549
216.32,94.864,105.89,47.516
216.16,95.234,106.95,47.097
215.16,95.299,108.28,46.785
215.28,94.841,109.58,46.531
214.93,94.904,110.16,46.518
214.51,94.701,110.53,46.722
215.01,94.656,110.61,46.887
214.7,94.754,110.56,47.22
215.83,94.719,110.51,47.166
215.49,94.83,110.13,47.221
215.35,95.211,110.21,47.296
214.72,95.459,110.67,47.026
214.53,95.756,110.84,46.946
214.6,95.017,111.21,46.715
213.93,95.221,112.13,46.835
214.91,94.688,112.73,46.855
214.29,94.345,113.72,46.635
214.08,93.935,114.63,46.874
214.17,94.169,114.91,47.131
213.47,94,115.58,47.218
212.82,93.514,116.33,47.23
214.04,93.235,116.62,47.57
213.12,92.474,117.11,47.55
213.32,92.808,117.22,47.772
214.75,92.844,117.17,47.749
214.5,92.427,117.16,47.446
214.28,91.842,117.03,46.988
214.54,91.137,116.88,46.584
216.22,92.085,116.19,46.367
217.71,92.416,115.16,46.319
214.43,92.798,115.12,45.756
216.7,92.747,114.73,46.072
218.27,92.651,113.86,46.238
218.84,92.811,112.73,46.353
218.85,92.999,111.85,46.269
218.77,92.744,111.13,46.282
219.32,92.81,111.03,46.517
219.17,92.508,110.72,46.595
218.68,92.589,110.76,46.62
219.45,92.851,111.21,46.647
218.23,92.382,111.56,46.857
218.59,92.557,112.5,46.866
218.23,92.814,112.75,47.042
216.73,92.797,113.58,47.308
215.26,92.953,115.23,47.197
214.54,92.199,115.64,47.027
216.43,92.279,115.55,46.742
217.56,92.657,114.95,46.953
217.67,91.796,114.49,46.915
217.94,91.815,114.42,46.417
218.3,91.883,113.58,46.222
218.46,92.303,113.35,45.831
218.02,92.143,112.79,45.829
220.26,92.835,112.37,45.794
220.25,92.736,112.09,45.987
220.39,92.953,112.02,46.205
220.46,92.636,111.92,46.249
220.57,92.379,112.04,46.277
219.05,92.299,112.48,46.408
219.79,92.719,112.12,46.65
219.13,91.897,112.2,46.925
219.33,92.504,112.01,47.292
219.95,92.21,112.21,47.472
219.53,92.275,112.28,47.612
219.16,91.056,112.29,47.729
220.13,90.992,111.94,48.049
220.23,91.21,111.25,48.195
219.96,90.998,110.97,48.509
219.85,90.842,110.73,48.899
219.63,90.665,110.43,49.177
219.27,90.958,110.33,49.114
220.24,90.653,110.25,48.966
219.95,89.997,110.52,48.903
218.54,90.166,111.15,48.514
217.81,90.157,111.87,48.351
217.59,90.45,111.98,48.437
216.85,89.794,112.9,48.625
215.88,88.874,113.84,48.524
213.38,89.14,114.98,48.587
212.18,88.51,116.38,48.701
211.33,87.966,117.85,48.977
210.17,87.346,119.89,48.873
210.44,87.131,121.45,48.754
209.48,87.119,122.32,49.001
209.12,86.814,122.99,49.349
208.86,86.186,123.36,49.572
207.54,85.993,123.4,49.963
206.85,85.878,124.1,49.978
206.8,85.779,124.9,50.214
205.64,85.513,125.36,50.464
205.92,85.564,126.19,50.609
205.25,84.812,127.05,51.07
204.2,84.528,127.38,51.309
203.72,84.813,127.94,51.347
205.24,84.661,128.25,51.592
204.49,84.499,128.56,51.827
204.7,84.208,128.73,52.161
204.3,84.076,129.1,52.513
204.83,83.928,129.56,52.868
203.82,84.237,129.9,52.898
204.15,84.163,129.66,52.85
204.83,84.414,129.75,53.088
204.98,84.527,129.4,52.916
204.43,84.814,129.25,52.904
205.05,84.592,129.05,52.748
205.18,84.267,128.85,52.788
206.12,84.386,128.56,53.079
207.07,84.571,128.32,53.28
207.64,84.707,128.37,53.239
207.74,84.681,128.51,53.22
208.21,84.643,128.38,53.133
208.66,84.795,128.35,53.069
209.58,84.828,128.1,53.055
209.11,85.049,127.64,52.975
208.55,84.984,127.74,52.926
209.95,85.639,127.64,52.979
209.28,85.15,127.43,52.958
209.18,84.744,127.86,53.102
208.72,84.561,127.92,53.106
208.17,84.511,128.04,53.02
208.16,84.132,127.7,53.038
208.34,84.278,127.42,53.072
208.05,83.988,127.2,53.064
208.3,84.022,127.25,52.917
208.37,83.931,127.46,52.97
207.34,84.152,126.83,53.05
207.94,84.389,127,53
206.42,84.759,126.55,53.243
204.07,85.019,126.64,53.405
204.69,84.59,127.03,53.184
203.27,84.055,126.64,53.249
204.46,84.596,126.31,53.229
202.37,84.639,125.98,53.198
203.77,84.09,126.24,52.984
204.07,84.52,126.34,52.96
202.55,85.04,126.2,52.907
203.46,84.545,126.13,52.625
202.06,84.513,126.25,52.882
202.04,84.581,125.74,52.948
202.33,84.76,125.04,52.967
202.17,84.573,124.73,52.893
202.24,84.728,124.67,52.722
202.44,84.999,124.3,52.523
202.5,84.696,124.33,52.264
202.19,84.807,124.41,52.107
202.03,84.683,124.39,51.822
202.49,84.991,123.89,52.041
202.15,84.725,123.82,52.132
203.41,84.98,123.58,52.323
203.23,84.393,123.94,52.443
204.22,84.466,123.43,52.582
205.43,85.015,121.95,52.508
205.63,85.475,120.68,52.694
205.93,85.002,120.12,52.898
207.26,84.996,119.55,52.897
205.78,85.046,119.55,52.94
205.98,84.743,119.38,52.939
206.39,84.333,119.2,52.879
206.72,84.205,119.26,52.619
206.78,83.983,119.14,52.225
205.38,84.55,119.05,52.126
205.41,84.856,119.02,51.869
205.4,85.161,119.51,51.398
204.05,85.774,119.31,51.114
204.14,86.12,119.31,50.754
203.82,86.015,119.05,50.627
203.56,85.727,118.76,50.318
204.06,85.985,118.57,50.143
203.43,86.011,118.19,50.089
202.66,86.319,118.24,50.092
202.2,86.553,118.65,49.981
202.28,86.736,118.6,50.227
201.61,87.281,118.72,50.356
202.59,87.174,118.51,50.253
202.6,86.88,118.12,50.227
201.76,87.115,117.77,50.459
201.34,87.686,117.26,50.347
201.72,87.582,117.5,49.991
200.79,87.322,117.78,49.908
200.34,87.242,117.6,49.71
200.5,87.322,117.14,49.511
200.69,87.165,116.96,49.357
201.04,87.43,116.21,49.388
200.74,87.396,116.5,49.447
200.73,87.295,116.23,49.657
200.76,87.269,116.18,49.709
201.82,87.306,116.12,49.855
200.91,86.835,115.7,49.926
202.08,86.536,114.53,50.111
202.64,86.395,113.56,50.311
201.64,86.38,113.12,50.232
202.18,86.183,112.52,50.324
203.61,85.987,112.34,50.668
203.13,86.016,112.74,51.029
201.14,85.412,113.09,50.928
202.44,85.298,113.04,51.168
203.21,85.587,113.41,51.48
201.29,85.734,114.3,51.666
199.06,85.368,114.53,51.597
198.8,85.543,114.68,51.595
197.77,85.982,115.36,51.422
196.96,85.321,115.53,51.4
196.42,85.993,116.37,51.325
196.37,85.992,116.57,51.382
194.44,85.665,116.82,51.273
195.1,85.854,117.18,51.535
194.91,85.808,117.88,51.628
195.44,86.079,118.44,51.473
194.71,86.216,119.14,51.206
194.37,86.236,119.2,51.289
193.74,86.338,119.39,51.448
193.4,86.238,119.01,51.801
192.97,86.013,118.92,52.101
192.2,86.169,119.39,52.23
192.17,86.446,119.47,52.491
191.79,86.503,119.5,52.727
192.14,86.325,119.16,52.874
192.27,86.355,118.94,52.92
192.05,86.51,118.8,52.585
192.22,86.672,118.84,52.39
191.73,86.415,118.86,52.091
192.19,86.5,118.85,51.905
192.57,86.256,118.58,51.937
192.37,85.775,118.5,51.981
191.81,85.633,118.85,52.011
191.1,85.379,119.2,52.123
191.35,85.221,119.88,52.233
191.35,84.96,120.59,52.227
191.02,84.011,120.65,52.502
192.39,83.886,121.48,52.624
192.15,83.314,121.92,52.821
191.36,82.901,122.62,53.051
190.11,82.694,123.3,53.125
189.37,83.136,124.25,53.335
188.47,82.639,124.96,53.8
189.05,82.318,125.5,54.374
188.27,81.72,126.07,54.913
187.08,81.027,126.87,55.283
186.66,80.552,127.79,55.797
187.65,80.627,129.01,56.587
186.79,80.806,129.65,56.741
185.1,80.853,130.54,56.964
183.8,80.003,131.83,57.556
182.93,79.079,133.01,58.256
183.24,78.492,134.11,58.819
182.89,78.658,135.11,59.112
183.04,78.063,136.01,59.43
183.09,77.773,136.67,59.878
184.03,76.947,137.08,60.554
183.1,76.293,137.59,61.264
183.67,75.925,138.04,62.223
182.17,74.808,139.18,62.715
180.93,73.638,140.02,63.67
181.28,73.211,140.7,64.552
181.46,72.343,142,65.484
180.83,71.527,143.45,66.245
179.74,72.028,144.08,66.406
177.79,72.423,144.48,66.453
175.29,72.738,144.51,66.286
172.53,73.871,145.63,65.959
170.32,74.251,146.72,65.409
167.91,74.914,148.61,64.891
165.78,75.836,149.95,64.511
163.75,75.957,151.57,64.056
162.03,76.556,152.92,63.986
160.55,76.07,154.57,64.265
158.78,75.907,156.3,64.57
157.21,76.129,157.77,64.723
157.36,76.539,158.51,64.923
157.21,76.626,159.56,65.083
157.89,76.473,160.1,65.178
157.87,76.255,160.68,65.159
158.63,76.516,160.87,64.857
158.26,76.623,161.48,64.693
158.08,77.04,162.24,64.522
156.9,76.988,162.68,64.582
155.9,77.192,162.76,64.686
156.7,76.991,162.83,64.86
155.89,76.85,163.02,64.938
156.07,76.661,163.84,64.71
155.5,76.621,164.51,64.905
154.96,77.055,164.96,65.034
154.52,76.659,165.12,65.024
154.31,76.448,165.69,64.898
154.76,76.534,165.29,65.024
154.96,75.996,165.6,65.172
154.68,76.275,166.25,65.439
154.67,76.64,166.77,65.687
155.64,77.309,167.26,65.801
156.55,77.579,167.46,65.794
156.74,77.741,167.56,65.831
156.47,77.834,167.43,65.858
156.29,77.233,167.66,66.045
155.4,77.698,168.26,66.116
155.36,77.355,168.41,66.269
154.81,78.795,169.19,66.288
153.9,78.868,169.01,66.724
152.15,79.215,169.94,67.081
151.13,79.428,170.83,67.61
150.93,80.116,171.69,68.082
149.74,80.223,172.33,68.245
147.77,80.236,173.39,68.482
147.47,80.768,174.47,68.998
146.44,81.171,175.41,69.258
144.88,81.718,176.38,69.032
143.15,82.492,177.32,68.867
153.49,82.303,176.47,68.937
148.64,81.581,177.26,69.004
145.42,80.912,178.31,68.898
143.45,80.513,179.35,68.702
141.95,80.884,179.77,68.823
155.32,66.057,177.14,71.066
154.08,66.258,176.73,72.251
153.35,66.344,176.55,73.787
152.53,66.9,176.67,74.179
151.91,67.174,176.62,74.496
151.08,66.441,176.96,75.557
152.67,65.971,177.06,76.365
152.92,66.564,177.72,76.714
151.16,67.181,177.49,77.028
150.54,67.685,177.51,77.173
150.4,69.222,177.71,77.001
149.39,70.308,178.23,76.87
149.29,70.5,178.75,76.746
148.9,70.209,179.19,76.592
148.85,70.098,179.3,76.327
151.06,69.879,178.74,76.438
150.51,69.911,178.05,76.203
150.84,69.974,178.5,76.026
150.18,71.133,178.51,76.222
151,71.28,179.1,75.903
149.54,72.965,179.07,75.369
147.28,73.605,180.22,74.836
154.03,73.193,180.59,74.727
147.78,72.86,181.57,74.893
154.65,72.688,181.39,75.141
147.19,72.51,182.6,74.991
152.98,72.767,182.61,75.079
147.68,71.786,183.34,75.139
144.7,72.751,184.48,74.962
151.53,72.928,185.19,74.939
146.47,73.351,185.86,74.845
152.81,74.078,185.41,75.048
146.17,73.756,185.66,75.052
152.97,74.778,184.99,75.28
146.83,74.343,185.7,75.398
143.95,75.296,187.04,75.189
150.88,74.808,187.01,75.636
146,75.247,187.26,75.483
142.77,76.053,188.86,75.32
140.74,76.742,190.42,74.77
148.64,76.741,190.13,74.698
145.77,76.922,190.03,74.326
144.21,77.535,190.22,73.971
143.62,78.661,190.99,73.27
144.17,79.499,191.35,72.716
143.3,80.418,191.7,72.115
142.44,81.311,191.55,71.55
142.08,81.616,192.68,70.765
142.66,81.857,192.4,70.2
151.3,81.043,192.04,70.237
148.02,81.215,191.25,70.214
147.04,82.098,190.93,70.053
154.31,81.137,189.57,69.915
150.79,81.739,189,69.975
150.09,82.215,188.43,69.578
157.85,81.86,187.58,69.707
153.48,80.971,187.13,69.54
153.39,81.228,186.26,69.776
153.41,81.205,185.74,69.866
151.71,81.129,185.36,69.288
151.03,80.443,185.03,69.204
151.35,80.508,184.77,69.014
150.07,80.333,184.55,68.681
149.9,80.397,184.92,68.323
148.48,80.207,185.49,68.189
147.5,80.792,185.63,68.198
162.17,65.192,182.35,70.798
160.1,65.786,180.55,72.367
159.72,67.955,180.38,72.754
159.05,69.558,180.46,73.105
158.92,71.893,180.46,72.607
159.11,74.207,181.08,71.803
158.9,76.181,182.41,71.244
156.82,77.614,182.8,70.69
154.36,78.355,183.64,70.381
153.98,77.909,183.89,70.11
153.2,78.235,184.58,69.957
163.25,77.442,183.69,70.17
158.57,77.215,184.22,69.709
156.82,77.891,184.14,69.603
165.49,76.544,183.42,69.84
161.17,75.607,182.72,69.865
161.53,75.532,182.8,69.404
162.47,75.342,182.73,69.098
162,75.563,183.19,68.96
161.33,75.969,183.57,68.83
161.62,75.897,183.64,68.651
161.64,75.713,183.78,68.464
160.25,75.803,183.63,68.529
158.99,76.085,183.85,68.306
158.81,76.681,184.02,68.13
158.68,77.545,184.35,68.037
156.64,78.372,185.25,67.944
155.67,79.129,185.82,67.769
155.52,80.113,185.6,67.739
155.4,80.835,184.64,67.695
154.14,81.221,184.14,67.594
153.85,82.095,183.39,67.639
153.6,83.255,183.22,67.574
163.36,82.763,182.11,68.031
161.26,83.454,182.48,67.682
160.8,84.338,182.07,67.395
159.28,84.737,181.32,67.432
158.23,84.974,181.69,67.04
157.35,85.298,181.97,66.73
166.62,84.841,180.17,67.018
161.35,84.751,180.52,67.143
159.17,84.796,180.47,67.059
157.29,85.21,180.96,66.925
166.94,85.343,179.86,67.051
161.73,84.844,179.32,67.305
158.76,85.434,180.5,66.806
156.97,85.441,180.41,66.751
155.63,85.753,180.85,66.371
154.68,85.6,181.01,66.099
154.41,85.415,181.18,66.011
154.73,85.226,180.89,66.155
154.16,85.159,181.27,65.89
154.22,84.917,181.15,65.955
154.3,85.158,180.75,65.826
154.29,85.011,180.37,65.698
155.04,85.163,179.56,65.616
155.18,85.035,179.49,65.275
154.94,85.173,179.29,65.182
155.09,85.072,178.93,64.962
167.76,83.666,176.47,65.669
163.96,83.068,174.91,66.099
162.62,82.571,175.59,65.444
162.55,82.184,175.78,65.083
162.81,81.855,175.64,64.885
163.06,81.487,175.47,64.617
163.56,80.871,175.13,64.53
163.93,80.669,175.18,64.692
164.21,80.271,174.87,65.181
163.99,79.928,174.49,65.523
163.76,79.815,174.48,65.3
163.48,79.83,175.03,65.469
162.37,80.244,175.9,65.284
161.18,80.461,175.92,65.393
159.55,80.621,176.01,65.445
159.01,80.712,175.78,65.239
158.78,81.163,175.65,65.239
157.62,80.697,175.06,65.177
156.2,81.193,175.25,64.969
155.49,81.348,175.16,64.72
155.36,81.444,175,64.526
167.48,81.291,173.09,65.072
164.59,80.975,173.04,65.218
162.27,81.623,173.89,65.025
160.57,81.783,173.38,64.942
159.56,81.659,172.74,64.802
157.78,81.899,173.12,64.367
168.21,81.802,171.11,64.604
164.32,82.019,171.29,64.47
162.56,81.535,171.59,64.465
161.01,81.307,171.49,64.402
158.92,81.406,172.01,64.188
157.05,81.562,172.53,64.058
169.45,81.08,170.95,64.515
165.45,80.506,170.87,64.269
164.58,80.517,170.67,64.007
162.98,80.159,170.43,63.946
161.6,80.15,170.6,63.785
160.59,80.374,170.96,63.446
159.74,80.522,171.31,63.281
158.92,80.736,171.95,62.975
157.91,80.571,172.6,62.624
170.68,79.988,170.35,62.938
167.24,78.595,169.61,63.049
166.92,78.633,169.87,63.128
166.37,78.693,170.55,63.064
165.49,77.995,171.18,63.146
165.41,78.251,171.75,63.191
165.78,78.175,171.78,63.388
165.27,77.893,171.23,63.496
165.35,77.541,171.21,63.462
165.84,77.504,171.7,63.235
165.88,77.727,171.92,63.094
166.02,77.785,172.09,63.01
166.34,77.692,172.41,63.038
166.64,77.615,172.31,62.874
165.71,77.811,172.54,62.85
165.26,77.888,173.25,62.614
165.14,77.869,173.72,62.509
164.99,78.159,173.89,62.331
164.65,78.028,174.36,62.784
163.98,77.768,174.66,63.263
163.39,77.74,174.97,63.794
162.52,77.888,175.47,64.323
162.34,78.021,175.85,64.422
161.44,78.581,176.12,64.643
160.72,79.788,176.86,64.53
159.79,79.86,177.6,64.362
159.54,79.733,177.96,64.472
159.08,79.862,178.33,64.499
158.8,79.949,178.69,64.585
157.73,80.172,179.2,64.982
157.11,80.102,179,65.15
156.95,80.651,178.63,65.366
156.34,81.158,178.41,65.673
154.11,81.241,179.17,65.623
154.87,81.363,179.4,65.85
166.04,81.539,177.68,66.398
162.85,81.938,177.77,66.624
161.36,82.591,178.1,66.666
161.17,83.385,178.15,66.759
161.37,83.924,177.86,66.918
161.57,84.486,177.28,67.13
161.58,84.506,176.57,67.108
160.93,85.329,176.65,67.11
160.03,85.547,176.26,66.75
161.66,71.989,176.67,67.409
163.8,72.793,176.88,68.008
163.82,73.737,176.7,68.226
163.42,74.523,176.14,68.48
164.17,74.588,176.01,69.176
163.53,75.098,176.23,69.335
163.69,75.662,176.08,69.495
164.17,76.176,175.84,69.587
164.1,76.433,175.25,69.797
164.2,76.823,174.39,69.812
165.02,76.849,174,69.699
165.13,77.329,173.53,69.741
166.86,77.164,172.67,69.646
166.84,76.708,172.57,69.63
167.25,76.338,172.68,69.513
167,75.921,172.76,69.361
167.99,74.742,173.05,69.28
170.04,73.451,172.08,69.402
171.52,72.64,170.8,69.741
172.69,71.477,169.54,69.743
172.99,70.561,168.65,69.758
173.91,69.467,168.04,70.056
174.96,69.348,168.03,70.329
175.68,68.406,167.6,70.988
175.98,68.079,166.85,71.474
176.38,67.58,166.45,71.75
175.6,67.559,167.61,71.638
175.67,66.982,168.54,71.48
174.73,67.093,168.73,71.551
173.58,66.644,168.67,71.592
174.71,66.032,168.08,71.75
175.04,65.11,167.33,72.328
175.49,64.236,166.61,72.673
175.76,63.11,165.77,72.856
177.43,62.064,164.14,73.202
179.01,61.681,162.44,73.968
180.94,61.81,160.43,74.735
182.93,61.222,158.48,74.966
184.39,60.997,157.1,75.314
185.77,60.659,155.64,75.614
188.59,61.417,154.05,76.036
190.61,62.199,152.52,75.899
191.23,62.552,151.49,75.304
193.49,62.326,150.02,74.605
193.96,62.227,148.95,73.695
194.88,61.377,147.82,73.219
195.28,61.261,146.67,72.671
196,61.017,146.16,72.783
196.83,61.305,145.82,72.794
197.01,61.043,145.35,72.262
197.48,61.457,145.03,72.134
197.99,61.585,144.78,71.642
197.42,61.814,144.59,71.249
196.88,61.667,144.33,70.973
196.83,60.824,144.16,70.876
197.39,60.019,144.4,71.463
197.06,60.01,144.77,71.296
197.72,60.075,145.3,71.368
198.41,59.662,145.87,71.117
199.29,59.95,146.27,71.319
198.91,60.283,146.56,70.978
199.16,59.978,146.82,70.999
198.29,60.238,147.2,70.976
196.39,60.199,148.98,70.783
195.28,60.21,150,70.712
194.59,60.054,150.71,70.884
194.74,60.261,151.49,71.022
195,59.975,152.17,70.779
194.06,59.53,152.46,70.806
192.99,58.424,152.93,70.642
195.63,57.241,153.4,70.69
196.21,57,153.19,70.505
196.16,56.897,152.65,70.688
197.71,56.835,152.17,70.56
199.24,56.834,151.52,70.644
199.59,56.907,151.11,70.795
200.67,56.682,150.6,70.902
202.05,56.68,150.13,71.002
202.61,56.477,149.69,70.914
202.38,56.345,149.54,71.113
202.43,56.057,149.03,71.233
203.25,55.63,149.25,70.958
202.78,55.243,149.74,71.274
203.48,55.142,150,71.164
203.36,55.132,150.15,71.045
203.22,54.862,150.25,71.067
203,54.971,150.87,71.502
202.62,54.703,150.97,70.923
201.81,54.731,151.26,70.875
202.45,54.8,151.48,70.946
202.33,54.991,151.67,70.936
202.38,54.932,151.55,70.766
202.83,55.208,151.44,70.766
202.29,54.865,151.45,70.6
202.24,55.625,151.17,70.45
203.95,56.328,150.7,70.092
202.84,55.982,150.31,70.191
202.93,55.998,150.38,70.105
202.77,55.888,150.36,70.1
202.49,55.593,150.54,70.153
202.69,55.778,150.54,70.12
203.18,56.087,150.61,70.173
201.88,55.655,149.95,70.046
202.56,55.956,150.05,69.947
203.38,56.322,150.66,70.374
202.86,56.211,150.47,70.463
201.19,56.737,150.59,70.176
201.13,57.179,151.05,69.753
200.74,57.451,151.62,68.994
199.87,57.843,151.74,68.517
200.45,57.45,151.83,68.203
200.46,57.547,151.97,68.091
199.95,57.813,152.17,67.985
199.89,58.121,152.07,68.029
200.47,58.042,152.03,67.776
201.34,58.244,152.11,67.655
200.07,57.906,152.17,67.791
200.42,58.214,152.43,67.663
199.22,58.024,152.6,67.713
199.28,58.684,152.73,67.507
198.81,58.993,153.1,67.034
198.6,59.138,152.94,66.71
198.01,59.339,153.02,66.379
198.49,59.943,152.61,66.037
198.95,60.745,152.3,65.674
197.63,60.281,152.49,65.225
198.61,60.976,152.39,64.938
197.4,61.184,152.33,64.803
196.28,60.367,152.41,64.655
197.52,59.746,151.41,64.755
199.09,60.253,150.58,64.265
199.09,60.251,150.32,63.99
198.62,59.856,150.19,63.837
197.35,59.202,150.16,63.688
199.03,59.024,149.01,63.471
199.21,58.921,148.12,63.233
198.29,58.925,147.36,62.824
199.61,59.116,146.5,62.576
199.85,58.905,146.03,62.447
199.71,58.478,146.3,62.114
200.68,57.927,146.13,62.429
198.86,57.789,146.47,62.241
199.18,57.739,146.39,62.44
200.85,57.589,146.23,62.448
200.52,57.847,146.46,62.229
199.58,57.945,146.56,61.798
199.74,57.542,146.99,61.912
199.33,56.854,147.16,61.737
199.15,56.187,147.65,61.438
199.07,55.232,147.68,61.588
198.5,54.536,147.24,62.21
199.42,53.902,146.84,62.698
200.05,53.37,146.75,63.065
200.16,52.913,146.64,63.426
200.33,52.479,146.45,63.831
200.04,52.179,146.26,64.132
199.73,51.886,146.2,64.281
199.41,51.448,146.52,64.565
200.39,51.701,146.68,64.675
200.11,51.242,146.9,64.71
199.09,50.341,147.05,65.07
198.62,49.808,147.27,65.492
199.82,49.069,146.73,66.147
199.68,48.72,147.19,66.448
199.5,48.441,147.68,67.01
199.46,48.253,148.24,67.459
199.31,47.548,148.89,68.134
200.24,47.675,149.07,68.518
198.96,47.149,149.64,68.707
199.15,46.625,150.02,68.924
199.12,46.189,150.64,69.307
198.11,46.364,151.5,69.805
197.29,46.607,152.49,69.832
198.36,46.189,153.13,69.714
197.59,45.888,153.37,69.75
196.77,45.279,153.48,70.254
197.31,45.505,153.52,70.711
198.12,45.491,153.78,70.91
198.15,45.386,154.1,71.004
198.6,45.21,154.29,71.398
198.27,44.766,154.36,71.935
198.49,44.679,154.97,72.134
198.43,44.735,155.45,72.513
197.1,44.596,155.85,73.136
195.03,44.355,155.8,73.221
195.97,44.272,155.58,73.079
196.1,44.455,155.53,72.769
195.31,43.677,155.71,73.328
195.65,43.302,155.7,73.634
196.6,43.376,155.55,73.625
197.63,43.575,155.43,73.702
197.82,43.309,155.25,74.38
196.19,42.949,155.63,74.802
196.42,42.795,155.9,74.89
196.7,42.535,156.41,75.015
196.68,42.455,156.68,75.113
196.14,41.767,156.93,75.57
196.27,42.302,157.19,75.239
197.11,42.213,157.42,75.121
195.92,41.714,157.67,75.266
196.51,42.174,157.93,74.798
195.03,42.168,158.2,74.597
194.82,43.045,158.3,74.02
196.45,43.691,158.01,73.435
197.32,43.835,157.68,73.268
195.66,43.685,157.45,73.468
197.56,44.174,157.22,72.996
196.2,44.632,157.39,72.874
197.48,45.3,157.33,72.523
195.72,45.492,157.12,72.715
196.37,45.967,157.03,72.604
195.94,46.186,157.18,72.68
196.73,46.298,156.77,72.854
197.01,46.325,156.59,72.702
196.79,45.896,156.32,72.709
196.62,46.242,156.41,72.452
196,46.776,156.72,72.3
195.44,46.803,156.91,72.241
196.06,47.179,156.68,72.064
195.96,47.592,156.62,71.757
195.74,47.783,156.41,71.691
195.85,47.814,156.21,71.625
195.35,48.211,155.74,71.539
195.08,48.979,155.22,71.24
195.99,49.513,154.93,71.089
196.46,49.688,154.66,70.969
195.04,50.217,154.58,70.898
195.77,51.537,154.37,70.479
195.9,52.139,152.98,71.297
195.59,53.994,151.7,71.502
195.49,55.244,150.68,71.596
195.99,56.35,150.48,71.197
196.3,57.552,150.25,70.771
196.98,58.708,150.11,69.984
194.42,59.399,149.78,69.536
194.67,59.688,149.7,69.306
191.74,59.129,149.61,69.527
189.02,58.872,149.38,69.896
187.33,59.013,149.49,70.2
185.48,59.155,149.41,70.331
184.12,59.625,149.21,70.005
182.24,59.918,148.91,69.356
182.25,60.129,148.11,69.012
183.2,59.606,147.84,68.901
184.12,59.489,147.14,69.203
183.77,58.925,146.61,69.53
183.56,58.578,146.39,69.497
184.09,58.732,146.23,69.527
183.67,58.744,146.29,69.388
184.17,58.455,146.16,68.968
183.7,58.708,146.17,68.748
184.25,58.397,146.07,68.428
182.82,58.319,146.08,68.712
183.63,58.108,146.4,68.586
181.89,58.154,146.03,69.208
182.89,58.176,146.25,68.773
183.07,58.234,146.23,68.583
182.36,57.818,145.39,69.153
182.14,58.116,145.3,69.179
183.4,58.384,145.71,68.833
183.1,58.716,145.42,69.06
185,57.863,145.56,68.642
185.57,58.619,145.55,68.389
186.13,59.175,146.7,67.913
186.05,59.718,147.61,67.498
187.01,60.76,149.17,67.413
187.62,61.658,150.86,67.035
188.56,62.508,153.05,66.279
187.24,62.232,155.47,65.869
188.26,62.068,158.42,65.61
189.05,61.351,160.98,65.89
189.28,61.072,162.88,66.09
188.02,61.611,166.01,66.256
187.32,61.327,169.21,66.164
185.68,61.911,172.57,66.225
182.83,60.76,175.06,66.189
180.66,59.907,178.21,66.696
179.12,59.06,180.69,67.212
179.03,57.67,182.81,67.674
178.74,56.428,184.72,68.485
178.11,56.002,185.83,69.259
177.31,55.473,186.75,69.984
177.2,55.309,187.57,70.707
176.14,54.826,188.92,71.304
174.37,55.152,189.43,71.827
175.03,54.708,190.74,72.258
174.3,53.847,191.88,72.733
171.63,52.802,192.51,72.874
171.31,52.772,193.56,73.304
170.69,52.902,194.31,73.592
170.06,52.877,195.66,73.895
170.61,52.258,196.95,74.262
172.74,53.544,197.9,74.316
174,53.745,199.01,74.553
174.05,53.633,200.35,74.633
176.05,53.97,203.12,75.102
176.41,53.715,205.87,75.471
175.53,53.599,209.24,76.342
176.1,54.308,212.55,76.755
176.11,53.687,215.01,76.758
175.96,53.456,216.47,77.521
171.86,55.769,217.87,77.249
174.29,56.584,218.97,77.27
173.22,56.801,220.49,76.934
171.39,55.81,222.61,77.299
171.73,54.765,223.67,78.202
171.42,53.828,224.52,79.599
171.1,52.321,226.13,80.997
171.24,51.2,226.81,82.22
170.14,50.886,227.44,83.391
171.11,49.42,228.07,83.944
170.91,48.427,228.29,84.782
171.38,47.484,228.05,85.59
172.35,46.63,227.63,86.389
171.83,45.941,227.15,87.203
172.96,45.101,227.13,87.631
172.76,44.914,226.61,88.194
173.12,44.071,226.3,88.595
173.03,43.99,226.15,88.6
171.8,43.925,226.27,88.394
171.14,42.795,226.92,88.425
170.91,41.963,227.28,88.345
171.78,41.018,227.29,88.478
171.45,40.348,227.08,88.708
169.96,39.474,227.16,88.724
169.87,38.874,227.38,88.997
170.5,38.017,227.37,89.258
169.59,38.239,227.86,89.225
169.22,38.228,227.87,89.226
170.12,38.511,227.62,89.145
168.45,38.074,227.62,89.227
171.61,37.193,227.74,89.342
171.14,37.13,227.67,89.656
171.93,37.125,227.67,89.752
175.36,35.599,227.64,89.296
174.55,36.412,228.18,88.903
173.43,35.586,228.18,89.063
173.34,35.424,228.34,88.966
173.87,36.029,228.04,88.821
174.66,36.109,227.88,88.664
174.47,35.307,227.8,88.554
174.43,35.85,227.88,88.473
174.28,35.112,228.17,88.478
172.76,35.145,228.33,88.504
173.87,34.133,227.82,88.534
169.07,35.679,227.62,88.355
172.34,34.73,228.16,88.31
172.53,35.625,227.72,88.145
173.75,34.15,227.08,88.167
169.52,35.708,226.93,87.961
172.49,34.445,226.94,88.317
174.67,34.82,227.08,88.247
173.49,34.822,226.75,88.138
175.42,33.9,226.53,87.934
176.17,34.608,225.77,87.596
171.88,34.763,225.03,87.033
176.42,33.731,225.02,86.663
177.3,32.768,223.93,86.274
177.77,32.182,222.7,85.814
174.72,33.035,221.66,85.338
173.25,33.634,221.26,84.897
174.47,34.144,221.72,84.723
174.61,34.062,221.37,84.934
174.12,33.566,221.22,84.98
178.14,32.919,221.37,85.006
175.87,32.649,220.62,85.027
174.48,32.61,220.72,85.04
179.63,32.265,220.62,85.339
179.64,31.531,220.17,85.292
174.76,30.596,220.18,85.169
174.73,30.547,220.77,85.203
173.29,31.058,221.29,85.406
172.48,30.538,222.06,85.919
173.27,30.693,221.58,86.373
174.28,30.032,221.4,86.909
175.25,30.167,221.39,87.269
174.43,29.795,221.41,87.379
179.73,28.953,221.45,87.876
176.82,29.629,220.63,87.864
180.98,27.983,220.19,88.61
175.29,28.723,220.38,88.25
181,27.36,220.2,88.797
181.04,26.837,219.58,89.266
181.86,26.169,218.94,89.777
181.29,25.492,218.53,90.138
182.74,25.16,217.34,90.404
184.13,25.081,216.44,90.688
184.66,25.068,215.19,90.852
186.14,24.669,213.94,91.203
186.72,23.398,212.59,91.58
186.59,23.04,211.66,91.288
188.13,22.878,210.64,91.138
189.83,22.507,209.27,91.164
191.95,22.39,208.11,91.396
190.27,21.909,207.35,91.951
191.53,21.921,207.34,92.218
191.3,21.447,207.13,92.371
193.06,21.556,206.78,92.686
193.63,21.655,206.18,93.086
195.5,21.322,205.39,93.469
196.82,22.166,204.5,93.832
196.16,22.002,204.06,93.801
195.14,22.513,203.91,93.736
194.25,23.199,204.2,93.684
194.23,22.729,204.73,93.5
193.46,22.269,204.99,93.721
193.85,22.28,205.15,94.058
193.24,21.958,205.43,94.366
194.41,21.437,205.2,94.444
194.31,21.233,205.19,94.903
195.69,22.291,205.01,95.125
195.87,22.181,204.41,95.488
196.48,22.155,203.75,95.774
196.33,21.753,203.61,95.738
196.84,21.604,203.1,96.04
197.61,21.758,202.71,96.017
198.45,21.741,202.03,96.244
199.62,22.055,201.32,95.863
199.54,22.511,200.91,95.279
199.56,23.078,200.58,94.522
200.36,23.418,199.82,94.134
201.02,24.016,199.18,93.844
200.47,24.148,198.73,93.342
200.99,23.682,198.28,93.258
199.4,24.19,198.1,93.26
200.19,24.303,198.09,93.105
200.31,24.257,198.01,93.006
199.82,23.943,198.12,92.89
199.62,23.881,197.84,93.256
199.33,23.558,198.07,93.13
200.46,24.032,197.43,93.301
198.4,24.374,198.01,93.334
199.11,24.975,198.28,93.282
197.83,24.762,198.78,93.407
199.26,25.127,199.07,93.585
198.98,25.306,199.45,93.206
198.49,25.306,199.44,93.053
199.31,25.271,199.03,92.849
199.24,24.797,199.12,92.628
199.59,24.189,198.74,92.35
199.46,24.416,198.13,92.187
199.27,23.581,198.36,91.893
200.68,23.674,197.75,91.605
200.26,23.972,197.4,91.805
200.17,23.321,197.27,91.943
201.18,23.107,196.45,92.419
202.18,23.027,195.99,92.598
201.68,21.893,195.95,93.136
201.81,22.149,195.79,93.754
201.83,21.852,195.69,93.772
202.91,22.481,195.73,94.096
202.53,21.888,196.31,94.286
202.34,21.909,196.42,94.561
201.77,22.789,196.8,94.935
201.76,22.854,197.07,94.677
202.18,22.714,197.14,94.802
202.62,22.431,197.52,94.887
202.9,22.782,197.79,95.209
201.88,22.402,198.62,95.544
201.85,22.142,198.77,95.624
202.4,22.522,198.81,95.892
202.14,22.238,198.86,96.039
201.7,22.133,199.25,95.895
201.73,22.041,199.45,95.69
201.36,21.732,200.01,95.441
200.12,22.315,201.13,95.274
199.31,22.992,201.92,94.93
198.25,22.82,202.67,94.691
197.03,22.458,203.77,94.795
195.44,22.188,205.02,94.745
193.84,21.701,206.58,94.78
192.36,21.767,207.11,95.073
190.33,21.621,208.66,95.227
189.12,21.87,209.82,95.66
188.18,21.41,211.34,95.78
186.64,21.356,212.43,95.948
185.93,21.562,213.11,96.064
184.74,22.417,213.62,96.111
183.14,23.311,213.93,96.135
183.5,23.112,214.44,96.535
181.49,23.908,214.89,96.391
180.52,23.471,215.85,96.292
179.83,23.434,217.04,96.092
178.17,24.605,217.9,95.826
178.81,25.888,218.72,95.519
178.25,26.342,220.19,95.389
177.96,26.639,221.02,95.438
176.25,27.318,221.54,95.457
174.4,26.679,222.13,95.642
176.05,27.831,223.26,95.724
173.46,27.55,224,96.088
171.62,27.965,225.1,95.9
170.83,27.971,226.09,95.894
169.85,27.664,227.14,95.814
169.96,27.066,227.92,95.436
169.41,27.057,228.93,95.096
168.17,26.307,229.95,94.903
167.25,26.91,230.48,94.571
167.49,26.8,231.27,94.223
167.99,27.214,231.44,94.254
169.28,27.579,230.43,94.341
169.79,27.434,229.93,94.39
168.62,27.283,229.56,94.324
168.81,27.638,228.99,94.515
168.95,27.281,229.09,94.534
168.69,26.949,228.76,94.159
166.76,26.083,229.04,93.69
167.45,26.959,228.75,93.515
165.4,25.51,229.56,92.963
165.45,25.375,229.82,92.76
165.23,25.227,230.77,92.452
164.73,25.837,231.17,92.012
163.57,26.402,231.65,91.711
163.71,26.247,232.71,91.652
162.34,26.106,232.58,91.486
163.92,25.814,232.41,92.002
164.74,26.35,231.66,91.773
162.8,26.048,231.89,91.636
163.68,25.462,231.74,92.431
164.34,25.357,231.93,92.936
164.29,24.669,232.5,93.165
162.84,24.726,232.78,93.063
165.14,25.681,232.5,93.622
165.8,24.542,231.52,93.748
167.94,24.645,230.92,94.126
168.57,24.406,229.78,93.789
171.41,25.215,228.54,93.883
171.2,24.218,227.59,93.374
173.17,24.606,227.17,93.083
173.83,24.653,227.12,92.883
175.24,23.824,226.8,93.152
175.69,24.76,227.19,92.961
177.49,25.211,226.85,92.904
177.09,24.904,226.51,92.932
177.24,25.262,226.38,93.465
176.93,25.5,225.99,94.026
177.21,24.473,225.72,93.829
175.73,24.939,226.17,94.414
175.67,23.853,226.44,94.148
175.33,25.149,225.66,94.669
175.94,24.553,224.85,94.84
176.12,25.172,223.92,95.381
177.46,25.436,223.24,95.313
178.15,25.473,222.78,95.072
176.64,26.804,222.78,95.088
177.78,27.648,222.71,94.964
177.18,27.78,222.67,94.915
178.79,28.155,221.7,95.057
178.37,28.566,221.11,95.08
179.89,29.242,220.5,94.841
179.96,30.799,220.4,94.512
179.28,30.397,220.51,94.638
180.46,31.407,220.33,94.207
178.57,31.56,220.61,94.04
179.28,31.405,219.99,93.98
179.58,32.739,220.06,93.222
178.02,33.492,220.03,93.24
176.4,32.848,220.3,93.66
177.55,32.874,219.89,93.586
178.41,33.175,219.84,93.282
179.32,33.964,219.25,93.036
180.11,34.061,218.74,92.537
180.48,34.031,218.65,92.119
180.25,35.104,218.71,91.618
180.74,35.575,218.63,91.242
181.44,35.65,218.46,90.808
180.26,36.206,218.67,90.629
179.93,36.464,218.59,90.667
178.96,37.174,219.09,90.194
177.72,37.404,219.54,90.115
177.45,37.266,219.96,90.065
177.88,37.22,220.33,89.74
178.74,37.942,220.29,89.329
179.46,38.585,219.58,89.354
179.53,38.997,219,89.94
179.05,39.025,218.84,90.386
179.84,39.107,218.39,90.266
178.99,38.974,218.07,90.315
178.19,39.266,217.46,90.123
179.37,40.25,216.71,89.67
179.53,40.875,216.12,89.351
179.28,41.377,215.13,88.955
180.09,41.234,214.09,88.888
181.82,41.377,213.23,89.172
181.97,42.403,212.25,89.233
183.53,41.902,211.69,89.547
183.95,42.578,210.93,89.661
185.83,42.629,210.08,89.357
184.98,42.598,208.92,88.845
186.2,42.313,208.26,88.734
187.17,42.689,208.08,88.516
187.13,43.183,207.44,88.656
186.41,43.46,207.38,89.002
186.08,42.807,207.54,89.535
186.39,41.85,207.32,90.119
184.89,41.612,207.59,90.855
186.83,41.288,207.92,91.439
185.69,41.196,208.16,91.533
186.15,41.328,207.67,91.894
185.67,40.883,207.41,92.235
184.93,40.612,207.49,92.402
185.55,40.396,206.85,92.814
185.87,40.925,206.22,93.024
186.76,41.386,205.48,92.92
187.64,41.544,205.46,92.727
187.07,41.726,205.6,92.418
187.1,41.594,205.29,92.537
186.61,41.329,205.23,92.574
186.99,41.254,204.53,92.815
186.74,41.089,204.49,92.985
186.73,40.695,204.08,92.995
187.02,40.179,203.71,92.788
185.75,40.009,203.98,92.622
185.17,40.271,203.89,92.543
186.01,39.896,204.23,92.414
185.31,40.346,204.43,92.09
184.78,40.823,204.13,92.117
186.78,41.169,204.39,92.362
186.5,41.467,204.12,92.689
187.54,41.327,203.97,92.691
188.01,41.468,203.68,92.472
190.51,41.302,203.15,92.901
189.7,41.964,202.77,93.23
190.58,41.684,202.11,93.333
190.43,41.506,201.77,93.373
191.92,41.625,201.58,93.143
191.12,42.152,201,93.097
190.31,42.185,200.71,93.028
189.96,41.77,200.48,93.488
190.19,41.343,199.82,93.801
191.51,40.839,199.25,94.068
193.75,40.677,198.76,94.193
194.49,40.838,198.34,94.195
195.17,41.417,197.25,94.207
198.62,42.63,195.85,93.49
199.72,43.626,194.56,93.635
198.31,44.167,193.77,93.721
199.74,44.049,192.84,93.19
201.98,44.61,191.22,93.039
204.32,44.388,189.85,92.479
204.96,44.494,188.43,92.709
207.11,44.39,185.99,93.199
208.4,43.895,184,94.047
210.66,43.262,182.05,94.731
206.92,41.043,182.88,94.654
207.63,40.171,183.24,94.126
205.17,41.501,184.75,93.412
203.87,42.527,185.66,93.162
205.48,41.254,186.33,93.284
202.57,42.357,187.25,92.684
202.62,42.956,188.11,93.08
204.26,42.804,188.52,93.249
204.63,42.758,188.56,93.087
203.78,42.916,188.85,93.136
202.88,43.022,189,92.805
204.32,43.007,189.28,92.66
206.36,43.119,189.06,92.89
207.24,43.57,188.99,92.743
207.8,43.393,188.27,93.097
208.17,44.721,187.73,93.304
207.23,44.442,187.89,93.614
209.83,45.048,187.98,93.719
210.27,45.553,187.52,93.985
211.98,44.532,186.05,94.78
213.49,45.305,184,95.354
217.7,45.188,181.7,96.408
219.98,44.264,179.76,97.062
222.85,44.25,178.22,97.476
224.57,43.83,176.45,97.463
225.5,42.799,174.81,97.767
227.09,42.009,172.77,97.689
230.06,42.047,170.77,98.022
232.06,41.265,168.38,98.228
232.28,40.131,167.31,98.25
232.29,40.096,166.34,98.122
232.79,40.259,165.97,98.428
232.89,40.898,166.12,98.333
231.57,40.483,167.34,98.096
231.56,39.864,167.77,97.594
231.86,39.674,168.7,97.458
229.79,39.078,169.38,97.149
230.46,39.194,170.57,96.785
230.22,39.714,170.83,96.635
227.79,39.565,170.77,96.938
227.32,40.481,170.49,97.353
226.45,42.394,170.01,97.333
226.59,42.274,169.24,97.81
227.27,42.871,168.02,98.016
225.81,43.805,167.93,97.644
224.82,44.351,168.21,96.711
223.71,45.069,169.11,95.94
223.35,45.339,169.21,96.146
223.94,45.091,169.72,96.229
223.22,44.967,171.13,95.592
222.32,45.628,171.83,94.792
223.01,45.137,172.84,94.141
222.05,45.771,174.66,93.682
221.38,45.933,176.13,93.56
219.45,45.971,177.52,93.122
219.05,46.195,178.15,93.13
218.93,46.779,178.65,92.802
217.83,46.487,179.15,92.702
215.73,46.467,179.98,92.765
214.88,46.972,180.82,92.492
214.37,46.884,181.87,91.949
213.32,47.361,183.97,91.538
214.25,46.603,185.43,91.327
212.16,46.107,187.04,90.959
211.25,45.774,189.06,90.978
210.94,45.735,191.05,91.554
211.91,45.977,192.78,92.009
210.9,46.418,194.83,92.051
210.35,46.682,196.43,92.147
209.64,46.044,197.77,92.455
207.99,45.537,199.45,92.679
206.69,44.65,200.74,92.696
205.24,44.943,202.05,92.294
203.96,45.258,202.85,92.694
203.27,44.82,203.27,93.231
203.08,45.322,203.73,93.361
204.07,44.927,203.77,93.617
203.2,44.803,204.02,93.671
203.77,44.999,204.09,93.803
205.17,45.439,203.9,93.952
203.87,45.143,203.99,94.044
204.52,44.732,204.23,94.335
204.24,44.824,203.84,94.764
205.48,44.845,203.92,94.97
204.98,44.536,203.85,94.956
206.35,43.823,203.46,94.968
204.02,44.241,203.2,94.508
205.17,44.087,202.75,94.208
207.3,44.231,202.28,93.911
208.39,44.237,201.09,93.302
204.7,43.825,201.63,92.679
204.07,44.401,202.02,91.858
203.62,44.12,202.53,91.31
203.19,43.393,202.91,90.998
203.06,42.473,202.72,91.037
203.13,41.856,203.03,91.48
201.89,41.083,203.19,92.373
202.46,40.557,204.31,92.917
202.36,38.664,204.35,93.664
202.8,38.705,204.39,94.045
201.81,37.114,204.48,94.776
200.5,35.584,204.78,95.424
201.03,33.956,204.16,95.794
201.54,32.46,203.64,96.173
202.08,31.651,202.81,96.401
201.93,30.441,201.97,96.259
202.26,29.485,201.37,96.239
202.97,29.302,200.99,95.71
203.6,28.588,200.59,95.444
203.95,28.398,199.77,95.496
205.72,26.849,199.35,95.469
206.02,26.804,198.62,95.112
205.55,27.632,197.84,94.605
206.93,27.352,197.08,94.511
208.34,27.195,196.36,94.126
208.8,27.526,196,94.027
208.43,27.78,195.94,94.019
209.98,27.754,194.94,94.157
210.82,28.657,194.12,94.398
211,28.784,193.24,94.343
211.39,28.39,192.79,94.312
212.81,29.235,192.37,94.339
212.78,29.035,192.25,94.218
212.8,29.115,191.98,94.215
213.41,29.242,191.42,93.898
214.29,29.603,190.94,93.403
214.62,30.704,190.27,93.061
215.11,31.214,189.93,92.52
215.53,32.175,189.01,92.21
215.37,31.952,187.89,92.516
215.66,32.473,187.67,92.264
216.26,32.673,187.46,92.147
217.13,32.195,187.15,91.942
217.57,32.366,186.77,91.896
216.86,32.62,186.94,91.486
216.65,32.494,186.92,91.181
216.65,32.416,187.08,90.63
216.23,32.65,187.23,90.487
215.74,32.508,187.16,90.515
215.7,31.5,187.17,90.545
213.86,31.169,187.47,90.157
212.93,31.237,187.4,89.944
213.4,29.922,187.18,90.118
214.17,29.697,187.43,89.529
213.6,29.566,187.36,89.033
214.87,29.139,186.53,89.029
214.57,29.338,185.9,88.515
214.87,30.682,185.36,87.633
215.85,31.391,184.52,87.219
217.32,31.043,183.9,87.226
216.61,30.325,182.88,88.175
217.14,29.72,182.42,88.611
217.18,28.844,182.33,89.371
217.45,28.24,182.27,89.506
215.79,28.712,182.47,89.663
215.99,27.466,182.6,89.836
217.41,28.134,182.84,89.681
216.43,27.999,183.02,89.592
216.62,28.111,183.25,89.502
217.13,28.007,183.07,89.799
217.3,28.532,183.05,90.009
217.78,28.067,182.97,90.234
218.13,28.494,183.07,90.207
217.58,27.844,182.55,90.4
218.9,27.469,182.51,90.052
218.99,27.889,182.37,89.62
218.71,27.496,182.35,89.39
219.43,26.793,182.88,88.989
218.85,26.855,183.09,88.44
218.38,27.081,184,87.898
217.18,27.073,184.69,87.728
216.15,27.199,185.4,87.468
216.58,26.633,185.49,87.696
216.9,26.739,185.36,87.558
217.17,26.138,185.11,88.131
217.32,25.79,184.98,88.668
216.31,25.759,184.84,88.843
217.15,25.098,184.22,89.08
218.65,24.292,183.26,89.498
218.96,23.306,182.65,89.886
220.16,23.058,181.65,90.304
221.22,22.004,181.12,90.541
221.77,21.11,180.16,90.812
221.55,20.729,179.44,90.996
222.36,20.393,178.76,91.398
223.07,20.32,178.55,92.108
223.61,20.012,178.63,92.543
225.01,19.768,178.28,92.921
224.91,19.49,177.8,93.531
226.32,19.076,177.24,93.825
226.53,19.416,177.14,93.824
225.64,18.708,176.76,93.93
225.41,17.855,177.03,94.048
225.65,18.209,177.73,94.021
224.39,18.314,178.23,93.989
223.67,18.209,178.68,93.88
223.54,18.523,179.07,93.808
223.58,18.843,179.37,93.924
223.31,18.656,179.66,94.18
222.14,18.198,180.65,94.212
222.04,19.047,180.77,93.907
222.06,19.199,180.72,94.011
222.61,19.569,180.71,94.061
220.62,19.751,180.69,93.804
221.39,20.102,181.24,93.623
221.17,21.114,180.32,93.546
219.18,21.744,180.57,93.27
220.24,22.318,181.19,92.985
219.23,22.574,181.46,93.148
219.47,22.732,182.24,93.191
218.13,22.906,182.77,93.052
216.27,23.315,183.77,92.549
216.22,23.457,184.64,92.756
215.08,23.779,185.16,92.929
216.25,25.266,185.85,92.563
216.24,24.605,186.42,93.084
215.63,25.525,187.29,93.155
214.87,25.729,187.77,93.368
214.53,25.132,187.98,93.772
214.48,24.863,188.08,94.289
213.18,25.757,188.23,94.251
212.82,25.675,188.96,93.864
212.07,26.009,189.4,93.636
211.72,26.444,190.47,93.369
212.01,26.115,191.42,93.206
211.99,26.628,191.29,92.961
212.5,26.516,191.32,93.111
212.99,26.945,191.14,93.088
213.06,27.735,191.08,92.995
213.22,27.861,190.81,92.984
215.04,29.59,189.96,93.178
214.61,29.611,189.53,93.448
214.47,29.809,189.17,93.961
213.67,30.709,189.14,93.959
213.81,31.194,189.23,93.949
213.85,31.094,189.28,94.059
214,31.819,189.24,93.629
212.41,32.396,189.76,93.281
211.84,32.872,190.39,92.806
211.62,33.561,190.77,92.583
210.61,33.98,191.51,92.581
211.5,34.507,191.8,92.69
211.01,34.938,192.38,92.963
211.4,34.505,192.72,93.38
211.01,33.613,193.21,93.615
210.1,33.946,193.18,93.427
210.51,34.131,192.93,93.36
211.71,34.208,192.54,93.451
212.25,34.762,192.4,93.142
213.51,35.203,191.67,93.038
215.82,35.316,190.2,93.028
216.34,36.468,189.09,93.132
216.23,35.888,188.22,93.198
217.33,36.734,186.87,93.284
217.49,36.881,186.15,93.596
216.32,36.807,186.01,93.318
217.72,36.742,185.66,93.25
218.49,36.527,185.17,93.327
217.78,36.406,185.02,93.587
218.1,36.519,185.14,93.726
217.92,36.362,185.67,93.569
217.18,36.069,185.85,93.621
215.64,36,186.58,93.433
215.14,35.711,187.17,93.058
215.38,36.149,187.17,92.843
214.73,36.087,187.62,92.864
213.72,35.605,188.16,93.05
213.06,35.833,188.78,92.893
213.18,36.044,189.59,92.769
212.05,36.312,190.25,92.377
211.65,35.562,190.82,92.263
211.06,35.769,191.27,92
210.98,35.667,191.82,91.723
210.81,35.275,192.25,91.488
210.48,35.117,192.01,91.376
211.5,35.361,191.58,91.659
210.75,35.236,191.71,91.592
210.1,34.992,191.93,91.531
210.01,35.417,191.76,91.943
210.22,35.283,192.17,92.126
210.04,35.03,192.59,92.181
210.41,35.075,192.99,92.4
210.88,34.935,193,92.617
210.48,35.234,193.43,92.493
210.13,35.108,193.75,92.739
209.29,34.347,194.42,92.818
208.83,34.45,194.72,93.279
209.82,34.256,194.6,93.45
209.57,34.189,194.65,93.595
210.15,34.168,194.41,94.112
211.42,33.357,194.26,94.657
210.97,33.144,194.34,94.859
210.5,33.127,194.39,94.675
209.34,33.053,194.63,95.009
209.35,33.172,194.63,95.164
209.93,32.812,194.44,95.09
211.05,32.812,194.16,95.095
208.63,32.205,194.5,95.196
209.35,32.044,194.23,95.091
210.04,32.279,193.91,94.985
210.81,32.814,193.52,95.011
209,33.613,193.54,94.974
208.45,34.092,194.22,94.923
207.84,34.114,195.37,94.612
209.28,35.069,195.41,94.829
210.56,35.624,195.41,95.122
208.77,36.498,196.03,94.517
210.94,37.059,196.14,94.452
208.74,37.969,196.57,93.968
209.71,38.66,196.56,93.971
211.52,38.871,196.53,94.307
209.7,39.8,196.68,93.942
210.6,40.766,196.91,94.2
210.48,41.216,197.05,93.95
209.87,41.725,197.31,94.04
211.58,42.759,196.91,94.179
210.45,43.801,197.03,94.305
211.07,44.986,197.13,94.328
210.9,45.754,197.32,94.274
211.04,46.894,197.19,94.064
211.33,47.26,197.16,94.129
211.84,47.068,197.05,94.282
210.35,47.051,196.93,94.11
211.37,46.999,196.48,93.994
211.44,46.653,196.6,93.982
210.99,46.197,196.56,93.794
211.22,45.186,195.96,93.908
212.46,45.085,195.46,93.971
210.02,44.081,195.48,94.131
210.69,43.452,194.77,94.25
210.83,42.955,194.12,94.066
212.65,42.671,193.46,94.322
212.79,42.378,192.77,94.239
212.14,41.497,192.48,94.336
212.57,41.238,192.7,93.811
212.42,40.537,191.82,93.803
212.86,40.214,191.36,93.573
213.08,39.395,190.78,93.358
212.85,38.544,190.19,93.443
212.99,38.276,190.1,93.428
213.4,38.061,189.72,93.54
213.55,37.787,189.53,94.008
213.77,37.424,189.77,94.607
213.62,36.828,189.93,95.196
214.15,36.748,189.89,95.387
214.45,36.316,189.72,95.583
213.52,35.721,189.82,95.624
213.75,35.562,189.68,95.453
212.18,36.042,189.09,95.191
212.06,35.889,189.4,94.661
212.01,36.81,189.33,94.147
211.04,37.038,189.2,93.727
210.58,37.526,189.29,93.56
209.83,37.185,189.63,93.174
209.47,37.84,189.92,92.831
209.56,38.1,190.27,92.518
208.91,38.282,190.12,92.549
208.61,38.496,190.18,92.754
208.95,39.343,190.06,92.847
208.98,40.074,190.04,92.649
207.9,40.525,190.18,92.888
208.6,41.139,190.73,92.51
207.28,41.623,191.21,92.192
207.27,42.935,191.55,92.057
205.9,43.201,191.76,92.14
205.72,43.537,192.18,92.523
205.27,43.654,192.47,92.604
205.6,44.867,192.83,93.007
204.21,45.074,193,93.177
204.61,44.743,192.73,93.668
204.96,44.955,192.71,93.807
204.75,45.195,192.95,93.995
203.82,45.517,192.78,93.84
202.57,46.414,193.67,93.9
203.35,46.87,194.52,94.232
201.22,46.58,195.43,94.141
202.41,47.389,197.17,93.026
202.43,47.591,196.82,92.645
202.87,48.805,197.18,92.234
202.59,49.544,197.81,91.736
203.11,49.779,198.21,91.181
203.57,50.688,198.52,90.781
202.88,50.785,198.4,90.35
203.55,51.664,198.17,90.129
203.42,51.778,197.93,89.793
204.26,52.395,197.43,90.28
205.27,53.801,197.03,89.994
204.44,53.881,196.94,89.992
205.25,54.4,197.24,90.535
205.32,53.794,197.32,90.801
204.78,53.86,197.65,91.045
204.19,53.568,197.7,91.353
203.45,53.759,198.11,91.307
204.15,55.352,198.21,91.24
204.97,55.149,197.92,91.524
205.88,55.474,197.77,91.595
205.11,56.456,197.35,91.955
205.3,56.744,197.4,92.12
205.66,57.337,197.52,92.326
205.98,57.352,197.45,92.739
206.21,56.957,197.08,93.223
207.35,57.191,196.62,93.095
207.88,58.187,196.28,93.107
207.78,57.989,195.93,92.844
208.81,58.657,195.67,92.573
208.39,57.986,195.3,92.542
208.79,58.891,195.23,92.175
209.9,58.792,194.46,92.087
210.39,58.275,194.18,91.728
211.62,57.87,193.96,91.416
212.37,58.188,193.91,90.885
211.94,58.688,193.85,90.769
212.44,58.444,193.45,90.759
212.99,58.753,192.69,90.928
213.49,58.749,191.58,91.251
214.12,59.153,190.91,91.513
215.07,58.214,189.82,92.208
216.13,56.798,188.91,92.659
217.72,56.276,187.72,93.044
218.63,55.789,186.46,93.401
217.99,54.72,185.92,93.653
217.55,53.717,185.82,93.789
217.67,52.565,185.64,94.03
218.43,51.734,185.18,94.143
219.24,50.602,184.64,94.429
220.05,50.784,183.82,94.047
219.41,50.612,183.19,93.718
220.21,50.835,182.47,93.213
220.29,50.631,181.87,92.631
220,50.842,181.33,92.352
219.7,50.351,181.59,92.498
220.37,49.732,181.38,93.03
220.63,49.755,180.44,93.327
219.82,50.486,180.14,92.967
219.64,50.851,179.86,92.709
218.63,50.843,180.39,92.345
218.47,50.526,180.41,92.194
218.22,50.617,180.58,92.08
218.17,50.239,180.9,91.75
218.13,49.813,181.28,91.406
219.01,49.385,181.1,91.048
219.6,49.78,180.88,90.654
219.72,50.123,180.65,90.274
219.48,50.609,179.92,90.203
219.43,50.12,179.61,90.382
221.35,50.787,179,90.575
220.75,50.326,179.15,90.885
221.46,50.211,178.97,91.521
222.77,51.102,178.79,91.891
220.41,50.623,179.63,91.909
219.89,50.402,180.02,91.729
219.14,49.994,180.88,91.526
220.19,50.391,181.59,91.573
220.86,50.494,181.13,92.002
221.47,50.519,180.89,92.295
223.02,49.69,180.82,92.352
223.53,49.531,180.4,92.519
224.45,48.785,180.15,92.834
224.95,49.356,179.64,92.885
226.38,49.602,179.08,93.106
226.28,48.456,178.09,93.403
227.76,48.453,177,93.437
228.46,48.249,175.85,93.693
229.92,48.289,174.51,93.851
229.54,48.62,173.46,94.096
228.7,48.304,172.51,94.765
228.36,48.237,171.81,95.439
228.65,48.533,171.38,95.647
230.34,48.513,170.63,95.814
230.43,48.544,170.03,95.686
231.01,48.548,169.47,95.139
231.29,48.669,169.06,94.694
232.18,49.064,168.6,94.368
232.74,49.641,167.86,94.118
232.58,49.335,167.38,94.032
233.13,49.933,166.73,93.46
233.61,50.538,166.37,92.802
233.57,51.024,165.68,92.321
234.07,51.308,165.06,91.884
232.31,51.89,165.43,91.35
232.11,51.451,166.18,90.933
233.7,51.397,166.53,90.068
235.6,51.849,165.84,89.316
234.99,52.151,164.62,89.557
237.87,51.904,164.91,89.287
239.57,51.097,164.1,89.815
240.32,50.529,163.19,90.322
242.76,50.606,161.71,90.704
243.9,50.774,160.52,90.89
244.77,49.934,159.37,90.937
