647,422,22,10
647.08,422.39,22.255,10
647.27,422.67,22.397,10
647.73,422.93,22.462,10
648.03,423.3,22.443,10
647.1,422.94,22.44,10
647.14,423.54,22.582,10
647.23,423.62,22.856,10
646.87,423.33,22.96,10
647.36,423.87,23.007,10
646.79,423.64,23.055,10
647.23,423.47,23.103,10
646.79,424.14,23.153,10
647.18,423.85,23.258,10
646.54,423.71,23.381,10
646.55,424.02,23.373,10
646.67,423.67,23.387,10
646.54,423.99,23.393,10
646.14,424.43,23.598,10
646.99,424.03,23.701,10
646.92,423.66,23.835,10
646.65,423.78,23.833,10
646.83,424.25,24.009,10
646.59,424.54,23.96,10
647.42,424.02,23.883,10
648.31,424.11,23.77,10
648.87,423.76,23.717,10
649.78,424.34,23.568,10
650.29,423.99,23.599,10
650.53,424.45,23.672,10
651.32,424.2,23.675,10
652.37,424.03,23.717,10
653.56,423.77,23.895,10
654.7,423.97,24.091,10
656.13,424.4,24.098,10
657.91,424.76,23.855,10
658.39,424.39,23.668,10
659.02,424.08,23.765,10
660.81,423.76,23.753,10
662.07,424.51,23.863,10
664.03,424.28,23.707,10
665.29,424.2,23.812,10
665.46,424.33,24.012,10
667.21,424.71,24.007,10
668.82,424.2,23.927,10
669.84,424.61,23.95,10
672.14,424.29,23.843,10
673.52,424.88,23.885,10
675.41,424.54,23.962,10
677.22,424.04,23.833,10
678.54,423.88,24.026,10
680.65,424.05,23.826,10
681.78,424.08,24.055,10
683.81,424.33,23.944,10
685.62,424.55,23.831,10
688.02,424.71,23.916,10
690.3,424.25,23.956,10
692.41,425.14,24.095,10
695.24,424.89,23.851,10
696.88,424.91,23.96,10
698.47,424.96,24.103,10
700.89,424.88,24.046,10
703.7,424.75,23.815,10
705.63,425.33,23.818,10
707.07,425.08,24.206,10
709.3,425.21,23.825,10.04
711.95,425.47,23.71,10
714.25,425.63,23.656,10
715.32,425.86,23.853,10
717.77,426.13,23.799,10
719.96,426.34,23.974,10
721.14,427.08,24.161,10
723.1,427.04,24.477,10
724.3,426.9,24.544,10
726.07,428.04,24.456,10.112
728.38,427.7,24.401,10.054
729.46,428.46,24.491,10.058
731.03,428.67,24.695,10.005
731.91,429.12,24.935,10
734.36,429.37,24.815,10
736.18,429.5,24.991,10
736.7,429.83,25.218,10
738.58,430.59,25.323,10
739.78,430.68,25.678,10
741.04,431.28,25.567,10
742.91,431.54,25.536,10
744.63,432.13,25.741,10
746.02,432.25,25.978,10.039
747.07,432.95,26.373,10.045
748.54,433.19,26.577,10.023
750.63,433.28,26.451,10.115
752.06,434.06,26.591,10.175
753.37,434.49,26.932,10.204
754.53,434.98,27.176,10.203
756.48,435.62,27.281,10.346
758.11,436.37,27.382,10.404
760.42,436.73,27.433,10.493
761.26,437.38,27.801,10.528
763.06,437.67,28.008,10.517
765.48,438.32,28.01,10.534
767.82,438.55,27.835,10.566
768.85,439.21,28.231,10.499
770.88,439.85,28.36,10.535
771.78,440.34,29.021,10.509
774.1,440.84,29.232,10.586
776.35,441.88,29.824,10.385
777.42,442.27,29.885,10.588
779.07,442.91,30.149,10.484
780.92,443.81,30.559,10.436
782.88,444.12,30.846,10.376
783.58,445.09,31.437,10.283
785.42,446.07,31.759,10.223
786.79,446.89,32.038,10.216
787.71,447.82,32.781,10.138
789.2,447.96,33.069,10.119
791.28,448.17,33.148,10.199
792.55,448.69,33.557,10.274
793.4,449.17,33.915,10.362
793.82,449.72,34.194,10.52
794.8,450.52,34.698,10.504
796.33,450.82,34.775,10.667
797.54,451.3,34.932,10.766
797.82,452.12,35.135,11.009
799.39,452.47,35.465,11.09
799.96,452.8,35.523,11.218
800.79,453.81,35.803,11.376
802.19,454.55,36.129,11.335
801.85,454.94,36.673,11.231
803.45,455.13,36.573,11.232
804,455.36,36.733,11.205
805.17,455.86,36.753,11.243
805.43,456.71,36.74,11.293
806.46,457.06,36.743,11.404
807.22,457.23,36.933,11.436
808.18,457.93,37.033,11.516
808.84,458.27,37.316,11.599
809.63,458.36,37.62,11.709
809.69,458.27,37.946,11.753
810.06,458.39,38.24,11.759
810.95,459.04,38.574,11.92
810.66,458.79,38.917,11.911
811.22,459.41,39.01,11.979
811.88,459.88,39.287,12.043
811.5,459.85,39.515,12.109
812.62,460.25,39.236,12.339
813.03,460.18,39.136,12.365
813.33,460.2,39.272,12.386
814.35,460.2,39.353,12.465
813.5,460.31,39.559,12.503
814.42,460.24,39.551,12.555
814.37,460.15,39.564,12.624
814.46,460.87,39.725,12.648
814.51,460.73,39.888,12.568
814.36,460.57,40.162,12.499
814.36,460.9,40.426,12.495
814.63,460.72,40.687,12.445
814.42,460.83,40.686,12.539
814.56,460.86,40.624,12.606
814.7,460.8,40.658,12.599
814.69,460.79,40.703,12.646
814.73,460.98,40.825,12.676
814.15,460.98,40.744,12.747
814.43,461.13,40.892,12.761
814.95,461.23,40.985,12.781
814.46,461.24,41.08,12.784
814.24,461.06,41.069,12.782
814.81,460.96,41.069,12.764
814.75,460.84,41.091,12.706
814.33,460.72,41.188,12.682
814.83,460.66,41.199,12.654
814.17,461.14,41.198,12.725
814.44,461.11,41.217,12.69
814.05,461.02,41.253,12.674
814.46,460.98,41.309,12.658
814.25,460.9,41.294,12.641
814.99,460.89,41.194,12.649
814.74,460.82,41.051,12.654
814.25,460.76,41.062,12.682
814.59,460.76,41.026,12.724
813.62,460.69,40.962,12.723
813.76,460.54,40.826,12.755
813.8,461,40.917,12.794
814.07,460.84,40.942,12.786
814.31,460.7,40.979,12.761
814.3,460.57,41.113,12.737
814.24,460.99,41.202,12.784
814.01,461.16,41.117,12.853
813.14,460.73,41.165,12.803
813.08,460.97,41.087,12.916
813.15,461.26,41.028,13.006
813.15,461.05,41.078,12.92
813.3,460.85,41.012,12.895
813.54,460.93,40.816,12.967
813.57,460.97,40.713,12.979
813.1,461.12,40.645,13.006
812.7,461.3,40.632,13
812.28,461.51,40.445,12.994
812.08,461.18,40.574,12.837
811.81,461.47,40.65,12.771
811.44,461.84,40.757,12.747
812.43,461.61,40.788,12.662
811.85,461.97,41.002,12.653
811.63,461.52,41.258,12.575
810.87,461.76,41.361,12.63
811.37,461.47,41.501,12.59
811.12,461.52,41.532,12.614
811.11,461.51,41.462,12.653
810.97,461.6,41.464,12.661
810.86,461.69,41.495,12.66
810.66,461.63,41.509,12.673
811.39,461.62,41.512,12.644
811.27,461.52,41.615,12.641
811.28,461.47,41.614,12.661
811.29,461.58,41.581,12.663
811.44,461.7,41.488,12.67
811.57,461.74,41.367,12.72
811.92,461.77,41.235,12.765
811.25,461.82,41.21,12.755
811.57,461.83,41.1,12.763
811.37,461.5,41.296,12.681
811.71,461.55,41.194,12.701
811.35,461.87,41.333,12.701
811.72,461.9,41.308,12.674
812.07,461.93,41.275,12.65
811.96,461.59,41.473,12.562
811.33,461.6,41.499,12.558
811.5,461.65,41.507,12.558
811.84,461.7,41.493,12.553
811.09,461.76,41.48,12.539
811.78,461.5,41.511,12.464
811.2,461.86,41.535,12.537
811.3,461.96,41.461,12.516
811.04,461.6,41.556,12.467
811.71,462.03,41.472,12.538
811.44,461.68,41.611,12.496
811.65,461.78,41.498,12.502
811.36,461.43,41.629,12.467
811.65,461.54,41.436,12.516
811.28,461.89,41.373,12.619
812.11,461.65,41.357,12.564
811.7,461.98,41.311,12.657
811.54,461.62,41.365,12.638
811.74,461.72,41.191,12.659
811.57,461.37,41.256,12.633
811.17,461.69,41.22,12.706
812.1,461.42,41.141,12.644
811.76,461.75,41.077,12.703
811.69,461.41,41.075,12.647
811.35,461.74,41.013,12.703
812.25,461.51,40.939,12.625
811.97,461.84,40.926,12.67
812.03,461.5,40.968,12.616
811.78,461.8,40.909,12.692
811.84,461.45,40.962,12.632
811.58,461.76,40.904,12.708
811.48,461.46,41.061,12.647
811.13,461.73,41.077,12.72
812.09,461.49,41.116,12.667
811.68,461.87,41.159,12.682
811.57,461.58,41.337,12.631
811.26,461.96,41.407,12.672
811.6,462.1,41.404,12.682
811.93,462.24,41.397,12.684
811.2,461.71,41.598,12.606
811.55,461.9,41.599,12.606
811.95,462.06,41.566,12.619
811.27,462.17,41.566,12.605
811.69,462.32,41.545,12.597
812.01,461.83,41.54,12.52
811.19,462.01,41.395,12.526
811.69,461.68,41.33,12.482
811.04,461.89,41.299,12.54
811.06,461.57,41.296,12.484
811.31,461.64,41.116,12.59
811.43,461.77,40.937,12.637
811.31,461.14,40.891,12.65
811.35,460.79,40.662,12.656
810.13,460.65,40.494,12.661
810.83,460.56,40.318,12.685
809.93,460.02,40.274,12.745
809.47,460.24,40.276,12.756
809.04,459.59,40.139,12.796
809.34,459.44,40.016,12.81
808.55,459.28,39.933,12.75
808.33,459.12,40.18,12.66
807.89,458.68,40.27,12.57
806.86,458.91,40.224,12.542
807.73,458.18,39.723,12.622
806.82,457.87,39.727,12.582
806.09,457.71,39.71,12.529
806.28,457.57,39.595,12.422
806.25,457.23,39.393,12.307
805.84,457.15,39.239,12.367
805.53,457.02,38.982,12.302
804.3,457.24,39.115,12.277
804.65,456.95,39.242,12.114
804.25,456.85,39.256,12.15
803.5,457.11,39.144,12.257
802.34,456.65,39.071,12.234
801.78,456.66,39.492,12.201
801.28,457.02,39.711,12.077
800.42,456.49,39.671,12.052
799.91,456.77,39.689,11.989
800.18,457.05,39.478,12.061
799.74,456.64,39.596,11.924
798.36,456.9,39.353,11.895
797.92,456.97,39.261,11.857
796.9,457.16,38.815,11.984
796.69,456.98,38.728,11.95
795.86,457.5,38.535,12.001
794.62,457.78,38.729,12.027
794.8,458.13,38.785,12.139
794.34,458.29,38.85,12.187
792.55,458.6,39.135,12.151
792.29,458.5,39.216,12.064
791.89,458.5,39.322,12.051
790.2,458.62,39.371,12.01
789.86,459.14,39.26,12.089
789.53,459.69,39.078,12.207
787.96,459.97,38.99,12.308
787.93,460.55,39.17,12.294
785.7,460.74,39.392,12.362
784.92,461.18,39.759,12.404
783.98,461.51,39.921,12.441
783.21,461.58,40.371,12.342
782.03,462.04,40.583,12.387
781.59,462.36,40.666,12.42
780.32,462.38,40.878,12.363
778.34,462.5,41.187,12.363
777.73,463.11,41.45,12.368
776.46,463.33,41.624,12.36
775.04,463.6,41.771,12.492
774.11,463.78,41.995,12.535
773.53,464.08,42.035,12.674
773.08,464.28,41.974,12.745
770.9,464.53,42.191,12.841
771.18,465.11,42.116,12.943
770.19,464.97,42.042,12.909
768.03,465.27,42.34,12.931
768.08,465.6,42.28,13.118
767.32,465.9,42.388,13.231
766.28,466.09,42.572,13.316
765.61,466.37,42.888,13.388
765.28,466.31,42.86,13.423
763.4,466.4,42.755,13.462
763.07,466.12,42.78,13.521
762.6,466.16,43.099,13.463
761.95,466.11,42.87,13.532
761.45,465.92,43.085,13.513
761.33,465.92,42.918,13.551
759.76,465.65,43.153,13.53
760.27,465.48,43.007,13.54
760.11,465.27,43.067,13.486
759.3,464.87,43.283,13.301
759.32,464.66,43.149,13.262
758.2,464.36,43.024,13.196
757.57,463.54,42.865,13.18
758.15,463.1,43.015,13.048
757.39,462.86,43.068,12.986
757.51,462.46,42.967,12.99
756.81,462.74,42.642,13.094
755.63,461.96,42.273,13.119
755.13,461.14,41.959,13.149
755.24,460.31,41.576,13.135
753.55,459.77,41.161,13.071
754.11,459.28,40.776,13.024
752.6,458.65,40.633,12.987
753,457.72,40.333,12.877
751.84,457.34,39.821,12.811
751.41,457.18,39.709,12.622
749.99,456.69,39.382,12.527
749.04,455.85,39.33,12.441
749.08,455,39.192,12.263
747.97,454.33,38.731,12.141
747.35,453.88,38.581,12.066
746.22,453.27,38.435,11.921
745.41,452.01,38.121,12.003
745.17,451.48,38.068,11.898
743.36,450.86,37.662,11.789
742.6,450.15,37.208,11.751
742.69,449.34,36.845,11.651
741.3,448.34,36.429,11.579
740.44,447.81,36.068,11.499
740.09,447.44,36.04,11.284
739.59,446.87,35.967,11.071
738.06,446.89,35.299,11.073
738.47,446.22,35.028,10.951
737.42,445.35,34.434,10.957
737.05,445.49,34.49,10.791
736.1,445,33.876,10.798
736.34,444.58,33.702,10.719
735.11,444.07,33.126,10.756
734.77,443.36,32.911,10.717
734.33,442.34,32.83,10.652
734.26,442,32.55,10.676
732.72,441.18,32.21,10.679
732.18,440.61,32.195,10.616
731.71,440.57,32.088,10.456
730.75,440.34,31.73,10.49
730.33,440.45,31.686,10.34
729.24,440.33,31.421,10.278
728.83,440.42,31.459,10.159
727.59,440.18,31.344,10.048
726.83,439.5,31.309,10
726,439.37,31.056,10
724.96,439.15,30.926,10
724.09,439.43,30.794,10
722.9,439.43,30.794,10
721.47,439.49,30.705,10
719.36,439.42,30.401,10
718.48,438.89,30.434,10
716.52,438.35,30.138,10
715.3,438.33,30.19,10
713.59,437.97,30.336,10
712.19,438.15,30.422,10
711.33,437.85,30.008,10
709.03,437.77,29.694,10
707.68,437.25,29.774,10
705.84,437.26,29.639,10
703.97,437.11,29.739,10
703.28,437.02,29.465,10
702.47,436.88,29.249,10
700.57,436.65,29.229,10
699.14,436.24,29.154,10
698.46,435.5,28.965,10.095
697.68,435.74,28.832,10.257
695.66,436.05,28.917,10.041
694.57,435.29,28.931,10
693.26,435.31,28.802,10
693.48,435.47,28.873,10
692.28,435.8,29.085,10
691.59,436.25,29.284,10
689.95,436.1,29.421,10
689.78,436.33,29.741,10
688.43,436.74,29.738,10
688.5,436.84,29.871,10
687.28,437.16,29.765,10
686.97,437.48,29.926,10
686.34,437.59,30.118,10
685.06,437.64,30.099,10
684.16,437.72,30.087,10
683.85,437.98,30.129,10
684.25,438.34,30.176,10
683,437.76,30.201,10
681.6,438.07,30.46,10
681.43,438.36,30.644,10
680.78,438.92,30.835,10
681.08,438.93,30.643,10
681.34,438.89,30.346,10
679.45,439.02,30.675,10
679.08,438.91,30.327,10
678.54,439.06,30.278,10
679,438.7,30.11,10
677.34,438.81,29.937,10
677.11,439.15,29.922,10
676.46,438.79,30.096,10
676.09,439.1,30.247,10
675.96,438.89,30.251,10
675.05,439.01,30.038,10.156
674.34,438.6,30.163,10
674,438.8,30.247,10
673.24,438.96,30.26,10
672.79,439.28,30.358,10
673.43,438.72,30.42,10
671.58,438.33,30.368,10
671.98,438.46,30.429,10
671.05,438.63,30.351,10
670.4,438.24,30.153,10
670.73,437.8,29.87,10
669.94,437.8,29.547,10
669.75,437.36,29.478,10
669.63,437.36,29.324,10
668.66,437.12,29.257,10
668.07,436.08,29.295,10
668.07,435.25,29.017,10.04
667.08,434.94,28.968,10.148
666.58,434.6,28.879,10.243
665.31,434.74,28.874,10.137
666.09,434.53,28.962,10
665.14,433.6,28.887,10
664.95,432.96,28.823,10
664,432.64,28.454,10
664.79,431.77,27.978,10
663.73,431.61,27.61,10
662.7,430.93,27.309,10
663.4,430.99,27.131,10
662.64,430.48,26.557,10
661.93,430.37,26.382,10
661.91,429.5,26.036,10.071
660.95,427.26,25.719,10.09
660.85,427.03,25.764,10
660.46,426.02,25.684,10
659.64,425.48,25.432,10
659.44,425.5,25.243,10
659.21,424.49,24.862,10.045
658.45,424.29,24.71,10
658.4,424,24.331,10
657.35,423.63,24.142,10
658.27,422.93,23.982,10
657.22,422.45,23.862,10
656.79,422.3,23.659,10
656.5,421.41,23.229,10
656.42,421.06,22.904,10
655.7,420.45,22.703,10
655.25,420,22.313,10
655.67,419.51,21.874,10
655.11,418.36,21.545,10
655.13,417.5,21.254,10
655.15,417.29,20.87,10
653.99,417.28,20.648,10
654.39,416.66,20.56,10
654.37,416.06,20.406,10
653.85,415.4,20.264,10
654,415.21,20.224,10
652.72,414.8,20.118,10
653.18,414.97,20.073,10
652.64,414.62,19.871,10
651.91,413.6,19.969,10
651.91,412.9,19.945,10
651.44,412.32,20.019,10
651.7,412.09,20.126,10
651.25,411.27,20.061,10
650.86,410.94,19.934,10
650.87,411.04,19.821,10
650.72,411.01,19.585,10
650.64,410.73,19.337,10
650.21,410.49,19.542,10
650.42,410.45,19.426,10
650.15,409.75,19.203,10
650.08,409.61,19.373,10
650.12,409.24,19.427,10
649.86,408.4,19.27,10
649.2,408.21,19.123,10
649.37,407.46,19.035,10
649.86,407.6,18.528,10
648.93,406.88,18.261,10
648.6,406.95,18.128,10
648.84,406.92,18.15,10
648.95,406.94,18.251,10
648.58,406.5,18.137,10
648.78,406.06,18.248,10
648.75,405.44,18.305,10
648.33,405.26,18.375,10
647.79,404.26,18.316,10
647.87,403.91,18.264,10
648.1,403.78,18.274,10
647.83,403.54,18.456,10
647.79,402.99,18.546,10
647.87,402.85,18.581,10
647.9,402.58,18.498,10
647.93,402.06,18.358,10
647.47,402.18,18.265,10
647.48,402.31,18.209,10
647.38,402.44,18.211,10
647.25,402.72,18.163,10
647.34,402.69,18.245,10
647.29,402.62,18.072,10
647.12,402.22,18.044,10
647,401.75,17.929,10
647.2,401.82,17.75,10
647.02,401.45,17.63,10
646.21,401.78,17.799,10
645.6,401.13,17.784,10
645.12,401.22,17.673,10
644.43,400.64,17.603,10
644.35,400.1,17.441,10
643.85,400.13,17.517,10
641.96,399.65,17.42,10
641.67,398.96,17.263,10
641.45,399.23,17.239,10
640.96,398.47,17.32,10
640.82,398.37,17.519,10
640.67,398.36,17.622,10
640.71,398.26,17.661,10
638.96,397.83,17.634,10
638.88,396.38,17.755,10
639.11,396.52,17.891,10
639.22,395.14,18.128,10
639.23,395.66,18.123,10
638.93,396.16,18.411,10
637.31,396.23,18.27,10
635.71,396.12,18.427,10
635.77,395.71,18.536,10
635.6,395.78,18.739,10
635.37,395.71,18.636,10
633.28,395.43,18.74,10
635.04,395.7,18.714,10
634.93,395.52,18.551,10
634.5,395.58,18.598,10
632.46,395.84,18.868,10
632.34,397.29,18.882,10
632.34,397.5,18.877,10
632.4,397.09,18.805,10
632.32,397.36,18.767,10
632.4,397.63,18.714,10
632.31,397.23,18.714,10
631.99,397.36,18.853,10
631.57,397.32,19.24,10
630.62,397.12,19.941,10
630.05,397.25,20.124,10
629.61,396.96,20.33,10
631.04,396.88,20.345,10
630.31,396.72,20.969,10
629.63,395.13,21.655,10
629.49,395.4,21.61,10
629.29,395.77,22.337,10
630.53,396.09,23.182,10
627.63,396.07,23.923,10
626.98,396.12,24.504,10
626.3,395.86,25.176,10
625.88,394.13,25.968,10
625.71,394,26.443,10
625.28,393.96,27.172,10
625.01,393.77,27.799,10
625.26,393.54,28.4,10
625.22,393.11,29.174,10
625.15,393.11,29.827,10
624.96,393.2,30.333,10
624.74,392.82,30.693,10
624.85,392.75,30.885,10
624.9,393.18,31.464,10
624.7,393.58,31.889,10
624.52,394.07,32.359,10
624.58,394.5,32.613,10
624.84,395.34,33.087,10
624.75,395.8,33.337,10.01
624.6,396.24,33.49,10.036
624.56,396.02,33.457,10.14
624.75,395.8,33.427,10.283
625.19,395.1,33.327,10.511
625.09,394.5,33.506,10.545
625.25,392.25,33.606,10.47
625.45,393.01,33.636,10.368
625.96,393.62,33.67,10.359
626.32,394.53,33.841,10.313
626.7,395.44,34.079,10.281
626.54,396.12,34.192,10.221
626.77,396.18,33.893,10.337
627.48,395.67,33.556,10.602
627.13,395.26,33.491,10.699
627.74,393.12,33.624,10.505
628.42,392.92,33.588,10.585
628.49,392.25,33.568,10.667
628.29,392.19,33.806,10.62
628.16,392.47,33.953,10.569
629.48,393.07,33.911,10.489
630.03,393.58,33.986,10.408
630.44,394.4,34.117,10.32
630.71,394.85,34.144,10.322
631.65,394.68,34.136,10.432
631.58,395.17,34.258,10.398
631.77,394.74,34.169,10.614
631.96,394.89,33.96,10.754
632.73,395.1,33.765,10.863
633.07,394.76,33.573,11.03
633.95,395.19,33.531,10.977
634.67,395.74,33.611,10.944
635.11,396.1,33.483,10.944
635.24,396.46,33.454,10.936
636.02,396.88,33.324,10.889
636.04,396.6,33.288,10.923
636.63,396.34,33.094,11.061
636.99,396.02,33.045,11.102
637.56,395.78,33.121,11.093
637.76,395.62,33.261,11.007
638.04,396.01,33.223,10.908
638.77,396.86,33.102,10.797
639.04,397.67,33.244,10.699
639.22,398,33.318,10.661
639.32,398.33,33.226,10.69
638.98,398.15,32.916,10.708
639.27,397.96,32.636,10.798
639.84,398.17,32.394,10.808
640.03,398.4,32.255,10.757
640.28,398.6,32.09,10.751
640.86,398.55,31.802,10.788
641.11,398.5,31.535,10.769
643.53,398.78,31.584,10.644
643.17,398.71,31.733,10.496
643.15,398.91,31.824,10.411
642.73,396.84,31.799,10.315
642.93,397.13,31.667,10.277
643.12,397.75,31.786,10.273
643.06,399.89,31.527,10.324
643.53,399.69,31.395,10.341
643.64,399.46,31.095,10.381
643.83,399.27,30.899,10.38
643.9,399.26,30.796,10.363
644.24,399.4,30.757,10.382
644.57,399.45,30.375,10.392
644.83,399.27,30.15,10.467
645.4,399.08,29.911,10.5
648.81,399.15,29.256,10.495
649.3,399.04,28.677,10.453
649.15,398.89,28.333,10.342
649.26,398.9,27.803,10.242
650.02,399.33,26.691,10.58
650.39,399.59,26.09,10.771
650.77,401.5,25.363,10.823
651.09,401.48,25.037,10.773
651.48,401.6,24.786,10.767
653.96,401.94,24.529,10.685
654.02,401.94,24.271,10.624
654.37,401.95,24.151,10.525
656.76,401.39,23.835,10.532
657.77,401.17,23.448,10.507
660.86,401.2,22.73,10.345
662.18,401.11,22.017,10.27
662.87,400.75,21.438,10.194
663.45,401.01,21.172,10
664.49,401.13,20.776,10
665.36,401.49,20.787,10
666.18,402.16,20.762,10
667.17,402.22,20.469,10
668.8,402.52,20.277,10
670.49,403.99,19.925,10
672.01,404.26,19.69,10
672.88,404.63,19.524,10
673.94,404.64,19.22,10
674.6,404.93,19.231,10
675.52,405.16,19.177,10
677.06,405.05,19.042,10
678.5,404.64,18.922,10
679.74,404.92,18.916,10
680.98,405.52,19.039,10
681.82,405.09,19.062,10
682.76,404.69,19.082,10
683.8,404.96,19.204,10
684.78,404.88,19.243,10
685.95,404.32,19.281,10
687.11,403.79,19.329,10
688.1,403.65,19.461,10
689.15,403.84,19.651,10
691.39,404.63,19.771,10
694.32,405.46,19.556,10
695.25,406.19,19.496,10
697.57,406.17,19.59,10
698.73,406.7,19.551,10
700.13,406.36,19.331,10
702.98,405.67,19.308,10
705.31,405.08,19.238,10
706.09,403.34,19.396,10
709.08,402.96,19.183,10
709.95,403.57,19.321,10
711.16,403.56,19.335,10
714.27,403.48,19.168,10
717.02,404.96,19.09,10
718.4,405.22,19.091,10
719.89,404.95,18.94,10
721.31,404.87,19.131,10
723.85,404.76,19.187,10
726.27,403.82,19.04,10
727.33,401.84,19.12,10
728.02,401.17,19.351,10
730.42,400.17,19.324,10
731.37,398.74,19.158,10
734.42,402.28,18.97,10
734.83,404.79,19.14,10
735.57,405.01,19.193,10
736.17,405.58,19.422,10
738.87,407.7,19.731,10
741.73,407.21,19.606,10
742.41,406.62,19.62,10
745,405.11,19.858,10
747.42,402.27,19.859,10
750.32,400.16,19.713,10
752.43,398.41,19.508,10
753.49,398.42,19.352,10
756.26,398.34,19.073,10
757.78,398.83,18.973,10
760.31,400.16,18.887,10
761.08,402.05,18.969,10
762.99,402.86,19.292,10
766.19,403.62,19.128,10
768.53,403.78,18.896,10
769.61,401.87,18.715,10
770.13,400.28,18.804,10
773.75,399.96,18.563,10
775.33,399.28,18.338,10
776.57,397.1,18.247,10
777.87,396.43,18.241,10
780.82,396.46,18.102,10
782.01,396.81,18.163,10
782.71,397.62,18.137,10
783.85,398.39,18.144,10
784.65,399.18,18.03,10
784.98,399.18,17.917,10
785.48,399.34,17.689,10
786.49,399.26,17.468,10
787.01,398.75,17.308,10
787.15,398.04,17.529,10
787.76,398.03,17.588,10
787.78,398.64,17.487,10
787.82,399.61,17.612,10
787.68,400.55,17.745,10
787.62,402.92,17.815,10
787.43,405.14,17.831,10
787.8,405.8,17.988,10
788.2,406.55,18.019,10
788.04,406.42,18.113,10
787.6,404.67,18.169,10
787.54,402.92,17.975,10
787.35,401.12,17.909,10
786.83,399.63,17.708,10
786.15,397.46,17.675,10
785.59,397.26,17.639,10
785.39,397.43,17.61,10
784.99,399.17,17.512,10
784.21,399.98,17.803,10
783.8,400.8,17.999,10
781.95,402.99,18.106,10
781.06,405.21,18.329,10
779.27,405.95,18.15,10
778.41,407.95,17.896,10
777.55,407.5,17.781,10
777.01,407.4,17.589,10
774.94,407.24,17.503,10
772.57,407.42,17.584,10
771.38,407.14,17.383,10
768.82,405,17.43,10
767.95,406.57,17.536,10
765.81,406.3,17.625,10
764.97,407.1,17.916,10
761.97,407.74,17.999,10
761.05,409.49,17.995,10
758.27,410.06,18.114,10
755.73,410.27,18.456,10
752.89,410.71,18.594,10
751.14,410.05,18.473,10
749.03,410.34,18.611,10
746.21,409.94,18.514,10
744.11,408.32,18.522,10
741.76,408.52,18.314,10
739.54,407.76,18.175,10
737.02,407.37,18.199,10
734.27,407.32,18.462,10
731.84,408.07,18.617,10
728.96,408.32,18.63,10
726.34,410.05,18.621,10
721.98,410.74,18.782,10
720.82,412.73,18.692,10
718.11,413.34,18.836,10
715.21,415.58,19.04,10
712.38,416.24,18.934,10
709.35,418.4,18.946,10
706.08,419.23,19.131,10
703.64,419.23,18.938,10
700.74,419.93,18.993,10
696.68,420.15,18.711,10
694.61,419.4,18.535,10
691.99,419.04,18.314,10
689.02,417.22,18.117,10
686.74,417.1,17.902,10
684.02,416.46,17.726,10
681.27,414.94,17.607,10
679.15,412.6,17.737,10
676.26,409.54,17.878,10
673.52,407.73,17.774,10
671.28,406.29,17.782,10
668.5,406.13,17.904,10
665.85,405.45,17.829,10
663.23,404.28,17.95,10
660.59,404.8,18.155,10
657.71,405.36,18.165,10
655.4,405.34,18.117,10
652.67,405.55,18.225,10
650.26,405.34,18.014,10
647.84,404.71,17.957,10
645.78,404.16,17.946,10
643.18,402.89,18.043,10
640.69,402.49,17.854,10
639.98,401,17.784,10
637.67,400.52,17.828,10
634.99,399.86,17.921,10
633.15,399.69,17.96,10
630.67,399.44,17.937,10
627.95,397.75,18.153,10
625.44,397.74,18.129,10
624.55,396.98,18.158,10
622.32,396.27,18.198,10
620.88,394.87,18.583,10
617.87,395.59,18.614,10
615.55,393.95,18.565,10
613.07,394.31,18.602,10
610.85,398.05,18.617,10
608.37,398.79,18.594,10
606.93,401.02,18.626,10
604.65,405.09,18.785,10
601.94,407.85,18.777,10
600.04,411.93,18.711,10
597.74,415.44,18.625,10
595.21,416.08,18.626,10
592.2,416.26,18.362,10
590.9,414.92,18.246,10
587.72,413.55,18.453,10
585.51,410.8,18.402,10
583.21,408.19,18.315,10
580.4,403.97,18.488,10
577.46,401.34,18.399,10
574.93,398.74,18.389,10
572.01,397.24,18.646,10
569.18,397.27,18.496,10
566.44,398.87,18.415,10
563.53,400.84,18.522,10
560.16,402.52,18.429,10
557.36,404.06,18.521,10
554.09,403.94,18.339,10
551.44,403.93,18.235,10
549.32,403.12,18.098,10
546.53,399.61,17.984,10
545.06,399.08,17.926,10
542.84,397.07,17.852,10
540.78,398.58,17.915,10
538.54,400.92,18.167,10
537.31,404.59,18.174,10
536.26,410.26,18.233,10
534.34,415.22,18.52,10
532.37,417.84,18.643,10
531.69,418.1,18.707,10
531.22,418.39,18.737,10
529.5,415.6,18.682,10
529.82,407.42,18.728,10
529.7,403.58,18.616,10
529.61,397.87,18.412,10
529.55,395.28,18.341,10
529.57,394.34,18.266,10
529.52,395.95,18.177,10
529.95,399.8,17.799,10
529.8,402.32,17.893,10
530.07,406.64,17.828,10
530.69,408.44,17.809,10
530.56,409.27,18.14,10
531.08,409.16,18.203,10
531.6,408.46,18.062,10
532.65,406.44,17.978,10
533.88,405.74,18.128,10
535.25,404.16,18.082,10
536.18,402.08,17.858,10
537.24,402.06,17.734,10
539.22,402.31,17.915,10
541.24,402.35,17.868,10
543.52,403.71,17.96,10
543.96,404.15,18.06,10
544.72,404.13,18.179,10
546.82,404.14,18.24,10
547.2,404.34,18.331,10
548.24,404.24,18.414,10
548.54,402.41,18.951,10
550.61,401.8,19.102,10
550.82,400.3,19.389,10
552.72,398.46,19.723,10
555.04,397.75,19.644,10
555.15,395.78,19.976,10
556.77,396.16,20.37,10
558.4,398.33,20.553,10
560.39,399.19,20.711,10
562.7,401.23,20.58,10
562.7,402.67,20.797,10
564.74,402.36,21.044,10
566.31,401.71,21.023,10
567.95,399.99,21.125,10
567.97,399.52,21.012,10
569.84,397.47,21.249,10
571.53,397.33,21.225,10
571.34,397.62,21.479,10
573.05,398.22,21.562,10
574.75,397.92,21.349,10
576.51,398.22,21.459,10
576.18,397.63,21.385,10
578.24,396.07,21.583,10
578,393.93,21.883,10
579.46,393.43,22.076,10
579.32,392.93,22.146,10.009
579.98,392.36,22.331,10.038
579.52,391.88,22.334,10.037
581.17,393.5,22.187,10.04
583.45,393.7,22.449,10
584.02,395.69,22.61,10
584.58,396.15,22.954,10
585.23,398.09,23.133,10
586.46,398.06,23.211,10.005
587.42,397.94,23.14,10.047
588.64,395.61,23.31,10
590.91,393.79,23.958,10
591.61,393.39,24.095,10
593.48,393.52,25.052,10
594.16,393.62,24.935,10
594.31,394.03,25.726,10
596.3,394.13,26.602,10
596.3,393.89,26.963,10
598.67,393.74,27.219,10
598.99,391.02,27.373,10
601.1,390.81,27.421,10
601.64,391.11,27.579,10
603.9,391.8,27.997,10
605.49,397.02,28.37,10
605.5,402.08,28.919,10
607.75,404.69,29.032,10
607.92,407.79,28.937,10
608.77,409.99,28.907,10
609.92,408.07,28.851,10
611.62,405.73,28.843,10
612.37,403.45,28.875,10
614.34,400.63,28.77,10
615.03,398.39,28.592,10
616.42,396.26,28.78,10
616.39,396.23,28.783,10
618.33,396.3,28.839,10
618.2,396.23,28.876,10
619.73,396.15,28.781,10
619.22,396.25,28.956,10
620.52,396.67,28.96,10
620.29,397.02,28.824,10
621.6,397.33,28.761,10
622.66,397.53,28.682,10
622.16,397.07,28.446,10.052
623.45,396.75,28.426,10
622.88,394.5,28.394,10
623.19,394.78,28.211,10
624.52,394.48,28.23,10
624.05,396.63,28.094,10
624,396.43,28.154,10
623.79,396.84,28.512,10
624.29,397.24,28.674,10
624,399.52,28.859,10
624.23,399.23,28.825,10.019
624.33,399.27,28.855,10.022
624.53,399.26,28.811,10
625.56,399.27,28.635,10
625.62,401.2,28.568,10
625.46,399.19,28.9,10
625.55,399.14,28.888,10
625.59,399.09,28.858,10
624.86,397.03,29.372,10
624.04,396.9,29.457,10
623.83,396.53,29.595,10
623.65,393.95,29.752,10
623.28,394.54,30.304,10
623.43,395.07,30.688,10
623.31,395.36,30.895,10
622.8,397.8,31.015,10
622.2,397.21,30.924,10
621.89,397.43,31.083,10
621.51,397.66,31.272,10
621.39,395.59,31.501,10
621.32,395.63,31.579,10
621.86,395.47,31.525,10.117
622.02,393.44,31.911,10.036
622.63,395.83,31.841,10.139
622.63,395.31,31.865,10.19
622.71,395.67,32.024,10.049
623.01,395.91,32.094,10
622.7,396.22,32.153,10
622.99,395.89,32.12,10.101
622.89,395.91,32.06,10.085
623.48,396.61,32.471,10.014
623.72,396.87,32.513,10.019
624.58,397.22,32.352,10.015
624.68,399.6,32.241,10
624.75,401.92,32.201,10
624.65,402.36,32.345,10
624.59,404.79,32.124,10.087
624.17,405.31,32.517,10
623.39,404.97,32.578,10
622.87,407.22,32.873,10.051
622.64,404.88,33.028,10.096
622.6,402.6,33.308,10.097
622.54,405.02,33.122,10.2
624.47,402.2,33.032,10.184
626.54,402.22,32.758,10.237
626.19,402.44,32.45,10.207
626.35,400.09,32.444,10.129
626.74,400.22,32.346,10.117
627.17,400.3,32.17,10
627.31,399.88,31.937,10.004
627.36,399.77,31.735,10
627.88,399.31,31.498,10.031
627.72,396.92,31.41,10
627.77,397.08,31.333,10
628.26,396.81,31.093,10
628.59,399.22,31.009,10
628.68,398.96,30.847,10
628.79,399.35,30.793,10
629.07,399.97,30.803,10
628.92,400.37,30.756,10
629.07,401.1,30.95,10
628.81,401.19,30.898,10
626.26,399.24,30.299,10.049
624.1,399.33,29.755,10.123
626.98,399.57,28.52,10.515
629.71,399.88,28.355,10.327
630.03,400.08,27.844,10.16
627.53,400.03,27.089,10.094
627.83,399.97,25.821,10.438
627.09,401.87,25.578,10.177
627.15,401.9,25.357,10.046
626.71,401.62,24.942,10
626.57,401.45,24.857,10
626.83,401.4,24.203,10.224
626.96,401.19,24.396,10
627.19,400.97,23.725,10.212
627.22,401.22,23.505,10.334
627.59,401.12,23.264,10.326
627.78,401.31,22.977,10.34
627.94,401.53,22.708,10.3
628.13,401.37,22.482,10.289
628.31,401.25,22.341,10.254
628.79,401.36,22.104,10.223
629.32,401.14,21.685,10.145
629.72,401.48,21.403,10.071
630.33,401.43,20.882,10
630.67,401.43,20.425,10
630.99,400.97,20.068,10
631.13,401.16,19.76,10
631.44,401,19.495,10
631.39,400.31,19.037,10
631.81,400.13,18.833,10
631.92,399.67,18.696,10
631.67,398.34,18.513,10
631.63,398.83,18.44,10
631.67,398.64,18.302,10
631.68,398.56,18.258,10
631.69,398.91,18.225,10
631.56,399.4,18.215,10
631.52,398.78,18.189,10
631.18,398.88,18.206,10
630.82,398.68,18.28,10
630.97,397.22,18.246,10
629.52,395.57,18.171,10
629.43,395.32,18.144,10
629.51,395.11,18.167,10
629.17,394.87,18.183,10
627.2,395.15,18.199,10
627.4,395.09,18.124,10
627.52,395.4,18.165,10
627.73,395.15,18.071,10
627.88,394.91,17.972,10
628.27,396.45,17.893,10
628.24,396.92,17.911,10
628.28,396.76,17.967,10
628.1,398.07,17.913,10
627.98,398.5,18.035,10
627.96,398.52,18.116,10
627.86,398.09,18.256,10
627.7,396.6,18.418,10
627.96,396.43,18.489,10
628.13,396.36,18.537,10
628.06,395.83,18.486,10
627.9,394.41,18.724,10
627.32,395.05,18.979,10
627.1,395.6,18.929,10
627.09,396.24,18.885,10
627.05,397.97,18.739,10
627.13,398.17,18.751,10
626.99,399.86,18.698,10
626.57,399.65,18.739,10
626.42,399.11,18.67,10
626.11,398.94,18.74,10
626.1,398.81,19.088,10
626.2,399.16,19.329,10
626.34,398.87,19.434,10
626.54,399.18,19.446,10
626.82,399.49,19.516,10
627.39,399.98,19.426,10
628.08,401.23,18.94,10
628.94,400.94,18.353,10
629.51,401.16,17.915,10
630.42,400.93,17.463,10
630.52,400.21,17.325,10
630.63,399.42,17.283,10
630.67,398.43,17.411,10
630.72,398.08,17.379,10
630.71,397.39,17.552,10
631.01,399.07,17.646,10
631.08,399.63,17.9,10
631.04,400.08,18.024,10
630.89,400.85,18.203,10
631.37,401.24,18.11,10
631.06,401.11,18.093,10
629.45,401.08,18.089,10
629.56,399.55,18.019,10
629.76,398.98,18.155,10
629.74,398.77,18.261,10
629.46,398.44,18.326,10
629.14,399.09,18.252,10
628.87,398.67,18.253,10
628.59,400.96,18.166,10
628.79,402.76,18.197,10
628.83,401.8,18.145,10
628.87,402.14,18.138,10
628.81,402.65,18.447,10
627.07,404.26,18.293,10
626.98,402.34,18.135,10
626.95,401.21,17.893,10
627.05,402.04,17.982,10
627.02,401.1,17.801,10
627.11,402.07,17.913,10
627.03,402.66,18.225,10
627.45,402.35,17.77,10
627.55,403.04,17.965,10
627.78,403.31,17.934,10
628.02,403.34,17.994,10
627.64,402.85,18.18,10
627.96,402.61,18.172,10
628.01,403.27,18.242,10
627.91,402.94,18.348,10
628.06,402.42,18.407,10
628.23,402.61,18.404,10
628.3,402.77,18.409,10
628.61,402.57,18.393,10
629.17,402.8,18.577,10
629.66,403.03,18.886,10
629.69,403.51,18.99,10
629.72,404.1,19.087,10
629.42,403.25,19.27,10
629.14,404.05,19.391,10
629.74,404.21,19.348,10
629.73,404.75,19.27,10
629.53,405.45,19.282,10
629.18,405.4,19.252,10
629.45,405.35,19.302,10
629.5,405.54,19.256,10
629.6,405.34,19.338,10
630.05,404.62,19.416,10
630.29,402.74,19.349,10
631.11,402.41,19.228,10
631.27,402.04,19.143,10
631.52,401.11,19.119,10
631.08,401.56,19.058,10
631.05,402.49,18.967,10
630.94,404.76,18.978,10
631.48,405.34,18.798,10
631.42,406.12,18.666,10
631.45,406.13,18.498,10
631.49,405.88,18.342,10
631.79,405.98,18.265,10
632.23,405.73,18.336,10
631.71,405.54,18.211,10
631.82,406.32,18.377,10
631.1,407.08,18.414,10
630.79,407.57,18.568,10
630.91,408.3,18.728,10
630.93,410.19,18.966,10
631.25,411.72,18.987,10
630.36,412.21,18.831,10
629.96,412.66,18.801,10
630.1,413.02,18.924,10
629.85,413.3,18.864,10
629.92,413.69,18.939,10
630.22,413.26,18.956,10
629.52,413.58,18.898,10
629.61,413.82,18.979,10
629.05,414.18,18.995,10
628.47,414.06,18.998,10
627.91,414.06,19.082,10
626.96,414.89,19.257,10
627.04,416.14,19.433,10
627.01,415.82,19.565,10
627.24,416.1,19.634,10
627.23,416.69,19.577,10
626.93,416.63,19.887,10
626.82,416.41,20.011,10
626.36,417.3,20.113,10
626.38,417.05,20.088,10
625.94,417.36,20.111,10
626.45,417.55,20.068,10
626.05,417.78,19.884,10
625.63,418.36,19.894,10
625.56,418.63,19.762,10
626.18,417.66,19.57,10
625.94,417.29,19.23,10
626.05,417.34,18.962,10
625.58,417.75,18.964,10
625.65,417.47,18.974,10
626,417.91,19.092,10
626.01,418.31,19.181,10
625.64,418.05,19.486,10
625.08,418.52,19.802,10
625.06,418.69,20.116,10
624.78,419.59,20.072,10
625.45,419.87,20.095,10
624.22,420.02,20.216,10
623.96,419.47,20.304,10
624.13,419.4,20.477,10
624.14,419.46,20.838,10
624.04,420.53,20.908,10
624.85,419.82,21.157,10
624.18,420.58,21.181,10
624.64,420.5,21.229,10
623.91,420.58,21.168,10
624.14,421.82,21.194,10
623.91,421.56,21.272,10
623.39,421.76,21.524,10
623.01,422.23,21.817,10
622.85,422.67,21.966,10
622.47,422.77,22.122,10
622.17,423.58,22.229,10
622.35,424.01,22.472,10
622.22,424.05,22.616,10
622.08,424.25,22.916,10
620.89,425.14,22.804,10.028
621.32,425.32,22.924,10
621.07,425.39,22.917,10
620.97,425.44,22.814,10
621.47,425.45,22.926,10
621.04,425.57,22.932,10
620.55,425.17,22.96,10
620.52,426.29,23.083,10
619.64,427.16,23.454,10.039
619.47,427.37,23.893,10
619.51,428.58,24.379,10.02
619.03,429.08,24.512,10.087
618.55,429.03,24.627,10.151
618.73,429.29,25.081,10.146
618.67,430.38,25.16,10.089
618.87,431.11,25.202,10.117
619.26,431.4,25.434,10.016
618.68,431.55,25.514,10.072
618.06,431.7,25.883,10
617.97,432.09,26.118,10.053
617.6,432.49,26.509,10.171
618.09,432.75,26.636,10.321
617.44,433.36,26.92,10.401
617.46,432.88,27.014,10.45
617.09,433.29,27.202,10.483
617.03,433.63,27.522,10.506
616.85,434.09,27.93,10.543
616.34,434.09,28.127,10.669
616.33,433.65,28.11,10.784
616.1,433.36,28.081,10.803
615.88,433.73,28.077,10.9
616.74,433.21,28.097,10.895
616.15,433.25,28.27,10.903
616.36,433,28.217,10.942
616.62,433.56,28.078,11.012
615.8,433.31,28.164,11
615.87,433.13,28.209,10.939
615.95,432.95,28.137,10.898
615.41,433,28.231,10.878
615.73,433.49,28.14,10.91
616.31,433.51,28.243,10.913
616.5,433.12,28.131,10.889
616.16,432.77,28.129,10.879
615.9,432.41,28.103,10.912
616.51,432.73,28.091,10.925
616.48,431.9,28.021,10.973
616.18,431.83,28.171,10.922
616.79,431.92,28.085,10.851
616.39,431.27,28.103,10.776
616.64,430.87,28.019,10.76
616.83,429.89,28.029,10.79
617.32,429.35,27.666,10.765
617.2,428.51,27.435,10.895
617.1,427.05,26.905,10.993
617.26,426.57,26.713,10.884
617.44,426.14,26.484,10.818
616.98,426.08,26.472,10.589
617.42,426.84,26.129,10.552
617.38,426.32,25.95,10.545
616.82,426.16,25.987,10.457
617.04,425.67,25.808,10.266
617.47,424.59,25.701,10.236
617.08,423.87,25.45,10.164
617.05,423.29,25.296,10
616.29,421.88,24.786,10
617.44,421.16,24.355,10
616.42,419.92,23.936,10
616.96,419.05,24.043,10
616.21,418.16,24.025,10
615.62,417.77,24.089,10
614.8,417.52,23.874,10
614.76,417.01,23.636,10
614.17,416.32,23.453,10
613.78,416.09,23.212,10
612.86,415.7,22.846,10
611.68,414.8,22.515,10.012
611.29,414.82,22.322,10
609.34,414.16,22.203,10
608.91,413.22,22.233,10
606.67,411.46,22.155,10
605.41,411.56,21.721,10.038
604.74,410.59,21.548,10
603.7,410.39,20.951,10
601.72,410.02,20.993,10
600.28,409.54,20.742,10
597.21,408.59,20.511,10
594.93,408.34,20.326,10
592.33,407.37,19.993,10
590.35,407.51,19.683,10
587.47,406.52,19.725,10
584.52,405.57,19.565,10
582.34,405.73,19.517,10
577.77,406.27,19.45,10
575.38,406.07,19.094,10
572.12,405.47,19.22,10
568.42,405.37,19.283,10
564.46,405.28,19.482,10
560.85,405.44,19.386,10
557.79,405.39,19.416,10
553.15,404.84,19.273,10
550.18,404.62,19.356,10
547.01,405.01,19.35,10
544.01,404.41,19.259,10
539.88,404.41,19.508,10
535.96,404.61,19.098,10
533.47,404.22,19.134,10
528.44,403.96,18.934,10
525.82,403.82,18.771,10
523.39,403.93,18.747,10
520.26,406,18.573,10
517.28,406.45,18.451,10
514.44,406.66,18.457,10
511.88,406.74,18.32,10
509.16,407.17,18.275,10
506.37,406.99,18.094,10
504.17,407.24,17.933,10
501.89,406.93,18.065,10
499.23,407.5,18.153,10
496.49,408.05,18.169,10
494.27,408.52,18.369,10
491.74,409.02,18.422,10
489.51,409.44,18.38,10
487.25,410.18,18.465,10
485.42,410.67,18.719,10
481.57,410.28,18.623,10
479.83,411.97,18.442,10
478.13,411.8,18.317,10
477.31,411.15,18.542,10
474.18,410.49,18.594,10
472.34,411.35,18.7,10
470.44,411.87,18.534,10
468.26,410.52,18.719,10
465.98,410.29,18.761,10
465.44,412.17,18.622,10
464.23,412.9,18.657,10
462.25,412.75,18.542,10
461.36,412.71,18.485,10
460.5,413.01,18.814,10
458.06,413.43,18.912,10
456.82,413.96,18.686,10
456.25,411.91,18.564,10
454.33,409.7,18.599,10
453.52,407.52,18.425,10
452.33,403.58,18.513,10
449.84,401.31,18.687,10
449.1,400.99,18.475,10
448.47,400.64,18.338,10
446.55,401.48,18.507,10
445.09,403.27,18.562,10
443.35,403.68,18.762,10
441.37,405.36,18.858,10
440.34,406.51,18.681,10
439.73,406.34,18.504,10
438.23,407.26,18.783,10
435.55,407.99,18.918,10
434.78,407.61,18.888,10
433.61,406.92,18.646,10
432.31,407.28,18.524,10
430.6,407.7,18.491,10
429.3,406.15,18.523,10
427.51,406.65,18.52,10
426.46,406.95,18.239,10
425.53,409.29,18.267,10
424.37,410.14,18.208,10
422.38,410.65,18.208,10
421.71,411.09,18.373,10
420.75,413.16,18.316,10
419.81,410.86,18.235,10
418.87,412.64,18.283,10
416.27,413.35,18.252,10
415.77,412.19,18.097,10
415,413.09,18.319,10
413.01,413.93,18.532,10
412.28,415.01,18.637,10
411.06,415.13,18.694,10
410.17,414.64,18.85,10
409.21,416.05,19.004,10
408.32,417.01,18.826,10.051
407.7,417.55,18.664,10
406.97,416.55,18.732,10
406.57,416.68,18.861,10
405.09,416.27,18.686,10
405.35,416.07,18.476,10.286
403.77,416.31,18.729,10
402.32,416.57,18.96,10
400.58,415.29,19.022,10
400.07,415.38,18.963,10
398.9,415.76,18.754,10
398.77,414.58,18.473,10
398.22,413.54,18.733,10
397.36,413.11,18.543,10
396.17,412.42,18.777,10
395.02,412.36,19.121,10
393.84,411.54,19.24,10
393.48,411.64,19.302,10
392.66,411.35,19.127,10
392.27,410.96,18.953,10
391.62,410.87,18.698,10
391.14,410.83,18.486,10
390.28,410.24,18.581,10
388.78,410.79,18.537,10
388.7,411.06,18.645,10
387.86,411.12,18.691,10
387.58,411.24,18.684,10
386.75,411.67,18.674,10
386.26,411.15,18.714,10
385.05,410.89,18.772,10
385.82,410.27,18.755,10
385.31,410.01,18.62,10
384.53,409.66,18.551,10
383.96,409.32,18.605,10
384.7,409.56,18.49,10
383.99,408.78,18.42,10
383.68,409.54,18.33,10
384.43,409.71,18.188,10
384.11,409.83,18.032,10
383.27,410.02,18.114,10
383.27,409.27,18.151,10
383.33,409.39,18.196,10
383.34,409.59,18.237,10
383.18,409.81,18.277,10
383.35,410.15,18.435,10
384.14,409.77,18.468,10
384.4,410.74,18.382,10
384.34,411.55,18.405,10
384.92,411.11,18.235,10
384.79,410.55,18.163,10
385.51,410.83,18.106,10
385.96,410.98,18.202,10
386.14,411.08,18.084,10
386.37,410.9,18.176,10
386.5,412.56,18.585,10
387.1,412.36,18.661,10
387.72,412.82,18.699,10
388.35,412.53,18.664,10
389.08,412.05,18.786,10
390.16,412.39,18.894,10
390.36,412.58,18.842,10
390.93,411.84,18.736,10
392.19,411.13,18.771,10
392.29,410.93,18.628,10
393,410.68,18.765,10
394.24,410.47,18.964,10
394.83,410.78,18.971,10
395.58,410.25,19.032,10
396.38,409.62,19.086,10
398.14,409.86,19.009,10
399.11,410.79,19.087,10
399.65,411.09,19.074,10
400.38,411.25,19.291,10
401.31,411.28,19.523,10
404.01,411.5,19.318,10
404.78,411.16,19.289,10
407.21,410.41,19.06,10
408,410.05,18.98,10
409.43,409.95,18.957,10
410.52,409.86,18.941,10
412.9,409.7,18.852,10
414.47,409.59,18.808,10
415.96,409.42,18.641,10
418.68,410.16,18.684,10
419.76,410.06,18.724,10
421.47,409.84,18.557,10
422.67,409.46,18.62,10
424.09,409.43,18.807,10
427.16,409.17,18.71,10
427.89,408.75,18.643,10
431.14,408.16,18.488,10
432.14,408.29,18.409,10
432.78,407.63,18.134,10
433.76,407.49,17.728,10
435.01,407.76,17.645,10
435.9,407.2,17.64,10
436.98,407.51,17.639,10
437.5,406.86,17.701,10
439.23,407.13,17.483,10
439.63,407.48,17.564,10
440.1,407.67,17.614,10
440.26,406.84,17.606,10
440.87,406.45,17.495,10
440.97,406.43,17.597,10
441.15,405.91,17.569,10
441.31,405.4,17.591,10
441.71,405.6,17.6,10
442.02,405.41,17.594,10
442.2,405.95,17.796,10
442.57,406.13,17.899,10
442.44,406.5,18.006,10
442.59,406.55,18.022,10
442.82,406.44,18.052,10
443.1,406.27,17.978,10
442.74,406.49,17.91,10
442.6,407.02,17.92,10
442.35,407.12,17.793,10
442.18,407.39,17.661,10
441.79,407.57,17.404,10
441.42,407.69,17.323,10
440.31,408.22,17.191,10
440.03,408.08,16.972,10
438.82,408.32,17.046,10
437.12,408.74,17.129,10
435.59,408.9,17.202,10
433.83,409.31,17.138,10
432.16,409.16,17.332,10
430.69,409.37,17.509,10
429.16,409.89,17.717,10
425.85,409.71,17.711,10
423.77,409.69,17.746,10
421.04,409.85,17.781,10
419.53,410.3,17.892,10
417.73,410.87,17.863,10
415.05,411.35,17.777,10
412.66,411.9,17.835,10
410.01,411.83,17.986,10
407.65,412.43,18.181,10
406.31,412.76,18.088,10
403.42,413.51,18.21,10
401.98,413.84,18.048,10
400.46,414.43,17.817,10
398.55,415.01,17.918,10
395.85,414.85,17.951,10
394.31,415.47,17.988,10
392.01,415.49,17.853,10
390.68,415.95,17.847,10
389.11,415.63,17.897,10
387.25,415.71,18.123,10
385.45,415.93,17.958,10
383.78,416.38,17.874,10
381.92,416.46,17.914,10
380.48,416.66,17.875,10
378.57,416.49,18.243,10
376.84,416.55,18.195,10
375.93,417.08,18.063,10
374.33,417.02,18.147,10
372.23,416.86,18.01,10
370.09,417.9,18.099,10
368.96,418.18,18.171,10
367.31,417.81,18.244,10
366.39,418.44,18.255,10
365.31,418.15,18.36,10
363.59,418.03,18.669,10
362.11,418.32,18.607,10
361.02,418.7,18.849,10
360.38,418.51,18.825,10
359.01,418.58,18.762,10
358.24,419.03,19.04,10
357.29,419,19.121,10
356.56,419.05,19.224,10
354.94,419.48,19.417,10
354.26,419.92,19.491,10
353.16,420.21,19.455,10
353.44,419.28,19.39,10
352.22,419.36,19.35,10
352.38,419.42,19.294,10
351.37,420.16,19.061,10
351.43,420.64,19.078,10
350.98,421.15,19.219,10
349.92,421.11,19.421,10
349.37,421.16,19.718,10
348.66,421.42,19.949,10
347.37,421.55,20.005,10
347.33,421.02,20.037,10
346.51,421.69,19.972,10
346.33,421.59,19.962,10
345.34,421.44,19.81,10
345.1,422.41,19.757,10
343.88,422.41,19.613,10
342.47,422.54,19.74,10
343.01,422.08,19.724,10
341.57,422.44,19.811,10
340.8,422.84,20.018,10
339.66,422.43,20.127,10
339.12,422.55,20.31,10
337.58,422.79,20.29,10
337.33,423.28,20.08,10
335.96,423,19.834,10
335.48,423.08,19.599,10
334.74,423.31,19.571,10
333.3,423.84,19.508,10
332.02,423.94,19.693,10
331.38,423.87,19.743,10
330.57,423.73,20.189,10
329.72,424.25,20.475,10
328.99,423.94,20.425,10
327.44,424.55,20.388,10
326.38,424.53,20.313,10
324.99,424.61,20.526,10
323.7,424.9,20.694,10
322.54,425.11,21.108,10
321.26,425.3,21.114,10
320.35,425.72,20.953,10
319.12,425.41,20.779,10
317.12,426.32,20.716,10.056
316.43,426.65,20.939,10
314.99,426.03,21.015,10
313.22,426.52,21.098,10
312.01,426.57,21.014,10
310.37,426.91,20.913,10
309.08,427.34,20.831,10
308.56,427.62,20.683,10
307.05,427.56,20.639,10
305.81,427.47,20.664,10
304.1,428.1,20.521,10.004
302.48,427.72,20.317,10
301.45,428.24,20.235,10
299.77,428.18,20.129,10
298.21,428.68,20.341,10
296.33,429.16,20.288,10
294.2,429.29,20.219,10
292.16,429.64,20.546,10
290.85,430.41,21.018,10
289.15,430.79,21.331,10
287.22,430.76,21.283,10
285.72,430.82,21.254,10
283.66,431.04,21.293,10
282.02,430.78,21.449,10
280.21,431.36,21.56,10
278.14,431.64,21.368,10
276.24,431.99,21.484,10
273.72,432.71,21.558,10.001
271.41,432.78,21.86,10
269.2,432.74,21.875,10
267.38,432.86,22.107,10
265.6,433.23,22.596,10
263.83,433.61,23.002,10
261.5,433.83,22.849,10.041
258.85,434.12,22.92,10.173
258.03,434.77,22.979,10.169
255.41,434.78,22.682,10.263
253.43,434.92,22.495,10.332
251.57,435.58,22.556,10.379
249.7,435.6,22.749,10.331
248.42,435.98,23,10.272
246.81,436.27,23.165,10.23
244.51,436.69,23.161,10.204
242.57,437.22,23.13,10.249
241.16,437.33,23.257,10.065
240.5,437.62,22.969,10.056
238.95,437.78,23.051,10
237.76,437.99,22.938,10
236.3,438.53,22.756,10
234.31,438.68,22.689,10
233.75,439.27,22.924,10
232.5,439.56,22.961,10
231.65,439.34,23.077,10
230.53,440.05,23.251,10
229.51,439.87,23.296,10
228.08,440.27,23.262,10
227.27,440.45,23.488,10
225.97,440.15,23.525,10
226.1,440.1,23.718,10
226.17,440.11,23.787,10
224.99,440.24,24.083,10
224.87,440.74,24.243,10
224.65,440.62,24.393,10
225.28,440.82,24.316,10
225.56,440.61,24.307,10
224.33,440.07,24.375,10
224.49,440.22,24.455,10
225.11,439.94,24.293,10
225.26,440.35,24.292,10
225.44,440.8,24.267,10.055
224.41,440.9,24.377,10.01
224.9,441.31,24.388,10.043
224.44,440.89,24.236,10
224.69,440.38,24.117,10
224.51,440.54,24.263,10
224.38,439.9,24.387,10
224.76,440.61,24.429,10.036
225.45,440.8,24.449,10
225.1,441,24.453,10
224.93,441.07,24.331,10.015
225.2,440.72,24.318,10.054
224.91,440.73,24.227,10.044
225.23,440.34,24.274,10.084
225.4,440.63,24.403,10.085
225.08,440.69,24.377,10.092
224.95,440.8,24.29,10.07
225.39,440.52,24.339,10.066
225.21,440.64,24.275,10.006
225.45,440.36,24.302,10
224.7,440.79,24.343,10
224.95,440.54,24.302,10
225.24,440.3,24.307,10
225.45,440.68,24.408,10
225.05,440.81,24.426,10
224.66,440.93,24.445,10
225.41,441.13,24.391,10
225.13,440.6,24.277,10
225.33,440.4,24.208,10
225.38,440.79,24.278,10
224.67,440.54,24.132,10.021
224.81,440.29,24.069,10.015
224.97,440.67,24.082,10.019
225.24,440.39,24.024,10.009
225.54,440.74,23.92,10.028
225.68,440.55,23.89,10.017
224.97,440.35,23.784,10
225.59,440.47,23.754,10
225.1,440.6,23.925,10
225.34,440.33,23.884,10
225.49,440.67,23.893,10.022
225.64,440.41,23.927,10.042
224.93,440.81,23.903,10.012
225.17,440.61,23.87,10.021
225.42,440.41,23.842,10.026
225.72,440.86,23.842,10.029
225.12,440.63,23.731,10
225.74,440.69,23.704,10.008
225.25,440.76,23.706,10
224.7,440.86,23.749,10
225.36,440.84,23.673,10
224.95,440.82,23.688,10
225.58,440.81,23.644,10
225.24,440.81,23.651,10
224.87,440.83,23.764,10
225.56,440.88,23.795,10
225.19,440.94,23.88,10
225.47,440.62,23.907,10
225.77,440.37,23.862,10
225.17,440.76,23.807,10
224.95,440.8,23.796,10.01
225.6,440.82,23.76,10.034
225.24,440.77,23.711,10.03
224.93,440.76,23.765,10
225.51,440.72,23.798,10
225.19,440.76,23.759,10
224.88,440.8,23.734,10
225.55,440.83,23.723,10.002
225.31,440.89,23.689,10
224.87,440.99,23.79,10
225.52,441.08,23.856,10.008
225.75,440.75,23.875,10
224.99,440.47,23.879,10
225.18,440.8,23.989,10
225.38,440.48,23.996,10
225.51,440.83,24.068,10
224.9,440.53,23.972,10
225.24,440.24,23.955,10
225.49,440.49,23.978,10
225.8,440.74,23.958,10
225.15,440.38,23.898,10
225.32,440.66,23.909,10
225.56,440.33,23.883,10
225.77,440.6,23.879,10
224.95,440.31,23.908,10
225.02,440.66,23.967,10
224.97,440.45,24.094,10
225.08,440.84,24.234,10.031
225.26,440.58,24.341,10.072
224.96,440.68,24.354,10.081
224.84,440.79,24.223,10.078
225.14,440.55,24.23,10.085
225.44,440.32,24.238,10.09
224.86,440.71,24.201,10.026
225.13,440.46,24.19,10.039
225.27,440.87,24.229,10.027
225.51,440.62,24.232,10.04
224.8,440.33,24.228,10
224.91,440.68,24.286,10
225.15,440.4,24.351,10
225.29,440.75,24.437,10
224.99,440.82,24.404,10
224.69,440.89,24.375,10
224.92,440.54,24.471,10
224.57,440.57,24.446,10
225.27,440.59,24.398,10.012
224.94,440.61,24.369,10
225.32,440.22,24.349,10
225.49,440.45,24.344,10
224.87,440.63,24.284,10
225.23,440.25,24.313,10
225.4,440.53,24.363,10
224.82,440.17,24.36,10
224.98,440.45,24.405,10
224.72,440.44,24.321,10
224.97,440.86,24.556,10
224.75,440.89,24.47,10.026
225.69,440.82,24.338,10.128
225.79,440.83,24.471,10.087
225.02,440.66,24.451,10.115
225.16,440.69,24.551,10.085
225.8,440.66,24.485,10.045
225.66,440.6,24.664,10
226.84,440.19,24.565,10.086
227.23,439.75,24.506,10.133
227.74,440.09,24.479,10.135
228.52,439.69,24.297,10.133
228.97,440.18,24.338,10.043
229.27,439.83,24.401,10
230.53,440.1,24.23,10
230.92,439.92,24.225,10
231.97,439.4,24.006,10.013
232.95,439.93,23.909,10
233.28,439.49,23.869,10
234.92,439.62,23.473,10
235.94,439.24,23.19,10.024
236.31,439.2,22.956,10.007
237.41,439.1,22.829,10
239,438.99,22.973,10
240.71,438.41,22.828,10
241.57,438.26,22.991,10.015
242.25,437.88,23.016,10.052
243.24,437.38,22.952,10.173
244.47,437.08,22.93,10.252
246.25,436.88,22.899,10.282
247.81,436.46,23.006,10.273
249.35,436.11,23.133,10.193
250.9,435.61,23.397,10.118
252.25,435.47,23.519,10.101
253.31,435.25,23.491,10.147
255.22,435.07,23.252,10.23
257.43,434.51,23.308,10.221
258.12,434.31,23.286,10.276
260.34,433.85,23.555,10.241
262.7,433.58,23.524,10.392
264.82,433.46,23.426,10.259
266.48,433.28,23.235,10.171
267.29,432.95,23.287,10.064
269.57,432.84,23.079,10.058
272.2,432.26,22.627,10.123
273.3,432.62,22.796,10.009
275.1,431.9,22.832,10
277.14,431.81,22.585,10
280.21,431.69,22.223,10
282.19,431.46,22.32,10
283.92,431.21,22.288,10
287.43,430.51,21.896,10
289.42,429.88,21.763,10
291.76,429.69,21.551,10
294.7,429.67,21.632,10
297.27,429.05,21.515,10
299.74,428.13,21.189,10
301.61,427.11,21.27,10
305.14,426.63,21.198,10
307.33,426.32,21.356,10
309.8,425.62,21.282,10
312.37,425.49,21.446,10
315.12,424.74,21.506,10
319.67,424.7,21.47,10
321.56,424.16,21.466,10
323.95,423.26,21.51,10
327.78,422.82,21.013,10
330.2,422.66,21.082,10
332.69,422.14,20.801,10
335.44,421.74,20.627,10
337.56,420.9,20.861,10
340.15,420.57,20.702,10
344.18,419.77,20.478,10
346.81,419.81,20.456,10
350.05,419.4,20.123,10
352.7,418.78,20.054,10
355.05,418.38,19.995,10
359.62,418.35,19.796,10
361.93,417.83,19.726,10
365.8,417.1,19.845,10
367.93,416.48,19.581,10
370.27,416.58,19.711,10
374.96,414.79,19.621,10
377.13,415.13,19.602,10
381.28,414.66,19.593,10
385.35,413.73,19.408,10
388.88,413.42,19.509,10
392.59,412.48,19.445,10
396.08,411.7,19.485,10
400.26,411.08,19.385,10
402.94,409.64,19.589,10
406.08,409.66,19.736,10
410.58,409.4,20.113,10
415.93,408.7,20.069,10
419.05,408.8,20.321,10
422.1,408.72,20.633,10
426.88,407.23,21.491,10
431.77,407.16,21.665,10
437.09,406.64,21.464,10
441.97,406.52,21.263,10
447.19,405.75,20.816,10
450.11,404.27,20.991,10
454.61,404.51,21.286,10
459.5,404.24,21.24,10
464.06,403.78,21.266,10
468.67,403.47,21.225,10
473,403.1,21.14,10
477.44,401.63,21.27,10
482.15,401.85,21.16,10
484.95,401.74,21.459,10
489.84,400.12,21.548,10.02
494.6,399.62,21.373,10.043
499.26,399.49,21.137,10
504.28,397.95,21.284,10
508.4,398.53,21.264,10
511.24,398.42,20.992,10
513.93,398.43,21.116,10
520.07,397.93,20.989,10
522.39,397.19,21.061,10
526.5,397.09,20.853,10
529.81,396.65,21.408,10
533.38,394.9,21.569,10
537.02,395.18,21.58,10
540.97,394.9,21.464,10
542.82,394.83,21.372,10
545.16,394.64,21.406,10
547.88,394.42,21.545,10
548.89,393.86,21.531,10
552.2,393.97,21.684,10
555.13,393.44,21.84,10
556.9,393.06,21.841,10
559.63,392.8,21.935,10
561.95,392.46,21.829,10
564.4,392.27,21.572,10
566.57,390.6,21.223,10
568.16,390.83,21.328,10
569.97,391.08,21.251,10
572.21,389.47,21.253,10
574.12,389.3,21.257,10
574.19,389.15,21.341,10
574.66,389.2,21.393,10
574.96,388.94,21.368,10
576.82,388.8,21.432,10
577.12,388.75,21.458,10
577.84,388.61,21.632,10
579.79,386.82,21.846,10
580.14,387.02,22.022,10
581.77,387.53,22.166,10
582.03,387.46,22.208,10
583.64,387.77,22.943,10
585.63,387.78,23.219,10
585.55,387.84,23.397,10
585.92,388.18,24.317,10
587.98,388.31,24.619,10
587.83,388.33,25.274,10
589.41,387.91,26.159,10
589.37,386.05,26.696,10
589.55,385.77,27.249,10
590.54,385.81,27.623,10
590.86,386.07,28.032,10
592.18,385.78,28.084,10
591.77,385.81,28.291,10
592,385.61,28.373,10
593.84,385.21,28.42,10
593.71,385.08,28.577,10
595.69,384.78,28.737,10
596.06,384.53,28.735,10
596.41,382.37,28.743,10
596.67,382.79,28.864,10
596.72,383.2,28.781,10
597.89,383.12,28.7,10
599.67,382.62,27.997,10.389
599.17,382.22,27.591,10.595
599.26,382.16,27.681,10.415
600.96,382.52,27.49,10.184
600.85,382.66,27.567,10
601.36,382.73,27.512,10
602.6,382.93,27.761,10
602.15,385.27,27.773,10
602.19,385.16,27.862,10
602.68,385.32,27.997,10
603.95,385.47,28.222,10
604.6,387.63,27.967,10
604.13,387.44,27.968,10
603.79,387.41,27.921,10
604.41,387.13,27.92,10
604.15,386.98,27.988,10
603.28,387.04,28.264,10
604.16,384.81,28.554,10
605.01,384.71,28.611,10
604.01,384.5,28.801,10
602.89,384.42,28.986,10
602.77,384.33,29.093,10
603.02,384.44,29.209,10
602.83,384.76,29.323,10
603.61,387.23,29.149,10
602.21,387.18,29.193,10
602.8,387.06,29.095,10
601.61,387.14,29.239,10
602.22,386.89,29.17,10
601.24,384.57,29.346,10
600.17,381.78,29.232,10
600.65,381.55,29.286,10
599.25,379.13,29.432,10
598.13,379.18,29.499,10
597.96,381.4,29.413,10.052
598.06,381.41,29.24,10
597.96,381.79,29.27,10
597.04,384.39,29.538,10
596.03,386.82,29.597,10
595.52,387.26,29.713,10
595.25,390.18,29.811,10
594.28,390.25,29.852,10
593.98,390.31,29.819,10
593.03,390.23,29.643,10
592.16,388.17,29.731,10
591.4,388.25,29.591,10
590.65,388.25,29.411,10
590.46,388.15,29.303,10
589.13,388.48,29.255,10
588.96,390.83,29.115,10
588.19,391.29,29.161,10
587.07,391.68,29.175,10
586.35,394.01,29.136,10
585.82,393.94,28.979,10
584.89,394.01,28.855,10
584.17,391.9,28.817,10
583.82,391.89,28.783,10
584.13,391.76,28.16,10.263
586.2,391.43,27.474,10.568
586.01,391.3,26.954,10.748
585.41,391.3,26.473,10.798
584.6,391.51,26.603,10.433
584.38,391.92,26.799,10.095
586.49,394.19,26.277,10.275
586,394.19,25.987,10.342
585.12,394.45,26.414,10
584.72,394.69,26.751,10
584.84,394.69,26.442,10.119
584.97,394.72,26.117,10.282
585.39,394.49,25.844,10.384
585.7,394.35,25.616,10.462
585.86,394.36,25.557,10.502
586.11,394.48,25.524,10.444
587.9,394.72,25.322,10.416
587.67,395.19,25.273,10.327
587.57,395.38,25.173,10.358
587.5,395.74,25.18,10.307
587.05,396.23,25.585,10
587.64,398.29,25.102,10.259
588.17,398.28,24.782,10.418
588.49,398.56,24.484,10.498
590.56,398.47,24.247,10.48
588.68,398.21,24.019,10.57
588.64,396.46,24.647,10.069
590.43,396.7,24.922,10
591.46,396.8,25.134,10
591.95,396.71,25.09,10
592.5,396.6,25.101,10
591.13,396.56,25.182,10
591.68,396.52,25.097,10
591.87,396.42,25.085,10
591.85,396.44,25.208,10
588.91,396.38,25.565,10
588.91,396.44,25.349,10.058
587.14,396.4,25.095,10.109
587.19,396.44,25.053,10.106
587.22,396.54,25.063,10.131
585,394.54,24.987,10.146
584.46,394.28,25.573,10
584.04,394.46,26.191,10
583.64,394.56,26.593,10
582.95,392.85,27.249,10
582.11,395.26,27.486,10
581.28,395.66,27.877,10
580.25,395.86,28.111,10
579.05,396.18,28.326,10
578.44,396.28,28.514,10
577.72,396.3,28.56,10
576.85,394.4,29.062,10
575.66,394.47,29.262,10
574.84,394.57,29.394,10
573.57,394.54,29.481,10
573.52,394.64,29.475,10
573.08,394.68,29.482,10
572.85,392.59,29.917,10
572.77,392.93,30.022,10
572.55,393.27,30.205,10
572.07,392.92,30.329,10
571.28,392.65,30.436,10
571.88,392.59,30.392,10
572.08,392.83,30.471,10
572.51,392.95,30.478,10
572.61,392.9,30.43,10
572.53,392.95,30.573,10
574.65,392.57,30.42,10.003
573.75,392.04,30.7,10.008
575.25,391.77,30.693,10
574.72,391.76,30.738,10
576.69,391.89,30.887,10
579.1,391.9,30.747,10
579.99,392.25,30.805,10
581.38,392.8,30.857,10
582.13,392.72,30.791,10
583.05,392.5,30.524,10
585.8,392.26,30.198,10
588.36,392.24,29.748,10
588.75,392.02,29.443,10
591.14,391.9,28.985,10.084
592.62,392.06,28.448,10.03
595.3,392.03,28.336,10
598.34,391.86,28.094,10
600.58,391.89,27.748,10.016
603.06,391.59,27.444,10
605.98,389.61,27.491,10
607.13,389.93,27.295,10
610.56,390.09,27.067,10
613.71,389.95,26.967,10
616.17,389.96,27.063,10
619.86,390.26,27.013,10
622.94,390.17,26.815,10
626.02,390.13,26.658,10
629.62,389.79,26.56,10
633.58,389.78,26.123,10
637.63,389.87,25.642,10
641.31,389.67,25.509,10
645.57,389.09,24.859,10.23
650.44,388.64,24.335,10.254
655.16,388.4,23.589,10.336
659.65,387.88,23.177,10.318
665.89,387.57,23.008,10.242
671.69,387.95,22.624,10.224
677.3,387.7,22.416,10.207
682.97,387.75,22.288,10.155
688.73,389.37,21.747,10.26
694.17,389.25,21.436,10.294
701.67,388.96,21.098,10.284
707.62,387.15,20.858,10.186
715.03,387.04,20.621,10.082
722.05,386.94,20.489,10.066
730.15,386.71,20.651,10
737.18,384.95,20.793,10
742.9,385.23,20.815,10
751.68,384.89,20.9,10
756.99,384.55,20.821,10
765.73,384.52,20.862,10
772.31,384.56,20.899,10
778.98,384.62,21.02,10
786.01,384.59,20.907,10
793.47,384.51,20.666,10
800.53,384.1,20.534,10
808.03,383.93,20.313,10
815.23,384.02,20.21,10
822.45,382.3,20.153,10
832.33,382.3,20.179,10
839.02,382.47,20.18,10
845.61,382.61,20.201,10
853.98,382.82,20.339,10
860.76,383.08,20.458,10
869.24,383.07,20.289,10
876.06,382.77,20.249,10
883.26,383.08,20.305,10
891.83,382.98,20.396,10
898.26,384.52,20.365,10
905.4,384.32,20.237,10
913.67,384.06,20.155,10
920.63,383.83,19.964,10
927.3,383.95,19.989,10
934.16,384.06,20.044,10
940.7,384.16,20.112,10
948.45,383.73,19.974,10
953.31,383.59,19.908,10
959.8,383.41,19.875,10
964.61,385.01,19.915,10
970.94,384.63,19.933,10
976.78,382.26,19.872,10
982.54,382.37,20.028,10
987.01,382.29,19.915,10
991.86,380.39,19.916,10
997.39,381.88,19.726,10
1000.1,381.35,19.654,10
1006.3,379.67,19.714,10
1009.6,379.79,19.777,10
1014.4,381.26,19.643,10
1017.2,381.23,19.563,10
1021.1,380.83,19.397,10
1024.7,382.22,19.187,10
1026.9,380.2,19.079,10
1029,379.91,19.096,10
1031.5,381.57,19.085,10
1032.5,381.37,19.159,10
1036.5,379.53,19.266,10
1038.8,379.36,19.222,10
1041,379.25,19.257,10
1043.2,377.4,19.289,10
1045.5,377.43,19.407,10
1047.4,377.08,19.332,10
1048.1,376.65,19.402,10
1050.5,376.55,19.545,10
1052.9,376.2,19.601,10
1054.6,376.3,19.698,10
1055.8,377.69,19.616,10
1056.8,377.28,19.595,10
1058.5,377.61,19.642,10
1061.1,377.43,19.733,10
1063.5,379.55,19.781,10
1064,379.84,19.982,10
1064.9,381.26,19.738,10
1067.3,381.53,19.817,10
1069.8,381.32,19.763,10
1070.8,381.01,19.678,10
1073.2,378.94,19.535,10
1075.4,378.75,19.617,10
1077.9,378.68,19.714,10
1078.7,378.73,19.834,10
1079.6,378.29,19.846,10
1082.1,377.88,19.955,10
1084.4,376.05,20.033,10
1087,376.16,20.14,10
1087.9,376.21,20.225,10
1088.8,376.42,20.269,10
1087.9,377.79,20.293,10
1089,377.83,20.361,10
1090.2,377.74,20.459,10.051
1093,375.86,20.543,10.077
1094.4,375.37,20.553,10.091
1095.7,375.45,20.455,10.105
1096.8,375.53,20.336,10.093
1097.7,375.45,20.152,10.069
1097,375.84,20.215,10.03
1097.7,376.07,20.268,10
1096.6,376.08,20.123,10
1097.3,377.6,20.079,10
1096.9,379.56,20.03,10
1095.2,381.49,20.093,10
1093.3,383.52,20.255,10
1092.3,383.81,20.283,10
1090,383.67,20.193,10
1087.3,381.42,20.133,10
1084.7,379.36,20.143,10
1082.2,379.35,20.244,10
1078.1,377.4,20.315,10
1073.9,375.62,20.663,10
1069.8,375.58,20.984,10
1064.2,377.54,21.55,10
1058.2,379.75,21.917,10
1052.8,383.76,21.726,10
1046.2,387.8,21.865,10
1039.7,393.78,21.835,10
1033.9,396.16,21.737,10
1028.1,398.49,21.805,10
1021.9,398.26,22.224,10
1016.9,394.19,22.768,10
1012.9,393.84,22.66,10
1005,391.83,22.908,10
998.75,389.62,23.179,10
990.5,387.65,23.5,10
981.91,389.33,23.649,10
973.88,389.18,23.87,10
966.31,390.92,23.513,10.215
956.59,388.91,23.413,10.123
947.92,391.25,23.591,10
939.02,391.51,23.867,10
929.86,391.52,24.002,10
920.28,391.03,23.799,10.124
912.47,390.66,23.542,10.146
903.41,388.73,23.531,10
893.06,388.35,23.844,10
882.32,388.29,24.647,10
874.26,387.85,24.275,10.177
863.19,387.54,24.54,10
852.13,387.14,24.808,10
841.05,387.15,24.912,10
830.26,386.76,25.068,10
819.13,386.52,25.241,10
807.19,386.25,25.184,10
815.93,379.2,23.972,10.512
810,379.15,22.857,10.974
799.24,379.59,22.115,11.088
786.38,381.73,21.177,11.302
777.17,383.53,20.632,11.353
766.48,383.73,20.023,11.369
757.34,383.7,19.823,11.352
744.88,383.41,19.367,11.357
736.49,381.91,19.04,11.196
728.06,380.4,18.921,11.075
719.87,378.88,18.642,11.022
711.61,378.92,18.431,10.894
703.79,377.47,18.248,10.754
697.2,377.58,17.997,10.572
689.1,377.76,18.09,10.244
681.5,377.94,18.344,10.158
675.59,377.88,18.249,10.155
671.57,378.36,18.004,10.083
665.46,378.67,17.848,10.102
661.64,379.09,17.677,10.014
657.52,379.32,17.533,10.031
653.49,378.99,17.379,10.049
650.14,377.5,17.316,10.035
647.97,377.5,17.412,10.001
644.78,377.86,17.405,10
642.96,377.58,17.394,10.088
640.98,377.72,17.326,10.155
639.67,377.79,17.332,10.167
639.36,377.59,17.419,10.128
637.38,377.6,17.636,10.104
636.82,377.93,17.706,10
634.82,378.11,17.918,10
633.62,378.32,18.086,10.032
633.79,378.19,18.259,10.077
633.83,378.16,18.506,10.104
631.68,379.41,18.528,10.186
631.17,378.92,18.606,10.278
630.89,380.25,18.709,10.264
631.78,380.51,18.662,10.214
631.99,380.92,18.851,10.228
631.78,381.01,18.819,10.357
630.1,381.17,18.929,10.403
629.9,381.29,19.101,10.454
628.37,380.97,19.197,10.447
626.6,381.08,19.343,10.416
625.19,382.64,19.394,10.406
623.53,381.02,19.375,10.421
621.92,381.44,19.424,10.407
621.49,381.89,19.377,10.482
617.58,383.64,19.669,10.441
616.82,383.73,19.776,10.475
614.54,383.91,19.737,10.545
612.41,383.77,19.594,10.616
612.35,383.85,19.089,10.722
610.05,384.25,18.729,10.736
607.57,384.25,18.712,10.659
607.21,384.61,18.53,10.68
601.43,386.09,18.482,10.76
601.39,385.95,18.308,10.795
599.5,385.8,18.189,10.802
597.18,385.54,18.011,10.855
596.49,385.64,17.857,10.944
592.92,385.83,17.714,10.881
590.73,385.75,17.771,10.797
588.35,385.43,17.543,10.824
585.9,384.98,17.422,10.874
582.07,384.71,17.396,10.856
581.61,383.04,17.284,10.805
578.86,382.98,17.198,10.783
576.34,382.98,17.119,10.772
573.59,382.6,17.142,10.755
571.03,382.37,17.174,10.734
566.98,382.43,17.064,10.727
563.1,381.63,16.38,11.172
560.92,382.92,16.392,11.034
557.48,382.1,15.912,11.264
554.4,382.27,15.475,11.501
550.9,382.09,15.095,11.746
545.77,383.72,15.351,11.462
545.48,382.06,15.328,11.25
543.28,382.03,15.293,11.078
541.05,382.15,15.263,11.021
538.69,382.18,15.348,10.917
536.33,382.24,15.364,10.809
533.84,382.46,15.421,10.737
530.79,382.74,15.432,10.708
526.56,382.92,15.034,10.872
524.76,383.22,15.057,10.634
522.46,383.67,14.793,10.777
521.75,385.14,14.746,10.634
519.55,385.39,14.694,10.432
517.56,385.54,14.689,10.251
516.11,385.64,14.349,10.396
511.95,385.79,14.057,10.579
511.16,385.87,13.561,10.755
510.33,385.68,13.594,10.604
507.95,385.58,13.332,10.616
506.94,385.48,13.162,10.643
504.83,385.43,12.958,10.745
504.23,385.27,12.786,10.756
503.14,385.11,12.706,10.76
502.18,385.41,12.555,10.803
501.35,385.85,12.429,10.812
500.94,386.34,12.413,10.777
498.61,386.43,12.358,10.808
497.64,386.66,12.287,10.807
496.93,385.66,12.19,10.815
495.73,384.54,12.151,10.791
495.13,386.01,12.106,10.779
494.09,385.92,12.038,10.755
492.98,385.81,11.998,10.735
492.52,385.88,11.906,10.703
492.89,385.63,11.759,10.8
491.67,385.32,11.591,10.727
490.91,385.33,11.366,10.668
489.87,386.42,11.156,10.671
488.5,386.16,11.017,10.611
487.26,386.55,10.849,10.62
486.21,386.29,10.739,10.537
485.08,386.19,10.673,10.437
483.97,386.46,10.697,10.307
482.61,386.82,10.681,10.307
482.52,388.28,11.085,10
480.85,387.03,11.033,10.074
479.25,386.82,11.084,10.152
478.75,386.63,11.055,10.301
478.28,386.46,11.076,10.294
476.27,386.6,11.109,10.27
474.69,387.14,11.121,10.216
473.52,388.32,11.143,10.215
472.26,389.37,11.255,10.17
470.56,389.16,11.291,10.235
469.86,388.95,11.475,10.318
468.21,387.62,11.541,10.324
466.7,388.91,11.623,10.379
465.19,388.54,11.679,10.404
463.15,389.91,12.319,10
461.91,389.66,12.274,10.187
460.21,389.76,12.719,10
458.48,389.97,12.977,10
457.01,390.19,12.724,10.106
455.1,390.2,13.013,10
453.35,390.28,13.127,10
452.12,390.44,13.406,10
449.47,391.65,13.149,10.171
448.19,391.3,12.987,10.304
446.07,392.9,13.385,10
444.38,391.57,13.217,10.145
442.75,391.74,13.059,10.354
441.17,392.2,12.898,10.466
439.12,392.26,12.798,10.772
437.11,391.9,12.763,10.88
435.46,392.2,12.877,11.012
433.79,392.23,12.908,11.061
431.59,392.03,13.054,11.133
429.41,392.44,13.73,10.519
427.04,392.75,14.339,10.156
425,394.3,14.665,10
422.57,394.3,14.955,10
419.75,394.37,15.088,10
417.6,394.4,15.371,10
415.5,394.46,15.528,10
412.36,394.51,15.675,10
410.27,394.2,15.961,10
408.01,394.42,16.153,10
404.54,395.89,16.365,10
402.07,396.03,16.488,10
400.14,397.8,16.634,10
398.21,397.93,16.808,10
394.71,397.89,16.972,10
392.67,398.01,17.123,10
390.52,397.83,17.319,10.025
386.94,398.21,17.344,10
384.8,398,17.473,10
382.05,398.2,17.652,10.004
378.49,399.8,17.762,10
376.49,398.46,17.773,10.013
373.9,400.05,17.835,10.118
371.47,398.69,17.816,10.195
367.77,399.21,17.905,10.179
365.59,399.18,18.019,10.235
362.94,398.97,18.154,10.272
359.32,399.07,18.232,10.395
357.06,399.48,18.273,10.456
353.3,399.64,18.316,10.542
351.33,399.98,18.294,10.616
347.73,400.17,18.278,10.736
345.7,400.27,18.283,10.792
343.52,400.17,18.36,10.838
341.23,400.39,18.406,10.851
335.95,400.65,18.418,10.822
334.19,400.72,18.439,10.794
330.77,401.15,18.416,10.776
328.88,402.7,18.42,10.782
325.3,402.52,18.544,10.821
322.1,402.78,18.551,10.848
320.9,403.01,18.613,10.846
318,403.22,18.623,10.912
316.51,403.14,18.601,10.916
315.97,403.12,18.655,10.928
311.07,403.48,18.697,10.932
309.71,403.7,18.696,10.958
306.47,403.93,18.689,11.018
305.09,404.12,18.672,11.034
303.63,404.02,18.698,11.042
303.28,403.85,18.666,11.001
301.26,403.94,18.562,10.95
299.49,404.22,18.481,10.902
299,404,18.499,10.892
296.84,404.34,18.433,10.843
294.6,404.29,18.341,10.827
294.16,403.95,18.287,10.82
292.22,403.82,18.178,10.807
290.42,403.87,18.046,10.777
290.26,403.97,17.927,10.799
289.67,404.37,17.844,10.8
287.46,404.64,17.752,10.808
287.16,405.43,17.159,11.269
285.47,405.11,16.579,11.613
285.24,404.89,16.223,11.878
283.77,404.94,15.917,12.062
283.58,404.87,15.756,12.135
283.19,404.76,15.832,12.026
281.61,403.71,15.607,12.135
281.75,403.89,15.435,12.215
282.13,403.5,15.224,12.311
281.16,403.23,14.996,12.358
280.94,403.92,14.897,12.409
280.15,404.52,14.993,12.237
280.45,404.71,14.89,12.254
281.2,406.05,14.737,12.279
281.2,405.48,14.628,12.294
280.21,405.73,14.737,12.054
281.2,405.64,14.498,12.076
281.8,404.51,14.565,11.855
282.3,404.85,14.427,11.874
281.24,404.96,14.546,11.67
281.88,405.08,14.616,11.493
282.8,405.42,14.706,11.268
283.84,404.95,14.525,11.372
285.7,405.02,14.348,11.483
287.74,404.98,14.052,11.645
288.44,405.07,13.896,11.718
290.48,403.7,13.77,11.76
291.93,402.37,13.674,11.773
293.18,402.82,13.568,11.804
294.78,402.46,13.441,11.846
296.31,402.29,13.331,11.909
296.84,402.59,13.618,11.62
299.02,402.71,13.823,11.443
299.86,402.78,13.961,11.331
302.16,402.75,14.033,11.272
305.99,401.48,14.177,11.057
308.1,401.28,14.313,10.918
310.46,400.1,14.406,10.772
312.77,400.52,14.555,10.664
315.16,400.59,14.421,10.802
317.39,400.58,14.553,10.688
319.52,399.49,14.641,10.573
323.27,398.52,14.767,10.424
325.5,398.35,14.473,10.786
327.73,398.49,14.594,10.693
330.25,398.51,14.673,10.636
332.33,397.02,14.535,10.852
335.93,397.41,14.628,10.747
338.57,395.95,14.513,10.926
340.85,396.35,14.368,11.058
343.6,395.73,14.281,11.17
346.02,395.47,14.183,11.301
348.6,394.23,14.071,11.417
351.09,393.97,13.99,11.528
353.89,393.61,13.957,11.571
356.22,393.79,13.867,11.739
359.01,393.54,13.833,11.765
361.53,393.56,13.791,11.814
364.18,393.34,13.757,11.821
366.46,392.24,13.726,11.837
370.17,392.55,13.982,11.583
371.3,392.27,13.87,11.621
373.66,391.1,13.824,11.641
375.75,390.93,13.719,11.695
377.86,389.74,13.564,11.757
380.18,389.69,13.465,11.781
382.62,389.34,13.386,11.778
385.01,389.45,13.254,11.782
386.98,388.32,13.114,11.772
388.82,388.33,12.968,11.812
390.85,388.23,12.774,11.769
393.06,388.13,12.637,11.683
395.24,387.99,12.464,11.646
396.38,388.08,12.314,11.635
398.8,388,12.201,11.596
400.99,388.25,12.075,11.542
403.07,388.3,11.899,11.487
405,388.46,11.771,11.393
406.93,388.67,11.613,11.283
408.88,388.68,11.469,11.182
409.91,389.18,11.342,11.056
411.91,389.05,11.12,10.922
414.12,388.99,11.008,10.839
416.56,388.87,10.841,10.768
418.53,388.74,10.725,10.691
420.43,388.67,10.596,10.583
422.41,388.55,10.527,10.449
425.73,388.62,10.323,10.319
427.54,388.33,10.194,10.119
429.28,388.65,10.085,10.019
431.23,388.27,10,10
433.27,387.88,10,10
436.16,387.74,10,10
438.07,387.71,10,10
439.92,387.6,10,10
443.96,387.48,10.048,10
445.54,387.18,10.072,10
447.15,386.87,10.07,10
448.71,386.93,10.055,10
451.55,386.9,10.072,10
453.5,386.84,10.58,10
454.28,385.62,10.89,10
455.64,385.42,10.801,10
455.85,384.87,10.72,10.002
457.29,384.72,10.649,10.006
459.05,384.43,10.833,10
458.67,384.38,11.024,10
459.66,384.26,11.201,10
454.69,385.42,12.151,10
453.16,385.21,12.829,10
453.11,384.98,13.598,10
451.86,385.11,14.018,10
452.53,384.89,14.251,10
453.07,384.89,14.54,10
454.11,384.52,14.653,10
454.97,384.33,14.775,10
455.4,384.34,15.174,10
456.17,384.3,15.392,10
456.63,384.43,15.814,10
457.66,384.09,16.065,10
458.34,383.9,16.74,10
458.92,383.75,17.379,10
459.64,383.32,17.847,10
460.18,383,18.366,10
460.94,382.79,18.713,10
462.15,382.65,18.691,10
462.98,382.31,18.689,10
464.4,382.36,18.679,10.065
465.03,382.51,18.908,10
465.85,382.01,18.949,10.132
465.2,382.01,18.951,10.128
468.45,381.76,18.821,10.167
