3,54,232,266
1.6558,52.59,228.5,268.12
-0.8222,52.439,225.74,269.1
-1.7072,53.022,222.61,268.91
-3.2842,51.757,218.86,269.19
-2.4934,51.213,215.14,268.94
-4.5917,48.68,211.26,269.29
-4.168,48.216,208.14,269.21
-6.937,45.844,205.94,269.58
-7.2185,44.991,203.44,269.45
-9.4924,46.939,201.73,268.21
-8.4187,47.939,199.71,267.29
-9.5861,49.11,197.4,265.14
-11.52,50.672,195.59,262.44
-10.681,50.137,193.85,260.8
-11.412,49.285,192.07,259.9
-11.083,50.42,190.38,258.97
-9.8453,50.097,189.24,258.7
-8.5245,50.252,188.3,258.51
-7.4066,49.813,188.17,257.82
-7.4824,49.981,188.13,256.29
-6.7493,50.16,187.91,255.86
-7.9407,50.661,187.89,255.59
-7.3763,51.671,187.89,255.68
-6.7864,51.772,187.81,255.94
-7.8012,52.22,187.84,255.99
-5.7008,51.071,188.01,257.25
-6.7217,50.779,188.26,257.35
-5.9019,50.098,188.33,258.03
-6.2014,49.396,188.49,258.35
-5.6419,48.958,188.45,259.38
-4.1174,48.896,189.31,260.33
-3.7754,47.154,190.06,260.94
-4.5352,46.962,190.53,261.48
-5.1403,47.19,190.89,261.83
-4.9969,47.087,191.34,261.77
-5.4269,47.665,191.5,261.78
-4.1882,46.962,191.88,261.97
-6.1951,47.571,191.92,262
-5.5611,46.796,191.78,262.34
-4.9297,46.954,191.66,263
-5.1676,46.846,191.48,262.97
-5.3032,46.614,191.33,263.02
-4.603,47.854,191.34,263.63
-5.5756,48.274,191.66,263.05
-5.121,48.017,191.98,262.94
-5.1206,48.765,192.27,262.6
-5.2625,48.722,192.67,261.96
-5.3491,48.732,193.13,261.69
-4.6848,47.735,193.53,261.63
-5.6899,48.137,193.74,261.71
-5.5695,48.48,193.85,261.6
-5.5336,48.322,194.06,261.1
-4.5895,47.157,194.2,261.52
-7.0372,48.268,194.31,261.54
-3.8335,46.251,194.67,262.16
-7.0093,47.891,194.89,262.16
-3.5453,45.953,195.35,262.73
-6.2085,48.072,195.9,262.72
-4.317,45.83,196.23,263.07
-5.2095,45.558,196.17,264.04
-4.122,43.585,196.29,265.55
-4.6854,43.502,196.87,266.86
-3.9059,42.564,197.26,267.52
-4.417,42.291,198.01,268.09
-4.2824,42.335,198.66,268.52
-3.579,41.38,199.22,268.92
-3.9824,42.136,199.75,268.88
-3.3569,41.724,199.81,269.23
-5.2944,42.827,200.31,269.22
-2.6963,41.711,200.43,268.96
-4.9092,41.96,200.84,268.64
-3.4018,41.19,200.78,268.9
-4.1339,39.837,200.66,269.12
-1.8785,41.809,200.42,268.23
-3.2107,40.292,200.85,268.84
-1.3064,41.36,200.98,269
-2.4184,39.837,201.55,269.55
0.24814,40.284,202.01,269.63
-1.9815,40.006,202.44,269.67
-0.3982,41.242,202.46,269.11
0.77959,41.7,202.3,268.59
2.0463,41.704,202.6,268.23
3.8515,40.03,203.34,268.6
3.4598,41.325,204.36,269.25
4.2284,41.344,204.9,269.55
5.4555,42.966,205.76,269.34
6.0656,45.03,207.13,268.75
7.4851,45.146,208.58,268.02
7.7005,45.971,210.44,267.91
9.0021,44.755,211.84,268.82
11.299,46.165,212.87,269.5
12.314,44.834,213.75,270.81
14.846,45.919,214.26,271.92
16.464,45.802,215.05,272.56
17.421,45.012,215.77,272.97
19.4,43.881,216.07,273.29
21.584,43.589,215.79,273.58
23.643,43.541,215.91,274.17
25.631,43.589,215.7,274.96
29.317,43.095,215.61,275.89
30.298,41.867,215.84,276.94
32.336,41.816,216.26,277.19
37.35,43.855,216.49,278.18
37.177,43.899,217.14,279.14
39.292,43.99,216.83,280.42
41.155,43.647,217.22,281.06
42.562,43.893,217.51,281.9
45.023,43.582,217.29,282.39
46.267,43.517,217.3,282.73
48.785,44.142,217.34,283.41
51.595,43.821,217.08,283.04
53.938,44.247,217.08,282.9
57.055,44.906,217.29,283.38
58.454,44.308,217.35,283.45
61.853,45.86,217.42,283.48
63.35,46.665,217.26,282.48
65.13,47.117,217.54,282.07
67.316,47.411,218.02,281.96
68.9,47.824,218.35,280.98
71.491,48.49,218.37,280.27
72.6,48.007,218.83,279.52
73.81,49.044,219.49,278.51
75.462,49.028,220.11,277.89
76.493,50.604,221.36,277.22
77.027,49.449,222.11,276.78
78.64,51.108,223.48,275.36
80.811,52.249,224.56,273.75
82.127,53.428,225.49,272.61
82.37,53.694,225.82,271.73
84.549,55.596,225.22,270.94
85.432,56.206,224.77,271.31
88.58,56.899,223.98,272.59
90.295,56.194,222.79,273.87
91.916,55.969,222.77,275.41
94.404,55.842,223.47,276.11
96.749,56.797,224.54,276.18
100.38,56.66,224.87,277.58
103.09,54.366,225.74,279.12
105.08,52.298,227.46,279.7
106.88,51.785,228.26,279.64
107.66,52.86,229.07,279.08
109.29,52.749,230.47,277.7
110.51,53.049,231.66,275.8
111.95,56.716,231.73,273.55
116.16,56.626,231.36,272.01
117.88,56.036,231.16,270.39
120.08,55.724,230.04,269.09
122.76,57.381,229.15,268.37
123.33,57.663,228.38,268.11
126.68,58.01,227.68,267.46
127.45,58.123,226.67,266.8
130.62,57.927,226.47,266.34
131.06,57.405,226.27,266.66
134.13,57.179,226.59,267.41
135.61,58.188,226.57,267.96
137.56,56.86,226.3,267.8
136.4,55.464,227.24,267.23
137.58,56.711,228.36,266.25
138.87,57.593,229.15,265.3
139.49,57.922,229.85,263.9
141.67,59.411,229.89,262.31
143.81,61.617,229.62,261.6
144.07,58.055,228.92,262.83
144.19,58.453,229.27,263.84
145.74,57.598,229.37,264.27
146.61,56.792,229.73,264.53
146.48,54.58,229.92,263.71
146.31,55.021,230.44,262.89
147.1,56.886,229.91,263.18
148.62,56.655,229.34,262.66
150.84,56.484,228.94,262.09
151.67,56.04,228.73,262.54
152.64,56.897,228.55,262.81
155.6,56.232,228.24,262.67
156.36,56.708,227.45,263.09
157.57,56.815,227.11,263.59
160.62,56.031,227,263.08
161.69,57.502,226.67,263.17
163.48,57.8,226.17,263.51
164.93,57.591,225.91,263.97
166.48,57.239,225.62,264.86
167.93,58.241,225.29,265.51
168.36,57.34,225.43,266.87
167.71,58.442,225.89,268.58
168.57,58.053,225.83,270.67
169.37,59.519,225.48,272.8
169.31,58.036,224.51,275.12
170.2,58.47,223.79,275.98
170.23,57.552,222.92,276.68
171.4,58.444,222.63,277.42
171.12,57.667,221.92,278.24
171.74,58.136,221.07,279.34
171.84,57.145,220.37,279.98
172.4,57.989,220.1,279.92
172.28,57.656,220,279.89
172.94,57.308,220,279.89
174.64,56.501,219.92,279.8
173.49,58,221.06,279.49
174.25,57.128,220.92,279.73
174.04,59.35,221.79,279.55
175.28,58.309,221.67,279.51
174.66,58.892,222.45,279.18
175.97,59.405,222.33,279.06
176.12,59.367,222.65,278.78
177.47,59.178,222.49,278.91
177.16,58.925,222.91,279.52
176.86,59.063,223.32,279.79
177.27,59.272,223.25,280.15
177.47,59.912,223.22,280.08
178.57,59.152,222.85,280.1
178.84,59.108,222.82,280.27
178.07,59.083,223.34,280.71
177.67,59.713,223.69,280.72
175.71,59.729,223.91,281.3
176.68,59.499,223.76,280.76
176.83,59.229,223.58,280.77
176.65,58.216,223.63,280.15
176.46,58.704,224.37,279.3
176.5,59.695,224.46,278.88
176.2,59.698,224.23,278.85
176.59,59.078,224.05,278.38
176.92,59.891,224.11,278.38
177.81,59.311,223.38,278.66
177.68,58.769,222.74,279.16
178.1,58.477,222.32,279.48
179.24,57.951,221.86,279.62
180.01,57.542,221.68,280.11
180.62,57.962,221.54,280.11
179.67,56.04,221.69,280.19
179.08,56.971,222.1,279.71
178.64,57.644,222.32,279.32
179.2,56.997,222.57,278.55
179.8,58.098,222.69,278.24
177.92,55.549,223.14,278.24
179.28,57.988,222.79,277.37
178.7,56.539,222.88,277.74
178.52,57.579,223.04,278.1
178.67,56.959,222.79,278.94
177.84,56.698,222.94,279.39
177.41,57.251,222.88,279.31
175.3,56.385,223.12,278.88
173.19,54.132,224.01,279.4
172.71,53.646,224.41,279.53
172.72,54.504,224.93,279.03
170.79,53.476,225.31,279.42
172.53,53.743,225.81,279.47
174.57,54.085,224.11,280.94
174.66,54.04,222.85,281.75
173.59,54.996,222.62,282.06
171.93,54.505,222.47,282.54
169.47,56.588,223.28,282.31
169.75,58.219,222.87,282.34
168.5,58.83,222.34,282.32
169.21,60.69,221.77,282.04
167.96,59.794,221.7,282.69
168.13,60.506,221.26,282.87
168.55,60.533,220.9,283.51
168.67,61.648,220.84,283.87
168.45,60.549,220.81,284.54
169.45,62.44,220.26,284.47
168.7,64.414,220.15,283.47
168.24,66.584,219.79,282.41
168.18,67.113,219.28,281.99
170.33,67.771,218.36,281.71
171.18,67.585,218.29,281.25
171.3,67.156,217.78,281.52
170.52,67.24,217.78,281.26
169.68,68.38,218.01,280.83
170.42,68.745,218.12,280.85
169.6,69.032,218.69,280.07
169.73,69.103,218.83,279.48
168.81,69.188,219.14,279.12
169.18,69.028,219.38,278.91
168.62,70.09,219.87,278.72
167.84,70.903,220.15,278.35
168.32,70.823,220.1,278.15
168.96,70.573,220.2,278.05
168.46,70.776,220.84,277.69
167.91,70.579,221.44,277.52
168.12,70.699,221.66,277.74
167.72,70.194,222.23,277.85
167.4,70.41,222.8,277.76
167.73,70.613,223.58,277.51
166.94,71.051,224.38,277.12
166.65,71.029,224.93,276.63
166.1,71.057,225.49,276.23
165.66,70.741,226.11,276.27
164.64,71.415,226.65,276.12
165.06,71.107,227.15,276.41
163.83,70.019,227.75,276.08
163.96,68.659,227.78,276.03
163.44,67.633,228.11,276.79
164.07,66.647,228.35,276.94
163.13,65.611,228.94,277.22
162.43,64.415,229.3,277.32
162.84,62.766,229.09,277.42
163.72,61.901,228.82,277.92
164.13,61.414,228.45,277.98
163.91,60.422,228.5,277.68
163.87,61.084,229.13,277.01
164.1,59.246,229.4,276.46
163.33,59.464,229.84,276.47
163.02,58.477,230.1,276
163.43,58.522,230.41,275.51
163.31,58.194,230.77,274.55
164.61,57.435,231.13,273.9
165.31,57.632,231.39,273.59
165.25,56.704,231.81,273.05
166.12,55.208,231.68,272.44
165.9,54.22,231.75,271.56
167.06,54.075,231.78,270.95
166.86,54.025,231.66,270.03
167.38,54.102,230.87,268.84
168.66,53.264,230.53,268.23
169.43,53.632,230.08,267.71
170.33,53.694,229.6,267.04
170.42,53.121,229.55,266.23
170.1,53.841,229.09,266.17
170.05,54.167,229.26,265.95
169.04,53.877,230.02,265.63
168.5,53.971,230.69,265.19
150.03,64.166,253.1,252.76
140,70.952,271.32,243.82
130.81,74.899,286.74,237.87
122.81,75.486,298.85,235.07
117.99,74.892,308.86,232.65
118.47,75.771,316.24,229.25
116.61,77.403,318.49,227.56
114.23,77.143,320.4,227.64
117.06,78.6,321.17,228.23
117.41,79.027,321.09,228.03
117.98,78.879,320.48,227.28
116.51,78.931,320.39,226.5
115.76,78.833,321.26,226.53
116.09,79.02,321.55,226.49
115.13,78.711,321.84,227.03
112.7,78.057,322.27,227.12
113.52,77.641,323.13,227.26
112.63,78.577,322.53,227.04
113.63,77.754,322.1,227.17
114.32,78.037,321.09,226.23
114.39,78.278,320.64,225.43
114.6,78.588,320.45,225.29
114.97,78.759,320.48,225.03
114.5,79.577,320.67,225.32
113.85,79.868,321.07,225.74
113.45,80.126,320.98,226.76
115.17,79.435,320.37,227.43
116.12,78.206,318.69,228.51
116,79.859,318.53,229.64
115.37,79.605,317.22,230.53
117.3,80.316,315.6,231.31
116.62,81.858,313.95,231.89
116.39,82.868,312.76,232.53
117.75,82.867,311.78,232.54
118.04,83.72,310.85,232.81
117.88,84.379,310.5,232.91
117.25,84.933,309.73,233.18
119.58,84.462,309.14,232.79
119.83,85.395,308.34,232.49
121.05,85.781,307.65,231.87
119.8,86.045,307.16,231.49
121.2,86.914,306.84,231
119.21,87.948,307.43,230.31
119.92,87.823,307.23,229.67
118.57,87.729,307.36,229.08
119.12,88.271,307.08,228.1
120.6,88.704,305.85,227.96
118.88,89.518,305.85,227.47
120.2,89.396,305.27,226.97
119.93,90.309,305.95,226.49
117.88,89.634,307.55,225.91
116.72,88.878,309.48,224.81
115.98,89.954,310.8,224.05
115.16,91.092,311.29,223.83
113.57,90.916,311.79,223.59
113.45,91.408,311.65,223.76
111.74,92.447,311.77,223.83
110.6,92.871,311.88,223.78
109.76,93.049,311.7,224.13
109.45,91.757,312.46,224.53
107.69,93.244,313.02,225.04
105.91,93.2,314.46,225.18
103.63,93.85,315.59,225.4
102.89,93.207,317.7,225.77
100.68,93.346,319.59,225.72
100.64,94.017,321.64,225.55
97.066,95.624,323.52,225.22
97.599,95.899,324.39,224.98
97.979,95.818,324.5,224.91
98.562,96.384,324.56,224.66
99.701,96.406,324.1,224.68
99.702,96.062,323.76,224.96
99.922,96.004,323.76,224.98
98.909,96.809,325.04,224.83
98.922,95.752,325.18,225.12
98.034,96.845,326.69,224.74
95.639,96.016,327.38,224.64
95.975,94.932,327.77,225.33
95.507,95.522,328.33,225.92
95.378,95.823,328.54,225.78
95.676,95.922,328.8,226.29
94.565,97.054,329.42,225.46
94.881,97.884,329.04,225.39
93.973,97.858,328.99,225.34
94.301,98.534,329.24,225.42
94.304,98.848,329.07,225.25
95.351,99.042,329.02,225.41
95.143,98.433,329.1,225.6
94.217,98.598,330.31,225.75
93.596,98.403,331.04,226.18
93.281,98.619,331.21,226.67
93.762,99.012,332,226.99
93.57,97.847,332.02,227.69
92.421,98.392,332.89,227.78
92.314,98.839,334.31,228.36
91.053,99.099,335.25,228.49
91.299,98.918,335.32,228.72
92.55,98.344,335.61,228.83
91.843,98.299,336.24,227.98
93.636,97.078,337.66,226.9
94.577,96.953,337.78,226.51
96.584,97.378,336.59,226.4
97.959,97.282,335.09,226.47
100.61,97.195,333.29,227.06
102.83,98.132,330.85,227.52
102.95,100.23,329.92,227.83
103.33,100.49,330.01,227.04
103.37,100.03,330,226.14
102.68,100.31,329.74,225.16
102.22,101.18,329.94,224.28
102.59,101.24,330.02,223.95
102.37,101.13,330.35,223.54
102.6,101.03,330.41,223.27
103.58,100.94,330.47,223.08
103.69,101.03,330.42,223.19
104.16,101.3,330.35,223.53
104.7,101.37,330.23,223.54
104.17,100.57,329.78,223.91
104.85,100,329.76,223.9
104.57,100.04,328.9,224.04
106.24,99.968,327.6,224.18
107.49,100.44,326.18,224.5
108.6,99.815,324.8,225.36
109.46,99.522,323.68,226.2
110.02,99.136,322.35,227.03
111.65,98.342,321.26,227.73
112.86,98.407,319.63,227.55
112.69,99.398,318.66,226.89
112.1,100.08,318.06,226.37
113.2,99.165,318.15,226.2
114.14,98.769,317.54,225.92
113.22,98.28,317.74,225.56
113.13,98.732,317.61,225.64
112.26,98.847,317.51,224.87
112.19,100.06,317.25,224.94
111.68,99.835,317.21,224.19
111.99,99.79,316.6,224.71
111.17,101.41,316.71,224.35
110.24,101.78,317.62,223.82
109.78,101.95,318.32,223.27
109.62,102.85,318.91,222.38
109.25,104.21,319.4,221.33
109.67,105.07,319.69,220.41
109.73,105.78,319.98,219.79
109.58,107.17,320.61,219.2
109.91,108.71,322.23,218.79
110.64,108.38,323.07,218.46
109.63,108.72,323.78,218.03
109.06,109.14,324.55,217.38
109.32,110.25,325.33,216.57
108.4,110.46,326.41,215.59
108.2,110.44,327.94,215.05
109.34,111.08,328.98,214.84
109.25,112.25,329.98,214.45
109.68,113.4,330.47,214.4
109.15,112.98,330.32,214.24
112.19,111.3,329.77,214.34
111.31,108.99,328.17,215.41
110.02,109.37,328.65,217.02
111.39,108.3,328.76,218.63
112,107.33,328.73,219.84
112.04,106.65,328.37,220.33
112.85,106.53,328.69,220.95
113.34,105.33,327.95,221.73
115.41,106.1,327.59,222.21
115.64,105.48,326.71,222.7
116.12,105.55,326.1,223.12
116.11,105.15,325.23,223.43
116.63,105.28,324.13,223.85
116.94,105.11,323.16,224.28
117.61,104.76,322.08,224.72
117.31,102.43,320.86,225.92
118.22,101.53,319.74,226.8
118.36,101.44,318.18,227.81
118.6,101.38,316.84,228.34
118.5,100.49,315.47,228.66
118.45,101.24,314.87,228.88
118.84,102.17,314.64,228.87
117.05,101.56,314.33,228.34
118.25,102.09,314.12,228.51
118.09,101.6,314.22,228.35
118.72,101.87,314.09,228.08
118.32,101.8,313.92,227.24
118.08,102.27,313.81,226.51
117.59,102.47,313.88,225.78
118.13,102.62,313.99,225.43
117.8,102.47,313.68,224.99
117.83,103.06,313.85,224.54
116.14,102.38,313.59,224.23
115.78,101.73,314.27,224.08
115.05,101.6,314.9,223.61
114.29,102.81,315.99,223.31
113,102.23,317.07,222.93
111.77,102.37,318.68,223
110.27,102.1,320.19,223.24
109.51,101.71,321.36,223.41
108.58,101.86,322.44,223.48
107.86,100.81,323.2,223.74
107.44,100.51,323.37,223.96
106.47,100.21,323.22,224.13
107.09,100.34,323.04,224.43
104.99,100.05,323.47,224.67
105.32,100.06,323.98,224.83
104.22,100.08,324,225.14
101.81,100.27,324.64,225.26
100.37,100.67,325.17,225.54
99.06,101.01,326.13,226.23
98.155,101.36,326.9,226.72
95.987,101.65,326.97,226.99
95.555,100.89,327.8,227.28
94.695,101.03,327.45,227.46
94.431,101.37,327.22,227.34
93.459,101.33,327.16,227.22
92.536,101.27,327.24,227.05
92.074,101.43,326.97,226.84
91.626,101.3,326.89,226.68
91.86,101.76,327.05,226.37
91.795,102.05,327.17,226.24
91.493,102.14,326.89,226.29
91.012,101.64,326.69,226.73
91.56,100.94,326.18,227.2
90.288,100.12,325.78,227.5
91.368,99.76,325.75,227.98
91.275,99.458,325.87,227.89
91.242,99.663,326.1,227.7
91.637,99.696,326.17,227.72
92.115,99.273,326.26,227.88
91.434,98.829,326.36,227.93
92.431,98.26,327.08,228.14
93.032,98.303,327.72,228.25
92.585,97.59,328.2,228.4
92.21,94.914,328.86,228.49
92.296,93.585,329.71,227.98
92.858,92.716,330.38,227.92
93.724,91.564,330.06,228.34
94.111,90.193,329.88,228.76
95.744,88.979,329.45,229.16
96.905,87.919,329.05,229.45
97.679,86.193,328.21,229.9
97.21,85.055,327.85,230.09
96.479,84.853,326.57,230.88
97.771,85.531,325.35,232.02
99.495,84.12,325.19,232.26
98.844,84.852,323.89,232.68
100.15,83.214,323.14,233.18
99.963,83.775,321.61,233.65
101.54,82.141,320.88,234.26
101.31,84.079,320.01,234.37
103.44,82.244,319.69,234.29
104.34,83.218,318.27,234.27
106.76,82.741,317.15,234.12
107.18,82.743,315.78,234.34
108.31,83.336,314.61,234.25
109.17,84.022,314.15,233.94
110.37,84.7,313.38,233.58
114.16,84.807,312.1,233.56
116.67,85.05,310.83,233.33
118.02,84.75,309.56,233.22
118.79,84.753,308.41,233.16
119.42,84.595,307.53,233.23
120.21,84.673,306.42,233.36
120.96,84.558,305.35,233.85
120.44,84.306,304.77,233.85
120.47,84.223,304.37,234.09
119.87,84.434,304.49,234.32
118.6,85.207,304.63,234.54
120.19,86.011,304.89,234.49
118.53,87.022,306.03,234.28
117.17,86.009,307.41,233.99
116.84,86.302,308.22,234.03
116.56,85.836,309.34,233.63
115.18,85.832,309.83,233.64
115.2,85.37,310.28,233.42
115.77,85.575,310.43,233.34
115.32,85.754,310.74,233.37
114.96,85.276,311.24,233.32
114.61,84.855,311.75,233.62
115.95,83.767,311.55,234.19
116.7,82.931,311.29,234.98
117.56,82.431,310.26,236.01
118.29,82.06,309.34,236.83
118.79,81.911,308.82,237.24
117.51,82.257,308.2,237.37
117.87,81.868,308.17,237.49
118.29,81.398,308.17,237.61
118.87,81.299,307.72,237.54
119.21,81.986,307.02,237.9
120.01,82.145,306.69,238.15
118.42,82.041,307.15,237.77
118.85,82.526,307.34,237.81
117.66,82.671,308.49,237.3
116.66,82.51,309.66,236.47
115.99,82.683,310.18,235.81
115.39,82.888,310.83,235.29
115.26,82.744,311.32,235.03
114.36,83.426,312.14,234.7
113,84.045,312.93,234.39
111.32,84.2,313.58,234.4
109.77,85.05,314.22,234.2
107.75,85.065,315.58,233.9
105.22,84.427,317.23,233.75
105.12,85.247,317.8,233.66
102.81,85.012,319.88,233.29
100.53,85.74,321.8,232.69
98.705,86.112,323.66,232.09
97.493,85.445,325.14,231.94
97.012,84.942,325.78,232.6
96.065,85.701,326.36,232.9
93.349,86.381,328.37,232.67
90.057,85.696,330.01,232.58
87.526,85.362,331.7,232.3
85.62,86.186,333.34,231.37
82.297,85.921,336.11,230.03
79.102,87.09,338.49,229.11
77.294,88.8,340.57,228.1
75.048,89.215,342.61,227.83
72.054,89.632,344.78,227.12
70.061,90.403,347,226.95
69.025,91.361,348.76,226.77
69.316,91.208,350.25,226.13
69.307,90.544,350.19,225.3
70.276,90.971,350.41,224.09
70.869,90.95,350.62,223.17
70.31,90.942,351.35,222.1
70.809,91.278,351.77,221.54
70.144,90.138,352.04,220.69
69.368,90.138,351.48,220.53
69.458,90.639,350.73,220.06
68.979,90.796,350.41,219.71
69.247,90.552,350.45,219.5
70.197,90.437,349.93,219.72
70.887,89.049,349.22,220.27
71.575,88.762,348.95,220.88
71.613,88.365,348.59,221.55
71.202,87.602,348.55,222.15
71.295,87.794,349.01,222.4
70.437,88.644,349.63,222.71
69.423,88.654,349.74,223.25
69.201,89.535,350.22,223.41
67.059,90.013,351.19,223.08
65.741,89.836,351.83,223.2
64.574,89.581,351.96,223.68
63.291,89.555,352.23,223.81
62.017,90.223,353.64,223.62
60.561,89.141,355.17,222.92
58.282,90.131,357.59,222.6
55.032,90.132,359.74,222.39
53.465,89.908,361.51,222.26
52.161,89.076,361.78,222.6
52.394,90.049,361.6,223.52
51.33,89.765,361.91,224.25
49.633,89.867,360.44,225.59
49.058,88.604,360.08,227.01
50.904,87.977,358.84,228.38
51.563,86.718,357.2,229.32
53.446,87.101,354.7,229.44
54.161,86.685,352.81,229.53
53.363,86.88,351.38,229.57
52.789,86.182,351.23,229.61
52.714,85.623,350.98,230.28
51.515,84.201,351.11,230.71
50.439,85.127,352.23,230.76
49.01,84.786,352.66,231.06
47.829,84.967,353.06,231.01
46.826,84.777,353.62,231.08
47.542,84.905,353.83,230.73
47.327,86.007,354.25,230.44
46.473,86.81,355.12,229.76
43.797,87.436,355.41,229.34
43.926,87.826,356.3,228.76
43.113,87.878,357.21,228.25
42.789,88.032,358.17,227.8
42.385,88.229,358.56,227.46
40.778,88.001,359.09,227.18
40.772,88.767,359.04,226.76
41.167,88.694,359.28,226.55
40.761,88.58,359.38,226.3
40.487,88.61,359.93,225.99
40.719,89.086,360.81,225.48
41.001,89.716,361.29,225.54
40.889,90.389,361.95,226.02
41.974,92.284,362.53,226.64
41.784,92.109,364.47,226.71
41.18,92.288,366.33,226.92
41.583,92.164,368.42,227.15
41.435,91.271,369.6,227.95
42.074,91.256,371.52,228.2
41.79,90.947,373.23,228.77
40.897,90.961,374.72,229.04
41.277,90.748,375.04,229.48
40.292,90.873,376.16,229.71
39.046,90.457,376.64,229.65
37.99,90.296,378.25,229.52
37.573,90.595,379.6,229.51
37.723,90.851,380.57,229.31
37.807,90.805,381.67,229.12
36.531,92.164,382.64,229.52
35.852,92.139,384.06,229.47
35.863,92.509,385.07,229.6
33.738,92.314,386.12,230
31.526,93.891,387.29,230.38
29.515,93.614,387.53,231.28
27.717,94.014,387.66,232.49
26.908,94.397,387.61,233.31
27.775,94.428,387.64,234
26.367,94.357,386.93,234.17
27.184,94.991,386.89,233.71
26.018,94.781,387.19,233.25
25.136,95.785,388.2,232.65
24.71,97.087,388.74,232.44
23.737,96.687,388.58,232.58
21.119,103.08,392.95,229.55
14.484,105.48,398.07,226.68
14.052,106.74,400.29,225.02
14.182,107.71,402.39,223.77
12.418,108.47,404.39,222.37
10.173,109.1,405.4,221.17
10.087,110.9,406.16,220.45
7.7494,110.79,406.94,220.7
7.8654,110.64,408.02,221.56
8.088,110.25,408.5,222.09
7.4096,109.7,409.21,222.52
6.2748,109.87,409.47,222.87
5.2173,109.01,410.25,222.91
3.278,108.76,410.93,223.01
1.6289,108.26,411.33,223.18
1.6222,107.94,410.52,223.69
1.959,107.55,409.25,224.31
2.8727,107.41,407.62,224.72
2.5521,107.22,406.27,225.59
2.733,105.87,405.26,226.63
3.6136,105.89,403.26,227.3
2.0495,106.28,402.35,227.5
-0.47487,104.86,401.68,226.85
1.2003,105.28,401.62,226.12
1.7653,108.01,400.81,226.3
3.5664,108.52,399.25,226.46
6.2281,109.78,398.71,226.42
6.3911,107.17,400.01,225.47
6.7661,107.65,400.91,225.07
8.3056,109.52,400.56,224.84
9.3158,111.48,398.89,224.52
9.686,111.72,397.65,224.15
9.5256,113.12,396.07,223.98
9.9704,113.47,395.35,223.73
10.734,113.74,394.21,223.43
12.055,112.46,393.01,222.92
13.85,113.4,392.02,222.72
14.169,112.5,391.61,222.71
13.458,115.19,391.87,222.14
13.041,113.43,391.99,221.78
11.745,114.97,392.37,221.2
12.261,114.49,392.68,221.02
11.52,114.03,392.78,220.82
9.0834,114.74,393.25,220.71
5.9067,113.81,393.26,220.88
3.0912,113.58,392.49,221.64
7.3371,113.38,391.52,222.03
5.0279,113.11,391.87,222.42
7.3199,110.4,390.6,222.92
10.264,110.59,390.25,223.56
10.508,110.1,390.84,224.22
11.904,108.74,391.07,224.74
12.725,108.31,391.14,225.44
14.645,106.45,391.16,226.36
16.173,105.84,391.78,226.86
11.916,103.87,392.43,227.17
12.539,102.1,392.33,227.17
18.94,102.98,392.5,227.8
21.789,103.5,393.75,228.58
20.506,103.69,396.25,229.51
21.114,103.05,398.68,230.45
19.488,101.6,401.25,231.67
17.268,100.08,403.14,232.96
19.18,97.932,404.94,234.52
16.526,98.741,406.36,236.13
15.847,96.722,408.54,237.35
8.3628,94.361,410.07,238.25
14.093,97.45,411.36,239.97
10.051,91.568,411.19,240.67
9.1877,93.932,410.88,241.94
9.9661,92.376,410.5,243.16
12.245,90.652,408.16,244.89
15.23,89.459,405.01,247.24
16.379,85.831,402.16,250.01
22.672,86.56,400.01,253.31
24.625,84.897,397.65,256.44
25.886,81.74,395.52,258.99
27.375,81.4,393.72,260.82
29.085,78.911,391.8,262.76
31.949,77.708,389.47,264.1
34.245,76.833,387.63,265.17
37.584,76.535,385.11,265.81
38.825,76.115,382.68,266.2
39.715,75.007,381,266.26
41.892,75.119,380.21,266.27
41.72,74.872,379.07,266.21
43.865,73.39,377.17,266.65
45.147,72.762,375.32,266.82
45.476,72.378,373.84,266.84
46.293,72.02,372.3,267
47.365,70.323,371.14,267.41
50.174,69.91,370.39,267.3
51.013,70.563,370.01,267.05
51.933,70.104,370.28,266.71
51.949,70.461,370.62,266.34
54.029,68.722,371.43,266.11
52.398,70.964,371.93,265.36
53.443,71.524,372.65,265.23
53.86,71.709,373.39,264.96
51.078,72.629,374.08,264.46
52.103,72.499,374.84,264.49
48.482,72.136,375.65,264.6
49.939,72.742,376.54,265.31
47.634,71.36,376.66,265.79
48.326,71.668,377.24,266.84
48.809,69.779,377.21,267.69
48.063,69.946,376.24,268.3
48.418,68.977,376.11,268.49
48.659,68.665,375.86,269.02
48.766,68.163,375.5,269.51
48.302,68.537,375.37,269.64
48.932,68.853,375.59,269.79
48.307,68.189,375.8,269.73
48.591,67.666,375.7,269.74
48.375,67.507,375.38,269.98
48.843,67.536,374.83,270.41
49.368,66.937,374.33,270.3
49.46,66.535,373.63,270.35
50.022,66.573,373.19,270.31
48.918,67.251,372.85,270.25
48.339,67.57,373.3,270.02
47.898,67.673,373.32,269.72
45.401,67.298,373.19,269.31
45.334,68.48,374.02,269.62
42.476,69.527,374.7,269.13
39.731,70.653,375.4,269.18
39.989,72.005,376.23,268.73
38.183,73.762,376.57,268.26
38.381,75.501,378.13,267.27
34.657,72.718,376.69,267.17
30.647,74.681,377.25,266.08
31.104,76.342,379.18,265.25
26.646,76.461,380.86,264.27
27.294,77.33,381.89,263.67
28.938,77.744,381.91,262.96
31.438,77.609,381,262.66
31.867,77.3,379.82,262.66
33.411,76.922,378.72,262.6
35.604,76.881,377.32,262.63
36.831,76.568,375.54,262.53
39.375,77.184,374.06,262.47
40.52,77.391,372.21,262.23
40.971,75.788,370.39,262.54
43.027,76.041,368.84,263.08
44.812,76.675,367.83,263.13
45.827,76.322,366.81,263.3
47.678,75.972,365.5,263.57
49.373,75.272,364.03,264.01
51.469,75.29,362.19,264.24
52.742,75.236,360.72,264.64
52.761,76.878,359.42,264.88
54.272,76.767,358.63,264.98
54.675,77.716,357.88,264.94
56.218,77.372,356.9,265.31
57.678,76.649,356.16,265.48
57.802,77.666,355.22,265.3
58.913,77.908,354.63,265.25
59.598,77.308,354.32,265.07
59.628,78.084,353.69,264.83
60.744,77.827,353.31,264.71
60.338,77.823,352.26,264.65
61.164,78.254,351.95,264.34
60.929,78.432,351.26,264.45
61.459,78.832,350.82,264.07
61.9,80.068,350.69,263.48
61.704,79.312,349.76,263.71
62.108,79.089,349.3,263.45
63.226,78.22,349.09,263.51
64.073,77.537,348.72,263.59
64.254,76.912,348.79,263.65
63.825,76.574,348.77,263.42
62.772,76.914,349.63,262.65
63.231,77.379,350.54,261.93
63.668,78.548,351.53,261.33
65.018,78.65,352.38,261.11
63.61,78.115,352.41,261.38
61.579,78.859,353.43,260.9
60.732,78.662,354.56,260.41
59.791,79.77,355.76,259.76
58.873,80.284,356.77,259.06
58.037,81.141,357.55,258.11
57.338,82.29,358.29,256.96
57.206,83.211,359.12,255.96
54.796,85.322,360.5,254.97
55.142,85.239,361.09,254.5
53.132,87.186,361.56,253.63
55.306,88.148,361.78,253.32
55.558,88.247,361.33,253.29
55.933,87.416,361.23,253.19
57.038,87.114,360.95,252.6
58.979,87.282,359.97,251.2
59.568,87.814,359.06,251
59.111,88.184,358.7,250.59
59.54,89.599,358.9,250.14
59.434,90.836,358.93,249.2
58.497,92.766,359.42,247.76
56.415,93.498,359.35,246.72
55.412,93.006,359.27,245.79
54.936,93.167,358.25,244.98
54.17,92.271,356.96,244.51
55.519,91.401,356.3,244.09
56.347,91.114,354.83,243.49
59.071,91.974,352.62,242.87
59.911,92.509,349.52,242.33
59.739,93.506,347.95,241.31
58.998,93.399,347.02,240.48
56.005,93.982,345.98,239.64
54.922,94.369,345.95,238.83
54.329,94.078,344.78,238.01
53.595,95.014,342.91,237.08
53.202,94.392,339.02,235.97
54.921,94.627,334.67,235.07
56.896,94.844,330.55,234.1
59.503,96.554,327.09,232.8
59.955,95.669,325.15,230.83
62.614,95.436,323.52,229.2
64.452,95.484,320.03,228.8
63.357,96.432,316.92,228.72
62.513,97.215,315.75,226.89
60.965,97.032,313.21,225.6
60.912,95.791,310.32,224.71
60.32,95.066,306.8,224.2
60.986,96.115,302.58,225.1
63.183,95.234,297.41,225.85
64.203,93.872,293.64,226.39
64.53,92.328,289.73,226.77
64.488,92.532,285.7,228.1
64.663,92.238,281.24,229.49
65.059,91.716,276.93,230.98
64.559,89.845,273.44,232.32
64.034,89.156,270.53,233.17
62.456,88.572,267.95,234.09
60.366,87.41,267.04,234.3
60.073,87.8,266.22,234.81
59.058,87.506,265.93,235.38
57.714,87.981,265.69,236.09
55.871,87.849,265.88,236.69
55.067,88.288,265.53,236.99
55.563,87.361,264.23,237.49
54.12,86.318,263.23,237.93
54.089,85.576,261.4,238.88
52.846,84.156,259.79,239.88
50.04,84.525,258.15,240.53
49.54,85.075,256.65,240.38
49.584,85.311,254.14,241.2
49.036,86.389,251.23,242.5
47.964,85.077,246.57,242.79
48.033,85.517,242.12,242.29
48.859,84.082,236.84,241.1
49.945,86.306,231.6,240.13
52.144,87.794,227.42,238.29
55.837,87.986,223.44,236.35
58.172,88.668,220.05,234.11
60.508,89.784,217.31,232.33
62.424,89.51,214.92,230.66
64.149,90.369,212.89,229.49
65.991,90.135,211.12,228.63
68.015,90.782,209.02,228.03
70.968,90.362,207.01,227.61
73.594,89.298,205.34,227.04
74.469,90.426,203.89,226.21
76.303,89.947,203.18,225.75
77.995,89.901,201.99,225.03
79.99,90.747,200.64,224.61
80.207,90.065,199.85,224.41
80.963,90.349,198.9,224
81.107,90.764,198.45,223.39
81.688,90.965,197.97,223.12
81.454,90.008,197.41,222.98
81.372,90.063,196.93,222.76
80.548,89.776,196.36,222.41
79.917,89.559,196.05,221.88
80.656,89.373,194.84,221.6
81.388,88.834,193.61,221.45
83.045,88.855,192.31,221.21
84.191,89.012,191.24,221.2
85.568,90.46,190.17,221
84.741,91.265,189.85,220.94
84.711,91.877,189.95,220.5
84.544,91.062,189.6,219.45
84.708,88.535,187.9,217.79
86.116,85.293,184.63,217.77
85.66,84.751,180.55,215.53
88.46,87.589,175.4,215
93.709,87.948,170.8,216.35
98.353,87.743,167.1,217.63
102.1,87.674,163.45,219.31
100.87,87.265,162.13,220.29
98.898,86.816,160.88,219.59
97.316,88.036,161.05,218.51
95.897,88.873,160.99,219.63
93.145,90.422,161.67,220.12
90.634,91.737,163.17,220.06
89.272,92.727,164.29,220.12
88.775,94.962,164.35,220.52
88.669,95.775,165.13,220.1
88.18,95.507,165.77,219.58
87.808,95.036,166.48,218.24
88.541,96.328,167.5,217.15
90.053,96.709,168.43,216.77
92.476,97.144,170.06,216.18
94.149,97.165,172.54,214.3
96.051,98.831,173.74,213.36
98.144,100.54,174.79,213.18
99.143,101.16,176.66,213.03
99.986,102.13,178.1,212.69
98.991,102.34,178.9,212.15
100.1,103.14,179.46,212.14
99.944,103.55,178.91,212.33
100.38,103.08,177.82,212.73
101.27,103.26,177.03,213.22
100.58,102.65,176.64,213.29
101.97,102.72,176.27,213.44
102.85,102.68,175.81,213.16
104.88,103.04,175.95,212.77
106.18,103.33,176.06,212.57
106.32,102.93,176.17,212.31
108.1,103.77,176.55,212.22
108.32,104.31,176.51,212.03
109.09,103.74,176.34,211.94
110.21,103.6,176.14,211.71
110.84,104.11,175.97,211.77
111.81,104.56,175.67,211.88
112.05,104.57,175.41,211.85
112.46,104.46,175.48,211.48
112.65,104.26,175.38,211.55
112.62,104.03,175.16,212.16
113.27,104.16,174.93,212.6
113.54,104.07,175.09,212.79
113.63,103.72,175.22,212.61
114.37,102.44,175.77,212.4
115.32,102.4,176.48,212.37
116.05,102.69,176.53,212.68
116.38,102.91,176.79,212.59
116.45,103.05,176.5,212.76
116.73,102.52,176.09,212.77
118.01,101.93,175.54,212.54
120.24,101.27,175.45,212.09
121.7,100.99,175.34,211.53
123.66,101.32,175.07,210.95
125.87,101.25,174.11,210.18
128.01,101,173.42,209.44
129.92,100.31,172.84,208.76
132.03,100.65,172.45,207.9
133.54,101.11,172.74,206.89
134.34,100.07,172.12,205.77
133.69,102.05,171.29,204.62
134.22,102.24,171.15,203.73
134.19,102.53,170.71,203.19
134.15,102.77,169.82,202.48
133.84,103.8,168.54,202.25
134.09,104.73,167.05,201.74
134.76,105.12,165.6,201.28
134.99,105.57,164.57,200.98
135.28,106.05,164.38,200.85
134.97,105.99,164.72,200.6
135.16,106.98,164.92,200.65
135.13,107.16,165.99,200.92
134.78,107.63,167.78,200.68
133.72,108.25,169.85,200.14
133.37,108.39,171.42,200.92
132.74,108.06,173.27,201.24
132.7,109.08,175.19,201.13
132.2,108.15,176.96,201.57
132.4,108.52,178.05,202.09
132.06,106.34,179.57,202.54
132.08,105.62,180.63,203.99
132.07,104.11,182.13,205.55
132.79,103.82,182.96,206.83
132.91,102.79,184.8,207.88
132.28,101.6,187.13,208.53
132.51,99.366,189.08,210.05
130.41,99.903,191.47,210.63
128.94,98.34,193.53,211.41
126.36,97.23,195.31,211.57
122.68,96.751,197.94,211.13
119.6,97.702,200.04,210.44
117.1,97.37,201.31,210.04
115.01,97.042,202.67,209.74
109.89,97.731,204.64,209.33
105.97,97.996,206.74,207.97
101.78,96.874,208.99,206.67
99.712,97.718,211.15,206.13
97.152,98.416,213.53,205.45
95.037,97.929,215.85,205.31
94.525,97.894,217.55,204.94
92.495,97.654,220.3,204.33
90.122,98.604,223.73,203.83
86.846,100.31,227.08,202.69
85.818,101,230.76,202.24
81.967,102.69,235.15,201.48
80.663,102.67,238.65,200.86
80.393,102.57,241.66,200.13
77.089,102.74,244.66,199.69
77.534,102.36,247.25,198.67
75.299,101.64,250.71,197.99
75.025,102.12,253.62,197.26
75.279,104.42,256.44,196.58
76.461,104.91,260,195.55
75.471,105.4,263.55,195.05
75.087,106.3,267.13,194.23
74.636,106.92,270.89,193.73
72.068,107.7,274.61,193.14
71.2,107.46,278.04,192.37
70.588,106.11,280.58,192.32
70.003,105.32,282.19,192.4
69.99,103.92,284.22,192.69
67.399,104.53,287.87,193.13
66.166,103.4,291.04,193.06
66.552,102.13,293.56,193.58
65.134,101.98,295.69,194.64
63.325,100.28,296.78,195.98
63.427,100.4,298.84,197.27
61.53,100.22,300.19,198.81
57.806,98.432,302.09,199.51
55.535,97.382,303.6,200.05
52.856,96.974,305.6,200.4
51.433,96.67,308.26,200.74
50.584,96.118,310.8,201.36
49.892,97.526,314.41,201.99
50.395,95.865,314.55,202.27
49.634,94.395,314.99,202.54
49.302,94.39,315.48,203.17
49.064,94.096,315.89,203.41
48.255,93.808,316.46,203.62
46.878,93.845,317.37,203.8
46.01,94.004,318.38,204.19
46.113,92.908,318.86,204.48
45.345,91.987,319.76,204.87
44.269,91.092,320.61,205.73
43.189,90.61,321.05,206.66
40.57,90.045,322.31,207.44
38.879,89.396,323.25,208.08
37.52,89.473,324.28,208.97
35.024,89.78,325.51,209.58
31.746,88.591,325.79,210.37
28.845,88.581,325.63,211.11
25.149,88.181,325.39,211.17
20.7,91.077,326.26,211.21
20.605,90.811,326.9,210.93
19.307,90.173,327.49,210.76
17.911,90.432,327.56,211.14
15.844,91.021,328.16,211.3
15.041,91.419,328.33,211.21
13.512,91.864,328.95,210.95
11.997,92.063,329.23,210.62
11.786,92.435,329.46,210.49
11.475,92.121,329.61,210.62
9.7961,92.093,329.96,211.02
9.6033,92.308,329.9,211.22
6.8209,93.514,330.38,211.71
5.2952,93.234,330.42,212.37
5.018,93.672,330.63,212.69
5.2675,92.799,330.92,213.11
4.7778,93.141,331.5,213.05
4.2473,93.143,332.05,213.16
2.7501,93.185,333.42,213.27
1.351,93.106,334.69,213.55
-0.90866,93.018,335.64,213.81
-2.235,93.462,336.78,213.76
-3.2612,93.21,337.41,214.01
-4.5846,92.855,338.14,214.13
-4.9844,93.159,339.48,214.46
-6.1842,92.596,340.41,214.77
-7.3342,92.027,341.61,215.1
-6.0876,90.605,342.29,214.91
-7.0891,91.21,343.22,215.24
-6.5936,90.526,344.42,215.44
-5.8996,90.099,345.82,216.01
-7.6445,89.487,346.07,216.59
-8.843,88.937,346.71,216.17
-9.4378,88.943,347.93,216.09
-9.796,89.35,348.5,216.07
-9.116,90.046,348.76,215.79
-9.821,90.188,348.88,215.58
-9.9602,89.941,348.89,215.1
-5.8473,90.327,350.4,215.09
-4.4026,90.251,352.56,215.61
-4.2173,90.171,354.2,216.06
-3.222,89.339,355.18,216.48
0.541,87.635,355.08,216.54
2.0394,87.877,354.69,216.8
2.4499,88.147,354.69,217.11
3.1647,87.261,354.21,217.53
2.5292,86.271,354.03,217.63
3.1124,85.043,352.79,217.83
1.9737,84.166,353.39,217.78
1.873,82.076,353.57,217.55
2.329,80.87,354.25,216.57
2.4998,80.887,354.85,215.93
3.8827,82.26,354.54,215.4
3.8767,82.655,355.18,214.62
4.2604,81.932,355.64,214.44
5.1293,80.448,355.28,214.32
5.6389,80.937,354.49,214.92
3.0992,80.354,354.11,215.34
4.4003,79.844,353.01,215.74
2.9813,80.479,352.05,215.93
0.58643,80.492,351.24,215.8
-0.19342,80.734,349.71,215.7
-2.5584,80.921,348.41,215.09
-6.3466,81.595,348.06,214.78
-7.0037,81.571,347.03,214.91
-8.9314,80.631,345.84,214.57
-11.093,81.057,344.21,214.34
-12.093,80.821,341.27,213.98
-11.581,80.749,337.73,213.21
-12.255,81.606,335.47,211.59
-12.822,82.698,332.68,210.52
-13.762,83.08,329.87,209.63
-13.723,83.965,326.13,209.77
-13.623,84.056,323.47,210.04
-13.073,83.97,321.98,210.13
-12.809,84.1,320.79,210.99
-11.831,82.978,319.25,211.45
-12.169,82.677,318.54,211.53
-12.681,83.042,318.11,211.53
-13.574,83.302,317.66,211.27
-14.545,82.828,317.51,210.92
-15.737,83.053,316.97,210.29
-16.284,83.514,316.05,209.72
-15.653,83.427,315.29,209.28
-15.295,84.172,314.77,208.87
-15.497,85.084,313.82,208.26
-15.396,85.661,313.29,207.5
-15.879,85.911,312.17,207.15
-15.624,86.615,311.36,206.87
-15.724,85.222,310.71,206.64
-16.396,84.945,310.15,206.33
-17.15,84.076,309.14,206.23
-17.892,84.507,308.41,206.18
-18.058,85.599,307.53,206.12
-18.293,86.212,306.66,206.22
-18.096,86.961,305.69,206.65
-17.346,87.254,304.59,206.52
-16.62,87.375,303.54,206.39
-16.581,87.158,302.35,206.43
-18.601,88.195,301.64,206.57
-16.537,87.252,300.42,206.75
-16.487,86.38,299.92,206.92
-14.854,84.732,299.87,206.6
-13.757,84.259,299.8,206.59
-13.526,84.568,300.04,206.73
-12.156,84.224,299.78,207
-9.7509,84.109,299.79,207.18
-9.8427,84.457,298.93,207.11
-8.1641,83.522,297.76,207.34
-8.2054,83.346,297.26,207.12
-8.3896,83.749,297.38,206.96
-8.4129,84.39,297.43,206.82
-8.4437,84.143,297.23,206.82
-8.6072,83.803,297.33,206.97
-8.0383,84.24,297.69,207.21
-8.1002,84.184,297.96,207.3
-7.6278,83.7,298.54,207.46
-7.2517,82.714,298.86,207.55
-7.4083,83.5,299.54,207.71
-7.5591,82.571,300.05,207.68
-7.106,83.526,300.81,207.87
-7.5836,83.781,301.75,207.9
-7.6433,82.983,302.23,208.08
-9.5462,82.959,302.84,208.1
-10.968,84.324,303.17,208.65
-11.788,83.249,303.38,208.97
-13.397,82.742,303.99,209.32
-14.088,82.326,303.87,209.74
-15.495,82.7,304.04,209.84
-16.257,82.1,303.85,209.9
-15.893,83.662,303.91,209.66
-15.307,84.174,303.84,209.43
-15.936,84.7,304.15,209.05
-15.972,84.308,304.96,208.93
-16.995,84.061,305.76,208.75
-17.125,84.016,306.2,208.48
-16.427,84.297,306.14,208.14
-15.776,83.715,306.27,207.81
-16.04,82.933,307.05,207.64
-16.313,82.638,307.3,207.42
-16.618,82.631,307.29,207.59
-18.205,83.065,307.38,207.64
-17.879,82.484,307.33,207.8
-16.684,83.622,307.91,207.76
-13.751,83.444,307.58,207.85
-14.311,83.524,308.33,208.44
-12.156,84.064,308.11,208.54
-11.422,84.692,308.85,208.11
-9.7744,84.812,309.57,207.87
-10.102,84.844,310.83,208.09
-9.0647,86.404,312.8,208.33
-9.4469,87.041,316.17,208.6
-10.64,88.382,318.47,208.99
-11.166,89.317,319.71,209.08
-11.112,90.808,321.77,209.13
-11.756,91.062,323.85,208.63
-11.418,92.074,326.37,208.65
-11.349,92.72,329.43,209.6
-12.908,92.803,332,209.8
-12.876,92.85,334.82,209.83
-12.525,93.291,337.79,210.02
-13.402,93.353,340.93,210.62
-14.16,93.169,344.1,212.12
-15.171,93.762,346.96,213.23
-13.836,94.488,350.87,213.52
-15.316,93.706,356.15,213.68
-18.326,92.927,360.58,213.76
-21.518,93.183,361.9,214.1
-24.014,94.616,363.49,213.77
-26.521,94.498,363.3,213.05
-24.151,92.783,362.84,212.24
-23.434,91.615,362.4,211.08
-25.727,92.081,360.04,209.95
-26.176,94.108,358.33,209.09
-25.53,92.744,358.23,209.01
-27.172,95.214,357.72,209.3
-26.971,96.098,357.88,208.35
-28.726,95.273,357.6,207.79
-28.538,94.698,357.2,207.77
-27.548,95.484,359.56,207.93
-29.053,96.954,362.24,207.88
-28.244,95.245,363.01,208.46
-25.885,95.373,362.75,209.19
-25.736,95.921,363.69,209.37
-23.885,94.531,364.35,209.75
-22.766,94.376,364.93,210.53
-20.657,92.888,366.38,211.48
-19.778,92.792,368.3,212.83
-21.925,93.197,370.61,214.7
-22.357,92.343,370.46,216.04
-22.549,92.759,370.21,216.68
-23.634,91.987,368.56,217.14
-24.668,92.617,368.43,216.63
-26.542,93.514,367.84,215.57
-26.03,95.045,366.78,214.55
-25.12,97.42,366.6,213.32
-27.357,96.709,365.03,212.74
-26.886,97.106,364.5,212.38
-25.605,98.629,363.37,212.33
-23.537,100.86,362.79,212.5
-20.888,101.67,363.66,212.41
-21.069,102.57,364.48,212.44
-23.312,103.57,364.57,212.92
-24.899,103.76,364.18,213.84
-26.799,103.64,362.67,214
-26.41,104.69,361.6,213.53
-25.401,105.33,360.39,212.84
-26.359,106.78,360.28,212.44
-26.435,107.35,358.95,212.2
-26.773,106.79,356.89,211.72
-26.211,105.96,353.17,211.18
-27.107,105.02,349.98,210.53
-26.435,105,346.83,210.22
-26.899,103.01,344.96,209.76
-26.635,103.95,341.91,209.55
-27.388,101.68,340.74,208.74
-27.242,101.97,339.91,207.81
-26.566,100.75,339.51,207.33
-27.107,99.11,338.33,206.84
-27.98,95.058,336.25,206.32
-27.875,93.773,332.42,206.6
-23.789,95.822,327.22,206.82
-22.117,93.757,324.93,206.43
-20.095,93.606,322.95,206.01
-19.034,94.449,321.21,204.57
-17.498,95.745,319.99,204.01
-16.162,96.249,319.06,204.19
-18.27,95.54,317.96,204.7
-18.68,95.668,316.54,204.98
-17.585,96.453,316.01,204.79
-19.406,96.703,314.74,204.24
-18.561,97.32,312.65,203.08
-18.048,97.507,308.91,202.26
-16.002,96.769,305.39,201.68
-16.013,96.514,302.16,200.97
-16.162,97.168,299.07,199.72
-15.292,98.249,296.32,198.22
-15.595,98.863,294.15,196.63
-15.788,98.979,292,195.79
-16.956,99.325,289.87,194.88
-16.566,99.56,287.78,193.6
-16.177,99.743,286.76,192.48
-15.606,101.55,285.98,191.74
-15.196,102.9,285.52,191.46
-16.935,103.18,285.33,190.94
-17.901,103.63,285.08,190.53
-18.338,104.34,285.03,190.75
-19.585,103.43,284.58,191.39
-19.401,103.21,284.43,191.84
-18.951,102.31,284.63,192.08
-19.309,102.53,283.76,192.26
-19.016,101.14,283.55,192.78
-17.593,101.37,282.84,192.98
-18.234,100.91,282.42,193.16
-17.456,100.26,281.57,193.49
-17.356,98.664,280.29,193.62
-15.353,98.148,278.3,193.84
-11.51,97.3,275.9,193.87
-10.879,97.489,273.4,193.62
-10.449,97.286,271.52,193.46
-9.7296,96.871,269.31,193.8
-8.8501,96.335,267.4,193.61
-6.6661,96.397,264.81,193.67
-6.1173,95.439,262.5,193.72
-4.9837,95.242,260.36,194.02
-4.0398,95.3,258.44,194.04
-3.8667,95.53,256.84,194.21
-4.1161,94.534,255.53,194.64
-3.7536,94.472,254.15,194.89
-4.1721,94.23,252.6,194.6
-3.1718,93.815,251,193.85
-1.8743,93.914,249.32,193.06
-1.6454,94.116,247.84,192.9
-0.31003,94.144,246.75,192.67
0.81442,95.496,246.32,192.5
1.0232,95.134,245.82,192.32
1.8547,95.193,245.25,192.11
3.0707,95.651,245.07,191.76
3.3251,94.852,245.44,191.45
4.0351,95.259,245.64,191.39
4.853,95.334,245.98,191.38
4.8392,95.002,246.49,191.66
4.9012,95.539,247.05,192
5.47,95.768,247.89,191.88
5.6336,95.756,248.95,191.91
4.0874,95.698,250.06,191.7
4.5283,96.001,251.14,191.24
2.9263,96.766,253.06,190.94
3.5084,96.408,254.47,190.7
1.4831,95.085,255.79,190.87
0.20958,93.956,257.43,190.77
-0.47096,93.789,259.32,191.2
-2.9468,93.958,262.16,191.21
-5.5426,94.552,264.79,190.73
-4.5809,96.667,267.7,190.52
-5.741,96.198,270.09,190.56
-6.6064,97.909,272.95,190.41
-7.4753,97.716,274.81,190.16
-13.528,96.001,273.43,195.21
-13.557,94.727,272.61,198.84
-13.148,94.51,273.04,200.73
-13.469,94.757,274.27,202.25
-13.078,94.612,274.81,203.6
-13.399,94.579,275.68,204.32
-13.063,93.798,276.44,204.8
-12.411,93.88,277.86,205.57
-12.571,93.738,278.87,206.18
-13.865,93.052,279.97,206.27
-13.437,92.925,280.96,206.28
-13.132,92.516,282.1,206.42
-12.611,93.99,282.94,205.85
-12.869,94.337,284.27,205.6
-10.823,93.271,284.99,205.47
-9.4287,93.431,286.56,205.55
-10.222,93.699,288.57,206.08
-10.565,92.656,291.02,206.66
-12.108,91.893,293.55,206.44
-11.55,92.776,294.67,206.23
-11.464,92.442,294.51,207.35
-11.234,91.587,294.33,207.6
-10.733,90.074,294.76,207.75
-8.5073,89.826,293.85,207.72
-8.3159,88.898,292.77,207.77
-7.4975,87.674,291.73,208.16
-6.2944,87.848,291.2,208.69
-6.2766,87.841,291.16,208.53
-6.9223,88.582,290.97,208.23
-6.1854,88.342,290.23,208.06
-5.3097,89.624,289.66,208.08
-7.0025,88.175,290.24,207.71
-8.0509,88.413,289.97,207.53
-8.7909,89.069,289.22,207.25
-9.611,88.529,287.75,206.49
-10.384,87.972,286.92,206
-12.921,88.891,286.15,205.78
-12.329,88.148,284.94,205.27
-12.785,87.461,283.39,204.79
-13.793,88.32,281.67,204.49
-15.068,88.784,279.77,203.88
-14.303,89.44,278.06,203.5
-15.331,89.353,277.6,203.22
-15.75,90.061,276.84,203.1
-17.06,90.334,275.56,202.93
-17.793,90.651,274.4,202.53
-17.261,90.151,273.31,201.86
-17.338,90.881,272.27,201.7
-17.193,90.113,270.21,202.09
-15.779,89.314,267.85,202.78
-15.95,88.863,265.66,203.4
-15.703,88.707,263.37,203.11
-15.907,87.958,260.62,202.76
-15.161,87.504,257.53,202.73
-15.181,86.354,254.83,202.83
-13.445,87.569,253.05,203.04
-13.21,86.716,251.82,202.71
-13.759,87.021,251.11,203
-14.005,84.779,249.94,203.46
-13.313,85.176,248.44,203.76
-11.057,85.211,246.46,204.41
-10.603,84.642,244.52,205.42
-9.6225,85.114,243.12,206.58
-9.6208,83.678,241.55,206.31
-9.195,84.1,240.87,206.47
-8.8601,84.809,240.07,206.5
-9.4076,84.007,239.27,206.29
-9.2531,85.666,239.51,206.09
-9.424,85.671,239.09,205.35
-9.0408,85.646,238.75,204.51
-8.2086,86.708,238.56,204.02
-7.516,86.405,238.21,203.44
-7.0572,85.989,238.17,202.96
-6.3771,86.755,237.96,202.46
-7.1587,87.472,237.95,201.72
-7.4395,87.461,237.68,200.95
-7.7163,87.503,237.05,200.48
-7.3002,89.206,236.16,200.18
-7.0133,89.153,235.41,200.16
-6.35,88.679,234.72,200.32
-5.9544,88.969,234.14,200.64
-5.5004,88.06,233.58,200.86
-5.4074,87.436,233,201.33
-5.3725,86.701,232.75,201.64
-6.0468,86.358,232.31,202.5
-6.8037,85.524,232.33,202.84
-7.5879,85.697,232.54,202.71
-8.2137,85.213,233.06,202.59
-9.1391,86.242,233.41,202.5
-9.1165,87.433,233.27,202.84
-7.9937,86.571,234.07,203.19
-7.3411,86.086,234.58,203.63
-7.3105,85.933,235.17,203.84
-6.6623,86.495,235.45,204.11
-6.1658,86.547,236.37,204.29
-6.2549,87.203,237.9,204.64
-6.107,87.174,238.93,204.61
-6.2442,86.66,240.2,204.56
-5.7649,87.121,241.39,204.48
-5.6995,86.175,242.83,204.59
-6.3474,87.116,243.84,205.04
-5.9821,87.171,243.73,205.59
-5.0104,86.612,243.89,205.78
-4.4902,86.936,244.26,206.03
-6.0535,85.572,244.21,205.6
-5.9602,86.413,244.45,205.23
-4.8614,85.771,244.01,205.23
-5.0826,86.883,244.74,205.28
-4.1887,85.422,244.49,205.2
-6.2697,85.869,245.68,205.51
-5.6079,85.899,245.82,205.24
-4.4292,86.127,245.77,204.84
-5.331,86.481,246.6,204.99
-4.779,86.59,247,205.18
-5.0998,86.792,247.8,205.9
-4.4342,86.812,248.33,206.22
-5.0482,87.219,249.15,206.27
-5.6548,87.222,250.02,206.15
-5.06,87.45,250.45,206.04
-4.5533,87.531,251.29,205.89
-4.4581,87.244,252.17,205.71
-4.3032,86.413,253.12,205.55
-4.8909,86.556,254.28,205.72
-5.9145,86.417,255.12,205.67
-5.6569,86.206,255.63,205.4
-7.2959,86.965,256.37,205.61
-6.4577,86.469,256.46,205.61
-6.2653,85.995,256.82,205.85
-6.4548,86.329,257.27,206.42
-6.8336,86.09,257.53,206.61
-6.991,86.491,257.66,206.62
-6.821,86.616,258.25,206.6
-6.4692,87.238,258.45,206.82
-6.4258,87.129,259.08,206.65
-6.6858,87.384,259.56,206.58
-7.2703,87.211,260.08,206.51
-7.6896,87.115,260.36,206.64
-7.7822,86.92,260.73,206.54
-7.736,86.615,261.4,206.66
-6.7748,87.121,262.05,206.69
-7.1708,87.064,262.62,206.77
-6.6712,87.27,263.05,206.67
-7.8336,86.667,264.03,206.5
-7.72,86.784,264.41,206.44
-7.7869,86.689,264.82,206.28
-7.0681,87.866,265.01,206.12
-7.4381,88.036,265.2,206.05
-8.1698,87.213,266.07,205.61
-7.219,88.045,266.44,205.42
-8.0713,87.718,266.87,205.35
-7.6058,88.125,267.09,205.69
-8.1141,88.268,267.49,205.78
-7.9588,88.352,267.18,205.82
-7.8176,87.528,267.29,205.68
-7.3982,88.149,267.3,205.73
-7.8485,87.572,267.66,205.9
-8.1809,87.537,267.68,206.35
-8.0249,87.991,267.71,206.66
-8.6089,87.93,268,206.5
-8.5753,87.554,268.11,206.37
-9.3176,86.911,268.29,206.18
-10.534,87.291,268.76,206.26
-9.5741,86.4,269.69,205.79
-10.511,87.928,270.51,205.29
-10.898,86.344,271.08,204.67
-11.617,86.979,271.27,204.34
-10.421,87.308,270.71,204.33
-10.456,87.391,270.86,204.01
-10.932,88.058,271.22,203.44
-10.232,87.384,271.57,203.37
-8.999,88.883,272.66,203.03
-8.4352,89.003,273.63,202.49
-8.0437,89.524,275.21,201.79
-8.9444,90.867,276.86,201.12
-9.1899,91.189,278.36,200.52
-8.904,91.632,279.96,200.14
-9.1238,90.919,281.7,199.9
-9.2219,90.971,282.6,200.63
-9.3427,90.624,283.49,201.1
-9.7655,89.301,283.96,201.54
-10.141,88.657,284.52,202.18
-10.375,89.088,285.17,202.44
-10.067,88.03,285.42,203.19
-8.6962,88.059,284.67,203.24
-8.1796,87.806,284.18,203.19
-8.9124,88.81,284.8,202.69
-7.7747,89.435,285.55,202.76
-8.9112,88.32,286.53,202.72
-6.7613,88.475,287.82,202.09
-6.421,88.993,287.64,202.21
-5.4475,88.355,286.57,202.96
-5.6269,88.912,286.91,203.39
-5.521,88.715,286.62,203.87
-5.2698,88.506,286.42,204.48
-3.7502,88.297,286.5,204.46
-4.3375,88.34,286.49,204.46
-3.5279,87.766,285.94,205.03
-3.7327,88.142,285.68,205.14
-3.3508,88.948,286.1,205.24
-2.7389,88.239,286.9,205.28
-3.5599,88.552,287.31,205.06
-3.9613,88.265,286.89,205.26
-3.4942,87.776,286.18,205.51
-3.0857,87.952,285.42,205.13
-3.4156,88.673,284.73,204.5
-3.8737,88.905,284.41,204.24
-4.8246,88.553,283.74,203.99
-4.9327,89.901,282.85,203.54
-4.5568,89.854,282.53,203.45
-6.6631,89.991,282.13,203.15
-6.5979,91.903,282.23,202.76
-8.0549,92.465,282.72,202.38
-7.8526,92.506,283.25,202.12
-8.1036,92.383,284.21,201.92
-8.1557,92.971,284.96,201.95
-8.3825,93.128,285.42,202.29
-8.3295,92.367,285.93,202.32
-8.0831,92.285,286.58,202.4
-7.5611,92.69,287.12,202.63
-6.721,92.868,287.51,202.23
-6.9619,93.632,288.07,201.99
-6.4715,93.516,288.4,201.47
-5.5918,93.424,288.49,201.04
-6.173,94.147,289.07,200.73
-4.6334,93.108,289.92,200.33
-6.2557,93.667,291.29,200.06
-5.526,93.958,292.08,199.93
-6.0031,94.141,293.27,199.71
-6.9757,93.297,294.28,199.58
-5.886,93.314,294.7,199.88
-6.3146,93.156,295.24,200.01
-6.3629,92.7,295.5,200
-6.5511,92.97,295.8,200.38
-6.8751,92.441,295.85,200.51
-7.0874,93.031,295.99,200.92
-6.4171,93.775,295.61,201.29
-5.5755,93.54,295.28,201.34
-5.8358,93.191,295.27,201.56
-6.1856,92.094,295.03,201.79
-6.155,91.515,293.89,202.6
-6.3059,91.078,292.76,203.08
-6.0728,90.965,291.72,203.59
-5.9637,90.593,290.97,204.04
-4.7435,90.523,290.8,204.85
-5.2916,90.36,291.01,205.19
-2.6673,89.384,290.64,205.88
-2.7301,91.418,291.58,205.81
-1.2134,91.055,291.73,205.98
-1.4972,90.544,292.71,205.25
-0.79045,91.566,293.36,205.49
0.21208,92.223,293.69,205.95
0.59448,93.537,294.71,206.67
2.417,95.336,297.37,206.34
2.4329,95.565,300.99,206.45
1.3617,96.504,303.32,206.84
0.70222,96.348,305.28,207.23
-0.44183,95.505,306.89,207.2
-0.4162,95.145,308.59,207.39
0.52168,95.226,309.8,207.93
2.2634,96.012,310.83,208.46
2.5629,94.874,310.76,208.77
2.5581,94.443,310.87,209.31
1.4879,94.34,310.01,209.83
2.6811,94.171,310.59,210.24
2.2784,94.169,310.15,210.24
3.7939,94.52,310.25,209.99
4.5554,95.048,310.56,209.65
5.1274,95.651,310.53,208.88
6.4848,94.693,309.19,208.46
6.4173,95.607,307.81,208.71
7.3456,97.17,307.21,208.23
8.6493,96.63,306.45,207.39
7.8197,97.171,305.99,207.06
8.0856,96.586,305.65,206.73
8.8976,98.185,304.93,206.95
8.2524,98.108,304.35,206.47
7.7215,98.331,303.3,206.16
6.382,97.923,303.01,205.91
5.7665,97.909,302.56,205.83
5.2637,98.268,301.16,205.93
5.8177,98.458,300.18,205.98
5.4052,98.604,299.51,206.19
4.9817,98.457,298.91,206.47
4.0898,98.464,297.55,206.73
3.9841,99.241,295.22,206.59
6.1893,104.35,293.86,204.06
4.9785,101.2,292.44,203.74
4.1198,100.24,290.66,203.98
5.4852,101.37,289.58,203.77
8.4702,106.39,288.35,201.62
8.6304,103.42,286.76,201.63
7.1061,101.62,284.67,201.91
7.9766,101.36,283.22,202.2
8.1629,102.17,281.5,202.55
8.5985,101.84,280.22,202.68
9.0746,101.3,279.32,202.57
8.7722,101.21,279.19,202.42
8.3913,101.13,278.99,202.07
8.3691,100.99,278.58,201.91
8.8445,100.44,277.27,201.51
9.1785,99.495,275.71,201.27
9.3551,99.993,274.34,201
10.249,99.501,272.74,200.67
12.113,99.574,271.54,200.61
11.685,99.078,270.38,200.54
13.318,99.705,269.49,200.86
14.518,99.729,268.01,200.77
18.311,100.21,265.82,200.54
22.572,101.82,263.97,200.1
22.85,102.76,263.11,200.19
23.718,103.08,262.35,200.61
25.331,101.82,260.74,201.22
26.658,100.88,259.23,201.67
26.684,100.96,257.71,202.32
26.811,101.58,257.95,201.87
26.6,101.95,258.61,201.52
26.402,102,259.07,201.45
26.646,101.25,259.11,201.37
27.247,101.44,258.7,201.5
28.515,100.68,257.94,201.67
30.003,100.04,256.75,202.02
29.364,100.26,255.74,202.25
31.3,100.78,254.4,202.67
30.388,100.97,254.15,202.51
31.75,101.63,254.11,202.48
28.713,101.28,254.64,201.96
30.108,101.8,254.35,201.91
29.864,101.61,253.91,201.8
28.905,101.94,253.94,201.78
28.462,101.7,254.07,201.78
27.578,101.64,253.82,201.75
26.466,101.15,254.15,201.83
25.527,101.02,254.36,201.91
24.319,100.93,254.15,202.15
24.103,100.01,253.52,202.84
24.079,100.36,252.67,203.13
23.01,100.82,252.46,203.24
23.242,100.54,252.13,203.38
23.415,101.09,252.08,203.53
22.874,101.68,251.92,203.21
22.606,101.52,251.55,202.92
23.159,101.07,251.14,202.69
23.54,101.41,250.76,202.36
22.735,101.34,250.84,201.65
22.497,101.45,250.96,201.72
22.455,101.33,251.13,201.55
21.264,101.61,251.62,201.36
22.199,102.43,251.63,201.41
21.065,102.71,252.32,201.29
21.68,103.12,252.16,201.3
21.517,102.79,252.53,201.16
22.45,102.9,252.15,201.09
20.359,102.56,252.21,201.53
21.657,103.06,251.61,201.42
21.058,103.31,251.61,201.46
21.015,103.27,251.95,201.34
20.356,103.72,252.13,201.2
20.978,104.18,252.04,201.6
19.224,104.2,252.93,201.35
19.581,103.95,252.83,201.61
19.85,103.38,252.75,201.87
20.063,102.9,252.4,202.63
20.162,102.9,252.39,202.76
20.833,103.18,252.58,203.25
19.813,102.76,252.81,203.23
19.515,102.64,253.39,203.45
19.835,102.27,254.01,203.82
20.106,101.8,254.88,204.18
19.558,101.58,255.87,204.62
20.236,101.15,256.8,204.94
19.93,99.229,257.19,205.34
19.723,98.699,257.8,206.25
19.684,99.248,258.38,207.11
20.799,98.449,259.44,207.22
22.469,98.082,259.57,207.81
22.605,99.011,260.36,208.31
23.316,98.6,260.51,208.39
21.097,99.519,262.12,208.82
21.999,98.764,262.1,209.06
21.172,99.011,263.14,209.48
19.617,98.256,263.92,209.66
18.844,98.794,265.33,209.59
18.854,98.618,266.17,209.5
17.881,98.656,266.64,209.64
18.638,98.376,266.44,209.66
18.458,97.248,266.36,209.86
17.972,97.856,267.13,209.99
18.108,97.837,267.65,210.07
18.27,97.174,268.02,210.13
17.77,97.363,268.45,210.23
17.239,98.06,269.17,210.06
17.638,97.473,269.49,210.52
17.283,98.656,269.88,210.81
18.036,98.559,270.78,211.27
17.776,98.503,271.67,211.36
17.583,98.888,273.32,210.87
16.229,99.224,274.48,211.01
16.638,99.346,276.5,210.57
16.785,99.802,277.96,210.5
16.135,98.85,278.59,210.96
15.565,99.375,279.03,210.71
15.938,99.062,280.33,210.58
14.848,99.267,281.91,210.53
15.048,99.701,283.76,210.26
14.864,100.37,285.3,210.1
15.097,100.07,287.4,209.86
13.864,100.23,289.38,209.53
13.285,101.45,291.82,209.45
14.317,102.84,293.61,209.43
14.733,103.37,295.39,209.14
12.779,103.27,297.1,208.82
11.055,103.08,297.53,208.52
11.356,102.64,298.58,208.25
9.4972,103.59,298.41,207.74
10.627,102.48,299.51,208.01
9.7425,104,299.23,208.07
10.777,101.27,299.14,208.28
10.128,102.46,298.51,208.34
9.7124,102.5,297.88,208.16
10.181,102.21,297.66,208.31
10.442,102.09,297.3,208.09
11.19,101.62,296.9,208.06
12.118,102.25,297.15,208.1
12.268,103.5,298.45,207.98
12.184,103.67,299.66,207.62
10.64,102.47,300.4,207.76
12.376,102.26,301.67,207.07
10.332,101.4,302.13,206.93
8.7336,101.98,302.32,206.71
8.4404,101.57,304.08,206.26
7.432,102.77,306.28,205.68
6.6018,101.78,308.21,204.63
6.3879,103.99,311.33,203.72
6.8247,104.18,313.89,203.75
6.7856,104.54,316.75,204.13
7.5573,104.6,320.48,204.14
8.069,104.32,322.76,204.73
8.2887,105.51,324.27,205.52
8.5178,106.36,326.44,205.58
8.7961,105.73,328.17,205.23
10.198,104.18,329.12,205.65
10.465,103.42,330.24,206.33
17.875,111.32,330.24,205.12
25.094,111.16,330.06,204.12
30.158,112.47,329.2,202.62
33.762,113.17,327.12,201.03
35.893,112.61,326.78,200.4
37.518,114.04,325.01,199.32
41.464,113.85,322.91,197.64
47.531,114.44,319.58,194.69
55.077,116.38,316.73,192.01
60.659,117.11,314.9,190.21
64.907,117.51,312.83,188.11
68.667,120.05,311.72,187.29
70.343,122.35,309.87,186.63
72.947,123.09,309.4,185.71
76.527,124.84,309.53,185.69
81.726,124.21,311.52,185.9
83.967,123.7,313.4,186.49
84.941,122.66,313.39,186.62
86.95,120.18,312.79,187.13
88.682,120.38,313.16,187.08
92.575,119.42,312.41,187.21
96.285,119.07,311.84,187.37
103.33,117.23,309.55,187.48
108.94,116.55,308.6,187.38
113.72,115.95,306.52,187.24
119.8,113.31,304.06,187.21
123.52,110.77,303.25,186.89
125.39,109.43,302.96,186.84
130.05,106.03,302.77,186.93
135.35,98.078,293.05,195.74
138.25,91.992,287.64,201.81
143.28,91.011,285.46,205.88
144.96,88.539,285.51,207.28
143.41,85.615,283.7,210.8
140.88,85.119,283.44,213.63
137.37,83.191,283.66,216.47
135.89,81.539,286.08,218.86
136.97,77.337,286.69,220.83
138.88,73.122,288.15,222.84
141.36,68.46,290.23,226.13
141.8,65.094,293.35,230.4
140.13,59.933,297.5,235.66
137.57,54.808,300.65,239.84
138.78,51.604,303,243.34
138.62,48.136,304.91,247.12
140.41,45.18,306.47,250.49
139.31,38.766,308.24,253.34
139.26,36.336,309.84,256.69
135.45,33.5,312.91,258.82
133.07,30.384,314.71,261.31
130.99,28.808,316.26,263.78
128.32,26.281,318.14,266.27
126.55,25.679,318.36,268.17
126.65,25.458,318,269.82
127.28,24.519,317.36,270.51
148.48,24.535,311.08,275.11
136.13,21.284,311.04,275.95
153.62,18.055,306.45,279.49
141.72,18.241,307.32,279.45
133.78,18.91,308.08,278.02
153.73,17.912,305.22,280.43
142.2,15.09,305.1,280.96
136.14,15.558,305.86,279.76
156.35,15.494,303.47,282.25
146.32,13.824,303.13,283.02
139.02,12.664,304.1,282.13
133.9,14.81,305.43,280.11
154.22,15.769,303.42,282.89
139.43,15.873,305.71,283.21
131.78,16.33,307.88,281.69
150.94,18.569,307.27,284.1
137.69,16.22,309.5,283.86
133.03,17.317,310.11,281.89
153.67,18.895,307.95,284.26
140.57,16.298,309.15,283.69
133.67,16.561,310.36,281.77
128.79,19.14,311.2,279.67
154.41,19.891,307.03,281.22
142.1,18.05,307.52,280.88
137.89,19.407,306.91,278.93
157.05,19.676,304.91,280.11
145.62,18.067,304.95,279.48
140.11,19.829,305.6,277.41
160.3,19.546,303,278.52
151.72,18.193,302.38,277.9
146.85,18.981,301.38,276.48
142.22,21.121,302.13,274.25
164.57,21.485,299.31,276.41
153.32,21.326,299.1,276.01
147.88,21.146,299.91,274.88
143.1,23.155,301.61,272.96
142.21,24.53,303.17,271.13
140.89,25.96,304.63,269.84
161.77,25.628,302.25,272.07
149.22,27.107,303.67,271.02
144.21,28.11,304.01,269.8
164.1,27.611,300.91,271.35
155.16,28.14,300.4,270.54
146.42,27.277,301.68,269.88
167.65,26.637,298.62,271.54
160.06,26.608,297.77,270.92
154.89,25.388,297.26,270.29
150.19,25.357,298.89,269.52
173.02,25.665,294.65,271.99
164.54,28.061,295.06,272.01
159.45,26.688,295.28,271.63
153.86,26.342,297.08,271.07
177.59,26.954,292.56,273.75
170.31,27.28,291.6,274.09
165.26,27.128,292.35,273.36
159.72,26.596,294.2,272.91
153.73,26.515,296.92,271.9
176.78,25.39,292.78,275.99
165.5,24.956,294.77,276.84
160.52,24.473,296.75,276.27
156.52,22.399,298.82,276.32
151.56,24.448,301.17,275.36
177.32,24.961,294.69,278.81
167.34,25.838,295.15,278.83
161.53,26.381,296.46,277.44
158.19,27.033,297.97,275.78
155.71,27.569,299.97,274.69
155.85,26.786,300.97,273.25
181.59,25.87,294.15,276.72
173.1,25.754,293.46,276.9
167.42,25.23,294.2,275.94
164.33,24.6,294.68,275.51
160.27,25.757,296.65,274.39
187.92,25.038,289.54,277.89
177.24,25.166,288.86,278.43
170.59,25.858,290.5,276.34
166.57,25.974,291.92,274.82
161.75,26.244,294.7,273.36
187.45,26.081,288.69,276.64
175.53,27.469,288.89,276.46
171.64,28.429,289.23,274.59
166.67,29.928,290.45,272.86
163.51,31.736,292.53,271.06
160.81,32.262,293.94,269.86
158.73,33.666,295.35,268.12
155.34,34.913,297.02,266.44
178.78,33.54,291.47,269.79
170.69,35.171,290.57,269.47
163.94,36.437,290.85,268.46
158.89,36.744,292.16,266.25
155.23,39.004,294.44,264.45
174.61,38.812,291.35,266.68
163.41,39.957,293.14,265.59
154.6,38.834,295.38,264.9
149.49,42.17,299.24,263.73
145.57,42.694,301.4,262.81
143.19,43.875,302.75,261.31
163.62,43.859,300.39,263.4
154.49,41.885,299.18,263.21
150.89,42.474,300.17,262.68
146.65,43.189,301.72,261.74
170.12,40.353,296.67,265.53
160.22,38.716,296.42,266.04
153.27,37.57,297.49,266.37
150.54,38.516,299.39,266.05
145.23,39.364,302.72,265.22
168.72,38.351,298.24,268.42
159.33,36.376,298.08,268.48
153.49,37.193,299.27,268.45
150.4,39.008,302.12,266.99
146.49,40.733,305.25,264.91
145.07,40.758,306.26,262.85
144.73,40.815,306.89,261.61
169.17,40.649,301.55,264.23
160.54,41.173,300.37,263.82
155.46,42.954,299.78,262.11
155.16,42.536,299.44,260.77
153.73,42.108,299.35,259.81
177.4,42.239,293.37,261.83
171.05,42.41,290.76,261.15
164.88,44.543,290.5,259.43
161.36,44.928,291.01,257.69
187.94,43.362,284.22,259.56
181.83,44.45,282.21,259.24
177.13,46.418,282.38,257.98
172.96,46.561,283.01,256.14
171.19,45.484,284.22,255.04
168.87,44.965,285.35,254.58
167.25,45.344,285.65,254.4
165.64,46.196,286.7,254.22
167.27,45.004,286.83,254.24
165.54,45.615,287.4,254.27
165.79,45.1,287.7,254.3
165.14,44.947,287.65,254.4
165.32,44.118,287.78,254.67
188.23,41.045,281.64,259.81
178.66,42.131,281.54,261.11
172.9,41.385,282.25,261.43
167.65,40.7,283.77,261.33
187.4,38.824,280.01,264.47
177.22,41.348,281.63,263.92
171.71,41.496,282.72,263.4
166.4,38.957,284.43,262.68
188.78,37.324,279.96,265.45
178.5,38.953,281.11,265.22
172.97,40.436,281.76,264.08
167.11,37.759,283.69,263.43
189.05,35.312,279.72,266.9
177.4,35.167,280.97,268.22
168.38,36.957,283.06,267.93
188.91,35.076,279.47,270.13
175.07,35.173,281.46,270.63
163.46,36.12,285.36,269.2
183.8,32.51,282.47,271.24
172.28,33.176,283.78,270.65
161.14,33.313,286.86,269.29
183.12,30.446,282.9,271.89
169.84,29.019,285.06,271.99
191.35,25.729,278.78,275.59
178.64,26.068,279.05,275.94
167.56,27.133,282.03,274.35
189.41,27.395,278.15,276.1
176.92,26.474,280.08,276.25
166.94,25.985,283.55,274.79
187.15,24.5,280.44,277.36
174.78,24.93,282.22,277.54
164.11,23.967,286.56,276.64
154.4,23.992,292.16,275.89
147.61,24.987,297.71,275.05
145.59,23.475,301.72,274.88
143.83,23.725,304.51,274.7
142.84,22.68,306.48,274.81
141.95,21.82,307.36,275.43
139.79,21.625,308.95,275.54
136.6,22.992,310.91,275.05
157.64,22.93,305.89,279.71
148.62,22.352,305.56,279.77
144.56,22.567,306.38,278.67
166.25,22.061,301.05,281.86
155.19,23.385,300.57,280.74
148.4,22.837,301.33,279.44
144.43,22.854,303.11,277.71
166.69,23.526,298.07,280.42
156.77,25.291,297.39,279.24
150.14,26.558,298.36,277.95
171.94,27.217,294.31,278.5
163.58,29.567,293.11,276.84
156.72,30.99,293.52,274.57
151.24,31.862,295.36,273.19
172.08,33.201,292.34,274.21
161.02,34.959,293.59,271.67
154.18,36.294,295.55,269.02
148.49,37.387,298.33,266.94
144.03,41.829,301.97,263.87
166.97,42.275,297.74,265.1
159.96,44.281,297.16,263.21
155.18,48.145,297.28,259.27
151.04,50.744,298.04,255.74
152.49,55.182,298.28,251.91
153.47,58.019,297.88,248.51
155.81,60.495,296.64,245.63
159.63,61.891,294.98,243.15
163.52,63.778,293.95,240.63
167.4,63.706,292.23,238.71
165.44,65.078,292.33,237.3
167.28,65.299,291.03,236.57
167.55,65.685,289.67,236.11
165.89,66.339,289.54,235.85
167.03,67.013,289.15,235.24
166.91,66.598,288.85,235.42
167.78,67.122,288.54,234.81
166.97,66.337,288.63,234.61
165.73,67.024,289.38,234.12
164.6,68.342,289.78,233.27
162.23,70.526,290.42,232.67
162,70.363,290.25,232.66
158.93,70.949,291.71,231.89
159.99,71.319,290.55,230.8
159.49,73.343,290.14,228.84
157.49,75.409,290.87,227.25
155.66,78.82,294.53,225.24
152.53,82,298.95,223.41
148.88,84.813,304.4,220.62
147.78,85.904,308.34,218.63
146.33,86.189,311.38,217.73
144.63,85.741,313.82,217.51
143.83,86.369,316.12,216.86
142.04,87.979,317.84,216.03
140.14,89.158,319.23,215.33
138.9,89.535,320.01,214.63
137.41,89.263,319.94,213.69
137,87.925,318.11,212.63
137.97,86.787,315.5,212.32
139.07,87.137,313.87,211.61
138.52,87.595,312.48,210.21
138.86,86.859,309.89,208.89
136.95,86.586,309.43,206.77
131.16,87.247,309.04,205.14
128.43,96.334,313.28,199.65
123.49,99.35,316.25,194.14
124.63,102.65,318.35,189.58
127.07,102.43,319.94,186.07
126.09,105.82,322.29,184.49
126.88,104.78,324.1,183.5
125.83,103.62,323.79,182.83
123.75,105.16,323.61,182.14
120.14,106.92,325.96,181.15
113.48,108.65,329.03,180.89
109.16,106.91,332.86,181.43
103.51,104.35,336.24,182.97
97.92,104.75,339.14,183.33
94.818,105.27,341.45,183.97
91.711,105.14,343.02,184.42
88.028,105.15,343.57,183.88
85.75,106.2,343.8,183.4
82.21,106.35,343.72,182.93
77.503,106.06,343.04,182.53
70.028,106.2,343.15,181.33
62.173,106.72,342.72,180.54
57.419,106.83,340.92,179.66
52.642,105.08,340.16,179.42
51.782,103.64,339.17,179.45
50.824,104.63,336.76,179.62
51.731,104.13,333.84,180.23
51.44,103.2,330.61,180.09
53.11,101.65,327.75,179.1
51.499,102.19,324.35,178.37
53.206,103.18,320.19,177.81
54.548,102.55,318.46,177.58
54.799,103.19,316.96,177.96
56.065,103.29,315.57,178.56
56.363,102.33,313.3,178.88
54.309,102.4,311.53,178.63
53.295,101.46,309.39,178.42
53.696,101.4,307.45,178.1
53.472,101.31,305.69,178.11
51.039,100.12,304.19,177.92
50.233,98.448,301.79,177.89
50.735,98.445,299.45,177.75
49.461,98.191,299.11,177.8
45.907,98.552,299.36,177.81
44.536,99.386,300.01,177.65
43.695,100.2,299.99,177.23
44.423,100.76,299.35,176.64
44.105,101.42,298.95,176.43
43.303,102.57,298.3,176.26
43.167,101.44,295.31,176.16
42.14,101.99,293.02,176.28
42.085,102.45,290.09,176.1
45.43,102.96,287.51,175.78
46.149,102.17,284.16,175.55
47.384,101.65,281.17,174.82
48.581,101.3,277.88,174.77
48.4,100.89,274.58,174.1
47.013,101.69,272.06,172.71
47.437,102.6,269.48,172.29
49.427,102.81,266.66,171.96
51.15,103.41,264.19,171.52
50.091,102.25,263.26,171.26
45.556,101.92,263.51,171.16
38.925,100.57,264.93,171.04
31.054,99.635,265.09,171.37
27.332,97.959,264.12,172.54
25.177,96.439,261.9,173.28
23.872,96.215,260.66,173.66
23.572,95.537,258.97,173.81
23.028,97.108,258.17,173.52
22.193,95.842,256.81,173.51
22.326,94.911,255.55,172.88
20.859,94.835,253.69,172.65
20.524,94.409,252.26,172.27
19.139,94.793,250.1,171.8
16.716,94.603,247.36,171.48
13.864,93.461,246.09,170.88
11.767,91.101,245.3,170.17
12.488,89.665,244.27,170.01
9.7147,89.748,243.18,170.55
9.1937,90.288,242.32,170.5
8.6936,89.949,242.2,170.84
8.6561,88.359,242.08,170.99
6.5028,88.037,241.63,171.32
3.5751,86.296,240.8,171.73
2.694,84.996,239.53,171.92
3.0596,83.366,238.26,172.22
3.2304,83.561,237.62,172.34
3.7497,83.66,237.02,172.8
4.038,82.576,236.68,172.98
2.3449,82.837,236.16,172.88
1.5832,83.08,236.04,173.14
1.6735,82.35,235.34,173.19
1.9841,82.044,234.34,173.33
2.1695,81.891,233.84,173.53
1.1806,81.659,233.63,173.67
0.99097,81.687,233.62,173.19
1.0522,81.697,233.41,172.68
2.2793,82.219,233.55,172.23
1.7776,82.296,233.76,171.77
1.1472,82.902,233.53,171.23
0.7093,83.237,233.21,170.83
0.38244,83.148,232.44,170.27
0.42846,83.093,230.79,169.61
0.76598,83.763,228.88,168.7
1.8927,84.194,225.87,167.37
3.4077,83.968,223.14,166.47
4.9344,84.568,219.26,165.34
4.8783,84.617,216.51,164.31
5.7279,84.748,214.07,163.51
4.7066,84.051,211.15,163.07
4.2401,83.651,207.69,162.34
7.2035,85.099,204.08,160.71
9.2167,85.32,200.68,159.57
10.998,85.25,197.46,158.27
13.669,85.528,194.49,157.17
17.886,75.865,184.43,163.95
22.291,69.49,176.81,170.16
26.158,65.095,170.1,175.76
29.694,62.553,164.61,179.68
32.722,62.024,160.25,182.51
34.824,61.27,157.05,184.19
36.779,59.989,154.46,185.94
38.398,59.235,152.72,186.87
40.22,57.966,150.96,188.32
41.837,57.622,149.35,189.19
42.725,56.318,147.32,190.35
45.478,56.029,145.08,192.01
47.609,55.134,143.18,192.36
49.535,55.06,141.76,192.97
50.393,55.295,140.53,193.47
50.172,55.187,139.75,193.55
50.137,55.37,138.6,193.2
49.88,56.093,137.91,192.67
49.681,56.457,137.55,192.25
49.234,54.766,136.6,191.63
49.408,53.066,135.87,191.27
50.941,53.448,136.26,191.16
51.142,51.313,137.01,190.82
51.12,51.462,137.31,190.21
52.13,50.327,137.44,190.22
51.462,49.701,138.8,189.79
54.245,41.997,130.82,198.25
54.669,38.487,124.97,203.63
54.818,37.264,120.35,208.18
55.139,38.472,116.92,210.75
55.084,38.039,114.38,211.78
55.371,39.41,112.28,212.43
54.556,40.244,110.75,212.32
54.133,41.689,109.92,211.15
53.561,42.539,109.61,209.07
52.487,42.012,108.85,207.56
52.773,44.124,108.14,206.11
51.388,44.458,107.77,204.96
50.555,44.402,107.14,204.17
48.915,43.448,106.62,203.54
47.941,43.947,106.76,202.03
48.834,44.992,107.38,199.66
48.701,45.65,108.36,197.3
49.142,45.577,109.43,193.9
50.658,46.542,109.9,190.51
52.597,49.106,110.13,188.31
55.194,49.392,110.02,186.65
57.473,49.704,109.32,185.38
60.179,50.529,109.28,184.1
63.187,50.736,109.2,183.29
65.929,53.47,108.91,182.38
69.117,53.791,108.26,181.67
72.186,53.001,107.96,180.89
76.054,54.091,107.25,179.7
80.277,55.061,106.93,178.44
84.807,53.322,106.34,177.89
88.718,52.808,105.97,176.99
92.097,52.531,105.53,176.36
95.002,53.539,104.97,175.84
99.228,53.972,104.86,175.35
101.83,54.696,104.78,174.47
103.51,54.456,105.02,173.53
105.67,54.222,105.45,173.18
107.2,54.267,106.19,172.49
108.74,55.898,107.11,171.77
109.43,54.767,108.13,171.56
110.59,55.743,109.21,171.83
111.42,54.722,110.23,172.93
110.81,55.444,111.08,173.76
112.25,54.884,111.57,174.1
114.5,55.833,111.82,174.18
116.68,55.227,112.58,173.73
117.31,53.893,113.27,173.65
118.65,53.081,113.92,174.25
120.27,52.788,114.59,174.54
122.23,51.488,114.97,175.12
122.41,50.743,115.65,174.32
123.26,50.839,116.24,174.03
123.36,49.823,116.44,174.12
124.36,49.098,116.54,174.2
125.99,49.432,116.69,174.29
126.63,47.721,116.64,174.86
127.8,48.177,116.48,175.57
127.59,47.99,116.1,176.42
127.29,47.613,116.77,176.5
128.26,48.116,117.13,177.12
128.86,47.831,117.31,177.27
128.39,47.666,118.12,177.01
129.36,47.48,118.53,177.03
129.86,47.004,118.66,177.37
131.45,47.118,119.09,177.44
132.22,46.404,119.68,177.86
133.58,46.301,120.4,178.64
134.91,45.096,121.03,179.36
135.18,45.726,121.32,179.7
137.16,45.933,121.95,179.54
137,45.369,122.5,179.44
138.28,45.056,122.89,179.98
138.87,45.121,123.49,179.96
139.79,45.536,123.87,179.56
141.3,45.895,124.09,179.7
143.26,45.054,124.08,179.93
142.92,45.088,123.64,179.7
144.96,46.648,123.37,180.08
145.58,45.219,123.26,179.59
146.99,45.548,123.08,179.55
147.21,46.902,122.9,179.17
148.67,46.792,122.75,178.59
148.44,46.824,122.65,178.2
149.2,47.518,123.07,177.72
149.73,48.048,123.44,177.45
150.56,48.443,123.74,176.92
152.28,48.569,123.98,176.69
152.82,47.976,124.13,176.49
153.05,48.686,124,176.96
153.78,48.131,123.93,176.75
154.53,48.431,123.98,176.54
154.41,48.131,123.62,176.82
155.47,48.953,123.72,176.52
155.87,48.77,123.25,176.91
155.98,47.722,122.73,177.43
156.43,47.665,122.62,177.8
156.96,46.661,122.17,178.05
157.7,47.406,121.97,178.42
158.94,47.856,121.93,178.45
160.26,47.513,121.88,178.33
161.5,48.727,121.25,179.02
161.89,47.586,121.17,178.57
162.58,47.583,121.29,178.56
163,47.464,121.1,179
164.58,49.156,120.98,178.89
165.2,48.214,120.66,178.35
166.2,48.526,120.39,178.53
167.4,48.507,120.18,178.41
168.68,48.719,120.01,178.2
169.77,49.165,119.82,178.39
170.39,49.14,119.38,178.28
171.02,49.614,119.39,178.14
172.08,49.985,119.74,177.78
173.78,49.845,119.73,177.59
175.05,50.252,119.83,177.79
176.27,50.06,119.87,177.69
178.13,50.234,119.81,177.64
179.54,49.702,119.56,177.59
181.03,50.812,119.57,177.34
183.04,51.218,119.46,177.48
185.41,50.978,119.07,177.58
187.17,50.973,118.52,177.73
188.76,51.705,118.24,177.81
190.89,51.008,117.53,177.42
191.95,51.868,117.25,177.26
194.21,52.056,117.07,177.41
195.7,52.679,116.99,177.28
196.23,52.993,116.76,177.75
198.53,54.538,116.13,178.61
200.51,54.36,115.48,178.92
200.99,54.17,114.99,179.29
203.44,53.245,114.71,179.39
202.71,53.717,114.45,179.79
204.19,53.483,114.98,179.61
205.01,53.922,114.89,179.59
205.28,54.09,115.08,179.66
205.98,54.463,115.88,179.14
206.63,54.083,116.54,179.23
206.55,53.163,117.21,179.13
206.42,54.112,118.16,178.93
208.12,53.572,119.24,178.79
207.28,53.033,119.12,179.22
207.61,54.35,119.64,178.69
206.68,53.853,119.88,178.59
206.78,52.962,120.4,178.22
206.14,53.303,120.7,178.09
206.14,54.393,121.42,177.39
205.34,54.659,121.99,177.15
205.08,54.879,122.71,177.16
204.92,55.358,123.55,177.38
204.94,55.061,124.33,177.54
205.28,56.434,124.45,177.81
205.38,56.85,124.7,177.69
206.38,57.132,124.66,177.68
206.94,57.262,124.32,177.84
207.49,57.103,124.28,177.63
208.71,58.313,123.87,177.64
208.75,58.141,123.57,177.98
210.2,58.79,123.06,178.2
212.35,59.576,122.43,178.36
212.26,60.176,121.66,179.73
213.76,60.914,121.48,180.33
214.41,61.592,120.87,181.22
216.42,62.64,121,181.24
216.94,63.419,120.73,182.35
217.51,64.127,120.65,183.17
218.36,64.85,120.51,184.4
218.79,66.501,120.56,185.51
220.79,66.507,120.47,187.03
221.46,66.062,120.59,188.12
222.48,66.67,121.07,188.85
222.36,66.426,121.85,188.65
222.39,66.824,122.28,188.32
223.28,66.048,122.3,188.02
224.04,65.345,122.23,188.09
224.52,65.858,122.15,188.45
226.58,67.599,122.02,188.64
226.29,67.209,122.12,188.59
227.48,67.24,121.86,188.85
228.26,67.198,121.84,189.48
228.53,67.383,121.92,190.13
228.98,68.453,121.87,190.87
227.36,68.075,122.1,191.38
225.83,67.974,122.36,191.86
223.5,67.273,122.62,192.18
222.37,67.95,122.64,192.05
220.99,69.568,122.67,192.04
219.37,69.138,122.94,192.01
218.64,70.714,122.85,191.91
217.74,71.695,122.93,191.89
216.82,73.106,123.56,191.31
215.77,74.014,124.04,190.96
215.4,74.852,124.75,191.19
214.86,74.765,125.48,190.91
214.22,74.225,126.07,190.68
213.82,74.009,126.24,190.43
213.56,74.714,126.02,190.73
212.81,75.067,126.06,190.85
213.54,75.552,126.07,190.83
213.5,74.336,125.77,191.36
214.24,74.639,125.5,190.91
214.38,74.904,125.25,190.49
214.87,74.953,124.22,191.3
214.97,75.558,123.73,191.56
214.64,75.684,123.36,192.16
214.6,76.164,123.45,192.31
214.23,76.485,123.51,192.17
214.76,76.589,123.8,191.21
213.8,75.737,123.5,191.21
214.09,75.321,123.73,190.38
213.5,75.242,123.8,189.83
214.03,75.42,123.58,189.62
213.86,76.727,123.42,189.43
213.5,77.13,123.18,190.03
213.56,76.921,122.97,190.4
213.39,77.041,122.57,190.96
214.1,76.871,122.12,191.49
213.84,77.543,121.75,191.88
212.63,77.28,121.57,191.65
211.79,78.068,121.59,191.41
210.96,78.033,121.32,191.3
211.03,78.72,121.49,191.55
210.38,78.498,121.25,191.66
209.38,78.071,121.65,191.71
209.18,78.206,122.52,192.06
208.24,77.271,123.24,192.51
208.51,76.971,123.8,192.72
207.75,77.049,123.95,192.72
207.6,76.586,124.14,192.53
207.24,76.061,124.09,192.44
206.79,75.293,123.79,191.84
207.31,74.905,123.77,190.67
206.51,75.204,123.39,190.14
206.68,75.01,123.45,189.67
207.34,75.227,123.84,189.1
206.91,76.663,123.65,189.18
206.67,76.909,123.4,189.28
206.23,76.543,123.49,188.97
207.06,75.163,123.7,189.22
206.53,75.426,123.57,189.36
206.6,75.592,123.54,189.38
206.2,75.731,123.69,189.49
206.28,75.472,123.74,189.97
205.61,75.084,124.1,189.88
206.25,74.719,124.14,189.82
206.87,74.128,124.14,189.91
206.8,75.109,124.33,189.69
206.52,75.193,124.56,189.49
206.54,75.01,124.73,189.58
207.3,75.557,125.02,189.31
206.94,74.573,124.87,189.06
207.18,75.16,124.84,188.71
207.09,74.899,124.77,188.61
207.59,75.339,124.99,188
208.08,76.402,125.02,187.5
208.3,75.838,124.77,187.13
208.22,76.746,124.47,186.83
208.27,76.604,124.54,186.17
207.99,77.237,124.48,185.46
208.56,77.159,124.67,185.44
208.59,78.015,124.75,185.56
208.96,77.515,124.69,185.47
208.66,77.812,124.47,185.07
208.43,78.563,124.6,184.89
208.62,77.594,124.84,184.37
208.78,77.791,124.51,184.93
208.68,77.431,124.49,185.04
208.97,77.605,124.52,185.28
208.91,77.782,124.54,185.63
207.55,77.636,124.94,185.57
206.58,78.134,125.57,185.19
206.18,77.021,126.26,184.75
206.35,77.566,126.23,184.88
205.87,77.96,126.45,184.41
206.06,78.436,126.57,184.18
206.09,77.952,126.68,183.78
206.23,77.743,126.75,183.55
205.82,77.464,126.56,183.86
205.3,79.648,126.45,182.85
205.41,79.966,125.84,182.11
205.09,80.449,125.49,181.29
204.99,81.114,125.26,180.55
205.21,80.942,125.27,179.93
205.63,81.44,125.24,179.61
205.33,81.686,124.65,179.75
205.47,80.937,124.3,179.79
206,81.374,124.55,179.5
205.42,81.914,124.15,179.53
205.85,81.817,124.45,179.09
205.64,82.361,124.34,179.18
205.26,82.137,124.28,179.49
