852,320,70,36
850.71,320.15,69.901,36.021
849.42,319.59,70.246,36.039
844.6,318.72,71.071,36.212
843.44,319.98,71.409,36.089
839.45,318.9,71.505,36.592
834.9,318.39,71.105,37.132
830.65,318.3,71.085,37.698
825.85,317.58,70.571,38.26
823.15,316.65,70.185,38.655
820.41,315.89,70.044,38.749
817.51,314.73,69.445,39.139
814.45,314.81,69.393,39.574
812.58,315.5,69.151,39.791
811.54,317.78,68.826,39.832
809.94,319.62,68.058,39.735
807.03,319.94,67.542,39.349
805.91,319.29,66.933,38.518
805.13,319.53,65.789,37.947
803.87,320.05,64.47,37.585
803.32,320.38,62.873,37.245
801.74,321.15,61.665,36.789
793.33,321.69,61.163,35.64
784.38,322.8,61.426,34.721
781.59,324.13,61.61,33.936
776.5,329.55,61.789,33.812
773.22,329.55,62.241,33.472
769.4,329.51,62.903,33.231
765.95,334.13,63.788,33.523
762.98,332.52,64.951,33.593
761.72,331.53,66.129,33.459
761.48,335.84,66.568,33.758
752.36,319.78,62.271,36.944
750.75,311.88,57.783,39.93
751.21,310.32,54.839,41.42
747.32,310.1,51.886,42.807
747.97,309.93,49.925,43.433
744.75,309.64,47.865,44.451
741.16,310.34,46.75,44.548
736.48,310.53,46.133,44.656
736.37,310.44,45.696,44.495
736.71,309.49,45.267,44.137
717.75,327.77,49.647,40.735
715.61,328.75,53.142,38.205
713.53,329.36,55.796,36.538
717.6,329.82,58.134,35.39
716.35,330.14,59.647,34.529
715.72,335.31,60.822,33.751
716,334.46,61.904,33.341
721.9,333.34,62.669,33.102
727.34,332.37,63.861,32.828
727.24,331.89,64.538,32.712
733.28,331.82,65.318,32.493
733.92,331.49,65.565,32.642
739.78,331.37,66.626,32.578
740.15,331.44,67.11,32.742
746.9,331.79,67.381,32.825
752.71,331.71,67.915,32.91
758.77,331.56,68.571,32.937
760.13,330.21,69.842,32.53
766.83,323.27,70.128,32.777
773.8,316.27,70.283,33.044
781.14,315.71,70.663,33.217
782.92,315.49,70.643,33.389
785.5,315.09,70.698,33.584
792.56,308.92,71.406,33.799
794.11,309.29,71.898,33.987
796.37,308.98,71.982,34.351
792.81,308.55,71.999,34.634
795.69,308.14,72.065,34.905
799.29,307.94,72.133,35.153
808.47,307.42,72.719,35.585
810.01,307.05,73.531,35.88
811.39,307.09,74.358,36.129
818.71,307.38,75.38,36.383
826.35,307.5,76.459,36.449
827.42,307.55,77.4,36.519
835.26,307.02,78.251,36.789
836.01,313.75,79.228,37.364
830.19,313.91,79.841,37.536
831.6,314.07,80.813,37.416
839.41,314.25,81.478,37.244
846.71,314.28,82.376,36.87
854.52,321.18,82.691,36.81
860.41,320.29,83.969,36.161
858.18,320.28,85.539,35.42
852.02,311.95,86.014,35.817
846.95,318.64,86.597,35.991
850.98,325.05,86.626,36.33
861.04,324.96,86.99,36.389
863.37,315.88,86.536,36.925
864.5,321.8,85.692,37.612
866.8,328.13,85.187,38.01
869.11,334.13,84.242,38.619
871.38,340.74,83.329,39.163
880.58,340.91,81.78,39.754
889.86,348.24,80.431,40.658
906.59,362.22,79.403,41.334
915.11,376.86,81.035,40.714
918.06,376.3,81.468,40.468
927.11,391.32,82.319,39.935
929.06,398.93,82.748,39.581
930.41,398.66,83.177,39.278
932.37,405.86,83.295,39.069
934.02,404.5,83.774,38.784
941.61,403.89,84.358,38.439
943.59,410.76,84.698,38.283
944.13,409.89,85.817,38.125
944.91,408.74,86.258,37.952
945.68,408.02,86.554,37.901
948.16,414.74,86.624,38.02
949.96,413.83,86.734,38.08
952.85,421.15,86.434,38.271
963.23,420.01,86.102,38.593
986.71,392.45,81.421,42.541
987.39,380.81,78.204,45.518
971.02,387.82,79.371,44.973
970.3,387.16,80.058,44.59
969.76,386.48,80.959,43.994
993.63,376.73,76.891,46.9
993.33,386.17,72.595,50.213
993.64,387.24,68.89,52.74
993.01,388.22,66.119,54.712
992.53,389.79,64.497,55.86
991.77,390.18,63.092,56.774
990.84,383.22,61.742,57.404
997.47,377.81,60.782,57.717
995.77,376.99,60.226,57.831
1001.6,378.4,59.727,58.024
1007.8,372.2,58.865,58.247
1005.4,373.22,58.604,58.421
1010.4,382.89,58.229,58.124
1008.6,391.13,58.278,58.013
1007.1,386.5,58.496,57.746
1000.1,386.47,59.77,56.101
986.04,386.45,62.045,53.581
987.31,386.18,63.341,52.14
987.2,392.52,66.104,49.833
988.51,384.69,67.954,48.577
997.32,376.26,69.242,47.537
998.87,368.3,71.429,46.211
1006.8,367.08,72.316,45.316
1015.7,366,72.884,44.548
1024.7,365.12,73.216,43.902
1035,364.53,73.134,43.646
1030.1,363.5,74.008,43.04
1032,362.6,74.905,42.376
1033.7,361.62,75.508,41.931
1035.2,360.63,76.15,41.562
1066.2,345.47,72.55,44.627
1074.5,321.95,69.065,48.134
1081.1,313.15,67.195,49.661
1081.2,307.55,66.005,50.163
1080.3,308,66.297,49.435
1066.9,308.04,66.496,47.54
1069.2,300.43,64.647,48.569
1076.9,294.8,63.124,49.47
1078.6,294.84,61.393,50.011
1080.2,294.64,59.698,50.486
1081.4,294.56,58.07,50.721
1082.2,294.63,57.206,50.728
1089.9,295.64,55.563,50.923
1091.7,296.22,53.98,50.839
1099.1,304.92,52.646,51.632
1101,312.17,51.448,51.76
1101.9,318.21,50.629,51.225
1103.5,318.79,49.732,50.91
1104.9,320.34,49.023,50.373
1105.9,322.53,48.38,50.11
1107.4,324.39,47.818,49.721
1108.8,325.7,47.433,49.319
1110.6,327.24,47.107,48.866
1116.5,333.1,46.657,48.606
1116.7,333.62,46.419,48.49
1117.3,334.12,46.402,48.081
1118.7,335.09,46.169,47.567
1124.2,337.35,46.141,47.562
1124.1,338.23,46.109,47.284
1124.1,339.13,45.951,47.228
1128.9,340.44,45.841,47.216
1128.9,341.54,45.962,47.092
1133.5,343.13,45.87,47.184
1133.7,343.86,45.764,46.876
1138.1,345.13,45.629,46.784
1137.5,346.27,45.752,46.448
1137.1,347.26,45.801,45.986
1136.9,347.92,45.871,45.332
1141.4,349.21,45.844,45.037
1141.2,350.24,45.834,44.704
1141.1,351.26,45.788,44.278
1141.6,352.24,45.579,43.768
1146.5,353.61,45.27,43.658
1146.3,354.85,44.846,43.427
1146.6,355.15,44.602,43.004
1147.2,356.59,44.404,42.647
1147.8,357.78,44.202,42.459
1152.2,358.74,43.962,42.589
1151.5,359.36,43.911,42.523
1151.1,360.35,43.851,42.217
1151,361.53,43.685,41.9
1151.3,362.17,43.582,41.53
1155.5,362.87,43.392,41.669
1154.8,362.87,43.249,41.828
1154.2,362.95,43.257,41.85
1153.7,363.07,43.236,41.929
1153.6,363.01,43.245,41.75
1153.8,363.45,43.156,41.587
1153.6,363.48,43.142,41.398
1153.1,363.38,43.071,41.284
1152.8,363.67,43.007,41.045
1152.7,364.13,43,40.812
1152.6,364.49,42.893,40.565
1152.8,365.21,42.81,40.337
1153.4,365.58,42.705,40.101
1153.8,366.33,42.524,40.103
1153.8,367.31,42.479,39.969
1154,367.47,42.393,39.814
1154.1,368.11,42.224,39.639
1154.4,368.85,42.021,39.413
1155.2,368.99,41.885,39.134
1155.2,369.48,41.666,39.021
1155.3,370.35,41.322,38.961
1155.8,370.58,41.126,38.858
1156.5,370.5,40.973,38.754
1157,371.02,40.722,38.782
1157.5,370.94,40.593,38.723
1162,371.5,40.38,39.129
1161.2,371.73,40.353,39.271
1160.6,372.02,40.408,39.248
1159.9,369.13,40.45,39.408
1159.3,371.18,40.345,39.383
1159.1,372.59,40.216,39.165
1159.2,373.18,40.064,38.907
1159.2,369.91,39.985,38.839
1159.5,371.57,39.88,38.589
1159.4,373.21,39.725,38.417
1160,374.26,39.608,38.073
1160.3,371.21,39.623,37.872
1160,372.77,39.524,37.646
1160.3,373.93,39.442,37.306
1160.5,375.22,39.325,36.931
1160.5,376.12,39.084,36.627
1160.5,376.89,38.907,36.224
1160.4,377.69,38.796,35.774
1157,379.53,40.079,33.652
1158.1,380.94,41.124,31.67
1158.7,377.65,40.221,31.867
1159.4,378.76,39.29,31.758
1159.8,383.95,38.404,31.616
1159.8,384.57,37.463,31.456
1160,385.01,36.525,31.327
1160.1,385.6,35.593,31.288
1161.2,385.69,34.92,31.117
1162.1,383,33.953,31.088
1165.6,380.99,33.499,30.861
1165.7,382.63,32.73,30.669
1165.7,383.63,32.296,30.313
1163.3,383.64,31.861,30.289
1163.8,380.95,31.546,30.351
1164.3,381.7,31.341,30.247
1164.9,382.31,31.206,30.212
1165.4,383.32,31.157,30.154
1165.6,384.09,31.13,30.114
1165.7,384.83,31.102,30.051
1166.2,385.23,31.061,29.986
1189.6,371.65,31.181,29.974
1196.9,372.61,31.578,29.775
1196,373.73,31.843,29.373
1200,375.42,31.86,28.961
1209.4,385.31,28.404,32.752
1210.8,387.21,25.482,36.608
1212.6,388.35,23.19,39.659
1212.9,385.3,22.781,40.942
1212.8,385.57,22.852,41.1
1212.7,385.9,22.941,41.334
1212.5,386.21,23.005,41.58
1212.5,386.55,23.092,41.806
1212.2,387.15,23.183,42.08
1212.2,387.41,23.262,42.361
1212.3,387.61,23.351,42.675
1212.1,387.63,23.403,42.864
1212.3,387.61,23.442,43.04
1211.9,387.01,23.471,43.395
1211.7,386.81,23.508,43.575
1214.1,386.48,23.489,43.673
1212.5,386.59,23.483,43.821
1211.8,386.62,23.473,43.994
1211.5,386.77,23.479,44.094
1211.2,386.84,23.466,44.258
1213.7,386.61,23.394,44.464
1213.1,386.29,23.121,44.905
1212.5,385.57,22.75,45.5
1212.3,384.96,22.545,45.965
1212.2,384.26,22.362,46.408
1211.7,383.7,22.456,46.534
1212.2,383.6,22.408,46.68
1212.3,382.72,22.239,47.131
1212.3,382.25,22.09,47.453
1212.2,381.6,22.026,47.643
1212.1,381.37,21.961,47.817
1212.2,381.18,21.919,47.925
1212.5,380.95,21.879,48.026
1196.5,366,26.447,43.42
1190.4,368.25,28.222,41.045
1186.2,373.36,27.564,41.583
1186.1,370.5,28.188,40.456
1193.8,368.7,31.697,36.975
1193.2,370.65,34.291,34.448
1192.3,372.52,36.684,32.352
1191.5,373.89,38.447,30.762
1190.8,375,40.072,29.475
1190.2,375.78,41.456,28.536
1189.6,376.26,42.412,27.939
1188.6,376.82,43.182,27.486
1177.4,377.35,40.303,29.329
1179.3,377.87,37.771,30.848
1175.4,378.22,36.784,31.365
1168.6,383.13,38.307,29.843
1166.7,384.05,39.467,28.598
1165.4,384.59,40.302,27.501
1164.6,385.07,41.113,26.654
1164.1,385.64,41.578,26.098
1163.2,385.53,42.09,25.663
1165.4,385.3,42.554,25.418
1163.4,385.36,43.054,25.189
1165.9,384.95,43.21,25.229
1164.4,384.7,43.64,25.18
1162.9,384.8,44.143,24.983
1161.5,384.92,44.605,24.822
1164.1,385.05,44.566,24.994
1164.6,385.27,43.078,26.162
1170.8,385.2,40.771,28.276
1177.3,384.74,36.804,31.595
1178.2,386.35,33.998,34.065
1178.7,388.4,31.695,35.835
1178.8,390.68,29.85,37.085
1178.6,392.12,28.183,38.277
1178.4,396.86,26.879,38.791
1177.8,397.9,25.852,39.351
1177.5,399.21,25.151,39.739
1176.5,400.47,24.761,39.817
1176.1,402.31,24.255,40.07
1174.9,403.77,24.062,40.272
1174.3,405.33,23.827,40.304
1173.4,406.19,23.732,40.375
1172.8,406.42,23.582,40.33
1172.2,406.46,23.486,40.318
1172.2,395.38,23.224,40.92
1174.7,396.05,23.12,40.864
1174.4,392.11,23.041,40.497
1174.5,385,22.923,40.544
1175,381.32,21.913,41.781
1178.6,381.39,21.027,42.64
1174.4,378.38,21.295,42.065
1174.1,376.99,21.403,41.909
1159.9,384.13,23.41,39.295
1158.6,386.5,25.174,36.943
1158.4,389.13,25.598,36.27
1157.3,394.56,26.549,35.019
1155.7,397.32,27.507,33.932
1154.1,402.46,28.546,32.617
1145.4,404.09,28.878,31.926
1136.5,406,29.34,31.232
1127.7,407.4,29.646,30.552
1122.9,409.38,30.116,30.058
1118.8,410.76,30.095,29.35
1114.7,400,29.648,28.956
1114.2,390.85,29.596,28.577
1117.4,393.36,30.241,28.411
1116.6,398.9,30.434,28.481
1115.5,400.33,30.507,28.317
1115.4,401.46,30.269,28.141
1122,398.71,30.47,27.858
1124.9,389.22,30.513,27.702
1128,382.81,30.322,27.545
1134.6,376.23,30.277,27.302
1135.1,377.02,30.275,27.305
1135.2,377.47,30.284,27.298
1136.4,377.65,30.343,27.256
1140,377.88,31.234,26.651
1117.4,348.69,30.689,27.141
1125.5,346.11,30.469,27.577
1132.9,343.5,30.381,27.71
1140.6,340.77,30.379,27.918
1149.1,338.23,30.314,27.981
1160.6,335.91,30.429,27.82
1176.3,333.25,30.502,27.98
1191.3,340.19,30.45,28.463
1184.7,340.39,29.181,29.742
1184.1,336.1,28.915,29.647
1185,336.9,28.917,29.645
1185.8,337.17,28.941,29.623
1185.9,337.56,29.023,29.559
1195.8,331.12,30.764,27.859
1198.9,324.38,32.78,26.657
1202,324.68,34.698,25.553
1204.7,325.08,36.117,24.764
1203.7,329.21,37.143,24.109
1199.7,328.26,35.95,25.793
1183.3,328.52,35.155,27.494
1161.9,333.31,34.773,28.684
1140.7,338.77,34.431,29.595
1126.9,343.95,34.48,30.291
1116.5,349.4,34.566,30.901
1110.3,353.09,34.589,30.971
1104.7,353.03,34.762,31.039
1100.5,354.26,34.794,31.888
1100.5,354.75,34.669,31.976
1096.2,344.82,34.846,31.439
1096.7,334.62,35.199,31.177
1097.9,328.39,35.498,30.85
1096.8,324.7,37.798,28.794
1096.9,322.26,37.393,29.285
1086.6,323.07,39.3,28.236
1091.6,346.36,38.307,28.755
1086.3,330.77,40.581,26.664
1072.6,328.09,41.916,25.314
1069.4,328.55,42.833,24.399
1069.5,324.39,43.825,23.584
1066.6,319.82,44.535,23.055
1067.2,310.29,44.915,22.688
1068.1,301.27,44.994,22.654
1069.4,296.21,44.996,22.611
1071.9,292.08,44.912,22.564
1073.3,291.6,42.727,23.932
1069.5,300.64,40.622,25.71
1070.7,296.14,39.087,28.034
1071.4,292.3,38.066,29.596
1072.1,292.87,37.242,31.127
1073.5,293.19,36.704,32.24
1079.3,293.74,36.234,33.407
1084.2,294.34,36.293,33.767
1097.8,294.19,36.004,34.107
1093.6,331.39,35.688,33.616
1104.3,332.27,35.058,33.209
1115.1,328.67,34.432,32.326
1116.9,330.13,34.255,31.77
1122.4,331.66,33.609,32.2
1124.1,337.63,33.129,32.088
1129.3,340.57,32.47,32.444
1133.9,346.92,32.198,32.289
1135.1,348.95,31.889,32.269
1141,342.17,29.357,34.622
1145.5,340.16,30.007,33.984
1145.4,345.79,30.48,33.554
1142,347.21,30.744,33.465
1141.7,363.37,31.004,33.111
1124.3,367.64,31.363,32.565
1115.3,376.18,32.961,30.85
1115,384.71,33.966,29.285
1115.2,389.15,33.73,29.123
1106.9,385.84,33.727,29.424
1107.3,387.86,33.269,29.917
1108.2,390.02,32.688,30.406
1109.2,391.74,32.633,30.721
1106.4,400.96,33.169,30.393
1102.3,402,33.705,29.73
1099.3,399.16,33.951,29.51
1101.4,399.79,34.07,29.343
1107,396.95,34.105,29.416
1108.8,393.96,34.149,29.445
1113.8,394.69,34.412,29.016
1114.7,391.63,34.539,28.715
1116.6,388.36,34.241,28.609
1122.9,381.12,33.946,28.75
1124.9,377,33.421,29.03
1125.8,377.47,33.113,29.948
1125.8,377.61,32.955,30.553
1125.9,378.9,32.572,30.938
1122.2,369.71,31.831,31.113
1123,375.01,31.047,31.589
1123.8,381.61,30.322,32.095
1124.5,389.61,29.807,31.995
1128.8,403.79,29.447,31.894
1130.3,414.01,27.1,34.209
1131.4,417.96,25.731,35.906
1133.3,418.93,24.34,37.434
1135.1,420.83,23.462,38.397
1136,408.28,21.735,40.89
1141.2,395.17,20.686,41.658
1142.8,394.92,21.117,41.27
1146.7,391.69,22.126,40.352
1146.6,387.9,22.739,39.844
1142,384.53,23.926,38.857
1142.2,388.53,24.468,38.391
1137.9,392.97,25.807,37.219
1139.4,393.11,26.623,36.517
1140.4,393.69,27.848,35.499
1145.9,394.38,29.118,34.453
1158.4,399.35,30.984,32.924
1162,404.58,32.844,31.427
1161.8,409.41,34.428,30.07
1157.7,413.97,35.278,29.414
1157.3,418.96,36.403,28.431
1153.2,424.03,37.482,27.495
1153.3,428.59,38.145,27.021
1149.3,428.93,38.834,26.463
1144.7,429.44,39.547,25.965
1167.2,429.86,38.051,28.033
1168,426.18,37.125,29.317
1168.1,426.89,36.054,30.002
1167.3,426.89,35.293,30.443
1166.6,426.32,34.505,31.02
1163.4,425.61,33.614,31.209
1163.2,425.02,33.128,31.524
1163.7,424.81,32.632,31.811
1163.2,425.46,32.726,32.008
1163,422.03,32.673,31.99
1160,422.99,32.654,31.958
1160.2,423.76,32.643,32.275
1160.6,429.03,32.769,32.46
1158,431.08,32.453,32.611
1158.9,433.27,32.421,32.708
1159.3,438.63,32.492,32.885
1157,439.04,30.512,35.022
1158.5,440.04,29.232,36.654
1160.4,440.9,27.823,38.389
1162.3,442.62,27.451,38.822
1168.4,448.59,26.842,39.753
1173.9,454.61,27.458,39.189
1179,460.49,28.341,38.496
1179.6,467.12,29.417,37.462
1184,463.96,30.869,35.75
1184.7,464.44,31.449,34.562
1189.9,465.24,32.42,33.873
1194.3,465.95,33.31,33.733
1198.6,466.31,33.946,34.207
1199.2,458.59,34.547,33.549
1205,459.73,36.287,31.825
1206.4,455.6,36.194,31.468
1212.5,456.6,37.1,30.444
1209.5,457,36.873,30.397
1215.2,452.65,36.49,30.234
1212.3,457.05,36.34,30.049
1213.9,461.23,35.987,29.886
1211.2,469.5,35.619,29.807
1204.4,482.18,35.219,29.604
1212.4,465.82,35.288,30.093
1199.6,467.93,34.614,30.023
1195.5,470.32,34.32,29.723
1194.8,472.46,33.742,29.697
1190.6,472.72,33.421,30.253
1194.4,464.61,32.937,30.795
1203.2,459.68,32.4,32.021
1220.3,454.81,31.89,32.327
1235.8,423.09,33.283,31.441
1248.9,424.48,33.515,31.625
1243.9,428.39,33.757,31.276
1248,424.2,33.421,31.442
1224.5,415.07,33.282,31.177
1228.5,407.78,36.666,27.942
1235.5,400.24,39.715,25.186
1235.6,399.98,41.899,23.261
1238.3,399.41,43.281,22.068
1232.9,398.29,44.23,21.222
1232.3,393.47,44.83,20.95
1232,388.67,44.947,20.978
1231.8,384.21,44.287,20.98
1231.2,383.03,43.941,20.745
1227.1,378.61,43.823,20.481
1227.2,374.41,43.921,20.273
1228.8,366.5,43.357,20.681
1235.2,358.6,41.428,22.769
1237.5,358.52,39.921,24.588
1237.5,358.41,40.118,24.494
1238.6,353.88,38.947,25.709
1243.8,349.36,37.728,26.664
1245,345.03,36.701,27.607
1246,349.35,36.01,28.225
1245.6,349.64,35.663,28.934
1245.4,346.16,35.617,29.753
1245.5,346.74,35.732,30.441
1245.9,347.05,35.793,31.162
1246.2,347.19,35.942,31.836
1246.8,344.06,35.594,32.398
1247,344.81,35.585,32.722
1247.4,345.93,35.246,33.107
1248.1,347.32,34.897,33.284
1248.3,348.04,34.271,33.828
1253.4,348.19,31.831,36.034
1254.2,344.64,29.693,37.94
1254.9,345.52,27.974,39.135
1255.9,342.47,26.808,39.995
1257.1,343.27,25.677,40.461
1259,343.48,23.991,41.974
1260.5,343.98,22.217,43.53
1261.9,344.39,20.66,44.981
1262.7,341.12,19.263,46.627
1263.7,341.75,18.372,47.344
1264.1,341.86,17.42,48.014
1264.7,343.11,16.762,48.607
1264.9,344.51,16.302,48.996
1264.8,345.76,15.872,49.071
1264.6,347.07,15.65,48.658
1264.2,348.72,15.587,48.279
1254.9,350.86,17.791,45.768
1255.9,353.61,20.88,42.177
1254.2,355.39,23.188,39.878
1252.8,357.47,25.092,37.989
1251.6,361.38,26.678,36.257
1253.2,361.54,27.456,35.182
1252.1,361.89,28.239,34.392
1251,365.88,28.866,33.49
1250.9,367.07,29.467,33.315
1254,364.58,28.319,34.083
1252.3,365.58,28.671,33.682
1251.5,366.19,28.917,33.391
1251.1,364.48,29.144,33.146
1250.8,365.73,29.43,32.81
1251.2,363.56,29.63,32.55
1251,361.49,29.787,32.293
1250,360.03,29.968,32.175
1253.4,360.76,28.113,34.022
1251.7,358.77,28.395,33.683
1250,360.23,28.687,33.492
1248.9,360.7,29.042,33.223
1247.7,360.62,29.27,33.017
1260.1,352.79,26.448,35.832
1260.6,349.52,24.093,38.394
1260.5,346.32,22.436,40.117
1260.6,343.81,21.587,40.954
1259.5,341.76,21.43,40.754
1259.6,339.48,21.338,40.725
1259.6,340.17,21.474,40.618
1255,337.73,22.513,39.709
1254,335.42,24.241,38.241
1253.6,332.56,25.384,37.239
1253.2,329.5,25.925,36.73
1252.5,329.64,26.538,36.223
1251.8,329.95,27.217,35.615
1251,326.6,27.559,35.267
1248.4,323.31,28.622,34.167
1243.1,323.74,30.309,32.607
1237.3,320.74,31.757,31.38
1227.7,321.5,33.106,30.298
1221.3,322.4,34.89,28.935
1211.3,323.12,36.15,27.952
1200.5,324.25,37.746,26.858
1189.8,324.98,39.186,25.941
1179.1,325.59,40.384,25.298
1164.4,326.05,41.206,24.959
1158,326.29,42.003,24.603
1151.6,322.76,42.524,24.439
1140.6,323.87,43.153,24.304
1137.2,325.14,43.667,24.245
1133.8,330.06,43.985,23.908
1126.3,330.91,44.179,23.823
1120.8,331.51,44.264,23.771
1114.7,332.66,44.509,23.644
1108.7,337.76,44.375,23.54
1106.2,338.45,44.195,23.555
1100,339.04,44.043,23.546
1097.5,339.37,43.952,23.516
1091.8,335.64,43.895,23.466
1090,336.05,43.861,23.428
1088.4,332.87,43.486,23.492
1086.8,333.65,43.281,23.32
1084.6,334.56,43.208,23.293
1082.6,334.89,42.984,23.317
1080.4,335.41,42.831,23.232
1079,332.46,42.713,23.229
1077.8,333.19,42.757,23.198
1076.3,333.7,42.895,23.03
1075,330.43,42.721,23.05
1074.1,331.01,42.878,22.864
1074.9,331.28,42.862,22.901
1073.6,327.94,42.688,22.91
1074.4,329.11,42.543,22.798
1072.1,329.71,42.415,22.649
1070.3,330.3,42.431,22.552
1068.4,331.11,42.213,22.66
1067.2,332.13,42.302,22.652
1068.3,337.16,42.137,22.588
1065.9,337.74,41.922,22.508
1064.5,342.04,42.089,22.431
1065.1,342.6,42.151,22.455
1062.1,343.15,42.113,22.322
1060.2,343.59,41.916,22.276
1058.5,340.72,41.798,22.42
1059.2,345.24,41.797,22.402
1055.7,345.85,41.933,22.394
1052.8,342.66,41.699,22.449
1046.8,343.28,41.491,22.319
1043.2,343.8,41.506,22.278
1035.8,340.86,41.344,22.358
1029.5,337.96,41.264,22.45
1026.3,339.07,40.987,22.413
1022.9,340.51,41.086,22.385
1019.9,341.51,41.102,22.189
1017.2,342.38,41.061,22.039
1015,342.9,40.9,21.965
1016,343.66,40.714,21.887
1013.2,344.2,40.762,21.829
1011.4,344.52,40.574,21.848
1010.3,345.32,40.353,21.752
1009,346.37,40.226,21.699
1006.5,343.78,40.153,21.638
1005.4,344.97,40.068,21.702
1004.3,346.09,40.083,21.777
1002.5,347.47,40.08,21.87
1000.9,345.24,40.299,21.778
999.58,346.45,40.352,21.845
1000.7,347.69,40.297,21.826
999.16,348.74,40.273,21.843
998.26,349.66,40.233,21.82
997.43,350.67,40.129,21.782
998.33,351.81,40.113,21.707
997.01,352.27,40.161,21.703
995.5,352.6,40.199,21.671
993.49,349.83,40.071,21.654
992.65,350.76,39.962,21.588
991.97,351.6,39.9,21.469
993.17,352.12,39.926,21.397
991.25,352.55,39.961,21.341
989.85,349.81,39.822,21.474
989.34,350.58,39.819,21.466
987.86,347.77,39.894,21.499
989.8,348.65,39.703,21.436
988.41,349.14,39.69,21.355
987.64,349.58,39.703,21.29
988.47,350.3,39.664,21.156
987.35,350.71,39.682,21.09
985.96,351.28,39.688,21.004
984.74,351.67,39.728,20.964
984.01,352.09,39.665,20.939
983.37,352.6,39.629,20.877
981.74,353.5,39.552,20.794
980.49,357.54,39.556,20.804
979.1,358.34,39.49,20.737
977.87,359.41,39.423,20.72
976.36,360.46,39.398,20.738
974.79,361.4,39.278,20.718
973.44,362.37,39.171,20.59
972.06,362.86,39.194,20.547
970.65,363.35,39.201,20.506
969.01,364.3,39.168,20.445
967.71,364.91,39.15,20.395
967.17,367.73,39.367,20.428
966.43,367.09,39.382,20.504
965.43,367.11,39.306,20.564
964.68,367.13,39.243,20.575
964.08,367.21,39.175,20.585
963.32,367.17,39.132,20.59
964.3,364.69,39.112,20.478
962.36,365.66,39.034,20.429
961.06,363.26,39.05,20.47
962.45,367.9,38.991,20.409
960.76,365.27,38.927,20.456
962.05,369.56,38.882,20.444
963.15,370.16,38.933,20.403
961.91,370.33,38.915,20.422
963.05,370.58,38.888,20.467
961.79,370.56,38.891,20.529
962.74,370.65,38.962,20.552
960.84,367.99,38.918,20.502
961.83,368.29,39.025,20.498
960.17,365.4,38.883,20.518
961.58,366.27,38.8,20.45
959.53,360.08,39.282,20.199
958.44,361.39,39.579,20.208
959.47,362.7,39.609,20.258
960.39,363.82,39.552,20.35
961.27,368.03,39.55,20.356
959.99,368.04,39.444,20.441
960.63,368.43,39.413,20.494
959.39,368.46,39.393,20.49
960.28,365.62,39.271,20.504
958.57,363.15,39.336,20.549
960.37,367.75,39.379,20.61
960.99,368.88,39.404,20.645
959.85,372.71,39.631,20.708
961.15,372.89,39.725,20.758
960.01,375.82,40.089,20.94
960.73,376.14,40.279,20.995
961.23,377.12,40.266,21.004
959.96,381.2,40.427,21.038
958.34,382.04,40.418,21.003
959.49,382.84,40.627,20.946
960.21,383.02,40.778,20.962
958.36,379.85,40.669,20.99
959.11,376.91,40.662,20.992
959.88,377.6,40.715,21.021
960.8,377.93,40.663,21.128
960.73,381.04,40.828,21.289
961.59,377.97,40.815,21.224
960.96,378.62,40.902,21.262
962.6,379.61,40.919,21.29
963.48,380.49,41.014,21.202
962.62,380.83,41.051,21.285
963.52,380.97,41.229,21.37
962.14,380.52,41.603,21.521
962.31,377.61,41.906,21.574
962.02,380.49,42.191,21.925
963.69,379.65,42.367,22.148
961.09,376.14,42.698,22.362
959.82,376.3,42.985,22.757
960.83,376.27,43.173,22.901
959.48,375.51,43.44,23.092
958.03,375.46,43.404,23.379
958.37,376.45,43.181,23.486
959.58,379.72,43.647,23.307
955.43,377.21,43.737,23.285
952.38,378.68,43.521,23.317
951.83,383.76,43.545,23.318
949.63,387.1,43.737,23.286
946.88,386.44,44.135,23.382
947.25,386.97,44.295,23.554
947.98,389.86,44.7,23.275
946.8,391.99,45.143,22.853
948.6,390.84,45.437,22.704
949.7,389.96,45.411,22.837
950.29,389.68,45.317,23.092
951.12,389.5,45.211,23.312
952.25,389.26,45.229,23.49
954.07,388.23,45.403,23.443
955.09,387.16,45.558,23.291
956.52,385.92,45.994,23.035
957.76,384.31,46.298,22.769
958.98,381.94,46.563,22.409
960.47,380.07,46.542,22.374
960.92,379.37,46.25,22.7
959.34,382.8,45.687,23.109
959.62,382.84,45.422,23.34
958.38,382.01,45.246,23.59
958.69,381.68,45.167,23.499
956.83,380.79,45.154,23.514
957.75,379.87,45.167,23.29
955.77,379.26,45.245,23.32
954.91,382.05,45.222,23.1
956.11,380.73,45.06,22.877
954.12,379.5,44.882,22.859
955.84,378.05,45.018,22.559
954.37,372.35,44.849,22.501
954.49,370.29,44.906,22.518
956.24,369.44,44.834,22.465
953.9,369.04,44.925,22.658
952.23,368.82,44.729,23.102
950.88,368.64,44.318,23.473
949.75,368.35,44.079,23.611
948.21,367.79,43.733,23.888
946.42,367.38,43.644,23.9
945.43,365.97,43.688,23.765
946.79,365.22,43.394,23.706
945.39,364.52,43.07,23.666
943.68,364.49,42.898,23.714
943.54,365.06,42.605,23.537
944.57,368.37,42.547,23.06
942.8,367.55,42.401,22.831
941.96,366.99,42.273,22.877
942.54,366.76,42.273,22.779
943.54,365.57,42.557,22.507
944.55,364.48,43.088,22.179
946.06,363.06,43.426,22.049
947.31,362.35,43.343,22.107
948.59,361.81,43.137,22.196
950,360.67,43.166,22.002
949.28,359.2,42.942,21.88
952.47,357.47,42.916,21.748
953.74,354.07,42.73,21.93
944.31,352.91,42.809,22.501
947.04,351.75,42.893,23.064
946.2,351.12,42.589,23.547
948.15,350.04,42.886,23.754
946.68,349.05,43.042,23.887
948.94,347.72,43.21,24.052
950.81,347.41,43.616,24.458
948.7,346.16,43.975,24.527
950.87,345.45,44.547,24.725
949.22,345.03,44.89,25.046
951.21,344.24,45.446,25.104
949.41,343.76,45.849,25.209
951.48,343.03,46.207,25.613
949.43,342.23,46.515,25.686
951.44,341,46.921,25.825
949.51,339.97,46.952,25.851
952.05,339.01,47.162,26.08
953.93,338.03,47.496,26.284
952.37,337.98,47.802,26.489
954.71,337.88,48.122,26.892
953.2,337.8,48.431,27.029
955.67,338.01,48.644,27.385
958.29,338.37,49.026,27.768
960.1,338.95,49.439,28.147
961.84,338.86,49.903,28.415
963.63,337.86,50.429,28.671
960.9,336.76,51.159,28.676
963.5,335.3,51.594,28.728
965.58,330.37,51.945,29.27
967.56,328.57,52.36,29.556
969.15,323.94,52.936,30.034
969.72,322.26,53.496,30.422
970.26,317.36,54.055,30.891
971.12,314.66,54.441,30.748
967.33,308.88,54.584,31.276
968.03,306.15,54.954,31.168
966.92,301.19,55.024,31.428
965.81,299.54,54.942,31.562
964.35,294.3,55.066,31.739
963.4,293.02,55.035,31.699
962.33,291.69,54.936,31.588
960.57,291.39,54.83,31.592
958.26,291.35,54.678,31.498
955.49,292.48,54.263,31.522
950.26,293.39,54.528,31.992
949.66,294.6,54.875,32.265
948.94,296.19,55.275,32.385
947.88,300.7,55.43,32.308
946.91,301.33,55.424,32.448
945.98,301.84,55.768,32.654
946.13,302.72,56.105,32.93
946.08,303.74,56.491,33.182
945.98,304.56,56.945,33.324
946,304.85,57.362,33.496
945.93,304.69,57.553,33.604
946.26,305.04,57.75,33.828
947.33,305.07,58.122,34.107
948.24,304.57,58.255,34.165
949.5,304.78,58.608,34.292
950.47,305.26,58.96,34.372
952.28,305.54,59.303,34.441
953.57,305.68,59.775,34.59
955.33,306.26,59.873,34.905
957.44,305.92,60.299,35.061
958.81,306.46,60.538,35.112
960.21,306.56,60.719,35.26
961.7,307.43,60.79,35.465
963.16,307.59,60.812,35.529
964.79,308.18,60.903,35.524
965.28,309.1,61.028,35.547
966.11,309.67,61.228,35.438
966.85,309.66,61.293,35.475
967.14,310.49,61.388,35.515
967.68,310.96,61.366,35.452
968.33,311.12,61.36,35.399
968.88,311.26,61.204,35.433
969.24,312.25,61.322,35.576
970.1,312.17,61.398,35.623
970.91,312.7,61.34,35.654
970.83,312.88,61.451,35.612
971.38,313.43,61.441,35.674
972.34,313.91,61.598,35.648
972.1,314.3,61.603,35.678
973.36,314.19,61.68,35.654
972.95,314.42,61.609,35.764
973.44,314.82,61.529,35.747
973.21,315.55,61.292,35.817
972.95,316,61.242,35.85
972.78,315.87,61.06,35.999
973.29,315.41,60.981,36.063
972.74,315.85,61.101,35.925
972.19,316.16,61.168,35.838
971.66,316.39,61.141,35.781
971.53,316.85,61.07,35.751
971.05,317.13,60.921,35.719
970.83,317.68,60.985,35.79
970.71,316.96,60.71,35.717
970.1,317.01,60.765,35.808
970.55,315.96,60.602,35.725
970.39,314.58,60.692,35.392
970.1,313.8,60.457,35.395
970.28,312.46,60.238,35.171
969.87,312.25,59.912,35.133
969.52,312.04,59.741,35.209
969.27,311.76,59.586,35.23
968.88,312.31,59.406,35.12
968.12,313.35,59.135,34.983
967.58,313.99,58.945,34.795
966.98,315.15,58.911,34.883
967.13,315.68,58.877,34.72
966.89,316.32,58.736,34.578
966.77,317.21,58.56,34.518
967.35,318.21,58.43,34.585
967.53,317.96,58.374,34.568
969.1,318.16,58.456,34.43
970.58,318.2,58.495,34.482
972.6,318.3,58.71,34.518
979.62,319.64,59.516,34.577
986.48,319.44,59.759,34.806
988.04,313.46,59.826,34.828
989.11,313.17,59.763,34.746
990.04,311.7,59.599,34.54
990.19,309.96,59.327,34.248
991.72,308.1,59.191,34.023
992.74,307.09,59.197,33.959
994.96,306.87,58.925,34.047
996.28,307.42,58.881,34.181
996.9,307.58,58.86,34.24
997.75,307.86,58.86,34.27
998.04,308.28,58.752,34.211
998.4,308.46,58.554,34.163
997.89,307.91,58.485,33.932
996.8,307.74,58.586,33.819
996.52,306.89,58.574,33.595
996.16,306.77,58.278,33.637
995.82,306.91,57.78,33.755
994.9,308.24,57.698,33.893
994.55,309.29,57.538,33.933
993.71,310.79,57.361,33.926
992.57,312.23,57.33,34.01
991.9,312.88,57.301,33.949
991.61,313.23,56.98,33.846
991.07,312.97,56.929,33.733
990.51,311.75,56.743,33.673
990.42,310.9,56.707,33.587
990.49,310.73,56.534,33.523
990.41,311.12,56.51,33.605
990.31,311.35,56.391,33.567
990.5,311.92,55.904,33.563
991.44,312.73,55.537,33.531
992.7,313.36,55.169,33.472
993.32,314.71,55.103,33.247
997.41,316.35,54.535,32.857
997.9,317.5,52.591,34.031
999.15,318.38,51.227,34.862
1003.6,319.42,49.944,35.373
1005.4,321.34,50.636,34.268
1002.8,322.83,51.092,33.464
1000.7,324.26,51.553,32.708
999.98,325.74,52.093,32.078
1003.3,327.18,52.225,31.708
1002,328.08,52.311,31.48
1001.6,328.77,52.408,31.336
1002.5,329.12,51.067,32.645
1002.2,329.75,51.394,32.299
1001.9,329.92,51.749,32.129
1001.5,330.02,52.082,31.862
1001.1,326.69,52.688,31.585
1000.9,328.08,53.24,31.437
1000.9,328.96,53.649,31.207
1000.4,329.22,54.414,30.89
1000.9,329.4,54.703,30.842
1001.2,330.01,54.759,30.861
1000.8,329.9,55.119,30.801
1001.4,329.82,55.185,30.812
1001.3,330.4,55.22,30.812
1001.1,330.74,55.145,30.686
1001.1,330.85,55.226,30.528
1001.3,330.79,55.313,30.478
1001.5,330.68,55.274,30.463
1001.2,331.47,55.409,30.353
1000.9,331.34,55.413,30.317
997.32,331.07,55.402,30.325
997.95,331.03,55.596,30.407
998.34,331.44,55.731,30.426
998.75,331.82,55.716,30.415
999.39,332.32,55.566,30.373
999.64,331.69,55.498,30.302
999.59,332.77,55.482,30.305
999.04,333.29,55.45,30.287
998.75,333.92,55.204,30.232
997.88,334.56,54.862,30.134
996.97,335.37,54.744,30.1
992.95,335.55,54.606,30.203
994.04,335.27,54.441,30.315
990,335.73,54.541,30.473
990.64,336.69,54.709,30.48
987.45,336.91,54.926,30.521
988.14,337.42,55.048,30.522
985.12,338.31,55.103,30.692
985.51,338.9,55.214,30.669
985.18,340.3,54.982,30.719
982.06,341.3,55.176,30.791
982.53,341.92,55.536,30.918
982.61,342.97,55.708,30.974
982.77,343.38,56.071,30.985
982.73,343.38,56.372,30.83
982.89,342.2,56.565,31.025
983.05,340.86,56.711,31.154
983.86,339.49,57.142,31.213
983.84,338.04,57.533,31.239
983.61,337.01,57.889,31.285
983.02,335.91,58.168,31.174
983.35,335.48,58.399,31.227
983.48,335.08,58.59,31.321
984.17,334.97,58.652,31.486
984.23,334.67,58.802,31.484
984.36,335.32,59.143,31.6
985.36,335.4,59.328,31.765
985.7,335.76,59.542,31.868
986.02,335.22,59.756,31.997
986.26,334.84,59.94,32.04
986.02,334.8,60.251,32.085
985.66,334.47,60.584,32.131
985.79,334.12,60.788,32.184
984.84,334.12,60.769,32.192
983.74,334.01,61.005,32.197
983.23,333.16,61.169,32.16
983.02,333,61.265,32.15
982.88,332.34,61.598,32.132
982.85,332.57,61.949,32.121
982.86,332.9,62.128,32.176
982.41,332.73,62.031,32.307
981.94,332.67,61.681,32.639
974.47,332.6,61.345,32.791
968.66,332.59,61.827,32.551
962.87,332.27,62.359,32.338
955.79,332.96,63.251,32.4
953.55,333.31,62.599,32.885
940.6,334.33,63.188,33.188
939.68,335.23,63.148,33.451
938.73,336.51,62.72,33.712
932.69,337.27,62.795,33.665
932.38,337.5,62.341,33.94
932.03,337.5,61.776,34.045
931.78,336.86,61.297,33.917
931.5,336.47,60.8,33.952
932.4,336.21,60.088,34.105
933.05,335.85,59.555,34.179
934.44,335.05,59.049,34.381
940.08,334.54,58.795,34.266
941.51,334.52,58.446,34.179
943.5,334.47,58.023,34.188
944.82,334.61,58.007,34.211
945.78,334.71,58.014,34.326
952.79,334.88,58.41,34.246
953.28,333.85,58.685,33.701
966.02,333.23,58.687,33.409
977.81,332.44,58.797,33.009
996.22,331.97,58.549,32.902
1014.6,331.52,58.228,32.739
1039.4,330.95,55.796,34.209
1052.2,331.29,55.984,33.552
1076.9,329.02,52.745,35.442
1095.5,327.57,49.976,37.444
1103.7,327.41,48.018,38.718
1111.8,326.81,46.541,39.43
1119.7,326.02,45.299,39.975
1133,325.82,44.549,40.144
1150.4,325.73,43.925,40.41
1173.1,325.2,43.356,40.625
1190.7,325.35,43.276,40.742
1213.6,329.24,43.066,40.425
1220.6,329.24,43.2,40.476
1232.5,329.33,43.206,40.869
1238.7,329.5,42.519,41.904
1243.9,329.78,40.837,43.242
1251.3,330.42,36.417,46.525
1253.2,340.41,33.771,49.268
1256,363.14,30.093,53.065
1254.7,367.88,29.666,53.571
1250.1,371.88,29.152,54.412
1255.5,374.49,27.934,56.271
1257.5,375.39,25.27,60.005
1258.9,381.64,23.23,63.061
1260,383.06,22.06,64.925
1260.4,384.39,21.32,65.872
1260.7,385.46,20.676,66.578
1260.4,391.52,20.393,66.76
1259.8,411.19,20.336,65.849
1258.8,426.01,20.469,65.087
1258.5,430.78,20.347,64.292
1259.1,440.38,20.089,63.78
1259.9,444.3,19.736,63.537
1260.5,447.81,19.203,63.657
1261.2,451.44,18.651,63.991
1261.1,448.83,18.389,64.117
1260.3,446.68,18.754,63.394
1259.5,450.12,19.115,62.778
1257.6,448.72,20.258,60.904
1256.6,453.12,21.504,58.986
1260.3,461.93,21.157,59.123
1259.7,470.46,20.886,59.244
1259.7,473.52,20.74,59.52
1260.2,476.04,20.338,60.182
1261.2,476.99,19.703,61.295
1261.9,476.91,18.908,62.391
1261.8,472.45,18.745,62.501
1260.8,464.54,18.911,61.899
1260.1,462.52,19.124,61.379
1259.5,460.51,19.396,60.844
1259,458.88,19.615,60.338
1258.5,457.23,19.754,59.819
1258.6,455.31,19.929,59.516
1258.8,452.46,19.995,59.402
1249.7,437.96,22.965,55.505
1246.9,438.94,25.482,52.263
1248.8,439.73,27.252,49.77
1244.7,444.92,28.58,48.298
1241.2,445.68,30.681,46.232
1241.9,450.59,32.603,44.297
1238.6,450.42,34.421,42.651
1231.6,449.92,35.761,41.313
1225,455.35,38.418,39.157
1215,456.82,40.969,37.064
1216.4,458.13,43.23,35.271
1218,459.2,44.983,33.897
1223.8,455.36,47,32.394
1225.2,456.35,48.531,31.295
1227.3,456.97,48.967,30.603
1233.5,458.21,47.622,32.056
1239.2,458.95,46.011,33.715
1240.8,459.88,44.632,34.98
1243.2,461.21,42.954,36.28
1248.7,464.46,39.231,39.689
1251.4,462.9,35.255,43.428
1254.6,465.19,30.771,49.183
1256.7,462.54,27.705,53.079
1257.9,459.75,25.352,56.172
1257.3,457.69,24.453,57.196
1257.2,448.22,23.913,57.755
1257.1,437.81,23.582,57.894
1257.2,433.03,23.284,57.878
1250.1,428.51,24.363,56.502
1248.4,429.54,25.746,54.912
1247.1,430.71,26.406,54.16
1245.9,432,26.908,53.584
1234,430.88,29.009,51.426
1242.4,429.24,30.372,49.861
1245,427.74,31.992,47.748
1242.5,432.4,32.975,46.595
1245.3,427.06,33.761,45.329
1243.2,422.54,34.875,43.553
1245.8,418.38,35.254,42.165
1247.7,417.94,35.364,40.761
1246.1,414.35,35.555,39.607
1245,415.54,35.932,38.569
1247.3,420.81,35.7,37.648
1245.8,425.66,35.677,36.776
1243.9,426.54,35.483,36.119
1242.5,427.86,35.241,35.905
1246,432.37,34.908,35.81
1239,438.58,36.593,34.079
1242.6,439.05,36.131,34.193
1242,439.93,35.748,34.2
1241.2,440.82,35.565,33.847
1244.1,444.97,35.348,33.659
1243.3,445.26,35.205,33.119
1246.6,445.73,34.501,33.154
1245.9,446.77,34.501,32.831
1248.5,447.35,33.759,32.965
1251,448.18,32.816,33.05
1249.6,448.86,32.519,32.738
1251.8,449.38,31.735,32.614
1250.5,450.34,31.468,31.975
1252.6,450.96,30.955,31.533
1251.9,451.43,30.837,31.09
1253.9,455.44,30.316,30.875
1253,455.28,30.041,30.449
1252.9,455.75,29.946,30.069
1249.7,459.64,30.59,29.149
1247.4,459.68,31.053,28.668
1248.3,459.77,31.474,28.186
1229.9,454.48,33.085,26.095
1231.4,452.68,34.082,24.361
1232.9,454.09,34.711,23.02
1234.5,454.71,34.918,22.054
1237.1,452.38,35.016,21.21
1238.8,453.48,35.11,20.484
1240.6,451.17,35.06,19.769
1242.7,452.2,34.794,19.229
1244,452.88,34.651,18.537
1246.1,453.81,34.299,18.154
1247.4,454.95,33.946,17.745
1248.7,458.68,33.395,17.448
1250.7,459.57,32.754,17.209
1251.8,460.06,31.879,17.06
1252.1,459.96,30.941,16.982
1253,460.12,30.078,16.897
1254.6,460.55,28.489,17.75
1256,460.86,27.052,18.475
1256.9,461.42,25.845,18.982
1257.6,462.02,24.852,19.353
1258.4,462.84,23.979,19.685
1258.8,463.81,23.261,19.728
1259.2,464.94,22.672,19.695
1259.6,465.85,22.071,19.733
1260,467.09,21.573,19.753
1260.2,468.24,21.069,19.708
1260.5,469.5,20.601,19.537
1260.4,470.87,20.35,19.406
1260.8,471.81,19.907,19.222
1261,473.1,19.535,19.21
1261.1,474.27,19.112,19.024
1261.3,477.49,18.508,18.76
1261.3,477.94,18.072,18.513
1264.3,478.45,16.703,19.246
1264.8,479,15.68,19.695
1265.3,479.14,14.751,19.882
1265.8,479.47,14.02,19.967
1268.1,480.27,13.293,19.961
1268.3,480.82,12.745,19.796
1268.6,481.26,12.29,19.548
1268.7,481.62,11.99,19.335
1269,482.18,11.72,19.086
1269.2,482.53,11.441,18.981
1271.3,482.47,10.721,19.543
1271.7,482.72,10.094,20.086
1271.8,484.43,10,20.532
1271.8,483.97,10,20.71
1271.8,483.54,10,20.938
1271.7,483.38,10,21.026
1271.6,483.1,10,21.143
1271.7,484.74,10,21.278
1265.8,481.18,11.343,19.747
1266,481.38,12.131,18.859
1264.8,483.16,12.752,18.14
1263.4,483.23,13.348,17.454
1264,485.07,13.788,16.905
1264.8,486.85,14.059,16.473
1263.6,486.82,14.288,16.194
1264.3,488.65,14.367,16.009
1268.2,490.11,13.674,16.471
1265.2,490.04,13.748,16.353
1269,493.75,12.924,16.976
1269.2,493.57,12.327,17.36
1269.5,495.35,11.873,17.603
1269.9,495.34,11.434,17.729
1270.1,495.98,11.047,17.71
1270.2,496.48,10.693,17.633
1270.4,497.32,10.428,17.433
1270.5,497.91,10.115,17.358
1270.4,498.63,10,17.23
1270.3,499.43,10,16.985
1270.3,500.52,10,16.793
1270.3,499.96,10,16.642
1269.3,499.61,10.764,15.611
1268.2,498.94,11.375,14.955
1267.6,500.1,11.878,14.465
1267,501.03,12.212,14.064
1266.5,500.27,12.558,13.822
1266.3,499.13,12.952,13.724
1267.9,499.76,13.159,13.704
1267.8,500.11,13.285,13.727
1267.5,498.85,13.492,13.407
1267.2,499.11,13.614,13.238
1267,499.47,13.74,12.961
1267,499.79,13.959,12.747
1266.9,500.01,14.232,12.511
1266.8,499.88,14.274,12.458
1267.1,499.78,14.348,12.4
1267.6,500.26,14.185,12.405
1267.8,500.93,14.076,12.365
1267.9,501.08,14.003,12.37
1267.6,502.09,14.055,12.199
1267.1,502.81,14.12,12.047
1266.9,503.66,14.302,11.881
1266.3,504.47,14.476,11.678
1265.7,505.27,14.695,11.53
1263.1,505.88,15.522,10.851
1261.4,508.04,16.013,10.312
1259.8,508.41,16.272,10
1258.1,508.63,16.519,10
1256.9,509.02,16.718,10
1255.1,509.28,16.981,10
1252.2,511.2,17.057,10
1251.5,511.32,17.107,10
1250,511.45,17.022,10
1249.3,511.64,17.113,10
1249,511.94,17.078,10
1247.9,512.22,17.212,10
1247.2,512.55,17.279,10
1246.3,512.74,17.294,10
1247.3,513.02,17.33,10
1246.4,513.05,17.242,10
1245.3,513.26,17.262,10
1246.4,513.32,17.213,10
1245.7,513.43,17.2,10
1244.5,513.67,17.251,10
1244.2,513.92,17.303,10
1245.5,514.17,17.366,10
1244.4,512.86,17.418,10
1245.5,513.31,17.542,10
1244.5,513.62,17.545,10
1244,513.68,17.503,10
1243.6,513.78,17.488,10
1243.3,513.79,17.427,10.003
1244.2,513.84,17.458,10
1244.7,512.44,17.499,10
1243.8,512.77,17.55,10
1243.4,512.92,17.499,10
1243.9,513.05,17.505,10
1244.1,513.25,17.392,10
1244.9,511.93,17.341,10
1243.7,512.44,17.543,10
1244.8,512.87,17.606,10
1243.8,513.06,17.455,10
1242.9,513.22,17.399,10
1243.6,513.41,17.375,10
1243.1,513.52,17.304,10
1243.3,513.54,17.331,10
1244.1,513.72,17.265,10
1244.6,513.96,17.26,10
1243.4,514.13,17.237,10
1244.2,512.76,17.307,10
1244.4,514.54,17.248,10
1243.7,513.23,17.333,10
1244.4,513.31,17.366,10
1244.5,513.48,17.396,10
1245.1,513.62,17.402,10
1244.5,512.32,17.492,10
1245.5,514.22,17.48,10
1245.2,512.74,17.521,10
1245.7,513.06,17.573,10
1244.7,513.18,17.552,10
1245.9,513.38,17.462,10
1245.4,513.73,17.431,10
1244.9,512.35,17.461,10
1245.7,514.23,17.408,10
1245.2,514.48,17.41,10
1245.8,514.56,17.326,10
1245.1,514.64,17.339,10
1244.3,514.78,17.282,10
1245.5,514.91,17.277,10.003
1245.7,513.53,17.538,10
1244.7,513.8,17.501,10
1244.2,514.14,17.477,10
1244.9,514.44,17.533,10
1244.1,514.69,17.513,10
1243.6,514.83,17.411,10
1244.4,515.04,17.364,10
1243.5,515.16,17.324,10
1244.4,513.73,17.297,10
1243.7,514.06,17.251,10
1243.3,514.16,17.295,10
1244.6,514.33,17.256,10
1243.6,514.37,17.328,10
1243.9,514.4,17.348,10
1243.1,514.44,17.392,10
1243.8,514.46,17.414,10
1242.8,514.51,17.34,10
1242.1,512.97,17.298,10
1243,513.14,17.275,10
1242.3,511.65,17.253,10
1241.4,511.89,17.11,10
1242.3,512.13,17.069,10
1241.2,510.65,17.072,10
1239.8,510.75,17.009,10
1239.1,510.88,17.09,10
1238.2,510.86,17.055,10
1237.9,509.46,17.053,10
1238.4,508,17.031,10
1236.8,508.16,16.991,10
1236,508.29,16.957,10
1236.8,506.76,17.015,10
1235.6,507.15,17.032,10
1234.7,507.25,16.998,10
1235.1,507.37,17.052,10
1234,507.36,17.148,10
1235.4,505.83,17.233,10
1235.9,505.79,17.153,10
1236.5,505.78,17.109,10
1237.3,504.23,17.16,10
1238.2,504.27,17.207,10
1238.9,502.85,17.252,10
1239.4,503.19,17.332,10
1238.4,503.43,17.318,10
1238.8,503.91,17.408,10
1238,504.35,17.481,10
1238.6,504.91,17.569,10
1237.3,505.21,17.569,10
1236.5,505.6,17.641,10
1235.2,505.66,17.576,10
1234.5,505.71,17.506,10
1234.7,505.67,17.602,10
1233.4,504.23,17.599,10
1233.9,504.33,17.534,10
1231.5,504.49,17.558,10
1232,503.04,17.49,10
1230.9,501.59,17.389,10
1230.2,500.11,17.241,10
1229.5,500.18,17.178,10
1228.4,498.74,17.146,10
1227.5,498.96,17.094,10
1226.4,497.6,17.161,10
1225.3,496.34,17.249,10
1225.6,496.48,17.212,10
1222.4,496.56,17.236,10
1220.8,496.72,17.22,10
1220.3,496.95,17.222,10
1218.7,497.21,17.383,10
1215.8,497.35,17.376,10
1216.4,497.68,17.483,10
1214.7,497.9,17.503,10
1213.1,498.19,17.575,10
1211.7,498.62,17.712,10
1210.6,499.13,17.775,10
1209.6,501.17,17.711,10
1208.8,503.06,17.562,10
1207.7,503.37,17.605,10
1208.7,505.17,17.542,10
1207.5,505.23,17.57,10
1206.1,507.17,17.692,10
1204.9,509.05,17.575,10
1203.2,511,17.541,10
1201.8,511.35,17.556,10
1200.4,511.86,17.576,10
1199.8,513.67,17.503,10
1198.9,512.3,17.513,10
1199.6,512.68,17.643,10
1198.7,512.99,17.531,10
1199.8,513.52,17.581,10
1198.5,513.49,17.513,10
1199.1,515.38,17.586,10
1196.5,515.64,17.493,10
1197.3,514.12,17.53,10
1196,514.4,17.608,10
1195.3,514.66,17.608,10
1195.7,513.06,17.512,10
1195.1,513.18,17.529,10
1194.5,511.8,17.572,10
1195.3,511.99,17.558,10
1194.1,511.99,17.517,10
1193.1,511.94,17.452,10
1193.7,510.34,17.345,10
1192.9,508.81,17.468,10
1193.4,507.05,17.472,10
1193.8,506.96,16.952,10.443
1194.5,505.59,17.074,10.205
1193.5,505.61,17.132,10.029
1193.5,504.2,17.12,10
1194,502.8,17.054,10
1194.4,503.15,16.984,10
1193.4,503.28,17.068,10
1194,503.35,17.061,10
1193.2,503.41,17.094,10
1193.9,503.48,17.088,10
1193,503.68,17.052,10
1193.6,504.19,17.134,10
1191.9,504.46,17.342,10
1191,506.47,17.327,10
1191.3,506.74,17.398,10
1189.9,506.95,17.311,10
1190.3,507.17,17.319,10
1189.1,507.45,17.311,10
1188.5,507.76,17.292,10
1189.6,508.03,17.321,10
1189.8,508.07,17.346,10
1190.6,508.3,17.278,10
1190,508.68,17.324,10
1190.8,510.5,17.321,10
1191.6,510.74,17.316,10
1190.8,512.48,17.198,10
1190.4,512.92,17.238,10
1189.7,513.41,17.231,10
1189,513.46,17.181,10
1188.2,513.6,17.182,10
1187.5,513.75,17.092,10
1187.8,512.21,17.033,10
1186.2,510.7,16.953,10
1185.4,510.81,16.91,10
1184.4,511.01,16.964,10
1183.3,509.47,16.906,10
1181.9,509.75,16.864,10
1180.5,508.48,16.905,10
1178.6,510.28,16.861,10
1175.8,510.4,16.987,10
1173.3,510.56,16.965,10
1171.8,510.58,16.908,10
1168.8,510.77,16.873,10
1168.9,511.05,16.903,10
1165.9,511.09,16.912,10
1165.2,511.45,16.949,10
1164,511.86,16.896,10
1163.3,512.29,16.921,10
1162.5,512.38,16.899,10
1161.6,512.68,16.815,10
1160.6,512.88,16.871,10
1159.6,513.34,17.03,10
1159.6,513.45,17.055,10
1158.3,513.56,17.066,10
1158.6,513.74,17.113,10
1158.9,514.02,17.162,10
1158.1,514.18,17.121,10
1158.5,514.28,17.116,10
1157.2,514.4,17.072,10
1158.5,514.61,17.123,10
1158.7,514.76,17.032,10
1158,514.98,16.986,10
1158.7,515.2,16.926,10
1157.8,515.2,16.974,10
1157.4,513.74,17.026,10
1158.2,514.01,16.876,10
1157.7,514.06,16.86,10
1156.7,514.23,16.946,10
1156.2,512.84,16.974,10
1156.8,513.21,17.064,10
1155.9,513.34,17.1,10
1155.5,513.45,17.087,10
1156.1,513.5,17.146,10
1156.7,513.71,17.114,10
1156.2,514.15,17.149,10
1157.4,514.27,17.12,10
1156.8,514.45,17.084,10
1157.6,514.63,17.172,10
1157.1,515.05,17.283,10
1157.6,515.24,17.287,10
1156.9,515.47,17.285,10
1157.7,515.96,17.368,10
1157.2,517.78,17.288,10.002
1158.2,517.93,17.325,10
1158.8,518.03,17.333,10
1158,518.32,17.319,10
1158.6,518.6,17.297,10
1158,519.13,17.448,10
1157.4,521.06,17.286,10
1158.3,521.18,17.274,10
1159.4,521.26,17.296,10
1158.3,521.71,17.39,10
1159.3,523.9,17.433,10
1158.5,524.23,17.402,10
1157.2,526.16,17.356,10
1157.9,526.66,17.34,10
1157,527.23,17.421,10
1156.2,529.15,17.252,10
1155.8,529.24,17.181,10
1156.4,529.36,17.134,10
1157.1,529.85,17.234,10
1155.9,531.75,17.193,10
1154.9,532.03,17.161,10
1155.3,532.3,17.048,10
1154.4,532.63,17.077,10
1155.4,533.14,17.25,10
1154,533.45,17.141,10
1153.1,535.33,17.117,10
1153.8,535.61,17.026,10
1152.5,535.84,17.006,10
1151.8,537.75,16.917,10
1151.2,538.11,16.929,10
1150.4,538.13,16.916,10
1151.7,538.39,16.905,10
1150.7,538.71,16.992,10
1149.9,539.22,17.055,10
1148.7,539.62,17.053,10
1147.9,541.52,17.072,10
1148.6,541.67,17.069,10
1147.7,541.96,17.034,10
1148.2,542.28,16.986,10
1148.8,542.49,17.03,10
1149.3,542.62,17.055,10
1150.3,542.91,17.099,10
1151.4,543.51,17.203,10
1152.4,543.79,17.145,10
1152.9,543.97,17.129,10
1154.5,545.92,17.199,10
1156,546.06,17.164,10
1157.7,546.12,17.128,10
1161.2,546.31,17.202,10.051
1166.6,546.48,17.195,10.004
1171.8,546.64,17.277,10
1176.8,546.89,17.387,10
1181.7,547.03,17.465,10
1182.2,554.38,15.981,11.168
1180.9,552.48,16.049,11.107
1179.1,561.63,16.694,10.572
1180.1,565.38,17.316,10.075
1181.8,567.52,17.401,10.078
1175.7,567.7,17.711,10
1183.5,564.12,18.215,10
1191.5,564,18.718,10
1196.2,563.91,19.031,10
1199.2,563.75,19.526,10
1204.2,565.69,19.748,10.012
1207.7,565.63,20.125,10
1212.3,565.53,20.375,10
1215.4,567.37,20.691,10
1220.4,567.35,20.892,10
1225.2,567.41,21.085,10
1229.9,569.27,21.225,10
1232.9,571.17,21.423,10
1238.1,573.09,21.542,10.055
1241.5,575.09,21.783,10.076
1246.6,577.01,21.862,10.166
1249.8,576.94,21.94,10.195
1251,579.1,22.022,10.289
1256.2,579.11,22.07,10.411
1257.6,581.14,21.931,10.562
1258.7,581.05,21.843,10.59
1259.5,580.9,21.759,10.597
1258.5,580.86,21.826,10.588
1259.2,578.8,21.843,10.65
1257.9,576.71,21.903,10.633
1258.7,578.69,21.899,10.673
1258,578.75,21.977,10.706
1257.1,578.82,22.132,10.704
1258.7,580.97,22.014,10.894
1261.7,582.59,20.622,11.962
1262.1,582.44,19.563,12.767
1263.8,582.1,18.612,13.499
1263.8,582.49,18.013,13.833
1265.2,583.08,17.357,14.09
1264.8,587.23,17.045,14.036
1264.6,586.97,16.735,13.964
1264.3,587.57,16.607,13.9
1263.9,587.79,16.415,13.785
1263.7,588.29,16.358,13.568
1265.4,588.93,16.036,13.47
1265.1,589.45,15.769,13.339
1264.9,589.91,15.581,13.146
1264.7,590.4,15.498,12.916
1264.5,590.94,15.385,12.79
1264.4,591.43,15.254,12.662
1266,591.93,14.774,12.657
1265.9,592.41,14.632,12.501
1265.7,592.77,14.462,12.425
1267.1,593.17,14.32,12.36
1266.6,593.33,14.161,12.285
1266.3,594.96,14.163,12.225
1267.7,594.86,14.087,12.186
1267.5,594.65,13.941,12.144
1267.6,594.35,13.802,12.207
1267.5,595.73,13.689,12.228
1267.3,595.4,13.568,12.268
1267.1,595.25,13.526,12.082
1268.6,593.68,13.241,12.204
1271,593.46,12.062,13.257
1271.4,592.21,11.312,13.895
1271.8,594,10.991,14.281
1272,594.27,10.917,14.367
1272.1,594.56,10.905,14.38
1271.9,594.88,10.882,14.405
1272,595.21,10.852,14.443
1272.1,595.73,10.844,14.455
1272.1,596.31,10.819,14.49
1271.9,598.2,10.747,14.594
1271.7,599.84,10.638,14.715
1271.7,599.71,10.527,14.846
1271.7,599.76,10.333,15.032
1271.6,599.74,10.185,15.173
1269.7,607.86,10.711,14.554
1269.5,609.67,11.137,13.918
1269.2,609.74,11.489,13.349
1270,607.82,11.666,12.855
1269.2,607.54,11.877,12.739
1268.9,605.96,12.233,12.536
1268.7,603.85,12.403,12.451
1268.3,601.49,12.585,12.34
1267.8,600.71,12.845,12.306
1267.6,598.39,12.899,12.302
1267.6,596.1,12.865,12.409
1268.9,593.99,12.558,12.713
1271.3,592.98,11.445,13.736
1271.9,590.58,10.443,14.698
1272.1,587.1,10,15.217
1271.7,587.16,10,15.241
1272,587.03,10,15.242
1272.1,586.7,10,15.241
1272.1,586.85,10,15.244
1272.1,587.01,10,15.246
1269.3,580.25,10.299,14.816
1265.8,579.23,11.715,13.55
1265.4,579.6,12.825,12.542
1265.2,579.92,13.834,11.643
1265,581.77,14.619,10.989
1264.8,583.61,15.364,10.426
1262.9,582.27,16.143,10
1264.3,584.09,16.628,10
1262.8,584.23,17.101,10
1261.9,584.27,17.52,10
1261.8,584.21,17.93,10
1263.3,584.31,17.907,10
1263.6,583.93,17.834,10.006
1263.9,581.96,17.592,10.056
1264.6,579.85,16.784,10.822
1265.2,577.79,16.228,11.428
1267.2,575.54,15.547,11.978
1267.2,573.15,15.044,12.49
1267,569.13,14.753,12.712
1267,566.8,14.697,12.659
1267,562.85,14.653,12.52
1266.9,562.7,14.638,12.227
1266.5,564.43,14.55,12.042
1266.4,566.91,14.42,12.011
1266.4,569.08,14.283,12.016
1267.8,571.36,14.218,12.001
1267.6,575.05,14.023,12.05
1267.7,576.74,13.948,12.034
1267.8,579.83,13.874,12.238
1267.9,582.87,13.776,12.449
1267.9,586.02,13.642,12.591
1267.8,589.1,13.55,12.704
1267.9,590.43,13.414,12.89
1268,591.9,13.362,12.973
1268,595.06,13.313,12.958
1267.9,596.55,13.326,12.934
1267.9,596.24,13.261,13.103
1267.9,594.27,13.223,13.38
1267.9,592.92,13.174,13.623
1267.8,594.64,13.139,13.832
1267.8,594.67,13.102,14.091
1267.7,594.71,13.105,14.331
1267.6,596.58,13.125,14.489
1267.6,598.53,13.243,14.516
1269.8,597.7,12.431,15.402
1270,597.25,11.863,16.027
1270.3,597.03,11.515,16.445
1270.4,596.79,11.076,16.99
1270.7,597.15,10.839,17.305
1270.7,597.42,10.573,17.667
1270.8,597.56,10.51,17.801
1270.6,597.51,10.347,18.013
1270.8,599.27,10.27,18.11
1271,599.14,10.26,18.162
1271,599.03,10.18,18.352
1271,599.25,10.167,18.531
1271.1,599.04,10.142,18.631
1271.1,600.74,10.101,18.711
1271.2,600.5,10.107,18.823
1271.2,600.32,10.114,18.832
1271.3,600.2,10.081,19.053
1271.2,600.16,10,19.304
1271.1,600.17,10,19.449
1270.9,601.7,10,19.518
1271,601.57,10.121,19.385
1271.1,603.21,10.124,19.376
1270.9,603.16,10.079,19.41
1271,603.3,10.171,19.373
1271.1,605.14,10.221,19.319
1271.1,604.87,10.283,19.256
1271,604.94,10.262,19.302
1271,605.14,10.284,19.302
1271.1,605.01,10.229,19.39
1268.4,606.06,11.265,18.566
1267.7,606.79,12.204,17.985
1267.4,607.39,12.882,17.464
1267.4,607.77,13.414,17.094
1267,608.02,13.854,16.86
1267.1,608.34,14.212,16.64
1267,608.75,14.308,16.611
1266.9,608.81,14.462,16.503
1266.8,608.76,14.527,16.573
1266.8,609.13,14.619,16.525
1266.9,609.87,14.732,16.486
1267.1,610.07,14.831,16.498
1266.8,610.52,14.779,16.712
1266.9,610.5,14.88,16.759
1266.8,611.07,14.902,16.797
1266.6,611.4,14.931,16.854
1266.4,611.67,14.946,16.924
1266.8,612.03,15.053,17.014
1266.7,612.5,15.007,17.137
1266.6,612.61,15.133,17.198
1266.5,613.04,15.255,17.275
1266.4,613.39,15.434,17.176
1266.4,614.15,15.534,17.26
1266.1,614.8,15.513,17.497
1266.3,615.17,15.656,17.58
1266.2,615.92,15.691,17.739
1266,616.35,15.749,17.924
1266.1,616.52,15.894,18.041
1265.7,617.14,15.942,18.246
1265.7,617.55,15.917,18.321
1265.4,618.06,16.033,18.41
1265.6,618.83,16.288,18.581
1265.6,618.95,16.406,18.536
1265.7,619.25,16.442,18.606
1266,619.53,16.442,18.601
1265.8,619.92,16.401,18.663
1265.7,619.84,16.457,18.542
1266.1,618.12,16.445,18.455
1266.2,618.49,16.369,18.321
1266.3,616.62,16.202,18.339
1266.4,614.66,16.332,18.383
1266,612.7,16.397,18.267
1265.6,612.83,16.451,18.174
1265.4,613,16.527,18.055
1265.2,610.99,16.562,17.902
1265.3,609.27,16.759,17.642
1265.2,609.48,16.695,17.444
1265,607.55,16.595,17.366
1267.5,607.88,15.751,17.957
1267.9,606.15,14.975,18.442
1267.1,597.39,15.15,17.813
1266.7,595.39,15.367,17.114
1266.7,593.64,15.477,16.65
1268.9,593.5,14.373,17.173
1271,591.83,13.434,18.061
1270.9,588.14,12.726,18.758
1270.9,586.72,12.492,18.993
1270.9,587.29,12.182,19.301
1270.9,587.87,11.959,19.545
1270.9,588.25,11.903,19.601
1271,588.56,11.839,19.672
1271,588.92,11.798,19.716
1271,589.24,11.781,19.734
1271.1,589.63,11.769,19.747
1271.1,589.96,11.752,19.764
1271.2,590.3,11.742,19.776
1271.2,590.69,11.729,19.79
1271.3,591.1,11.714,19.806
1271.4,591.55,11.695,19.827
1271.5,592.01,11.683,19.84
1271.6,592.44,11.664,19.86
1271.8,592.92,11.646,19.88
1271.5,593.4,11.619,19.909
1271.6,593.78,11.599,19.93
1271.6,594.05,11.585,19.945
1271.7,594.34,11.57,19.96
1271.4,594.6,11.55,19.981
1271.5,594.91,11.538,19.993
1271.6,595.13,11.528,20.003
1271.6,595.32,11.516,20.015
1271.7,595.48,11.503,20.027
1271.7,595.6,11.485,20.044
1271.7,595.68,11.471,20.058
1271.7,595.82,11.458,20.07
1271.7,595.92,11.442,20.085
1271.7,596.04,11.427,20.1
1271.7,596.37,11.404,20.123
1271.7,596.66,11.373,20.154
1271.6,596.95,11.348,20.178
1271.6,597.17,11.326,20.199
1271.5,597.45,11.303,20.221
1271.5,597.78,11.282,20.241
1271.4,597.99,11.263,20.259
1271.4,598.28,11.236,20.286
1271.4,598.58,11.21,20.312
1271.4,598.91,11.185,20.337
1271.4,599.17,11.166,20.355
1271.4,599.43,11.146,20.375
1271.4,599.67,11.126,20.394
1271.4,599.99,11.11,20.41
1271.5,600.31,11.095,20.426
1271.5,600.74,11.082,20.439
1271.6,601.16,11.066,20.455
1271.6,601.51,11.052,20.469
1271.7,602.04,11.039,20.483
1271.8,602.45,11.028,20.494
1271.8,602.97,11.014,20.509
1271.8,603.59,11,20.525
1271.9,604.25,10.977,20.551
1271.9,604.83,10.964,20.565
1272,605.31,10.949,20.581
1272,605.84,10.93,20.601
1272,606.32,10.913,20.619
1272,606.64,10.893,20.64
1272.1,606.98,10.875,20.659
1271.7,607.29,10.836,20.697
1271.7,607.33,10.8,20.733
1271.8,607.35,10.766,20.766
1271.8,607.47,10.741,20.791
1271.8,607.57,10.712,20.818
1271.7,607.81,10.661,20.87
1271.6,607.9,10.602,20.929
1271.7,608.08,10.577,20.953
1271.6,608.16,10.54,20.986
1271.8,608.41,10.515,21.011
1271.7,608.57,10.465,21.058
1271.8,608.65,10.447,21.074
1271.7,608.73,10.414,21.106
1271.8,608.87,10.4,21.12
1271.8,608.93,10.373,21.145
1271.9,608.95,10.353,21.165
1271.8,609.04,10.317,21.199
1271.9,609.25,10.296,21.217
1271.8,609.4,10.253,21.258
1271.9,609.59,10.231,21.283
1271.8,609.66,10.195,21.321
1272,609.91,10.181,21.338
1271.9,610.2,10.16,21.362
1272.1,610.47,10.153,21.371
1272,610.86,10.137,21.388
1271.9,611.27,10.123,21.403
1272.1,611.66,10.114,21.413
1272,612.15,10.1,21.428
1271.9,612.65,10.088,21.441
1272.1,613.22,10.078,21.452
1272,613.66,10.058,21.474
1272.1,614.25,10.049,21.484
1272,614.73,10.04,21.493
1271.9,615.23,10.024,21.509
1272.1,615.84,10.014,21.521
1271.9,616.35,10,21.536
1272.1,616.72,10,21.549
1271.9,617.22,10,21.561
1272.1,617.6,10,21.567
1272,618.1,10,21.583
1272.2,618.66,10,21.594
1272,619.13,10,21.616
1271.9,619.72,10,21.632
1272.1,620.34,10,21.642
1271.9,621,10,21.655
1272,621.67,10,21.665
1271.8,622.2,10,21.679
1271.8,622.79,10,21.695
1271.7,623.25,10,21.71
1271.8,623.73,10,21.731
1271.8,624.36,10,21.75
1271.8,624.8,10,21.829
1271.7,627.26,10,21.951
1271.6,629.52,10,22.151
1271.6,629.31,10,22.348
1271.3,630.82,10,22.21
1271.5,630.07,10,22.337
1268.9,630.22,10.579,21.779
1270.5,632.08,10.531,21.733
1270.6,631.99,10.568,21.681
1270.6,631.85,10.606,21.639
1268.2,630.15,11.263,21.102
1267.8,630.53,11.734,20.716
1260.7,623.84,13.445,19.239
1257.8,625.28,15.061,18.087
1257.4,624.46,16.466,17.211
1257.2,623.64,17.583,16.622
1256.7,624.64,18.462,16.301
1256.3,625.69,19.184,16.173
1255.9,624.45,19.809,16.168
1255.7,625.59,20.408,16.215
1253.3,624.43,20.853,16.291
1253.3,625.57,21.35,16.476
1252.9,624.25,21.747,16.696
1250.6,625.49,22.15,16.936
1250.4,624.3,22.426,17.121
1250.1,625.31,22.733,17.395
1247.4,623.72,22.975,17.704
1247.4,624.82,23.234,17.988
1244.5,623.13,23.543,18.268
1242.1,624.5,23.89,18.508
1242.3,625.91,24.243,18.754
1241.9,624.33,24.504,19.089
1239.5,625.57,24.751,19.357
1239.8,623.92,24.921,19.63
1237,625.23,25.16,19.869
1237,626.61,25.367,20.199
1234.4,625.34,25.588,20.453
1234.4,626.86,25.797,20.779
1234.5,628.46,26.06,21.126
1234.1,626.99,26.279,21.468
1233.8,628.33,26.498,21.843
1233.5,626.73,26.648,22.074
1233.5,628.31,26.796,22.336
1230.6,629.73,26.978,22.637
1228,628.17,27.193,22.891
1228.2,626.57,27.546,23.213
1228.1,628.21,27.749,23.393
1225.6,629.84,28.031,23.63
1225.9,628.39,28.19,23.823
1226.3,630.18,28.406,24.055
1226.5,632.02,28.563,24.232
1214.2,648.3,27.994,24.724
1214.8,648.49,27.582,25.188
1212.6,650.63,27.192,25.123
1213.2,649.89,26.921,25.194
1213.8,649.86,26.695,25.468
1213.9,649.61,26.583,25.437
1211.5,649.47,26.433,25.572
1212.3,649.86,26.29,25.699
1212.9,649.78,26.112,25.7
1213.3,650.08,26.05,25.762
1213.6,650.61,26.121,25.848
1213.9,650.92,26.066,25.784
1211.3,651.19,25.958,25.803
1212.4,651.37,25.844,25.662
1213,651.74,25.76,25.563
1213.3,652.26,25.716,25.521
1214,652.43,25.716,25.451
1214.2,653.05,25.571,25.43
1212,655.35,25.552,25.063
1215.8,654.96,25.389,24.889
1216.1,655.08,25.339,24.847
1216.4,654.36,25.28,24.496
1216.9,654.57,25.128,24.515
1217.4,654.67,25.043,24.483
1217.9,654.62,25.045,24.355
1218.9,653.99,24.97,24.022
1220,653.86,24.846,23.986
1223.6,653.75,24.733,23.813
1224.7,650.11,24.555,23.701
1228.4,650.58,24.448,23.714
1229.6,650.19,24.345,23.49
1233.6,649.55,24.251,23.077
1237,648.97,24.247,22.93
1238.1,648.35,24.186,22.677
1239.2,647.68,24.096,22.502
1240.5,647.48,23.741,22.531
1244.2,646.94,23.604,22.423
1245.1,646.54,23.565,22.287
1249,646.85,23.411,22.352
1252.3,646.77,23.424,22.294
1253.4,646.9,23.447,22.384
1255.2,646.49,23.483,22.202
1257,646.15,23.462,22.184
1258.4,644.99,23.443,21.868
1259,644.35,23.379,21.67
1259.7,643.58,23.286,21.561
1259.9,642.54,22.846,21.433
1263.5,638.92,20.798,23.276
1267.4,641.49,18.237,26.668
1266.7,642.07,18.169,26.74
1266.4,642.21,18.103,26.809
1266.2,642.42,18.057,26.858
1265.7,642.52,18.018,26.894
1265.7,642.33,17.971,26.944
1262,644.4,18.163,26.762
1261.3,643.91,18.26,26.673
1244.4,635.69,19.899,24.967
1244.8,639.18,21.764,23.102
1247.5,639,22.561,22.367
1253.9,636.34,23.714,21.56
1253.8,636.64,25.067,20.67
1256.6,638.74,25.335,20.725
1257.4,638.02,25.31,20.581
1258.1,637.5,24.952,20.526
1258.7,640.31,24.432,20.408
1259,640.21,24.074,20.385
1258.9,640.2,23.762,20.322
1258.6,640.02,23.631,20.319
1258.3,639.45,23.623,20.257
1254.1,639.48,24.33,19.582
1253.4,639.49,24.867,19.12
1258.6,636.56,24.505,19.249
1256.7,636.81,24.89,18.778
1254.8,639.52,25.157,18.525
1250.4,636.94,26.187,17.685
1252.8,637.06,26.411,17.52
1245.5,642.87,24.889,19.066
1246.5,648.05,23.523,20.634
1253.3,655.7,21.883,22.481
1263.3,655.72,20.245,23.877
1262.7,656.2,20.258,23.853
1262.3,656.32,20.32,23.757
1261.9,656.49,20.341,23.726
1261.6,656.64,20.364,23.689
1261.7,657.16,20.395,23.65
1261.4,657.25,20.452,23.585
1261.2,657.64,20.481,23.55
1260.7,657.94,20.531,23.501
1260.6,658.5,20.569,23.473
1259.2,653.51,21.096,22.91
1258.5,657.06,21.564,22.407
1258.2,657.72,21.916,22
1260.1,656.39,21.976,21.772
1259.9,657.44,22.026,21.714
1260,658.35,22.063,21.658
1260,659.51,22.055,21.602
1260.1,660.64,22.034,21.545
1260.4,661.73,22.019,21.478
1262.5,662.7,21.889,21.404
1262.4,663.88,21.821,21.362
1262.5,665.09,21.77,21.364
1264.2,667.27,21.423,21.682
1263.7,671.5,20.916,22.206
1263.4,673.09,20.719,22.442
1263.5,674.79,20.38,22.869
1264.1,676.76,19.775,23.722
1266.3,675.54,19.082,24.643
1266.4,675.25,18.819,25.002
1266.6,674.95,18.586,25.332
1266.4,673.48,18.386,25.651
1261,668.93,17.842,26.549
1263.9,667.55,17.151,27.753
1266.8,665.53,15.612,30.372
1266.7,665.82,14.475,32.575
1266.6,664.39,13.826,34.029
1266.3,663.74,13.33,35.455
1266.6,662.58,12.939,37.125
1266.5,664.12,12.694,38.609
1266.9,665.83,12.61,39.615
1267.4,668.04,12.495,40.35
1267.4,670.79,12.432,41.147
1267.5,673.64,12.373,41.612
1267.4,679.79,12.473,41.798
1267.3,681.37,12.59,41.295
1267.3,682.25,12.804,40.532
1267.3,682.26,12.837,39.893
1267.3,682.86,12.992,39.375
1267.2,683.4,13.052,39.051
1259.2,688.35,14.962,36.838
1258.1,689.55,16.576,35.116
1257,690.19,17.933,33.649
1258.6,690.95,19.186,32.152
1257.3,691.58,20.075,31.098
1256.3,691.93,20.865,30.199
1255.5,691.96,21.453,29.6
1255,692.31,21.958,29.112
1257.3,692.64,22.335,28.696
1256.4,692.89,22.695,28.319
1255.7,693.04,23.144,27.836
1255,693.33,23.506,27.489
1254.6,693.22,23.823,27.201
1254.1,693.47,24.1,26.974
1256.3,693.13,24.235,26.753
1255.5,693.35,24.384,26.58
1255,693.63,24.585,26.39
1254.3,694.17,24.813,26.182
1254,694.39,25.048,25.961
1253.6,694.59,25.273,25.759
1253.3,694.84,25.353,25.66
1252.9,695.28,25.471,25.522
1255.1,695.69,25.492,25.276
1254.3,696.08,25.653,25.02
1253.5,696.42,25.799,24.767
1253.3,696.46,25.912,24.663
1253,696.51,26.008,24.571
1252.7,696.64,26.132,24.461
1255,696.78,26.049,24.39
1254.4,696.9,26.098,24.254
1254.2,697.07,26.165,24.16
1250,700.56,27.431,22.963
1248.9,700.74,28.43,21.955
1247.9,700.71,29.563,21
1247.4,701.21,30.391,20.378
1246.9,701.45,31.079,19.843
1246.6,701.58,31.807,19.318
1246.2,701.7,32.411,18.85
1245.9,701.79,32.898,18.513
1245.8,701.78,33.326,18.246
1245.5,701.91,33.588,18.124
1245.3,701.98,34,17.971
1245.3,702.12,34.284,17.821
1245.2,702.25,34.527,17.723
1245.3,702.08,34.76,17.62
1245.2,702.23,34.907,17.605
1244.8,702.02,35.134,17.502
1244.4,702.08,35.239,17.549
1244,702.16,35.362,17.595
1243.6,702.27,35.56,17.589
1243.4,702.46,35.768,17.621
1243.4,702.35,35.921,17.599
1243.3,702.17,35.939,17.63
1243,702.28,35.953,17.695
1242.9,702.16,36.012,17.718
1249.5,697.95,34.828,18.77
1249.5,697.3,33.875,19.669
1249.3,696.91,33.211,20.297
1249.1,696.59,32.662,20.831
1251.9,695.98,31.854,21.584
1251,695.63,31.347,22.04
1250.4,695.45,30.892,22.444
1250,695.41,30.511,22.796
1252.5,695.3,29.942,23.313
1251.9,695.09,29.61,23.641
1251.6,695.02,29.349,23.891
1251.2,694.78,29.183,24.116
1250.8,694.61,29.099,24.257
1253.2,694.36,28.881,24.481
1252.3,694.4,28.756,24.606
1251.9,694.67,28.584,24.719
1251.7,694.95,28.516,24.838
1251.3,695.14,28.459,24.947
1251,694.92,28.426,25.019
1253.6,694.76,28.267,25.177
1253,694.74,28.19,25.217
1252.4,694.83,28.142,25.276
1252.1,695.11,28.13,25.298
1251.7,694.91,28.162,25.3
1251.3,694.48,28.156,25.338
1253.6,694.35,28.08,25.42
1252.6,694.44,28.015,25.43
1252,694.44,28.022,25.413
1251.5,694.36,28.08,25.388
1251,694.42,28.069,25.42
1253.5,694.52,27.897,25.494
1252.7,694.8,27.878,25.48
1252,694.77,27.896,25.431
1251.5,694.78,27.933,25.445
1251,694.57,27.995,25.423
1253.3,694.66,27.86,25.493
1252.7,694.9,27.777,25.532
1252.1,694.89,27.733,25.516
1251.8,694.86,27.73,25.505
1251.5,694.77,27.734,25.484
1254,694.68,27.534,25.535
1253.3,695.23,27.292,25.577
1253,695.04,27.277,25.488
1252.7,694.99,27.271,25.518
1252.1,694.94,27.234,25.567
1254.4,694.7,27.071,25.614
1253.6,694.78,26.951,25.657
1252.8,694.8,26.853,25.682
1252.5,694.83,26.909,25.614
1252.1,694.95,26.939,25.594
1251.8,694.89,26.95,25.615
1251.5,695.25,26.992,25.566
1254.1,695.01,26.784,25.574
1253.5,695.09,26.634,25.571
1253.2,695.3,26.539,25.521
1253.1,695.41,26.528,25.48
1252.8,695.31,26.55,25.383
1252.4,695.42,26.571,25.383
1254.9,695.23,26.438,25.377
1254,695.37,26.316,25.389
1253.4,695.25,26.307,25.323
1253.1,695.33,26.34,25.322
1252.6,695.44,26.393,25.307
1255.1,695.03,26.256,25.328
1254.3,694.96,26.139,25.387
1256.7,694.79,25.761,25.441
1255.6,694.5,25.507,25.495
1254.9,694.64,25.446,25.456
1254.4,694.86,25.46,25.376
1253.9,695.04,25.474,25.293
1253.4,694.9,25.581,25.21
1253.1,694.9,25.637,25.173
1255.4,695.12,25.538,25.091
1254.6,695.61,25.44,24.947
1254.3,695.72,25.524,24.833
1254,695.75,25.566,24.738
1253.7,695.68,25.612,24.657
1253.3,695.57,25.666,24.567
1255.7,695.45,25.651,24.509
1254.9,695.36,25.679,24.429
1254.3,695.35,25.705,24.371
1254,695.37,25.748,24.342
1253.6,695.28,25.79,24.314
1253.4,695.67,25.826,24.303
1255.6,695.47,25.799,24.323
1254.9,695.44,25.731,24.314
1254.4,695.6,25.782,24.21
1253.7,695.93,25.825,24.095
1253.4,696.39,25.81,24.013
1249.2,699.75,27.07,22.974
1248.5,700,28.189,22.121
1247.8,700.18,28.959,21.483
1253.8,696.86,28.399,21.945
1253.5,696.8,27.959,22.275
1253.4,696.65,27.582,22.598
1253.1,696.55,27.299,22.769
1253.1,696.47,27.136,22.878
1252.9,696.35,26.938,23.013
1252.9,696.3,26.819,23.116
1253,696.09,26.706,23.183
1253,695.88,26.6,23.262
1253,695.75,26.557,23.291
1255.4,695.54,26.426,23.343
1255.1,695.6,26.341,23.378
1254.8,695.56,26.255,23.397
1254.6,695.72,26.196,23.421
1254.6,695.91,26.138,23.445
1254.5,695.84,26.096,23.465
1254.3,695.51,26.037,23.446
1254.1,698.09,26.023,23.356
1254.1,697.75,26,23.268
1254.2,697.78,25.959,23.221
1254.1,697.59,25.939,23.18
1256.4,696.65,25.697,23.247
1255.8,696.1,25.516,23.335
1255.5,695.76,25.447,23.36
1255.2,695.48,25.374,23.388
1257.2,695.02,25.213,23.426
1256.6,697.4,25.144,23.406
1256.1,697.07,25.07,23.369
1255.8,696.67,25.008,23.365
1255.6,696.4,24.969,23.372
1255.3,696.26,24.961,23.363
1255.1,696.13,24.95,23.352
1255,695.86,24.874,23.375
1257.3,692.84,24.766,23.471
1257.1,689.95,24.69,23.574
1257.2,689.79,24.642,23.594
1260.7,686.47,24.154,24.005
1260.8,686.01,23.438,24.572
1252.4,699.11,25.583,22.542
1250.7,699.89,27.659,20.558
1250.3,700.31,29.271,18.927
1250.6,700.38,30.245,17.745
1250.6,700.16,30.753,16.924
1251.4,700.01,30.794,16.385
1254.4,699.9,30.186,16.154
1255.4,698.72,28.816,16.993
1256.2,697.84,27.664,17.585
1257.4,699.76,26.515,17.978
1258.4,698.99,25.29,18.386
1259.7,698.8,24.314,18.813
1260.8,700.87,23.353,18.729
1261.2,700.38,22.42,18.926
1261.3,700.09,21.846,19.091
1261.1,700.04,21.253,19.283
1260.8,699.81,20.799,19.426
1260.5,699.63,20.519,19.477
1260.1,699.6,20.32,19.528
1259.9,699.71,20.163,19.548
1259.8,699.79,20.069,19.555
1261.8,699.59,19.885,19.589
1261.4,699.41,19.739,19.593
1261,701.27,19.726,19.404
1260.6,700.88,19.758,19.316
1260.4,700.55,19.793,19.25
1262.1,700.17,19.749,19.23
1261.8,702.24,19.752,19.172
1261.6,702.08,19.751,19.12
1261.2,701.79,19.769,19.058
1260.8,701.64,19.759,18.978
1262.2,701.18,19.676,18.919
1261.6,700.95,19.654,18.892
1261.5,701.24,19.653,18.855
1261.3,701.32,19.644,18.788
1261.1,701.22,19.636,18.729
1260.8,701.12,19.624,18.67
1260.7,702.84,19.61,18.579
1262.4,702.15,19.517,18.5
1261.7,701.62,19.439,18.453
1261.5,701.7,19.412,18.416
1261.4,701.74,19.388,18.372
1261.3,701.81,19.381,18.333
1261.5,701.98,19.381,18.33
1261.4,701.85,19.38,18.326
1261.4,701.7,19.379,18.323
1261.4,701.89,19.379,18.32
1261.2,701.65,19.379,18.316
1261.2,701.6,19.38,18.314
1260.8,701.73,19.395,18.3
1261,701.82,19.396,18.297
1260.8,701.89,19.41,18.283
1260.9,701.97,19.41,18.281
1261.2,701.92,19.411,18.28
1261.9,702.07,19.41,18.277
1261.9,702.04,19.411,18.274
1262.1,702.1,19.412,18.268
1262.4,702.13,19.414,18.258
1262.3,701.89,19.408,18.242
1262.2,701.78,19.408,18.23
1262.8,701.61,19.407,18.22
1262.6,701.82,19.395,18.211
1262.9,701.91,19.393,18.209
1262.5,701.89,19.387,18.208
1262.3,702.05,19.386,18.206
1262.1,702.23,19.387,18.205
1262,702.54,19.387,18.202
1262,702.4,19.387,18.2
1261.8,702.15,19.387,18.198
1261.8,702.14,19.387,18.197
1261.3,702.36,19.393,18.19
1261.5,702.61,19.393,18.188
1261.6,702.46,19.393,18.185
1261.6,702.25,19.393,18.181
1261.7,702.41,19.393,18.18
1266.7,696.4,18.7,18.865
1263.5,693.81,18.602,18.896
1263,696.02,18.582,19.112
1262.8,693.73,18.594,19.115
1262.6,690.97,18.624,19.088
1262.6,690.86,18.644,19.067
1262.7,690.78,18.648,19.063
1262.7,690.76,18.656,19.057
1262.7,688.11,18.665,19.035
1262.5,687.79,18.671,19.014
1262.8,687.81,18.67,19.009
1262.8,688.03,18.669,19
1262.6,687.89,18.667,18.987
1262.6,687.81,18.684,18.957
1261.2,688.09,18.863,18.758
1257.1,681.37,20.031,17.797
1255.7,681.54,20.464,17.448
1256.4,684.25,21.471,16.671
1257.6,679.37,22.218,15.974
1258.3,672.05,22.674,15.395
1256.3,667.38,23.045,15.107
1255.1,667.84,23.602,14.734
1256.3,665.56,23.969,14.47
1254.9,660.78,24.259,14.295
1251.2,656.36,25.699,13.528
1255.8,650.81,25.683,13.497
1255.1,650.73,25.713,13.457
1254.9,648.19,25.906,13.293
1255,648.21,25.91,13.293
1254.6,648.53,25.915,13.293
1254.6,650.49,26.049,13.241
1253.6,642.98,26.316,13.125
1249.8,638.17,27.095,12.785
1241.3,630.8,28.072,12.345
1227.5,645.19,26.419,14.072
1229,641.86,24.964,15.4
1233.3,650.24,23.951,16.667
1240,645.11,23.398,17.285
1244.1,639.86,23.006,17.775
1247.2,636.4,22.776,18.012
1250.5,633.05,22.592,18.193
1251.7,630.09,22.376,18.568
1252.8,627.2,22.003,19.171
1258.5,624.08,21.812,19.674
1259.3,623.74,21.655,20.072
1259.9,622.8,21.417,20.444
1260.8,621.48,21.052,20.834
1261.8,618.43,20.489,21.578
1265.6,613.85,18.405,24.17
1267.4,611.92,15.917,27.807
1268.3,608.53,14.826,29.581
1268.2,608.61,14.774,29.633
1268.1,608.7,14.752,29.654
1267.8,608.7,14.73,29.671
1267.6,608.68,14.711,29.687
1267.5,608.81,14.695,29.701
1267.3,609.03,14.685,29.713
1267.2,608.71,14.647,29.756
1267.3,611.4,14.524,29.894
1267.3,611.29,14.379,30.074
1267.9,622.81,13.585,30.155
1267.1,625.83,13.774,28.676
1267,626.4,14.088,27.506
1262.9,622.9,15.547,25.719
1263.8,624.07,16.449,24.511
1261.8,623.2,17.639,22.957
1261.5,624.07,18.326,22.131
1261,622.53,18.883,21.539
1256.5,621.1,20.99,19.843
1257.2,619.59,22.067,18.59
1256.6,625.22,22.51,18.214
1261.7,627.75,22.254,18.34
1261.4,627.72,22.225,18.357
1261,627.75,22.21,18.366
1260.5,624.89,22.179,18.407
1260.6,622.44,22.001,18.661
1264.1,622.74,20.341,20.726
1265.7,622.39,17.676,24.145
1262.4,620.12,18.019,23.62
1258.6,623.47,19.511,22.068
1261.7,624.25,19.568,22.019
1257.7,624.48,20.112,21.512
1255.7,614.35,22.06,19.816
1254.1,607.03,23.84,18.349
1250.8,607.54,24.96,17.458
1250.1,607.86,25.344,17.202
1252,608.38,25.929,16.711
1250.9,608.61,26.202,16.493
1250.3,608.81,26.596,16.226
1247.1,609.39,26.951,15.911
1249.3,612.44,27.383,15.624
1248.2,615.45,27.866,15.334
1247.5,618.56,28.192,15.179
1246.8,624.44,28.543,15.024
1248.8,627.54,28.807,14.926
1245.1,633.39,28.947,14.848
1247.9,639.14,29.141,14.818
1249.6,644.9,29.303,14.709
1249.1,647.9,29.472,14.649
1248.9,648.08,29.541,14.63
1245.3,648.35,29.587,14.693
1239.5,648.77,29.623,14.712
1242.2,646.17,29.656,14.702
1239.2,654.78,29.724,14.685
1242.2,660.66,29.749,14.711
1242.3,660.78,29.747,14.716
1242.6,661.07,29.75,14.721
1243.4,661.1,29.752,14.724
1243.2,661.08,29.804,14.702
1243.9,657.99,29.875,14.699
1247.8,654.8,29.946,14.689
1248.3,651.66,30.011,14.678
1248.5,651.18,30.062,14.659
1250.7,648.15,30.149,14.648
1250.5,647.77,30.207,14.644
1250,650.16,30.276,14.628
1249.6,652.77,30.303,14.621
1249.1,652.59,30.303,14.638
1248.8,652.71,30.303,14.641
1249.2,652.7,30.302,14.641
1249.2,652.76,30.303,14.641
1249.1,652.68,30.304,14.642
1249.4,652.47,30.305,14.643
1255.1,655.94,29.846,14.974
1255.3,655.98,29.709,15.084
1254.9,653.2,29.606,15.067
1254.8,653.49,29.492,15.176
1255.1,653.41,28.795,15.867
1255.5,653.72,28.471,16.219
1255.8,656.85,27.681,17.152
1258.6,657.08,27.29,17.462
1258.1,656.87,27.208,17.524
1257.5,656.46,27.065,17.643
1257.2,656.43,27.028,17.675
1256.9,656.47,26.965,17.726
1256.8,656.7,26.899,17.783
1256.9,656.7,26.864,17.812
1257,656.84,26.828,17.844
1256.8,656.96,26.769,17.903
1256.7,657.36,26.736,17.936
1256.6,657.42,26.688,17.98
