694,193,165,318
699.75,190.02,163.96,317.32
701.66,190.91,163.59,316.72
703.56,191.26,163.53,317.32
705.36,191.76,163.87,316.16
704.26,193.32,164.9,313.92
704.28,193.2,165.07,313
706.61,198.27,164.68,313.47
705.27,205.05,166.13,314.52
697.82,199.39,166.77,314.93
705.21,202.35,166.89,313.06
699.05,202.81,165.64,309.64
698.94,204.88,164.51,307.86
699.04,207.43,164.04,306.66
703.48,216.39,164.17,308.17
702.04,216.11,164.7,310
701.58,211.09,165.17,310.11
708.07,210.9,164.6,309.82
709.85,211.1,165.13,310.04
704.68,206.41,164.24,308.76
704.75,207.11,162.45,305.8
703.86,208.91,160.28,304.44
705.35,210.89,157.38,304.71
703.98,212.1,154.98,303.83
699.73,213.45,153.12,303.68
698.31,212.87,150.96,303.15
699.88,212.06,149.84,300.6
699.26,210.61,148.46,298.64
696.56,211.49,148.28,295.38
692.91,210.5,149,291.57
691.34,214.44,149.04,287.68
694.78,216.79,148.93,286.37
693.57,221.24,149.21,284.93
693.27,223.93,148.39,285.77
693.3,229.68,148.28,285.97
693.67,233.94,147.71,288.32
692.8,236.7,147.04,289.56
692.03,236.57,146.31,289.15
692.56,233.47,145.84,290.22
695.12,230.59,146.19,290.93
696.05,226.75,146.53,290.42
698.1,224.12,147.12,291.14
701.18,222.1,146.47,292.37
701.8,220.79,146.03,291.13
704.22,221.03,144.47,289.74
705.44,222.28,142.06,291.34
705.02,222.63,139.59,293.59
705.06,224.3,137.97,294.42
705.5,224.98,136.82,295.45
707.52,223.26,136.71,298.37
705.57,223.44,137.24,298.28
705.74,220.64,136.79,298.62
706.71,220,135.4,299.2
704.59,218.81,134.31,300.85
702.58,217.71,133.73,300.64
697.5,215.47,133.67,300.73
696.57,214.21,134.9,299.22
693.13,211.94,135.92,297.9
691.45,211.55,136.08,298.33
689.14,212.24,136.15,297.47
687.93,213.89,136.21,295.63
688.72,214.19,135.57,293.72
688.76,214,134.7,293.2
688.6,216.02,133.53,293.03
686.88,218.5,132.61,291.59
685.39,218.85,131.8,290.1
685.44,220.23,130.8,287.75
684.78,222.53,129.79,284.67
683.22,223.95,128.88,281.27
681.73,224.03,128,278.45
680.04,225.06,127.69,275.17
680.56,225.09,126.48,272.39
682.56,225.08,123.88,271.63
684.67,226.41,121.52,271.55
687.37,226.68,119.52,271.29
688.24,229.93,117.18,273.35
685.86,230.72,115.96,275.69
683.71,230.73,115.05,277.72
680.48,230.89,114.79,277.39
677.37,232.75,113.91,279.37
674.45,231.4,113.69,281.6
670.64,231,113.77,283.13
664.46,228.83,114.21,284.63
658.51,220.43,114.21,285.36
655.75,218.24,113.99,285.33
651.41,218.85,113.81,284.86
647.57,219.1,114.31,284.88
644.25,221.12,114.04,286.45
642.55,222.35,114.19,288.3
639.27,221.78,113.9,290.04
636.75,221.15,112.53,293.13
631.69,216.78,112.11,295.16
630.77,214.61,111.86,297.21
630.21,214.53,110.28,300.65
630.59,214.62,107.87,302.66
631.66,215.57,105.65,303.61
631.77,216.92,103.95,303.29
628.21,216.98,103.26,302.41
627.92,215.24,101.97,303.35
626.83,215.71,101.92,303.1
619.69,215.53,102.93,302.02
614.65,213.8,103.75,300.26
610.61,211.3,104.5,294.8
606.91,210.69,104.73,289.23
605.8,212.5,104.16,285.48
600.72,213.05,106.08,279.52
598.37,213.03,106.51,278.68
595.49,216.54,106.43,278.87
592.82,218.48,107.65,278.92
590.59,221.14,107.72,282.95
587.47,221.97,107.6,286.33
584.16,221.82,108.29,288.97
577.11,219.14,108.91,291.19
572.97,216.66,109.31,293.15
566.4,214.33,110.93,294.65
562.63,215.3,112.42,295.91
554,218.38,115.45,294.47
545.46,218.56,118.76,292.75
535.84,217.88,123.12,292.64
525.73,217.45,128.9,293.13
517.5,216.29,133.21,295.13
511.29,213.96,136.04,295.31
508.94,210.57,137.35,296.8
505.52,207.95,139.31,296.79
503.52,206.79,140.57,297.22
500.18,206.98,141.45,298.38
499.43,207.18,141.72,299.67
499.86,207.55,141.4,301.57
500.33,206.48,141.17,305.09
501.74,205.56,140.93,308
502.35,204.05,141.25,310.04
504.45,203.41,142.24,311.79
507.56,203.66,142.52,314.81
510.06,201.68,143.2,317.18
513.82,199.82,143.66,319.34
518.6,198.39,143.72,321.09
521.76,195.2,144.31,319.94
523.52,190.45,145.63,316.38
528.21,188.6,144.97,312.63
533.02,191.42,143.78,309.91
536.31,192.31,143.52,308.59
540.78,192.37,142.86,305.99
544.39,195.05,141.75,304.84
550.27,195.31,140.92,305.38
556.27,194.09,140.42,306.06
563.47,196.5,140.42,307.66
569.84,194.19,141.4,311.92
571.88,198.03,143.05,311.5
573.65,203.7,145.78,304.44
577.33,204.3,149.37,297.59
583.29,185.67,151.64,286.9
593.13,199.09,151.05,282.96
608.15,205.42,150.4,285.77
616.77,202.82,150.42,282
627.27,201.31,150.31,279.32
642.03,197.88,149.52,280.31
655.75,195.69,148.18,281.43
668.95,191.68,147,281.78
681.52,189.99,145.52,282.75
694.07,188.89,144.26,282.89
707.05,183.84,143.13,283.73
731.01,181.53,140.88,285.86
739.05,178.93,140.07,287.37
751.84,169.36,139.89,287.5
762.92,160.71,140.18,286.42
775.69,152.7,140.74,286.61
788.8,146.3,141.25,289.48
802.39,146.86,140.37,291.45
815.52,142.98,139.93,292.52
827.58,140.72,140.01,294.26
837.21,140.78,139.15,295.07
843.92,135.37,138.34,297.49
847.64,130.69,138.17,297.7
849.43,125.54,138.17,299.71
846.52,119.84,138.66,301.77
841.13,112.41,139.38,304.33
835.43,104.59,138.93,307.28
825.8,98.382,138.79,305.45
816.37,92.81,137.91,302.27
780.73,66.28,140.18,291.8
751.24,82.62,138.8,282.89
738.56,68.697,152.33,265.22
701.53,79.649,159.22,252.06
677.79,94.81,149.94,259.55
669.5,96.615,145.33,262.42
643.79,97.187,137.69,266.57
639.43,90.883,133.82,266.55
631.14,80.957,130.47,269.86
620.83,75.426,128.38,273.55
608.59,66.051,126.89,278.96
599.39,61.855,123.76,282.89
593.46,51.949,119.18,289.06
591.3,45.279,115.14,293.52
589.62,38.859,111.51,298.72
588.79,32.762,108.64,302.3
587.07,27.67,106.2,300.54
585.01,21.952,102.92,301.69
582.44,18.92,101,303.26
581.72,12.606,100.67,301.68
577.05,13.097,101.68,300.73
572.99,9.7136,102.4,299.62
569.38,7.8033,103.56,296.57
565.46,4.74,104.76,292.88
560.41,6.2226,106.96,288.91
556.13,4.3423,108.48,288.06
552.34,4.657,109.33,286.5
544.74,4.0028,111.66,279.81
542.86,6.9461,111.89,279
542,8.4146,112.3,280.37
535.86,6.0452,114.12,275.2
536.85,5.9414,114.29,273.26
537.29,8.2544,114.48,271.59
532.22,5.0026,119.27,263.54
532.3,8.6329,118.07,258.79
527.09,-0.10361,121.91,251.1
524.27,8.8423,122.71,245.51
524.24,12.675,121.01,244.8
520.94,19.042,122.23,240.23
519.4,16.869,120.98,242.91
520.29,18.182,120.83,245.47
521.53,18.627,120.88,249.93
523.63,19.169,122.13,255.99
531.15,22.1,122.9,262.22
539.5,23.46,123.1,268.3
553.05,29.675,125.23,273.42
581.04,33.984,127.21,277.54
585.22,45.495,132.84,274.59
611.1,76.903,136.07,272.34
658.76,105.03,138.44,270.37
682.03,134.94,140.48,268.67
692.69,152.81,134.33,274.41
722.93,156.6,127.67,285.13
733.28,180.62,123.82,288.66
736.35,198.99,128.6,279.66
736.95,218.1,132.35,271.12
739.29,237.05,134.02,263.92
735.83,243.79,136.17,257.66
730.97,250.43,135.43,251.43
705.96,266.28,132.93,246.31
700.8,277.41,131.27,249.4
700.01,279.14,129.16,255.95
695.57,282.63,130.24,250.65
705.79,288.11,130.98,249.8
722.8,291.91,132.34,247.42
752.27,295.93,131.52,251.68
775.64,290.59,133.54,254.07
799.32,273.75,134.69,248.36
830.35,277.66,131.62,253
856.1,279.01,131.34,254.47
861.11,279.27,128.83,260.59
865.26,275.3,129.48,262.3
869.31,267.65,130.18,264.95
892.29,253.94,129.19,268.93
892.36,245.77,128.81,271.43
894.07,235.8,128.06,275.25
895.26,225.75,128.2,281.03
897.8,210.67,128.31,287.88
904.67,204.05,128.34,290.03
911.86,204.52,128.39,292.18
915.34,201.4,128.74,294.49
916.36,202.99,128.51,293.13
882.54,198.38,134.46,287.32
853.56,206.64,133.69,285.85
848.67,208.62,132.25,287.87
846.64,206.11,130.85,289.89
843.52,203.18,130.77,292.92
842.76,203.29,130.56,293.04
842.44,202.3,130.36,293.77
841.77,202.25,130.42,293.59
841.5,204.25,129.85,293.4
838.85,201.25,129.76,294.71
837.68,201.45,130.2,293.42
841.6,201.67,128.96,292.19
839.87,199.99,129.61,292.55
838.4,201.2,129.92,292.38
838.01,196.65,130.46,292.33
839.67,196.86,130.5,293.3
838.22,197.07,131.6,293.79
842.06,197.38,130.88,294.43
840.84,193.35,131.66,296.58
839.58,191.91,132.3,296.2
841.58,195.72,130.83,294
842.1,196.18,130.09,293.91
843.53,194,129.04,294.25
842.77,190.34,128.09,293.32
840.01,192.61,129.48,291.78
843.77,190.9,128.43,292.46
845.57,188.95,127.4,293.71
847.1,188.03,127.03,295.1
847.51,187.12,126.67,296.29
852.44,187.25,125.6,299.29
854.74,186.22,125.31,299.25
855.73,186.23,124.89,298.57
856.15,184.46,124.22,300.23
855.41,183.19,123.66,300.86
853.03,183.51,123.49,300.79
849.87,182.45,123.47,301.53
846.65,181.87,123.49,300.12
845.91,180.34,123.09,301.02
846.23,178.26,122.75,302.98
845.98,180.47,122.77,302.64
847.19,179.97,122.83,302.03
846.44,182.99,123.02,301.05
846.1,182.64,123.55,300.72
845.02,182.43,124.04,300.51
842.82,182.94,124.63,301.1
841.09,181.84,125.39,303.29
842.2,176.84,126.11,308.76
840.74,178.62,126.26,311.53
838.25,178.64,126.98,313.24
837.91,179.16,127.43,314.37
840.34,180.44,126.8,312.59
842.75,181.46,126.11,310.36
841.62,184.31,126.1,307.92
841.93,184.86,126.12,305.88
841.09,186.69,126.52,304.06
840.41,186.8,126.59,301.96
840.27,187.16,126.66,300.34
840.06,188.25,126.05,298.47
841.49,187.4,125.6,296.9
844.01,183.98,124.81,295.6
851.22,185.47,123.59,293.58
855.45,184.87,122.28,291.93
861.75,188.68,120.6,292.04
868.14,188.1,118.47,291.99
874.76,189.37,117.04,291.55
882.01,191.79,116.08,291.04
886.36,193.18,115.89,288.42
891.84,195.57,114.92,288.61
896.47,193.17,114.5,286.98
902.13,191.53,114.03,287.71
927.44,192.61,114.41,286.14
929.8,192.96,114.95,281.6
934.36,196.67,114.85,280.03
940.4,199.41,113.87,278.83
947.83,203.37,113.85,278.9
953.4,202.41,114.42,277.52
959.78,202.5,114.54,277.16
964.51,202.25,114.72,277.31
969.09,202.06,114.43,277.29
972.16,201.25,114.3,278.75
974.8,202.1,113.9,280.9
979.04,200.93,114.01,280.71
983.21,200.92,113.76,281.36
986.83,199.86,113.81,281
990.1,198.6,114.05,282.96
992.52,196.9,114.43,284.16
992.85,194.66,114.94,285.91
993.47,193.18,115.09,288.03
991.91,191.44,115.96,291.34
991.8,188.6,115.61,294.52
992.1,187.85,115.3,297.01
991.18,185.14,115.31,298.98
988.4,182.97,114.96,299.73
987.51,184.9,114.86,300.55
985.74,184.47,115.13,297.91
985.5,183.51,115.97,297.38
985.1,182.01,117.22,298.23
984.43,182.65,117.55,298.93
979.52,180.31,118.26,299.36
956.66,183.15,117.17,299.31
956.85,182.81,115.95,299.7
955.69,180.73,114.9,300
933.88,183.14,116.75,294.82
933.05,183.1,117.92,291.79
934.77,182.13,117.44,294.24
932.3,176.86,116.52,298.2
925.83,173.64,117.43,300.9
903.45,175.14,116.09,302.76
906.05,176.48,116.5,302.7
901.32,174.52,116.34,304.22
895.6,173.56,115.74,305.85
889.36,172.68,115.48,306.39
883.58,171.11,114.94,306.1
877.97,171.19,114.58,306.99
875.73,174.5,113.73,307.15
872.47,176.88,113.22,305.83
869.22,174.14,112.7,306.13
865.12,173.95,112.74,306.13
866.23,170.86,110.91,308.61
865.8,168.69,109.83,311.89
863.78,165.07,109.58,316.11
860.45,160.94,110.49,317.08
856.77,159.05,111.59,317.5
852.68,160.95,112.69,317.44
848.71,165.61,113.82,318.14
843.35,167.99,114.98,317.94
836.91,173.63,116.18,316.36
827.5,176,117.06,315.05
818.62,177.76,117.49,315.31
807.75,178.56,118.74,316.3
800.69,176.7,118.65,317.15
791.05,178.09,119.61,315.09
782.03,176,119.98,314.91
746.97,179.84,127.75,300.72
741.54,189.56,125.7,295.5
734.33,196.46,124.89,294.59
701.44,195.1,123.27,293.58
667.68,194.14,127.18,287.2
638.09,204.54,130.34,277.37
629.64,204.24,129.89,270.67
599.17,207.56,130.14,266.45
579.86,211.45,125.24,272.77
558.42,212.3,121.46,277.4
548.48,210.23,119.64,284.63
539.66,208.65,119.5,288.48
528.39,206.58,119.17,292.65
519.75,203.54,118.45,297.56
512.58,200.6,118.04,301.57
504.82,196.83,117.96,305.98
495.71,194.2,118.48,309.51
488.92,192.89,118.77,310.43
485.42,191.67,119.68,311.26
484.95,188.66,120.22,312.44
485.7,185.15,120.6,311.63
485.86,181.37,120.62,309.95
487.68,178.06,120.11,308.52
488.27,172.76,119.23,308.08
490.68,167,118.49,307.48
492.18,164.16,117.84,305.05
493.01,158.14,116.59,304.31
493.92,153.11,115.99,302.04
494.1,152.39,115.75,299.97
495.97,148.85,115.76,297.1
499.46,146.53,115.88,296.25
501.82,137.66,116.3,299.42
504.77,129.67,117.39,302.12
507.15,119.92,118,305.35
509.29,112.88,118.22,305.1
513.77,106.91,117.99,305.6
515.64,100.93,117.56,305.71
541.08,92.178,116.99,307.87
542.52,84.273,116.61,309.87
548.35,75.533,116.39,310.51
553.69,69.778,116.9,310.44
559.91,64.899,117.62,311.62
566.83,60.364,118.1,312.36
572.94,54.1,118.45,314.65
579.18,49.419,119.54,317.41
585.57,44.87,121.13,319.12
589.35,40.134,122.59,322.4
616.43,37.185,123.9,323.65
624.83,37.018,123.63,329.31
632.76,37.621,123.83,334.62
640.61,41.138,123.75,340
647.7,49.596,124.54,343.83
654.53,59.227,126.04,347.85
662.37,70.485,124.26,360.08
670.79,76.741,121.57,373.68
676.84,102.42,119.63,392.38
710.36,101.34,118.35,410.12
713.38,114.64,119.33,419.76
714.08,132.84,121.78,426.3
719.67,159.32,124.31,425.41
723.06,181.32,127.42,426.9
718.24,203.83,131.5,424.56
718.18,214.42,132.63,428.03
721.43,222.57,134.84,429.31
721.17,229.76,137.92,427.89
722.73,232.98,139.63,430.21
723.18,232.37,140.89,433.53
724.23,226.02,141.73,435.57
724.35,215.66,142.56,437.82
727.43,203.58,142,442.17
729.61,192.06,140.46,446.53
732.03,183.11,139.86,448.8
730.06,173.79,140.49,451.13
728.14,159.16,140.66,452.45
726.11,147.42,140.61,452.81
723.64,138.02,141.34,451.61
720.14,127.23,141.46,451.64
715.07,118.96,142.35,453.16
708.92,117.37,143.54,452.59
705.4,110.69,144.89,453.04
702.74,102.61,145.54,453.06
702,99.537,146.07,451.89
702.06,96.792,146.22,452.21
702.53,89.327,146.59,453.56
702.41,84.782,147.59,455.36
703.69,83.61,148.69,456.67
707.6,83.297,149.45,457.81
709.98,83.318,150.07,458.53
711.45,80.776,150.92,459.03
713.74,77.84,151.99,460.14
716.87,75.445,152.69,460.63
718.32,79.751,153.21,460.54
719.3,77.66,154.16,461.54
721.36,76.915,155.04,461.54
723.86,75.141,155.57,461.61
726.39,77.366,156.31,461.06
730.61,77.56,155.52,460.67
732.72,79.067,155.29,458.71
736.73,80.056,154.71,457.41
739.87,81.148,154.26,457.14
743.21,80.47,154.13,455.88
744.68,81.081,153.83,453.57
745.47,80.443,153.64,453.39
749.62,83.626,153.96,452.88
753.53,85.81,153.99,454.65
758.41,83.789,154.59,454.56
764.02,84.987,154.41,454.06
771.07,83.011,154.18,455.01
774.22,82.433,153.25,458.31
767.57,82.634,154.29,460.17
767.35,81.176,155.18,460.15
771.16,84.577,155.11,459.32
771.59,88.778,155.22,459.78
773.78,89.253,156.42,459.88
776.97,88.54,158.09,458.79
779.6,89.602,159.26,457.1
784.54,93.964,159.89,454.85
784.29,93.443,161.09,455.87
785.4,96.945,161.92,456.04
787.53,94.624,162.16,457.06
789.29,92.017,161.86,457.87
792.45,92.596,161.46,457
794.59,95.533,161.29,456.36
795.47,96.965,161.86,455.29
797.64,95.452,162.49,454.93
801.11,95.59,163.6,454.08
805.08,96.294,163.8,454.44
809.78,93.742,163.45,456.05
813.18,96.159,162.6,457.93
816.2,95.661,161.24,459.61
819.37,95.059,160.8,459.7
823.53,95.285,160.88,459.7
825.91,94.935,160.51,460.96
829.7,94.238,160.14,461.18
833.68,91.984,159.78,462.82
835.39,93.626,159.46,463.22
839.76,95.39,158.83,464.8
842.28,96.33,159.03,467.46
844.47,95.775,159.13,466.24
845.13,97.465,159.07,463.67
846.07,98.177,159.36,462.05
846.16,101.08,160.2,456.9
848.37,101.82,161.14,450.26
847.94,107.27,161.15,446.25
850.3,110.65,162.01,441.72
854.7,113.73,163.02,437.54
858.43,121.77,162.76,435.11
860.59,122.04,162.51,429.2
862.94,125.99,162.44,427.9
865.45,122.92,162.36,424.65
870.17,118.36,161.89,423.73
873.96,115.46,163.08,418.3
879.06,118.74,165.39,412.59
884.16,118.8,166.93,409.44
891.18,118.9,167.34,407.54
901.79,118.44,167.18,408.96
947.81,114.84,161.79,414.73
957.06,110.33,157.53,422.14
965.65,106.11,155.62,428.84
973.77,99.621,154.77,432.76
984.58,100.47,152.33,436.81
995,99.312,149.85,439.61
1001.6,95.365,147.99,441.21
1007.2,94.244,146.39,441.22
1009.4,92.733,145.12,443.36
1010.2,93.991,145.22,442.5
1011.2,96.604,145.35,439.04
1011.4,98.476,145.56,435.69
1008.8,108.32,145.39,430.34
1006.4,110.78,145.1,424.1
996.96,109.59,146.76,419.51
986.48,109.21,150.5,414.04
978.92,120.59,152.99,403.17
968.16,129.02,154.48,394.46
955.48,137.99,157.02,380.12
944.15,141.85,157.33,377.38
932.89,139.53,158.36,375.51
926.64,137.98,156.4,378.06
910.77,130.02,158.38,374.84
899.69,139.58,161.67,366.43
889.23,151.22,162.95,359.17
880.36,160.71,163.34,357.49
870.15,165.37,163.49,353.3
860.42,165.45,163.29,351.75
839.3,171.98,159.42,356
835.52,174.87,160.37,357.19
832.64,179.93,161.82,360.8
826.4,181.09,164.32,363.4
821.28,182.06,167.64,364.15
818.33,182.79,169.87,365.7
819.4,182.51,171.46,366.17
819.25,188.41,174.5,364.48
799.9,190.28,171.97,366.5
808.19,195.64,172.46,363.65
807.63,201.99,174.72,358.07
808.44,205.92,175.54,352.87
807.86,211.22,176.25,345.89
804.4,213.42,176.51,341.99
797.48,211.44,177.22,344.05
791.16,208.46,179.32,348.99
784.48,200.97,181.51,354.99
783.17,191.96,181.8,361.38
781.67,187.29,181.83,364.72
782.97,183.06,180.51,369.13
783.91,185.04,180.55,369.85
784.17,185.01,179.7,374
786.09,182.53,179.01,378.92
785.87,177.92,179.81,383.56
786.1,172.01,179.3,388.93
787.42,167.1,178.38,397.92
788.49,163.61,178.29,405.86
789.67,162.13,179.62,410.41
791.6,162.48,181.67,414.8
791.71,164.42,184.53,416.48
791.32,165.92,187.16,418.24
789.92,166.45,189.45,418.92
788.52,170.5,192.01,418.57
785.93,175.27,195.2,417.51
782.52,177.63,197.53,416.73
780.13,180.4,198.47,416.7
778.06,186.24,198.28,416.01
774.4,194.67,199.35,413.22
774.57,193.27,199.83,412.16
773.92,191.83,198.41,411.07
775.21,196.09,195.77,411.72
775.72,197.64,194.31,410.63
775.84,200.36,193.26,411.22
777.57,203.86,193.21,410.58
779.85,209.52,192.58,411.8
780.77,216.02,191.97,414.03
785.99,213.62,191.64,412.01
792.27,211.24,190.52,410.5
796.02,209.04,189.22,408.01
797.48,208.65,186.91,409.27
800.24,204.18,184.14,409.56
803.78,206.03,181.49,413.19
808.76,207.41,180.36,417.15
814.75,211.38,179.75,418.99
818.91,218.78,180.4,420.01
822.17,228.58,181.69,421.6
819.93,238.5,183.59,423.3
821.46,244.78,184,426.57
822.98,246.43,185.69,429.14
825,244.43,187.06,430.35
827.21,243.95,188.58,431.13
830.91,243.88,189.48,432.53
833.19,242.66,191.3,434.6
834.85,242.56,193.21,439.11
836.09,246.09,195.24,439.84
833.96,247.73,197.13,443.28
831.85,246.73,199.81,444.26
829.21,248.48,201,445.08
828.36,249.99,202.4,441.46
825.49,256.5,201.44,439.53
826.15,261.17,199.28,437.99
828.77,265.86,197.07,436.75
833.53,269.46,194.2,435.69
838.57,272.79,191.93,434.79
843.57,272.45,189.94,436.07
851.13,267.13,187.18,439.78
856.96,259.44,185.49,443.32
861.2,254.82,185.67,442.53
863.84,256.68,185.75,439.31
845.03,265.17,175.44,443.63
858.96,273.81,169.66,445.19
869.06,284.63,167.87,444.5
875.94,290.37,168.43,441.26
880.55,297.75,169.38,436.94
881.1,301.19,171.11,432.56
884.54,304.91,172.16,427.47
888.68,308.3,172.83,422.6
894.61,310.56,171.98,419.89
899.5,311.33,171.85,418.43
904.99,314.35,171.75,419.86
896.62,312.06,171.45,421.47
903.06,318.06,170.6,423.72
905.33,318.73,171.28,420.83
907.81,314.23,172.35,418.76
910.18,308.46,173.1,417.08
903.58,299.6,172.08,417.21
909.08,300.17,171.65,417.67
915.12,297.39,172.59,417.87
922.82,297.1,172.62,416.45
933.5,293.11,172.75,418.7
940.7,287.41,176.05,419.71
941.13,273.97,175.18,419.72
946.78,271.86,177.84,419.65
951.25,269.94,180.64,420.42
950.91,269.07,182.93,420.05
952.61,260.66,184.38,422.26
954.86,252.46,186.33,427.54
954.75,245.65,189.46,436.07
953.67,236.98,193.91,440.69
949.44,229.96,198.26,441.29
944.45,226.97,199.73,440.55
936.77,217.11,205,432.98
929.39,219.19,203.3,435.46
923.14,214.34,202.49,433.42
918.36,208.06,202.38,431.88
920.95,209.49,202.21,438.04
916.58,204.97,203.21,440.26
917.9,200.85,203.91,443.11
916.16,201.12,202.89,448.19
917.02,200.86,201.97,452.58
914.91,199.58,200.38,456.09
914.41,197.57,197.47,460.41
915.55,195.09,194.64,463.1
910.32,191.78,192.74,461.05
909.89,191.35,189.95,458.18
916.74,195.86,186.81,457.23
920.22,199,184.66,453.43
921.64,204.5,184.75,451.83
920.47,208.76,185.44,448.77
915.59,205.21,185.41,444.33
913.67,207.17,186.42,442.49
909.64,207.72,186.03,440.46
904.66,208.62,184.8,439.61
898.91,209.05,183.82,442.18
892.45,209.68,183.95,442.48
885.22,206.38,184.41,442.63
877.85,204.4,184.75,445.35
874.69,203.59,184.7,448.66
870.19,204.86,185.05,451.32
867.98,202.46,184.6,452.37
866.54,198.9,183.93,454.74
863.78,197.16,183.24,458.07
863.16,191.57,182.81,462.39
861.87,189.52,182.26,468.04
861.25,185.86,182.04,475.36
847.81,178.07,182.33,482.38
843.11,174.85,179.84,485.9
841.71,178.09,175.74,490.88
844.07,179.03,173.31,490.3
843.11,179.97,173.18,486.73
837.69,177.54,173.06,485.72
831.55,172.82,173.28,487.64
828.87,169.22,171.96,491.01
826.37,168.79,169.78,497.65
824.74,166.87,167.47,506.26
820.9,163.6,166.34,512.17
816.28,156.95,165.05,519.08
812.16,153.12,165.27,520.29
807.03,149.01,165.75,521.22
801.01,147.11,167.07,520.47
794.9,146.58,168.91,516.47
792.23,144.04,169.26,513.05
789.69,145.82,169.05,509.21
786.15,149.02,168.59,503.15
780.53,152.21,169.48,495.22
776.45,153.85,170.88,487.9
775.29,152.18,171.01,483.42
772.66,152.47,171.69,480.41
768.51,147.69,172.28,479.6
764.98,146.81,173.29,478.13
762.12,143.38,173.77,478.61
760.74,140.83,174.79,480.71
759.48,140.52,175.27,482.3
748.1,136.09,177.48,483.79
748.92,129.74,178.94,486.28
739.5,125.74,179.99,491.96
737.56,121.49,180.19,496.69
736.11,118.63,179.53,501.61
734.85,115.51,178.87,505.3
736.41,116.75,178.91,503.04
739.11,118.45,178.17,501.93
743.09,118.23,175.52,498.19
750.94,124.75,172.45,494.58
757.15,130.61,169.61,488.94
766.88,139.87,165.04,481.94
775.55,141.59,161.9,475.17
779.18,146.04,160.06,470.66
776.79,145.84,159.84,468.14
777.4,149.95,159.29,466.12
776.21,155.82,159.2,459.8
775.04,160.64,158.49,452.9
775.66,164.42,158.27,446.35
776.23,166.32,156.75,442.74
780.82,166.34,154.69,439.4
783.04,165.31,153.31,434.94
782.16,163.67,151.12,432.03
783.6,162.98,149.16,428.39
789.44,166.52,148.41,424.43
794.4,170.06,147.21,422.61
797.2,170.59,146.84,420.95
795.95,167.62,143.02,423.25
794.4,167.55,140.5,422.73
795.44,166.59,137.63,421.39
794.64,161.27,136.48,421.76
793.83,157.18,135.7,423.94
793.94,159.79,136.04,424.16
793.63,165.03,137.47,421.73
794,167.25,139.24,416.97
794.49,168.08,140.17,412.9
794.46,164.31,141.55,408.53
795.59,159.76,142.69,405.85
795.61,159.85,143.97,402.53
794.55,160.89,145.7,399.06
795.58,158.14,146.3,397.94
793.89,156.75,147.66,396.96
790.14,155.76,149.6,396.21
786.19,156.07,151.44,395.16
783.91,158.35,153.01,395.05
781.1,156.14,154.27,395.25
778.56,154.82,155.43,394.75
775.55,151.43,156.41,396.02
769.67,149.63,157.45,396.65
764.66,149.98,158.9,395.65
757.68,126.77,160.73,396.69
752.7,135.45,161.94,396.59
747.58,141.61,165.48,393.82
743.01,146.93,167.66,390.98
738.71,151.32,169.63,388.99
739.65,148.1,167.91,391.27
738.35,142.96,167.73,394.64
736.47,140.81,166.98,397.37
735.37,138.84,165.89,401.32
734.47,136.29,165.7,404.38
702.37,135.31,170.04,403.29
699.76,133.02,173.02,403.91
696.76,131.23,175.51,405.31
694.39,132.37,177.44,406.27
619.56,124.09,184.3,409.07
619.87,121.4,188.96,412.77
622.26,118.47,193.13,416.79
621.44,114.44,197.94,421.4
621.02,110.17,202.39,425.29
619.05,108.17,207.04,428.45
616.84,108.52,211.74,431.17
616,109.23,215.37,433.45
613.99,108.83,219.23,435.14
612.89,108.07,222.43,436.69
611.18,108.78,225.9,435.2
609.32,110.07,228.44,432.51
605.79,108.19,230.03,429.47
603.44,107.85,230.75,426.95
600.33,106.81,231.77,424.02
596.99,109.41,232.16,422.33
595.41,110.27,232.49,421.47
592.57,110.43,233.49,421.51
588.84,110.44,234.57,420.65
586.09,112.27,234.97,420.7
581.21,113.53,235.37,421.57
577.34,113.73,235.76,421.53
571.76,112.12,235.98,422.03
565.59,111.41,236.13,422.23
559.92,111.61,236.4,422.15
554.29,113.28,237.22,422.43
547.36,114.02,237.84,421.66
540.35,121.51,239.3,416.29
531.34,120.17,240.32,415.1
524.3,118.74,240.13,414.19
517.16,119.79,240.21,413.12
513.61,118.89,240.03,413.37
509.96,117.54,240.01,414.37
508.09,117.08,239.41,416.59
505.65,117.55,238.99,417.1
504.82,118.01,238.55,417.43
503.79,118.63,237.94,416.7
503.26,119.69,237,416.04
502.51,120.49,235.98,415
502.77,122.67,234.71,414.98
500.89,123.18,233.37,413.78
498.51,126.76,232.9,412.16
497.04,128.6,232.13,411.2
497.08,129.09,231.41,411.59
497.75,129.76,230.52,412.08
498.8,129.63,229.43,412.17
498.39,129.8,228.94,412.22
498.74,129.92,228.13,412.79
498.81,127.93,227.13,412.21
496.29,126.36,227.32,412.27
491.12,127.3,229.09,412.68
487.58,125.58,229.71,413.64
482.68,124.44,231.35,414.65
475.1,124.79,233.26,415.41
467.62,127.86,234.83,414.64
461.67,130.08,235.58,415.5
456.64,129.75,236.8,416.65
450.4,128.55,237.23,417.29
444.89,128.98,237.88,418.31
440.7,127.34,238.08,420.49
436.93,126.63,238.28,423.03
434.22,125.34,238.11,426.39
432.87,124.43,237.81,429.42
430.82,123.7,237.74,432.17
428.87,122.68,237.89,434.86
429.73,122.5,237.84,436.15
430.37,121.43,237.94,438
430.31,121.19,238.92,439.8
430.58,121.03,240.22,440.15
431.18,121.32,241.58,441.13
433.57,120.21,243.55,443.38
436.79,119.66,245.38,445.72
440.42,117.93,246.67,449.07
443.91,117.22,248.03,452.93
447.7,117.45,249.39,456.77
451.61,118.75,250.68,461.1
454.37,119.9,252.44,464.22
457.1,120.08,254.64,467.6
463.28,121,256.24,471.91
467.86,122.3,258.54,475.39
472.33,122.13,261.55,478.21
477.02,123.98,264.03,481.19
481.22,125.02,266.65,483.61
485.69,126.18,268.58,485.36
492.84,125.71,270.39,487.35
496.28,128.81,272.91,490.37
500.42,127.86,275.12,493.01
505.79,127.54,277.2,496.21
512.03,124.98,279.03,500.53
519.19,121.26,280.29,505.43
524.06,120.56,283.38,510.07
528.55,120.05,284.52,512.01
534.2,118.96,285.5,514.94
539.36,119.45,286.45,516.65
544.25,120.62,286.78,519.18
548.97,119.96,287.49,522.81
552.87,120.54,288.12,524.29
555.72,118.95,289.04,525.7
559.31,117.55,289.9,526.8
562.28,116.74,290.82,527.32
564.71,115.4,292.32,528.2
566.6,113.4,294.05,529.69
568.29,110.87,295.8,530.91
570.03,109.36,297.71,532.64
570.83,106.28,300.46,534.09
573.18,104.06,301.41,536.43
574.32,100.21,303.83,537.86
574.37,98.026,305.41,538.63
575.7,95.486,306.18,540.14
576.22,92.562,307.81,541.97
576.38,88.929,308.74,543.13
575.72,86.583,309.69,544.32
575.43,83.562,310.26,545.58
575.8,81.54,310.79,546.05
575.28,80.432,311.32,546.68
576.57,78.277,311.83,547.73
577.33,76.624,311.34,548.53
578.37,75.11,310.68,549.38
579.72,73.113,309.72,549.83
581.53,70.263,308.29,551.07
582.29,68.403,307.18,553.11
581.63,68.519,306.86,554.15
581.39,67.471,306.15,553.77
579.17,67.538,306.12,553.59
577.41,67.76,306.44,553.36
577.23,69.516,306.88,552.8
577.94,69.03,307.14,551.81
579.22,68.154,306.76,550.54
580.63,66.829,306.08,549.67
582.5,66.351,304.9,550.07
584.54,65.545,303.95,551.72
585.67,66.059,303.95,552.33
586.96,66.354,304.22,552.2
587.03,68.745,305.23,551.97
584.15,70.259,306.49,550.84
584.67,70.922,305.75,551.37
584.85,71.631,305.64,550.98
586.29,71.295,305.65,549.77
584.99,71.223,306.9,548.82
584.4,71.648,307.1,549.16
582.95,72.58,307.52,549.69
583.75,72.578,307.32,549.82
582.3,74.817,308.14,548.91
582.31,75.178,307.75,548.21
581.86,75.326,307.57,547.98
581.88,75.602,307.44,548.12
581.17,75.143,307.55,547.67
579.67,79.977,308.46,546.27
578.29,78.675,309.81,547.27
576.1,79.323,310.39,547.05
577.59,79.235,309.88,547.49
576.93,79.618,309.88,546.17
575.57,81.571,310.45,545.13
574.53,81.058,310.87,543.56
572.77,81.803,311.32,543.49
572.69,82.192,310.82,543.22
573.24,82.007,309.81,542.89
574.12,83.916,308.78,542.46
573.72,85.959,308.01,541.62
575.49,87.777,305.69,541.31
575.55,89.05,305.17,540.56
574.71,90.429,305.57,539.6
575.49,93.238,305.06,538.57
574.2,94.012,305.66,536.95
572.84,94.694,305.68,535.85
573.02,96.326,304.03,535.35
573.34,96.694,301.94,535.54
573.21,98.988,300.34,534.25
574.67,99.875,299.06,533.04
573.22,102.16,298.35,532.01
573.08,103.27,297.95,530.43
572.6,106.13,297.58,530.08
571.06,108.1,298.16,528.84
568.95,109.77,298.57,527.9
569.97,108.22,298.92,527.71
569.61,110.08,299.8,528.06
569.28,110.86,300.51,528.71
567.77,111.81,301.37,529.4
569.54,110.04,301.8,529.71
568.43,112.88,301.93,530.31
568.48,112.89,302.96,530.42
567.8,113.59,303.52,530.95
567.18,113.47,303.65,532.67
567.74,112.63,303.82,533.94
565.3,112.3,304.58,533.37
566.19,111.36,304.62,531.52
566.48,111.06,304.18,530.55
567.54,112.24,303.56,528.68
566.1,111.59,302.26,527.2
562.54,112.33,300.58,524.49
559.03,113.55,299.81,523.73
556.18,117.8,299.25,520.76
553.04,120.7,296.84,518.13
549.87,123.7,295.03,517.18
547.79,127.62,292.97,516.47
548.73,128.14,289.73,515.33
546.09,126.67,287.03,516.26
545.94,126.71,285.03,517.14
546.62,127.47,283.23,518.04
548.26,127.81,281.17,520.56
549.4,125.58,279.66,523.12
551.11,124.47,278.84,525.76
554.69,125.59,279.43,530.26
557.77,124.35,280.67,537.32
556.97,119.2,281.85,544.19
555.42,118.05,283.04,550.7
554.73,115.24,282.92,557.14
554.44,113.79,282.38,562.87
552.38,114.47,282.62,566.53
548.4,115.51,281.99,566.68
545.66,114.92,281.75,566.29
544.5,114.39,280.91,565.99
540.29,108.9,281.85,570.44
540.38,107.26,282.06,573.97
542.56,109.45,282.66,575.87
544.08,110.48,284.08,575.97
545.6,111.74,284.68,577.11
547.2,111.36,284.86,578.99
550.34,109.09,285.37,583.04
554.69,110.15,286.54,585.21
558.66,107.71,286.44,589.81
564.33,107.38,285.45,591.54
564.25,103.82,284.06,593.07
558.58,102.36,282.24,592.17
560.61,105.37,279.7,590.58
565.24,109.65,279.02,587.47
576.65,112.41,276.2,584.35
579.82,113.46,274.56,581.69
579.48,118.71,274.25,578.17
578.55,122.6,273.99,574.14
576.72,125.85,274.12,571.41
577.17,128.48,273.79,567.75
577.91,127.14,272.55,566.26
580.09,126.8,270.81,565.48
581.48,128.33,269.67,563.82
581.86,130.68,268.27,562.76
586.26,133.41,266.24,561.47
587.78,136.84,264.32,560.36
588.22,140.27,262.2,559.64
588.35,141.41,260.31,558.85
589.02,140.68,259.87,558.59
587.98,144.79,259.5,556.12
587.94,148.28,260.46,552
586.97,150.15,259.5,548.74
585.6,152.14,258.45,545.29
586.12,154.15,257.22,541.21
584.25,153.47,255.07,539.49
582.91,153.4,253.41,538.04
580.04,154.85,252.29,537.32
579.08,151.52,251.39,536.88
575.94,150.77,251.22,536.79
568.61,150.09,252.75,535.06
564.01,155.52,254.02,530.24
561.83,145.84,254.44,529.5
558,151,255.84,528.57
552.2,155.07,256.7,525.19
548.53,145.95,256.9,526.37
544.05,144.74,257.21,528.03
539.09,143.18,257.1,529.34
535.67,143.85,256.96,530.68
532.3,145.52,256.15,531.16
527.39,146.15,256.24,530.92
523.02,145.85,256.31,532.46
518.78,142.19,255.96,536.3
514.11,136.94,255.35,539.25
511.78,137.21,253.63,542.49
509.45,134.83,251.8,546
509.31,131.91,250.77,549.32
508.98,127,250.27,554.85
507.67,124.78,250.91,557.49
507.06,121.72,249.81,558.98
505.17,122.94,249.49,560.45
499.12,120.15,250.03,562.23
494.74,119.38,250.28,563.29
490.75,120.47,251.98,562.32
487.42,120.91,253.31,561.39
486.58,121.65,254.03,561.88
487.83,123.47,253.93,559.25
489.47,123.65,253.47,556.43
492.68,122.97,252.96,554.35
494.96,124.43,253.02,554.31
497.76,125.53,251.99,552.08
501.95,129.56,252.06,547.5
506.47,130.62,251.94,542.97
509.25,129.92,251.09,535.96
511.14,130.1,249.33,528
514.03,130,245.4,523.23
517.94,135.26,241.61,517.16
522.54,140.5,239,509.71
528.13,143.51,237.55,503.13
532.44,144.65,238.71,495.81
536.2,147.99,238.46,491.99
538.12,153.85,237.45,487.64
543.02,158.88,235.98,484.95
547.24,167.02,233.75,480.31
553.39,171.8,232.81,478.88
557.94,173.17,232.48,477.7
563.17,176.99,231.38,475.9
569.5,176.78,230.22,474.45
574.01,177.97,229.36,473.36
579.01,175.35,229.44,474.33
580.58,173.74,230.4,474.81
581.99,173.28,230.51,476.57
584.93,172.97,229.45,478.82
587.8,174.73,228.3,478.55
591.5,177.3,227.48,478.05
593.21,177.87,227.37,477.02
595.28,178.86,226.82,477.07
596.98,178.28,226.66,477.77
599.14,177.11,226.37,479.36
600.17,177.05,226.49,480.3
602.41,178.11,226.07,480.83
605.51,179.9,225.37,481.12
608.78,181.6,224.56,480.92
614.09,183.28,223.29,481.83
617.38,182.6,223.01,480.61
621.43,183.18,222.13,479.7
624.66,184.98,221.01,478.97
627.31,187.48,220.73,477
627.43,187.42,221.11,476.03
629.62,186.32,220.73,476.7
632.45,186.4,220.76,476.63
634.44,187.15,221.58,475.3
636.35,187.38,222.29,474.5
639.29,187.53,222.8,474.3
641.53,191.46,223.51,470.42
644.02,191.9,223.55,468.91
648.59,191.41,223.27,468.21
649.61,193.72,223.93,465.94
652.26,193.98,223.86,464.88
653.72,195.37,224.26,462.47
657,194.62,223.95,460.89
660.86,194.79,222.99,459.08
663.27,194.63,222.19,458.17
665.38,193.74,221.35,457.93
667.1,194.02,221.43,457.65
666.39,194.6,222.68,456.86
659.22,195.09,227.51,456.5
660.02,195.2,230,457.14
659.8,193.51,231.76,457.74
654.29,194.76,235.98,456.94
656.92,194.68,237.76,457.56
655.66,197.47,239.87,457.49
648.32,201.37,242.49,457.37
649.58,202.99,243.02,458.8
650.96,203.19,243.55,456.92
650.52,204.97,245.14,454.07
648.58,204.61,246.16,451.75
647.96,203.48,246.18,450.88
646.12,200.9,247.3,449.81
645.88,200.27,246.91,446.98
647.23,199.95,245.24,444.65
647.65,199.29,244.31,442.94
648.28,198.11,243.4,440.42
650.95,198.54,242.75,438.12
660.36,200.57,240.08,434.8
665.57,201.9,239.84,429.92
669.09,204.18,239.87,426.37
671.74,228.14,238.54,424.34
670.93,219.96,237.11,424.69
672.73,212.42,237.28,423.63
673.05,228.65,237.96,422
675.21,218.73,237.4,422.6
674.45,213.6,238.14,421.82
675.15,227.42,237.71,422.33
675.91,218.05,237.44,425.38
716.3,229.31,232.44,427.43
717.02,224.3,227.52,430.59
717.36,233.14,222.96,432.17
755.69,223.72,211.13,440.74
755.62,229.18,204.69,441.75
758.27,217.09,198.72,448.89
760.11,209.99,193.99,454.37
766.06,218.84,188.65,455.92
768.91,209.45,184.59,459.86
772.07,207.21,181.43,461.42
775.29,203.06,178.82,463.41
777.26,199.94,177.32,463.14
777.92,202.18,177.11,461.99
779.23,204.8,176.62,460.07
779.99,205.9,176.41,459.58
781.11,206.5,176.52,460.16
782.44,206.53,176.21,460.71
783.66,207.4,175.79,462.69
785.29,205.9,174.88,465.69
786.6,206.09,174.26,468.74
786.78,205.26,174.31,471.36
786.58,203.71,174.69,474.45
787.97,203.97,174.89,476.48
788.33,204.5,174.9,478.36
787.79,204.39,175.18,480.43
788.29,203.09,175.25,481.37
789.11,200.92,175.04,483.12
789.04,200.18,174.86,482.76
787.29,198.88,175.5,483.23
786.19,198.95,175.78,485.43
787.48,195.2,176.25,488.39
783.99,196.58,178.18,489.66
782.59,195.78,179.63,491.56
781.87,193.86,181.58,493.38
780.95,195.4,183.56,491.44
781.12,197.68,185.03,490.24
779.49,201.08,186.4,487.62
779.58,199.72,186.38,487.54
781.75,197.33,185.74,489.01
782.15,198.27,185.19,490.68
785.69,200.18,185.69,491.36
784.82,199.16,185.21,491.89
786.35,198.74,184.93,493.79
787.9,196.25,184.61,495.73
789.85,195.95,184.45,497.58
792.25,193.6,184.38,498.55
797.19,197,184.37,495.99
800.1,200.1,184.06,495.07
800.86,203.41,183.9,495.63
803.09,201.45,183.66,494.7
804.38,202.22,183.99,496.27
810.87,201.11,184.17,499.32
816.77,205.44,185.86,501.21
824.99,204.86,187.34,504.84
838.86,201.7,186.72,508.19
846.11,201.92,187.6,512.25
845.94,196.1,188.9,515.15
846.37,194.33,190.2,518.19
846.09,189.51,190.85,522.05
850.08,189.26,190.59,526.96
856.11,181.09,191.48,522.89
858.05,182.31,191.83,521.9
860.51,184.02,191.3,523.12
862.59,184.48,190.26,526.55
866.4,179.55,188.78,530.71
870.49,186.55,189.73,533.35
869.59,175.25,190.58,537.75
870.19,168.3,191.67,542.05
873.08,165.85,192.74,546.01
871.68,166.37,193.29,548.52
873.76,171.16,193.93,550.42
876.98,174.32,195.77,550.94
879.89,177.41,197.29,548.52
880.64,178.07,197.01,544.49
883.45,181.44,197.1,540.54
880.01,188.45,198.71,532.58
870.79,197.84,202.05,525.44
860.61,203.77,207.03,521.94
845.12,205.59,212.34,519.75
832.59,208.37,218.56,515.72
826.89,208.18,222.38,512.56
830.19,211.73,222.79,508.57
833.26,211.88,223.46,505.71
830.08,213.61,223.61,503.06
830.52,212.69,222.58,502.26
830.53,212.26,221.48,500.01
832.9,211.41,220.95,501.85
828.88,207.51,220.84,501.16
821.6,198.78,217.58,503.02
819.88,191.32,212.86,512.58
816.35,179.07,210.45,524.29
811.05,163.19,208.81,536.3
810.34,149.52,207.68,547.77
809.58,139.58,206.72,559.28
806.19,130.52,208.14,563.96
805.02,126.47,209.52,565.16
798.78,121.81,211.51,563.17
790.07,113.47,212.62,565.31
777.63,102.97,214.46,566.41
775.94,93.642,215.21,566.54
781.13,97.324,214.72,566.32
775.32,93.691,216.03,561.72
772.64,89.791,215.45,558.62
767.54,88.422,216.25,561.19
767.16,84.41,216.6,558.62
762.99,79.744,218.87,558.3
759.88,81.034,222.19,558.1
756.46,81.732,224.23,559.27
753.02,80.188,225.73,560.42
750.19,73.162,226.72,557.77
742.21,68.333,230.26,546.31
735.21,66.627,230.89,538.12
734.31,65.784,230.01,535.8
735.08,58.925,229.15,529.67
733.89,61.425,226.8,524.94
735.9,59.364,226.19,523.22
743.16,73.694,228.3,531.16
737.61,68.673,230.29,534.29
747.63,76.155,229.7,534.02
742.36,61.518,232.49,531.49
736.72,59.047,231.92,520.26
735.52,56.938,229.58,515.74
735,55.276,227.03,512.41
736.96,55.439,225.41,508.19
736.69,54.416,225.37,504.5
734.85,50.735,225.37,497.02
730.1,45.207,225.15,491.34
733.73,40.946,224.94,487.52
730.69,36.515,224.98,483.35
725.74,28.915,225.02,476.76
723.3,22.525,226.44,469.73
714.1,28.165,231.06,462.14
707.13,29.747,233.4,458.25
698.58,29.569,234.73,455.39
691.2,30.568,236,456.19
684.55,29.657,235.33,460.26
626.55,31.741,241.18,461.98
612.86,25.956,246.85,463.1
600.36,27.36,253.2,466.32
591.94,24.181,256.42,465.16
554.45,31.895,256.53,458.7
554.36,41.631,256.11,454.6
551.21,43.426,254.43,456.77
544.68,53.004,256.19,455.86
502.29,81.662,250.22,452.85
496.64,100.9,246.67,453.1
495.95,114.83,243.88,458.13
497.63,129.22,238.98,464.25
495.22,131.04,233.97,469.95
496.42,126.12,231.42,472
495.39,128.46,230.3,475.42
495.72,124.03,229.48,484.92
494.8,114.93,227.54,500.37
499.04,101.99,225.9,511.76
501.65,104.51,226.99,515.84
507.05,112.7,229.79,515.64
516.12,127.2,232.22,511.56
520.04,158.75,234.52,503.02
520.43,145.56,238.99,498.89
517.82,143.02,244.09,500.12
513.46,141.05,248.91,496.56
553.04,153.6,251.78,488.84
545.98,172.25,248.31,485.11
593.6,161.89,242.12,483.89
598,165.56,237.06,481.9
657.91,167.7,222.79,483.91
674.58,168.15,211.55,486.59
688.85,172.77,202.97,490.52
701.53,175.04,195.73,492.23
711.89,180.1,191.06,491.02
721.18,184.52,188,488.57
731.38,189.91,186.38,482.11
744.17,199.78,184.8,479.19
754.48,209.11,184.68,474.31
764.36,219.07,184.87,472.17
772.58,221.59,185.64,472.44
778.58,226.2,187.82,472.51
785.61,230.31,190.82,471.81
788.94,235.22,194.42,468.77
797.14,240.03,197.84,466.93
802.21,246.21,201.9,464.54
811.21,249.24,203.65,460.5
815.4,258.3,205.28,453.93
820.43,264.25,205.27,447.75
826.42,269.44,203.96,445.86
830.35,274.52,202.72,442.74
837.12,277.95,201.9,441.18
837.84,281.05,200.65,436.82
838.8,289.17,199.64,433.61
837.98,294.84,199.16,429.09
829.41,298.52,201.29,421.63
826.72,308.7,204.16,407.95
822.17,314.19,206.9,393.82
817.33,319.43,209.53,381.04
813.88,324.91,211.17,373.67
810.51,327.18,210.93,372.63
809.17,323.24,211.14,376.95
809.61,318,210.21,384.38
809.94,310.46,208.17,396.42
815.48,294.82,206.29,405.32
817.53,279.06,203.09,419.73
824.65,267.24,199.32,430.28
827.01,248,197.9,446.85
840.34,229.02,196.57,463.34
834.64,211.91,198.83,469.11
841.38,197.86,205.42,471.48
856.17,187.14,204.17,478.03
860.24,180.95,203.64,484.2
863.17,176.25,203.72,483.78
865.59,175.8,204.62,484.4
865.44,174.7,206.23,489.48
871.77,187.63,204.96,496.28
869.13,191.2,205.91,502.76
872.1,206.38,207.18,502.84
868.96,221.96,209.15,496.73
858.96,239.94,212.42,487.48
854.54,252.38,216.21,474.95
848.04,266.5,217.17,461.52
842.08,291.03,219.76,443.58
831.92,314.36,222.51,425.15
823.13,331.71,225.42,407.01
817.44,349.48,226.43,390.69
808.25,367.79,228.89,373.83
796.03,386.75,235.39,356.05
782.26,396.57,245.49,338.42
781.59,411.55,246.93,326.37
777.96,425.84,248.04,315.05
777.4,433.3,247.92,306.2
779.87,437.16,246.85,299.43
781.05,439.79,245.33,294.19
781.92,443.92,242.27,287.57
784.6,442.9,238.07,284.37
789.78,441.54,232.54,282.68
796.93,440.07,229.67,284.94
801.26,435.93,226.21,287.71
806.83,427.3,221.75,292.95
814.04,426.68,218.32,294.49
857.58,409.97,218.55,293.47
865.72,405.53,211.36,301.25
869,405.78,210.87,301.71
870.16,402.44,210.59,301.99
871.71,393.83,210.33,302.27
873.76,382.45,209.86,302.78
878.1,375.87,209.67,303.01
883.88,376.09,209.51,303.23
921.96,373.64,207.94,306.13
934.81,365.55,196.55,318.82
899.95,365.25,195.2,324.38
852.33,387.78,200.55,320.25
797.99,390.92,208.39,316.37
751.8,393.95,219.77,307.03
703.71,391.69,227.79,299.91
700.22,390.35,229.48,298.07
545.37,416.87,234.76,291.5
485.59,418.89,234.29,286.07
401,420.96,237.53,280.31
229.75,385.62,241.09,277.28
218.8,425.29,243.54,276.1
199.87,443.73,247.78,270.44
57.464,377.25,254.26,267.24
13.188,355.83,229.79,296.11
34.425,338.46,213.26,315.05
60.615,323.75,197.39,329.75
105.13,318.09,190.33,335.04
151.24,313.67,186.33,337.58
254.53,370.36,213.98,313.82
253.57,383.45,232.12,302.99
310.95,387.61,235.83,306.66
360.11,392.2,239.27,314.83
410.15,355.78,243.6,323.99
436.92,332.16,229.44,339.89
490.99,337.8,230.44,346.48
522.43,319.33,213.55,373.73
548.47,300.87,201.85,397.9
573.5,285.26,193.7,411.83
594.01,264.66,187.19,428.29
613.96,246.52,182.91,438.98
629,233,182.73,445.51
635.99,216.57,184.49,450.31
645.88,205.2,185.76,453.07
649.47,191.95,189.36,453.44
654.82,183.79,193.11,452.48
656.92,176.03,198.14,451.5
651.66,165.56,204.36,447.16
647.29,159.92,208.61,442.17
640.66,155.16,212.03,435.84
630.65,152.08,214.54,428.95
621.28,155.95,215.93,420.32
616.22,167.14,214.18,409.51
613.77,178.77,210.72,399.9
608.69,187.25,207.73,390.86
606.53,195.04,206.33,380.6
603.96,204.64,204.43,370.53
605.67,210.65,202.16,362.5
580.6,224.28,194.77,354.15
583.42,258.09,188.17,352.73
566.51,259.34,179.56,348.72
575.44,259.71,174.07,343.79
578.27,259.23,170.37,339.25
576.5,258.74,167.05,334.46
575.27,236.74,163.47,326.91
575.77,241.91,158.85,319.11
577.7,242.35,154.49,313.02
582.33,242.27,149.73,306.1
585.99,242.76,145.35,298.82
589.56,243.06,140.44,293.3
591.69,244.93,135.55,288.21
593.78,248.13,130.47,283.99
596.19,250.91,124.89,281.76
597.64,253.44,119.96,278.38
600.43,256.58,115.47,274.81
604.12,260.06,111.19,271.32
608.84,263.15,107.35,267.96
613.88,265.24,103.88,265.46
620.15,267.46,100.81,264.19
624.96,269.56,98.735,261.65
629.72,271.26,96.954,259.88
634.38,270.82,95.399,259.03
637.55,271.7,94.432,258.23
639.6,271.94,94.241,257.26
640.39,271.56,94.133,256.18
641.6,271.26,93.515,257.15
642.21,270.14,93.094,258.25
642.59,269.75,92.055,259.32
643.38,270.95,91.387,259.28
644.12,269.18,90.644,258.7
644.85,267.81,90.315,258.14
642.48,263.66,89.466,259.24
642.64,261.06,88.205,260.3
642.29,260.07,87.215,259.9
640.81,259.72,86.956,258.88
640.32,260.13,86.021,257.91
640.47,257.34,84.26,258.43
638.96,256.37,83.055,258.74
640.57,255.84,81.384,259.46
641.33,254.44,80.043,261.05
641.47,253.8,78.952,262.68
640.71,252.39,78.279,263.11
639.61,252.3,77.98,264
637.5,251.68,78.099,263.89
635.41,251.81,78.951,263.96
633.76,250.87,79.761,264.88
632.14,251.42,80.622,264.62
631.33,250.01,81.277,264.26
630.64,249.68,81.929,263.26
629.52,250.46,82.439,262.13
628.12,250.69,83.112,261.35
626.39,251.91,83.88,261.04
624.02,251.67,84.581,261.8
619.29,249.25,85.589,262.6
616.27,246.21,86.166,262.67
613.8,244.23,87.258,262.79
611.85,242.67,88.004,262.75
611.28,240.13,88.343,264.41
610.21,237.74,88.379,265.3
609.16,237.54,88.774,266.03
608.7,237.56,88.434,266.4
607.38,237.15,88.685,267.05
604.5,238.64,89.002,268.58
601.6,243,89.436,269.74
597.51,246.67,89.507,272.02
593.24,248.23,89.677,273.41
589.16,248.19,90.741,271.95
584.81,248.11,92.208,269.28
581.53,246.75,94.487,266.8
577.52,246.58,97.339,264.51
573.78,244.47,99.338,264.24
569.97,242.28,101.49,265.27
566.82,242.01,102.9,266.56
564.8,238.95,104.22,267.23
564.32,240.83,105.02,268.23
559.17,237.01,105.61,268.2
555.76,236.72,106.06,267.47
551.71,238.32,106.48,266.46
547.75,238.38,106.48,264
543.32,241.43,107.28,262.08
539.12,241.49,108.76,261.4
534.73,240.78,110.16,261.48
530.31,241.27,110.79,261.82
526.83,241.66,111.6,260.68
524.94,240.1,112.06,259.83
523.55,240.5,112.2,259.31
521.32,240.09,112.22,260.52
520.7,236.6,112.46,261.4
521.04,237.65,113.85,261.96
520.98,237.71,114.56,263.37
519.39,238.25,114.86,265.41
519.36,236.66,115.07,267
518.75,233.89,115.24,268.3
517.28,234.8,115.49,268.7
516.11,234.33,115.68,269.89
515.93,233.87,115.42,270.3
515.93,233.74,115.2,270.99
514.04,230.54,113.07,275.46
514.44,233.5,112.47,275.89
513.83,234.02,112.25,275.71
512.17,233.85,112.37,278.11
509.64,236.43,112.76,279.87
505.16,235.61,113.4,280.69
502.85,240.18,113.79,276.22
499,243.77,114.43,271.87
493.91,247.9,114.94,269.14
490.02,250.64,114.97,267.28
486.11,250.82,114.76,266.64
482.57,251.21,114.46,265.92
479.23,250.75,114.39,265.49
475.87,251.27,114.13,265.41
471.56,252.9,114.18,263.93
467.61,255.52,113.94,262.69
463.4,256.82,113.89,261.6
460.25,258.96,113.41,260.47
456.82,259.88,113.06,258.82
452.58,261.72,112.64,256.06
448.51,263.36,112.45,253.61
446.1,266.23,111.43,250.96
443.67,268.72,110.78,248.04
438.96,268.91,112.69,245.62
435.81,266.11,113.28,245.23
432.62,265.39,113.52,244.27
429.74,266.82,113.6,243.07
427.55,267.84,112.91,242.74
425.1,269.21,112.12,242.89
422.39,270.84,111.2,243.11
420.74,271.61,109.98,242.59
418.51,270.89,109.02,242.47
416.06,272.16,107.8,243.54
415.31,274.65,107.1,246.34
414.11,273.45,106.84,246.88
413.22,273.07,106.5,247.01
412,271.16,105.79,246.19
409.8,270.82,105.42,245.85
407.87,269.69,105.53,244.68
405.51,268.35,105.41,243.97
403.15,266.76,105.32,243.32
401.83,266.83,105.03,242.48
399.87,268.29,106.1,240.11
397.43,269.64,106.52,238.94
394.21,270.44,106.99,237.88
392.51,270.77,107.26,236.36
389.93,270.42,106.89,234.16
388.75,271.63,106.18,231.42
387.39,271.56,105.74,227.5
385.15,271.63,104.65,223.62
383.32,272.53,103.53,219.08
382.58,273.99,101.61,217.48
382.11,275.4,99.705,216.8
381.92,276.8,98.272,215.89
381.68,276.86,97.199,216.04
380.85,277.54,96.149,216.63
379.4,275.98,95.712,218.29
377.43,274.07,95.861,219
376.2,273.48,95.8,219.6
375.03,272.38,96.106,220
373.53,270.54,96.368,220.09
371.75,268.61,96.669,220.49
370.65,266.62,96.699,221.69
366.52,264.84,97.445,222.07
365.11,261.92,98.213,222.32
362.34,260.33,99.539,223.29
360.97,261.76,100.98,223.76
358.23,259.3,101.83,223.94
355.23,259.09,102.67,223.54
353.02,257.61,102.76,223.49
350.94,255.97,102.6,223.66
349.6,255.55,102.66,223.58
350.08,256.06,103.07,223.55
348.35,253.83,102.78,222.86
348.02,254.41,102.76,221.18
347.6,254.87,102.65,220.46
347.81,252.42,103.08,219.51
347.45,251.47,103.68,217.98
346.46,250.78,103.56,217.41
345.32,252.78,103.92,217.6
345.56,252.28,103.32,218.48
344.95,252.32,102.6,219.37
345.84,250.3,101.71,220.15
346.57,249.43,100.85,218.84
347.86,250.85,99.513,217.68
348.65,251.06,98.564,217.11
348.75,249.23,97.997,216.07
349.76,251.31,97.502,216.32
349.06,250.74,96.695,215.48
351.08,251.5,96.09,215.37
350.91,250.61,95.888,215.91
352.51,250.21,95.757,215.52
352.88,249.64,95.659,215.16
354.2,248.24,95.575,214.3
356.73,247.74,95.383,212.85
357.91,246.6,95.254,211.62
359.41,246.92,95.353,209.14
360.27,246.7,95.696,206.92
360.96,246.52,95.835,205.2
362.79,246.57,95.934,203.57
363.57,246.92,96.021,201.74
363.82,246.72,96.011,200.49
364.57,246.25,96.059,199.63
364.57,246.45,96.55,198.68
366.68,245.71,97.254,197.88
367.08,244.23,97.597,197.85
367.65,242.45,98.587,196.4
367.93,241.33,99.703,194.25
367.76,240.78,100.37,192.01
369.04,241.21,101.18,189.78
368.88,241.87,101.61,187.84
367.76,240.27,102.13,186.9
369.16,240.62,101.38,187.58
370.32,239.91,100.47,188.74
370.97,238.68,99.797,189.87
371.9,237.6,98.951,192.38
373.52,235.83,97.572,193.95
374.71,234.69,96.44,193.75
375.85,234.48,95.146,195.22
378.65,233.24,93.35,195.32
380.42,233.2,91.674,195.91
381.02,232.56,89.823,195.94
386,232.2,87.098,196.19
388.09,232.13,84.892,196.37
391.4,232.47,83.281,196.5
393.97,233.07,81.763,197.09
399.08,232.64,80.589,197.28
404.8,230.7,79.094,200.04
409.03,227.86,77.444,203.24
411.32,224.43,76.172,203.99
413.83,222.04,75.24,202.97
417.14,220.94,74.184,203.01
420.55,220.12,73.704,203
422.36,219.27,73.139,203.47
424.81,220.7,72.218,204.64
427.48,222.35,71.066,207.19
426.64,225.37,71.217,210.57
425.11,227.04,72.161,213.82
421.8,226.21,73.363,216.88
422.3,225,74.627,220.32
420.51,221.92,75.855,222.99
419.15,219.5,76.958,225.08
418.61,218.32,78.311,226.1
418,216.41,79.068,227.91
417.42,214.96,79.731,229.56
416.62,214.49,80.298,231.06
415.26,214.99,81.081,232.09
415.13,213.87,81.316,233.04
414.19,212.39,81.975,232.22
414,211.68,82.263,230.51
414.5,210.53,82.418,230.21
415.36,209.36,82.124,229.74
415.45,208.23,82.007,229.58
415.15,207.92,82.066,229.45
415.17,208.23,82.095,229.45
415.19,207.93,81.996,229.47
417.35,209.06,82.171,228.98
419.7,207.58,81.745,229.32
420.57,204.25,81.833,229.94
421.77,201.65,82.79,231.83
420.71,199.97,83.075,234.84
421.38,197.81,83.379,237.35
423.72,195.15,83.562,237.89
425.42,192.99,84.207,236.87
426.7,191.28,84.721,236.69
427.98,190.46,85.442,236.17
431.14,188.48,86.552,235.35
433.78,187.84,87.589,234.92
436.76,188.11,88.166,235.15
439.8,188.02,88.602,235.78
443.57,188.29,88.356,236.06
447.54,187.18,87.475,236.06
450,187.73,86.838,236.81
453.07,188.11,86.072,238.97
456.06,187.21,85.795,240.41
459.96,186.3,84.989,242.9
461.19,189.25,84.646,245.54
461.76,189.14,84.856,246.86
462.71,188.48,85.268,248.57
464.12,188.29,85.16,250.48
466.41,184.67,85.441,252.08
468.15,183.25,85.965,252.15
