254,55,21,11
253.77,54.594,21.026,10.784
254.15,54.803,21.089,10.556
253.64,55.352,21.175,10.348
253.51,55.228,21.347,10.223
253.64,55.312,21.34,10.184
253.87,56.055,21.21,10.156
254.33,55.947,21.223,10.205
254.74,55.92,21.207,10.238
255.76,55.706,20.976,10.246
256.62,56.314,20.775,10.244
257.94,56.499,20.632,10.272
258.66,55.612,20.691,10.24
258.97,55.368,20.72,10.19
259.19,56.116,20.72,10.107
258.64,56.289,20.889,10.026
259.08,55.788,20.917,10
257.86,54.765,20.97,10
258.79,54.68,20.888,10
259.71,55.36,21.036,10
259.72,56.071,21.09,10
260.57,55.325,21.148,10
260.34,55.421,21.164,10
261.05,55.718,21.348,10
260.21,55.73,21.46,10
260.11,55.064,21.535,10
260.02,54.389,21.617,10
260.58,55.892,21.881,10
260.35,55.979,22.214,10
261.66,55.848,22.367,10
263.12,56.151,22.651,10
264.54,56.149,22.603,10
264.91,56.131,22.593,10
264.84,55.218,22.443,10
265.14,55.232,22.351,10
265.75,55.273,22.423,10
266.25,55.238,22.37,10
265.75,55.109,22.393,10
266.41,55.001,22.41,10
266.73,55.053,22.233,10
267.59,54.726,21.807,10
268.8,54.911,21.58,10
269.97,56.001,21.653,10
271.69,55.678,21.227,10
271.23,56.156,20.94,10.007
272.57,56.81,20.741,10
273.49,56.698,20.641,10
273.86,56.347,20.475,10
273.87,56.171,20.41,10
275.37,56.832,20.434,10
276.24,57.543,20.319,10
278.82,57.794,20.206,10
280.99,58.402,19.663,10
282.02,59.299,19.358,10
283.43,59.059,19.207,10
284.34,58.3,18.929,10
284.56,58.633,18.962,10
287.76,58.879,18.868,10
290.08,58.741,18.491,10
291.91,58.254,18.431,10
293.38,58.005,18.37,10
296.11,57.997,18.203,10
296.21,58.714,18.161,10
299.13,58.403,18.172,10
300.56,58.007,18.199,10
302.8,57.659,17.889,10.034
303.94,57.99,17.718,10.055
304.12,58.059,17.766,10
304.35,58.023,17.797,10
305.46,57.538,17.837,10
306.81,56.97,17.754,10
307.38,56.839,17.802,10
308.96,56.643,17.803,10.012
309.41,56.646,17.901,10
309.87,56.644,17.988,10
308.75,56.736,18.189,10
307.76,57.248,18.209,10.067
306.71,57.128,18.031,10.041
306.2,56.297,18.052,10
305.45,55.545,18.065,10
305.24,55.336,18.064,10
305.14,56.698,18.03,10
305.57,56.034,17.919,10
305.52,55.638,17.926,10
306.52,55.946,17.748,10
308.08,56.059,17.537,10
308.1,56.167,17.495,10
309.35,56.55,17.328,10
309.89,56.194,17.291,10
310.69,55.348,17.258,10
310.76,55.03,17.266,10
310.74,56.442,17.216,10
310.79,57.299,17.187,10
310.44,56.223,17.281,10
310.14,56.135,17.184,10.084
310.8,56.815,17.071,10.22
310.98,57.706,16.986,10.305
311.43,57.75,16.959,10.373
311.93,57.789,16.908,10.45
312.83,57.956,16.734,10.548
312.87,56.68,16.624,10.672
313.21,55.995,16.576,10.754
313.31,57.063,16.601,10.731
313.67,58.195,16.579,10.769
314.22,57.666,16.528,10.809
314.75,56.551,16.424,10.797
314.8,56.807,16.476,10.704
314.31,56.083,16.564,10.719
314.62,56.591,16.587,10.755
315,57.602,16.613,10.767
315.5,57.78,16.629,10.721
315.94,56.274,16.49,10.823
316.82,55.48,16.495,10.801
317.9,55.526,16.538,10.791
318.8,56.105,16.67,10.753
319.51,57.024,16.801,10.731
319.62,56.903,16.76,10.699
319.68,56.528,16.762,10.711
319.84,56.382,16.797,10.728
319.91,56.634,16.839,10.712
319.81,57.219,16.858,10.75
319.71,56.944,16.854,10.789
319.5,57.544,16.873,10.813
319.43,57.755,16.968,10.863
320.12,57.698,16.982,10.896
320.23,57.575,16.976,10.985
320.54,57.365,16.956,11.073
320.07,57.888,17.025,11.122
320.47,57.768,16.988,11.203
320.89,57.587,17.001,11.258
320.65,57.342,17.074,11.2
320.32,57.745,17.195,11.199
320.4,57.773,17.255,11.237
320.37,57.898,17.333,11.225
320.19,57.141,17.408,11.263
320.09,57.264,17.447,11.261
319.76,57.424,17.549,11.32
319.7,57.133,17.525,11.451
319.37,58.142,17.584,11.664
318.76,59.489,17.745,11.724
318.39,59.897,17.823,11.727
318.51,59.639,17.868,11.693
318.05,59.997,17.887,11.719
317.22,59.986,18.117,11.679
317,59.738,18.298,11.732
316.7,59.596,18.518,11.795
317.93,60.343,18.688,11.877
318.15,60.659,18.931,11.894
321.76,58.004,19.949,11.491
323.06,57.848,21.225,11.064
326.12,58.963,21.881,10.891
328.61,61.408,22.476,10.577
331.2,58.618,23.07,10.461
332.13,58.613,23.764,10.358
335.08,58.166,23.926,10.467
336.94,58.003,24.49,10.521
338.93,58.18,25.208,10.608
340.75,58.28,25.801,10.661
342.79,59.134,26.231,10.847
343.6,59.164,26.735,10.951
347.44,58.354,26.645,11.299
348.9,57.746,27.379,11.436
349.43,57.578,28.267,11.567
349.34,57.403,28.973,11.721
349.35,57.442,29.912,11.875
348.7,57.542,30.631,12.051
351.08,57.78,30.951,12.38
353.92,57.025,31.036,12.695
356.12,56.146,30.945,12.851
357.39,55.458,30.967,13.037
357.59,55.145,31.382,13.176
357.59,55.116,31.883,13.303
358.31,55.168,32.354,13.507
359.78,55.356,32.573,13.789
361.76,55.265,33.009,13.949
363.64,54.73,33.134,14.095
365.79,54.377,33.119,13.968
366.7,54.286,32.983,14.204
367.44,54.162,33.04,14.451
367.83,53.851,33.199,14.701
367.72,53.712,33.537,14.859
368.34,53.768,33.685,15.087
367.68,53.839,34.039,15.18
367.48,54.018,34.074,15.337
367.25,54.1,34.388,15.296
366.57,54.87,34.828,15.229
366.16,55.178,34.889,15.217
367.1,54.178,34.676,15.32
366.5,55.058,34.599,15.403
366.55,54.822,34.452,15.483
367.29,56.015,34.196,15.6
369.2,55.754,33.885,15.771
370.36,55.693,33.672,15.922
370.67,56.831,33.455,15.767
372.53,56.637,32.996,15.806
372.8,57.027,32.82,15.649
374.05,56.266,32.819,15.546
373.35,56.354,33.327,15.163
371.98,56.964,34.251,15.06
371.03,57.11,35.495,14.937
370.02,56.129,36.544,14.829
369.74,55.709,37.025,14.9
368.56,55.848,37.375,15.16
368.12,57.054,37.529,15.02
368.53,57.125,37.44,14.9
370.03,57.055,37.167,14.806
372.21,57.256,36.913,14.789
373.06,57.3,37.232,14.631
375.25,57.364,36.954,14.613
375.71,57.28,37.015,14.413
375.38,58.276,37.392,14.351
373.9,59.012,37.935,14.251
372.94,58.898,38.102,14.045
372.77,59.111,37.807,14.094
370.62,59.296,38.452,14.043
370.16,59.179,38.881,13.917
369.85,58.727,39.156,13.761
370.15,57.781,39.146,13.594
369.58,57.522,39.407,13.417
369.86,57.58,39.368,13.544
367.02,58.469,39.869,13.678
366.1,58.248,40.054,13.636
365.03,57.864,40.509,13.573
364.49,57.626,40.465,13.644
363.68,58.224,40.57,13.775
364.22,57.819,40.16,13.765
366.23,57.024,39.219,13.718
367.34,57.041,38.814,13.783
368.21,57.451,38.412,13.908
369.07,57.843,38.213,13.949
369.69,58.293,38.011,13.919
369.82,58.42,37.994,13.857
369.65,59.219,37.913,14.018
370.26,58.539,37.61,13.993
371.16,57.285,37.233,13.862
371.36,56.688,37.24,13.838
369.91,56.887,37.625,13.967
369.17,56.73,37.765,14.054
368.83,56.047,37.755,14.231
368.21,56.175,37.581,14.378
366.73,57.136,37.337,14.484
364.36,58.509,37.367,14.626
362.77,58.979,37.525,14.518
362.67,58.829,37.492,14.332
360.89,59.006,37.268,14.197
356.32,59.726,36.634,14.501
353.02,60.477,36.434,14.36
349.54,60.568,35.904,14.527
347.14,60.48,35.213,14.607
346.64,60.693,34.906,14.61
341.1,59.78,33.658,14.777
339.55,59.433,33.008,14.718
336.02,60.101,32.475,14.381
330.35,61.194,31.941,14.203
330.5,62.057,31.504,14.024
320.5,61.834,30.752,14.045
314.29,62.602,30.395,13.97
310.75,62.727,30.087,13.723
304.91,60.691,30.208,13.596
298.36,58.548,30.486,13.6
296.95,59.231,31.06,13.501
279.46,61.991,30.714,13.676
273.13,62.176,31.064,13.478
267.39,62.333,31.302,13.325
260.41,62.458,31.804,13.008
253.39,62.211,32.109,13.035
252.87,61.46,32.407,13.037
242.59,61.216,32.123,13.228
236.65,61.337,32.026,13.421
232,61.887,32.418,13.459
229.33,62.271,32.03,13.705
227.27,61.626,31.717,13.894
225.85,61.473,31.817,14.06
228.2,61.516,32.54,14.193
229.05,61.324,33.252,14.294
230.87,61.027,33.527,14.338
231.99,60.354,33.752,14.419
233.29,59.541,33.809,14.444
233.74,59.231,34.031,14.556
236.76,59.192,34.308,14.646
237.29,59.022,34.674,14.835
236.2,58.927,34.959,14.947
236.57,57.992,35.156,15.021
236.71,57.011,35.477,15.007
237.04,56.662,35.704,15.1
236.94,56.731,35.797,15.057
236.74,56.548,35.853,15.014
236.61,56.62,35.958,14.961
236.72,56.472,36.008,15.026
236.91,56.756,36.11,15.212
236.52,56.861,36.169,15.254
236.68,57.176,36.142,15.357
236.56,56.608,36.235,15.334
236.44,56.169,36.142,15.395
236.29,55.49,35.851,15.47
237.16,55.683,35.741,15.607
237.45,56.085,35.838,15.701
239.31,56.121,36.075,15.821
238.55,55.313,35.95,16.026
238.35,55.556,36.14,16.012
238.96,55.609,36.135,16.117
238.73,55.999,36.046,16.196
238.53,56.39,35.974,16.249
239.54,55.805,35.715,16.348
240.57,56.018,35.835,16.422
240.57,56.19,35.79,16.51
240.88,56.401,35.928,16.466
241.47,56.33,36.062,16.379
241.03,56.186,36.085,16.361
241.81,56.98,36.659,16.278
241.61,56.506,36.788,16.188
242.11,56.445,37.157,16.146
242.4,56.009,37.161,16.199
243.13,56.589,37.123,16.284
242.7,56.628,37.164,16.261
243.8,56.178,37.13,16.153
244.24,56.421,37.144,16.106
245.67,57.31,36.938,15.93
246.85,57.421,36.698,15.787
247.54,57.972,36.52,15.607
247.72,57.633,36.033,15.533
245.06,56.824,35.896,15.554
245.15,56.442,36.21,15.453
245.53,56.475,36.197,15.407
245.19,56.501,36.125,15.431
245.63,55.957,35.916,15.477
245.2,55.434,35.659,15.534
246.76,55.783,35.331,15.603
247.49,55.83,34.926,15.552
248.58,55.478,34.629,15.466
248.38,55.947,34.407,15.403
250.12,56.511,34.086,15.234
250.85,56.811,33.947,15.021
253.87,56.852,33.3,14.928
255.46,57.52,33.13,14.799
257.21,58.238,33.069,14.671
259.48,58.826,32.706,14.533
259.43,59.233,32.764,14.285
259.29,59.614,32.548,14.109
259.87,59.628,32.52,13.974
258.63,60.403,32.771,13.833
257.76,61.159,32.761,13.716
258.01,61.575,32.772,13.564
257.65,61.817,32.453,13.608
259.47,62.051,32.149,13.688
259.57,62.522,31.936,13.736
260.97,62.853,31.536,13.763
262.27,62.922,31.159,13.761
264.14,63.393,30.849,13.581
265.83,63.237,30.307,13.419
267.06,62.724,29.449,13.332
267.18,62.186,28.763,13.224
270.25,61.521,28.571,13.127
272.82,60.882,28.282,13.105
274.47,60.487,28.074,13.062
275.23,60.225,27.99,13.047
277.73,60.339,27.988,12.882
277.83,60.485,27.882,12.845
280.16,60.374,27.685,12.683
281.46,60.165,27.248,12.703
283.47,59.797,26.826,12.645
286.05,60.3,26.62,12.511
287.79,60.694,26.548,12.398
287.68,61.14,26.565,12.295
289.25,61.911,26.532,12.241
289.31,61.633,26.339,12.114
290.38,60.421,26.207,12.155
292.62,60.109,26.2,12.175
294.62,60.93,26.501,12.084
295.15,61.758,26.553,12.048
296.02,61.989,26.565,11.947
297.05,61.852,26.192,11.901
297.7,61.056,26.11,11.826
298.75,61.091,26.047,11.9
300.18,62.18,26.036,11.882
301.23,62.76,26.034,11.842
302.82,61.429,25.601,12.051
303.42,60.471,25.269,12.069
303.7,59.448,25.282,12.129
305.68,58.747,25.221,12.183
307.25,58.952,25.199,12.148
308.05,58.562,25.139,12.091
310.95,58.641,24.955,12.14
312.65,58.406,25.152,12.001
313.4,58.684,25.421,12.004
313.33,58.612,25.663,12.026
314.16,58.129,25.759,12.021
314.39,57.863,25.789,12.046
316.36,58.246,25.45,12.309
317.19,58.912,25.409,12.364
317.29,59.131,25.748,12.268
318.05,59.483,25.796,12.252
318.3,59.626,25.764,12.126
318.63,59.719,25.712,12.019
320.01,59.169,25.61,11.979
320.75,59.418,25.515,12.11
320.94,60.081,25.619,12.075
321.61,59.911,25.932,11.918
321.13,59.958,26.07,11.877
321.54,60.016,26.167,11.833
320.41,60.317,26.431,11.951
319.82,60.318,26.512,12.037
318.45,60.449,26.698,11.962
318.22,60.179,26.657,12.116
317.05,59.752,26.723,12.103
317.3,59.498,26.782,12.119
314.51,59.786,27.338,12.145
313.75,60.161,27.869,12.21
313.37,59.873,28.333,12.297
313.85,58.985,28.821,12.32
314.08,58.77,29.517,12.392
313.86,58.931,30.076,12.512
315.24,58.377,30.82,12.614
316.32,57.812,31.722,12.834
317.58,57.864,32.783,13.031
318.46,58.146,33.963,13.177
319.13,58.646,34.646,13.424
319.14,58.704,35.67,13.687
323.03,59.366,36.134,13.956
326.23,60.248,36.746,14.111
330.19,60.591,37.039,14.464
335.7,60.279,37.088,14.827
338.6,58.8,36.71,15.45
339.97,57.858,36.586,15.839
342.35,57.411,36.209,16.246
344.48,56.47,35.888,16.704
345.77,56.498,35.685,17
346.59,56.727,35.904,17.195
346.2,57.851,36.373,17.363
346.4,58.261,36.809,17.436
347.85,58.156,36.747,17.726
349.46,57.762,36.721,17.869
351.23,57.568,36.447,18.202
352.69,57.593,36.045,18.431
355.45,57.318,35.522,18.745
356.08,57.205,35.51,18.917
361.22,56.584,35.067,19.133
362.63,56.215,34.952,19.338
363.68,56.722,35.066,19.395
365.25,56.263,34.953,19.683
367.12,55.893,34.855,19.901
367.63,55.734,35.165,20.039
368.06,55.418,35.276,20.186
368.64,54.946,35.31,20.351
368.8,54.962,35.376,20.53
368.8,55.484,35.503,20.591
368.69,55.604,35.592,20.663
368.59,55.727,35.711,20.719
368.5,55.417,35.8,20.715
368.22,55.71,35.988,20.8
368.25,55.673,35.991,20.845
369.03,55.563,36.223,20.766
369.87,55.358,36.376,20.614
370.15,55.122,36.525,20.487
371.55,54.621,36.654,20.471
371.41,55.151,37.026,20.422
371.22,55.296,37.241,20.368
371.18,55.19,37.439,20.207
372.11,54.274,37.582,20.204
371.94,54.349,37.725,20.194
371.91,54.685,37.761,20.109
372.33,53.992,37.603,20.333
373.55,53.975,37.511,20.314
374.99,53.754,37.593,20.29
376.47,53.212,37.793,20.311
377.18,53.586,38.148,20.132
377.24,53.872,38.389,20.081
376.96,54.348,38.779,20.003
377.41,54.533,38.7,19.883
377.81,54.08,38.527,19.936
377.49,53.792,38.513,19.813
377.82,53.883,38.366,19.836
376.75,54.155,39.027,19.608
375.48,54.422,39.494,19.451
374.87,54.203,39.768,19.294
373.13,54.125,40.402,19.056
371.06,54.054,40.638,18.934
370.29,54.147,40.434,18.915
368.88,54,40.871,18.905
367.74,54.254,41.195,18.855
366.97,54.577,41.299,18.866
366.94,54.629,41.402,18.854
366.59,54.744,41.339,18.698
366.79,54.548,41.15,18.519
364.11,55.535,41.159,18.471
362.81,55.787,41.124,18.208
362.23,55.249,40.999,18.103
360.15,55.163,41.294,17.858
358.23,55.287,41.292,17.727
358.03,55.396,40.97,17.596
352.52,55.781,41.036,17.477
351,55.656,40.785,17.365
349.67,55.771,40.255,17.525
348.63,55.796,39.834,17.63
347.04,55.495,39.826,17.684
347.01,55.79,39.495,17.691
344.78,56.146,39.395,17.63
344.2,56.647,38.929,17.741
343.63,56.366,38.379,17.908
343.38,56.581,37.937,17.931
343.5,56.53,37.529,17.976
344.82,57.393,36.947,17.918
347.04,57.008,36.772,17.691
349.33,56.714,36.495,17.417
349.41,56.619,36.284,17.341
349.07,56.323,35.883,17.293
348.63,56.399,35.586,17.212
342.94,56.247,35.409,17.074
339.38,57.102,35.342,16.89
335.89,57.122,34.863,16.64
333.43,57.04,34.368,16.516
330.12,56.382,34.014,16.263
329.87,55.619,33.854,16.123
327.82,56.166,32.681,16.026
327.25,55.341,32.076,15.901
326.91,55.007,31.318,15.801
324.64,54.889,30.737,15.49
321.49,56.541,29.899,15.284
320.63,56.736,29.405,15.071
319.18,56.062,29.007,14.874
316.98,56.131,28.475,14.907
315.83,55.487,28.063,14.815
314.44,54.928,27.746,14.641
313.42,54.765,27.579,14.673
313.21,54.505,27.39,14.669
312.31,56.023,27.051,14.805
312.71,56.106,26.693,14.754
312.97,55.771,26.372,14.847
312.39,55.856,26.318,14.717
312.29,55.635,26.113,14.712
312.61,55.862,25.939,14.685
310.07,56.807,25.738,14.69
310.35,56.088,25.477,14.662
309.33,55.146,25.261,14.569
308.49,55.17,25.147,14.441
307.89,55.514,25.079,14.276
307.3,54.697,24.9,14.171
307.24,54.837,24.802,13.921
307.1,56.349,24.562,13.722
308.3,55.926,24.771,13.603
309.12,55.942,24.758,13.528
309.96,55.957,25.101,13.451
309.88,55.731,26.005,13.24
310.43,56.002,26.754,13.074
315.94,56.944,28.271,12.361
318.58,57.374,28.939,12.26
322.33,57.359,29.731,12.175
325.63,59.821,30.098,12.142
329.66,60.624,29.738,12.547
329.81,60.922,29.631,12.755
335.8,57.068,29.792,12.913
338.65,56.635,30.201,13.161
341.22,56.528,30.687,13.514
344.22,56.43,30.711,13.721
346.64,55.813,30.603,13.835
347.76,55.978,31.064,13.83
350.97,56.259,30.934,13.748
353.02,55.304,30.776,14.003
353.33,55.021,30.891,14.164
353.93,55.886,31.089,14.292
355.63,55.823,30.999,14.416
355.9,55.792,31.16,14.467
356.87,55.27,31.381,14.535
356.5,55.238,31.954,14.545
356.79,55.115,32.026,14.695
358.25,54.504,31.955,14.763
358.23,55.139,32.144,14.842
358.96,54.692,32.199,14.964
359.52,54.572,32.206,15.053
359.85,53.854,32.21,15.157
360.98,53.323,32.321,15.141
359.48,53.614,32.382,15.064
358.81,53.109,32.119,15.089
358.38,52.828,31.959,15.123
358.01,53.005,31.795,15.076
356.17,53.006,32.027,14.844
355.39,53.912,32.01,14.747
355.46,53.709,31.867,14.613
355.34,53.427,31.558,14.531
355.17,53.453,31.503,14.427
354.69,53.203,31.119,14.127
354.75,53.096,30.852,14.098
354.18,53.93,31.321,14.023
350.55,55.137,30.893,14.274
349.42,55.975,30.854,14.368
349.08,56.017,30.539,14.475
349.33,54.809,30.179,14.49
348.88,54.161,29.981,14.347
348.02,54.196,30.32,14.118
346.68,54.713,30.539,14.043
345.56,55.426,30.583,14.08
345.42,55.351,30.48,14.065
345.89,54.315,30.264,14.07
345.67,53.879,30.259,13.807
345.85,53.697,29.837,13.716
346.81,53.639,29.19,13.659
347.05,54.593,29.231,13.562
346.8,54.589,29.401,13.386
346.74,54.219,29.27,13.246
346.55,54.452,29.37,13.15
346.45,54.362,29.678,12.886
345,54.997,30.478,12.868
344.43,55.452,30.842,12.844
344.21,55.686,31.093,12.809
342.13,55.607,31.361,12.689
342.39,55.915,31.61,12.651
342.44,55.604,31.602,12.531
342.65,54.961,31.671,12.45
340.96,56.057,32.019,12.516
340.56,56.927,32.392,12.551
342.6,56.01,32.044,12.584
343.08,55.974,31.562,12.532
344.68,55.822,31.268,12.232
343.88,56.596,30.945,12.012
344.01,57.19,30.817,11.814
344.93,57.373,30.669,11.68
346.49,57.394,30.416,11.528
346.71,57.249,30.171,11.459
347.65,57.367,30.071,11.611
348.97,57.068,29.841,11.749
350.35,57.658,29.792,11.593
350.26,57.855,29.535,11.674
351.7,57.417,29.145,11.673
351.18,57.407,29.133,11.599
352.03,58.076,29.037,11.485
350.39,58.836,28.983,11.395
349.3,59.271,28.678,11.396
349.18,59.744,28.364,11.355
347.26,60.026,27.743,11.36
346.7,59.921,27.145,11.37
344.9,60.491,27.288,11.233
343.58,60.6,27.15,11.07
341.34,61.079,27.326,10.955
341.45,60.842,27.045,10.914
337.34,60.838,26.756,10.912
335,60.891,26.597,10.893
333.83,60.912,26.51,10.846
333.51,61.178,26.678,10.741
332.34,60.935,26.561,10.725
330.94,61.237,26.725,10.672
331.08,60.9,26.835,10.728
329.97,61.254,26.652,10.739
329.96,60.788,26.455,10.807
329.52,61.025,26.599,10.741
328.66,61.35,26.523,10.797
326.8,61.743,26.422,10.717
326.22,62.136,26.561,10.633
323.1,62.54,26.311,10.568
321.79,61.794,26.031,10.649
322.1,59.124,25.934,10.631
323.22,58.684,25.89,10.652
323.31,59.498,25.884,10.668
323.44,60.322,25.873,10.677
325.77,59.645,25.552,10.842
326.51,57.299,25.445,10.697
326.77,57.01,25.395,10.615
326.96,57.314,25.338,10.573
325.42,57.791,25.322,10.56
325.48,58.144,25.314,10.561
324.05,59.373,25.101,10.909
323.65,59.558,25.113,11.04
325,59.454,25.1,11.131
325.5,59.313,25.064,11.195
326.92,58.869,24.983,11.322
327.18,58.85,24.824,11.418
327.85,61.433,24.714,11.386
328.75,61.068,24.637,11.415
329.13,60.317,24.631,11.422
330.29,59.903,24.623,11.411
330.13,59.195,24.595,11.478
330.65,58.997,24.566,11.517
330.22,59.722,24.729,11.364
329.44,60.45,24.751,11.297
328.84,60.395,24.586,11.273
329.11,60.053,24.401,11.267
328.63,60.258,24.457,11.28
328.57,60.139,24.426,11.286
328.79,61.505,24.432,11.412
328.54,61.998,24.441,11.301
328.53,61.259,24.377,11.294
328.61,61.328,24.477,11.182
328.81,61.706,24.459,11.168
328.13,61.497,24.442,11.133
328.35,60.915,24.445,11.144
328.11,60.906,24.584,11.074
327.99,60.807,24.699,11.045
327.29,60.647,24.912,11.03
327.22,60.521,24.928,11.024
327.25,60.359,24.903,11.038
327.66,59.117,24.788,11.236
328.12,58.752,24.679,11.277
328.49,59.105,24.644,11.371
327.92,58.56,24.594,11.35
328.29,58.165,24.471,11.315
327.55,57.841,24.399,11.252
327.83,61.158,24.751,11.319
328.52,59.94,24.557,11.478
328.34,58.876,24.473,11.485
327.97,58.417,24.503,11.409
328.36,59.024,24.463,11.501
327.28,59.025,24.509,11.503
326.11,60.324,24.594,11.578
326.58,60.615,24.865,11.334
326.34,60.872,25.01,11.203
326.03,61.16,25.071,11.167
326.06,60.653,25.274,11.09
326.65,60.37,25.241,11.059
325.31,61.42,25.406,11.288
324,61.188,25.581,11.211
324.76,60.677,25.398,11.255
324.5,60.028,25.213,11.308
323.63,60.262,25.255,11.352
323.65,60.505,25.292,11.366
323.45,61.771,25.351,11.402
323.1,62.068,25.434,11.299
324.45,61.504,25.229,11.266
324.2,60.683,25.017,11.269
324.09,60.684,24.954,11.246
323.54,60.905,24.972,11.235
323.32,60.934,24.926,11.162
322.81,61.2,24.769,11.163
323.08,61.67,24.597,11.169
324.05,61.837,24.271,11.204
324.22,61.538,24.19,11.161
324.56,61.269,24.124,11.142
324.9,61.638,23.857,11.263
324.78,61.668,23.991,11.24
325.07,61.265,24.007,11.199
324.71,61.039,23.875,11.224
324.75,60.671,23.822,11.181
324.68,60.762,23.803,11.2
323.78,61.554,24.043,11.327
324.04,61.466,23.958,11.483
323.02,61.442,24.099,11.346
323.02,60.785,23.973,11.515
322.53,60.832,23.923,11.566
322.66,60.865,23.8,11.608
322.75,60.916,23.708,11.63
321.65,61.321,23.713,11.783
321.23,61.193,23.819,11.772
320.76,60.679,23.745,11.831
321.1,60.649,23.663,11.881
321.64,61.415,23.693,11.992
321.62,61.936,23.664,11.991
321.62,61.109,23.684,11.858
320.6,60.694,23.85,11.682
320.42,61.162,23.856,11.742
319.94,61.259,23.995,11.759
319.91,61.567,24.038,11.834
319.29,60.895,23.928,11.756
318.97,60.369,23.844,11.762
318.36,60.409,23.912,11.628
317.63,60.264,23.897,11.527
317.71,60.306,23.836,11.616
317.76,60.359,23.8,11.682
318.48,61.329,23.855,11.775
319.99,61.755,23.696,11.771
320.15,61.501,23.584,11.848
320.18,61.322,23.51,11.876
320.37,60.935,23.535,11.811
319.33,61.318,23.595,11.629
318.73,61.219,23.571,11.628
318.61,61,23.54,11.639
318.04,61.251,23.417,11.635
317.75,61.51,23.376,11.664
318.26,62.033,23.178,11.681
318.17,61.912,23.113,11.645
317.25,62.31,23.082,11.503
317.04,62.183,23.291,11.39
316.03,62.217,23.485,11.195
315.82,61.707,23.636,11.082
315.26,61.256,23.756,11.071
315.56,60.815,23.866,11.083
314.38,61.51,23.904,11.223
314.45,61.307,23.901,11.213
315.09,60.5,23.739,11.201
314.61,60.049,23.575,11.269
315.04,59.628,23.436,11.372
314.63,59.909,23.308,11.445
314.62,60.494,23.348,11.395
314.59,61.12,23.431,11.367
314.44,61.16,23.636,11.307
314.32,61.283,23.732,11.308
314.48,61.519,23.573,11.372
314.66,61.681,23.41,11.448
314.56,62.196,23.436,11.412
314.66,61.976,23.496,11.362
314.46,61.526,23.613,11.291
314.2,61.296,23.556,11.313
313.49,61.569,23.65,11.358
313.51,61.828,23.805,11.385
312.78,61.788,23.791,11.503
312.62,61.679,23.937,11.501
312.73,61.238,23.904,11.546
313.01,60.819,23.834,11.573
313.1,61.427,23.789,11.641
313.15,61.401,23.809,11.666
312.41,61.238,23.825,11.663
312.6,61.064,23.816,11.688
312.73,61.635,23.778,11.724
312.97,61.176,23.752,11.737
313.28,60.657,23.658,11.79
312.69,60.803,23.602,11.841
311.62,61.527,23.746,11.915
311.81,61.863,23.805,11.939
310.79,61.728,23.989,11.898
310.23,61.43,24.018,11.833
309.67,61.801,24.015,11.801
309.24,61.427,24,11.804
308.52,61.394,24.028,11.683
307.13,61.18,24.103,11.569
307.14,61.028,24.141,11.489
305.78,61.031,24.253,11.446
305.39,60.267,24.279,11.425
304.86,60.114,24.365,11.43
305.05,61.179,24.69,11.66
304.9,61.238,24.765,11.757
304.73,61.189,24.907,11.825
304.98,61.644,25.005,11.926
305.36,61.455,25.147,12.033
304.77,62.182,25.342,12.128
303.56,61.646,25.441,12.03
302.23,61.354,25.577,12.125
301.04,61.077,25.74,12.189
300.77,61.131,25.864,12.195
299.4,61.026,26.117,12.338
299.73,60.688,26.254,12.41
298.77,60.878,26.539,12.569
297.68,60.557,26.517,12.608
296.43,60.424,26.545,12.591
295.16,60.608,26.655,12.596
293.91,61.354,26.733,12.688
293.76,61.562,26.8,12.657
291.33,61.382,26.789,12.668
291.22,60.999,26.681,12.767
290.83,60.456,26.592,12.812
289.6,60.546,26.758,12.967
290.46,61.06,26.791,13.067
290.51,60.989,26.857,13.077
290.52,59.738,26.884,13.094
290.33,59.568,27.026,13.076
290.1,59.332,27.035,13.166
290.47,59.667,27.036,13.204
291.04,59.645,27.021,13.214
290.64,59.628,27.036,13.195
289.56,58.959,27.214,13.115
289.66,58.628,27.208,13.244
289.56,58.291,27.315,13.361
289.43,58.669,27.607,13.53
289.74,58.931,27.797,13.588
289.75,58.904,27.836,13.663
288.88,58.687,27.957,13.784
287.69,58.281,28.11,13.826
287.09,58.751,28.156,13.92
287.17,58.784,28.294,13.951
286.55,59.13,28.554,13.985
287.05,58.881,28.826,13.983
286.17,58.781,28.643,14.095
285.36,59.107,28.627,14.157
283.66,59.428,28.838,14.107
283.49,59.161,29.021,14.187
282.68,58.83,29.067,14.149
282.88,58.479,29.129,14.113
282.11,58.834,29.094,14.189
282.03,59.185,29.153,14.089
281.72,59.477,29.324,13.913
281.59,60.177,29.026,13.829
281.17,61.684,28.922,13.911
280.72,62.048,28.785,13.804
279.98,58.309,28.793,13.733
281.83,59.284,29.01,13.545
282.56,59.464,28.896,13.576
282.41,59.714,28.847,13.631
282.86,59.885,28.851,13.565
282.14,60.096,28.79,13.52
281.38,59.678,28.811,13.503
283.26,59.555,28.605,13.636
282.85,60.302,28.716,13.581
282.83,60.012,28.627,13.503
282.96,59.831,28.685,13.524
283.15,59.504,28.345,13.528
282.29,58.688,28.322,13.506
283.69,59.696,27.961,13.653
283.72,60.299,27.908,13.49
283.91,59.816,27.894,13.274
283.16,59.893,28.023,13.2
283.66,60.028,28.158,13.092
283.47,59.179,28.197,13.012
283.11,58.823,28.305,13.11
283.12,59.751,28.587,13.069
282.67,60.297,28.98,12.941
282.31,59.364,28.788,12.934
282.4,59.383,28.565,12.935
282.53,60.536,28.566,13.056
282.81,60.157,28.358,13.069
282.91,60.388,28.212,13.094
282.25,60.797,28.029,13.203
282.95,61.223,27.745,13.218
282.67,61.1,27.495,13.156
283.57,60.574,27.171,13.183
285.03,60.937,27.08,12.984
285.24,61.546,26.976,12.84
286.05,61.147,26.843,12.73
287.65,61.13,26.777,12.619
287.3,61.083,26.596,12.495
289.41,61.177,26.45,12.508
291.58,61.692,26.532,12.581
293.38,61.64,26.749,12.578
295.05,61.499,26.889,12.591
295.92,61.163,26.966,12.616
295.81,60.88,26.932,12.59
295.71,60.596,26.893,12.568
295.44,60.744,26.883,12.673
298.36,60.715,26.997,12.734
297.96,60.757,26.92,12.813
297.53,61.141,26.755,12.843
297.45,61.188,26.751,12.87
297.05,61.42,26.612,12.913
297,61.741,26.632,12.993
297.46,61.425,26.813,12.984
297.82,61.391,26.899,12.944
299.11,61.097,26.928,12.905
298.69,60.817,26.864,12.833
300.11,61.032,26.952,12.856
300.66,61.39,26.883,12.921
302.05,61.308,26.727,12.938
302.71,61.35,26.596,13.084
303.89,61.128,26.355,13.132
303.35,61.239,26.368,13.169
305.48,61.252,26.326,13.216
306,61.753,26.292,13.233
305.62,61.638,26.493,13.12
305.75,61.447,26.734,13.011
304.8,61.793,26.821,13.021
304.34,62.208,27.147,13.023
304.19,62.062,27.347,13.021
304.24,62.535,27.469,13.071
304.01,62.274,27.779,13.061
302.27,62.341,27.92,12.849
301.42,62.01,28.496,12.87
300.93,61.287,29.006,12.904
301.04,60.851,29.301,13.018
298.66,61.962,29.715,13.065
296.63,62.061,30.199,13.01
293.79,61.333,30.463,13
292.07,61.295,30.559,12.943
290.43,62.212,30.77,13.114
291.12,62.63,30.923,13.162
290.52,63.597,31.182,13.213
290.86,62.971,31.125,13.349
290.86,61.585,31.221,13.445
290.17,60.794,31.194,13.631
291.39,61.231,31.335,13.72
291.11,61.472,31.528,13.752
291.03,61.222,31.583,13.975
290.62,59.901,31.555,14.152
289.98,59.887,31.639,14.102
289.97,59.985,31.83,14.036
289.35,58.996,31.832,14.196
289.27,59.276,31.886,14.128
287.22,58.724,31.942,14.166
287.16,58.283,31.896,14.253
287.17,59.065,31.669,14.32
286.75,59.443,31.483,14.329
287.47,58.721,31.627,14.313
287.51,58.262,31.709,14.342
287.14,58.633,31.636,14.436
286.98,57.818,31.764,14.498
286.84,57.406,31.782,14.626
288.96,58.145,31.719,14.868
289.45,58.807,31.801,14.776
288.76,58.909,31.971,14.697
289.67,58.406,32.036,14.612
290.82,58.731,31.913,14.617
291.56,58.697,31.96,14.615
291.71,59.207,32.057,14.593
291.61,59.382,32.177,14.881
291.2,59.459,32.364,14.988
291.11,58.961,32.558,15.078
290.9,58.925,33.235,14.97
290.86,59.064,33.852,14.991
291.97,58.963,34.296,14.984
291.49,59.35,34.94,14.938
291.8,59.341,35.331,14.924
292.55,58.663,35.395,15.134
292.81,59.678,35.884,15.353
292.25,60.749,36.314,15.441
291.48,61.292,36.838,15.207
291.44,61.063,36.834,15.268
291.41,60.82,36.82,15.326
291.73,59.98,36.758,15.356
292.28,60.221,36.545,15.459
292.98,60.87,36.381,15.455
292.13,60.901,36.236,15.545
292.43,60.261,36.015,15.558
292.93,59.735,35.917,15.65
294.76,61.294,35.8,15.64
293.67,62.275,35.714,15.497
293.62,62.146,35.585,15.508
293.92,61.535,35.328,15.54
293.81,61.337,35.118,15.608
294.26,61.798,35.021,15.766
294.12,62.366,35.295,15.665
294.32,62.181,35.358,15.606
293.61,62.667,34.902,15.663
294.23,61.399,34.614,15.657
293.94,61.118,34.262,15.771
297.2,62.142,33.849,15.737
297.6,62.147,33.637,15.56
298.73,61.496,33.514,15.576
299.21,61.209,33.182,15.905
300.68,62.059,32.953,15.959
301.15,62.334,32.855,15.905
303.07,61.548,32.641,15.653
304.28,61.549,32.499,15.584
303.93,61.079,32.294,15.623
305.25,60.458,32.056,15.576
305.87,60.013,31.959,15.567
306,60.567,32.064,15.464
305.01,60.546,31.946,15.361
305.99,59.592,31.999,15.221
304.88,59.752,32.095,15.316
305.69,60.681,32.057,15.608
305.27,61.234,32.35,15.666
305.37,61.499,32.614,15.688
303.19,60.478,32.774,15.903
302.59,59.77,33.06,16.163
301.98,59.45,33.435,16.446
301.48,59.6,33.661,16.685
301.23,60.158,33.897,16.784
300.97,60.206,34.288,16.771
301.37,58.898,34.139,16.973
302.07,58.976,34.25,16.87
302.03,59.231,34.514,16.876
301.37,59.713,34.673,16.869
301.74,59.526,34.795,16.728
301.04,59.959,34.939,16.605
301.08,59.901,34.937,16.514
301.12,59.825,34.84,16.55
301.02,59.944,34.916,16.54
300.8,60.089,35.071,16.619
300.8,60.219,35.24,16.681
301.91,59.946,35.231,16.776
302.08,60.234,35.198,16.911
302.25,60.083,34.964,16.934
302.71,60.106,34.783,16.89
302.87,60.381,34.582,16.897
303.1,60.553,34.417,16.983
303.36,60.085,34.335,17.077
304.86,60.202,34.256,17.191
306.07,60.718,34.369,17.329
306.1,60.495,34.465,17.329
307.32,59.686,34.38,17.537
307.01,60.04,34.508,17.559
307.53,59.721,34.67,17.557
309.83,59.781,34.393,17.699
310.76,59.237,34.631,17.617
311.52,59.162,34.704,17.619
312.46,60.26,34.618,17.719
312.91,60.637,34.684,17.834
312.53,61.048,34.869,17.895
312.61,60.478,34.972,17.891
312.19,60.575,34.946,17.876
311.91,60.209,35.148,17.878
312.08,60.632,35.072,17.977
311.32,60.318,35.476,18.021
310.72,60.32,35.712,18.021
309.52,60.359,35.841,18.232
308.89,60.683,36.038,18.213
308.15,60.261,36.134,18.327
307.14,60.299,36.264,18.405
306.36,59.621,36.379,18.563
305.8,59.252,36.455,18.685
305.47,58.871,36.63,18.741
305.05,59.581,36.684,18.974
304.62,59.572,36.989,18.989
305.98,59.01,37.022,19.113
306.54,58.595,37.043,19.21
305.55,58.418,37.022,19.256
306.16,58.629,36.963,19.179
306.17,59.012,37.026,19.098
306.43,59.42,37.187,18.946
306.09,60.464,37.44,18.813
306.07,59.865,37.227,19.064
306.62,59.628,36.84,19.191
306.68,60.13,36.782,19.474
307.12,60.095,36.82,19.594
307.31,59.952,37.17,19.675
307.29,59.875,37.371,19.706
307.34,60.451,37.592,19.743
307.2,60.556,37.716,19.786
306.18,60.865,38.092,19.852
306.49,60.936,38.341,19.842
305.71,60.688,38.569,19.929
305.76,60.4,38.773,20.15
305.31,60.82,38.808,20.421
304.74,60.615,38.888,20.624
303.51,60.251,38.892,20.828
303.97,59.477,38.78,21.045
302.64,59.791,38.855,21.277
300.65,60.865,38.778,21.467
298.84,61.322,38.827,21.764
299.06,61.089,38.828,21.842
297.06,59.979,39.058,21.926
294.53,59.614,39.237,22.037
293.54,59.628,39.211,22.289
292.52,59.744,39.22,22.562
291.3,60.026,39.259,22.508
291,60.136,39.183,22.549
288.71,60.424,39.181,22.624
288.46,60.574,39.093,22.787
287.36,60.931,39.177,22.871
286.95,60.487,39.26,22.923
286.11,60.6,39.316,22.987
286.43,60.031,39.255,23.079
285.24,61.156,39.247,23.049
286.47,60.451,40.532,22.722
286.3,59.691,41.384,22.439
285.41,59.296,42.308,22.345
286.29,61.183,41.795,22.515
286.39,62.211,41.863,22.531
288.79,56.988,42.042,22.584
289.6,56.521,42.119,22.858
289.36,56.902,42.192,23.086
289.94,57.237,42.332,23.263
290.19,58.448,42.021,23.537
290.22,58.409,42.398,23.626
292.4,58.121,42.736,23.682
293,58.416,42.804,23.888
293.79,58.368,42.891,24.029
293.61,58.286,43.531,24.228
293.93,58.093,44.153,24.483
293.43,58.506,44.478,24.722
293.99,58.821,44.644,24.907
294.52,58.661,45.177,24.948
295.01,58.49,45.623,25.122
295.44,58.618,45.855,25.342
295.43,59.757,45.959,25.439
295.67,60.08,46.251,25.559
295.62,59.999,46.652,25.858
297.8,60.474,47.467,25.941
297.56,60.303,48.334,26.32
297.73,59.889,49.223,26.713
297.92,59.646,49.995,27.063
298.34,59.188,50.573,27.577
298.17,58.872,51.217,27.998
298.51,59.119,51.693,28.215
299.8,59.4,51.873,28.411
300.12,59.643,52.019,28.634
300.94,59.847,52.347,28.969
301.95,59.768,52.504,29.315
302.64,60.064,52.676,29.619
303.92,60.105,53.568,29.993
304.12,59.795,54.457,30.324
304.45,60.147,55.565,30.719
304.7,60.326,56.799,30.988
305.19,60.345,57.917,31.407
305.35,60.28,59.051,31.905
309.26,60.406,60.055,32.467
309.74,60.609,61.155,32.998
310.77,60.999,62.435,33.581
311.81,60.791,63.502,34.534
312.86,60.431,64.004,35.755
314.21,58.838,63.562,38.086
315.67,58.881,64.59,38.627
315,58.71,65.369,39.004
314.14,58.484,66.417,39.47
313.77,58.144,67.522,40.304
312.93,58.445,68.6,40.862
312.49,58.434,69.484,41.411
311.42,58.997,70.763,41.794
310.62,59.35,71.888,42.331
309.02,59.491,72.748,42.859
309.06,59.845,73.537,43.258
309.04,60.198,74.212,43.733
308.53,60.247,75.272,44.38
309.25,61.247,75.437,44.425
310.34,61.897,75.663,44.654
311.74,62.274,76.521,44.995
313.82,63.108,77.326,45.151
315.17,64.224,78.473,45.286
315.65,64.957,79.771,45.44
317.61,64.426,81.062,46.138
319.61,64.734,82.551,46.747
320,65.392,84.225,47.113
320.7,66.06,85.785,47.48
321.7,65.981,86.513,48
321.8,65.8,87.469,48.543
323.96,65.801,89.186,49.482
325.59,65.94,90.57,50.382
326.75,65.655,91.349,51.058
328.62,65.41,92.305,51.795
330.01,64.793,93.012,52.567
330.63,64.913,93.641,53.027
331.67,64.51,94.37,53.643
332.55,63.569,94.817,54.456
332.33,62.562,95.672,55.445
330.88,62.323,96.695,56.068
329.49,61.803,97.29,56.764
329.52,61.161,97.613,57.602
327.51,61.527,99.145,57.867
324.92,61.839,100.46,58.427
322.23,62.046,101.62,58.977
319.95,62.398,103.03,59.44
320.09,62.627,104.13,59.678
318.52,62.401,105.26,60.025
317.79,62.586,106.48,60.112
317.48,62.249,107.75,60.006
318.92,61.87,108.82,59.786
320.37,60.88,109.66,59.578
321.68,60.037,110.08,59.411
321.57,59.941,110.69,59.196
322.12,58.35,111.73,59.004
322.18,57.434,112.79,58.911
322.28,57.725,113.53,58.715
321.98,58.168,114.71,58.419
321.62,58.402,115.08,58.278
320.61,58.597,115.86,58.005
318.91,58.032,115.87,58.33
316.58,57.962,116.45,58.977
314.62,58.411,117.26,59.374
312.54,58.15,118.02,59.106
310.88,58.509,118.53,59.185
310.31,58.198,118.97,59.297
307.94,60.083,119.92,59.693
303.69,62.902,121.31,60.292
298.75,65.139,122.29,60.473
294.19,65.816,123.78,60.329
289.95,66.384,124.59,60.498
287.15,65.825,125.36,60.449
283.57,66.547,126.59,60.997
280.3,67.611,128.42,61.502
275.7,68.937,129.5,61.827
271.05,69.005,130.84,62.037
265.8,68.486,131.15,62.6
262.83,67.938,130.97,63.121
260.09,68.038,130.13,62.834
259.48,67.942,129,62.737
259.02,68.587,128.31,62.208
256.83,67.236,127.59,61.964
254.61,67.587,127.54,61.828
253.93,67.813,127.19,61.648
249.06,67.446,125.64,60.89
246.81,68.084,125.29,59.706
243.8,68.283,124.44,59.267
239.11,67.46,123.14,59.258
238.23,67.105,122.12,59.356
232.76,65.969,121.17,59.148
227.29,64.979,121.02,58.989
222.68,64.65,119.77,59.076
217.11,63.498,118.94,58.674
211.54,62.597,117.78,58.249
211.39,61.304,116.25,58.613
203.87,60.798,114.73,58.341
197.03,60.528,114.75,57.803
191.67,60.7,114.15,57.314
181.8,61.173,114.34,56.803
173.52,54.33,113.81,57.304
169.13,55.616,112.89,58.139
157,57.193,108.04,61.825
141.4,57.957,107.99,60.399
123.38,60.07,109.48,58.442
116.83,62.242,109.11,57.04
118.68,62.97,109.29,56.219
118.83,63.29,109.43,55.489
119.15,63.348,109.3,54.851
119.28,63.287,109.15,54.611
119.81,63.267,109.3,54.259
119.54,63.551,109.49,53.814
121.12,63.71,109.59,53.607
115.75,63.975,108.34,53.569
118.94,63.227,108.36,53.24
121.76,62.942,109.33,52.67
125.25,62.474,110.15,52.14
120.32,62.862,110.86,52.255
125.28,63.052,112.12,51.689
142,60.886,110.61,52.126
139.41,59.438,110.48,51.824
136.57,58.128,110.2,51.922
143.83,57.262,108.87,51.982
140.9,56.765,108.25,51.825
146.69,56.766,107.39,51.765
145.6,56.571,106.89,51.634
144.66,55.98,105.89,51.77
144.74,56.221,104.95,51.494
145.86,56.008,104.41,51.225
146.87,55.47,104.37,50.903
148.16,55.037,104.45,50.479
148.77,54.634,104.64,49.939
160.06,51.799,104.53,49.875
161.63,51.008,105.23,49.338
163.72,50.942,106.07,48.734
167.23,50.63,105.9,48.53
173.75,50.776,104.48,48.325
179.17,51.085,102.43,48.428
186.65,50.388,101.22,48.855
190.9,51.71,100.79,48.307
194.86,52.767,100.48,47.982
196.94,53.983,100.78,47.501
197.01,54.781,101.95,47.109
197.46,55.052,102.53,46.88
198.12,56.684,104.44,46.82
207.21,57.933,105.31,46.906
207.72,59.449,106.98,47.082
209.75,60.564,107.91,47.239
212.41,60.598,109.52,47.489
214.22,60.52,110.71,47.626
217.06,59.146,110.97,47.804
220.43,58.472,110.97,48.187
224.6,57.667,110.83,48.804
226.26,57.737,110.68,48.574
229.33,57.506,109.76,48.414
231.24,57.733,108.5,48.435
236.17,57.584,107.08,48.313
239.19,56.969,105.31,48.982
239.8,57.321,104.06,49.535
239.46,56.993,103.42,49.679
239.16,57.617,102.57,50.13
239.23,58.2,101.87,50.339
235.06,60.193,101.86,50.593
231.59,60.965,102.16,50.001
228.53,61.33,101.27,49.591
227.2,60.633,100.5,49.214
226.64,60.545,99.689,48.902
226.92,61.128,98.624,48.74
225.42,60.604,97.165,48.544
223.74,60.869,95.505,48.002
223.21,61.014,94.346,47.308
223.2,60.891,93.241,46.696
223.04,60.698,92.032,46.186
222.57,60.469,89.935,45.801
223.87,59.789,87.991,45.738
225.03,59.329,86.072,45.656
226.16,59.238,83.508,45.715
227.3,59.666,81.462,45.692
228.19,59.831,79.959,45.41
228.14,60.39,79.04,44.937
227.93,60.738,78.126,44.559
227.5,60.641,77.349,43.974
226.77,60.31,76.227,43.69
226.85,60.768,75.011,43.536
226.92,60.741,73.776,43.354
226.28,61.154,72.755,43.137
226.54,60.903,71.811,42.673
226.76,60.662,71.52,42.193
228.38,61.106,70.681,41.667
230.22,61.323,70.133,41.08
231.79,61.055,70.038,40.352
234.16,60.88,69.532,39.711
234.35,61.214,69.321,39.069
242.33,61.364,67.313,38.805
245.97,61.76,66.731,38.284
249.9,61.751,66.406,37.957
252.7,61.617,65.947,37.697
256.92,61.367,65.422,37.278
257.92,61.024,65.121,36.881
263.9,61.586,63.903,36.407
267.02,61.681,62.944,35.709
268.26,62.1,62.371,34.902
269.08,61.74,61.834,34.169
268.85,61.454,61.492,33.27
268.8,61.521,60.984,32.567
267.39,62.5,60.308,32.088
265.02,62.869,60.053,31.337
263.84,63.091,59.522,30.781
262.77,63.953,58.858,30.378
263.21,64.058,58.366,29.777
263.35,64.058,57.863,29.305
263.99,63.264,57.487,28.906
264.29,63.057,56.983,28.608
265.28,63.338,56.301,28.593
266.12,63.165,55.828,28.41
267.12,63.066,55.197,28.425
267.7,62.784,54.772,28.196
267.47,63.049,54.461,28.293
270.16,62.928,53.955,28.058
271.7,62.795,53.77,27.797
272.7,62.517,53.64,27.507
274.05,62.242,53.02,27.453
274.95,62.232,52.542,27.528
277.03,62.25,52.208,27.488
277.88,62.518,51.901,27.476
278.92,62.441,51.725,27.339
279.55,61.846,51.835,27.156
281.14,61.704,51.644,26.98
281.56,61.206,51.735,26.802
283.88,61.281,51.09,26.952
286.32,61.255,50.677,26.806
287.43,60.854,50.421,26.942
289.46,60.179,50.144,27.097
290.7,60.101,49.828,27.291
290.96,59.999,49.703,27.39
294.15,60.636,49.199,27.413
295.27,60.576,48.895,27.391
296.51,60.09,48.619,27.477
297.45,59.895,48.672,27.445
298.63,59.806,48.638,27.418
298.82,59.742,48.734,27.333
299.22,59.627,48.638,27.354
298.57,59.264,48.53,27.287
298.5,58.632,48.304,27.358
298.06,58.881,48.251,27.147
297.52,58.569,48.287,26.875
297.4,58.405,48.107,26.696
296.38,58.371,48.029,26.529
295.32,59.14,48.09,26.437
295.07,59.127,47.883,26.375
295.18,59.158,47.763,26.314
296.48,60.233,47.391,26.225
296.67,60.248,47.316,26.117
297.64,59.658,47.181,26.125
297.85,59.611,47.221,25.995
298.84,59.021,47.215,25.908
299.16,59.426,47.102,25.716
299.07,60.998,47.086,25.376
299.85,61.239,46.922,25.309
300.26,60.204,47.219,25.223
300.54,60.196,47.407,25.069
299.93,60.531,47.29,24.932
299.77,60.677,47.288,24.753
300.63,60.172,47.127,24.705
299.87,59.986,46.907,24.653
299.78,60.335,46.774,24.533
299.71,59.717,46.615,24.566
299.47,59.444,46.2,24.486
299.35,59.551,45.928,24.421
298.91,60.097,45.797,24.41
298.62,60.213,45.607,24.466
299.04,60.419,45.275,24.509
298.53,60.266,44.984,24.431
298.4,60.189,44.756,24.43
298.12,60.089,44.7,24.511
298.82,59.48,44.236,24.724
298.6,59.155,44.157,24.742
297.67,58.535,44.378,24.496
297.75,58.516,44.075,24.546
297.82,58.476,43.99,24.617
297.74,58.221,43.87,24.533
297,58.095,43.777,24.415
296.88,57.772,43.655,24.421
295.4,58.043,43.571,24.465
295.41,57.915,43.2,24.644
295.41,58.257,42.96,24.555
295.22,58.359,42.697,24.492
295.01,58.767,42.508,24.482
295.25,58.657,42.364,24.525
295.85,58.51,42.19,24.523
296.22,58.249,41.969,24.477
296.34,57.946,41.92,24.353
296.37,57.608,41.893,24.286
296.29,58.273,41.779,24.065
296.78,58.494,41.646,23.956
297.29,58.799,41.602,23.798
297.43,58.776,41.586,23.636
297.84,58.747,41.486,23.515
298.42,58.424,41.443,23.438
298.58,59.208,41.279,23.397
299.11,58.995,41.21,23.409
299.29,58.417,41.291,23.341
299.27,58.516,41.258,23.302
300.19,57.999,41.144,23.409
299.79,58.181,41.272,23.343
299.39,57.97,41.359,23.319
299.7,57.283,41.297,23.336
299.61,58.639,41.092,23.441
299.07,58.989,41.214,23.562
299.21,58.851,41.048,23.677
299.35,58.732,40.978,23.701
299.24,58.439,40.973,23.691
298.72,58.928,40.919,23.708
299.2,58.228,40.864,23.814
298.07,58.209,41.194,23.899
298.69,57.533,41.19,24.036
297.88,57.737,41.255,24.026
298.02,57.852,41.148,24.121
298.05,58.011,41.075,24.183
297.99,57.409,41.176,24.103
297.81,57.649,41.208,24.027
297.5,57.671,41.244,24.097
297.31,57.469,41.328,24.18
297.62,57.089,41.366,24.317
297.52,57.243,41.34,24.312
297.84,57.672,41.132,24.392
297.6,58.197,41.191,24.462
297.73,58.452,41.126,24.528
298.08,58.042,41.247,24.508
297.5,57.738,41.532,24.59
297.73,57.125,41.526,24.645
297.4,57.337,41.555,24.644
296.84,57.79,41.651,24.533
297.04,57.155,41.796,24.678
296.98,57.211,41.811,24.755
296.52,56.858,41.92,24.851
297.01,56.831,41.743,24.741
297.3,58.132,41.636,24.738
296.23,58.652,42.023,24.855
296.27,57.932,42.386,25.024
295.94,57.307,42.591,25.043
295.95,56.971,42.543,25.12
295.64,56.76,42.582,25.134
295.51,57.374,42.329,25.149
294.77,57.614,42.552,25.037
294.03,57.278,43.021,25.021
293.24,57.119,43.428,25.065
293.86,57.302,43.232,25.13
293.03,57.77,43.341,25.106
293.24,57.915,43.18,25.335
292.93,58.606,43.122,25.415
291.97,58.589,43.433,25.36
290.9,58.872,43.538,25.215
290.54,58.97,43.691,25.184
290.7,57.831,44.102,25.154
289.12,57.494,44.552,25.062
288.13,57.276,44.746,25.011
288.52,57.594,44.332,25.39
287.46,58.421,44.273,25.46
287.5,58.538,44.322,25.643
286,58.236,45.023,25.403
285.54,58.426,45.321,25.463
285,58.332,45.75,25.586
284.61,57.76,46.029,25.795
283.08,58.125,46.353,25.922
283.09,58.096,46.444,26.035
281.58,57.828,46.998,25.947
280.81,57.76,47.213,26.022
281.18,58.206,46.999,26.398
281.1,58.763,47.038,26.561
280.59,59.238,47.514,26.421
280.49,59.011,47.964,26.518
279.91,58.632,48.494,26.441
280.01,58.645,48.712,26.483
280.42,59.385,48.846,26.416
279.78,59.389,49.251,26.366
279.49,59.639,49.45,26.309
279.62,59.467,49.621,26.367
280.42,59.038,49.48,26.488
279.34,59.168,49.952,26.501
278.01,59.619,50.234,26.594
277.13,61.165,50.523,26.706
277.38,61.079,50.724,26.749
276.81,60.682,51.148,26.9
276.63,60.559,51.443,27.046
275.46,61.176,51.948,27.122
275.48,61.067,52.211,27.251
275.39,60.911,52.299,27.487
275.3,60.949,52.371,27.831
275.09,60.971,52.393,28.104
274.55,60.775,52.648,28.269
273.84,60.423,53.447,28.365
273.79,60.742,53.724,28.51
273.73,61.017,54.22,28.372
275.31,60.054,54.565,28.318
275.86,59.774,54.847,28.447
276.23,59.588,54.875,28.557
276.79,57.826,55.244,28.638
277.46,57.089,55.464,28.832
279.1,56.88,54.813,29.234
279.53,57.607,54.391,29.526
280.81,58.072,54.088,29.754
281.24,57.825,54.049,30.014
283.38,57.389,53.833,30.195
285.17,57.546,53.842,30.302
286.35,56.971,54.294,30.353
287.64,56.839,54.488,30.314
289.77,57.034,54.076,30.423
290.55,57.044,53.985,30.481
292.54,57.003,53.665,30.599
293.32,57.3,53.748,30.651
294.95,57.276,53.483,30.784
296.23,57.399,53.5,30.974
297.19,57.242,53.552,31.243
297.16,56.841,53.617,31.638
297.97,56.732,53.901,31.684
298.59,56.898,53.874,31.783
297.92,56.975,54.03,31.911
297.88,57.113,54.068,31.917
297.41,57.669,53.777,31.983
297.34,57.716,53.746,32.025
296.96,58.143,53.631,32.042
296.11,58.688,53.823,31.954
296.12,58.265,54.155,32.213
295.35,58.091,54.644,32.462
294.76,58.451,54.846,32.58
294.73,58.181,54.928,32.836
294.14,57.751,55.501,32.889
293.75,57.449,55.972,33.057
292.3,57.883,56.431,33.2
292.84,58.441,56.179,33.324
292.41,59.268,56.329,33.292
292.01,60.122,56.315,33.273
292.34,60.775,56.85,33.251
292.44,61.563,57.644,33.357
293.49,61.847,58.451,33.496
292.16,61.692,59.944,33.643
292.42,61.53,60.771,34.099
292.13,61.144,61.642,34.465
292.19,61.746,62.04,34.765
292.31,61.701,62.672,35.261
292.76,61.834,63.36,35.704
293.65,61.446,64.243,36.193
294.13,61.279,65.079,36.634
294.52,61.381,65.694,37.012
295.07,61.431,66.226,37.429
295.12,61.147,67.506,37.894
294.76,60.914,68.696,38.403
