864,135,113,50
865.54,134.9,111.98,49.677
865.68,134.91,110.89,49.316
866.87,135.34,110,49.107
867.82,135.82,109.22,48.917
866.88,135.43,108.74,48.712
867.65,136.03,108.16,48.577
867.46,136.13,107.64,48.389
867.51,135.87,107.49,48.188
868.69,136.21,107.26,47.99
867.99,135.72,106.59,48.022
868.9,135.99,106.56,47.879
869.1,136.24,105.72,48.088
869.23,136.25,105.5,48.051
869.42,136.33,105.28,47.994
868.68,135.86,105.01,47.992
869.18,136.43,104.94,47.892
869.38,136.36,104.74,47.916
869.52,136.28,104.59,47.915
870.26,136.14,104.05,47.936
869.7,135.55,103.61,47.917
870.04,135.34,103.12,47.976
871.09,135.65,102.88,47.979
871.3,136.01,102.41,48.053
870.72,135.94,102.21,48.092
870.71,135.93,102.28,48.009
870.87,135.91,102.34,47.969
870.63,135.99,102.65,47.876
870.51,136.05,102.89,47.796
870.42,136.1,103.12,47.759
870.96,136.61,103.48,47.737
870.28,136.18,103.54,47.706
869.71,135.79,103.62,47.659
869.84,135.83,103.5,47.702
870.57,136.49,103.36,47.787
869.54,137.45,102.84,48.058
870.22,137.73,103.33,47.963
869.18,137.36,103.32,47.911
869.35,137.35,103.31,47.937
869.98,137.99,103.22,47.882
869.05,138.07,103.46,47.903
867.57,137.21,103.7,47.909
868.57,137.58,104.26,47.793
867.99,137.59,104.05,47.953
866.07,137.61,104.37,47.968
865.14,136.92,105.81,47.675
865.79,137.56,105.99,47.634
865.4,138.49,105.51,47.819
864.6,138.11,105.82,47.732
863.85,137.72,106.56,47.511
863.59,137.03,106.59,47.551
864.63,137.64,106.29,47.603
863.62,137.57,105.85,47.731
862.95,136.96,105.57,47.999
863.07,136.76,105.87,47.944
862.71,136.72,106.23,48.011
862.77,137.02,106.29,47.906
862.23,136.55,105.9,48.097
860.59,135.96,105.66,48.214
859.85,135.64,105.24,48.242
860.76,136.05,105.07,48.158
858.06,135.07,105.23,48
858.42,135.15,105.52,47.683
857.06,135.81,104.85,47.568
857.67,135.33,104.97,47.286
855.53,136.17,105.15,47.095
855.93,136.38,105.39,46.902
855.2,136.27,105.7,46.803
853.49,135.98,105.75,46.879
852.03,136.37,106.08,46.762
850.25,136.06,106.22,46.462
850.33,136.8,106.25,46.111
849.87,137.03,106.37,45.915
849.07,137.56,106.8,46.172
848.7,136.84,106.8,46.158
846.81,136.7,106.76,46.295
844.73,136.87,107.22,46.063
843.81,137.24,106.74,46.01
844.33,137.3,106.78,45.783
841.74,136.42,106.3,45.879
840.04,136.95,106.15,45.993
837.32,137.01,105.76,46.028
834.76,136.48,105.5,46.02
831.39,136.5,105.49,45.872
830.5,136.76,106.26,45.588
827.2,137.03,106.27,45.522
824.14,136.67,106.59,45.288
822.77,136.91,106.32,45.369
819.16,138.19,105.69,45.006
815,136.67,105.65,45.096
814.9,136.71,105.38,45.259
811.34,137.44,105.06,44.943
805.37,137.9,104.03,44.932
801.83,137.55,103.54,44.69
797.21,134.79,102.66,44.863
793.92,133.84,101.97,44.988
793.87,134.56,101.44,44.949
790.75,133.37,100.52,44.996
787.94,132.03,99.712,45.01
782.93,133.21,100.1,44.737
780.55,134.3,100.27,44.345
778.07,134.72,100.35,44.01
776.59,134.79,100.47,43.694
775.31,133.11,100.1,43.961
770.48,133.51,100.02,43.474
768.97,133.8,99.661,43.007
766.98,133.65,98.983,43.003
765.87,134.14,98.239,42.993
765.32,134.28,97.808,42.97
762.73,133.8,96.993,43.24
759.03,132.37,96.011,43.256
755.96,133.99,95.716,42.948
752.5,135.31,95.552,42.312
750.53,133.43,94.746,42.23
750.94,133.24,94.302,42.162
749.23,133.44,93.801,41.901
747.39,133.76,93.256,42.16
742.99,133.01,92.719,42.433
738.82,134.41,93.293,42.106
736.76,133.37,92.776,42.514
735.31,132.61,92.891,42.795
734.37,131.32,91.913,42.854
731.47,132.69,90.902,43.198
728.92,132.28,90.542,43.245
726.41,131.57,89.719,43.278
724.59,131.09,89.565,42.81
723.94,131.03,89.061,42.548
721.41,130.61,89.006,42.274
718.48,132.01,89.268,42.055
716.22,131.72,89.103,41.883
713.48,131.22,88.382,41.78
710.61,131.23,88.443,41.717
709.18,131.63,88.73,41.584
706.64,132.39,88.706,41.634
703.42,132.54,89.26,41.526
699.37,130.93,90.216,41.362
697.38,131.54,90.89,41.273
694.64,132.56,91.161,41.276
694.04,132.62,91.199,41.19
692.39,131.9,91.111,41.306
692.05,131.26,90.908,41.079
692.27,131.91,90.167,41.022
692.56,131.91,89.774,41.102
691.1,131.37,90.119,40.91
690.08,131.48,90.279,40.824
691.19,130.31,90.287,41.057
691.48,130.23,89.872,41.545
691.29,129.95,89.944,41.722
691,129.71,90.052,41.867
690.99,129.99,89.331,42.312
690.95,129.8,89.182,42.449
690.3,129,89.432,42.609
689.7,129.45,89.011,42.967
688.01,130.61,89.021,43.243
686.07,131.14,89.742,43.543
684.37,130.57,89.883,43.385
683.07,130.13,90.376,43.184
680.93,129.08,90.509,42.883
677.7,128.97,90.453,42.901
673.76,128.85,91.168,42.977
670.53,128.74,92.396,43.066
667.34,128.77,93.696,43.284
666.11,128.18,93.953,43.563
666.22,127.71,94.165,43.545
666.22,129.06,94.273,43.733
665.43,129.53,94.558,43.546
663.28,128.68,94.619,43.262
663.47,128.49,94.834,43.407
663.26,128.54,94.678,43.492
662.26,130.13,94.693,43.285
660.93,130.07,94.402,43.16
658.88,129.25,94.346,43.074
656.03,127.92,93.904,43.338
652.38,128.93,94.281,43.004
651.05,129.72,94.631,42.762
649.58,130.23,94.718,42.497
646.39,129.63,95.046,41.999
643.01,128.9,95.331,41.6
638.25,127.69,95.257,41.075
634.81,127,95.375,41.263
631.93,126.5,96.415,41.182
630.16,128.08,96.848,41.108
627.28,125.74,96.095,41.44
626.15,126.9,95.662,41.672
625.32,129.03,94.829,42.026
624.3,127.52,94.599,42.162
623.42,127.63,94.607,42.018
621.2,126.77,94.465,42.164
620.04,128.05,94.862,42.27
619.67,127.12,93.94,42.185
618.89,127.03,93.511,42.343
617.39,127.49,92.754,42.221
616.8,128.07,92.241,42.092
616.4,126.92,91.538,42.08
615.23,126.65,91.446,42.067
613.81,126.83,91.068,42.132
612.78,127.31,91.458,42.171
610.7,126.9,91.718,41.67
609.13,126.63,91.815,41.48
608.18,127.02,92.772,41.556
607.55,126.49,93.446,41.441
607.05,125.4,93.205,41.609
607,125.97,93.446,42.05
605.83,126.98,93.707,42.182
604.85,127.34,94.188,42.01
604.98,127.51,94.213,41.88
605.53,128.05,94.148,41.883
606.62,128.65,93.92,41.896
606.46,128.18,94.574,41.578
607.27,128.15,94.846,41.287
607.78,127.85,94.782,41.228
607.74,127.92,94.854,41.327
607.58,126.95,95.61,41.188
607.28,126.75,96.543,41.038
606.79,127.28,97.044,41.228
606.12,127.2,98.132,41.342
605.49,127.09,99.03,41.501
605.18,126.27,99.783,41.636
603.9,125.29,100.79,41.718
602.99,125.97,101.9,42.248
602.51,126.57,102.81,42.808
602.11,125.85,103.78,42.886
600.99,124.85,104.11,43.183
606.68,124.53,103.26,43.643
604.18,124.78,103.49,43.678
601.7,123.89,103.93,43.432
599.04,123.37,103.81,43.631
596.17,123.42,103.85,43.729
595.46,123.53,103.7,43.747
593.4,121.98,103.76,43.686
589.22,120.86,103.84,43.628
587.87,121.31,103.65,43.65
586.28,122.26,104.28,43.425
584.94,123.57,105.27,43.317
584.24,123.65,106.32,43.093
586.59,124.46,106.61,42.933
587.14,125.27,106.67,43.026
586.79,126.58,106.8,42.939
586.18,126.56,108.17,42.9
592.11,125.95,106.7,42.867
590.64,126.07,106.4,42.949
589.96,126.73,106.76,42.86
589.67,127.69,107.89,42.739
588.46,128.26,108.88,42.735
594.1,127.6,107.53,42.742
591.9,126.93,107.9,42.795
589.98,126.75,108.93,42.982
595.31,126.75,107.44,43.031
593.23,126.62,108.06,43.263
590.77,125.29,109.04,42.897
595.15,123.63,108.74,42.544
593.01,125.23,109.07,42.807
585.76,127.07,112.16,42.044
590.18,127.94,113.33,42.227
593.73,126.62,113.29,42.059
591.02,127.66,114.08,42.291
587.49,129.17,114.8,42.619
578.78,128.74,119.14,41.674
579.82,128.6,121.84,41.16
571.33,128.3,125.35,41.003
571.71,130.05,128.22,40.967
571.98,130.72,131.19,40.871
560.48,129.43,134.76,40.871
559.31,128.26,137.29,41.327
557.65,127.22,139.52,41.794
548.22,127.24,141.86,42.667
541.83,126.04,143.4,43.448
536.4,126.73,145.23,44.315
529.59,127.82,147.15,44.933
522.65,127.47,149.24,45.568
515.73,127.27,151.7,46.295
512.84,126.67,152.55,47.314
509.91,126.49,153.22,48.002
510.57,125.78,151.8,48.619
512.23,125.9,149.46,49.269
513.93,122.99,144.21,51.524
514.06,121.75,139.77,52.98
516.86,120.42,136.5,54.211
520.09,120.25,132.92,55.015
525.5,119.72,129.68,55.486
537.08,121.03,128.75,55.282
540.45,123.42,126.77,55.103
542.04,124.2,125.55,54.837
544.74,123.33,123.21,54.662
549.13,123.31,120.55,54.27
553.64,123.84,118.33,53.642
556.78,124.54,116.65,53.113
560.59,125.16,114.89,52.578
561.27,125.36,114.47,52.149
562.76,126.39,113.75,52.007
563.89,127.35,112.79,52.08
564.09,126.48,111.33,52.03
564.45,125.44,109.62,51.872
566.59,125.45,107.46,52.005
567.62,125.59,105.65,51.876
567.63,124.33,104.03,51.684
568.03,123.32,103.57,51.625
568.6,124.69,102.21,52.369
567.7,125.9,102.52,52.103
567.45,125.26,102.38,52.159
567.2,124.56,102.23,52.136
567.62,123.96,101.82,52.744
574.95,124.3,100.39,52.76
573.53,124.98,100.02,52.63
574.3,124.83,99.607,52.423
582.8,125.4,98.944,51.997
582.47,126.18,98.286,51.595
584.54,126.4,98.002,51.242
592.18,127.19,96.955,50.596
593.51,126.92,96.698,50.427
595.57,126.05,96.502,50.347
596.83,127.31,96.642,50.596
597.44,127.44,96.661,50.632
597.82,128.07,97.26,50.245
595.96,126.47,98.336,49.812
596.07,127.98,99.102,49.365
596.19,129.17,99.757,49.067
596.15,129.1,101.08,48.304
595.64,129.19,101.79,47.923
594.96,129.36,102.87,48.062
594.49,129.7,103.59,47.967
594.15,129.75,104.41,47.702
595.32,130.15,104.77,47.749
594.53,131.4,105.66,47.785
594.81,131.98,105.99,47.751
595.69,130.18,105.98,47.79
597.51,128.94,106.3,47.692
598.7,128.81,106.22,48.194
599.88,128.39,105.91,48.575
600.95,128.15,105.48,48.777
601.87,128,105.26,48.911
600.72,129.15,105.52,48.988
600.58,129.47,105.65,48.978
600.15,128.25,105.89,48.78
600.31,127.76,105.43,48.834
598.5,129.56,105.42,49.48
598.62,130.24,105.93,49.397
597.9,129.56,106.48,48.964
596.24,128.8,107.01,48.699
595.2,129.12,105.9,49.021
594,129.01,105.8,49.165
593.28,128.64,105.97,49.212
592.47,128.18,106.09,49.295
592.19,128.71,106.39,49.374
592.32,128.24,106.66,49.66
591.62,127.79,106.75,49.577
594.09,127.21,106.43,49.464
595.86,127.97,105.67,49.829
596.55,127.62,105.18,50.193
597.67,128.1,104.28,50.179
600.05,127.84,103.08,50.444
600.93,127.7,102.16,50.015
602.13,128.39,100.54,50.049
603.28,128.27,99.387,49.938
604.36,128.26,98.435,49.779
604.45,126.1,97.843,49.558
604.57,127.14,96.102,49.099
605.58,128.15,94.766,48.76
607.03,129.9,93.461,48.341
607.21,130.56,92.579,47.695
607.45,131.01,92.104,47.104
606.64,127.61,91.691,46.018
606.25,128.45,90.716,45.949
605.77,136.43,90.323,45.692
605.96,133.26,89.938,45.053
608.5,130.71,89.447,44.275
608.66,129.41,89.307,44.012
610.8,129.99,88.565,44.171
613.06,131.22,87.906,44.072
613.41,131.18,87.458,44.125
614.31,131.57,86.941,44.039
615.8,130.64,86.835,44.269
616.58,130.68,86.51,44.227
618.7,128.78,86.667,44.433
620.75,129.06,86.395,44.132
622.99,130.69,86.501,44.223
625.38,131.7,86.666,43.982
628.85,129.37,87.852,43.705
630.06,128.25,88.566,43.514
632.65,128.68,89.635,43.37
635.13,130.78,90.843,43.03
636.79,131.62,92.204,42.403
640.32,132.31,93.117,42.047
646.03,131.78,92.779,41.79
649.59,131.39,92.707,41.731
651.78,132.92,93.129,41.844
653.69,135.03,93.573,41.804
656.44,135.11,93.88,41.697
659.08,135.07,94.354,41.469
667.6,135.25,94.668,41.543
667.63,135.11,95.016,41.615
670.94,134.26,94.613,41.498
674.36,134.39,94.231,41.554
684.38,135.97,94.072,42.085
687.59,134.34,93.431,42.477
691.69,134.29,93.249,42.543
693.61,134.05,93.052,42.864
696.49,134.94,93.67,42.957
700.19,134.56,94.637,42.704
703.92,135.01,94.959,42.853
707.25,135.38,95.567,42.838
709.96,133.4,95.537,42.678
710.3,133.12,96.025,42.666
711.17,133.76,97.099,42.67
712.64,136.68,98.693,42.48
716.51,136.94,99.259,42.339
719.42,135.11,100.02,41.804
719.82,135.02,100.32,41.93
719.81,135.01,100.76,42.119
719.83,135.25,101.48,42.078
720.17,136.16,101.68,42.29
723,135.79,101.42,42.205
727.24,133.87,101.49,42.087
729.94,134.6,101.3,42.575
729.89,134.52,101.49,42.757
732.11,135.38,101.6,43.065
733.21,135.2,101.67,42.901
735.65,136.98,100.98,43.032
735.94,135.95,99.822,42.947
736.5,134.44,99.034,42.371
737.07,133.64,98.059,42.287
736.42,136.53,97.93,42.06
739.65,137.11,97.525,42.191
741.33,136.17,97.178,41.761
743.67,136.77,96.558,41.692
746.71,137.85,95.708,42.008
746.79,138.58,94.947,41.972
747.64,137.5,93.883,41.723
749.32,136.04,93.384,41.667
750.22,137.36,93.413,41.549
751.93,137.2,93.51,41.208
754.05,137.09,94.275,40.86
754.15,136.83,94.482,40.787
755.01,136.07,95.375,40.776
755.53,135.57,96.137,40.977
753.98,137.1,96.569,40.783
753.69,138.37,97.06,41.429
753.47,136.43,97.262,41.558
753.84,135.5,97.502,41.922
753.94,134.37,97.628,42.125
756.06,135.55,97.872,42.77
756.76,137.15,98.173,43.46
757.94,138.22,98.391,44.063
759.87,136.86,97.757,43.965
760.59,136.15,97.196,43.834
761.65,135.19,97.108,43.846
761.62,134.21,97.611,43.603
762.01,135.79,98.036,44.012
762.47,137.79,99.041,44.291
764.36,137.38,99.702,43.865
764.34,137.07,100.28,43.682
764.94,137.22,100.59,43.773
763.92,140.42,101.15,44.29
765.1,140.49,101.04,44.529
766.31,141.94,101.33,45.126
767.35,141.38,101.94,45.201
767.69,141.45,102.49,45.604
767.98,139.3,103.1,45.259
767.5,139.61,103.76,45.588
768.9,141.63,104.67,46.576
769.04,141.57,105.45,46.886
770.87,140.38,106.58,47.117
770.1,139.83,107.61,47.569
772.22,139.85,108.47,48.189
774.02,141.11,109.65,48.914
775.36,142.48,110.92,49.712
775.46,143.81,111.89,50.168
775.63,142.4,112.55,50.632
774.93,142.06,113.25,51.13
776.47,139.57,113.98,51.592
778.97,140.9,115.18,52.524
781.45,143.2,117.13,53.619
784.95,143.2,118.79,53.861
786.93,142.47,120.45,54.295
788.26,141.75,121.84,55.063
789.78,142.22,123.4,55.948
792.21,141.97,125.73,56.427
794.11,144,127.57,57.578
795.96,146.35,130.12,58.156
797.94,146.11,133.21,58.734
799.38,145.35,135.81,59.322
802.37,145.76,137.3,60.749
803.09,148.3,138.48,62.181
806.11,149.49,139.48,63.26
810.07,150.01,141.18,64.22
814.17,150.49,143.19,65.026
815.21,150.47,145.52,65.643
818.85,151.48,147,66.65
823.61,152.78,150.19,67.622
828.13,152.17,153.86,68.449
832.33,153.67,157.38,69.573
837.65,155.2,160.73,71.175
839.39,155.93,164.33,72.166
841.79,155.98,168.65,73.007
846.61,155.87,171.29,74.224
849.24,156.59,173.68,75.718
852.8,158.48,176.42,77.337
855.98,159.96,180.35,78.73
858.2,160.66,184.22,80.044
858.54,161.2,188.3,81.533
861.15,161.22,191.84,82.637
864.4,161.34,195.49,84.185
866.16,161.24,200.32,86.097
868.43,160.46,205.67,88.125
869.26,159.24,211.07,90.421
871.78,158.75,216.28,92.591
877.08,158.13,221.48,94.778
881.82,158.71,225.64,97.402
887.82,160.27,229.79,99.859
894.37,162.72,234.26,102.07
898.92,163.32,239.37,103.57
905.14,161.41,244.78,106.01
911.48,159.71,250.33,108.62
918.49,159.42,256.84,111.04
923.19,158.98,263.6,113.82
929.25,160.43,270.58,116.32
932.81,160.17,276.35,118.47
935.72,160.76,281.48,120.2
939.46,162.35,286.24,122.68
942.89,164.42,291.71,124.93
948.64,165.16,296.53,126.54
950.71,165.16,300.03,128.37
950.02,165.1,302.83,129.79
949.91,164.78,305.58,131.67
946.83,165.45,307.91,133.08
946.73,166.7,309.88,134.09
944.62,167.1,310.21,135.38
946.88,166.07,309.97,137.88
946.68,165,309.95,139.74
946.32,164.9,309.97,141.97
947.24,165.26,309.7,143.22
947.7,166.12,309.24,145.08
948.59,164.88,308.27,147.21
948.9,166.68,306.41,148.73
949.63,167.05,304.76,149.72
949.69,167.64,304.2,150.68
950.16,167.53,303.06,151.78
949.31,167.92,301.68,152.35
950.27,167.27,299.53,153.25
953.9,166.91,298.36,154.34
954.66,165.31,293.39,156.58
960.01,165.07,289.19,158.41
958.58,165.05,286.27,160.68
962.3,164.3,282.99,162.52
964.04,164.56,281.74,163.2
966.21,166.3,280.31,163.9
967.69,167.19,278.36,164.38
969.36,168.29,277.99,164.53
970.08,168.96,278.11,165.48
970.56,169.1,277.39,166.24
971.71,170.92,277.39,165.38
974.86,173.63,277.4,164.84
975.81,174.58,275.98,165.29
979.24,175.98,275.01,164.74
984.02,177.41,274.74,164.04
990.12,179.46,274.02,163.73
994.63,182.27,273.42,163.83
1023,188.96,263.86,174.06
1028.2,189.53,256.22,182.18
1033.5,190.52,250.41,187.9
1038.7,193.61,245.17,191.93
1048.9,191.73,238.92,199.38
1051.3,193.4,235.57,201.31
1020.3,171.3,246.07,188.11
1019,175.05,253.03,177.99
1019.7,176.44,257.37,169.31
1016.5,179.63,261.39,162.27
1017.1,183.45,263.06,156.92
1018,185.73,262.72,153.1
1024.3,188.09,260.47,149.74
1027.9,190.08,259.18,147.03
1033.3,194.43,255,144.58
1039.2,198.84,248.94,142.11
1048.1,200.43,241.6,140.15
1065.4,199.15,233.94,138.1
1093.8,193.15,217.51,145.14
1099.3,189.07,204.15,149.98
1110.1,187.88,193.55,152.99
1124.1,203.17,185.52,153.3
1141.2,216.26,175.09,160.38
1145.9,207.58,165.4,166.77
1153.9,224.04,157.33,175.49
1161,236.86,147.4,187.58
1165.3,234.62,140.12,196.72
1166.4,233.59,136.39,201.8
1054.2,100.01,160.95,176.21
1036.5,113.08,179.89,155.93
1045,121.67,191.86,140.48
1034,128.2,201.06,128.89
1029.5,133.54,206.66,120.27
1026.1,136.91,211.3,114.21
1021.4,139.94,214.86,109.53
1015.4,142.92,216.81,105.86
1009.8,145.69,219.5,103.48
1005.5,146.15,222.43,101.52
1000,146.13,225.5,99.837
994.07,147.03,229.45,98.556
988.4,148.89,231.23,97.798
981.49,149.4,234.16,96.445
978.26,149.34,237.33,95.506
967.65,150.3,243.91,93.356
980.34,152.07,245.05,93.278
967.76,153.72,251.41,91.552
963.12,153.39,254.51,89.958
961.52,152.86,257.43,88.567
957.56,153.75,260.23,87.214
957.24,153.94,262.16,86.465
952.77,154.59,264.17,85.652
948.73,153.68,268.6,84.994
945.94,153.84,272.04,84.858
939.49,151.62,275.38,84.768
944.72,149.28,279.27,84.697
935.51,148.3,282.5,84.284
928.74,150.21,284.15,84.024
915.15,149.33,286.53,84.115
903.82,146.63,287.41,84.119
906.1,146.85,288.61,84.115
891.34,147.32,289.19,83.665
881.57,147.27,288.59,83.201
874.6,147.48,286.97,82.233
871.1,146.56,284.95,81.249
863.5,146.57,284.05,80.316
855.5,145.64,284.07,80.152
842.72,145.01,284.95,79.801
848.66,145.23,286.06,79.657
831.8,144.96,285.54,79.335
815.74,145.08,285.4,78.502
795.9,144.95,284.84,77.519
783.33,143.87,282.22,76.794
771.15,142.85,280.02,76.089
743.36,140.8,277.72,75.809
719.23,139.1,274.75,75.55
714.45,139.4,273.4,74.563
728.87,140.23,270.95,73.212
717.74,140.53,268.45,72.303
689.45,138.75,265.77,71.707
683.98,137.68,263.6,70.995
675.44,137.91,260.78,70.441
650.44,136.72,258.68,69.471
645.06,135.48,256.09,68.439
640.02,135.03,252.46,67.552
630.89,134.88,250.29,66.324
628.6,134.83,247.3,65.999
619.64,134.56,245.36,64.876
609.72,134.74,243.28,63.48
597.98,133.47,241.27,62.579
589.75,132.43,238.69,61.998
584.08,134.08,235.95,61.886
582.86,134.21,234.69,62.106
581.85,134.74,233.85,62.151
580.14,134.38,233.41,62.29
586.31,135.23,232.5,61.983
578.43,135.38,230.18,62.131
572.56,134.52,228.06,62.194
582.46,133.95,226.35,61.772
590.22,133.95,224.97,61.525
580.22,133.38,222.84,61.666
572.84,132.48,220.5,61.531
564.83,130.92,216.55,61.911
552.33,130.25,213.89,62.371
546.01,131.03,212.79,62.431
537.72,130.39,212.45,62.41
530.17,129.98,212.1,62.373
524.32,129.03,210.93,63.132
515.98,128.32,208.22,64.238
507.82,127.19,205.42,64.832
509.55,126.7,203.6,65.105
497.73,126.71,201.3,65.492
483.65,128.41,201.28,65.073
471.56,128.81,200.8,65.157
473.68,128.4,200.75,65.554
476.74,129.72,199.66,65.739
477.06,129.53,198.77,65.731
466.28,131.08,198.29,66.153
470.62,131.99,198.09,65.889
467.18,131.39,193.87,68.407
473.46,132.22,193.38,68.647
471.18,131.21,189.78,71.641
477.32,130.56,188.16,73.157
483.34,129.33,187.65,74.554
486,130.08,190.66,72.887
491.78,129.04,192.12,72.029
508.57,127.27,188.69,74.09
523.3,128.99,186.66,75.735
522.27,129.25,184.43,77.752
538.75,128.62,180.14,79.387
539.77,130.15,177.12,80.021
557.51,131.59,175.57,80.273
684.78,121.67,178.53,80.224
687.55,124.53,179.94,80.156
690.13,125.31,181.01,80.096
694.5,125.73,180.02,81.451
705.88,125.3,175.47,84.286
722.34,123.9,170.04,85.797
740.23,124.11,165.81,85.923
771.48,125.36,159.56,84.992
773.05,126.37,154.28,84.115
797.82,128.65,152.7,83.08
730.95,139.87,146.9,88.042
766.22,142.29,148.95,86.564
803.66,159.29,150.83,83.051
825.12,159.84,150.81,80.907
832.05,160.75,150.11,79.196
838.08,162.65,149.64,77.879
874.76,162.07,148.43,77.677
913.62,160.34,147,78.169
937.81,160.18,146.21,78.556
959.2,160.95,147.19,77.857
978,148.36,147.08,77.125
997.52,150.63,146.55,77.126
1016.7,152.38,145.42,76.917
1036.7,153.11,142.64,77.259
1055.3,153.54,139.87,78.037
1070.9,154.25,136.36,78.728
1072.2,154.97,133.42,78.994
1075.9,155.85,132.63,79.01
1079.5,156.15,132.94,78.669
1090.6,156.89,133.71,78.68
1093.7,156.95,135.07,78.44
1106.7,147.55,136.1,78.124
1106.3,150.06,137.21,77.768
1122.8,149.72,138.04,77.625
1145.4,149.45,137.97,78.035
1148.6,153.44,136.62,77.189
1154.1,156.5,135.15,75.59
1157.9,157.54,132.93,74.012
1161.9,158.27,130.28,72.581
1176.2,155.43,122.9,76.128
1156.9,156.57,124.15,74.283
1158.2,209.7,119.74,79.733
1173.4,222.37,114.61,85.12
1192.7,223.06,103.9,94.796
1196.8,222.43,95.646,102.5
1201.8,222.92,88.469,108
1182.7,225.54,91.106,107.33
1179.4,216.46,93.44,105.72
1192.4,221.45,91.246,107.66
1205,224.43,85.315,111.51
1206.5,226.45,81.581,114.01
1219.8,223.87,73.828,121.15
1179.9,237.97,81.837,115.86
1177.6,238.7,88.207,113.01
1183.3,247.41,90.992,113.08
1178.7,246.26,93.385,113.09
1175.1,252.46,96.619,113.15
1171.3,248.79,99.343,113.17
1163,248.57,103.86,113.16
1143.3,248.57,109.18,112.58
1119.4,249.66,112.86,112.34
1097.7,246.89,115.12,111.74
1094.3,245.81,116.78,111.12
1087.8,245.79,117.39,111.45
1081.7,246.19,117.4,111.66
1078.8,245.57,117.62,112.03
1077.5,247.55,117.44,112.61
1079.9,257.27,117.41,113.72
1080.9,253.87,117.37,114.86
1080.5,253.48,117.54,115.44
1080.6,252.82,117.59,116.46
1080.4,252.85,117.95,117.34
1082.8,259.1,119.76,117.67
1083.4,255.4,121.08,118.08
1083.3,253.84,122.03,118.59
1084.6,253.96,122.45,118.35
1087.4,252.72,122.31,118.18
1093.7,252.99,121.06,118.27
1115.1,251.64,121.24,118.1
1135.3,260.75,122.41,118.15
1139.1,259.92,123.34,118.23
1143,270.59,124.89,118.27
1146.6,270.11,125.39,118.61
1150,270.83,125.79,119.31
1150.3,274.11,126.39,120.4
1149.1,274.51,127.1,121.06
1149.4,274.35,127.82,121.56
1150.2,272.93,128.78,122.1
1147.6,273.96,129.81,122.53
1146.2,275.5,130.87,122.46
1145.7,273.8,131.35,122.38
1146.4,270.03,132.04,122.39
1146.4,269.11,132.14,122.55
1145,268.32,133.25,122.65
1144.2,263.95,133.88,123.05
1145.3,258.76,134.04,123.7
1148.7,254.03,133.63,125.28
1154.3,248.86,130.54,127.8
1155.9,245.83,128.02,130.59
1158.3,243.05,125.5,132.81
1164.4,237.94,121.85,135.19
1175,237.41,115.72,139.53
1177.1,237.82,111.84,138.77
1178.8,241.56,109.53,135.28
1179.6,244.5,107.28,131.76
1180,247.93,105.83,128.29
1177.1,251.15,106.33,124
1172.3,250.34,108.07,120.82
1168.7,247.7,110.62,117.14
1164.3,246.19,113.46,113.54
1162.9,246.95,115.36,110.8
1155.1,247.6,118.34,107.81
1147.2,243.81,121.33,105.66
1142.8,239.87,123.74,105.2
1138.7,240.95,126.76,104.7
1147.9,241.94,127.14,106.88
1143.1,241.52,128.68,108.03
1139.7,239.99,129.98,109.28
1156.1,240.46,126.82,112.17
1156.7,239.06,124.48,114.66
1159.1,238.17,122.86,116.45
1159.3,253.96,123.5,117.84
1158.6,254.29,124.15,119.12
1155.3,256.09,126.29,119.56
1151.5,255.99,129.08,120.29
1147.2,255.17,132.07,120.65
1144.6,252.38,134.83,121.77
1137.1,248.15,138.32,123.66
1133.5,246.15,142.21,125.31
1124.9,241.57,146.19,128.16
1114.9,235.73,149.97,131.01
1092.3,231.81,154.32,131.69
1067.4,224.18,158.02,130.43
1058.7,217.53,161.34,130.97
1051.6,214.72,164.13,131.15
1026.3,211.22,165.01,130.69
1019.8,207.55,166.62,130.42
997.6,204.79,165.49,129.55
982.23,203.03,162.3,128.22
984.13,201.16,160.88,127.35
984.75,200.85,159.64,126.71
984.44,198.23,160.57,126.22
970.22,194.52,160.58,126.65
954.65,189.9,161.85,127.51
938.54,183.72,163.28,128.42
922,178.63,164.58,129.71
923.73,176.18,165.08,131.39
919.02,161.51,166.94,134.28
913.2,162.68,170.71,135.96
886.02,160.21,175.54,136.36
869.99,162.5,189.03,131.7
846.12,162.29,202.02,128.17
831.68,160.65,212.3,127.09
813.66,158.52,221.34,126.73
800.45,155.66,227.63,127.18
791.14,152.84,232.17,128.07
785.23,149.87,234.78,128.35
778.16,146.7,236.38,127.98
777.96,143.91,236.99,128.38
759.12,143.02,238.05,127.58
741.21,141.1,237.2,126.26
723.83,138.65,235.61,124.67
706.64,137.15,233.56,122.61
692.34,135.68,231.04,121.01
690.53,135.12,229.78,120.01
677.07,133.51,227.09,119.15
660.77,133.29,223.46,117.25
645.43,132.95,220.36,115.54
628.75,133.19,217.94,113.43
616.74,132.26,214.91,111.33
615.97,131.7,213.61,109.65
609.81,131.1,211.36,107.73
607.87,130.75,208.45,105.8
609.37,130.35,205.5,104.22
613.75,129.5,202.23,102.47
614.65,128.92,197.61,100.82
617.49,129,193.56,99.539
614.79,128.88,189.01,97.963
610.86,128.75,184.77,96.481
605.15,127.83,181.51,95.092
598.25,127.34,177.96,93.918
593.76,128.54,174.84,91.935
594.04,128.34,172.63,90.383
590.52,129.45,169.83,88.767
589.17,128.68,167.81,87.333
586.95,127.74,165.15,86.264
586.51,127.39,164.11,84.804
586.09,127.25,163.36,83.646
586.08,127.91,162.92,82.879
587.44,128.01,162.49,81.939
591.3,127.86,162.04,81.148
595.47,127.17,161.52,80.335
601.1,125.54,161.03,79.238
606.82,125.35,161.41,78.261
610.52,125.78,160.72,77.744
613.78,126.94,160.34,77.005
617.4,127.93,159.36,75.998
621.72,128.1,157.05,74.865
624.95,128.25,154.04,74.024
628.29,128.56,151.17,72.934
630.12,128.8,148.69,72.2
632.68,128.67,146.41,71.245
632.65,128.64,144.76,70.65
633.02,129.23,142.76,70.009
634.46,129.31,141.12,69.288
636.8,128.45,139.12,68.973
637.74,128.3,137.37,68.558
638.65,127.7,136.18,68.23
637.42,127.96,135.34,67.245
637.71,127.7,133.95,66.867
638.01,127.74,132.83,65.531
640.32,128.8,130.95,64.613
642.07,129.59,128.94,63.925
643.59,129.27,127.17,63.441
645.19,129.47,126.36,62.929
647,129.31,124.89,63.004
647.4,129.83,123.56,62.831
647.41,129.69,122.89,62.498
647.42,129.45,122.24,62.214
645.23,127.89,121.43,62.253
642.76,127.07,120.86,62.165
639.43,126.28,119.53,61.952
634.28,126.32,118.37,61.352
631.27,126.64,116.87,60.723
629.44,127.03,115.94,60.153
626.42,126.68,115.27,59.59
623.71,126.84,113.6,59.106
618.73,126.51,112.08,58.455
615.39,127.24,111,57.865
611.37,128.86,110.09,56.841
609.94,130.21,110.24,55.815
608.7,129.32,110.05,55.847
605.93,127.17,109.87,55.943
606.36,125.87,108.78,55.966
605.17,126.68,108.16,55.044
604.52,127.03,107.52,54.63
604.58,127.4,106.91,54.239
604.69,127.23,106.2,54.044
604.85,127.14,105.79,53.68
603.99,126.57,105.62,53.44
601.62,127.26,105.86,52.809
599.81,127.97,106.79,52.654
598.58,128.54,107.9,52.464
599.03,129,108.39,52.341
600.51,129.82,109.16,52.382
602.36,129.15,109.55,52.246
604.17,127.88,109.09,52.653
605.27,127.74,109.26,52.83
606.19,127.65,109.17,53.034
607.99,124.92,109.23,53.039
607.2,125.47,108.89,52.65
606.78,127.54,110.33,52.234
614.78,126.29,111.66,52.29
616.37,126.13,112.85,52.358
618.01,126.25,113.18,52.497
620.45,130.14,113.95,52.094
625.53,129.92,113.62,52.253
628.6,132.33,113.67,51.938
629.98,132.52,113.9,52.06
634.06,128.39,113.82,52.588
635.22,126.76,114,53.159
635.38,124.59,113.9,53.362
632.75,126.35,113.44,53.081
629.68,127.98,113.48,52.675
631.3,126.68,112.66,52.841
629.09,126.68,111.62,53.095
629.03,126.94,110.88,52.924
628.69,127.87,109.85,53.226
628.81,126.39,109.54,53.583
625.03,126.56,109.76,53.051
620.55,127.91,110.05,52.535
615.14,128.8,109.91,51.893
613.96,128.16,109.21,52.373
610.28,126.79,108.52,52.807
605.82,125.94,107.03,53.105
603.58,126.43,105.3,52.81
599.78,126.08,104.03,52.784
593.48,126.22,104.03,52.013
591.68,126.11,104.82,51.26
587.64,126.21,104.91,50.626
583.88,128.03,104.2,50.352
582.92,128.02,102.35,50.109
579.57,126.7,100.57,50.275
577.13,126.63,98.618,49.983
576.27,127.32,97.61,49.39
574.87,127.89,96.509,49.038
571.65,128.28,95.729,48.494
566.65,128.37,96.177,47.805
563.88,128.16,96.563,47.533
562.85,128.74,97.64,47.312
561.74,129.41,98.403,47.173
561.57,129.37,99.579,46.941
561.8,129.06,101.13,46.979
560.82,129.26,102.14,47.14
560.13,128.93,103.13,47.269
559.52,127.88,103.41,47.589
559.23,127.24,103.59,47.779
558.42,128.48,103.64,48.157
557.5,129.46,104.43,48.621
558.05,128.49,105.04,48.831
558.12,127.94,105.3,48.981
558.52,127.37,105.21,49.13
558.86,126.84,105.22,49.255
558.17,127.41,105.8,49.25
557.36,128.63,106.53,49.229
559.6,127.39,106.54,49.552
559.42,125.97,106.18,49.803
556.44,127.64,106.1,49.756
555.87,128.04,106.4,49.603
555.53,126.6,106.39,49.826
555.1,126.42,106.42,49.961
554.58,128.59,106.21,50.125
555.36,128.17,105.78,50.433
555.92,127.67,106.06,50.536
556.07,126.91,106.35,50.77
555.77,126.65,106.53,50.907
554.53,126.47,106.77,50.954
551.75,127.9,107.45,50.673
551.47,127.38,107.71,50.926
550.63,127.54,108.55,50.836
549.7,127.77,109.31,50.798
549.3,128.65,110.47,50.507
550.7,127.97,111,50.705
549.58,128.68,111.63,50.844
548.4,128.99,112.01,51
547.35,128.04,112.43,51.086
547.33,127.5,113.04,51.296
546.21,126.64,113.07,51.502
543.48,127.53,113.1,51.567
541.84,127.15,113.28,51.514
541.12,126.69,113.14,51.475
540.29,126.62,112.93,51.198
540.43,126.17,113.13,51.116
538.08,126.61,114.31,50.862
536.83,127.62,116.3,50.676
537.25,127.09,118.03,50.566
536.28,127.54,119.84,50.424
535.46,128.19,122.09,50.334
534.66,128.89,123.44,50.332
542.87,127.06,122.73,50.829
540.81,127.74,123.85,50.664
537.38,128.35,127.44,49.78
549.12,127.72,127.15,49.973
548.28,128.67,128.76,49.595
547.32,129.44,130.16,49.324
556.6,129.47,129.06,49.324
564.15,128.54,127.52,48.922
563.42,129.11,126.49,48.942
564.27,129.6,126.37,48.521
577.84,127.34,122.11,49.754
580.59,126.15,118.36,50.413
584.29,125.69,115.33,50.885
588.47,126.3,112.12,51.287
592.2,127.62,109.29,51.061
595.77,126.85,106.88,50.839
599,126.46,103.81,50.814
602.33,126.51,101.02,50.73
604.65,127.31,98.556,50.427
606.22,126.79,96.277,50.146
608.83,126.83,94.59,49.712
611.32,126.32,93.483,49.161
614.39,125.43,92.886,48.445
617.08,124.82,91.76,48.169
618.39,125.76,91.311,47.507
621.31,125.62,90.604,47.19
623.53,126.3,89.39,46.901
624.56,126.41,88.73,46.608
626.19,127,89.556,45.747
626.73,127.51,89.685,45.023
626.18,126.58,89.474,45.149
627.37,126.18,88.258,45.356
628.81,126.68,87.44,45.219
630.99,126.25,86.543,44.977
632.79,124.87,85.968,44.551
633.99,124.16,84.826,44.371
634.47,123.81,83.742,43.967
635.43,124.18,83.236,43.701
636.21,125.14,82.414,43.379
638.02,125.93,82.154,43.347
639.11,126.07,81.807,42.618
639.36,126.49,81.606,42.238
640.23,126.78,81.729,41.755
640.56,127.17,81.932,41.328
641.88,127.52,82.454,41.039
642.79,128.18,83.073,40.718
648.81,128.92,83.414,40.681
647.96,129.71,83.757,40.638
649.81,128.81,83.971,40.534
656.61,128.28,84.353,40.596
656.57,128.33,84.929,40.502
662.27,128.95,85.12,40.674
662.36,128.02,85.449,40.638
662.08,127.43,85.65,40.637
667.4,127.33,86.194,40.94
665.78,127.35,86.744,41.001
670.72,127.63,87.357,41.473
668.16,128.78,87.68,41.792
666.87,129.8,87.778,42.314
665.63,130.26,88.429,42.811
666.35,129.76,88.803,42.916
668.28,129.25,89.022,43.196
667.78,129.4,89.355,43.57
667.67,129.34,89.624,43.93
665.89,129.04,90.19,44.431
664.95,128.89,90.739,44.77
663.62,129.14,91.282,45.321
662.59,128.99,92.232,45.44
661.48,129.28,93.251,45.577
660.66,129.46,93.66,45.921
660.95,129.54,94.393,46.362
660.75,129.73,95.1,46.834
661.34,130,96.091,47.101
661.1,130.02,97.04,47.528
660.72,130.43,97.905,48.013
660.43,130.74,98.662,48.549
660.09,130.87,99.458,48.931
660.57,130.66,100.11,49.215
660.49,130.51,101.04,49.667
661.4,130.19,101.83,50.285
662.88,130.17,102.33,51.146
663.85,130.23,102.86,52.078
665.23,130.43,103.92,52.929
665.22,130.06,104.83,53.661
665.76,129.6,105.98,54.494
665.56,128.99,106.97,55.331
665.39,128.5,108.2,56.234
664.99,128.62,109.69,57.007
662.86,128.27,111.41,57.58
661.12,128.29,113.17,58.18
660.58,128.22,114.62,58.966
659.68,128.82,115.96,59.903
657.75,128.92,117.67,60.803
656.31,129.33,119.52,61.451
654.57,129.65,120.75,62.233
654.01,129.73,121.94,62.643
651.57,129.64,123.13,63.147
648.58,129.74,123.78,64.059
645.71,129.71,124.61,64.809
643.3,129.39,125.55,65.042
641.14,129.6,126.49,65.698
640.14,129.64,127.33,66.153
637.93,129.47,127.68,66.72
634.49,129.2,128.33,67.353
630.35,129.31,129.5,67.825
626.32,129.54,130.81,68.31
620.47,129.73,132.2,68.801
617.23,129.9,133.17,69.393
612.98,129.91,134.35,70.102
607.09,130.95,136.08,70.906
601.07,131.78,137.46,71.236
593.59,132.2,139.03,70.998
584.36,132.72,140.33,70.829
581.55,132.09,141.48,71.164
575.21,132.09,142.39,71.579
566.7,132.52,143.46,71.891
559.69,132.85,144.55,72.175
552.62,133.15,146.01,72.045
544.3,133.49,147.28,72.015
542.09,133.35,147.9,72.763
535.85,133.54,149.86,73.277
526.75,133.38,151.22,73.383
518.82,133.25,152.83,73.919
507.77,133,154.72,74.511
497.61,132.95,156.33,75.042
493.23,133.15,157.48,76.022
483.48,133.9,159.13,76.341
472.64,134.85,160.97,76.248
461.03,135.78,162.57,76.814
446.1,136.13,164.03,77.457
432.65,136.07,164.45,78.454
424.47,136.33,164.45,79.762
413.59,136.75,165.27,80.795
403.93,136.78,165.06,81.956
394.83,136.6,165.22,83.323
387.71,136.26,164.94,84.499
380.03,135.63,165.13,85.761
376.4,134.61,164.63,87.123
368.43,135.35,165.37,87.695
360.23,136.11,166.78,88.576
352.01,137.63,167.93,89.313
344.42,138.7,169.2,89.695
339.61,139.85,169.37,90.097
337.42,140.43,169.6,90.331
335.37,140.58,169.58,90.687
334.45,141.22,169.42,91.195
332.8,141.62,168.94,91.478
333.33,142.31,168.11,91.961
332,142.48,167.58,92.221
332.29,142.2,167.17,92.614
330.9,142.07,166.51,92.987
331.93,141.25,165.97,93.352
333.21,140.81,165.46,93.45
332.97,140.46,165.16,93.081
332.06,140.4,164.86,92.518
332.65,140.17,163.81,92.479
333.38,139.54,162.72,92.175
335.12,139.68,161.95,92.037
338.65,140.43,161.1,90.941
342.27,141.28,160.37,89.878
346.34,141.15,160.77,89.006
346.48,140.2,161.16,88.396
351.35,139.39,160.59,88.161
360.53,139.54,159.05,88.138
369.27,139.95,157.62,87.407
376.54,139.49,156.62,86.881
382.75,138.63,155.46,86.287
384.68,138.15,154.85,85.627
388.19,136.98,154.4,84.8
398.68,137.23,153.07,84.246
407.15,137.37,151.69,83.591
409.56,136.97,150.98,82.927
406.59,135.83,150.93,81.817
406.34,134.99,150.37,81.232
406,134.01,149.6,80.79
406.49,133.11,148.27,81.124
402.94,132.92,148.23,80.434
398.4,132.19,148.14,80.213
394.24,132.12,149.09,80.003
391.27,132.34,149.35,80.157
391.8,133.67,149.82,80.17
392.12,134.98,151.04,80.356
392.2,135.37,152.9,80.744
394.6,136.01,154.46,81.557
399.41,137.38,154.52,82.236
398.75,137.65,155.53,82.475
399.9,137.34,156.31,83.014
399.74,136.83,157.43,84.028
401.58,137.09,157.92,85.093
402.96,136.61,158.06,84.837
400.27,134.98,159.64,85.222
398.19,133.77,160.85,85.724
399.01,133.62,162.38,86.377
398.85,134.79,164.52,87.08
396.73,135.06,165.17,87.915
398.19,133.44,164,89.478
402.04,132.86,162.63,90.071
404.73,132.02,161.3,90.422
402.29,132.68,161.12,90.289
399.1,133.72,163.12,89.66
394.64,134.4,165.07,89.004
390.85,133.85,166.41,89.312
392.14,135.07,167.04,89.833
392.92,135.78,167.18,90.243
396.44,136.05,166.07,91.007
394.86,135.6,166.54,90.373
391.03,135.42,167.17,90.36
385.22,135.29,166.94,89.981
382.19,135.48,166.34,89.666
380.39,135.86,166.26,89.375
374.12,136.65,166.11,88.627
368.08,137.66,165.35,87.701
363.09,137.13,165.61,87.156
358.13,133.8,164.66,88.847
353.4,132.97,166.77,89.088
348.85,131.98,169.77,89.254
340.81,132.05,172.11,90.039
334.51,131.49,174.32,90.561
327.3,130.37,175.52,91.843
324.89,130.49,176.64,92.754
318,130.03,176.64,94.471
315.81,128.03,178.36,95.862
313.8,128.32,178.71,97.543
310.11,129.7,181.11,97.55
307.45,129.16,182.95,97.46
305.47,129.44,185.06,97.004
316.78,129.55,187.66,96.071
313.04,129.63,189.8,95.542
309.61,128.94,192.04,95.019
307.87,127.72,196.53,94.468
305.14,127.44,202.38,94.137
304.52,126.28,206.02,94.438
312.64,125.16,208.33,93.683
307.59,124.41,210.7,93.826
298.37,123.21,213.7,93.25
289.18,123.35,216.84,93.349
278.8,124.1,221.44,92.592
269.37,125.17,225.01,92.729
265.09,127.51,227.53,93.291
258.97,128.84,230.92,94.924
255.68,130.52,233.72,96.469
296.22,113.59,234.04,96.562
293.91,117.09,237.83,97.004
293.51,121.41,241.03,98.03
301.13,124.25,242.61,99.598
304.23,127.22,245.44,100.65
336.77,128.47,245.16,100.91
365.28,131.41,246.7,100.41
396.43,131.33,246.85,100.72
425.72,130.55,250.41,100.66
457.6,129.22,251.42,101.85
462.58,127.64,254.93,99.321
484.81,128.06,254.47,98.875
489.5,128.56,255.83,99.941
496.93,127.5,257.37,101.93
503.76,126.05,258.73,103.57
509.15,124.9,260.94,105.22
514.1,123.52,262.17,107.27
522.83,123.04,263.21,109.22
531.32,122.14,262.97,110.32
537.61,122.22,263.05,111.03
561.59,120.68,262.06,111.78
561.26,121.47,260.75,111.58
562.69,122.27,260.35,111.46
564.57,123.11,261.09,111.11
569.32,122.63,262.15,111.02
581.7,121.8,260.61,111.64
588.43,124.36,257.78,111.76
594.06,128.1,254.6,111.68
598.39,129.62,251.78,112.02
601.15,128.28,249.79,114
607.13,110.58,248.74,112.62
613.81,117.22,245.97,112.29
617.23,123.61,244.78,112.21
622.84,129.91,243.81,111.4
630.58,131.88,241,111.79
636.18,132.89,240.38,112.62
644.72,133.18,239.44,113.65
650.92,132.31,237.93,114.65
658.31,119.06,236.65,113.15
667.17,125.69,234.19,111.97
674.47,129.15,232.68,111.43
677.09,130.53,233.02,111.81
698.69,132.45,234.2,112.31
694.2,133.36,236.07,113.02
688.36,135.66,238.48,114.03
684.27,137.32,239.23,114.95
681.15,138.46,241.4,115.55
676.67,137.71,242.39,118.38
670.8,138.32,243.7,120.96
657.24,139.06,245.28,122.38
640.26,139.59,248.86,123.37
630.59,140,250.72,124.9
623.83,139.77,253.37,125.96
615.43,137.4,253.63,126.68
610.51,137.94,254.51,126.64
611.76,136.41,257.37,125.84
613.57,135.93,259.39,124.19
616.68,136.22,261.15,122.88
618.52,136.13,262.02,122.01
622.41,135.61,262.75,120.85
624.03,134.58,263.07,119.37
626.3,133.63,263.92,118.16
626.01,134.32,264.36,116.92
627.31,134.25,264.22,115.4
627.5,134.72,263.46,114.3
629.33,134.48,262.57,112.21
628.84,132.23,261.91,110.74
626.55,130.66,260.52,109.51
622.88,129.45,259.8,108.13
615.35,127.15,259.6,106.84
606.98,127.81,261.24,105.59
597.32,127.68,261.2,104.44
587.9,126.22,260.84,103.14
578.21,124.28,259.46,101.82
567.05,123.41,254.95,100.92
555.38,124.94,250.88,99.448
546.95,125.72,250.65,97.61
539.06,124.44,248.04,95.537
532.99,122.78,243.95,94.025
526.63,121.86,241.41,92.665
515.55,122.37,243.06,89.428
511.86,123.95,246.61,86.186
509.17,125.09,249.93,83.94
507.44,126.01,252.84,82.306
505.41,126,254.94,80.611
503.17,125.97,256.16,78.781
497.92,125.92,255.02,77.327
490.55,126.05,251.83,76.32
485.02,127.17,252.54,75.45
476.7,127.61,250.84,74.12
467.7,127.56,247.76,72.864
457.5,127.05,245.21,71.801
444.06,126.99,243.29,70.766
428.67,126.74,243.24,69.404
416.69,127.81,246.4,68.801
404.11,128.63,251.1,67.812
394.33,129.87,257.2,66.776
387.64,129.73,261.52,66.677
400.69,129.6,264.84,66.421
392.61,129.35,269.04,66.203
402.93,128.62,272.7,66.402
396.36,127.32,276.33,66.569
389.56,126.01,279.04,66.892
382.04,124.56,279.28,67.446
371.06,122.36,279.88,67.883
363.39,121.38,280.1,68.054
320.64,119.71,270.63,69.345
323.57,119.56,261.76,70.155
324.74,120.13,253.68,70.657
330.95,120.17,245.56,70.873
338.44,121.19,237.13,70.604
342.74,121.89,229.61,70.033
347.65,122.88,222.29,69.156
355.46,122.56,215.14,68.206
357.94,122.84,208.92,66.95
358.23,124.03,203.19,65.73
363.21,124.13,197.25,64.618
367.18,124.38,191.58,63.528
370.29,124.68,186.01,62.426
371.08,124.79,180.25,61.143
376.05,126.21,173.05,59.908
385.55,126.59,163.74,60.557
389.34,129.09,158.59,58.589
395.23,128.3,151.61,57.903
397.42,128.39,146.04,57.03
404.41,129.44,140.42,56.103
409.45,130.5,136.07,55.189
414.05,130.79,132.04,54.015
420.68,131.12,128.34,52.961
424.83,132.46,125.66,51.839
426.21,133.6,123.46,50.851
429.43,133.54,121.45,49.756
430.31,134.06,120.06,48.892
432.38,134.01,118.66,48.447
433.18,134.56,117.93,47.971
431.8,133.28,117.71,47.648
432.64,132.87,117.2,47.332
432.23,130.41,116.7,46.849
430.08,130.92,116.99,46.896
426.96,132.36,117.68,47.359
424.93,131.87,118.21,47.246
421.17,132.92,119.41,47.122
420.26,132.21,119.37,47.436
416.2,133.2,120.29,47.67
412.48,133.49,120.26,48.15
409.12,133.74,119.9,48.608
405.49,133.56,119.98,49.018
403.21,133.93,120.22,49.746
402.23,134.36,120.73,50.175
400.37,135.25,121.39,50.828
397.85,136.55,121.97,51.12
397.01,137.51,123.11,51.521
395.46,138.74,124.11,52.55
395.95,139.41,125.89,53.06
396.55,139.98,127.3,53.418
396.34,139.52,128.24,53.638
396.64,140.18,130.12,54.046
397.82,139.93,132.09,54.516
398.92,139.6,133.91,55.051
401.83,140.27,135.36,55.812
402.15,140.45,137.69,56.201
404.86,140.79,139.74,56.973
409.72,140.41,141.42,57.963
416.67,140.38,142.41,59.258
422.24,139.68,143.96,60.37
428.33,138.67,144.97,61.635
429.56,138,148.37,62.607
433.39,137.9,150.57,63.985
438.62,137.88,152.37,65.138
444.17,138.06,155.26,66.361
448.71,137.54,158.61,67.922
452.88,149.89,164.7,65.474
453.91,148.96,170.86,64.279
452.99,147.17,175.91,64.622
451.3,144.29,179,67.325
447.89,141.17,177.14,70.643
446,138.27,175.05,73.626
450.4,138.51,177.82,75.774
447.41,137.39,178.11,77.95
442.41,135.89,178.55,80.927
446.74,148.61,183.15,80.565
442.29,145.79,183.51,82.04
448.02,144.13,185.89,83.966
454.02,143.47,188.97,85.586
454.78,143.89,194.29,86.694
461.96,144.16,197.45,87.746
471.94,143.41,198.91,88.965
485.1,141.1,199.22,90.883
499.31,140.57,200.39,92.32
512.77,139.78,202.7,93.633
515.69,140.96,209.25,93.914
522.74,142.6,212.9,94.417
534.9,142.19,215.13,95.846
546.49,142.77,217.33,97.256
556.82,142.55,220.08,99.004
566.6,143.06,222.99,100.66
565.96,143.82,228.54,101.59
575.01,143.24,231.24,103.14
584.3,142.89,234.22,104.05
588.63,142.33,237.22,104.38
589.56,141.66,239.12,104.82
592.8,140.51,240.79,105.69
592.25,139.46,243.37,106.71
593.75,137.78,243.58,107.82
595.41,138.46,244.4,108.38
591.38,138.83,246.67,108.35
587.84,139.02,247.77,107.98
583.97,137.81,248.36,107.59
582.53,137.22,248.62,107.54
578.25,137.21,250.18,108.54
570.72,136.32,249.82,109.42
568.23,135.96,250.75,110.01
559.03,135.6,253.33,109.56
551.28,134.78,255.2,109.3
552.3,134.33,255.74,109.5
547.87,133.22,257.43,110.02
539.93,132.23,260,111.03
532.07,131.67,261.22,112.21
526.45,130.61,261.73,113
521.83,130.19,262.91,113.02
520.04,129.56,264.44,113.29
515.16,130.36,267.29,113.1
508.16,130.32,269.4,112.9
502.44,129.48,270.9,112.77
500.9,127.08,271.79,113.83
495.56,126.74,273.71,114.91
494.02,125.44,275,115.83
487.87,124.89,275.32,116.86
485.98,125.29,275.92,117
484.9,125.53,276.13,116.81
476.62,125.83,278.4,116.81
477.1,126.26,278.73,117.34
478.1,125.98,279.03,117.57
472.79,124.32,279.94,118.27
469.63,123,278.82,119.13
466.87,121.34,276.45,119.3
462.86,121.56,274.74,118.97
458.96,122.76,272.87,118.53
457.74,123.45,270.55,118.31
458.17,126.87,269.95,117.47
