418,142,302,159
405.76,144.65,303.04,159.68
395.19,143.4,303.17,159.17
387.4,142.24,303.22,159.45
379.49,142.34,302.77,159.53
377.74,140.6,300.94,159.47
380.76,142.99,299.16,159.22
380.33,145.16,298.17,159.54
382.83,147.99,297.49,159.73
386.01,150.21,296.65,160.3
385.72,152.13,297.93,161.12
385.57,154.7,299.21,161.65
389.42,157.4,299.55,161.96
390.36,162.4,300.2,161.79
392.9,168.15,301.13,161.27
392.55,172.8,301.56,161.08
395.44,177.26,301.43,161.37
397.1,182.42,301.63,161.02
397.51,186.48,302.66,160.87
397.91,189.8,303.64,160.63
396.86,192.24,304.95,160.55
402.63,191.3,303.62,161.52
406.35,194.85,302.58,162.33
405.64,196.64,302.57,161.98
407.42,197.17,304.26,161.77
407.59,200.24,304.45,161.69
406.94,199.76,305.59,161.68
407.06,201.02,306.67,161.52
409.04,202.66,306.52,161.17
409.15,203.81,305.82,161.25
411.68,205.21,305.6,161.15
413.88,205.96,304.53,161.32
415.5,205.91,303.44,161.36
418.34,205.99,304.22,161.1
419.25,206.17,304.77,160.84
419.51,207.35,305.02,160.57
422.15,208.53,304.9,160.4
427.06,209.47,304.27,160.4
431.16,210.74,304.1,160.69
436.64,210.3,302.78,160.92
439.74,213.02,303.01,160.61
442.91,213.32,303.25,160.75
448.65,215.49,303.38,159.66
450.35,218.71,304.31,158.58
452.14,221.37,305.78,157.9
455.02,224.68,307.14,157.18
456.9,227.18,308.05,156.69
459.74,230.2,308.32,156.6
462.09,233.17,309.11,156.93
462.81,236.38,310.04,156.96
464.45,239.28,310.76,156.87
467.14,242.07,311.07,156.98
468.71,245.07,309.76,157.06
467.52,247.93,309.88,156.77
468.06,250.04,309.84,156.45
465.56,252.95,309.87,156.92
464.83,256.3,310.29,156.51
462.75,260,310.5,155.65
462.82,262.56,308.51,155.05
462.72,263.61,305.26,154.57
461.85,265.06,303.46,154.03
459.69,264.83,302.9,153.58
459.82,266.04,301.92,152.51
460.75,265.08,301.61,151.51
458.68,263.12,301.52,150.58
458.71,261.92,299.81,150.7
457.69,259.05,299.27,150.47
456.34,257.99,300.36,149.95
451.55,257.17,302.24,149.42
453.65,258.11,303.58,148.4
454.04,258.09,304.61,147.96
454.11,259.57,304.96,147.47
457.05,260.83,303.86,147.21
458.61,260.82,303.12,146.36
458.18,261.73,302.86,145.58
456.87,263.53,303.82,144.92
458.53,264.88,304.5,143.83
460.02,267.08,304.25,142.86
463.2,268.48,304.21,142.37
464.53,271.69,305.4,141.99
470.09,274.17,305.19,141.35
473.98,275.01,304.16,141.16
477.02,275.78,304.39,140.55
478.85,276.98,304.85,139.37
478.48,279.05,305.98,138.71
480.11,279.54,306.24,138.23
481.43,280.11,305.88,137.9
481.54,279.82,306.21,137.17
481.43,281.84,306.68,136.64
482.61,282.17,307.32,136.05
483.12,281.57,307.17,135.39
482.44,280.96,306.76,135.28
481.63,279.26,305.82,135.98
483.67,277.69,304.78,135.87
483.27,275.53,303.79,136.18
483.74,272.14,303.29,136.57
481.72,269.5,301.21,137.56
478.6,266.65,300.57,138.99
479.16,264.17,299.56,140.21
478.43,261.9,298.77,141.18
475.47,260.62,300.01,141.95
471.13,258.2,298.85,142.45
467.56,255,297.45,143.09
464.65,252.25,294.95,144.05
461,248.15,294.59,145.26
457.07,245.37,294.65,146.64
454.8,243.24,294.73,148.27
455.07,240.44,294.1,149.94
456.93,237.86,292.91,152.17
459.72,236.94,292.47,153.33
462.82,236.27,292.48,154.13
464.88,235.84,291.84,154.91
465.79,235.27,291.93,155.42
466.8,235.43,293.15,156.07
469.38,235.88,294.19,156.97
473.05,235.86,294.86,158.13
474.1,235.52,296.19,158.87
475.71,235.33,297.36,159.42
479.66,235.43,298.98,158.63
481.36,234.69,299.62,157.74
481.4,233.93,300.89,156.39
481.26,233.36,301.31,155.11
483.51,232.85,299.67,153.66
484.74,233.46,298.42,152.04
486.58,233.59,296.86,151.2
490.76,232.75,293.54,150.57
494.5,230.91,290.44,150.71
493.93,229.35,287.65,151.15
496.2,228.66,285.33,151.58
497.01,227.6,282.4,152.18
498.01,226.58,279.9,152.83
498.88,227.04,277.41,152.58
500.12,227.28,274.88,151.92
498.75,228.38,273.83,150.69
499.11,229.14,272.42,150.23
499.58,229.89,270.47,150.11
497.38,230.25,269.82,150.48
494.44,230.86,269.81,150.51
494.6,229.58,268.7,151.5
494.03,230.13,267.37,151.7
492.82,230.81,266.54,151.9
492.35,232.67,265.44,151.41
494.81,233.6,264.31,150.99
496.1,232.56,262.79,150.81
497.54,231.75,262.35,150.78
498.96,230.97,261.23,151.54
499.93,230.91,259.4,152.65
500.31,230.91,256.93,153.44
499.85,230.72,254.32,153.96
500.01,231.03,251.4,154.08
502.93,230.27,247.31,153.71
502.26,228.69,243.95,153.05
501.42,228.48,241.37,152.7
499.99,228.86,238.57,152.69
506.17,225.92,232.76,157.76
508.19,223.03,228.84,161.34
501.4,225.55,229.34,158.52
495.89,226.54,230.44,155.17
491.38,228.78,232.09,152.84
504.41,233.73,230.21,150.38
498.84,236.17,230.24,148.25
496.25,237.75,230.66,147.14
495.05,239.72,231.74,146.66
497.01,243.28,232.04,147.16
498.32,246.86,231.87,148.79
501.66,244.54,227.68,155.52
504.2,247.01,224.46,160.86
523.69,256.02,223.01,162.73
521.81,258.58,222.52,165.62
523.01,263,219.67,168.65
523.16,266.55,218.68,171.22
523.86,271.19,217.81,173.46
525.99,275.91,217.05,176.72
526.54,278.61,217.97,179.72
527.88,281.45,219.37,181.86
529.87,286.82,220.89,183.63
533.34,288.81,221.63,185.53
536.77,293.06,222.22,187.37
541.55,298.6,223.36,188.51
544.34,304.71,224.19,187.87
547.57,307.93,224.95,188.46
552.19,311.24,225.25,188.16
556.3,312.72,224.13,188.46
559.45,314.1,223.09,188.6
560.79,313.71,222.93,187.72
564.15,315.22,222.19,187.21
568.5,315.92,221.99,185.37
571.76,317.03,221.83,183.31
575.38,317.9,220.92,181.56
577.74,318.24,220.81,179.77
580.26,320.63,221.23,178.08
582.26,320.66,220.96,176.61
583.25,321.05,221.55,175.06
584.89,321.88,222.45,173.05
585.71,323.4,223.46,171.38
586.71,323.94,224.71,169.77
586.61,323.56,226.04,167.6
581.11,325.46,231.94,161.88
578.79,327.09,236.5,156.9
576.9,327.94,239.57,153.24
573.71,328.35,243.48,149.86
572.82,327.99,246.1,147.24
571.84,326.91,249.11,144.91
571.97,325,251.05,143.09
569.43,323.55,253.77,140.98
569.25,321.63,254.92,139.42
568.89,320.66,254.51,138.06
571.72,320.19,253.29,136.92
571.09,319.12,251.7,136.03
568.87,318.13,249.29,135.51
566.32,319.64,249.04,135.13
566.49,320.85,248.45,134.56
568.36,320.39,247.68,133.9
569.71,320.33,245.09,134.29
569.52,319.46,243.27,133.88
570.48,319.35,241.8,132.83
571.72,318.65,239.83,132.59
571.57,318.59,238.53,132.48
573.36,317.42,238.28,132.27
572.14,317.53,238.59,132.27
573.09,317.35,238.8,132.12
575.77,317.95,238.74,132.01
579.78,318.58,237.49,132.52
581.23,319.87,236.35,132.48
583.47,321.11,234.16,132.21
584.74,321.96,232.25,131.61
584.87,324.01,231.8,130.64
585.2,325.94,231.31,129.98
585.49,327.74,230.92,129.62
584.29,328.95,230.56,129.28
581.36,330.25,230.7,129.58
581.25,332.05,230.32,130.11
582.07,333.29,228.87,130.31
580.83,335.22,228.48,130.78
580.08,336.87,227.87,131.04
577.75,338.17,227.29,131.42
576.4,339.18,227.48,131.62
574.82,340.35,228.01,131.51
573.38,342.39,227.4,131.66
571.66,342.62,227.2,131.87
571.41,342.27,226.08,132.66
568.14,343,226.42,133.2
565.95,343.17,226.12,133.99
562.37,342.03,227.15,135.28
560.58,341.63,229.13,135.97
556.36,340.82,230.53,137.23
554.05,340.53,231.8,138.06
549.66,339.99,233.26,138.35
544.41,339,233.35,138.99
539.63,338.37,234.47,139.74
538.51,338.18,234.08,140.88
534.02,337.75,234.13,141.19
531.63,337.11,235.02,141.37
528.08,335.69,235.68,142.41
527.29,334.77,237.74,142.22
526.28,334.65,239.66,141.57
528,335,240.92,140.71
527.61,334.62,242.93,140.06
526.11,334.61,245.89,138.96
523.83,334.42,248.8,138.35
521.04,333.35,252.37,138.1
519.36,333.8,254.47,137.72
518.59,333.36,255.25,137.59
517.96,333.85,257.49,137.37
518.63,332.5,258.76,138.31
517.61,333.16,259.84,138.47
518.82,331.16,260.11,138.86
518.9,329.5,260.32,138.92
518.5,328.48,262.44,139.09
519.88,327.14,264.23,139.41
519.2,325.83,265.82,139.9
518.82,325.88,266.49,139.58
519.53,326.67,267.69,139.02
519.09,326.95,268.97,138.3
518.05,328.8,270.71,138.02
515.55,328.91,273.62,137.78
511.13,329.1,276.19,138.43
506.89,329.16,280.01,139.03
501.07,329.94,283.18,139.52
498.9,331.3,288.14,140.47
497.14,332.35,292.8,141.46
495.79,333.85,295.6,142.86
493.35,335.12,298.83,144.39
494,335.65,300.72,146.29
492.51,336.86,303.78,148.73
490.21,337.12,307.77,150.17
488.8,338.78,311,151.96
489.67,340.04,313.87,153.6
492.77,341.23,315.13,155.5
493.57,343.38,317.08,156.84
492.68,344.24,319.6,158.21
493.27,343.82,322.18,159.68
497.4,347.05,323.13,160.75
500,349.73,323.55,161.94
500.42,351.13,323.58,162.92
505.27,351.39,323.22,164.21
508.45,353.49,321.93,164.98
506.89,353.34,323.21,165.75
508.65,355.12,323.43,166.55
509.73,356.03,324.14,167.15
509.42,357.13,326.83,167.54
507.76,358.07,330.15,168.17
508.81,359.49,332.44,168.84
511.27,361.27,330.26,170.36
513.73,360.98,329.3,171.91
518.33,362.04,329.64,173.38
517.71,362.15,330.73,174.8
519.14,363.71,331.93,176.43
519.64,365.03,334.34,178.05
517.54,366.99,338.58,178.67
517.74,368.7,341.05,180.43
519.48,368.75,342.12,182.04
520.91,369.41,343.49,183.81
517.06,368.66,346.7,184.93
520.16,370.05,348.07,186.4
517.24,370.05,351.46,187.27
516.82,369.46,353.06,188.1
513.3,368.5,356.87,188.55
511,368.75,360.87,190
510.79,369.32,362.59,191.88
508.45,368.8,364.99,193.22
505.44,368.82,365.81,194.24
504.99,368.77,365.81,195.05
498.9,367.73,365.98,195.58
494.94,369.43,368.99,196.48
490.84,369.13,372.65,197.64
485.44,367.95,376.07,198.09
480.77,366.86,377.5,198.37
478.54,366.06,379.51,198.06
479.28,365.69,380.43,197.96
480.41,366.43,379.57,197.81
476.63,367.07,379.43,198.38
473.25,365.76,381.37,198.4
467.89,366.4,383.39,198.45
466.02,364.72,384.1,199.42
460.51,363.61,386.43,200
453.18,362.99,390.35,200.05
453.25,361.66,393.15,200.92
449.67,361.79,396.76,201.28
445.63,359.61,402.16,201.86
439.46,357.23,406.41,203.28
434.31,355.44,409.09,205.63
427.34,353.95,415.21,207.04
427.35,351.3,417.59,209.07
429.19,348.22,420.46,211.95
426.75,346.4,423.95,214
425.33,344.93,427.6,214.96
425.97,344.19,430.01,217.11
426.42,344.26,432.88,218.59
428.69,342.68,435.08,219.55
430.65,342.5,436.4,220.59
433.88,341.08,437.79,221.63
434.65,341.9,440.42,221.99
433.76,341.03,442.35,223.2
433.58,338.47,443.75,224.18
434.44,335.61,446.21,225.55
432.81,335.37,447.61,226.14
432.45,333.28,448.45,226.78
430.19,333.78,450.28,226.6
429.56,333.2,451.73,226.97
427.19,330.92,453.74,228.15
432.26,330.46,454.26,228.69
434.58,331.57,452.66,228.43
434.71,330.62,453.28,229.36
434.13,331.02,454.5,230.29
434.93,331.67,454.65,231.32
434.64,333.87,454.92,231.54
436.74,333.86,455.92,232.43
439.66,332.9,457.07,234.14
439.65,335.37,459.07,234.25
441.58,336.21,459.79,234.58
444.25,337.92,460.92,234.52
445.33,338.61,462.06,234.78
448.02,339.57,461.57,234.78
450.2,341.16,462.48,234.33
447.08,341.91,463.03,233.37
445.77,343.75,462.64,233.11
443.8,344.98,462.23,232.88
446.18,345.26,459.85,233.16
447.1,345.37,458.28,233.3
446.51,345,456.42,233.48
447.27,346.59,454.98,233.53
447.34,347.23,454.76,233.56
446.36,348.36,455.1,233.39
446.75,347.78,454.15,233.82
446.7,348.69,454.36,234.8
446.01,346.16,455.55,236.65
445.26,345.61,456.77,238.41
443.89,343.99,459.26,240.23
444.33,342.91,461.89,241.64
444.45,341.8,463.55,243.29
445.93,340.09,465.12,244.61
446.46,338.83,465.65,246.32
448.76,337.35,464.65,247.75
453.85,336.6,463.67,248.87
455.38,335.94,462.69,249.2
457.07,333.24,460.7,250.02
456.71,332.75,458.79,249.97
454.56,332.34,458.16,249.87
455.46,331.09,456.69,249.22
456.76,329.39,457.22,248.51
455.7,327.51,458.34,248.7
454.17,326.23,459.75,249.45
452.75,324.84,461.57,250.28
451.69,321.32,461.57,251.56
453.85,316.65,460.91,252.98
455.53,310.54,462.59,253.72
454.44,303.94,462.94,255.09
448.41,299.01,464.85,255.52
439.18,293.72,466.45,256.42
428.64,288.69,472.16,258.2
420.46,283.42,477.64,259.57
412.6,278.63,482.4,261.69
406.16,274.13,486.57,261.78
402.56,267.98,487.97,261.64
394.39,265.64,492.12,261.85
389.54,259.21,495.12,263.35
386.35,255.18,498.44,265.14
383.01,251.52,498.66,265.34
378.51,248.21,501.89,266.35
373.6,245.12,505.83,267.66
368.09,242.77,508.76,267.98
374.41,242.02,507.72,269.38
374.1,241.9,509.54,271.45
374.27,242.01,510.35,274.08
374.65,242.18,511.15,276.94
377.71,244.63,510.41,278.5
382.27,248.84,508.13,278.77
385.74,252.45,508.53,278.46
384.04,252.69,512.37,279.01
380.83,256.64,516.42,279.78
381.23,260.35,519.33,279.52
379.03,262.55,523.04,280
375.51,266.63,525.24,280.42
372.67,270.25,527.83,280.71
371.54,271.27,530.54,280.5
369.58,271.92,532.09,281.14
371.02,272.87,529.38,280.72
373.42,273.53,525.09,281.06
373.93,272.42,521.73,280
362.01,270.75,519.87,278.34
358.94,265.97,519.8,275.91
347.59,258.98,517.65,273.24
341.64,255.61,515.53,271.98
336.14,250.66,512.32,270.85
336.05,243.69,507.95,269.43
337.43,237.77,502.69,269.68
341.4,232.8,496.05,271.48
340.1,230.78,491.11,271.75
336.61,228.94,491.45,270.68
331.91,227.18,491.04,270.45
335.76,224.5,491.06,272.47
338.46,223.08,492.5,273.05
340.23,220.94,493.6,273.33
345.95,217.79,494.47,274.5
352.43,214.13,493.48,277.37
358.73,213.23,492.35,278.86
365.82,212.7,491.27,281.1
369.83,212,490.71,282.82
377.59,212.96,489.52,284.07
384.42,215.28,489.24,284.6
388.17,216.94,488.05,284.25
393.67,217.18,487.59,283.5
399.83,220.25,485.73,282.06
404.95,222.83,482.79,278.31
406.71,227.49,479.32,274.99
410.11,231.78,475.75,272.81
413.07,235.08,473.27,271.15
415.82,239.03,470.02,268.81
422.24,243.39,466.3,268
424.84,251.25,458.81,266.37
428.64,259.56,451.78,264.19
429.16,268.2,448.3,261.73
429.39,271.4,444.35,260.11
431.06,278.47,439.86,259.57
435.07,283.38,435.56,258.2
435.63,289.27,430.73,256.83
434.74,290.03,425.59,255.85
435.64,293.73,421.6,254.63
432.57,294.55,419.96,252.9
429.18,291.93,416.41,251.89
428.19,288.14,412.73,250.62
427.88,284.75,407.02,250.07
429.54,281.37,400.88,247.95
426.19,280.94,392.95,246.71
427.73,279.09,386.3,244.68
428.66,277.1,380.25,242
425.83,274.56,375.81,240.31
429.9,272.92,370.64,238.04
429.11,270.39,364.27,236.77
429.77,268.25,357.78,234.42
426.89,266.96,353.01,232.21
427.94,266.84,348.36,229.98
429.54,266.69,345,228.86
429.85,268.24,342.95,228.89
429.04,269.48,341.6,229.38
429.09,271.3,340.5,230.28
435.54,269.13,334.08,240.63
437.17,273.92,335.82,238.93
438.08,278,337.54,238.22
441.3,282,338.37,238.36
445.81,285.29,339.02,239.13
453.34,289.13,338.08,240.35
460.93,295.48,338.73,240.2
470.02,301.12,339.89,239.73
476.78,306.23,341.04,239.37
486.86,311.77,341.04,237.76
490.63,317.74,341.01,235.56
495.67,319.54,340.82,233.85
500.01,322.38,340.25,231.47
504.59,324.12,341.26,229.5
508.55,326.99,341.65,227.85
515.17,329.12,342.06,226.52
515.58,328.88,342.01,226.05
522.94,328.84,341.21,225.15
525.56,328.58,341.85,225.06
530.16,329.8,342.26,224.17
535,331.79,342.35,222.45
544.66,334.2,338.23,220.55
550.73,334.54,334.98,218.14
557.61,339.59,332.79,216.7
558.94,342.07,332.68,215.12
560.49,344.91,333.15,214.21
562.82,346.26,332.46,214.17
566.42,349.5,332.26,214.84
570.73,350.67,331.69,214.94
573.96,352.45,331.7,215.97
577.92,355.1,332.43,216.71
584.03,357.37,332.01,218.27
590.71,359.67,332.04,218.99
594.41,362.17,331.03,219.17
600.28,363.36,329.95,219.2
605.39,367.01,328.94,218.76
612.26,369.85,325.85,217.86
612.73,371.56,323.95,216.32
613.61,371.69,322.23,215.79
615.19,372.41,321.83,216.36
615.04,374.27,320.71,217.09
613.18,375.08,320.08,217.9
612.32,374.88,319.37,218.59
623.13,374.85,312.15,227.85
632.59,374.9,306.3,235.21
642.59,374.33,300.99,241.03
648.16,373.03,295.73,248.36
649.79,370.52,293.11,253.54
647.7,366.64,292.09,256.28
647,365.51,290.82,259.04
644.93,362.18,290.1,260.95
643.71,360.14,290.3,262.22
643.5,358.87,289.76,263.15
642.78,356.86,290.62,264.89
642.55,356.16,291.11,265.64
644.17,357.49,290.21,266.89
641.71,355.9,289.21,268.05
641.79,355.3,288.58,270.02
639.3,353.71,289.72,271.65
641.82,354.29,290.55,273.21
644.42,355.89,291.96,274.12
650.24,356.37,292.98,275.89
655.3,356.46,293.44,277.3
660.52,354.3,294.16,279.54
662.84,354.48,295.85,280.36
665.34,353.93,296.39,281.28
666.8,356.11,298,281.63
669.81,359.14,299.41,282.89
673.92,360.26,300.09,285.19
675.94,361.1,301.67,287.1
679.18,360.37,303.13,289.06
676.62,359.38,304.6,291.19
677.12,355.02,306.39,294.24
677.85,350.5,306.53,295.88
679.85,348.02,305.61,297.07
678.57,344.35,307.25,297.18
676.78,340.56,308.31,297.85
673.6,332.91,310.96,296.01
671.65,324.14,316.22,294.02
672.53,315.51,319.85,291.77
665,310.39,323.29,290.31
659.97,304.12,326.98,290.37
657.58,299.54,327.71,290.77
652.85,294.23,328.41,291.47
651.64,290.65,330.62,291.3
647.06,287.86,334.95,291.79
644.87,286.88,338.85,292.16
646.39,285.71,339.74,293.22
643.94,283.16,342.15,292.26
639.69,284.91,343.2,290.82
637.05,286.42,344.05,289.87
573.77,286.85,362.98,276.77
555.56,288.3,382.16,267.44
534.64,289.08,397.95,260.33
511.43,291.91,415.48,256.22
496.27,297.18,431.06,253.94
481.67,300.73,446.04,252.2
465.16,304.8,459.67,250.92
452.29,306.27,470.52,250.04
435.07,305.61,482.58,249.74
422.25,306.14,491.1,250.02
413.45,306.27,496.9,249.82
403.82,307.4,500.12,251.75
398.49,303.62,501.97,253.83
389.32,300.7,506.1,254.95
378.54,299.17,513.03,256.96
367.26,294.96,520.29,258.37
356.04,295.84,527.05,258.7
348.07,294.87,530.69,260.87
342.79,290.57,533.4,263.59
333.61,289.92,540.74,265.72
328.49,287.72,548.84,266.79
322.28,285.65,555.47,268.12
318.76,283.5,559.46,269.57
317.22,278.52,561.41,271.46
318,275.05,562.3,272.49
316.82,273.46,564.51,272.21
315.48,272.85,566.62,272
317.45,271.11,568.75,273.02
319.58,270.75,572.24,273.09
318,268.84,577.79,271.49
317.11,266.83,582.17,270.68
316.41,263.96,581.62,270.41
315.63,261.59,581.67,270.3
315.77,260.25,580.38,270.46
314.63,256.67,578.75,270.91
311.15,252.76,578.56,271.25
309.63,251.22,578.99,272.25
306.96,249.89,580.62,274.01
303.04,247.12,583.03,275.76
296.54,246.99,587.81,274.99
290.88,245.93,591.56,275.69
289.79,245.38,595.21,277.01
284.87,246.52,599.64,276.6
278.15,244.65,605.27,277.01
271.55,243.65,610.56,276.86
270.15,242.39,613.32,277.52
266.84,239.77,616.43,277.99
262.58,236.91,620.43,279.02
259.99,235.73,625.69,280.44
259.68,235.87,629.9,281.35
258.84,235.05,633.16,281.74
259.56,232.01,634.65,282.12
261.5,229.51,637.45,282.06
258.02,227.21,642.44,280.86
258.07,225.04,646.17,280.71
260.19,224.26,650.12,280.15
258.65,220.25,654.18,279.34
255.24,216.78,659.32,279.55
242.98,212.78,666.16,280.32
239.85,212.05,673.66,281.16
242.58,210.69,682.69,281.61
242.09,209.29,688.75,283.23
243.17,207.7,693.58,285.71
251.4,206.26,697.53,287.18
243.05,204.2,701.98,289.37
238.5,203.75,705.7,290.09
236.91,202.42,709.82,291.1
234.85,200.72,714.47,291.72
234.49,199.82,718.32,291.29
230.11,200.61,722.6,290.07
227.3,200.45,726.08,290.18
227.49,201.52,730.92,289.79
248.49,202.69,731.21,288.81
261.01,204.62,730.71,288.06
267.97,206.63,731.04,287.94
274.17,208.22,731.42,288.56
279.53,207.4,730.12,290.51
284.17,207.46,729.34,292.31
289.44,209.75,730.12,293.53
290.03,210.6,731.4,294.23
290.48,212.93,732.69,294.53
294.72,216.72,734.29,294.27
293.6,218.18,734.97,295.48
293.89,218.78,734.91,295.75
296.99,221.11,733.86,296.48
295.93,221.77,735.45,297.06
279.17,226.27,740.2,298.65
271.31,230.63,748.47,298.9
270.77,229.49,754,299.73
284.62,225.25,757.74,300.6
287.95,221.55,762.36,299.93
293,221.72,771.85,300.1
297.52,221.32,778.32,301.09
286.43,221.22,781.53,304.22
283.2,222.06,786.53,304.86
293.59,217.5,790.59,305.5
300.82,212.13,790.82,306.65
293.98,212.22,793.31,307.66
306.7,206.54,795.85,308.7
311.91,206.05,798.15,308.48
317.91,205.19,798.97,309.02
314.71,203.25,802.24,309.31
295.87,203.6,809.32,308.87
281.77,202.45,818.67,309.08
265.85,202.03,830.64,309.4
258.78,199.93,841.13,310.22
254.4,195.29,847.67,313.94
242.88,188.09,857.09,318.46
223.98,187.08,865.77,320.03
197.42,183.44,872.25,321.81
166.28,183.61,876.24,322.56
143.73,185.27,876.76,325.36
133.65,191.08,878.81,326.88
122.24,193.44,881.25,328.8
121.34,192.69,881.77,330.15
130.87,200.26,876.87,329.75
139.88,205.6,872.26,330.11
154.71,205.17,869.18,331.92
161.69,206.84,873.3,332.67
164.95,200.2,874.36,333.5
167.74,195.28,871.82,335.2
172.04,189.25,872.44,336.19
181.03,189.61,868.14,337.64
185.05,192.31,866.26,337.84
191.98,193.24,860.95,341.25
197.16,195.87,852.09,344.62
198.28,198.04,845.82,349.76
207.24,199.43,836.43,351.92
220.14,201.57,825.43,354.42
235.45,200.72,812.64,357.19
241.79,202.69,802.6,359.35
245.01,204.38,793.6,361.23
250.4,207.95,788.31,363.18
254.17,208.27,784.54,364.95
259.04,210.25,777.54,366.52
269.28,214.33,768.97,368.71
275.1,211.33,760.52,371.17
278.63,210.84,755.15,368.8
280.57,213.39,749.11,367.72
281.77,213.78,744.97,367.43
278.46,215.91,740.05,366.58
282.3,218.12,732.2,366.28
284.64,217.63,729.46,364.51
280.44,208.88,728.91,362.66
281.04,208.76,726.94,362.35
279.04,211.37,724.75,361.13
286.17,207.41,719.62,360.48
282.57,210.41,717,357.26
282.96,214.99,711.26,354.36
284.79,211.03,706.61,352.75
286.68,214.78,699.83,350.88
299.89,224.04,693.09,346.68
307.94,225.9,682.19,345.4
316.73,226.45,670.29,342.74
325.22,227.47,658.75,340.51
333.75,226.92,646.75,339
344.09,229.24,633.25,336.98
344.99,227.11,619.3,336.47
353.75,227.51,605.35,333.28
358.56,231.84,592.68,329.92
366.51,234.76,579.47,325.69
370.11,236.31,569.06,320.74
374.36,237.16,560.83,316.11
375.35,241.77,557.47,311.84
379.84,240.95,552.7,309.32
385.95,239.09,547.24,306.15
396.62,242.42,542.63,303.35
401.61,246.03,539.12,301.22
408.64,243.89,536.83,300.01
412.57,240.84,535.65,299.31
416.36,238.22,535.38,298.88
423.24,234.72,535.81,298.56
426.84,230.78,533.13,298.74
432.47,226.28,529.38,300.05
442.67,224.87,527.56,302
445.41,219.85,524.29,305.03
452.96,216.96,519.92,307.51
458.53,212.44,514.15,308.81
460.75,210.42,511.19,309.49
466.53,209.11,509.25,310.31
469.08,209.14,509.14,310.85
476.04,208.61,507.74,311.83
478.89,209.05,508.77,313.38
483.98,210.62,506.77,316
485.37,211.63,506.13,317.44
481.67,213.63,507.76,318.08
484.3,217.18,507.02,320.8
484.58,217.87,505.83,324.21
485.42,216.39,505.85,326.07
483.21,213.24,509.52,327.77
482.84,210.38,510.7,327.59
482.14,206.31,511.33,328.68
483.47,204.39,513.88,328.96
488.39,204.03,514.35,328.44
486.42,202.87,513.72,327.21
485.24,200.53,513.59,325.51
480.69,199.31,512.9,325.26
482.3,199.85,512.79,324.57
484.86,197.15,510.3,325.24
485.06,191.47,505.49,326.29
486.65,187.56,503.64,326.02
483.82,184.49,501.19,324.84
486,184.91,497.99,323.55
489.26,184.45,494.24,321.95
492.75,182.21,489.73,320.84
499.09,179.11,483.14,321.16
498.42,175.02,477.63,321.96
499.72,170.73,476.57,323.05
500.82,166.34,472.57,323.07
501.9,164.79,468.77,322.69
502.75,162.71,466.02,322.04
507.58,161.51,463.09,321.72
511.18,161.24,459.49,321.41
511.57,159.2,457.25,320.65
516.31,155.3,454.14,319.85
521.17,155.68,452.27,319.45
526.58,156.25,450.46,320.08
526.69,155.75,448.68,321.33
523.94,154.77,448.59,321.31
522.9,151.6,446.42,321.12
521.87,150.31,446.74,320.26
521.23,151.46,446.96,320.1
520.03,150.95,447.55,319.37
520.16,150.41,448.95,317.73
523.23,152.49,449.07,316.41
524.29,152.47,446.83,316.81
523.71,151.92,444.55,317.23
519.98,150.58,445.28,317.77
529.21,154.13,435.69,328.95
527.89,153.91,431.26,338.07
524.85,154.64,428.19,345.05
521.62,153.59,425.65,350.71
514.5,153.49,425.01,356.19
508.9,153.71,424.18,361.1
506.41,154.99,422.03,365.33
501.56,156.29,421.62,368.86
494.94,157.28,421.75,370.63
484.87,155.38,423.47,370.82
476.29,157.56,425.98,369.36
470.49,159.12,427.62,368.83
466.75,160.04,428.84,369.01
464.52,162.21,428.44,369.86
461.32,163.43,428.82,368.33
460.07,166.47,428.79,366.57
453.79,172.75,430.06,364.53
451.68,175.82,429.85,362.5
451.42,178.59,429.14,361.46
451.81,181.8,428.33,362.1
451.75,186.51,428.65,363.01
448.78,190.3,430.02,362.84
451,196.16,431.65,363.49
453.55,199.99,432.41,363.22
455.35,203.09,432.34,361.28
459.68,206.34,432.7,360.91
460.81,208.45,433.99,361.03
467.03,209.17,433.2,361.18
472.53,209.33,430.86,359.66
474.94,214.25,427.38,357.3
480.94,217.56,422.8,355.92
489.05,219.01,417.03,355.92
490.01,218.47,414.1,353.48
491.83,215.59,411.72,350.54
493.87,213.69,408.57,349.24
494.91,211.83,404.09,347.46
495.69,210.44,401.22,344.47
494.8,206.74,399.51,341.08
494.51,205.6,399.1,337.4
490.43,203.47,399.19,334.92
486.02,202.44,398.46,334.22
485.32,200.9,396.77,332.14
483.21,199.44,394.61,330.03
480.65,196.76,392.49,328.49
481.43,192.64,390.37,326.16
478.38,190.92,390.96,323.49
478.54,190.9,390.63,320.68
479.53,188.87,390.01,319.04
481.59,185.55,389.3,318.02
484.28,186.33,388.77,317.22
486.99,187.73,387.9,316.11
489.47,188.9,387.82,314.11
491.91,190.47,388.38,313.25
493.8,195.49,388.62,312.25
496.76,198.86,389.28,311.36
498.45,203.94,390.57,311.62
499.02,210.36,391.01,311.03
497.76,216.47,392.22,309.21
495.38,223.7,393.77,306.99
496.13,231.72,395.01,304.33
497.3,239.18,395.43,301.76
500.84,246.6,394.75,299.41
504.1,252.93,394.36,296.74
504.3,259.21,394.72,293.69
506.51,265.43,394.77,290.69
506.84,269.7,395.92,288
495.38,270.18,403.23,281.09
491.65,274.51,406.78,274.9
488.35,277.21,410.8,269.96
488.32,277.72,412.54,266.64
485.49,278.15,415.07,263.31
484.53,278.07,418.22,260.32
483.02,278.64,420.89,257.95
484.79,276.77,422.28,256.2
485.53,276.57,421.7,255.58
485.65,273.67,420.97,254.4
486.09,272.3,418.47,253.71
488.58,270.08,414.64,253.22
486.72,266.57,411.18,252
486.7,263.86,407.9,250.57
485.39,258.13,404.68,249.29
482.7,254.54,403.04,246.04
481.27,250.15,400.65,243.31
478.26,244.37,399.46,242.04
477.99,240.38,399.34,241.26
476.47,237.66,399.18,239.8
476.35,234.19,398.85,239.26
473.84,232.24,398.03,239.61
475.5,229.57,397.76,240.64
474.87,229.52,398.43,241.37
475.28,228.73,399.03,241.64
474.68,228.51,399.56,242.11
475.28,228.96,399.62,242.68
475.57,232.52,399.18,243
476.81,232.8,399.32,243.4
477.48,236.35,399.61,243.78
481.41,236.99,401.64,242.95
484.25,239.06,402.56,241.97
487.58,240.1,405.21,240.81
489.55,239.98,408.32,240.15
489.6,240.53,411.29,239.23
491.04,240.76,413.46,237.98
493.77,241.02,415.42,236.23
492.55,238.92,417.9,235.52
489.36,239.42,422.6,234.2
488.21,237.68,428.1,232.9
487.57,238.81,433.13,231.24
485.96,239.45,436.94,230.25
483.75,240.4,441.66,228.93
482.12,242.22,445.79,227.73
483.8,242.99,448.99,227.36
485.19,244.65,451.52,226.46
486.62,245.36,452.93,225.7
489.67,247.55,455.73,225.24
491.16,247.25,458.92,225.93
492.5,249.12,461.4,225.55
491.78,250.4,464.79,225.25
491.71,252.69,468.07,224.44
486.33,254.22,473.92,222.83
483.21,257.17,479.35,221.84
483.46,260,484.45,220.92
467.86,262.69,492.19,221.02
461.9,264.7,497.55,221.62
471.65,267.59,499.69,221.18
477.21,270.62,502.69,221.51
469.15,272.1,507.73,222.33
468.86,274.86,512.14,223.65
471.36,276.11,516.8,224.7
483.94,277.82,520.28,225.39
486.23,278.97,525.75,227.11
487.34,280.52,530.33,228.26
470.14,277.52,534.85,230.37
484.1,278.33,538.59,231.63
483.57,280.03,541.86,232.34
481.95,280.7,545.16,233.86
464.64,276.48,550.66,236.14
468.04,275.5,555.9,236.71
466.67,274.36,557.64,237.6
462.3,271.76,559.62,238.33
459.18,269.07,561.75,239.3
455.48,266.77,565.79,239.54
452.77,263.33,569.09,239.96
445.82,262.54,571.33,240.33
444.98,259.39,573.41,241.41
429.62,255.73,574.84,241.69
438.73,254.49,576.91,241.97
426.26,250.57,579,242.13
431.62,246.18,581.64,243.99
418.97,242.44,583.21,243.78
411.54,237.58,586.55,244.06
408.85,233.36,586.66,245.41
405.92,228.94,587.14,247.08
401.71,224.42,586.93,249.47
395.76,220.96,585.96,251.2
391.54,217.78,586.5,251.88
386.31,216.87,586.77,252.36
381.79,214.26,587.65,252.37
375.86,212.21,587.63,253.09
372.85,210.11,587.64,253.55
365.58,207.14,588.98,254.15
362.28,205.18,588.92,255.21
356.19,204.03,589.63,255.88
358.06,202.13,588.91,256.61
361.79,202.74,586.55,258.25
361.48,202.02,583.3,259.88
359.53,203.22,580.66,260.11
357.36,204.81,579.14,259.57
355.39,205.69,577.8,259.02
354.91,207.52,576.03,258.73
355.27,208.19,575.02,258.29
351.09,210.7,576.25,257.68
351.6,212.99,576.09,257.15
350.63,214.56,576.01,257.01
350.72,216.77,575.02,256.53
349.26,218.05,575.36,255.9
351.43,218.28,576.19,255.46
347.91,218.55,577.03,254.86
347.51,219.52,579.33,254.6
344.59,219.2,582.37,254.16
343.78,217.82,585.17,254.5
342.48,216.34,587.16,255.37
340.68,216.32,589.09,255.38
342.04,212.42,591.03,256.74
340.16,212.33,593.13,255.79
335.64,209.28,593.09,255.87
335.8,206.09,591.73,257.02
333.12,202.91,590.04,257.82
332.81,198.88,589.88,258.74
320.75,195.41,591.68,258.5
329.44,197.04,590.12,259.32
322.35,189.99,591.58,259.4
317.79,190.73,593.17,259.15
322.59,186.52,592.49,258.91
322.59,186.28,592.81,258.99
326.75,181.91,593.56,259.2
334.24,186.67,591.16,259.05
329.98,180.46,591.55,259.7
334.21,184.06,588.48,259.6
340.18,183.38,586.62,259.84
345.7,182.56,585.26,259.71
347.94,186,584.49,259.34
347.84,186.01,584.14,259.72
349.16,185.15,583.4,260.36
349.54,184.96,583.74,260.41
353.06,183.85,583.28,260.8
354.75,184.63,584.9,260
356.5,184.85,588.22,259.73
359.27,182.36,591.45,259.82
358.66,184.39,597.83,258.53
358.84,182.86,601.18,258.95
361.04,181.03,603.45,259.77
363,179.61,601.57,261.88
365.19,178.4,600.94,263.5
365.32,177.18,600.79,264.43
366.74,176.38,603.04,265.5
367.8,176.81,606.46,266.67
368.08,175.44,608.29,266.71
368.77,173.83,613.47,266.79
370.14,173.46,615.78,268.2
371.07,173.15,614.97,270.05
370.72,172.34,614.7,271.9
369.21,172.64,615.39,273.73
364.6,174.91,617.02,274.31
359.61,175.59,617.76,275.26
360.76,177.7,618.44,276.59
358.96,180.81,618.28,278.13
358.45,186.41,618.18,278.22
355.48,191.15,617.44,277.85
351.41,196.63,617.51,277.28
349.85,200.28,617.47,276.9
349.07,202.4,617.85,276.63
349.74,203.17,616.95,276.4
343.8,204.52,616.42,276.33
339.13,205.38,614.43,277.67
334.8,203.71,615.05,277.53
339.76,205.12,613.79,278.71
337.3,204.09,616.48,279.6
332.1,201.84,621.71,280.4
327.66,199.5,626.07,281.41
322.83,197.22,630.91,282.55
314.2,197.52,636.51,284.23
308.71,195.77,641,286.01
302.93,195.79,644.81,287.81
297.7,195.11,647.96,290.17
292.91,194.39,650.43,291.82
288.29,192.44,653.87,292.93
279.7,190.96,658.87,293.34
275.61,192.25,662.49,295.44
271.19,192.13,668.9,297.7
265.65,193.47,674.45,299.32
261.41,194.58,680.6,300.39
257.06,196.04,687.74,300.05
254.93,196.15,692.51,300.16
240.81,196.47,696.66,300.69
245.59,201.43,698.7,298.95
241.1,204.33,700.96,300.3
239.69,207.73,704.72,301.41
235.4,210.87,708.95,302.77
233.49,210.86,710.08,305.55
231.88,215.41,713.59,307.07
225.5,217.05,716.6,308.79
223.49,218.16,718.88,310.67
220.28,219.68,723.45,311.59
216.32,222.19,729.49,312.12
212.04,224.42,733.41,311.7
208.27,224.89,735.31,312.13
204.2,225.9,737.56,311.91
200.28,224.52,740.26,312.37
185.73,224.94,745.48,311.73
188.59,226.72,747.05,312.22
179.23,225.05,749.81,311.74
177.15,225.66,752.21,312.43
183.29,226.36,753.96,313.19
168.78,220.23,761.37,314.07
179.12,219,766.78,315.07
182.26,215.43,771.15,316.48
183.73,210.11,774.9,318.06
172.18,202.47,779.43,320.34
175.99,201.2,780.11,321.01
176.35,195.73,780.74,323.14
177.57,193.6,782.98,323.67
176.37,189.21,786.8,324.77
173.42,184.88,788.79,325.8
173.98,178.61,790.09,328
175.46,175.5,793.11,329.51
175.11,170.38,796.54,330.94
190.17,173.58,797.92,331.79
192.19,172.25,803.4,333.47
177,168.59,810.03,334.87
184.76,169.72,814.66,335.09
182.12,170.04,820.08,336.18
179.23,170.91,823.77,337.97
179.37,171.29,825.48,340.32
176.44,172.39,827.85,340.74
175.62,173.71,828.47,341.71
177.02,174.21,828.37,342.63
177.1,173.04,828.15,344.43
175.78,170.91,830.26,345.83
162.02,162.62,832.41,347.23
168.12,170.12,835.75,346.06
158.97,164.53,836.76,346.66
170.08,170.07,838.34,346.26
174.07,169.93,835.78,346.53
172.98,169.85,833.43,347.35
172.33,169.89,835.52,348.19
169.86,171.55,838.21,348.91
168.44,169.39,839.67,349.75
153.27,164.27,844.63,350.9
167.39,172.82,848.73,350.41
172.31,174.79,851.35,351.22
176.84,178.56,854.23,351.75
167.16,176.17,855.56,352.79
175.16,183.61,855.48,354.52
171.47,182.04,856.04,356.3
170.85,186.78,857.69,356.23
175.12,189.54,858.73,357.03
188.88,198.47,858.9,357.96
192.94,202.61,858.68,357.18
192.56,204.83,858.53,356.3
191.25,210,857.94,354.79
192.15,212.22,855.38,354.12
194.45,217.75,852.57,353.8
198.05,221.26,847.48,353.02
201.8,225.2,842.22,351.45
208.39,230.38,837.21,351.02
206.99,236.27,834.84,348.89
207.06,240.15,834.84,347.77
203.92,241.34,836.38,346.01
202.29,244.66,835.95,345.18
199.52,247.27,835.41,345.04
202.64,250.74,835.87,344.79
202.4,250.13,834.93,345.4
202.81,249.65,834.5,345.88
198.5,247.92,835.4,345.22
194.9,246.47,836.43,343.97
191.34,245.92,835.61,342.83
187.54,245.86,835.26,341.96
185.34,246.6,835.1,341.39
183.08,246.73,835.66,341.54
182.26,248.14,835.07,341.85
179.82,248.52,835.93,342.19
176.04,248.53,836.62,342.79
172.01,250.17,837.83,343.58
157.33,249.04,839.34,343.23
154.26,250.82,838.96,342.55
150.76,251.3,838.63,341.8
152.07,252.03,835.72,341.06
156.22,252.72,831.71,340.52
161.71,254.37,829.32,340.69
158.17,253.4,830.32,341.62
160.08,254.59,828.23,341.77
152.18,252,828.06,341.44
156.87,251.06,826.64,340.45
158.56,250.26,824.32,340.26
162.99,249.94,822.44,340.38
162.35,246.31,821.66,340.64
168.14,246.45,821.72,340.54
165.35,243.78,823.59,341.12
168.66,244.38,823.8,341.45
171.69,243.63,822.62,342.44
174.79,242.62,821.97,343.62
177.6,242.02,820.11,344.82
179.37,241.19,819.28,345.97
181.41,240.29,819.49,347
181.45,240.73,823.39,347.89
187.74,244.76,826.28,350.18
180.17,241.52,828.43,351.46
177.65,242.52,832.46,352.28
176.53,242.33,836.69,353.65
184.9,247.1,838.73,355.61
180.53,247.04,841.87,357.39
170.21,243.97,843.92,357.95
174.36,245.57,845.27,357.16
182.39,250.11,842.56,356.79
183.85,252.54,844.34,357.21
189.31,253.12,841.6,356.85
189.99,250.69,838.53,355.65
191.11,253.13,835.28,354.2
193.43,253.02,832.99,352.63
194.22,253.49,831.13,351.53
186.15,251.9,828.54,349.94
197.32,254.5,825.53,349.3
187.2,251.39,822.28,348.1
189.22,251.83,819.77,347.87
189.4,253.74,816.34,346.99
196.85,256.55,812.33,347.34
190.97,258.31,810.32,347.7
185.01,259.46,809.39,347.29
183.46,262.16,807.28,347.04
182.26,262.1,804.3,347.62
184.21,262.95,799.2,347.31
182.7,265.53,795.62,345.44
176.67,267.52,791.75,343.41
173.99,268.82,788.34,341.41
171.01,271.74,781.37,340.05
165.95,273.55,775.28,339.92
168.06,275.82,772.21,338.56
169.32,278.44,767.04,337.06
171.11,282.05,760.73,335.55
175.85,284.94,754.75,334.85
178.02,287.09,746.31,334.95
178.54,286.16,737,335.95
180.35,285.25,728.78,335.45
182.1,286.27,722.49,333.64
184.42,283.74,716.86,333.14
186.24,284.17,712.64,330.56
190.92,283.98,709.13,328.4
195.52,281.44,703.83,327.38
200.32,279.17,696.56,326.09
203.9,276.51,689.48,324.37
212.44,275.62,681.81,322.65
218.38,274.14,676.36,322.3
220.37,270.84,670.09,321.36
223.72,267.49,665.91,320.32
224.76,263.74,662,318.79
226.17,258.98,657.67,316.42
227.97,254.61,654.57,314.67
234.98,249.3,650.44,313.47
240.84,243.01,647.51,311.75
245.34,236.46,644.96,309.46
252.07,230.13,642.41,307.52
257.34,222.28,640.07,305.95
261.24,214.56,636.66,303.81
269.13,207.99,635.42,301.58
270.8,200.71,635.95,299.68
272.91,195.53,637.2,297.63
279.43,190.56,637.38,296.47
286.94,187.3,638.75,294.3
293.27,184.84,640.76,292.37
296.21,182.2,642.28,291.27
299.25,181.48,642.98,289.59
304.29,180.28,640.97,288.61
311.23,179.2,636.75,287.79
320.48,178.94,632.3,286.83
330.7,179.34,624.54,285.04
336.24,178.26,618.95,282.7
340.25,178.53,613.94,281.01
348.55,179.25,610.58,281.49
356.23,183.14,606.13,281.46
364.13,183.71,603.69,282.05
366.28,183.01,600.78,283.58
359.42,186.99,599.89,284.65
363.14,190.02,601.33,286.58
360.06,193.5,603.85,288.08
359.77,196.55,606.79,289.08
356.97,200.85,609.17,291.58
356.83,205.89,611.35,295.31
353.66,211.74,614.98,298.9
350.84,215.55,619.11,303.66
349.21,217.13,620.63,308.3
346.01,219.03,623.23,311.51
349.18,221.09,623.19,315.45
350.78,222.02,623.21,318.9
354.15,222,622.79,322
356.98,223.45,622.61,324.36
362.2,223.12,619.15,325.95
366.85,221.88,615.57,327.09
368.79,220.38,612.55,328.16
370.73,216.67,607.65,329.06
376.97,211.19,598.94,329.17
382.89,208.5,591.63,326.72
392.32,206.12,586.95,323.98
403.53,202.13,583.89,322.25
416.76,198.24,576.34,319.78
424.58,195.51,571.2,318.34
425.84,188.98,568.5,316.58
430.52,181.86,567.85,316.78
435.24,175.58,566.52,316.89
439.03,169.54,567.56,317.21
440.52,165.29,568.72,318.53
445.42,158.64,569.25,320.32
449.13,154.1,569.62,322.27
451.82,147.48,570.13,325.28
453.95,141.84,570.21,327.76
457.52,137.64,568.43,329.69
461.83,133.79,568.06,330.37
462.43,133.36,571.09,331.08
464.54,131.97,573.13,331.74
465.85,129.32,572.45,333.48
465.2,127.36,570.22,335.52
460.73,125.53,566.71,336.58
454.45,123.41,565,337.21
447.95,120.53,564.02,337.31
440.29,118.38,561.43,337.14
428,115.5,562.33,337.38
422.1,113.55,563.27,336.55
411.69,112.35,565.09,336.22
406.72,110.82,566.3,337.47
400.22,108.73,568.08,337.72
392.71,105.31,564.83,339.73
388.83,102.45,559.74,341.85
385.57,102.73,556.33,341.39
387.92,104.1,551.8,340.81
388.55,104.19,546.98,340.61
391.02,104.75,543.55,339.26
386.95,105.43,543.16,339.73
386.6,106.35,538.91,340.85
386.94,109.66,534.45,341.45
381.74,114.78,528.92,340.17
376.43,119.67,524.65,338.61
374.42,125.1,518.69,338.1
374.68,129.66,512.6,336.98
379.91,136.95,505.49,336.53
381.77,145.67,500.08,334.44
380.74,154.38,495.12,331.69
382.37,162.07,489.17,330.31
378.36,168.53,483.93,328.72
375.59,177.36,477.71,326.97
380.78,184.45,468.5,325.01
383.99,191.38,459.18,323.18
382.79,196.34,452.07,322.71
380.24,201.11,444.71,320.45
375.28,204.05,439.36,318.27
385,195.03,427.17,332.77
389.39,191.13,415.74,344.96
394.47,182.81,407.11,355.8
397.34,175.39,398.56,366.02
394.36,170.72,392.62,368.89
393.7,163.59,389.29,370.87
390.8,155.24,387.47,369.64
390.04,150.3,384.94,368.1
392.62,147.46,382.47,365.04
391.94,144.28,382.66,361.46
389.32,139.78,385.37,356.92
390.98,139.1,385.21,353.71
393.73,141.58,388.25,347.83
397.22,143.82,388.33,343.22
401.76,147.07,389.24,338.13
409.39,149.37,389.99,332.62
411.72,154.05,393.46,328.88
418.13,157.89,393.95,326.51
424.23,165.88,392.91,322.35
425.83,172.39,392.09,318.29
427.8,180.14,391.35,314.42
430.91,184.16,390.38,312.68
434.09,187.54,388.21,311.01
439.44,192.63,384.36,308.61
442.76,196.82,381.68,306.57
439.86,200.59,379.87,304.01
435.51,202.03,376.65,301.73
431.57,207.96,372.41,298.37
428.67,213.72,367.1,295.39
429.16,215.06,361.03,293.42
428.79,216.58,354.66,291.7
426.38,219.5,348.85,289.03
426.72,219.07,343.9,286.94
424.41,219.34,340.32,285.55
421.82,219,338.97,283.89
419.09,216.7,338.34,284.71
417.1,220.44,337.2,282.89
417.69,222.58,337.15,279.6
418.11,226.15,334.72,275.69
420.54,232.02,331.22,270.56
421.6,233.81,327.76,265.34
420.74,235.5,324.47,259
419.99,235.81,322.35,252.39
417.88,238.77,320.83,245.74
418.23,244.76,319.24,239.86
418.65,248.9,317.28,233.12
420.81,251.81,313.77,227.69
425.52,257.69,310.54,223.79
426.8,256.53,308.3,219.37
425.7,260.41,307,215.04
427.92,264.42,304.68,212.02
431.16,265.37,300.78,209.46
434.67,269.09,298.18,207.87
436.43,271.12,295.95,205.35
442.17,276.69,293.24,203.46
443.63,278.05,292.95,200.9
447.05,279.28,290.59,200.1
452.51,280.04,287.91,199.16
455.8,279.92,285.36,199.28
462.7,286.38,283.88,195.68
466.15,290.47,281.16,192.19
470.04,293.9,279.67,189.03
476.31,295.81,277.41,187.73
482.74,297.41,273.5,186.63
488.45,296.25,269.35,186.54
494.82,294.19,264.48,186.47
504.4,286.42,255.08,195.97
511.04,284.13,246.61,203.48
517,282.19,238.76,210.02
521.52,283.03,232.68,213.84
526.96,281.51,228.33,217.85
532.85,278.1,223.96,221.29
534.96,276.18,220.7,224.22
541.01,273.42,217.18,226.58
543.34,272.17,214.08,228.87
546.98,269.55,211.75,231.12
548.85,269.94,211.18,232.91
553.39,269.68,210.88,235.59
555.46,269.55,211.25,237.7
559.52,270.97,210.77,239.92
560.29,272.47,210.96,241.09
560.4,273.26,211.84,243.05
558.98,272.77,212.26,244.52
558.2,270.98,211.45,246.54
561.59,270.49,210.98,247.94
564.33,269.08,211.43,250.2
567.44,267.83,211.67,252.17
568.58,265.45,210.42,256.24
572.09,264.85,210.4,259.53
573.14,264.59,210.48,262.16
574.06,266.19,210.05,264
574.17,265.94,210.74,264.68
574.44,264.01,211.69,265.54
573.58,262.09,211.69,266.48
574.76,259.22,211.4,266.76
573.1,255.56,210.18,267.16
578,252.39,206.59,267.4
581.86,252.88,203.61,267.6
581.39,252.84,202.43,265.03
580.37,252.4,201.14,263.18
579.82,251.35,201.33,261.87
578.72,250.84,201.35,260.41
575.65,251.31,203.61,257.26
569.91,253.64,206.32,253.22
563.9,253.76,209.31,249.81
559.61,254.68,210.7,246.65
556.64,258.01,212.2,243.82
554.94,261.35,213.27,241.49
551.17,265.28,213.92,239.89
550.89,267.74,214.68,238.01
547.04,266.64,216.73,237.98
544.5,267.5,218.08,236.61
540.74,269.35,219.58,234.2
539.23,271.96,221.92,231.52
541.24,273.09,220.74,230.9
540.04,275.76,219.2,230.04
539.7,277.96,217.61,231.54
541.83,278.98,215.5,232.35
538.8,279.66,214.08,233.73
538.53,280.63,212.29,235.76
543,297.97,212.41,238.25
541.38,292.52,211.16,240.05
542.43,290.52,208.99,242.16
518.34,287.2,209.5,243.23
523.44,285.65,208.25,245.59
530.73,307.39,208.64,245.27
538.2,304.2,206.98,245.63
539.94,318.46,207.05,246.59
519.94,309.05,208.51,246.61
529.21,303.46,208.44,247.21
531.99,300.18,208.28,248.65
535.81,297.46,206.2,250.26
532.62,295.16,205.62,252.25
533.53,295.8,204.62,254.58
532.75,294.98,204.6,256.8
530.91,293.77,204.81,259.52
529.34,292.09,206.64,261.92
529.26,289.65,207.23,265.63
527.45,285.28,209.18,270.27
525.85,282.56,210.66,274.58
525.55,280.36,211.8,279.66
524.99,280.51,213.98,282.43
523.47,278.28,216.06,285.38
518.58,275.61,217.69,288.35
514.33,272.06,219.54,290.81
512.8,268.24,220.79,293.54
514.19,263.32,220.96,297.11
512.72,260.12,221.84,299.25
512.87,258.13,222.36,301.26
513.97,261.31,223.22,300.71
515.37,261.6,223.62,300.82
518.88,263.87,223.52,300.1
500.79,259.39,223.36,301.17
506.14,260.4,223.1,298.35
512.52,262.3,222.57,294.81
513.24,267.18,222.32,291.3
513.71,273.61,221.73,287.71
510.58,276.01,222.39,284.43
511.47,280,221.65,281.32
512.4,282.55,220.38,280.33
515.67,286.24,219.29,280
515.45,288.78,219.02,280.41
514.14,291.48,218.73,280.17
513.9,294.87,218.35,279.15
514.94,298.98,217.09,278.32
517.1,302.16,216.8,276.23
520.13,303.1,216.4,275.18
519.81,305.05,216.75,274.06
517.42,306.71,218.32,271.52
516.85,307.94,219.35,269.5
518.51,313.3,218.97,266.11
516.64,315.75,218.74,261.58
516.63,318.42,218.21,259.02
515.58,321.3,217.88,258.12
516.06,323.61,218.19,256.26
516.63,325.22,219.45,254.46
520.46,326.66,218.36,254
521.43,327.24,217.78,253.97
524.09,326.22,217.53,253.45
526.15,327.63,217.37,253.62
530.73,332.73,216.67,253.17
534.1,336.48,217.29,252.12
540.93,338.85,218.17,251.65
542.84,340.58,219.69,252.22
540.36,341.25,221.48,253.33
542.2,343.28,221.18,256.25
542,342.77,222.42,258.24
541.53,341.36,223.73,260.51
543.29,338.7,225.92,263.17
548.71,337.86,226.84,265.45
550.21,336.98,228.64,269.95
551.29,336.23,230.69,274.18
551.17,334.44,232.93,278.44
552.33,331.47,235.02,282.21
554.74,326.9,237.07,285.75
556.88,323.35,239.19,288.49
554.18,324.48,243.77,288.29
552.76,322.7,248.55,288.1
552.72,318.76,253.12,288.17
554.52,318.93,256.23,290.27
551.42,317.67,260.55,292.18
548.71,315.71,264.07,294.68
548.81,315.18,267.88,295.63
549.62,315.58,271.18,295.97
550.67,314.31,275.72,297.06
553.34,314.07,278.34,297.88
553.62,311,281.11,298.58
530.41,303.29,282.84,300.47
540.95,302.95,284.67,300.69
549.92,305.38,286.71,299.3
558.41,307.65,288.32,300.36
567.26,310.18,289.83,302.94
570.32,313.13,292.18,305.73
573.43,313.91,296.04,308.35
575.86,313.13,299.23,311.97
578.15,312.83,303.49,313.95
581.74,313.2,308.52,315.61
584.44,313.36,313.19,317.54
584.81,312.9,317.35,319.27
582.28,310.33,322.16,321.18
578.94,304.66,325.8,322.22
575.86,302.29,328.31,321.83
568.38,300.82,331.49,320.47
564.95,298.95,333.57,319.99
558.43,297.59,336.67,318.83
556.06,297.36,341.06,316.43
547.91,294.45,344.95,314.05
542.83,292.45,347.23,313.02
539.19,292.95,349.61,310.12
536.29,296.52,351.87,307.78
533.55,301.99,352.83,304.98
530.7,306.11,356.27,302.51
529.65,309.46,357.92,300.49
530.5,312.12,359.86,298.12
534.27,316.61,360.32,297.32
538.82,319.53,360.13,296.79
538.63,320.24,361.54,295.44
540.92,323.36,361.64,293.79
541.31,326.95,361.83,291.52
541.8,333.56,362.8,287.88
545.31,338.31,363.51,284.15
543.92,340.62,364.86,281.11
546.39,343.81,364.91,277.81
550.21,346.35,362.77,275.62
553.88,347.71,359.96,272.75
545.56,351.32,365.71,261.1
534.89,353.39,368.62,251.21
527.15,354.58,372.08,242.85
519.1,355.59,375.57,235.74
514.12,357.54,378.05,230.43
512.8,357.41,380.87,228.4
513.54,357.85,384.48,226.85
536.97,360.03,388.35,227.01
527.92,360.27,394.85,227.87
514.89,356.97,404.29,228.8
540.19,355.14,405.81,231.63
557.82,355.22,403.91,235.94
552.86,349.9,405.73,240.4
552.75,345.16,409.85,244.08
574.43,340.95,408.37,249.66
584.48,338.82,407.31,254.81
590.23,334.38,406.75,260.08
596.24,359.98,409.99,260.86
597.11,348.21,414.51,263.3
544.62,304.46,419.85,261.53
493.5,271.87,426.85,259.32
493.82,273.45,433.43,258.68
493.61,272.39,437.23,258.88
494.95,268.95,442.23,259.26
496.23,267.2,445.58,259.13
497.39,266.35,448.78,258.1
496.88,265.54,454.02,257.5
500.61,263.64,455.96,258.69
504.28,262.07,458.08,260.23
507.09,264.52,456.83,261.28
507.44,268,457.38,261.21
507.05,268.68,456.52,262.33
498.65,269.71,453.87,262.03
497.26,266.34,451.21,261.89
496.29,264.94,449.23,260.45
497.25,261.93,448.81,257.49
492.1,261.5,452.53,255.79
489.36,260.9,458.53,254.4
486.8,261.49,463.56,253.64
481.38,262.48,467.35,252.63
483.66,262.48,469.51,250.52
484.68,265.4,471.32,249.86
485.92,268.15,470.83,250.29
483.94,268.88,471.25,249.48
480.38,268.8,473.3,249.48
474.44,267.39,476.03,249.76
468.16,268.67,479.66,251.69
461.58,268.09,482.92,252.7
454.1,266.39,486.96,256.4
447.57,264.6,489.98,259.84
443.92,263.2,493.9,262.15
437.15,264.72,498.82,263
435.39,267.61,502.07,263.24
437.65,268.84,503.41,264.26
433.93,270.84,505.71,264.59
436.8,270.79,506.48,265.51
438.24,270.57,506.58,265.82
437.95,271.27,507.38,264.87
441.77,272.47,507.38,263.12
446.32,274.85,504.6,263
448.23,272.3,503.09,263.4
448.92,269.09,500.29,263.66
451.19,266.16,497.52,262.79
455.42,265.04,494.32,260.8
455.75,265.34,491.73,258.18
457.97,265.51,490.05,255.68
460.18,263.2,487.4,253.55
467.22,262.97,486.08,251.65
477.85,264.73,481.56,249.69
487.27,265.17,476.14,247.09
490.02,264.49,469.77,244.72
499.39,263.89,462.39,243.11
508.25,265.73,454.84,242
515.98,268.13,447.85,239.93
524.1,270.43,440.39,237.4
527.57,271.32,433.67,235.26
530.42,273.55,427.57,234.64
534.72,275.01,421.82,234.69
537.7,277.91,414.47,234.03
544.22,279.7,404.36,233.53
547.84,281.92,393.87,234.23
553.32,283.9,384.17,233.91
557.73,284.82,375.14,233.83
563.37,285.67,367.04,236.16
569.47,287.05,357.33,235.67
571.53,288.01,347.84,236.01
575.52,285.8,340.91,236.89
576.68,286.49,335.09,237.32
579.95,285.66,329.61,237.53
581.23,284.55,324.98,237.38
583.13,280.98,320.7,236.73
582.05,278.53,317.77,235.55
581.67,277.63,314.9,233.6
580.78,275.41,311.79,231.37
576.67,273.12,310.62,230.16
573.27,272.93,310.52,228.36
568.74,272.47,311.07,226.62
560.63,271.77,313.19,225.12
557.49,271.96,315.35,223.78
556.64,272.94,314.26,223.04
548.95,274.85,314.52,221.56
543.7,275.35,313.73,221.11
541.12,276.26,314.87,220.7
539.5,275.95,315.99,220.23
534.93,277.25,318.14,220.04
530,276.42,319.97,219.11
527.76,277.14,320.99,218.54
525.99,276.49,324.53,217.86
524.92,277.54,326.16,218.23
526.61,278.31,327.46,218.61
531.86,279.93,326.05,218.8
533.95,282.66,320.81,219.02
536.48,282.97,318.22,218.8
538.09,282.11,315.73,219
536.9,281.76,315.78,219.06
535.85,283.58,315.02,218.2
536.48,284.53,314.67,216.99
535.74,284.77,313.32,216.3
538.27,285.17,311.57,215.68
536.74,283.65,309.66,216.35
535.77,281.68,308.78,216.13
538.15,280.54,305.61,216.52
541.66,279.63,304.36,216.18
540.99,278.06,302.28,216.09
540.93,275.11,302.01,215.29
538.2,274.62,302.59,213.5
538.35,273.87,301.92,212.04
535.73,274.51,300.15,210.72
535.92,275.72,300.49,209.81
534.59,277.78,299.36,208.33
535.52,279.1,298.02,207.53
550.71,280.7,289.33,216.44
556.27,280.27,282.95,223.67
558.86,279.84,277.68,227.74
558.6,279.85,274.02,230.54
557.47,278.32,271.4,232.38
556.33,276.96,268.76,234.61
557.82,275.08,264.99,236.82
554.87,273.77,261.58,238.64
555.16,272.5,258.46,240.97
551.58,270.24,256.84,243.57
529.27,261.89,258.57,244.93
537.69,257.32,258.58,244.89
510.62,249.15,263.1,243.7
517.69,242.35,265.03,244.42
523.05,238.38,265.68,245.38
522.86,232.89,265.48,243.86
523.82,228.07,265.41,243.46
524.77,225.77,266.02,243.72
528.82,220.76,265.79,243.77
529.54,214.3,265.4,244.49
528.33,207.78,265.57,244.81
529.14,204.78,266.02,243.98
527.83,201.48,266.97,243.61
526.58,197.72,268.88,243.72
521.47,194.27,271.53,243.53
516.4,191.37,273.13,243.91
509.52,189.35,275.36,244.72
505.11,186.96,277.16,246.43
501.61,181.83,278.99,248.91
495.44,179.81,281.79,250.8
492.15,175.76,283.43,253.49
486.51,171.61,284.72,255.96
484.82,166.48,285.79,258.65
481.69,161.42,288.24,260.44
479.73,157.53,291.12,261.33
480.83,152.41,290.81,263.84
483.47,149.31,290.6,265.96
485.25,147.48,287.91,266.75
489.15,141.25,285.74,267.3
489.39,134.68,285.23,267.82
488.72,129.66,286.15,267.61
487.11,122.86,287.53,267.51
484.28,117.99,289.02,266.58
482.65,114.5,291.01,266.92
479.32,113.01,293.31,266.66
476.26,109.61,295.75,266.85
470.21,104.96,299.19,266.73
467.34,103.44,300.91,265.49
466.54,102.21,304.14,262.76
468.99,100.62,306.39,260.52
469.47,102.66,303.57,259.55
469.91,103.16,301,257.38
473.43,107.08,297.63,255.61
475.42,111.25,295.21,254.2
478.49,114.84,292.78,254.17
484.39,116.83,289.16,254.74
489.05,119.56,288.14,253.37
492.34,120.79,287.7,252.94
489.6,121.77,286.77,252.78
487.5,125.46,288.57,251.05
486.15,128.57,291.98,249.33
485.44,130.79,294.45,246.94
483.84,130.95,295.78,245.24
480.38,129.2,298.18,244.24
475.32,131.27,300.46,242.16
468.96,131.42,303.58,240.67
462.73,132.42,305.99,238.37
457.23,132.81,308.43,236.22
454.45,132.8,308.48,235.2
455.42,135.72,306.74,234.35
453.82,136.23,303.73,234.46
451.03,136.24,300.85,234.1
450.23,138.06,297.1,233.6
448.31,140.17,293.27,231.88
442.53,141,290.42,229.99
435.66,143.16,288.76,228.38
430.18,144.12,289.02,226.99
425.05,146.27,289.82,226.26
418.82,145.44,289.26,226.13
419.32,146.4,287.95,225.34
417.07,147.95,286.23,225.33
414.19,146.99,284.41,225.34
408.29,146.1,283.66,224.7
404.48,146.86,283.46,223.22
401.1,145.42,283.42,222.57
393.47,145,287.36,221.04
392.6,143.4,290.95,220.89
392.94,142.89,292.95,221.16
392.27,143.22,294.37,220.6
392.93,140.24,295.09,220.81
393.01,140.11,296.7,220.6
391.93,138.73,299.51,220.65
390.8,139.69,303.67,221.35
385.5,138.03,308.91,221.99
383.87,134.87,312.41,223.5
379.13,132.08,315.06,225.13
368.06,129.13,321.94,224.97
361.25,126.61,327.44,226.2
356.5,123.16,333.63,229.1
353.02,120.81,337,232.7
348.61,119.71,341.04,236.11
343.09,117.77,345.99,240.2
336.01,115.98,349.89,245
325.25,113.69,355.01,248.72
319.78,110.43,357.46,250.5
318.82,108.74,358.02,252.55
317.21,105.6,358.03,255.17
317.41,103.65,357.38,256.5
315.09,102.17,356.08,256.79
318.16,99.045,355.39,256
318.53,99.23,356.22,253.35
320.45,100.06,355.6,250.72
323.41,99.381,353.62,248.69
326.83,97.733,352.4,245.22
331.42,99.29,351.59,240.18
334.11,99.019,350.58,236.03
336.03,102.07,348.93,231.68
339.61,104.88,346.53,228.44
337.52,106.25,345.67,226.57
333.2,110.49,346.6,224.4
333.33,116.2,347.97,222.43
339.02,122.88,347.68,221.52
340.23,128.58,349.09,221.37
338.09,134.25,351.31,220.95
338.31,143.85,352.21,220.36
337.37,152.51,354.19,220.16
334.52,159.51,356.42,220.41
332.32,168.93,358.75,220.38
325.75,178.88,363.92,219.38
324.16,188.77,368.93,218.78
324.13,197.5,373.99,218.82
326.11,205.73,378.01,220.29
328.78,214.13,382.84,221.37
335.53,223.15,384.87,222.8
342.98,231.53,384.64,224.29
351.3,237.2,382.8,226.46
355.79,241.78,382.23,227.32
359.06,247.73,381.35,228.26
363.44,251.66,378.87,229.55
365.34,256.76,378.05,231.8
371.03,260.55,376.16,234.09
376.07,263.46,373.27,235.78
380.67,266.87,369.08,236.71
390.11,266.9,363.75,237.15
395.25,267.14,356.42,235.41
402.67,268.27,349.36,231.7
412.13,271.65,342.45,227.62
417.87,272.02,336.55,222.92
417.82,274.85,332.37,218.89
418.82,273.52,327.51,216.11
419.19,270.9,322.37,213.53
419.79,269.14,318.13,211.85
418.4,267.47,314.84,210.4
418.97,264.9,311.78,209.6
420.78,263.52,309.88,208.99
422.51,261.89,309.6,207.67
427.9,260.43,308.3,207.32
428.18,256.43,305.4,208.37
426.9,253.13,304.33,208.37
428.79,249.51,302.9,209.92
431.01,244.88,300.5,210.65
428.9,239.2,298.69,210.79
424.25,233.5,298.06,210.28
418.68,226.4,297.91,209.21
412.21,219.02,297.01,208.34
409.45,214.85,297.28,205.03
406.09,208.51,294.39,201.04
403.59,203.14,291.11,198.27
399.17,196.79,287.4,196.73
393.56,191.41,282.82,194.63
388.92,187.75,279.24,192.59
388.15,183.82,275.16,191.07
390.09,178.53,270.47,190.3
385.15,172.82,266.45,190.41
383.51,167.88,261.5,189.83
384.86,165.84,257.41,188.08
382.37,164.05,252.3,186.01
378.88,161.74,248.41,183.35
373.11,161.07,244.7,181.61
367.04,162.17,242.22,179.61
362.52,163.88,240.26,177.75
356.29,165.83,238.52,176.46
348.69,169.81,237.45,175.26
343.07,172.23,236.05,174.38
339.16,175.37,233.47,173.73
336.39,181.59,230.13,175
334.78,183.98,226.71,176.2
333.82,188.33,223.69,177.59
332.77,192.38,220.96,178.49
328.84,196.63,219.06,178.15
326.49,200.77,217.43,177.89
324.73,205.12,214.95,178.17
322.71,210.26,213.43,178.44
319.96,215.48,212.78,178.76
318.78,220.89,211.65,178.32
316.64,225.39,210.39,178.93
313.11,230.16,210.03,178.94
311.46,233.9,209.41,179.4
312.38,237.43,208.39,179.84
313.2,238.39,206.81,180.27
312.71,236.66,206.69,181.11
313.12,237.28,206.45,182.93
318.69,236.97,203.43,185.93
322.61,237.27,201.19,188.91
324.27,232.01,200.52,192.3
327.66,229.57,200.38,195.46
330.75,227.22,201.32,198.8
337.72,222.99,201.29,202.69
343.83,220.2,202.35,204.83
349.98,216.74,203.31,207.05
354.45,213.7,205.23,207.89
356.67,210.76,208.13,208.24
363.41,207.88,209.94,209.9
368.04,204.73,211.19,212.31
372.62,202.51,211.91,214.7
377.18,200.97,212.12,215.54
380.32,196.73,213.73,215.9
382.68,193.74,215.77,215.69
388.15,190.53,216.05,215.4
393.77,187.32,216.89,213.56
401.01,187.58,217.01,211.77
406.2,188.42,217.73,209.78
413.13,187.46,218.17,209.24
419.96,186.7,219.09,208.24
430.57,185.66,218.98,208.29
440.78,184.35,217.96,207.93
452.22,184.16,216.66,207.22
464.66,182.46,214.14,207.44
475.45,184.97,213.27,207.3
482.19,187.03,214.47,206.31
490.04,189.1,215.76,205.26
497.01,193.33,217.46,203.7
507.99,198.39,217.52,202.91
516.69,203.71,217.95,201.85
525.73,207.7,217.3,201.86
532.2,211.7,217.37,202.44
535.64,216.31,219.31,203.34
539.55,222.13,220.47,204.69
543.73,227.54,221.55,205.64
550.33,234.44,221.99,206.53
553.66,240.06,223.11,208.07
559.34,244.58,223.44,209.32
561.46,250.4,224.05,210.58
564.71,255.24,225.32,211.55
566.01,258.89,225.93,212.03
566.5,262.29,227.39,212.74
566.73,265.76,229.15,212.34
565.31,268.64,232.17,211.66
565.75,269.93,235.59,210.19
570.35,270.53,236.67,207.29
572.65,271.85,239.1,205.01
575.68,272.64,240.95,202.87
581.79,271.36,243.49,202.2
589.56,271.21,244.57,203.66
597.21,272.51,247.29,202.59
602.83,273.46,249.94,201.98
606.77,271.57,251.99,201.2
592.2,272.12,263.32,191.72
583.34,273.46,275.23,185.02
575.3,277.93,289.03,179.18
572.3,281.87,301.69,175.3
566.28,285.93,313.48,172.08
557.78,290.38,325.86,168.97
554,293.55,337.83,167.62
550.3,294.75,350.15,167.42
547.2,298.14,363.51,166.99
543.54,299.48,373.59,167.04
540.81,303.58,384.72,165.74
533.13,307.79,398.14,165.9
523.76,311.45,411.38,167.17
522.33,312.76,424.41,170.18
526.87,311.04,433.69,175.52
532.15,309.64,440.07,179.38
529.88,308.68,447.12,183.68
532.12,308.69,456.49,187
525.87,308.36,468.24,189.3
516.89,310.51,479.2,192.39
512.23,310.95,490.46,195.09
511.27,310.96,501.43,198.04
498.61,308.16,514.14,200.79
495.11,307.78,526.26,202.7
484.08,307.74,539.15,205.33
477.73,311.27,546.93,207.97
475.46,313.4,552.59,210.03
470.76,316.68,558.39,211.72
463.73,320.06,563.77,212.91
464.41,322.06,567.03,214.24
456.3,322.61,573.08,217.23
449.48,325.48,578.75,219.54
449.38,328.11,579.08,223.9
445.05,330.2,577.61,227.37
438.47,333.54,575.11,230.64
434.87,333.81,573.42,233.03
427.03,334.68,573.96,232.93
420.61,337.36,577.03,232.23
417.54,338.62,578.99,231.79
415.51,343.7,578.56,230.75
414.63,349.6,579.07,230.42
405.3,349.16,577.11,231.11
396.64,349.26,576.75,232.57
392.91,349.51,574.8,233.54
389.8,349.73,573.61,233.41
386.96,350.14,569.8,233.76
398.09,349.73,560.25,236.63
402.32,351.72,552.17,241.29
416.54,351.98,544.28,245.82
424.67,352.77,539.53,247.54
435.34,349.13,536.57,249.37
438.87,347.11,532.17,250.72
441.06,345.56,527.12,254.75
451.21,343.17,520.56,258.53
456.94,338.2,515.21,262.24
454.95,334.29,513.29,262.9
461.55,330.68,509.6,263.41
473.67,327.37,504.61,263.14
485.59,321.13,496.87,264.59
494.24,313.84,492.61,265.39
504.13,307.61,485.32,265.84
514.91,302.8,477.27,266.03
522.37,300.27,471.43,264.61
528.82,294.08,467.25,261.21
533.05,262.82,463.73,259.15
544.45,263.54,458.06,255.83
560.73,261.83,450.81,253.24
576.58,256.16,443.48,249.42
588.82,247.8,435.45,246.28
603.4,237.62,426.87,244.15
617.61,231.73,416.93,241.94
636.97,223.49,407.06,240.44
655.32,219.23,395.21,238.2
672.54,217.85,383,235.6
682.69,211.6,374.37,233.69
687.99,207.77,368.74,231.98
692.83,203.87,362.98,230.08
697.09,198.35,358.35,227.11
707.57,195.22,351.18,224.15
707.53,193.42,344.25,221.76
708.25,191.77,337.34,219.24
696.44,167.39,333.19,216.45
691.22,172.12,330.96,214.78
680.41,178.22,330.54,213.63
666.03,181.7,328.57,212.85
651.14,188.56,328.78,210.75
627.83,193.03,327.12,209.15
619.05,200.59,326.57,207.7
607.45,205.98,325.58,209.16
597.21,210.74,324.59,210.81
582.71,216.31,323.08,211.58
570.06,220.34,320.91,212.03
558.42,226.26,317.93,210.37
551.35,230.7,314.75,209.12
541.13,233.39,312.05,208.08
526.98,235.28,308.85,206.41
517.52,238.22,306.49,205.75
511.96,238.55,304.02,205.98
503.77,237.48,301.17,205.89
495.88,236.35,299.01,206.51
492.1,239.04,295.42,210.02
487.46,238.01,292.67,213.88
480.37,233.18,290.79,217.7
473.14,230.24,289.48,221.27
463.95,211.55,289.76,220.83
456.43,213.47,290.19,221.51
448.69,211.57,290.86,222.17
432.37,187.19,295.52,218.93
427.56,192.64,297.51,219.87
421.5,195.27,297.89,222.14
418.07,195.43,298.9,222.69
412.93,192.7,303.19,220.23
409.86,189.7,305.68,218.87
405.74,187.84,308.61,217.47
405.85,185.23,309.46,217.12
407.51,184.24,307.97,217.2
410.7,184.38,306.18,218.24
413.29,184.86,305.16,219.68
415.99,185.54,305.35,221.49
419.71,184.57,306.31,222.99
419.09,184.87,307.85,223.98
421.21,185.21,309.44,225.09
424.24,185.61,310.07,225.67
424.83,186.39,310.51,225.18
421.87,187.39,312.19,224.14
419.25,187.71,312.67,223.59
417.94,188.83,312.14,223.34
417.8,189.71,311.17,223.09
419.37,191.8,307.19,223.38
422.9,193.8,303.45,224.55
428.41,198.72,297.1,227.96
433.46,203.22,290.57,231.13
434.71,204.48,285.56,233.39
440.16,205.46,280.2,235.18
441.59,205.55,275.84,235.82
440.86,203.98,272.24,237.41
444.55,203.24,269.25,238.69
444.91,206.53,266.39,239.87
446.64,207.52,264.23,239.78
449.46,209.81,259.99,240.01
449.07,210.61,258,239.84
446.96,212.28,255.59,239.83
445.68,212.7,254.33,240.2
444.17,216.49,253.91,240.11
441.51,219.69,254.01,239.47
438.77,221.27,253.13,239.75
439.7,222.67,250.91,240.46
440.23,222.45,248.85,240.24
439.98,223.91,246.95,239.61
439.13,223.35,245.84,239.51
438.84,222.95,244.78,239.16
437.91,219.03,244.73,238.94
438.07,214.47,244.33,240.02
443.38,211.21,244.73,239.93
445.42,202.58,246.35,240.01
446.58,192.31,249.22,240.69
448.84,182.85,252.95,240.51
450.44,174.99,256.21,240.42
449.61,169.33,258.21,240.65
450.83,163.66,258.47,242.05
450,158.82,260.22,241.57
448.37,153.63,261.91,240.69
445.29,150.71,262.16,240.63
444.11,147.59,262.06,240.64
440.55,145.04,263.3,241.12
440.13,142.87,264.02,241.83
438.64,142.35,265.16,241.72
440.3,143.82,265.63,242.37
441.96,143.2,266.06,242.84
441.73,145.05,267.39,242.39
444.76,145.36,266.17,242.9
451.83,145.58,264.43,244.84
458.23,146.28,263.83,246.07
461.35,144.82,263.9,245.14
464.19,149.41,263.82,244.15
466.79,154.96,264.33,243.38
474.53,159.81,262.19,242.93
481.69,163.87,260.39,243.05
486.26,168.72,259.63,242.46
491.98,171.84,258.63,243.09
498.03,169.66,257.62,244.88
502.67,170.62,255.64,246.31
507.06,172.67,254.53,247
512.7,174.05,253.92,246.75
513.64,175.87,255.54,245.23
519.85,178.83,257.53,243.3
522.91,181.41,260.43,241.09
525.57,182.07,261.89,240.39
532.49,184.69,261.94,239.79
539.2,187.12,262.25,239.81
545.47,188.51,263.19,239.23
552.75,188.92,263.58,239.24
563.85,189.41,262.84,239.47
574.52,188.15,263.31,239.35
587.44,187.27,264,240.23
600.49,190.24,264.22,240.28
611.62,192.36,266.48,239.01
624.36,194.73,268.03,238.3
636.17,195.65,268.93,238.82
639.98,197.71,270.51,239.5
641.32,200.64,275.51,237.83
639.72,204.43,280.83,236.85
633.77,208.87,287.67,237.35
630.35,210.93,292.32,238.12
623.24,212.88,297.82,236.43
614.41,214.34,303.46,235.28
605.28,212.03,316.44,229.68
595.98,210.06,327.6,226.4
587.34,207.83,335.59,224.59
578.28,206,345.62,221.55
568,202.15,355.22,218.54
559.61,199.23,363.72,216.31
552.6,194.72,371.47,213.02
545.92,191.95,379.3,211.4
536.89,191.12,386.6,209.04
525.07,190.05,392.69,206.12
511.08,188.17,399.12,203.8
501.45,186.69,405.65,202.24
491.09,184.24,411.94,201.28
484.23,181.76,416.38,200.73
476.24,178.42,419.62,200.8
465.58,175.42,421.32,199.69
455.34,175.28,425.1,197.52
445.75,175.36,427.08,196.08
437.39,169.64,426.96,196.28
430.93,166.75,428.17,195.24
421.55,164.25,431.04,193.85
409.87,161.29,434.16,193.21
400.56,159.57,435.29,192.93
392.6,161.08,436.78,192.9
390.19,160.53,437.72,193.7
383.37,160.08,439.71,193.43
381.2,159.73,440.88,194.43
375.07,159.35,442.22,195.78
370.33,161.18,445.96,196.36
368.84,161.41,449.02,197.49
362.62,159.05,451.64,198.89
358.24,159.56,452.69,198.74
360.06,160.14,452.57,198.44
363.96,162.1,451.21,198.33
368.32,162.56,448.67,197.37
363.88,161.67,447.4,196.81
371.46,164.49,446.89,195.79
374.63,165.68,444.56,194.67
375.88,167.09,442.91,194.28
381.51,168.48,441.08,194.8
385.58,170,436.86,195.23
388.2,173.39,432.1,195.04
393.73,174.53,426.31,195.88
399.8,174.72,422.18,196.48
403.47,173.03,423.13,195.84
407.3,173.58,421.48,195.2
408.69,171.51,419.49,194.56
411.49,171.06,419.67,194.24
410.53,170.31,420.72,192.9
402.92,166.68,419.64,191.13
413.48,170.39,414.21,189.46
411.04,168.51,412.06,187.89
426.28,171.87,407.35,186.68
423.79,169.16,407.62,186.1
432.16,172.98,407.84,184.86
440.02,174.89,407.42,184.77
435.03,173.26,407.1,184.37
445.41,177.84,404.59,183.59
440.57,177.01,403.39,182.67
450.38,181.43,400.73,182.28
458.83,183.95,397.68,182.31
466.13,185.95,392.51,181.97
471.7,190.36,388.05,180.86
474.25,192.59,385.94,179.48
480.88,191.53,381.35,178.86
489.9,191.23,375.69,179.02
491.92,188.93,372.48,178.39
492.5,185.93,371.33,177.8
493.5,183.19,367.7,177.4
497.05,179.84,362.3,176.98
498.97,172.98,356.41,176.9
503.35,169.45,349.87,176.57
506.7,168.78,343.97,175.79
507.23,166.6,339.29,175.18
497.7,165.05,334.68,174.71
495.95,165.33,330.8,174.11
502.92,168.94,324.8,174.82
502.3,168.62,319.49,175.26
501.02,170.64,314.1,175.15
501.82,172,308.1,175.37
504.58,175.27,302.1,174.84
507.15,177.45,298.16,173.81
512.14,183.12,292.7,173.25
516.52,189.71,287.65,172.2
519.62,193.96,282.04,171.93
520.65,198.93,276.9,171.89
525.02,203.67,274.48,170.91
530.62,209.6,272.37,170
538.05,215.9,270.78,170.15
543.4,222.53,269.15,169.77
549.17,228.97,267.77,169.55
552.78,234.64,267.52,169.43
557.63,238.6,268.21,169.42
562.77,242.63,267.84,169.14
568,244.58,267.26,168.85
571.61,243.48,267.03,167.63
571.98,242.29,267.3,166.16
572.91,240.51,266.76,164.83
579.01,237.97,264.19,162.35
579.68,233.24,261.81,160.56
581.49,227.8,260.7,158.37
581.87,221.36,259.52,156.23
580.61,215.44,259.8,154.77
580.38,211.24,259.43,153.11
576.77,204.2,260.08,152.5
574.94,198.49,258.84,152.52
573.66,192.34,259.37,152.6
570.33,186.63,259.79,152.73
567.93,180.89,261.56,152.77
563.98,177.96,263.44,152.69
562.84,173.22,265.79,153.11
559.55,169.68,266.93,152.71
554.48,166.7,269.61,152.01
550.7,164.81,269.49,150.94
548.65,162.28,270.27,150.44
548.88,157.97,270.83,151.29
548.94,156.36,269.49,151.66
549.65,156.61,269.78,151.49
546.17,156.52,270.89,150.66
545.82,156.6,271.32,150.5
541.08,154.45,272.64,150.42
537.44,154.59,274.62,149.96
535.82,153.95,274,150.07
532.23,155.53,273.34,149.84
533.21,155.73,270.92,150.12
533.26,155.31,268.4,149.57
533.13,155.35,267.5,148.41
529.89,154.78,265.58,147.39
525.22,154.64,263.53,145.77
525.27,152.34,260.21,144.83
526.46,149.02,256.52,143.73
522.37,144.08,252.64,142.75
517.26,138.04,249.85,142.04
510.38,132.05,249.18,141.32
504.21,125.35,248.12,140.48
500.11,120.6,246.66,140.28
496.98,115.66,246.08,140.43
492.87,111.27,242.62,140.38
488.76,105.48,240.56,140.71
484.42,103.15,238.45,140.09
481.49,100.27,236.39,139.59
478.28,98.739,233.97,139.26
479.3,97.726,231.25,138.99
480.1,96.736,228.46,138.77
480.38,95.479,225.35,139.44
484.78,95.683,222.07,140.28
487.12,96.264,219,140.07
491.16,98.51,216.05,139.61
492.72,99.395,208.2,144.53
495.69,102.6,206.47,143.83
498.29,108.31,200.81,148.05
502.42,114.34,195.64,151.62
506.93,119.05,192.22,154.3
509.47,125.1,190.1,155.95
510.76,130.29,188.04,157.18
513.68,137.05,186.14,157.93
516.3,140.59,185.11,158.97
519.01,147.02,184.5,158.56
522.68,151.04,183.83,158.27
527.84,154.85,182.67,157.45
532.17,159.53,182.45,156.03
536.87,163.33,182.6,154.27
539.58,167.23,184.59,152.89
544.28,167.69,186.04,152.38
550.1,168.46,186.96,153.21
558.57,166.05,186.79,154.07
567.25,165.61,187.63,154.49
577.17,165.61,188.63,155.32
588.71,164.77,190.06,155.9
599.87,164.71,190.51,156.25
608.22,163.55,190,157.25
614.81,161.36,191.01,157.61
623.13,160.1,191.3,158.38
629.88,158.15,191.64,159.75
635.84,158.81,192.17,159.57
640.75,155.69,193.51,160.33
645.41,155.42,193.42,161.12
650.4,153.7,194.2,162.53
650.8,153.74,196.09,162.44
649.8,152.37,198.09,162.65
649.16,152.8,198.92,162.46
630.52,152.63,201.92,163.11
634.52,150.97,203.35,163.06
635.66,150.95,202.27,162.92
632.94,150.61,203.38,162.77
628.77,154.9,208.42,156.53
622.73,157.82,212.16,151.66
613.67,160.56,214.11,148.95
606.99,162.35,215.94,147.12
587.27,166.57,219.98,145.77
588.4,170.97,222.76,145.59
589.92,175.38,224.46,145.32
590.09,195.5,228.59,143.46
589.66,194.62,229.42,143.64
591.02,211.96,231.29,142.58
597.35,199.18,223.22,152.73
598.31,198.51,217.25,160.08
599.05,196.85,212.82,166.57
601.05,197.79,208.61,172.16
603.94,196.78,206.36,176.89
607.19,196.59,202.75,182.59
609.87,195.38,198.79,188.48
614.89,192.69,194.95,194.92
617.08,188.32,192.27,200.71
619.6,183.77,188.91,207.91
620.86,181.48,185.94,214.03
621.68,181.27,183.69,218.92
624.12,181.45,182.54,222.73
626.45,182.89,182.23,225.88
628.39,184.26,182.51,229.14
631.13,184.44,182.86,231.73
635.77,185.22,182.47,235.92
641.17,187.21,183.28,238.82
647.12,187.94,183.93,241.73
653.28,191.26,185.74,244.26
656.93,193.96,188.59,245.91
655.49,198.94,192.03,247.57
654.72,201.91,195.68,249.53
652.05,203.39,199.34,251.84
648.42,205.6,203.98,252.78
645.55,206.06,209.19,255.52
640.77,202.73,215.1,260.25
636.34,203.76,220.96,264.41
633.74,203.75,225.94,269.62
632.35,201.71,230.68,274.67
630.24,200.37,234.8,279.53
628.35,199.75,239.65,283.59
626.28,197.68,245.55,287.35
626.66,196.78,251.73,290.06
631.24,196.96,257.67,292.33
637.35,198.13,263.68,295.63
642.28,198.62,269.41,298.62
645.76,194.62,276.4,300.9
642.72,192.52,285.97,300.12
638.49,190.08,294.32,300.02
632.51,190.53,305.12,297.84
626.35,192.53,316.75,297.16
615.64,193.6,325.51,297.68
607,197.67,335.98,297.5
596.67,200.03,345.81,297.63
583.44,204.61,355.83,298.76
570.78,211.44,363.53,300.69
555.4,215.85,371.97,303
542.69,221.77,378.73,305.4
529.4,229.61,385.04,306.92
518.41,238.11,394.81,310.69
509.24,243.03,404.73,312.99
501.07,243.46,417.94,310.04
503.21,247.19,428.22,307.49
505.47,253.1,434.48,308.17
511.68,268.61,432.47,316.35
521.12,276.66,430.74,325.52
525.88,276.75,430.36,332.46
529.74,275.63,431.5,336.5
541.83,275.16,429.07,340.82
549.79,275.36,426.37,345.15
559.29,276.48,417.43,350.75
563.31,277.51,407.23,355.3
563.48,277.23,399.8,361.32
564.1,276.42,395.33,364.77
567.52,277.4,391.53,369.13
568.3,276.79,387.55,377.18
567.12,275.56,385,385.19
571.84,276.81,382.7,391.61
573.12,280.25,376.85,398.97
571.3,279.71,373.73,403.72
570.14,278.15,374.03,409.31
572.64,276.95,373.19,415.58
567.33,277.52,376.81,419.62
568.77,276.1,377.32,424.83
572.49,272.37,376.81,429.24
573.57,274.67,377.99,429.76
573.52,275.28,377.68,430.15
572.68,274.17,377.34,432.09
563.72,274.4,378.54,434.36
559.52,274.16,381.73,437.79
559.63,269.23,382.21,442.72
559.15,262.28,379.63,446.85
556.95,256.07,376.95,448.89
554.38,248.7,373.79,453.53
550.84,250,369.82,454.67
546.7,249,369.17,451.05
552.28,223.61,364.71,447.04
552.89,225.17,359.53,441.02
547.13,225.67,354.38,436.54
545.02,221.84,351.78,430.03
542.86,218.25,350.7,420.49
543.28,217.32,346.93,414.34
541.48,219.78,344.2,408.18
536.6,217.28,341.29,402.81
539.1,214.12,338.96,399.1
541.83,211.39,337.54,395.18
546.72,209.32,337.39,393.21
545.29,205.19,338.76,388.36
546.51,200.08,340.86,383.55
543.1,198.56,343.75,378.42
538.44,194.08,345.74,373.05
535.89,191.05,349.54,366.9
534.31,188.68,354.74,360.53
536.44,186.44,359.32,353.28
534.9,187.08,364.48,346.49
529.39,191.5,368.02,341.72
523.65,196.67,373.33,337.57
518.31,201.11,376.34,336.1
514.58,211.64,376.7,336.77
509.4,220.31,377.46,336.72
504.11,225.76,377.48,336.68
497.97,232.73,375.43,339.67
489.57,239.42,373.46,342.23
488.58,246.69,370.81,346.96
482.1,254.1,367.7,351.43
481.58,262.84,364.73,353.56
481.97,268.82,360.46,357.64
481.36,272.09,356.52,361.47
480.55,272.65,352.71,366.18
479.64,274.2,349.24,370.61
482.93,278.49,347.97,373.93
481.87,277.09,346.19,377.93
479.69,276.9,345.92,380.89
475.03,276.38,346.84,382.58
473.5,275.72,348.68,383.19
470.99,269.94,352.99,385.42
464.52,265.91,359.69,387.71
455.57,258.37,366.4,390.98
448.56,249.26,372.26,395.5
441.45,240.69,375.88,400.77
432.87,235.28,379.82,406.22
429.29,230.49,383.61,410.68
424.97,223.12,386.8,414.45
423.29,214.71,390.88,418.29
427.81,204.51,398.24,420.8
430.62,196.74,402.27,420.98
436.81,193.03,409.1,422.78
439.74,190.11,415.95,423.89
441.2,186.26,422.68,423.47
445.74,177.91,427.6,424.55
450.53,172.46,429.98,423.1
451.83,167.06,428.66,419.05
455.28,144.25,427.26,408.31
469.12,154.02,422.09,403.8
471.78,155.17,416.21,400.58
482.34,150.81,410.95,396.51
489.93,142.46,405.74,393.63
496.98,140.58,400.09,392.17
503.9,137.58,394.21,392.01
507.82,137.35,390.09,392.41
511.41,136.72,385.09,393.48
512.08,135.35,382,395
513.52,140.32,378.51,395.53
519.49,146.02,374.51,396.43
523.66,149.41,368.87,399.56
524,152.8,364.78,402.49
524.54,154.31,363.23,401.69
518.61,161.35,363.45,401.46
512.4,165.44,365.39,402.41
506.05,168.17,366.53,402.83
494.35,173.07,369.51,401.77
487.13,173.81,373.14,401.22
478.67,173.1,375.17,398.49
465.15,168.49,376.62,395.42
461.55,172.86,374.61,395.31
455.45,176.5,373.48,395.04
451.97,178.92,370.82,396.35
445.8,178.51,370.58,395.91
442.45,179.43,370.12,393.76
439.93,182.45,368.78,392.99
435.41,186.17,366.77,391.84
438.09,193.79,365.03,390.3
438.89,196.02,362.96,391.27
437.2,200.77,362.75,389.41
434.42,208.1,361.86,389.32
428.32,215,362.14,388.8
426.49,220.14,362.51,389.01
426.01,225.11,362.93,390.03
429.33,230.9,363.32,393.13
432.9,234.49,363.19,396.74
435.83,237.72,361.76,400.77
437.73,243.82,359.69,404.31
437.05,248.94,356.19,408.34
435.26,253.28,353.73,410.75
434.6,252.86,352.45,413.75
432.91,251.03,351.35,417.51
431.91,249.23,350.87,419.39
431.48,248.44,350.38,422.06
428.62,246.91,349.52,423.75
426.8,245.53,350.91,425.85
421.94,244.91,352.12,428.35
415.49,243.12,353.09,431.08
415.61,243.86,355.28,431.42
414.2,243.66,356.96,431.64
412.71,246,359.81,431.11
410.82,250.26,360.61,428.53
410.08,254.02,360.06,426.33
408.9,255.35,357.73,425.45
410.63,256.83,356.42,424.63
416.53,259.87,355.72,422.01
426.9,259.56,357,417.91
425,261.11,357.12,414.48
431.48,261.62,355.61,410.35
434.58,261.62,353.47,408.05
437.13,263.38,350.42,405.53
440.36,264.81,348.49,405.54
443.71,263.32,348.27,406.61
452.25,263.25,346.23,409.85
454.42,263.52,344.36,413.15
456.87,258.97,342.67,419.76
462.33,253.45,342.61,426.24
471.99,246.47,340.95,430.58
486.89,206.96,338.22,425.78
505.51,179.8,335.99,414.18
528.86,158.36,333.83,400.92
540.75,142,330.4,383.65
543.82,135.97,327.78,364.86
550.5,152.78,321.74,357.31
550.08,140.79,320.14,344.94
554.43,157.41,317.67,336.72
554.24,142.1,315.01,323.46
548.13,154.49,312.53,315.46
546.42,142.25,308.65,303.87
543.68,153.5,306.76,298.43
541.79,142.67,305.18,288.71
538.39,151.42,302.49,285.72
534.59,139.98,301.59,277.85
531.23,150.36,299.13,276.63
529.04,136.87,295.8,270.28
528.48,146.01,292.13,269.12
528.01,148.26,288.93,269.26
527.31,152.94,286.48,267.59
522.25,140.72,284.94,260.68
519.58,148.57,282.13,260.02
515.87,135.71,279.15,255.19
517.25,144.65,274.45,254.15
516.85,129.76,269.44,251.25
519,135.7,264.3,250.57
515.93,120.64,262.14,245.82
511.29,128.01,259.56,243.84
509.89,111.57,257.24,239.05
507.21,119.66,254.78,237.83
506.1,106.36,253.3,233.31
503.3,115.63,250.98,232.35
502.62,102.72,249.3,229.63
502,114,248.21,229.19
502.09,121.92,246.96,229.86
502.18,106.33,246.7,228.84
502.51,115.48,245.99,229.34
503.9,121.35,244.16,230.65
505.74,108.07,241.97,228.53
506.59,118.85,239.73,227.77
507.25,126.14,237.89,228.18
507.33,131.78,235.77,228.6
505.81,139.51,234.22,228.39
507.66,150.32,233.03,228.95
507.91,137.06,231.54,224.87
510.05,149.35,229.72,221.62
511.46,160.98,228.49,218.96
510.9,171.44,226.73,216.87
511.14,180.56,224.22,214.38
512.7,187.26,221.72,213.24
512.89,194.42,220.11,210.9
513.09,201.13,219,209.91
517.09,188.85,217.64,206.8
518.86,200.62,216.64,205.48
520.55,211.56,215.38,204.86
523.47,220.38,213.58,204.86
526.04,228.6,211.15,205.18
526.02,235.86,209.02,205.04
525.22,242.23,207.14,205.77
524.12,250.17,206.26,205.51
524.76,254.55,205.24,206.09
524.23,258.34,204.43,206.35
524.03,261.79,203.36,206.5
522.63,266.27,202.63,205.75
521.02,268.81,201.13,206.25
519.99,227.12,199.15,204.59
517.93,212.64,198.62,200.53
514.23,223.45,197.46,198.45
494.66,235.09,196.47,197.92
501.05,241.59,193.2,199.77
502.12,247.62,190.66,201.2
482.65,234.18,189.26,202.27
484.37,242.96,186.9,203.26
481.76,248.94,184.88,204.59
477.33,255.94,183.62,205.87
474.65,261.47,183.62,206.03
470.3,244.81,183.76,204.08
450.91,236.04,182.85,200.27
456.53,251.61,181.43,197.84
458.39,264.51,180.2,195.86
461,276.07,179.21,195.36
463.51,284.98,178.37,195.5
467.03,275.83,177.06,194.48
468.01,283.57,176.17,194.71
469.86,271.43,174.78,192.92
471.63,262.28,173.97,189.38
474.4,274.18,171.79,187.18
475.73,283.24,169.65,186.44
476.63,275.16,167.38,183.65
475.8,285.27,164.91,183.11
476.08,293.84,162.49,183.28
475.86,282.38,159.48,180.67
466.04,288.6,154.86,181.04
469.86,279.64,151.75,178.18
470.15,289.54,149.1,176.5
471.45,281.96,147.25,174.17
469.3,291.37,145.84,173.36
470.56,280.22,144.32,171.92
471.29,269.78,143.29,170.13
471.58,278.75,142.09,168.03
471.48,285.56,140.48,167.03
469.24,291.55,138.85,166.63
468.73,281.48,138.92,164.28
469.32,291.1,138.7,162.23
468.55,299.85,138.3,160.51
456.38,306.95,137.68,159.15
457.43,298.02,138.14,155.18
457.74,323.59,136.84,152.81
458.52,330.09,134.6,151.17
458.53,337.72,132.47,149.08
458.6,344.27,132.06,147.06
459.35,351.95,131.53,144.86
459.19,357.75,130.88,142.94
460.39,360.97,130.81,141.95
460.13,365,130.5,140.61
458.49,369.08,129.58,138.53
457.99,374.7,129.42,137.43
459.88,380.58,129.02,136.07
463.1,385.94,128.44,135.26
464.58,387.34,127.91,134.85
468.28,389.53,127.51,134.45
472.66,393.12,127.18,134.1
478.02,397.02,126.69,133.91
482.27,400.42,126.13,133.47
490.22,404.81,125.68,133.08
494.18,408.74,125.4,132.39
498.52,397.45,125.15,131.17
503.83,400.38,124.21,130.35
507.43,405.59,123.34,129.2
512.06,411.1,122.22,128.31
516.17,416.44,120.84,127.61
519.38,418.5,120.43,127.45
523.36,422.93,119.73,127.35
528.1,413.31,119.24,126.72
533.04,416.88,118.48,126.64
537.39,405.53,118.28,126.05
541.28,393.56,118.19,125.07
544.64,396.62,118.14,124.79
542.2,468.23,118.95,126.64
540.3,464.72,120.23,127.11
553.9,460.21,120.68,127.71
570.76,444.45,120.78,127.96
571.24,445.32,121.08,127.88
570.02,445.42,121.39,127.7
583.98,442.56,121.69,127.45
583.97,439.48,121.99,127.18
598.59,435.65,122.32,127.04
598.34,430.73,122.5,126.8
597.76,424.9,122.58,126.62
591.51,422.98,122.99,126.15
584.48,404.88,123.76,125.38
593.12,388.87,126,123.32
584.05,387.26,127.04,122.15
589.29,399.65,128.6,120.06
596.09,395.9,129.79,118.74
586.97,391.79,131.47,116.98
595.28,388.33,132.87,115.67
628.06,357.83,131.14,117.05
629.84,357.26,129.08,118.59
631.02,354.2,126.67,121.05
632.58,339.73,124.44,122.49
632.71,339.63,123.2,123.38
633.37,325.58,122.53,123.63
635.57,313.74,122.1,123.68
638.71,302.69,121.27,123.8
641.14,303.8,120.41,124.01
643.62,302.47,119.5,124.32
642.13,300.98,119.04,124.62
641.76,298.1,118.88,124.84
642.25,295.48,118.61,124.98
643.96,282.91,118.41,124.96
645.51,273.65,118.34,124.77
646.08,279.08,118.16,124.64
634.29,281.87,117.7,124.63
639.8,272.91,117.18,124.29
644.76,277.19,117.07,124.02
645.87,268.27,116.72,123.72
647.39,273.17,115.88,123.62
648.85,276.18,114.92,123.46
637.92,265.4,113.87,122.92
641.31,269.47,112.47,123.18
643.76,271.7,111.35,123.72
643.54,261.4,110.95,122.94
642.73,264.19,110.46,121.79
643.44,266.81,109.99,121.04
632.97,256.92,109.49,119.29
636.44,260.98,108.98,118.24
639.59,264.25,108.05,117.94
642.39,266.02,107.6,118.41
642.55,265.22,106.82,119.89
644.91,265.52,105.78,121.35
636.3,265.04,105.03,122.61
640.77,263.39,104.6,124.28
643.95,260.97,104.74,124.99
646.49,249.99,104.33,123.59
647.66,250.45,104.06,124.03
649.22,248.46,104.17,124.73
650.01,245.73,104.37,125.67
640.31,234.15,103.89,124.51
641.7,233.62,103.87,124.25
642.92,222.87,103.63,123.08
632.69,222.64,103.8,122.14
634,220.86,103.95,121.76
634.09,209.4,103.81,120.74
633.32,209.76,103.9,119.98
633.55,210.62,103.79,119.21
624.22,210.39,102.95,118.53
627.14,201.32,102.48,116.73
628.92,203.58,101.85,115.36
629.76,205.65,101.34,114.33
630.28,197.91,100.99,112.27
631.68,202.54,100.56,110.81
633.1,205.33,99.637,109.33
632.89,207.19,99.405,108.4
632.79,209.05,98.993,108.06
631.75,210.21,98.723,107.82
632.07,210.82,98.366,107.76
631.76,211.46,97.804,107.62
631.74,211.65,97.6,107.51
632.24,212.34,97.284,107.88
632.13,212.9,97.367,107.95
631.58,213.79,97.322,108.21
631.03,215.59,97.364,108.54
630.68,217.6,97.22,108.9
629.07,219.78,97.477,108.9
628,220.75,97.696,108.98
626.78,221.91,97.762,108.69
626.56,223.04,97.687,108.93
625.79,213.77,97.871,108.4
625.94,218.42,97.564,107.91
626.26,222.69,97.407,107.62
626.67,226.38,97.019,107.33
626.38,230.12,96.687,107.21
625.77,234.23,96.619,106.94
624.29,236.78,96.828,106.87
623.55,239.64,96.911,107.03
621.63,241.55,96.958,107.29
620.61,242.01,96.853,107.81
619.43,242.91,96.711,108.7
617.94,243.09,96.499,109.51
617.41,243.76,96.476,110.31
617.17,244.98,96.479,111.14
616.66,245.75,96.745,111.71
616.81,256.26,97.003,111.7
606.83,252.68,97.343,111.96
609.38,252.77,97.505,112.24
611.82,252.62,97.484,112.73
613.95,253.35,97.228,113.5
615.22,253.74,96.644,114.22
615.67,254.25,95.987,114.75
616.96,254.79,95.508,115.13
617.63,254.94,94.925,115.48
619.13,255.33,94.368,115.66
620.82,255.76,94.284,115.58
621.6,256.61,94.188,115.6
621.93,257.73,94.735,115.21
623.43,258.27,94.852,115.14
623.9,258.71,95.171,114.99
624.35,259.29,95.436,114.69
625.87,259.83,95.814,114.58
626.04,260.91,96.261,114.52
626.93,262.16,96.867,114.43
628.52,262.83,97.333,114.09
630.34,263.82,97.212,114.32
632.15,265.53,97.472,114.1
633.86,266.85,97.641,114.06
635.2,267.95,97.81,113.87
636.51,269.64,98.361,114.21
638,271.52,98.213,114.63
640.05,273.03,97.699,115.8
642.24,274.39,97.458,116.1
644.07,276.73,97.407,115.82
646.03,278,97.278,115.58
647.13,278.37,97.429,115.7
