489,343,204,183
489.01,345.48,204.69,181.2
488.97,345.32,205.4,180.09
489.5,345.27,206.46,179
490,345,207.3,177.86
490.78,344.58,208.22,176.97
491.74,344.38,209.03,176.25
492.21,343.93,209.59,175.45
492.78,343.95,210.01,174.96
494.15,343.48,210.46,174.66
494.8,342.83,210.83,174.25
495.36,341.59,211.73,173.59
496.49,341.17,212.77,172.8
496.64,339.96,213.49,172.41
496.78,339.82,214.44,172.39
497.3,339.05,216.05,172.31
497.07,339.23,217.11,172.13
497.3,339.42,218.45,172.21
498.4,338.04,219.82,172.19
498.41,337.8,220.77,172.36
498.89,338.17,222.08,172.33
498.62,337.08,223.84,172.31
497.39,337.5,225.23,172.66
497.93,336.78,226.5,173.23
497.66,336.75,228.19,173.31
498.64,335.31,229.15,173.05
497.6,336.17,230.12,172.84
498.53,335.04,230.88,173.09
498.64,335.21,232.3,172.65
498.19,335.27,233.61,172.71
498.18,336.32,234.65,172.85
496.99,336.91,236.74,172.69
496.98,336.4,237.99,172.49
497.01,336.95,239.61,172.31
497.13,336.57,240.83,171.94
496.99,337.93,242.26,171.47
494.14,338.36,244.41,171.18
493.27,339.26,246.64,171.45
491.84,340.08,248.98,171.72
490.47,339.53,251.24,172.29
489.01,339.65,253.19,173.03
486.86,339.47,255.59,173.72
485.95,340.03,257.86,174
485.04,340.12,260.35,174.11
483.15,339.89,262.89,174.56
482.86,340.95,265.2,174.97
481.93,342.11,267.31,175.25
479.21,341.94,270.12,175.66
476.74,341.69,272.74,176.02
475.37,341.8,275.18,176.47
474.06,341.28,277.82,176.98
472.86,341.75,280.32,177.07
471.41,342,282.66,177.51
470.7,342.57,285.01,177.85
469.39,344.29,286.47,178.24
467.29,345.12,287.85,178.59
466.41,344.4,289.32,179.43
465.11,345.94,290.9,179.89
464.64,344.57,291.9,181.13
463.3,345.12,292.51,181.43
462.63,345.58,293.21,182.17
446.09,349.53,304.27,172.57
436.78,353.49,316.02,165.27
431.05,355.26,325.64,159.88
425.36,358.72,333.94,155.93
421.7,360.14,340.82,153.25
416.99,362.02,346.21,151.67
413.17,363.52,350.97,150.77
409.17,364.66,355.13,150.51
407.33,365.32,358.63,150.62
403.54,364.26,361.33,150.9
401.97,364.3,364.19,151.04
398.06,364.31,367.19,150.95
395.92,364.62,370,150.91
393.46,364.9,372.73,151.22
391.79,365.16,375.24,151.49
389.57,365.49,377.59,151.92
386.06,366.29,379.81,152.33
383.96,365.42,381.94,152.62
380.49,365.08,384.24,152.97
377.44,364.1,386.26,152.97
374.63,364.31,388.82,152.76
372.45,364.69,391.48,152.85
370.59,364.96,392.76,153.15
371.12,364.58,393.37,153.71
370.36,364.24,393.38,154.14
367.37,365.42,394.42,154.11
366.64,365,394.91,154.45
366.25,364.47,395.19,154.68
365.89,364.81,395.75,154.92
365.22,365.29,395.84,155.09
365.41,364.63,396.16,155.62
365.12,364.97,395.9,155.69
362.31,364.54,396.57,156.06
361.56,364.29,397.14,156.28
361.78,364.51,398.68,156.21
361.05,364.23,399.36,156.6
360.43,363.71,399.7,157.17
359.97,363.57,400.36,157.42
358.84,363.76,401.08,157.65
358.01,364.06,402.31,158.05
355.94,363.83,403.77,158.48
356.21,363.25,405.19,158.99
354.25,362.82,406.84,159.49
353.81,361.93,408.23,160.15
353.1,360.72,409.58,160.86
351.38,360.12,411.52,161.23
348.51,359.79,413.52,161.7
346.21,359.67,415.45,162.25
343.46,359.51,418.33,162.99
339.58,358.91,421.73,163.76
335.43,357.95,425.98,164.41
331.07,357.61,430.33,165.42
327.75,358.09,434.7,166.28
324.67,358.23,438.08,167.57
321.69,357.97,442.58,169.01
316.22,357.87,447.08,170.74
313.76,356.84,452.05,171.84
309.54,355.88,456.3,172.94
307.92,356.44,458.87,174.11
303.48,355.74,462.49,175.43
300.46,355.01,467.26,176.56
295.76,354.85,471.86,177.7
292.82,354.46,476.9,178.96
290.18,353.4,481.2,180.29
287.38,352.09,485.6,181.94
285.02,352.04,489.75,183.48
280.91,351.37,494.44,185.05
276.5,350.03,500.23,186.54
274.12,348.72,505.07,188.04
270.12,347.59,509.96,189.62
267.56,346.39,512.87,191.34
264.79,344.88,516.26,192.88
261.73,343.63,520.05,194.83
260.52,342.55,523.71,197.4
259.84,341.74,527.7,199.43
257.94,340.67,533.23,200.82
254.27,339.83,538.44,202.1
252.5,339.32,543.5,202.9
249.36,338.67,548.12,203.94
246.47,338.04,551.87,205.24
244.33,336.98,555.37,206.4
244.06,335.34,557.6,207.82
244.78,333.88,559.54,209.2
245.13,332.99,560.39,210.38
245.77,332.31,561.93,211.81
245.72,332.22,564.39,212.68
245.84,331.71,567.18,213.62
246.38,330.79,569.76,214.82
246.01,330.41,571.41,216.02
247.68,328.11,572.26,217.74
249.47,326.4,572.92,218.95
249.79,324.76,574.28,219.58
250.3,322.99,575.68,219.8
251.6,321.69,576.61,220.18
253.38,320.51,577.08,220.76
256.18,319.25,576.59,220.97
257.3,318.37,576.84,221.66
258.1,317.41,576.76,222.03
258.79,316.27,577.17,222.32
259.15,315.17,577.82,222.55
261.55,313.56,577.88,222.4
263.71,312.37,577.33,222.7
265.94,311.28,576.61,222.85
267.66,309.72,576.6,223.01
268.93,308.49,577.35,222.86
269.68,306.79,577.82,222.5
272.03,305.6,578.01,222.35
275.39,305.16,577.17,222.17
276.89,304.51,576.32,221.81
279.27,303.69,575.82,221.69
282.42,302.2,574.87,221.12
284.41,301.52,574.04,220.42
287.97,300.64,572.82,220.02
288.14,300.54,573.14,219.94
289.27,299.58,573.42,220.11
291.27,298.25,572.76,220.58
293.56,297.6,571.58,221.18
296.43,297.99,569.8,222.27
295.52,297.9,569.06,222.87
295.6,297.52,569.17,223.55
297.13,296.65,569.69,224.11
290.25,270.14,578.91,218.24
291.2,281.74,582.03,216.52
291.92,287.04,584.38,217.41
291.99,288.44,584.08,217.93
295.09,288.8,582.71,219.37
296.53,288.13,581.44,221.34
299.36,286.44,579.17,223.39
301.56,284.5,577.66,224.3
304.46,283.1,576.13,224.97
307.35,282.54,574.79,225.76
310.42,281.79,573.39,225.82
313.65,280.03,571.96,225.67
314.11,279.3,570.36,225.86
317.16,278.17,569.67,225.52
318.37,276.88,568.65,225.59
319.2,275.81,567.75,225.84
320.32,274.8,566.77,226.28
322.73,273.97,565.92,226.95
326.88,273.36,564.26,228.29
328.53,270.32,562.17,229.49
331.37,267.46,560.23,229.7
327.79,266.86,559.91,229.42
329.98,265.99,560.43,228.88
329.68,265.64,560.07,228.82
331.39,264.05,558.96,228.97
331.11,261.67,558.02,229.05
329.03,261.55,558.82,228.44
328.34,260.7,559.15,228.13
329,259.26,558.95,228.04
328.63,259.18,559.65,227.6
330.32,258.57,558.9,227.87
332.49,257.5,557.87,228.72
333.64,255.55,557.06,228.71
333.4,253.92,556.43,228.19
332.08,253.4,556.77,227.42
332.32,252.84,557.77,226.71
332.17,251.27,557.68,226.1
333.79,250.01,559.01,225.65
331.52,250.18,559.71,224.93
335.11,248.56,559.94,224.81
334.1,249.95,558.12,224.98
337.86,248.39,556.58,225.42
339.63,247.4,553.05,225.69
341.21,246.52,550.78,225.46
343.74,245.4,548.03,225.53
343.79,245.16,545.94,225.01
346.86,243.47,544.75,224.55
344.99,244.01,543.6,223.59
347.16,241.77,543.06,223.07
345.75,243.85,542.47,222.05
348.51,241.49,541.36,222.58
344.23,241.91,541.05,221.81
347.4,239.9,541.69,221.43
345.27,239.71,541.01,220.42
346.23,238.24,540.92,219.67
344.68,239.26,540.95,217.94
344.81,238.99,540.25,217.03
343.92,237.82,539.45,216.52
342.88,237.63,539.38,215.02
341.93,237.73,539.23,213.59
341.26,237.28,539.18,212.51
340.65,237.23,538.15,211.62
340.34,238.29,537.37,210.59
341.41,239.1,535.47,210.55
342.2,238.56,532.93,211.35
341.22,238.08,530.92,211.52
341.26,237.63,529.84,211.35
340.05,237.43,528.42,210.79
339.64,237.55,527.21,209.94
340.34,237.36,525.71,209.36
340.63,237.58,523.38,208.85
340.18,238.48,521.01,208.44
339.29,238.07,518.11,208.45
339.33,237.9,516.23,207.87
339.8,236.4,513.95,207.78
339.14,235.32,512.22,207.67
338.86,234.61,510.21,207.75
337.73,234.23,508.05,207.95
339.47,233.2,506.15,208.09
337.98,232.92,503.49,208.04
338.08,231.73,500.54,208.11
339.32,229.96,497.27,207.91
340.14,228.64,493.29,207.32
341.05,227.54,488.91,207.35
343.47,225.96,484.16,207.66
344.21,223.02,479.97,208.42
343.78,221.28,477.44,207.76
345.38,218.96,474.21,207.63
345.53,216.8,470.56,207.74
347.14,215.16,466.91,207.45
349.15,213.05,463.13,207.2
350.11,211.78,458.32,207.38
352.13,210.78,453.35,207.66
353.06,209.04,448.6,208.04
354.11,206.1,443.8,209.06
346.09,203.74,443.65,206.07
354.04,203.67,437.9,206.72
346.24,200.63,438.34,203.67
344.17,200.75,439.27,200.27
343.17,199.33,439.21,198.29
341.85,198.06,437.9,196.86
340.41,196.24,437.19,195.65
340.85,193.32,435.79,195.13
336.71,193.19,435.58,193.98
338.4,192.26,434.72,193.56
337.19,189.96,433.66,193.11
335.74,188.05,433.26,192.6
337.36,187.29,431.79,192.6
339.2,184.9,429.87,192.72
339.31,183.22,427.65,192.82
338.45,181.13,426.64,192.54
338.36,180.22,425.5,192.1
341.09,178.38,423.66,192.07
341.89,176.56,422.07,192.78
342.14,175.04,420.63,193.47
344.42,173.78,419.13,193.8
347,172.7,417.3,194.12
348.56,171.77,416.06,194.64
348.4,170.29,415.08,195.26
348.89,169.11,414.42,195.82
351.76,167.26,413.29,196.82
353.04,166.74,411.7,197.46
356.51,164.67,410.34,198.36
356.76,164.84,408.92,198.64
359.06,163.49,407.82,199.22
361.99,162.68,406.41,200.15
364.85,161.64,404.88,200.94
366.87,160.8,404,201.33
367.17,160.39,404.27,201.27
366.95,160.16,405.22,201.2
367.83,160.32,405.37,201.31
367.61,160.68,405.33,201.33
368.68,160.85,405.55,200.99
370.35,160.65,405.12,200.77
374.24,160.37,403.98,200.83
377.53,159.54,403.05,200.77
378.27,159.19,402.87,200.39
382.69,158.87,401.83,200.51
384.35,158.7,400.91,199.81
397.94,151.26,392.09,206.86
404,146.7,383.99,212.34
409.57,143.2,377.18,215.73
413.73,141.3,371.98,217.93
417.56,139.44,367.98,219.33
421.27,137.81,364.54,220.45
425.56,136.17,361.22,221.33
429.52,134.04,358.42,221.48
432.46,132.76,356.1,221.51
436.34,131.51,353.82,221.66
439.68,130.18,351.27,222.05
442.1,128.91,349.36,222.18
446.65,128.95,347.35,222.09
450.66,126.23,344.35,222.67
453.1,125.62,343.17,221.78
457.32,124.47,341.66,221.24
459.8,124.14,339.46,220.85
462.71,123.36,337.54,220.36
467.65,122.76,335.68,219.66
471.66,122.18,333.86,218.93
473.83,122.55,332.5,218.68
476.64,121.87,331.65,218.62
479.57,121.51,330.87,218.68
481.15,121.39,329.97,218.86
483.65,121.58,329.43,219.02
486.51,121.29,328.79,219.21
488.4,121.81,328.17,219.42
490.47,122.25,327.7,219.31
493.05,123,327.16,219.35
494.78,123.61,326.85,219.39
496.52,124.77,326.64,219.56
499.33,125.07,326.32,219.88
501.48,125.85,326.11,220.08
502.47,126.97,325.54,220.46
503.48,128.29,325.64,220.6
504.45,129.6,325.79,220.85
507.7,131.07,325.36,220.97
509.28,132.46,324.88,221.35
511.34,133.75,324.73,221.56
514.57,135.23,323.83,221.88
517.9,137.2,322.56,222.03
520.37,139.23,321.29,222.09
523.14,141.59,319.93,222.07
527.08,144.07,318.58,221.44
530.96,148,316.57,220.96
534.44,151.79,314.8,220.38
538.32,155.55,313.58,219.59
540.77,158.74,312.72,218.9
544.33,162.62,311.5,218.36
548.5,165.73,310.22,218.33
552.05,169.54,308.66,218.37
555.74,173.58,307.38,218.68
558.82,176.95,306.77,218.37
562.04,180.88,306.1,218.52
564.44,184.86,304.83,218.23
567.15,189.1,303.8,217.65
569.52,193.16,303.29,216.97
572.13,197.1,302.74,216.38
574.83,201.3,301.84,216.21
577.12,205.56,301.17,216.29
579.06,210.26,300.65,216.23
580.63,214.28,300.42,216.13
582.52,218.29,300.13,215.81
585.5,222.18,299.83,215.1
587.46,226.95,299.63,214.86
589.94,231.28,298.99,214.64
593.13,235.58,298.24,214.65
596.82,239.52,297.55,214.52
601.32,242.74,296.72,213.96
604.31,246.54,296.02,213.72
622.9,249.3,282.16,228.84
635.14,247.89,271.96,242.76
643.01,247.44,264.99,253.19
646.78,247.64,260.81,262.19
648.65,249.47,258.43,268.82
650.49,250.17,257.5,273.26
650.59,252.61,257.07,277.3
651.42,254.39,257.94,280.13
652.03,256.4,259.37,281.79
652.45,257.81,260.73,283.17
652,259.6,261.79,284.76
651.99,262.09,263.34,286.05
653.13,263.89,264.9,286.83
654.42,265.65,266.1,287.71
654.35,268.24,267.45,288.75
656.08,269.61,268.46,289.54
656.69,271.56,268.96,290.67
658.34,273.33,269.32,291.38
659.73,275.26,269.83,291.88
661.58,277.5,270.37,291.64
662.61,279.86,270.54,291.67
661.81,281.63,271.44,291.82
662.58,284.49,272.39,292.14
664.55,288.11,273.26,292.64
664.91,290.57,273.94,293.64
665.05,292.62,274.5,294.14
664.96,293.51,275.53,293.96
664.02,294.96,277.06,294.47
664.71,296.46,278.36,294.9
664.4,296.99,279.65,295.3
663.79,298.22,280.37,295.34
665.08,300.14,280.85,296.24
665.73,301.12,280.72,296.63
666.18,302.4,280.82,296.46
666.3,302.69,280.74,296.74
665.87,303.23,281.05,296.68
666.71,304.01,281.34,296.84
667.6,304.5,282,296.95
667.85,304.47,282.79,297.08
668.48,303.97,284.1,297.05
667.13,305.95,285.3,296.64
668.65,305.08,286.38,296.28
669.01,305.33,287.76,295.77
668.42,306.18,288.46,295.73
668.17,306.59,289.61,295.54
668.44,307.32,290.55,295.38
668.3,306.44,291.29,295.41
667.45,306.8,291.47,294.88
667.44,308.33,291.99,294.98
670.34,308.88,293.32,295.63
669.41,307.74,294.56,296.51
668.87,307.28,295.49,297.32
669.05,307.42,296.25,297.73
668.67,307.4,296.59,298.21
667.82,307.25,296.39,298.44
667.64,307.19,296.4,298.88
669.17,307.35,296.75,299.39
668.3,307.45,296.71,299.55
669.64,307.23,296.81,300.24
669.78,307.46,296.86,300.53
670.63,307.42,297.24,300.43
669.56,307.26,297.23,301.08
671.52,306.69,297.19,301.17
671.55,306.96,296.94,301.96
671.09,307.26,297.41,302.68
671.12,307.42,297.38,303.04
671.37,307.84,297.01,303.86
672.23,307.93,297.23,304.1
671.92,307.98,297.72,304.31
672.09,308.24,297.9,305.14
671.93,308.25,297.75,305.82
672.31,308.29,297.52,306.3
671.97,308.03,297.83,306.2
673.08,308.03,298.18,306.17
673.31,307.9,298.61,306.16
673.42,307.69,298.56,306.18
673.78,307.26,298.86,306.04
674.02,306.92,298.99,305.84
674.25,306.64,299,305.61
675.22,305.95,298.89,305.39
673.85,305.2,299.19,304.6
673.99,306.12,299.27,303.72
673.71,306.33,299.49,302.86
674.96,306.12,299.63,301.66
673.2,307.4,299.69,300.49
674.06,306.93,299.26,299.61
674.32,307.91,299.6,298.45
673.82,308.35,299.58,297.28
674.23,308.96,299.27,296.73
674.06,309.58,298.76,296.54
674.97,309.27,298.37,296.39
674.7,309.39,298.32,296.24
675.28,309.42,298.42,296.11
675.35,309.58,298.67,295.74
675.08,309.79,299.1,295.22
675.03,310.06,299.26,294.62
675.3,309.64,298.87,294.06
675.22,309.47,298.66,293.08
675.3,309.58,298.16,292.16
675.59,310.1,297.42,291.12
675.51,311.1,297.07,290.03
675.39,311.69,296.58,288.67
674.98,311.85,296.38,287.29
675.33,311.84,296.19,285.99
675.81,311.79,295.92,284.7
675.61,311.59,295.37,283.67
674.72,312.19,294.47,282.49
675.74,312.22,294.68,281.76
675.17,311.79,294.35,280.48
675.18,310.93,294.31,279.01
677.21,313.08,293.15,277.07
676.69,311.86,293.25,275.44
678.14,313.95,291.84,273.9
678.8,314.26,291.16,272.53
680,313.81,290.74,271.08
680.74,314.34,289.43,269.69
681.91,314.33,288.67,268.2
682.78,315.51,287.29,267.03
684.39,315.98,286.34,265.76
684.81,316.34,285.41,264.48
685.56,315.96,284.69,263.09
686.44,316.44,283.97,261.83
687.15,316.62,283.34,260.69
688.57,317.19,282.95,259.55
689.27,316.6,282.68,258.38
690.54,316.29,282.3,257.63
691.68,315.65,281.99,257.12
693.63,314.9,281.88,256.46
695.56,315.47,281.63,255.85
698.08,315.77,281.05,255.2
698.64,316.01,280.29,255.06
699.85,316.11,279.86,254.98
702.09,316.14,279.29,254.92
703.58,316.18,278.86,255.04
704.56,316.04,278.57,255.06
706.32,315.68,278.73,255.29
707.58,316.03,278.42,255.25
708.66,315.98,277.94,255.23
709.99,315.96,277.75,255.07
712.05,315.41,278.11,254.8
712.49,315.75,278.07,254.2
712.32,316.17,278.54,253.42
712.79,316.21,279.18,252.44
713.97,315.93,279.69,251.79
715.36,315.64,280.1,251.28
717.07,316.04,280.37,251.58
717.42,316.34,280.85,251.68
718.24,316.15,281.5,251.68
720.04,316.67,281.74,251.96
721.54,315.64,282.49,251.53
723.28,316.47,282.31,251.72
723.99,316.61,282.43,252.34
724.91,316.83,282.81,252.97
725.91,317.39,283.26,253.3
727.37,317.04,284.02,253.73
729.12,316.52,284.6,254.41
729.74,317.12,285.26,255.02
730.5,317.57,286.02,255.5
731.1,317.82,287.02,255.96
732.32,317.93,287.48,256.01
733.05,317.69,287.9,256.01
733.05,318.35,288.68,256.22
733.89,318.76,289.63,256.46
734.94,319.41,290.65,256.61
735.73,319.59,291.74,256.75
736.51,319.1,292.98,256.52
738.21,319.82,293.91,257.19
738.49,318.92,295.4,257.22
740.75,318.77,296.04,257.6
741.7,318.81,297.06,257.88
743.28,320.66,297.91,258.02
743.87,320.49,299.52,258.53
745.13,321.83,300.99,258.72
745.22,321.61,302.9,258.72
746.15,322.1,304.48,258.45
746.64,323.7,306.06,258.15
747,324.08,307.76,258.21
746.28,324.84,309.87,258.12
746.94,326.15,311.57,258.18
746.52,327.96,313.65,258.65
747.44,328.11,315.23,259.45
747.85,328.47,317.14,260.35
747.21,329.23,318.77,261.31
747.02,330.04,319.99,261.94
747.34,330.92,320.89,262.18
747.91,330.95,321.91,262.39
748.87,331.19,322.67,262.61
748.41,332.87,324.68,262.51
748.76,332.91,326.68,262.24
749.34,334.02,328.26,262.12
749.39,334.35,329.83,262.15
748.71,336.91,331.66,261.96
749.16,337.22,332.96,262.29
749.44,338.1,334.17,262.68
750.91,338.37,335.23,263.74
751.18,340.06,336.02,265.21
753.48,339.57,337.47,266.81
754.18,339.88,338.68,268.14
755.79,340.01,339.93,269.63
758.19,338.67,341.39,270.62
758.29,338.4,343.14,271.75
758.47,337.64,344.94,272.72
760.68,335.53,346.13,273.54
762.2,334.11,346.16,275.14
764.79,332.48,345.86,276.02
767.18,330.93,346.15,276.43
768.85,329.31,346.11,276.37
771.31,328.92,346.05,275.63
772.8,328.43,346.08,274.76
775.19,327.3,345.38,273.59
775.94,327.15,344.56,272.63
778.07,327.08,343.7,271.58
779.87,326.56,342.83,270.5
780.82,326.46,341.57,269.51
781.25,326.96,339.74,268.52
782.07,326.88,337.9,267.54
782.43,326.21,335.65,266.96
782.62,325.13,334.01,266.73
783.41,324.21,332.03,266.27
786.54,324.23,330.1,265.23
787.67,324.75,328.18,263.81
789.52,324.43,325.99,261.78
790.23,324.57,324.44,259.18
792.2,325.7,323.26,256.22
794.48,328.12,321.18,253.73
795.41,329.55,319.09,251.89
799.11,329.9,317.22,250.3
801.25,331.13,315.54,248.68
803.98,333.06,314.71,247.04
805.57,333.61,313.99,245.66
807.23,334.57,313.52,244.91
808.73,336.97,313.56,244.55
810.63,338.23,314.66,244.55
812.23,339.37,316.55,245.12
813.25,339.17,319.09,246.36
814.05,339.44,321.24,247.46
814.95,338.57,323.32,248.97
816.73,338.45,324.54,250.6
818.42,339.41,326.24,252.86
819.11,340.46,328.99,254.87
820.36,340.84,331.37,256.92
821.41,341.05,334.35,258.8
821.15,340.87,336.76,260.28
820.59,340.07,338.74,261.48
820.41,340.08,340.5,261.79
820.5,339.75,342.48,262.51
821.75,338.76,343.2,262.81
821.23,340.19,343.01,263.14
820.98,339.94,342.91,263.48
822.82,337.23,341.47,264.42
824.42,335.2,339.36,265.45
823.71,333.24,338.46,266.62
823.39,332.03,337.77,267.59
825.7,331.09,336.59,269.05
829.97,330.72,334.9,271.58
830.69,326.95,334.2,274.19
831.75,324.88,334.27,276.09
830.74,325.02,334.33,277.21
829.62,324.09,333.57,279.06
830.34,323.49,332.47,280.26
830.68,322.89,330.24,281.6
830.37,322.21,327.76,283.58
830.45,322.57,325.33,285.17
832.7,323.59,323.9,285.3
831.35,325.85,323.23,285.41
831.01,326.04,323.12,285.88
829.38,328.24,321.87,286.4
828.28,330.15,320.5,287.42
827.48,329.28,319.63,289.35
825.51,329.09,318.52,290.69
826.89,328.76,317.31,292.13
827.21,329.59,315.33,292.91
828.32,329.84,312.98,293.45
829.03,328.64,311.49,293.57
828.99,327.73,308.84,293.45
830.27,327.28,305.35,292.95
832.99,325.17,301.82,294.12
834.02,320.39,298.93,296.09
836.87,317.93,295.01,296.28
839.06,314.07,290.63,296.77
839.12,312.08,285.54,296.11
840.68,310.15,281.13,294.79
839.54,310.29,276.66,292.7
838.97,308.56,273.29,291.02
837.01,306.34,269.01,288.64
836.86,305.46,264.82,286.06
834.96,303.8,260.78,283.17
833.42,301.47,256.97,280.41
831.88,299.14,252.93,277.83
831.4,297.03,249.36,275.11
831.34,295.83,245.63,272.41
828.93,293.65,242.5,270.05
827.94,291.14,239.19,267.18
826.59,290.04,235.92,264.2
805.75,289.93,234.36,261.25
811.68,288.92,231.54,258.16
813.45,285.82,228.12,254.76
812.42,284.24,224.33,251.46
811.21,281.91,220.96,248.5
810.14,279.82,217.32,245.48
808.76,277,213.8,242.74
807.92,274.37,210.15,239.87
806.84,272.97,206.76,237.12
805.62,270.1,204.12,235.38
804.35,267.84,201.82,233.8
802.85,265.72,199.93,232.67
802.95,263.41,197.85,231.58
802.12,261.18,196.01,230.8
801.34,259.29,194.61,230.24
800.8,257.35,193.4,229.78
799.68,254.56,192.14,229.43
798.69,251.93,191.42,229.3
797.71,249.1,190.74,229.21
795.98,247.02,190.1,229.11
774.33,225.81,189.36,228.07
776.75,226.93,188.67,227.36
778.77,226.42,188.02,226.88
779.04,225.2,187.53,226.55
779.13,223.72,186.98,226.21
779.6,222.7,186.65,226.03
780.63,221.09,186.45,225.93
781.41,218.7,186.3,225.88
781.45,215.79,186.15,225.85
782.17,212.87,186,225.83
783.52,209.68,185.87,225.79
785.45,206.5,185.79,225.76
786.55,203.32,185.72,225.74
787.73,200.31,185.62,225.71
787.11,196.87,185.56,225.7
787.69,193.63,185.49,225.68
788.46,190.19,185.38,225.67
789.01,187.37,185.29,225.64
789.04,184.74,185.2,225.6
789.67,182.2,185.1,225.55
784.58,185.37,184.77,225.8
782.91,187,184.41,226.11
782.41,186.78,184.11,226.37
781.99,186.09,183.75,226.67
782.01,185.1,183.36,227.01
782.71,184.78,183.05,227.3
784.26,184.2,182.76,227.55
785.65,183.1,182.44,227.83
786.98,182.05,182.15,228.08
788.07,180.65,181.89,228.32
789.13,178.62,181.53,228.64
790.51,176.99,181.16,228.98
791.47,174.66,180.87,229.24
792.71,172.55,180.52,229.58
794.03,170.66,180.26,229.81
817.38,222.71,181.07,229.18
817.38,221.68,181.82,228.76
816.78,220.03,182.61,228.41
816.09,218.18,183.36,228.12
815.67,216.56,183.85,227.89
815.44,215.09,184.41,227.67
814.96,213.24,184.93,227.46
814.86,211.01,185.32,227.38
814.57,208.75,185.73,227.3
814.77,206.27,186.05,227.31
814.33,203.72,186.35,227.3
814.4,201.23,186.6,227.32
813.87,198.95,186.83,227.31
813.61,196.15,187.03,227.33
813.3,193.79,187.23,227.35
811.57,191.35,187.42,227.42
810.31,188.53,187.61,227.48
809.79,185.51,187.76,227.54
808.62,182.74,187.91,227.65
807.02,180.22,188.06,227.73
806.61,176.71,188.19,227.81
805.17,173.71,188.33,227.91
803.76,170.53,188.46,228.03
802.89,165.04,188.04,228.65
801.53,159.65,187.52,229.46
777.34,128.36,186.2,231.11
779.76,124.43,185.14,232.43
781.29,120.13,184.39,233.38
781.93,115.48,183.56,234.42
782.39,110.55,182.66,235.62
782.39,105.64,181.75,236.85
781.59,101.35,180.86,238.03
781.1,97.8,180.04,239.09
780.85,93.164,179.24,240.17
780.31,88.783,178.77,240.78
779.63,85.133,178.36,241.28
754.53,61.729,177.33,241.87
754.67,60.696,176.25,242.64
755.36,41.865,174.52,242.91
754.76,43.078,173.12,243.36
754.62,24.871,172.4,240.03
752.45,28.212,171.09,235.07
749.04,27.156,169.27,230.74
745.11,12.982,167.06,223.67
743.46,14.674,164.24,217.55
741.9,13.877,161.88,212.44
740.4,2.4579,159.96,204.6
739.94,2.9631,159.01,200.27
739.25,1.9666,158.54,196.43
738.04,0.88847,158.07,193.1
738.62,-0.19345,157.62,189.79
739.8,-8.8511,156.96,184.06
742.4,-5.6313,156.08,179.74
743.99,-3.9861,155.26,175.94
743.79,-3.22,154.24,171.69
743.66,-1.7134,153.26,167.54
741.76,0.28246,152.48,163.47
739.81,2.1976,151.23,159.87
737.74,4.8804,149.61,156.24
734.35,6.3712,147.57,153.42
731.96,7.881,145.41,151.24
730.48,9.5816,143.69,149.21
730.71,9.7004,141.49,147.97
730.53,9.6932,139.95,146.82
729.76,9.0156,138.43,145.83
729.95,7.0137,137.06,144.59
730.49,3.6321,135.7,143.46
730.57,1.4738,134.37,141.95
730.73,0.8566,133.56,139.16
732.28,0.031364,132.31,135.86
733.39,-0.70731,130.87,132.24
734.06,-1.7675,129.12,128.21
732.95,-2.8258,127.26,124.46
730.44,-3.2414,125.38,120.75
718.47,-4.1205,124.15,116.98
717.26,-9.5741,127.19,106.18
704.53,-5.5813,129.54,98.419
693.76,-3.3866,130.54,92.304
683.62,-1.0717,130.51,87.508
671.44,-6.9226,134.84,78.9
662.94,-0.7084,133.41,75.578
641.26,1.431,132.96,73.603
632.6,-5.9729,135.77,68.316
624.99,-2.8615,137.09,64.588
618.07,-1.2578,138.84,62.112
621.95,-0.56198,140.05,60.808
615.53,-0.61016,141.26,59.547
619.28,-0.020615,142.28,58.424
612.38,-0.34574,142.96,57.734
617.35,0.36168,143.44,57.011
620.69,1.5597,143.73,56.419
613.76,1.9279,144.22,55.929
617.32,3.1146,144.49,55.505
609.35,3.6091,144.89,55.352
612.14,4.3564,145.27,55.27
613.16,5.4708,145.69,55.152
614.36,6.3418,145.96,55.097
614.37,7.0692,146.19,55.08
615.35,10.16,145.37,55.861
604.44,11.502,144.88,56.737
605.39,12.795,144.45,57.443
605.49,13.088,144.02,58.299
605.65,13.856,143.53,59.167
604.25,14.542,143.33,59.708
591.28,4.1422,144.17,59.342
589.28,6.3104,145.31,58.907
587.43,7.8771,146.09,58.709
585.76,9.2189,146.6,58.567
585.84,12.505,145.8,59.372
586.07,14.744,145.36,60.002
584.63,4.9836,146.01,59.613
582.11,7.4678,146.81,59.204
579.09,8.683,147.26,59.05
578.32,12.828,146.58,59.826
576.76,14.613,146.21,60.367
575.47,15.995,145.92,60.887
560.64,5.8737,146.43,60.577
558.22,7.8321,147.16,60.222
555.13,8.6019,147.66,60.04
552.75,9.3309,148.02,59.895
551.52,12.267,147.54,60.589
549.49,2.1561,148.21,60.282
547.28,4.3347,148.7,60.053
535.19,5.523,149.37,59.691
534.95,6.2201,149.92,59.405
536.13,6.9678,150.24,59.165
526.33,10.11,149.51,59.855
527.6,12.385,149.15,60.245
530.45,1.485,149.45,60.014
519.18,3.6074,149.66,59.822
508.56,4.9135,149.89,59.644
509.39,6.4079,150.08,59.482
499.71,7.1691,150.2,59.379
501.39,10.263,149.33,60.236
501.8,0.42139,149.67,59.859
490.74,1.9563,150.01,59.536
490.57,3.0127,150.34,59.313
480.73,3.5362,150.62,59.202
482.07,4.2446,150.81,59.131
483.25,4.9404,150.97,59.056
483.39,5.7991,151.17,58.948
471.03,6.3097,151.43,58.914
472.78,6.9089,151.57,58.875
475.35,7.1519,151.63,58.857
480.81,7.5767,151.66,58.839
486.47,8.0416,151.7,58.821
492.44,7.7845,151.71,58.812
496.75,8.1131,151.71,58.808
501.61,7.7723,151.71,58.804
507.43,7.1837,151.71,58.801
515.72,9.6625,151.69,58.811
524.92,10.386,151.62,58.84
533.31,11.443,151.57,58.862
540.25,22.933,150.72,59.514
547.49,31.094,148.34,61.332
553.04,28.847,146.18,62.948
557.88,27.487,144.98,63.874
551.57,27.008,143.87,64.654
556.74,26.978,143.24,65.117
561.53,26.92,143.03,65.272
566.82,26.173,142.81,65.433
576.42,23.844,142.78,65.446
584.6,21.638,142.72,65.464
590.77,19.683,142.69,65.471
597.83,17.052,142.67,65.471
605.42,15.718,142.66,65.471
613.66,14.774,142.68,65.457
620.22,13.699,142.69,65.444
627.33,12.812,142.7,65.433
633.39,12.241,142.71,65.425
641.64,11.734,142.73,65.404
657.47,1.606,143.07,64.89
658.3,1.6078,143.19,64.72
661.27,2.4478,143.24,64.625
666.17,3.271,143.28,64.576
668.77,4.7098,143.31,64.548
671.28,5.8382,143.32,64.541
672.81,6.4358,143.33,64.529
676.21,7.3867,143.33,64.526
678.63,8.8101,143.34,64.522
680.55,10.732,143.34,64.518
680.31,12.839,143.34,64.516
681.44,13.862,143.35,64.513
681.59,14.598,143.35,64.509
682.47,16.648,143.34,64.51
681.92,17.132,143.33,64.512
682.58,18.839,143.3,64.518
683.25,19.138,143.29,64.519
683.12,19.48,143.28,64.521
685.11,19.718,143.27,64.523
686.95,18.951,143.27,64.523
691.42,17.981,143.23,64.531
696.99,20.195,143.2,64.548
718.03,8.831,142.88,64.589
726.79,8.7619,142.92,64.447
733.95,10.043,142.53,64.452
738.32,10.062,142.27,64.462
740.43,0.35381,142.75,63.25
742.77,2.3726,143.37,61.97
742.98,3.0772,144.04,60.641
735.94,2.9423,144.3,60.008
737.51,2.5449,144.6,59.515
737.95,1.9578,144.93,59.089
739.02,2.0728,145.06,58.956
740.1,2.1857,145.11,58.898
741.35,3.18,145.13,58.887
743.18,4.5687,145.13,58.883
749.61,6.1699,145.13,58.881
756.78,8.1791,145.13,58.88
763.04,9.2137,145.14,58.877
769.13,10.589,145.14,58.871
774.93,11.652,145.15,58.86
780.28,12.422,145.16,58.836
784.91,13.576,145.21,58.785
787.84,14.285,145.28,58.713
791.35,14.193,145.3,58.687
793.72,3.788,145.4,58.534
795.57,5.6145,145.46,58.436
796.48,7.5142,145.51,58.36
799.64,9.4371,145.54,58.32
802.21,10.779,145.56,58.29
804.67,12.231,145.57,58.28
808.39,12.262,145.57,58.276
810.69,12.66,145.57,58.274
814.26,14.041,145.57,58.273
818.43,14.618,145.58,58.27
823.16,16.55,145.58,58.267
827.3,17.801,145.58,58.264
831.74,18.297,145.58,58.258
834.6,18.357,145.59,58.255
837.31,19.04,145.6,58.248
840.16,19.967,145.61,58.232
843.21,20.725,145.63,58.219
844.92,21.85,145.66,58.179
845.34,21.318,145.7,58.129
846.05,9.5448,145.83,57.99
845.95,11.122,145.9,57.914
849.22,10.943,145.99,57.791
851.97,12.07,146.06,57.667
855.41,2.7207,146.41,57.194
858.79,5.3573,146.6,56.945
861.83,7.2244,146.77,56.742
861.26,8.7059,146.99,56.586
859.52,9.8869,147.18,56.446
858.27,10.658,147.35,56.335
856.85,10.881,147.54,56.207
856.02,1.5574,147.7,55.993
842.01,4.257,148.43,55.385
829.66,6.3478,148.69,55.121
828.94,7.5559,148.87,54.961
830.22,-1.4327,149.06,54.787
829.99,2.2516,149.12,54.73
828.66,4.8445,149.14,54.715
829.64,7.1478,149.15,54.708
830.39,8.8473,149.16,54.699
832.5,10.551,149.16,54.694
834.49,11.758,149.16,54.692
840.42,12.203,149.15,54.691
846.29,12.799,149.15,54.688
851.67,14.58,149.15,54.685
853.48,15.816,149.15,54.683
853.32,16.159,149.15,54.681
852.49,16.417,149.16,54.679
848.01,16.886,149.17,54.672
844.25,17.368,149.17,54.67
839.43,18.412,149.17,54.667
835.8,19.445,149.18,54.665
831,21.074,149.18,54.663
830.16,22.595,149.18,54.663
830.52,26.066,149.18,54.663
831.94,29.993,149.19,54.66
832.56,33.16,149.19,54.658
832.58,35.171,149.18,54.65
836.35,37.641,149.17,54.642
839.97,39.34,149.15,54.638
845.59,40.047,149.14,54.635
853.42,37.792,149.12,54.643
858.26,34.688,149.08,54.658
860.73,34.138,149.06,54.668
861.8,32.724,149.04,54.679
862.31,31.68,149.02,54.697
862.81,31.554,149,54.721
862.34,33.008,148.99,54.73
863.18,33.514,148.97,54.743
862.09,34.159,148.95,54.761
861.52,35.538,148.91,54.801
852.27,50.709,148.08,55.33
858.04,50.288,144.38,58.349
863.62,48.802,138.86,62.902
875.73,46.119,134.76,65.961
876.81,41.133,131.07,68.728
878.53,35.526,126.25,72.353
868.91,31.18,124.01,74.289
861.53,18.127,120.78,77.193
866.16,15.886,119.14,78.647
859.18,12.349,116.2,81.114
873.07,10.16,114.69,82.359
873.65,8.2236,113.56,83.036
863.68,-0.64124,115.24,81.369
875.56,2.6962,115.9,78.586
874.19,-2.6006,116.73,76.146
874.76,0.35241,116.79,74.698
867.14,1.9437,116.93,73.641
858.67,-4.0805,117.54,71.771
860.67,-0.12967,117.65,71.121
850.75,3.0632,117.86,70.291
852.65,4.31,118.04,69.713
857.25,-1.8688,118.14,68.568
848.88,1.3992,118.13,67.919
851.45,3.5023,118.27,67.361
856.39,4.0909,118.21,67.192
862.8,-2.8801,118.2,66.922
851.35,-2.1114,118.72,66.134
840.02,-1.41,119.16,65.498
841.57,-1.075,119.65,64.795
841.3,-1.1864,120.24,63.932
842.4,-0.79225,120.34,63.714
844.11,-0.45072,120.44,63.544
844.47,0.10464,120.61,63.322
846.64,0.30529,120.73,63.184
850.59,0.86559,120.82,63.066
853.61,1.9724,120.9,62.992
857.6,2.9908,120.99,62.899
859.17,3.4949,121.05,62.85
860.79,-4.7833,121.29,62.619
862.69,-2.8342,121.51,62.422
863.18,-1.0726,121.6,62.326
865.32,-0.18238,121.65,62.282
