561,273,32,43
546.38,265.8,32.856,41.884
546.02,267.83,33.406,41.383
526.99,275.25,33.216,41.392
529.02,285.22,33.61,40.087
548.17,302.62,33.791,39.146
558.36,305.43,33.663,38.497
570.27,314.72,33.997,39.371
585.95,314.97,34.298,39.965
581.16,294.01,34.167,41.345
571.84,264.77,34.226,42.658
581.15,238.54,32.787,44.8
569.78,232.56,33.07,44.136
564.2,225.43,33.157,44.377
551.3,190.24,33.782,44.66
532.44,162.67,34.031,44.457
532.8,160.91,34.317,45.3
553.69,182.93,34.938,45.567
566.12,204.38,35.785,45.889
570.92,197.97,35.629,46.763
571.67,201.52,35.996,47.643
565.91,217.42,36.629,48.253
568.94,210.91,36.625,48.006
580.08,195.96,36.424,48.608
608.39,192.69,35.962,49.156
619.58,183.54,35.84,49.35
614.28,171.02,35.793,48.92
606.48,161.2,35.668,49.77
612.26,151.06,35.793,49.695
620.26,132.12,36.716,48.768
604.23,134.2,37.148,47.9
591.91,141.75,37.533,47.594
591.87,147.29,37.546,48.926
583.44,163.99,37.975,49.634
569.88,192.5,38.5,48.999
582.45,214.13,39.2,48.718
599.92,243.13,39.396,48.323
594.53,278.34,39.139,48.399
580.73,302,38.706,48.803
579.36,315.05,38.935,48.799
576.52,319.98,39.182,49.428
564.8,328.89,39.266,49.111
552.4,339.5,39.379,48.994
547.57,343.54,39.333,49.871
548.65,344.17,38.901,51.016
547.44,344.71,38.797,52.13
551.16,344.14,38.751,53.022
557.12,343.24,38.809,53.989
551.47,346.42,38.473,53.999
543.37,349.59,38,53.856
541.26,354.74,38.361,53.377
540.36,357.1,37.956,53.418
533.18,370.24,39.063,52.868
533.7,372.75,39.005,52.969
538.4,373.49,38.344,53.796
538.1,377.71,39.075,54.5
525.07,387.83,39.85,55.071
521.65,396.73,40.15,55.452
533.3,388.78,40.312,55.916
543.7,384.25,39.393,55.53
537.55,384.15,38.722,55.375
541.66,380.5,37.938,55.092
553.05,369.3,38.027,54.643
555.74,362.06,38.176,53.936
555.64,357.74,37.928,53.4
555.91,355.67,37.685,53.297
553.99,358.86,38.468,53.823
552.98,366.6,38.635,54.838
553.25,365.43,38.614,55.265
551.28,368.69,38.818,55.289
549.92,369.56,38.926,56.074
546.26,371.29,38.99,56.377
538.01,375.15,37.257,57.521
533.4,377.34,36.103,57.487
527.23,381.82,35.617,56.989
520.19,385.7,36.774,55.381
512.47,388.3,38.126,54.742
522.98,391.75,39.567,53.671
524.34,390.99,38.812,53.14
529.98,391.3,39.441,52.567
535.05,396.1,39.921,52.304
545.29,394.68,39.524,52.214
551.58,395.29,39.017,51.855
551.7,393.21,38.3,52.112
557.86,393.66,38.174,51.552
552.64,379.7,36.248,52.763
562.52,376.3,35.063,53.691
571.65,377.97,35.259,53.791
582.51,377.98,34.357,55.383
592.85,378.88,33.839,57.159
599.06,380.99,33.573,58.582
602.7,381.35,33.42,59.791
616.76,380.23,33.435,60.747
620.43,381.57,33.548,61.996
613.92,387.09,33.53,61.575
608.27,393.16,33.67,60.724
602.1,395.04,33.632,59.774
600.62,397.21,33.76,58.676
602.52,396.94,33.593,58.581
601.01,398.06,33.457,58.773
592.72,399.07,33.739,59.062
582.98,391.79,33.985,59.771
575.18,395.48,34.205,59.885
568.52,396.89,34.252,60.638
569.16,397.54,34.37,61.334
569.58,397.13,34.669,61.368
566.33,398.13,34.809,61.41
562.96,398.47,35.143,60.749
561.25,399.05,35.21,60.15
560.4,398.47,35.264,59.328
559.03,398.74,35.131,59.227
559.77,396.11,34.799,59.848
561.68,390.93,34.414,60.108
563.77,386.06,34.066,60.785
560.86,387.46,34.093,61.702
561.63,387.21,34.55,62.345
564.23,387.17,34.7,62.778
562.8,391.92,35.333,62.564
563.57,391.82,35.077,62.219
574.84,390.33,34.702,61.75
573.4,392.69,34.665,60.826
564.34,394.05,34.726,60.192
562.85,394.8,34.565,60.472
584.12,393.63,34.479,60.934
593.37,393.5,34.646,61.828
590.43,394.93,34.723,63.061
593.48,395.39,34.766,63.991
596.34,396.21,35.064,64.045
594.77,397.89,35.263,63.576
598.75,397.6,35.228,63.349
606.36,398.16,35.195,62.467
611.24,398.14,34.907,61.902
612.48,400.66,34.97,61.396
609.91,403.26,34.984,61.167
611.14,406.28,34.812,61.582
608.85,412.14,34.64,62.884
598.23,415.51,34.61,63.252
589.95,412.07,34.58,63.485
585.94,410.31,34.77,63.354
578.67,409.96,34.758,63.468
578.43,410.71,35.025,62.972
577.13,412.64,35.423,61.757
565.42,409.16,35.474,60.47
550.8,408,37.507,58.546
540.97,409.86,38.749,57.453
533.81,412.5,37.81,58.799
535.82,411.51,36.82,59.89
529.66,430.95,36.235,60.852
532.33,443.29,36.203,61.593
536.88,446.5,35.927,62.969
536.86,447.41,36.018,63.761
536.4,448.09,36.005,64.113
537.33,449.09,35.898,63.579
536.86,452.03,36.033,62.237
536.24,449.9,36.048,61.529
534.91,439.28,35.507,60.957
525.46,437.8,35.673,60.835
521.92,439.32,36.031,61.382
530.35,438.24,36.425,61.624
531.7,437.57,36.973,62.653
527.07,434.84,37.345,63.437
519.48,431.06,37.385,63.087
518.81,421.46,37.685,62.472
517.71,411.34,37.844,61.902
506.41,410.3,39.818,59.924
502.45,409.54,39.478,59.727
501.06,411.57,39.517,59.09
494.64,413.68,40.417,58.613
482.2,418.33,41.198,58.807
477.81,424.66,41.953,59.002
479.43,427.72,42.443,60.093
477.63,429.29,42.665,60.333
480.77,430.38,43.03,59.935
483.05,431.2,43.577,59.532
483.96,433.15,44.044,59.331
480.28,434.12,44.59,58.679
478.48,435.77,44.142,58.327
480.89,435.74,43.769,59.284
482.74,435.58,43.847,59.76
479.32,436.48,44.198,59.747
476.88,436.3,44.543,59.904
478.12,435.82,44.455,60.664
477.81,435.14,44.823,61.317
479.23,435.76,44.566,61.34
478.94,436.15,44.751,60.914
478.47,437.53,45.11,60.255
480.26,437.38,45.016,60.303
479.07,437.43,45.304,60.43
476.25,437.78,45.341,60.052
473.14,436.95,45.266,60.569
475.74,426.35,45.155,60.882
471.84,425.91,45.858,60.856
468.69,421.68,46.214,61.097
468.94,414.88,46.034,60.882
470.33,409.45,45.922,60.56
472.96,406.07,45.839,59.799
473.91,404.68,45.553,58.966
471.17,404.82,45.978,58.738
467.03,405.64,45.845,58.766
462.43,410.91,45.779,59.138
460.19,415.76,45.486,59.754
460.15,420.01,45.016,60.454
456.43,421.9,45.715,60.611
447.73,421.96,46.036,61.049
437.47,418.18,46.453,60.913
430.31,418.65,45.88,61.646
434.85,416.55,45.373,60.287
435.51,411.28,44.767,59.043
434.21,406.88,44.798,58.571
431.57,404.8,44.621,58.258
432.39,398.95,43.81,58.663
434.16,389.09,42.378,59.921
433.28,382.36,41.327,60.95
433.4,382.15,41.428,61.169
432.39,384.85,41.007,62.882
431.81,387.51,41.656,63.703
430.48,389.8,42.64,63.164
423.29,396.44,41.922,62.947
422.12,398.48,41.29,63.848
422.7,399.37,40.502,64.019
424.61,401.84,40.525,64.019
427.6,401.75,40.213,63.354
428.34,402.56,39.994,63.079
426.56,403.83,40.221,63.414
423.83,411.21,42.203,62.692
423.9,412.18,43.036,62.889
423.4,410.77,44.289,63.046
422.93,409.12,46.51,62.844
415.78,409.17,46.515,62.625
411.23,410.62,46.828,62.476
411.69,411.91,48.511,61.778
411.58,413.76,50.053,61.609
420.19,418.38,51.3,61.877
424.96,421.3,50.721,62.611
428.5,422.57,49.709,62.612
429.56,424.42,48.43,63.586
431.25,426.27,47.722,63.946
429.86,429.58,47.068,65.018
427.71,434.61,47.029,65.829
430.39,434.11,49.593,65.642
440.41,431.73,52.403,65.387
440.43,432.77,54.783,64.873
443.11,433.09,57.306,64.578
447.81,431.9,58.65,64.729
454.12,430.86,59.486,64.099
460.71,431.17,59.767,62.997
463.3,432.25,58.766,62.677
460.8,433.6,56.222,63.209
458.9,434.52,54.305,63.652
458.72,433.91,52.639,63.861
458.49,431.48,51.515,64.374
456.89,427.03,50.421,64.09
452.7,423.35,49.452,63.853
448.07,419.47,49.585,64.111
443.93,414.07,49.731,63.864
439.46,411.09,48.853,63.608
435.48,409.6,48.495,63.405
433.28,408.57,47.929,63.738
429.25,412.03,47.606,63.438
424.06,421.36,46.978,62.433
421.89,423.33,47.281,62.135
420.26,424.54,47.191,62.132
417.43,425.6,46.858,61.654
416.11,426.12,47.096,61.148
415.96,424.92,48.125,60.438
413.01,424.72,48.381,60.53
408.66,424.2,48.314,61.052
410.86,417.77,49.292,61.738
413.53,415.49,51.283,61.574
421.54,416.18,51.537,61.887
420.15,417.08,50.697,62.212
421.5,416.77,51.698,61.501
424.39,412.75,52.81,60.552
425.98,413.34,52.531,60.084
426.82,412.15,52.7,59.37
428.19,407.05,53.718,58.926
427.4,410.13,53.084,58.769
427.29,412.53,53.019,58.055
430.08,412.7,53.715,57.143
428.02,414.71,52.701,57.555
425.09,414.8,52.042,58.196
422.57,414.54,51.756,58.02
421.82,411.92,52.257,57.143
423.27,406.73,52.736,56.871
422.73,405.64,51.706,55.946
421.25,406.21,50.699,55.032
417.24,406.27,50.408,54.089
414.34,403.43,50.569,53.461
413.92,401.47,50.349,52.934
415.01,401.17,49.702,52.482
417.78,398.96,49.335,52.275
418.27,397.21,48.909,52.11
415.65,396.75,48.192,52.844
414.99,394.54,48.292,52.126
415.96,392.45,48.157,51.696
415.61,393.99,47.311,51.606
417.61,394.36,47.019,50.996
419.61,396.34,46.641,50.716
416.07,397.44,46.555,50.831
418.3,396.71,46.93,50.449
429.35,395.92,47.864,50.142
440.53,395.54,48.214,50.24
441.69,396.28,47.886,50.877
432.29,396.4,48.062,51.505
429.92,395.75,48.539,51.025
434.31,394.47,47.278,51.378
434.55,395.11,45.724,51.423
426.79,396.14,44.603,51.376
425.58,397,43.346,51.218
423.57,403.41,42.826,50.491
421.68,405.62,42.526,50.221
421.34,409.35,42.839,50.064
419.98,412.53,42.818,49.645
416.83,414.47,42.855,49.889
414.79,419.16,42.963,51.251
415.05,422.89,42.903,52.102
414.09,426.95,43.207,52.659
412.46,430.17,43.119,52.824
412.55,429.71,42.965,51.643
414.38,422.81,42.702,50.393
416.53,419.25,42.453,49.116
415.34,420.28,41.997,48.898
417.54,422.54,42.023,48.991
426.49,423.28,42.292,48.814
434.6,419.06,42.408,48.696
432.24,419.41,42.44,49.767
427.87,421.33,42.271,51.315
430.12,420.6,42.807,51.439
441.79,419.61,43.223,51.214
439.41,419.74,43.069,51.79
429.99,419.59,43.092,52.126
421.55,419.14,42.758,51.95
421.88,418.57,42.527,51.411
422.5,418.44,42.504,50.767
419.33,416.42,43.017,50.239
415.3,413.18,43.488,50.51
412.43,410.21,44.409,50.478
404.66,408.77,44.647,51.281
389.03,407.76,45.053,52.371
381.61,403.98,45.302,52.941
381.94,398.84,45.273,53.732
378.18,399.33,44.909,54.614
371.07,405.49,43.96,54.981
378.05,405.38,43.509,54.574
380.08,404.66,43.761,53.71
379.12,405.15,44.005,53.038
375.8,406.52,44.547,53.018
375.46,405.88,44.644,52.538
378.04,405.1,44.204,52.872
373.37,403.98,45.223,53.828
377.98,403.33,44.868,55.109
378.78,403.63,44.639,56.192
368.48,404.08,44.666,57.744
357.38,405.9,44.758,58.163
358.14,406.87,43.875,58.333
367.69,406.48,44.389,57.754
368.37,406.49,44.366,57.666
367.11,406.76,44.419,57.794
370.24,408.57,44.569,58.183
373.29,412.74,44.492,58.675
372.1,412.14,44.643,59.122
372.17,408.64,44.948,59.956
374.74,408.11,45.001,61.218
377.92,407.01,44.821,61.721
375.91,407.39,44.628,63.023
374.65,409.65,44.472,63.641
389.62,411,45.06,63.664
399.59,412,46.381,62.866
394.38,412.02,46.632,62.789
383.42,417.37,46.771,62.807
383.85,420.56,46.061,63.75
382.35,425.85,45.722,64.317
376.07,436.37,45.725,64.776
378.07,439.61,46.033,65.459
378.56,441.03,46.017,66.547
367.28,440.99,46.648,66.255
348.51,441.92,46.68,65.753
343.75,435.17,46.831,65.66
340.77,429.56,45.36,66.825
329.64,430.2,44.447,67.251
319.8,432.61,43.918,67.646
317.83,433.92,43.678,67.805
318.32,435.68,43.363,67.575
313.87,438.47,43.04,68.458
313.15,437.78,43.646,68.052
311.15,439.82,43.626,69.166
306.66,439.47,43.971,69.963
308.48,441.33,44.014,70.402
309.27,449.05,43.692,71.456
308.76,462.2,43.297,72.173
311.67,471.62,42.941,72.047
320.81,474.36,42.72,72.129
323.07,476.5,43.115,72.139
324.86,479.5,43.262,71.776
328.33,484.79,43.437,72.345
335.99,487.05,43.487,72.897
341.74,484.38,43.196,73.592
353.24,474.08,42.91,74.058
363.03,460.8,42.628,74.239
379.28,440.96,42.417,74.569
391.24,432.4,42.363,73.874
408.28,433.5,42.08,73.843
432.49,437.86,41.674,74.274
414.43,445.25,42.013,72.945
410.73,448.24,44.638,70.706
408.59,446.18,44.578,71.028
405.59,436.79,44.716,70.994
425.42,434.65,45.83,70.243
403.64,436.4,47.082,69.354
368.01,461.84,47.666,69.323
326.63,497.17,48.799,68.874
289.29,528.85,49.762,69.427
267.94,531.25,50.245,69.965
239.09,524.56,51.603,69.189
275.51,532.51,53.24,67.53
293.58,542.74,54.304,66.308
288.34,541.76,54.87,65.77
282.39,544.84,54.747,65.086
260.52,563.28,54.104,64.752
249.62,573.6,52.866,64.747
244.44,573.58,52.116,64.284
232.19,578.81,51.169,64.297
233.54,584.02,52.348,63.697
245.17,577.29,53.246,63.105
235.57,555.01,53.397,63.978
236.9,561.78,57.622,63.828
210.65,571.42,55.263,64.084
212.03,571.05,54.951,63.971
205.09,558.47,56.958,64.428
204.35,553.56,56.355,65.247
204.18,550.45,56.014,65.814
203.23,551.82,56.587,65.959
202.46,553.02,57.031,66.669
206.1,567.03,56.194,67.783
235.01,576.67,56.245,68.49
255.49,578.64,56.971,68.6
269.9,579.42,57.349,68.378
272.59,588.01,58.147,68.996
269.1,602.68,58.687,69.662
283.85,608.37,59.994,69.676
313.96,603.25,62.171,69.348
335.47,588.86,63.353,68.817
348.09,572.26,63.568,69.346
348.84,569.91,62.772,70.253
350.75,568.42,62.246,70.47
355.41,566.68,62.093,70.127
363.81,566.07,62.111,69.244
372.06,565.97,61.991,68.991
379.47,565.32,62.016,68.834
394.89,564.01,61.158,69.464
408.39,564.27,60.112,70.063
421.04,563.25,58.187,70.411
424.46,561.98,56.158,70.489
429.78,562.43,55.689,69.621
440.85,562.56,55.201,69.082
436.89,561.6,53.592,68.68
424.18,556.27,53.15,68.575
425.57,550.92,52.914,68.051
429.09,556.09,51.32,67.995
426.92,556.58,49.912,67.965
423.73,556.39,48.915,67.494
413.89,556.33,49.574,66.421
393.06,568.92,50.123,65.468
377.84,571.26,50.655,64.616
363.4,572.53,50.548,64.912
362.66,573.11,49.807,66.042
367.16,573.53,49.807,66.427
366.95,574.98,49.564,66.931
360.36,575.98,50.004,66.741
358.37,575.46,50.265,66.969
358.72,575.45,49.959,67.064
354.42,575.84,49.897,67.045
330.12,594.37,51.412,66.187
313.68,601.01,51.528,66.011
312.76,600.07,51.046,66.769
312.95,600.74,50.436,67.48
310.07,600.89,49.875,67.281
316.42,599.74,49.664,66.794
320.23,597.6,49.628,66.374
321.54,587.74,50.138,66.075
321.97,574.13,50.004,66.845
321.44,567.99,49.427,68.118
320.87,561.02,49.811,69.158
328.69,552.06,50.801,69.87
328.87,544.43,51.562,70.062
332.05,533.98,52.269,69.613
344.29,522.94,53.024,69.083
346.3,522.88,53.222,69.555
335.66,528.23,54.831,69.183
333.36,540.33,55.161,70.197
332.77,544.02,56.055,70.141
333.15,544.37,57.26,70.139
328.79,548.48,57.877,72.253
325.4,551.05,57.746,74.783
330.62,541.27,58.256,75.719
336.03,538.08,58.485,77.293
325.75,541.51,58.738,78.111
322.44,544.54,56.092,81.187
319.29,542.31,56.995,82.028
313.51,541.56,54.793,84.51
298.06,543.59,53.317,86.19
295.05,540.46,52.803,87.987
290.06,538.47,51.809,89.295
258.72,545.21,51.284,90.94
216.91,552.05,51.073,92.574
226.11,556.7,52.406,93.691
236.98,561.04,54.231,94.791
235.14,566.21,54.329,95.584
228.25,570.62,54.23,96.014
230.34,573.48,55.558,96.557
238.6,575.49,56.212,97.757
253,562.17,57.889,99.718
286.61,536.17,61.932,99.169
322.78,501.22,62.02,101.02
337.46,483.92,61.831,101.97
350.15,465.02,60.876,101.88
364.61,453.74,60.525,102.13
388.8,445.82,63.463,99.536
414.16,433.95,65.723,97.816
429.7,420.26,67.956,96.934
442.02,413.63,69.634,96.5
453.53,415.58,70.197,96.281
469.45,420.72,71.453,95.486
489.08,433.98,70.794,95.53
496.06,440.52,71.187,96.121
492.75,452.72,71.448,97.369
488.88,459.94,70.797,98.263
479.73,463.81,70.202,98.155
471.25,468.71,69.866,98.13
466.01,470.18,69.098,98.227
459.87,473.72,68.881,98.154
449.9,479.41,69.019,98.075
445.11,482.85,68.635,98.082
440.69,482.92,68.086,98.425
433.53,487.77,68.216,97.99
437.27,489.95,67.896,97.338
442.34,488.7,67.527,96.372
437.48,489.93,66.221,96.053
432.62,487.04,64.099,94.804
431.2,482.92,62.419,94.015
432.11,479.03,61.919,94.036
433.96,478.05,62.491,94.038
440.42,478.06,63.514,93.418
440.8,477.94,64.32,92.949
436.12,479.98,63.776,93.344
431.46,479.08,64.307,92.71
438.69,477.02,65.055,92.468
447.41,476.57,65.594,93.053
446.18,477.65,65.495,93.025
446.68,482.55,65.896,91.677
449.97,490.49,66.331,90.601
458.08,497.4,67.293,88.82
459.36,503.34,68.242,87.959
454.5,511.1,68.972,88.463
450.31,517.76,69.302,88.42
448.24,521.71,70.462,88.277
443.74,523.21,70.381,88.841
442.72,524.31,70.038,89.981
431.9,527.04,69.771,90.875
410.44,539.45,69.105,91.325
403.15,545.84,68.678,90.811
401.93,551.95,69.541,89.02
392.81,555.39,69.9,86.79
377.94,548.76,70.316,83.831
362.4,535.64,68.99,81.724
344.85,523.64,67.71,80.302
320.49,520.86,67.671,79.943
351.74,502.32,66.997,82.609
341.05,505.78,65.895,84.807
336.05,510.43,64.909,86.971
318.02,524.86,64.043,88.358
304.35,533.58,63.463,89.014
294.11,538.89,62.946,89.025
290.53,541.6,62.525,88.303
282.01,545.95,62.682,87.792
273.14,550.77,63.108,87.422
265.33,554.15,63.467,87.302
253.3,551.32,60.754,89.75
241.6,549.05,59.16,91.992
241.71,539.33,58.482,94.182
240.03,541.78,57.9,95.852
234.28,547.3,56.841,96.752
231.27,555.59,56.714,98.381
230.16,575.84,56.667,98.354
229.66,584.81,57.05,97.517
225.02,594.27,56.933,95.435
216.44,604.35,60.334,91.441
210.09,614.5,62.635,88.791
200.82,624.14,63.795,87.281
195.48,632.99,64.962,85.587
205.84,642.19,67.077,82.196
220.37,649.32,69.433,77.921
229.54,655.68,70.706,73.676
221.39,666.06,71.347,67.289
210.58,669.08,73.462,62.906
211.53,672.14,75.227,58.409
204.63,675.12,77.069,53.91
197.01,677.98,78.224,49.808
188.08,680.7,78.452,46.124
178.77,681.84,76.765,43.335
165.18,679.4,73.506,42.181
167.92,673.04,70.085,45.431
176.35,679.15,71.743,43.807
191.61,663.93,66.536,49.867
194.53,651.86,59.151,58.595
186.06,640.75,52.863,67.218
176.14,634.63,48.893,74.85
156.23,635.66,46.741,80.513
131.4,642.21,48.633,78.615
123.92,654.91,51.606,73.96
118.28,658.88,54.627,69.356
95.919,661.58,56.271,65.886
82.275,665.46,57.854,62.175
76.266,669.93,62.917,56.658
72.655,672.68,67.006,52.824
69.682,672.59,69.646,50.372
68.198,672.08,71.99,49.267
67.536,670.73,73.787,49.082
71.298,671.25,73.703,48.918
86.911,671.63,72.999,48.433
110.94,673.41,72.376,47.514
149.87,660.59,67.694,52.254
152.2,677.31,70.821,49.54
154.29,678.36,70.916,49.438
156.87,679.49,70.978,49.367
159.67,680.19,71.057,49.279
162.53,680.64,71.275,49.049
163.6,680.89,71.385,48.934
164.46,681.8,71.522,48.8
165.56,682.13,71.675,48.653
166.06,682.16,71.798,48.531
167.84,682.03,72.04,48.292
169.77,682.13,72.161,48.169
171.68,682.75,72.551,47.748
164.13,683.37,73.882,46.316
166.27,682.99,74.304,45.883
166.01,683.2,74.475,45.721
165.63,682.96,74.53,45.656
167.8,683.17,74.592,45.575
170.1,683.36,74.669,45.488
172.26,683.89,74.681,45.475
174.62,683.59,74.692,45.463
177.41,684.19,74.726,45.418
179.11,684.58,74.744,45.395
179.88,684.6,74.768,45.367
179.31,684.95,74.788,45.345
179.24,685.11,74.832,45.293
180.45,685.08,74.859,45.258
182.83,685.04,74.88,45.23
185.05,685.16,74.92,45.181
185.98,685.24,74.993,45.099
186.5,685.48,75.068,45.016
187.26,685.86,75.127,44.944
187.63,685.87,75.22,44.829
187.02,685.93,75.323,44.708
188.67,686.08,75.385,44.634
190.66,686.2,75.409,44.604
192.58,686.05,75.444,44.554
194.78,686.23,75.468,44.519
197.29,686.38,75.507,44.468
199.44,686.09,75.543,44.411
199.9,686.11,75.569,44.374
201.52,686.19,75.601,44.339
203.12,686.01,75.618,44.317
204.45,685.77,75.65,44.277
206.74,685.53,75.666,44.255
207.19,686,75.679,44.238
210.53,686.15,75.696,44.215
210.46,685.73,75.718,44.184
212.44,685.74,75.729,44.169
210.43,686.28,75.752,44.131
208.52,686.14,75.794,44.046
207.36,686.34,75.816,44.008
207,685.88,75.833,43.978
205.89,686.47,75.849,43.951
205.27,686.56,75.878,43.904
204.5,686.42,75.9,43.871
203.59,686.48,75.94,43.806
201.71,686.67,75.979,43.742
199.81,686.88,76.016,43.687
197.53,687.33,76.041,43.647
195.7,686.97,76.064,43.61
193.12,687.21,76.086,43.578
189.14,687.69,76.108,43.545
186.14,687.45,76.141,43.491
184.8,687.15,76.161,43.462
182.63,687.24,76.174,43.443
181.65,686.75,76.19,43.416
183.25,686.17,76.201,43.399
183.99,686.42,76.218,43.372
184.45,686.46,76.233,43.349
183.75,686.36,76.269,43.294
183.35,686.3,76.3,43.25
182.76,686.53,76.348,43.175
182.88,686.24,76.375,43.136
182.09,686.94,76.443,43.035
183.75,687.03,76.484,42.976
185.15,687.1,76.561,42.859
185.7,686.95,76.619,42.769
185.14,687.34,76.684,42.659
186.67,687.57,76.754,42.555
186.6,687.87,76.861,42.391
187.32,687.76,76.874,42.373
187.03,687.11,76.891,42.353
186.2,687,76.907,42.333
185.51,687.15,76.926,42.31
185.79,687.16,76.933,42.301
186.28,686.98,76.947,42.284
186.14,686.98,76.962,42.265
185.63,687.09,76.976,42.246
185.51,687.14,76.989,42.23
185.76,687.32,77.011,42.202
187.21,687.54,77.029,42.18
188.14,687.15,77.045,42.161
188.96,687.08,77.058,42.144
189.77,687,77.077,42.121
191.64,687.09,77.09,42.104
193.19,687.37,77.099,42.092
194.34,687.36,77.107,42.081
196,687.27,77.121,42.06
196.42,687.81,77.127,42.053
197.13,687.6,77.135,42.041
197.95,687.18,77.142,42.033
199.25,687.13,77.151,42.02
199.72,687.25,77.158,42.01
199.72,687.43,77.167,41.998
200.3,687.48,77.17,41.993
200.28,687.4,77.175,41.986
200.59,687.46,77.18,41.979
200.93,687.52,77.189,41.963
202.54,687.2,77.198,41.951
205.34,686.93,77.21,41.929
206.85,687.43,77.225,41.902
207.07,687.74,77.245,41.877
208.16,687.46,77.266,41.844
209.02,687.66,77.287,41.814
210.27,687.22,77.32,41.764
211.23,686.75,77.343,41.729
212.41,686.97,77.359,41.709
212.41,687.37,77.381,41.669
211.45,687.16,77.402,41.634
210.98,687.18,77.425,41.597
210.58,686.34,77.436,41.583
211.15,685.81,77.443,41.572
210.82,685.78,77.451,41.561
210.91,685.78,77.459,41.551
211.87,685.73,77.463,41.545
210.93,685.43,77.477,41.528
211.02,685.81,77.503,41.491
209.81,685.42,77.523,41.457
210.17,685.23,77.571,41.393
209.04,685.66,77.591,41.351
206.81,686.72,77.662,41.222
210.67,687.32,77.669,41.209
214.49,687.83,77.679,41.193
214.57,687.56,77.707,41.142
215.27,686.7,77.737,41.101
218.53,686.69,77.769,41.052
221.14,686.75,77.812,40.983
223.46,686.5,77.829,40.962
225.6,686.41,77.878,40.901
228.74,686.3,77.904,40.87
230.15,685.92,77.93,40.837
230.44,685.47,77.947,40.811
230.34,685.24,77.956,40.796
230.37,684.81,77.968,40.775
230.13,685.63,77.989,40.743
230.14,686.3,78.009,40.713
229.75,686.48,78.024,40.685
231.45,686.75,78.04,40.656
233.63,686.97,78.066,40.619
235.57,687.06,78.136,40.53
238.85,687.15,78.183,40.462
242.19,687.15,78.205,40.424
245.58,687.33,78.255,40.343
248.63,687.18,78.348,40.193
251.31,687.38,78.384,40.133
254.87,687.42,78.415,40.083
257.04,687.77,78.438,40.052
258.55,688.36,78.462,40.026
259.89,689.03,78.487,39.999
260.69,689.1,78.532,39.953
261.79,689.4,78.558,39.926
263.52,689.19,78.575,39.904
264.94,689.15,78.61,39.866
266.47,688.93,78.644,39.822
268.8,688.97,78.709,39.75
271.07,688.88,78.75,39.704
273.68,688.94,78.777,39.67
275.53,688.82,78.812,39.627
278.43,688.54,78.835,39.595
281.34,688.42,78.877,39.545
282.22,687.9,78.893,39.523
284.49,687.65,78.904,39.509
286.14,687.45,78.927,39.477
287.22,687.63,78.94,39.457
289.2,687.68,78.96,39.429
291.31,687.7,78.985,39.394
292.74,688.16,79.006,39.365
293.14,688.52,79.022,39.341
293.65,688.47,79.047,39.307
294.2,688.5,79.055,39.296
295.63,688.63,79.062,39.286
295.86,688.53,79.069,39.274
295.64,688.39,79.077,39.262
295.43,688.06,79.096,39.23
296.57,687.89,79.105,39.216
296.91,687.69,79.119,39.193
297.09,687.53,79.133,39.17
297.3,687.54,79.142,39.155
297.58,687.46,79.156,39.133
297.59,687.45,79.172,39.108
298.29,687.37,79.178,39.097
298.78,687.39,79.184,39.089
299.04,687.52,79.191,39.077
299.42,687.71,79.196,39.071
299.87,688.2,79.2,39.065
300.76,688.83,79.204,39.058
301.35,689.49,79.206,39.055
301.91,689.98,79.244,39.003
302.7,690.6,79.305,38.933
302.6,690.98,79.341,38.887
303.02,691.14,79.365,38.851
302.74,691.39,79.381,38.831
301.59,691.34,79.392,38.818
301.61,691.57,79.404,38.803
300.83,691.62,79.427,38.776
300.69,691.51,79.44,38.76
300.88,691.01,79.447,38.75
303.11,690.24,79.462,38.73
305,689.9,79.483,38.701
308.27,689.76,79.491,38.686
313.09,689.75,79.507,38.654
317.95,689.52,79.514,38.635
321.36,688.98,79.534,38.599
322.87,688.59,79.537,38.594
323.46,688.21,79.54,38.588
323.92,687.72,79.541,38.585
324.4,687.62,79.544,38.58
323.88,687.65,79.546,38.577
326,687.63,79.547,38.575
328.66,687.75,79.547,38.573
330.38,688.02,79.549,38.571
332.64,688.26,79.55,38.568
335.05,688.72,79.551,38.565
336.92,688.78,79.554,38.559
338.16,689,79.556,38.553
339.98,689.2,79.557,38.551
342.44,689.59,79.559,38.547
343.16,689.94,79.564,38.531
343.08,689.93,79.565,38.527
343.19,689.44,79.567,38.524
341.75,689.57,79.568,38.52
342.83,689.2,79.57,38.514
343.7,689.45,79.573,38.506
344.25,689.29,79.575,38.502
346.23,689.26,79.587,38.468
347.76,688.93,79.595,38.449
348.59,688.61,79.601,38.433
349.36,688.83,79.605,38.417
350.52,688.83,79.61,38.398
353.31,689.15,79.614,38.391
354.76,689.72,79.616,38.388
356.75,690.28,79.625,38.373
359.02,690.78,79.632,38.363
362.81,691.07,79.662,38.327
364.65,691.49,79.721,38.235
365.86,691.6,79.773,38.15
367.47,691.53,79.812,38.092
368.03,691.75,79.832,38.058
369.88,691.22,79.838,38.04
371.8,691.16,79.843,38.028
372.79,691.32,79.847,38.015
373.4,691.63,79.851,38
374.9,691.57,79.859,37.981
376.65,690.95,79.863,37.971
377.26,691.47,79.866,37.964
378.37,692.07,79.876,37.947
378.41,692.1,79.883,37.933
379.28,691.86,79.888,37.923
379.83,691.92,79.896,37.906
379.8,692.22,79.906,37.889
378.97,692.46,79.915,37.871
378.95,692.59,79.924,37.854
379.32,692.11,79.965,37.778
379.84,691.89,80.025,37.669
380.59,692.05,80.027,37.665
381.06,692.16,80.032,37.657
380.6,692.35,80.043,37.634
381.2,692.63,80.046,37.628
384.9,692.86,80.047,37.627
388.6,693.12,80.049,37.623
391.59,693.19,80.05,37.62
392.38,692.3,80.055,37.612
393.11,691.51,80.064,37.594
393.82,691,80.083,37.559
395.37,691.45,80.085,37.555
399.02,691.38,80.089,37.549
402.74,691.05,80.093,37.543
406.71,691.39,80.096,37.538
409.53,691.07,80.106,37.519
409.99,690.92,80.114,37.502
410.38,690.92,80.124,37.478
414.23,691.17,80.129,37.469
417.83,691.25,80.132,37.464
416.83,690.51,80.142,37.441
415.73,690.17,80.156,37.405
417.62,690.61,80.169,37.368
419.21,690.9,80.18,37.338
421.61,691.04,80.187,37.322
423.98,691.39,80.194,37.306
426.9,691.29,80.203,37.285
428.51,691.44,80.218,37.245
429.16,689.68,80.227,37.231
429.42,689.8,80.253,37.188
429.95,690.24,80.304,37.109
430.48,691.03,80.345,37.046
431.7,691.46,80.362,37.017
432.73,691.43,80.374,37
434.67,691.55,80.379,36.991
435.02,690.71,80.392,36.969
435.1,690.06,80.411,36.913
435.34,689.68,80.431,36.858
436.12,689.63,80.453,36.795
437.38,689.77,80.465,36.742
438.88,690.49,80.469,36.718
440.57,690.18,80.518,36.605
442.07,690.39,80.531,36.564
442.8,689.53,80.538,36.512
441.92,688.84,80.542,36.492
442.91,688.36,80.553,36.471
444.09,688.39,80.564,36.444
446.78,687.91,80.573,36.424
450.84,687.95,80.586,36.4
453.37,687.64,80.62,36.347
453.48,686.75,80.631,36.32
454.77,686.51,80.633,36.316
454.8,686.06,80.634,36.308
453.66,686.26,80.636,36.293
455.47,686.05,80.638,36.282
455.73,686.24,80.639,36.28
457.92,687.45,80.64,36.278
460.84,687.55,80.642,36.272
463.44,688.46,80.646,36.26
464.49,688.96,80.652,36.242
464.41,689.67,80.673,36.187
464.46,689.56,80.699,36.141
463.99,689.95,80.7,36.137
463.05,690.69,80.702,36.13
463.07,691.15,80.709,36.118
463.9,691.45,80.716,36.103
464.06,691.58,80.727,36.089
464.07,691.73,80.734,36.079
463.61,692.11,80.743,36.065
463.41,691.84,80.753,36.05
464.42,692.09,80.757,36.042
464.29,692.04,80.759,36.036
465.4,691.87,80.76,36.033
466.68,691.79,80.765,36.023
468.96,691.82,80.77,36.013
471.1,691.85,80.782,35.988
475.32,691.32,80.805,35.919
478.51,690.8,80.836,35.844
481.81,690.81,80.851,35.811
482.86,690.86,80.862,35.788
484.25,691.22,80.867,35.777
487.11,691.07,80.871,35.769
491.32,691.1,80.872,35.764
494.99,690.94,80.875,35.756
496.63,691.06,80.883,35.736
499.08,691.12,80.888,35.726
502.07,691.54,80.896,35.709
504.91,692.15,80.904,35.69
508.15,692.64,80.931,35.635
510.61,692.77,80.958,35.579
511.03,692.54,80.98,35.538
509.09,692.13,80.996,35.513
507.65,691.94,81.014,35.483
509.85,691.61,81.029,35.455
512.51,691.87,81.046,35.42
512.55,691.1,81.088,35.343
510.31,691.03,81.106,35.313
508.61,690.87,81.12,35.29
509.94,690.88,81.148,35.244
510.23,691,81.178,35.192
510.9,691.04,81.238,35.094
511.57,690.16,81.322,34.934
510.57,689.87,81.327,34.911
510.17,690.23,81.334,34.896
510.79,690.27,81.348,34.868
511.03,690.57,81.354,34.856
511.23,690.91,81.36,34.848
510.68,691.58,81.369,34.834
510.46,691.65,81.398,34.778
511.7,690.52,81.424,34.737
513.25,689.75,81.432,34.725
514.34,689.12,81.438,34.714
516.2,688.69,81.444,34.705
516.26,689.14,81.454,34.682
518.61,689.54,81.471,34.661
519.64,690,81.476,34.647
521.56,689.75,81.526,34.53
520.64,690.46,81.538,34.507
522.62,690.14,81.544,34.5
524.97,689.79,81.553,34.487
527.28,689.11,81.567,34.461
528.38,689.86,81.569,34.455
528.98,690.03,81.579,34.442
530.15,690.11,81.591,34.426
531.31,689.9,81.614,34.381
534.8,689.47,81.637,34.347
534.25,690.51,81.64,34.333
533.39,690.92,81.643,34.323
536.64,691.89,81.644,34.312
538.26,692.32,81.646,34.306
538.61,692.72,81.648,34.302
539.81,693.12,81.65,34.294
542.56,693.17,81.651,34.291
545.59,693.18,81.653,34.284
547.88,693.1,81.656,34.278
548.81,693.2,81.657,34.276
548.96,693.21,81.674,34.227
550.98,692.65,81.691,34.199
551.57,693.4,81.698,34.189
553.73,693.59,81.71,34.167
553.8,693.41,81.712,34.164
554.07,693.15,81.732,34.137
554.16,692.41,81.76,34.099
555.83,692.94,81.776,34.064
555.29,693.05,81.794,33.974
556.37,692.41,81.819,33.904
558.03,692.41,81.831,33.87
558.74,692,81.834,33.863
561.6,692.09,81.844,33.833
563.91,692.53,81.86,33.797
564.52,693.15,81.862,33.786
566.48,692.8,81.938,33.68
567.46,692.4,81.993,33.569
568.43,692.38,82.054,33.447
569.39,692.36,82.109,33.355
562.61,692.63,82.331,33.06
564.31,692.83,82.524,32.813
563.85,692.24,82.558,32.724
563.63,692.28,82.585,32.657
564.01,692.56,82.619,32.581
563.78,692.68,82.647,32.521
564.03,692.59,82.668,32.483
565.81,692.68,82.691,32.433
568.32,692.6,82.702,32.399
569.42,692.7,82.727,32.362
570.5,692.48,82.76,32.299
571.43,692.28,82.773,32.274
571.75,692.47,82.779,32.261
572.49,692.45,82.796,32.23
574.35,692.43,82.82,32.191
576.67,692.35,82.91,32.046
578.62,692.69,82.962,31.956
579.9,693.02,83.113,31.783
582.09,692.57,83.226,31.634
583.85,692.69,83.262,31.555
585.05,693.01,83.287,31.49
586.49,693.03,83.333,31.359
594.68,693.35,83.387,31.11
595.99,693.5,83.432,30.985
597.63,693.41,83.506,30.799
599.36,692.78,83.575,30.626
600.82,692.39,83.6,30.538
602.13,691.98,83.661,30.446
602.97,691.85,83.688,30.368
604.55,691.72,83.691,30.34
605.55,692.02,83.691,30.332
607.28,692.36,83.696,30.323
608.26,692.44,83.696,30.319
608.71,692.21,83.691,30.309
608.9,692.16,83.682,30.3
610.08,692.55,83.681,30.288
611.53,693.32,83.687,30.26
613.95,694.12,83.691,30.243
616.52,694.13,83.71,30.196
619.58,694.21,83.73,30.151
621.73,693.93,83.747,30.11
622.63,693.54,83.753,30.078
622.23,693.43,83.757,30.061
622.92,693.6,83.797,29.981
622.54,693.43,83.89,29.831
622.33,693.19,83.882,29.806
622.34,693.04,83.88,29.792
623.85,693.06,83.877,29.784
625.08,693.05,83.873,29.773
626.28,692.89,83.864,29.757
626.78,692.77,83.862,29.745
626.43,692.89,83.861,29.733
626.36,693.08,83.863,29.726
627.05,692.96,83.861,29.719
626.81,693.07,83.861,29.711
627.05,693.03,83.864,29.656
627.88,693.41,83.966,29.54
629.58,693.38,83.987,29.487
630.91,693.46,84.013,29.396
633.01,693.87,84.045,29.264
641.28,693.93,83.965,29.114
642.03,693.99,83.896,28.987
642.77,694.02,83.842,28.72
643.81,694.07,83.796,28.62
645.72,694.08,83.78,28.514
646.87,694,83.745,28.453
648,694.09,83.719,28.347
648.92,694.66,83.733,28.292
649.91,694.94,83.709,28.23
652.37,693.81,83.705,28.203
653.94,693.91,83.684,28.077
648.01,693.8,83.83,27.819
648.91,693.03,83.634,27.728
650.72,694.22,83.557,27.66
651.6,694.89,83.554,27.637
652.14,694.87,83.548,27.598
653.78,695.23,83.534,27.562
656.61,695.58,83.532,27.485
658.19,695.37,83.496,27.277
658.6,695.58,83.419,27.206
657.47,696.33,83.408,27.188
652.27,696.78,83.387,27.064
653.93,696.75,83.406,26.952
654.45,696.12,83.401,26.838
649.31,695.82,83.33,26.732
643.64,695.61,83.368,26.518
644.46,695.56,83.365,26.446
645.37,695.63,83.377,26.357
646.5,695.12,83.368,26.312
647.34,694.37,83.338,26.293
647.5,694.41,83.318,26.287
647.76,694.63,83.28,26.287
648.51,695.14,83.259,26.283
648.37,695.31,83.23,26.238
648.53,694.87,83.187,26.205
648.25,695.16,83.143,26.2
647.51,695.04,83.105,26.18
646.54,694.92,83.059,26.157
645.5,694.59,82.996,26.14
644.34,695.56,82.979,26.12
644.44,696.17,82.979,26.109
644.04,696.61,82.977,26.1
645.7,696.69,82.977,26.088
646.9,696.37,82.973,26.084
647.21,696.48,82.967,26.079
648.82,696.56,82.962,26.072
649.8,696.44,82.955,26.062
650.44,696.76,82.949,26.057
651.46,696.53,82.944,26.051
652.27,696.34,82.939,26.042
651.98,696.32,82.93,26.026
652.99,696.34,82.921,26.008
653.06,696.26,82.913,25.991
652.27,696.25,82.912,25.982
651.61,696.31,82.912,25.975
651.27,696.37,82.907,25.966
650.34,696.51,82.888,25.952
650.4,696.53,82.848,25.941
650.48,696.33,82.787,25.9
650.65,696.43,82.722,25.875
651.12,696.39,82.66,25.842
652.05,696.94,82.618,25.799
653.25,697.05,82.577,25.764
661.69,696.83,82.543,25.683
663.26,696.94,82.521,25.66
664.65,696.92,82.485,25.624
666.22,696.76,82.474,25.603
667.54,696.52,82.468,25.588
667.6,696.76,82.399,25.551
667.29,696.72,82.393,25.54
667.19,697.25,82.37,25.522
667.57,697.04,82.362,25.509
667.77,696.73,82.361,25.486
668.04,696.38,82.349,25.476
668.71,696.13,82.338,25.467
668.48,696.56,82.291,25.437
661.73,696.64,81.554,25.254
654.97,696.11,80.406,25.224
662.94,688.73,79.346,25.93
661.35,694.73,78.5,25.993
660.77,694.62,77.401,25.999
667.57,694.66,76.673,25.902
667.32,696,76.433,25.719
665.99,696.66,76.203,25.304
665.78,697.38,75.983,24.906
665.89,697.22,76.019,24.856
665.33,697.27,76.029,24.819
665.09,697.17,76.047,24.792
664.24,696.87,76.078,24.757
663.47,696.44,76.084,24.719
664.77,696.62,76.077,24.709
665.55,696.69,76.071,24.695
665.42,696.21,76.068,24.664
672.22,696.07,76.103,24.622
678.32,695.9,76.139,24.593
684.58,695.74,76.2,24.556
684.36,695.67,76.217,24.512
683.89,695.37,76.231,24.501
683.58,695.19,76.231,24.483
683.18,695.39,76.224,24.482
683.29,695.27,76.222,24.476
683.64,695.15,76.212,24.47
683.37,695.07,76.197,24.47
683.18,695.3,76.2,24.466
683.94,695.23,76.211,24.452
689.52,694.89,76.15,24.482
688.35,694.64,75.884,24.548
681.33,694.64,75.718,24.577
681.07,695.05,75.637,24.587
681.71,695.31,75.593,24.592
681.01,695.61,75.568,24.59
682.54,695.87,75.548,24.591
683.96,695.84,75.507,24.586
684.58,695.74,75.482,24.584
685.46,695.64,75.456,24.582
686.07,695.73,75.429,24.584
686.18,695.55,75.401,24.582
685.89,695.28,75.369,24.586
685.94,695.26,75.355,24.588
686.04,695.19,75.335,24.592
