400,354,61,69
400.79,353.12,61.062,68.696
399.93,353.56,61.413,68.587
400.21,353.25,61.406,69.044
399.46,352.97,61.722,69.31
395.92,352.18,61.754,69.942
393.44,350.76,62.31,70.406
391.11,352.12,62.776,70.435
387.7,351.44,62.952,70.428
386.05,352.32,63.343,70.136
383.43,352.37,64.072,69.899
380.6,353.31,64.719,69.589
378.53,352.84,65.454,69.859
376.18,352.99,66.15,70.055
375.07,351.95,66.542,70.541
374.9,351.08,67.251,71.001
375.19,349.1,67.463,71.846
375.67,346.42,67.381,73.492
378.23,344.28,67.331,74.71
379.01,342.25,67.274,75.805
379.99,342.49,67.219,75.986
382.3,341.84,67.945,77.086
382.7,342.8,68.959,77.859
381.97,344.04,69.508,79.039
381.79,345.3,69.795,80.169
379.6,348.59,70.099,80.786
378.37,351.77,70.675,80.966
375.97,356.34,71.961,80.619
372.88,360.12,73.803,81.044
371.69,364.2,74.321,82.094
370.52,365.82,74.665,83.146
368.49,367.93,75.458,83.977
365.16,368.97,76.47,84.717
362.24,364.49,77.641,84.811
360.16,365.16,78.489,84.638
359.82,366.33,80.084,84.255
359.91,365.64,81.066,85.654
359.75,365.39,81.031,87.017
360.36,364.6,81.73,88.655
361.91,364.07,82.77,90.502
360.13,362.22,84.638,91.983
361.54,359.84,85.28,93.747
363.77,357.74,86.839,94.479
365.96,355.73,87.602,94.406
366.91,353.48,89.014,93.026
369.52,351.68,90.531,92.223
370.76,353.07,91.641,91.223
372.63,350.45,90.631,92.012
375.4,346.15,89.051,93.43
378.03,342.23,87.546,95.269
380.94,338.5,88.342,93.886
383.26,338.94,90.133,92.099
385.07,335.44,90.658,92.652
387.98,334.16,90.163,93.518
390.83,332.11,90.169,93.012
392.2,330.48,89.905,92.855
394.31,331.89,89.541,93.437
399,330.3,89.331,94.274
399.53,330.47,88.888,94.485
402.85,323.68,88.481,93.835
407.44,319.74,87.78,92.988
413.26,317.89,87.826,92.709
416.44,319.33,90.227,92.074
418.49,318.9,91.256,91.355
417.91,321.35,92.32,90.519
418.66,324.55,92.583,90.518
420.75,327.69,92.126,90.963
422.73,330.21,91.776,91.782
423.54,332.13,92.62,91.817
423.89,336.19,93.136,91.689
423.41,332.65,91.73,94.504
422.1,335.62,91.357,94.569
419.9,341.78,91,93.883
417.75,344.91,90.016,94.202
417.02,347.22,89.928,93.917
419.87,348.62,89.107,94.975
419.8,350.6,87.944,95.245
418.27,354.14,87.512,94.059
417.14,358.92,88.657,92.127
417.14,365.03,90.726,90.756
413.07,367.93,92.132,91.114
409.67,371.65,92.891,92.188
406.45,373.43,94.268,92.052
404.44,371.11,94.915,92.351
408.46,369.26,93.678,94.439
412.12,366.15,91.445,96.477
411.06,365.51,90.213,97.06
408.22,364,92.218,94.152
405.99,368.56,93.117,92.221
406.76,373.89,93.974,91.716
407.48,378.62,94.249,90.011
406.58,379.03,93.337,91.863
406.98,384.67,91.904,92.284
408.9,388.19,91.491,93.227
413.08,386.56,88.444,95.456
417.85,386.83,86.775,95.695
421.33,389.22,84.835,95.958
424.65,390.49,83.584,95.444
427.9,391.77,83.749,94.102
428.11,391,82.806,94.729
430.1,397.56,83.961,92.395
429.86,397.93,84.834,90.915
428.15,397.86,85.799,90.195
425.18,399.5,88.659,89.186
424.41,400.21,90.626,89.344
424.63,398.01,91.889,90.522
422.07,398.61,91.593,91.755
423.24,399.53,90.924,92.429
426.5,400.99,92.086,92.366
430.36,394.93,93.715,90.395
434.89,393.68,93.831,89.074
440.16,394.75,92.008,89.286
442.41,396.11,90.523,89.098
440.99,397.18,90.316,87.949
442.15,398.84,90.219,86.476
441.8,401.64,90.279,84.656
440.83,400.45,89.667,84.373
440.7,400.41,89.142,84.766
440.86,401.98,89.127,85.475
442.91,399.32,89.467,85.523
446.68,398.25,89.262,85.302
449.83,397.53,88.784,84.393
453.65,399.61,87.317,84.348
458.43,401.62,85.887,84.395
458.63,403.54,85.515,84.526
457.65,403.48,85.419,84.994
457.91,404.77,84.93,85.792
458,406.21,84.796,86.397
455.04,407.16,84.523,87.151
454.15,408.46,85.501,87.055
453.56,409.62,86.537,87.064
453.08,408.17,86.809,88.67
456.34,407.41,86.028,90.977
461.77,406.8,84.658,92.346
466.3,403.74,86.626,91.804
464.11,398.37,88.368,89.786
460.55,395.82,89.023,88.71
459.41,398.27,90.386,88.174
457,396.07,92.133,87.204
453.83,392.57,92.232,86.983
453.54,388.91,92.407,87.843
453.79,385.22,92.316,88.725
455.71,382.47,90.508,91.271
463.95,380.83,88.034,93.82
466.84,379.22,87.046,94.491
467.76,375.77,87.168,93.159
469.39,375.07,88.049,89.733
470.34,377.25,89.354,87.244
470.28,379.36,89.6,85.746
469.86,380.56,90.304,84.183
472.27,381.9,90.492,84.776
474.76,381.64,89.076,85.81
482.19,381.1,86.895,87.359
487.6,382.09,86.726,85.33
487.56,383.15,84.193,85.905
490.04,384.67,82.323,86.027
488.51,387.98,82.334,83.16
488.11,393.1,83.998,80.61
488.28,396.84,86.211,79.425
487.67,395.99,87.617,80.393
485.76,397.1,88.221,81.9
485.57,397.57,87.82,83.714
487.12,399.5,87.602,85.26
491.35,400.71,85.979,87.44
497.03,402.36,83.287,89.459
501.11,405.21,81.062,91.137
506.87,405.89,81.142,90.187
509.43,408.87,82.064,88.907
510.17,414.45,82.77,87.326
512.2,419.22,82.384,87.027
513.37,424.55,82.574,85.87
514.42,427.11,82.08,86.129
517.24,429.31,82.089,86.543
519.96,432.16,81.838,87.1
522.64,433.56,82.071,87.387
526.98,434.51,82.003,87.797
529.37,434.48,81.725,89.023
535.74,432.92,80.328,91.893
541.86,432.91,79.622,93.153
544.18,432.11,80.216,92.412
545.71,434.31,80.806,91.435
545.83,435.6,81.537,90.18
548.06,438.39,81.736,88.572
549.82,440.54,82.371,87.943
551.43,440.81,82.876,87.807
552.32,439.49,83.449,87.411
553.12,439.92,83.186,86.853
555.92,439.04,83.237,85.977
559.88,435.79,84.389,86.118
559.5,434.84,85.565,85.967
561.73,432.24,85.824,86.576
566.3,426.32,84.56,88.585
569.86,421.75,83.175,90.809
570.22,415.11,83.555,90.803
570.97,411.21,83.533,91.169
572.52,407.31,83.189,91.184
580.98,403.07,81.279,91.875
585.64,398.54,80.519,92.275
588.13,394.56,81.095,91.372
588.46,389.6,81.887,88.902
588.17,387.36,82.558,87.886
587.49,385.6,83.473,87.77
586.95,383.24,84.418,88.55
588.33,379.29,85.511,90.148
591.01,379.21,86.845,91.093
591.74,379.34,88.921,91.544
594.1,381.65,90.681,91.686
596.45,379.99,92.337,93.502
599.61,383.45,94.497,94.121
604.68,384.45,95.557,95.95
610.97,383.54,95.595,97.164
615.73,382.02,95.946,98.379
616.29,381.27,96.629,98.619
615.96,379.97,97.022,99.78
618.08,381.67,97.347,100.25
619.65,384.68,100.33,99.741
622.87,383.39,102.14,101.19
623.79,382.47,104.21,103.06
623.5,385.61,106.24,103.18
624.67,385.66,107.6,104.73
638.48,382.8,109.5,106.48
641.07,381.73,112.1,107.12
642.21,381.62,115.44,108.68
656.72,379.71,116.63,111.59
658.47,373.4,117.91,115.21
661.39,365.45,121.91,118.38
684.05,355.07,121.89,123.56
700.78,343.11,123.71,126.42
701.31,330.17,126.41,130.15
703.61,324.02,127.4,132.86
708.14,308.64,132.06,132.69
713.14,307.04,133.53,134.47
718.08,306.29,138.58,134.86
725.52,288.47,143.49,137.15
757.05,279.92,147.33,138.8
769.2,275.59,149.43,140.38
764.33,271.12,151.28,141.14
761.68,265.49,151.67,144.45
762.06,258.14,154.31,147.28
760.14,251.12,154.74,150.94
760.61,244.74,158.25,153.04
780.37,236.54,158.25,158.36
779.92,229.55,163.13,161.12
779.6,223.57,167.01,164.98
774.77,216.24,169.78,168.63
768.86,209.1,172.82,171.29
761.92,200.59,176.68,173.91
755.76,196.49,180.04,174.77
749.37,198.09,185.63,174.55
743.38,194.09,187.58,175.2
740.58,197.98,190.54,173.94
740.04,204.83,191.46,172.99
739.47,206.31,190.24,172.56
740.05,205.78,188.99,172.37
738.52,205.73,188.23,171.73
738.75,207.7,192.42,169.28
734.58,214.94,194.44,168.15
738.42,217.59,192.11,168.58
739.81,221.58,189.62,167.21
740.94,226.3,186.7,165.55
755.45,229.03,182.52,163.62
754,234.28,178,162.66
764.81,233.55,173.84,162.42
755.3,236.53,171.06,160.76
749.57,254.4,167.76,160.77
760.21,255.77,164.91,159.71
753.19,258.09,162.97,159.53
731.91,263.58,163.13,156.52
728.43,267.24,163.5,153.73
725.2,271.7,162.63,152.44
721.85,275.54,162.71,150.64
717.68,278.1,161.94,148.77
716.81,280.15,160.87,147.63
715.71,282.29,159.75,146.09
712.55,275.61,166.82,135.68
709.87,284.43,173.87,127.28
706,290.41,178.4,121.16
702.74,295.15,182.43,115.6
698,300.94,185.1,110.31
695.4,305.16,187.08,105.77
693.48,309.3,187.91,103.33
679.88,312.99,189.33,101.5
683.86,314.08,188.98,101.07
687.22,315.66,189.32,101.09
675.93,319.36,189.32,100.3
683.59,318.89,189.51,100.4
673.73,320.9,189.13,101.08
677.77,322.23,189.09,101.95
730.52,303.36,189.18,102.05
728.78,302.86,189.04,102.19
729.32,302.37,187.75,102.71
728.76,302.06,185.93,102.58
726.85,301.01,184.41,104.15
725.78,300.24,183.71,104.54
723.8,316.81,185.17,103.54
721.89,316.95,184.13,103.63
723.11,311.81,173.51,112.15
724.57,309.03,167.2,118.7
724.79,306.45,162.46,123.54
721.81,320.4,158.91,128.66
720.93,319.76,157.11,133.42
719.67,319.99,157.06,135.66
714.77,319.58,155.69,137.95
712.32,320.82,154.77,140.41
709.78,320.1,153.64,141.84
708.75,322.75,153.17,143.34
704.92,326.11,152.62,143.92
700.64,331.2,152.52,142.84
698.82,333.8,153.2,142.26
699.87,335.96,153.17,142.05
698.44,340.11,155.45,140.81
682.84,347.4,162.28,132.35
685.74,355.6,169.23,124.81
687.68,361.51,174.77,119.88
673.76,368.75,177.52,116.29
677.27,373.44,181.08,113.36
664.26,376.19,182.75,111.58
653.79,380.69,184.26,110.04
656.56,383.5,186.17,109.59
642.43,385.94,186.92,109.43
631.62,392.48,187.39,108.53
664.95,376.28,190.93,107.52
666.13,376.1,192.36,107.21
664.66,377.44,191.75,109.25
655.41,396.14,193.61,110.56
635.2,412.42,196.36,112.38
616.6,429.25,197.47,114.57
601.25,446.03,197.53,114.73
591.61,449.17,196.13,115.55
568.02,449.99,189.62,123.46
561.81,473.22,191.69,122.01
544.61,498.2,192.01,119.2
529.73,524.42,194.51,114.75
519.1,551.42,197.82,109.97
510.95,576.31,199.49,105.57
487.45,602.73,199.85,102.48
458.19,624.24,200.83,99.771
442.98,602.85,183.61,109.87
443.03,605.03,175.14,113.44
423.33,609.56,168.14,115.8
442.11,605.28,163.59,117.89
424.5,597.99,155.66,124.63
419.59,590.47,153.18,128.69
416.76,568.22,152.1,132.44
396.33,543.11,151.34,138.7
425.83,504,162.37,131.76
416.33,480.6,172.36,126.72
412.67,463.05,179.94,123.15
414.93,462.51,185.41,121.32
411.86,461.61,190.55,120.53
414.06,450.92,184.84,131.05
420.09,443.77,180.44,140.06
425.15,438.96,177.1,147.81
430.36,431.88,173.25,156.41
436.35,421.34,169.38,162.32
444.89,409.24,164.57,170.25
451.86,401.91,162.55,177.08
460.17,396.92,163.39,182.33
464.35,389.64,161.9,187.8
468.37,384.86,162.48,190.71
474.05,376.01,155.38,202.62
477.58,374.99,158.76,204.76
483.43,370.7,161.02,208.57
491.08,370.22,164.77,211.3
496.69,370.71,168.24,214.06
503.68,370.7,169.83,215.19
506.33,366.01,173.92,213.66
509.52,366.23,177.54,213.62
511.43,369.76,183.22,211.53
515.81,366.03,189.36,210.38
522.65,355.9,192.25,214.45
529.72,350.71,195.05,218.94
553.05,339.19,199.92,224
549.09,333.85,204.13,226.74
542.73,331.63,206.63,229.44
544.38,327.09,211.42,230.61
541.44,320.55,218.08,229.83
540.6,321.33,221.59,231.16
540.03,319.05,224.71,234.08
537.43,319.51,227.76,236.65
536.32,321.87,231.49,236.51
536.65,311.24,233.09,236.05
538.38,310.06,237.24,236.29
542.06,301.9,237.84,240.9
543.51,292.12,237.87,246.66
542.56,279.64,238.99,251.16
545.8,269.7,241.03,254.42
542.9,256.47,245.93,255.97
538.2,244.33,249.84,257.49
535.23,234.81,250.95,258.31
535.44,237.47,256.01,252.46
532.79,245.78,259.01,248.05
527.42,240.5,259.91,252.26
521.71,233.15,256.91,257.09
519.13,228.65,254.75,258.76
518.42,228.1,253.12,259.15
509.93,224.32,251.37,258.66
507.15,223.22,250.25,256.31
505.12,222.53,251.01,254.33
502.95,223.53,249.99,251.89
499.93,225.36,248.83,249.24
500.08,228.76,248.29,247.12
503.98,232,249.84,247.41
504.25,233.07,249.09,247.96
504.4,237.17,248.12,249.07
501.03,241.36,245.42,249.33
496.09,246.21,244.94,248.57
493.21,250.6,247.49,246.25
489.16,257.02,248.08,244.96
485.95,267.42,248.14,244.24
482.03,272.64,246.85,247.25
479.44,282.74,247.05,248.13
477.19,287.79,246.2,250.53
473.99,285,244.3,250.2
469.38,292.58,245.19,248.25
469.8,295.28,243.9,248.63
465.1,312.01,247.65,244.87
466.1,309.33,247.39,246.95
463.95,307.66,246.13,250.91
466.86,304,244.6,255.57
468.31,304.23,244.42,256.62
468.73,303.49,245.86,256.81
467.69,301.91,242.5,258.51
463.62,323.14,243.35,259.75
463.15,320.82,244.29,259.5
474.45,310.73,240.1,260.95
472.01,300.61,234.33,263.3
474.24,296.41,232.47,263.02
478.5,295.5,232.35,262.26
486.76,296.15,236.13,258.05
489.6,289.81,239.45,252.34
491.01,286.49,238.9,250
489.14,288.35,238.78,248.05
482.89,297.95,246.1,242
484,305.63,253.51,235.87
486.29,316.13,257.98,229.92
485.93,316.36,257.47,227.72
486.77,317.15,254.21,225.34
490.12,319.67,253.84,223.24
486.79,321.96,252.27,222.56
486.99,325.1,249.07,223.13
487.73,323.83,245.11,224.66
490.67,318.05,241.42,226.62
491.8,319.47,241.01,223.58
498.27,310.6,237.68,224.44
531.23,297,237.63,221.57
533.55,274.41,239.47,215.56
536.56,270.36,236.94,217.48
526.6,264.93,234.4,219.46
522.56,254.14,229.9,224.98
524.12,244.45,229,228.36
526.92,236.08,231.14,229.78
523.09,230.52,232.58,230.55
518.12,237.45,236.18,227.39
514.25,239.71,238.47,226.33
514.68,231.84,238.28,228.28
513.98,226.71,239.73,228.9
515.45,224.77,241.36,230
542.76,225.97,244.39,227.19
546.5,227.91,245.77,225.83
579.94,227.65,248.77,223.11
574.61,209.42,261.02,208.85
598.43,217.11,272.22,196.34
590.81,197.56,278.78,188.03
581.74,209.65,285.88,180.33
577.83,214.56,290.08,175.8
573.42,216.79,290.97,173.91
600.82,216.16,289.73,171.88
597.12,216.87,289.77,169.31
593.41,221.37,289.07,167.26
590.67,216.03,286.54,166.5
592.44,213.05,287.18,164.92
588.89,220.74,293.52,161.04
587.43,226.55,297.58,158.98
591.97,227.5,294.98,160.74
590.3,239.47,292.24,160.25
588.43,253.68,291.92,159.54
589.81,269.96,292.68,158.3
589.53,287.43,292.72,158.12
597.61,302.82,291.75,158.46
606.82,333.41,288.77,160.91
615.27,343.11,287.25,162.42
643.41,350.66,289.79,162.82
648.86,357.59,286.53,163.5
651.85,368.64,284.76,165.77
654.14,374.82,283.85,167.26
656.08,385.97,284.23,167.92
661.93,394.94,286.28,167.35
667.14,421.88,289.73,166.33
674.48,423.78,293.12,166.67
677.47,424.19,294.51,167.87
686.01,425.91,293.61,169.7
691,429.16,290.62,171.08
694.41,432.81,289.39,171.96
696.44,439.21,287.54,170.48
697.8,439.23,284.56,169.58
699.03,442.7,282.35,166.94
694.9,469.25,281.96,163.09
688.11,467.75,281.38,159.37
682.02,463.5,276.74,159.02
679.15,461.44,271.96,158.65
677.13,456.46,265.62,159.94
673.54,460.87,262.54,158.73
673.24,464.69,259.4,157.05
666.01,459.64,255.49,157.65
654.26,431.61,250.72,158.18
626.02,427.05,240.62,167.4
630.52,416.12,230.75,175.73
630.91,413.96,224.69,180.58
641.73,418.01,229.91,171.79
634.02,417.79,221.85,175.9
633.73,400.16,211.73,187.54
632.82,392.83,206.94,193.58
623.12,384.9,203.49,195.79
622.72,370.77,200.14,200.42
620.94,362.21,200.12,201.34
613.74,353.19,205.22,199.45
606.37,344.95,210.46,198.79
602.74,340.61,214.55,199.59
597.46,346.25,220.69,197.27
591.84,343.87,223.3,200.88
588.83,348.92,223.49,202.52
589.32,349.98,222.18,203.02
587.54,343.05,220.25,207.05
582.1,388.42,229.21,193.32
577.04,378.32,223.48,198.53
574.26,382.39,218.24,199.58
543.38,389.82,214.76,199.93
515.22,398.1,212.46,200.17
512.98,399.57,207.67,204.68
486.7,404.62,205.5,206.32
483.95,411.18,204.51,204.17
478.16,415.21,202.54,203.99
473.78,419.04,200.46,204.97
467.67,432.5,198.38,202.59
460.3,443.05,196.61,201.08
450.15,448.3,193.66,200.05
443.51,451.46,191.29,198.49
433.23,459.54,189.46,196.87
421.06,461.34,188.47,195.79
412,459.23,185.71,195.56
403.87,486.12,187.9,190.11
388.03,478.18,184.56,188.8
378.27,477.03,184.77,187
366.16,470.24,183.11,186.46
360.35,466.98,185.74,184.94
347.44,466.82,183.92,183.16
336.48,462.6,182.07,183.34
328.72,459.02,182.42,182.35
324.24,460.7,179.78,182.01
314.62,456.15,177.39,181.02
311.54,453,176.47,183.42
301.9,451.69,177.87,181.39
292.88,448.54,178.28,183
290.84,441.4,177.69,186.83
290.53,447.91,179.7,185.13
285,428.1,182.32,181.21
281.89,404.47,186.38,176.9
276.72,408.55,190.1,170.97
270.86,409.93,201.75,161.83
269.51,391.83,213.5,152.94
271.94,393.72,221.52,148
267.48,397.48,228.37,144.76
267.57,392.14,229.95,145.71
275.28,371.03,230.33,144.86
287.06,365.55,229.68,144.4
301.87,342.12,230.23,143.44
312.97,344.28,232.17,142.02
324.13,333.43,235.18,139.41
336.64,341.28,237.03,137.66
354.72,348.95,236.12,137.14
368.87,353.36,233.27,137.78
416.16,355.85,220.37,151
434.38,347.34,210.6,163.67
444.03,338.96,206.05,171.78
453.07,335.4,203.83,180.15
450.59,328.97,204.27,185.73
447.65,323.8,205.74,190.58
441.52,319.22,204.12,192.22
446.12,312.43,203.22,196.83
425.14,293.92,202.17,198.67
428.41,293.5,201.95,197.33
425.05,298.86,201.15,194.26
420.42,294.47,199.86,193.06
420.04,293.2,199.38,192.03
411,287.75,194.13,192.83
400.07,317.04,199.92,189.4
394.19,327.54,203.23,186.89
388.53,333.42,204.18,184.56
381.88,337.44,206.54,183.49
378.15,364.55,210.29,183.15
376.12,371.42,212.71,182.03
371.86,375.54,213.75,181.97
372.7,382.63,213.98,181.58
370.89,385.02,213.17,184.35
368.69,385.77,214.66,188.86
373.07,380.91,212.69,193.74
370.37,370.91,212.52,196.12
374.19,364.19,211.69,198.64
380.08,357.16,210.67,202.34
385.08,341.43,212.32,203.15
391.85,324.54,213.98,202.32
398.53,310.74,215.8,200.24
408.3,296.71,220.61,196.49
419.63,288.09,223.34,195.46
423.22,274.58,229.05,192.75
415.81,248.91,231.16,192.36
421.1,223.58,234.85,191.26
429.7,193.4,230.9,191.85
440.64,173.35,224.6,195.86
449.35,162.3,219.52,199.46
452.6,152.64,217.97,200.46
445.66,135.64,219.72,197.8
436.68,124.09,222.36,193.77
425.94,87.366,222.06,192.65
416.87,66.906,225.81,187.25
415.24,46.08,224.36,185.81
415.31,30.318,222.87,186.81
415.51,19.128,221.53,186.86
418.23,15.102,222.11,186.93
414.96,7.1176,222.66,186.01
406.74,5.1698,221.29,186.56
398.42,9.6449,217.37,188.14
392.69,11.251,213.37,189.53
390.28,14.945,210.01,191.85
392.16,27.185,209.29,192.52
392.06,38.458,209.38,191.92
392.67,46.867,211.22,190.22
396.34,59.261,214.1,186.62
399.22,66.647,217.46,184.8
393.52,69.02,219.63,183.45
385.33,68.674,217.66,182.77
374.78,65.196,217.32,182.31
370.57,63.142,216.58,182.56
366.87,56.438,212.68,183.96
364.56,37.888,209.98,184.18
360,8.4054,208.63,184.56
356.25,-0.98335,211.59,182.77
345.28,-15.649,224.62,170.01
332.31,-19.415,237.59,157.11
281.92,-19.183,246.93,147.18
286.14,-20.512,248.19,145.75
285.22,-16.185,248.26,145.68
291.56,-11.222,248.29,145.65
297.05,1.1232,248.31,145.64
305.43,7.374,248.31,145.46
358.85,-7.4622,248.14,144.08
405.99,0.74645,246.92,143.5
406.17,41.184,234.44,150.45
410.76,69.515,223.23,157.71
413.68,116.57,214.55,163.54
417.15,160.91,207.18,164.85
418.77,187.57,205.12,165.5
420.5,214.85,200.55,167.44
424.1,241.5,196.04,169.29
426.81,266.1,192.03,170.61
428.61,287.81,188.39,171.99
428.83,308.09,184.08,171.98
430.1,316.33,181.47,172.05
431.87,336.89,178.7,171.02
433.51,342.1,176.81,171.33
435.26,348.48,175.45,170.8
437.14,353.84,173.93,169.43
436.55,359.14,172.97,168.44
437.37,362.45,172.17,166.68
438.11,367.04,171.05,165.28
438.81,369.59,170.55,162.92
454.95,369.65,169.38,162.63
452.44,372.12,168.68,162.29
450.65,375.63,167.77,160.45
465.12,375.48,168.04,157.67
463.53,376.56,167.2,155.41
461.87,375.95,166.08,154.32
461.49,375.74,164.45,153.24
460.63,374.98,162.97,152.46
458.74,374.18,162.21,150.99
458.34,371.95,161.71,149.72
455.9,368.99,160.62,148.37
452.35,368.15,160.01,148.06
450.46,366.34,159.16,148
446.84,365.29,158.48,147.54
444.99,365.71,157.61,146.83
444.97,369.09,156.43,145.4
426.33,371.68,155.61,144.36
428.08,375.3,154.63,142.75
427.33,377.1,153.77,141.72
408.87,380.08,152.3,139.78
409.57,382.47,150.37,137.34
407.81,384.53,151.67,134.26
405.22,387.86,152.7,130.26
404.42,393.07,153.25,127.29
384.38,396.13,153.79,124.5
383.89,400.43,154.29,121.58
380.01,405.77,154.61,119.48
395.78,411.24,154.49,116.15
377.65,425.92,154.1,113.33
393.3,427.97,153.72,111.67
389.5,432.64,153.59,110.85
388.88,447.53,152.74,108.38
402.73,450.76,151.88,106.07
401.47,465.25,151.02,104.42
412.92,469.48,150.53,102.74
410.35,484.97,149.62,101.2
423.32,489.04,148.51,99.693
437.66,504.95,147.22,98.39
434.65,508.46,146.31,97.256
431.74,523.33,145.54,96.387
445.19,527.09,144.19,94.904
445.08,537.66,141.32,95.263
458.76,537.65,140.72,94.486
458.89,540.72,137.56,94.805
458.93,542.99,134.15,95.212
459.53,551.48,131.45,95.226
459.31,551.16,130.08,95.417
474.77,553.3,127.99,95.474
475.45,556.06,125.19,95.641
476.32,560.35,121.93,95.374
476.41,562.77,119.98,95.541
476.77,571.71,117.14,94.995
490.73,571.68,115.23,94.533
490.22,579.71,113.42,93.857
489.74,579.61,110.15,93.317
489.13,580.93,108.41,93.434
489.01,590.32,107.15,93.087
500.97,590.56,105.13,92.439
500.21,593.05,102.64,91.839
499.14,601.5,101.08,91.053
497.82,601.41,99.117,90.34
507.95,604.12,97.209,89.538
506.61,606.71,95.77,89.242
516.47,610.05,94.442,88.393
514.57,613.42,93.369,87.945
513.35,623,91.613,87.395
513.15,625.33,89.833,86.395
520.87,627.71,88.972,85.718
518.49,630.08,88.022,84.985
517.54,633.16,87.045,84.043
525.5,636.17,86.678,82.983
524.79,638.23,86.289,82.051
532.28,639.47,85.907,81.156
530.43,642.04,85.61,80.258
529.34,644.57,85.473,79.844
529.77,646.78,85.361,79.561
538.37,647.97,86.078,78.49
536.79,649.47,86.593,77.845
534.88,650.81,86.762,77.628
532.74,651.75,86.889,77.453
529.23,653.4,87.024,77.312
524.5,654.75,87.116,77.23
522.47,655.8,87.292,77.06
520.27,656.98,87.492,76.89
518.6,657.74,87.622,76.773
518.36,626,88.088,75.344
517.81,622.9,87.503,75.018
519.29,622.56,87.174,74.92
520.41,622.23,86.646,74.848
522.75,622.09,86.383,74.85
523.93,623.02,86.061,74.855
526.41,623.7,85.825,74.938
526.46,632.21,85.177,74.615
527.28,631.51,84.768,74.498
528.21,631.69,83.869,74.204
529.2,632.19,83.339,74.155
529.55,633.22,83.028,74.098
529,641.65,82.477,73.434
529.59,640.83,82.185,73.264
529.95,641.39,81.845,72.958
529.79,641.65,81.378,72.64
530.05,642.33,80.793,72.227
529.9,643.16,80.28,71.813
529.86,644.02,79.703,71.389
529.05,643.97,79.165,71.165
528.52,644.59,78.77,70.836
528.69,644.34,78.298,70.607
528.12,644.37,78.093,70.464
527.78,645,77.832,70.401
527.25,645.57,77.627,70.365
525.69,644.79,77.392,70.247
524.83,646.67,77.684,69.864
523.04,645.18,77.594,69.786
521.81,643.81,77.45,69.692
520.29,643.11,77.356,69.62
519.03,642.81,77.286,69.593
511.6,643.6,77.174,69.504
511.6,644.49,76.962,69.32
511.47,643.73,76.798,69.215
511.34,643,76.683,69.096
503.81,642.71,76.63,68.949
496.28,652.35,77.635,67.801
497.23,652.02,78.53,66.805
497.21,641.92,78.251,67.005
496.8,641.09,78.027,67.162
490.53,640.38,77.602,67.496
491.32,639.2,76.917,68.188
483.64,638.55,76.531,69.038
485.51,637.65,75.658,69.458
478.32,636.05,75.316,70.307
477.14,627.09,75.233,72.169
474.4,627.96,75.718,73.27
472.23,628.01,76.154,74.223
462.26,627.55,77.702,75.172
461.54,627.3,77.902,76.227
460.73,627.67,78.009,77.177
450.98,626.82,77.565,77.677
451.46,626.54,77.27,77.704
451.04,625.45,76.938,77.735
451.56,633.34,76.464,77.335
452.1,631.24,75.934,76.884
444.19,629.76,75.741,76.687
444.05,628.69,75.591,76.61
443.81,627.66,75.308,76.576
444.15,634.63,74.908,76.15
436.19,633.64,74.592,75.81
436.98,632.67,74.487,75.558
437.45,640.32,74.38,75.175
429.15,642,74.918,74.385
351.99,631.58,72.749,74.872
350.41,631.77,71.337,74.84
342,633.82,71.551,74.502
341.3,633.74,71.461,74.455
339.61,634.66,71.103,74.548
337.66,635.49,70.993,74.483
335.51,635.42,70.786,74.87
333.97,636.04,70.873,74.856
332.92,636.4,70.872,74.998
331.03,637.58,70.922,75.333
322.47,639,72.051,75.103
320.82,638.72,72.656,75.648
319.95,639.08,72.722,76.036
319.32,640.05,73.265,76.172
318.34,641.98,73.67,75.783
319.01,649.67,73.563,75.533
320.15,650.98,73.155,74.663
320.55,653.23,72.931,73.745
306.66,664.48,76.339,70.159
317.6,656.09,75.728,69.711
318.4,657.08,75.231,69.332
319.36,657.87,74.971,68.996
321.01,657.98,74.693,68.671
327.46,660.08,76.218,67.382
349.52,661.95,77.97,66.268
361.42,662.91,81.141,64.224
375.42,653.63,79.781,65.594
386.97,652.72,78.392,66.804
388.67,652.13,77.688,67.545
391.19,650.39,76.793,68.128
393.25,649.25,76.362,68.516
395.37,647.76,75.707,68.972
395.88,646.16,75.406,69.148
389.36,645.9,74.275,69.744
390.04,644.4,73.479,70.41
381.08,651.09,73.366,70.739
373.13,650.77,72.687,71.17
365.83,650.43,71.612,71.502
359.67,649.66,71.083,71.841
352.22,649.99,72.087,71.832
351.52,648.53,72.585,72.303
341.52,646.07,73.697,72.942
331.95,635.04,73.814,73.77
350.85,605.66,73.375,74.243
344.01,585.47,73.082,74.33
337.55,584.61,72.983,74.057
339.21,582.89,72.569,74.249
331.98,582.78,72.498,74.12
332.63,581.08,72.344,74.167
326.06,582.03,72.172,73.817
318.86,583.33,72.469,73
320.45,581.51,72.059,73.545
312.91,580.23,71.681,74.09
314.4,572.96,71.169,74.45
305.64,573.76,70.815,74.983
297.38,573.12,70.781,75.403
297.37,573.51,70.877,75.65
296.47,567.21,70.859,75.71
295.96,572.41,70.677,75.871
296.62,578.22,70.248,76.244
297.68,581.82,69.867,76.555
297.9,584.23,69.644,76.742
297.89,585.87,69.39,76.95
296.92,578.92,69.353,76.85
297.27,581.51,69.075,77.075
297.23,583.4,69.064,77.035
296.45,585.38,68.715,77.321
295.7,585.49,68.416,77.553
295.45,579.72,67.722,78.057
295.24,580.82,67.081,78.532
294.88,581.97,66.609,78.904
294.55,583.18,66.244,79.2
294.55,583.92,65.588,79.732
294.23,585.07,65.328,79.937
294.48,580.38,64.474,80.594
294.56,583.44,63.681,81.157
293.69,586.32,63.186,81.543
293.92,588.95,62.886,81.772
293.85,591.23,62.562,82.031
293.91,593.31,62.224,82.291
294.38,594.31,61.517,82.775
294.84,596.88,61.151,83.048
295.42,600.33,60.716,83.379
295.99,602.33,59.799,84.051
296.45,605.26,59.311,84.452
296.62,609.45,58.535,85.052
296.93,612.52,58.042,85.454
297.27,615.84,57.619,85.813
297.89,618.9,56.66,86.636
297.8,622.44,56.241,86.974
306.62,626.01,54.761,87.918
306.25,635.38,54.116,87.603
305.63,637.13,53.605,87.318
304.42,646.48,54.075,86.454
302.46,648.06,54.617,85.541
301.15,649.88,54.958,85.021
298.42,650.55,55.076,84.837
297.77,649.3,55.119,84.765
295,647.9,55.194,84.646
290.76,647.01,55.229,84.608
286.71,646.9,55.342,84.485
282.24,646.69,55.446,84.372
277.72,647.29,55.513,84.311
271.98,649.11,55.747,84.105
268.04,650.09,55.85,84.017
263.63,651.07,55.984,83.909
259.46,652.79,56.125,83.798
254.73,653.68,56.242,83.706
250.14,653.99,56.342,83.63
246.28,653.84,56.815,83.259
241.8,653.52,57.033,83.09
238.97,654.46,57.407,82.793
235.41,656.2,58.134,82.214
225.13,666.49,60.44,80.095
226.84,666.73,61.191,79.378
228.38,667.14,61.459,79.13
228.53,667.15,61.506,79.087
230.4,666.93,61.522,79.073
231.54,666.05,61.529,79.067
231.04,664.76,61.54,79.057
230.21,663.59,61.556,79.043
229.62,662.32,61.585,79.018
230.66,661.78,61.666,78.949
231.82,661.3,61.752,78.878
233.4,661.33,61.809,78.833
235.3,660.75,61.857,78.787
237.87,659.5,61.932,78.719
241.16,659.1,61.979,78.674
244.4,657.83,62.064,78.596
247.22,656.93,62.091,78.569
250.27,656.36,62.199,78.461
252.97,656.16,62.399,78.272
255.41,655.52,62.532,78.148
257.91,654.98,62.608,78.075
259.95,655.38,62.717,77.983
260.06,655.95,62.806,77.906
259.29,656.35,62.93,77.799
259.58,656.96,62.994,77.741
259.22,657.5,63.057,77.685
258.24,657.77,63.093,77.654
257.08,658.6,63.131,77.621
255.74,659.53,63.169,77.589
255.58,660.28,63.227,77.536
254.95,660.75,63.284,77.484
254.46,661.2,63.323,77.447
253.44,662.03,63.364,77.41
252.68,662.13,63.404,77.374
251.11,662.47,63.457,77.325
249.92,662.57,63.502,77.284
249.74,662.63,63.532,77.259
248.78,662.85,63.56,77.234
248.84,663.56,63.593,77.207
246.94,663.76,63.899,76.951
242.79,663.39,64.044,76.829
239.08,661.3,64.184,76.697
239.72,655.73,64.217,76.656
233.89,656.96,64.26,76.622
232.06,657.73,64.326,76.572
229.94,657.91,64.377,76.533
227.09,658.12,64.435,76.489
223.68,658.34,64.493,76.445
220.88,657.78,64.558,76.393
217.8,658.45,64.63,76.338
215.51,658.71,64.692,76.287
213.6,659.1,64.798,76.2
214.39,659.65,64.892,76.123
212.72,660.12,64.975,76.055
210.89,661.06,65.071,75.976
208.74,662,65.16,75.901
206.72,662.88,65.272,75.812
205.89,663.6,65.37,75.733
204.92,664.15,65.442,75.671
204.49,664.14,65.507,75.616
203.1,663.98,65.631,75.512
202.96,663.45,65.797,75.379
202.81,663.75,65.966,75.248
202.84,664.27,66.121,75.131
202.72,664.42,66.262,75.021
201.09,665.13,66.4,74.914
199.2,666.53,66.526,74.812
196.93,667.19,66.59,74.76
195.46,667.66,66.724,74.648
192.76,668.9,66.833,74.554
189.3,669.32,67.008,74.398
186.9,670.05,67.143,74.277
182.91,670.89,67.188,74.233
174.83,670.57,67.246,74.173
165.43,669.45,67.407,73.994
160.17,669.14,67.523,73.874
158.29,669.12,67.931,73.478
156.8,668.2,68.085,73.34
157.27,667.3,68.108,73.32
157.04,666.1,68.135,73.295
157.21,666.57,68.143,73.287
157.81,667.21,68.148,73.282
158.89,667.75,68.156,73.274
159.27,667.39,68.187,73.247
158.25,668.25,69.04,72.576
167.01,673.93,78.743,65.339
164.68,675.45,79.5,64.782
163.02,668.36,81.392,63.335
160.89,669.99,82.377,62.552
157.89,669.93,82.789,62.206
154.75,660.52,83.16,61.839
153.46,660.25,83.381,61.608
162.72,660.5,83.676,61.318
164.04,661.41,83.899,61.023
165.42,662.63,83.99,60.908
166.36,663.41,84.097,60.765
167.28,663.92,84.168,60.657
167.43,664.12,84.271,60.499
168.67,664,84.389,60.345
169.92,663.83,84.513,60.177
170.97,663.66,84.636,60.028
171.7,663.46,84.811,59.815
171.25,663.75,85.05,59.593
171.41,663.36,85.28,59.352
172.17,663.56,85.435,59.196
173.27,664.06,85.973,58.784
208.65,676.98,89.058,56.404
211.96,670.69,92.577,54.757
178.26,664.92,95.125,54.137
158.74,664.58,96.719,54.719
146.48,667.46,98.928,53.701
143.17,670.75,100.5,52.735
140.62,672.02,102.58,51.258
137.67,672.74,103.84,50.477
135.31,673.55,105.26,49.558
132.93,673.76,106.01,49.072
131.08,667.11,107.18,48.31
130.44,668.69,107.65,48.061
127.95,669.58,108.2,47.737
125.49,670.78,108.69,47.5
123.03,671.15,109.49,47.032
121.99,664.31,110.27,46.47
119.46,666.12,111.11,46.011
118.62,668.2,111.72,45.683
116.33,669.65,111.89,45.556
114.47,671.12,112.04,45.446
118.7,671.76,112.41,45.221
114.62,672.53,112.74,45.044
110.86,672.75,113.16,44.807
109.29,665.66,113.5,44.627
106.66,668.34,113.76,44.464
105.12,670.31,114.04,44.205
103.91,671.13,114.17,44.111
103.36,672.26,114.32,44.025
102.39,673.64,114.52,43.934
101.79,674.67,114.74,43.798
99.681,675.73,116.59,42.985
100.24,676.12,116.6,42.983
90.242,676.29,116.9,42.812
99.272,667.83,118.51,42.071
105.86,629.59,125.95,38.834
