218,220,30,24
211.96,217.28,30.432,24.651
205.89,214.56,30.533,25.294
199.28,209.19,30.555,26.093
192.71,205.96,30.795,26.385
189.44,201.09,30.923,26.678
186.17,195.86,30.731,26.814
179.2,191.41,30.845,26.949
173.41,188.76,30.906,27.938
170.7,183.87,31.065,28.095
169.44,180.57,30.945,28.501
167.19,175.24,30.934,28.474
164.97,173.04,31.022,28.663
162.08,171.41,31.015,28.745
158.73,170.73,31.556,28.674
156.2,170.22,32.172,29.19
155.59,168.34,32.698,29.372
156.37,168.32,33.408,28.84
157.74,169.01,33.527,28.178
159.81,170.32,33.189,28.021
161.43,172.88,32.872,28.089
163.57,175.23,32.69,28.106
165.39,177.61,32.719,28.092
167.45,182.56,32.209,28.49
172.48,184.43,32.253,28.584
177.25,188.97,32.467,28.925
187.02,190.6,32.364,28.83
191.91,195.19,32.199,28.35
197.22,200.05,31.649,28.529
206.19,205.12,31.318,28.672
214.79,209.75,31.229,28.54
226.98,213.92,30.689,28.362
239.64,218.13,30.056,27.948
252.13,224.46,29.091,27.914
263.64,228.23,28.481,27.94
275.07,232,27.912,27.916
286.13,235.38,27.566,27.786
299.92,238.64,27.157,27.953
309.52,239.64,26.718,27.962
323.95,235.92,24.791,30.495
331.29,239.06,23.633,31.542
337.53,240.25,23.981,30.83
351.41,241.06,22.69,32.249
364.17,269.27,23.751,30.871
373.92,266.63,24.545,29.624
383.8,264.71,25.034,28.627
393.9,262.01,25.334,27.994
407.5,258.08,24.248,28.494
416.78,255.05,24.352,27.87
423.74,252.17,24.706,27.241
432.98,249.1,24.853,26.889
442.05,248.04,24.799,26.5
443.44,244.93,26.033,25.209
449.01,238.99,26.779,24.401
452.04,236.21,27.531,23.727
457.44,230.33,28.253,22.814
461.92,228.02,28.997,21.774
466.4,225.39,29.292,21.166
467.6,222.49,29.807,20.497
469.22,222.09,30.443,19.743
470.23,216.35,30.59,19.307
470.47,213.8,31.783,18.576
474.43,213.7,32.343,18.188
477.88,210.93,33.084,17.6
482.12,207.3,33.288,17.423
485.39,204.13,33.173,17.365
488.81,203.46,32.94,17.544
488.85,206.39,32.219,18.07
486.71,205.01,30.131,19.983
483.88,204.16,27.388,22.342
477.66,202.6,24.893,24.892
471.07,206.46,24.399,25.042
465.02,202.1,23.044,26.494
462.16,194.6,21.496,27.811
459.39,193.03,20.481,28.606
453.61,192.96,19.879,29.251
450.03,193.26,19.526,29.769
449.81,190.3,19.709,29.486
446.66,187.78,19.798,29.339
445.75,187.99,19.807,29.327
445.32,188.37,19.821,29.32
445.08,188.99,19.827,29.318
417.31,214.82,22.204,26.272
411.72,215.39,23.747,23.669
406.58,215.85,24.96,21.626
401.51,215.92,25.65,20.119
394.04,216.97,25.978,18.922
386.93,217.18,25.891,18.137
382.98,217.46,25.021,18.082
378.64,217.08,24.225,18.036
374.1,216.31,23.663,18.211
369.9,215.14,22.887,18.694
383.8,221.3,23.644,17.569
379.16,222.39,24.311,16.662
377.69,222.61,24.292,16.4
399.6,220.82,24.635,16.145
399.57,221.23,24.565,16.533
393.37,221.77,24.702,16.564
386.66,221.75,24.137,17.778
382.91,220.96,22.776,18.618
374.38,221.06,22.162,19.175
364.33,220.82,21.866,20.034
356.91,217.98,21.964,20.245
349.5,215.01,22.063,20.616
341.5,212.18,22.05,20.993
333.13,211.47,22.561,21.33
325.27,208.89,22.689,21.34
317.12,209.07,22.812,21.396
308.73,208.69,22.827,21.524
300.31,211.25,23.018,21.539
291.43,212.01,23.668,21.637
285.29,212.09,24.247,21.93
279.09,212.39,24.732,22.123
273.18,210.14,25.094,22.671
266.84,207.38,25.631,23.092
263.03,205.71,25.972,23.292
256.13,203.82,26.308,23.518
252.41,202.01,26.445,23.912
246.1,199.78,26.848,24.224
239.97,197.66,27.561,24.088
236.84,196.81,28.359,24.21
233.92,195.98,28.717,24.779
233.36,196.03,28.319,25.249
232.01,196.75,28.199,25.509
232.07,197.86,27.995,25.846
233.39,198.95,28.06,26.192
235.33,199.38,28.102,26.421
235.76,199.33,27.884,26.533
237.12,199.02,27.884,26.466
239.03,199.46,28.489,26.091
244.37,200.31,28.884,26.154
248.66,201.34,28.719,26.189
249.61,203.12,28.316,25.895
251.19,207.47,28.22,25.861
256.1,211.18,27.937,25.737
257.71,214.77,28.04,25.493
265.97,218.78,27.637,25.185
270.78,222.93,27.427,25.051
278.28,226.96,26.985,24.774
282.4,231.23,26.767,24.543
289.73,234.96,26.436,24.296
296.74,238.96,26.077,24.071
303.25,242.97,25.567,23.811
309.53,246.13,25.229,23.431
315.64,246.75,24.542,23.354
325.03,247.32,23.785,23.449
328.91,251.03,22.295,25.069
332.36,252.8,21.75,25.702
334.77,253.49,21.605,25.881
346.52,244.79,21.579,25.414
352.35,244.88,21.613,24.819
354.31,246.29,21.891,24.669
368.77,240.82,21.591,24.172
377.17,241.03,21.291,23.925
383.21,235.84,20.279,24.495
389.64,233.08,19.283,25.211
394.76,230.86,19.702,24.822
403.3,224.84,18.016,26.264
412.57,219.28,16.867,27.047
420.63,213.99,16.273,27.558
426.29,208.85,15.972,27.719
431.66,205.99,15.794,27.891
431.08,206.41,15.818,27.872
426.58,206.4,16.17,27.581
430.44,209.42,17.733,26.153
431.99,206.56,18.711,25.263
436.2,203.77,19.037,24.961
437.88,201.86,20.256,23.816
449.47,193.97,20.413,23.443
452.75,194.84,20.491,23.127
449.37,195.76,20.987,22.659
449.54,194.08,21.132,22.365
449.68,194.87,21.139,22.234
450.3,183.9,19.6,24.021
451.13,182.44,18.003,25.846
448.59,181.42,17.418,26.605
448.69,180.51,16.537,27.561
448.89,180.05,16.075,28.044
449.4,179.56,15.544,28.453
449.74,179.18,14.962,28.557
447.72,180.98,14.361,28.779
447.71,182.33,14.018,28.955
447.86,180.81,13.629,29.057
447.57,182.05,13.25,29.009
444.67,182.6,13.107,28.75
442.05,183.28,13.219,28.352
439.2,186.28,13.416,27.467
437.96,192.64,14.768,25.822
434.68,196.06,16.012,24.414
433.76,197.02,16.724,23.371
427.15,197.57,17.295,22.409
423.56,202.68,17.555,21.812
420.61,205.04,17.427,21.344
417.04,207.7,17.466,20.502
413.25,212.25,17.574,19.856
408.11,213.65,17.491,19.403
404.22,216.66,17.461,19.008
399.45,220.56,17.268,18.74
393.87,223.87,17.225,18.55
389.66,225.94,17.34,18.364
383.32,228.08,17.348,18.21
376.88,230.37,17.327,18.197
368.18,232.54,17.508,18.308
359.28,234.51,18.228,18.436
350.62,234.03,18.416,18.59
339.35,233.56,18.933,18.734
330.42,233.36,19.266,18.944
324.22,229.82,18.916,19.333
309.73,227.71,18.844,19.723
303.11,225.31,18.484,19.925
291.42,224.97,18.996,20.046
285.23,222.35,19.146,20.11
275.29,220.01,19.729,19.801
267.85,217.05,20.302,19.943
259.98,213.82,21.072,20.009
252.54,210.59,21.304,20.126
244.46,207.12,21.793,20.026
236.07,203.18,22.124,20.207
227.43,199.76,22.637,20.416
221.59,196.42,22.993,20.6
215.73,192.38,23.722,20.597
210.28,190.17,24.036,21
205.37,187.74,24.544,21.554
200.03,183.33,25.138,21.704
197.1,181.2,25.633,22.225
194.35,177.41,25.905,22.513
191.45,174.22,26.277,22.991
188.59,171.03,26.639,23.165
185.89,170.55,27.272,23.604
183.76,169.14,27.677,24.356
183.52,168.21,27.848,25.188
183.32,168.42,28.092,25.683
183.57,168.33,28.648,26.237
184.04,169.78,29.531,26.35
184.72,171.9,30.096,26.559
186.71,173.99,30.334,26.806
188.05,176.92,30.799,26.789
190.23,179.03,31.376,26.79
193.16,184.45,31.535,27.078
198.71,187.5,31.482,27.089
200.15,190.62,31.811,27.056
203.76,193.42,33.599,25.71
207.48,198.63,34.944,24.754
215.44,203.47,35.795,23.936
218.35,208.02,36.949,23.314
224.98,212.69,37.362,22.864
232.08,217.36,37.78,22.542
243.86,221.84,37.152,22.277
251.26,226.51,36.714,22.082
263.39,229.71,34.604,22.991
270.02,233.67,34.266,22.418
281.81,236.85,32.629,22.974
283.61,237.9,33.005,22.278
301.45,241.29,31.345,23.245
313.54,241.49,28.301,25.626
313.55,246.06,27.703,26.455
309.39,243.52,27.692,26.487
313.09,244.86,27.451,26.712
317.13,238.84,26.589,27.891
321.21,228.86,25.265,29.884
318.61,214.34,23.691,31.807
319.28,210.82,22.577,32.84
316.75,203.98,21.39,33.829
318.03,206.14,20.417,34.47
314.5,214.58,21.133,33.338
306.24,219.75,22.373,31.478
291.97,223.85,23.287,29.388
278.47,227.84,24.831,27.12
265.12,228.21,25.133,25.902
254.7,228.35,25.156,24.935
243.76,228.25,25.128,24.307
233.46,227.67,25.166,23.756
219.57,224.94,25.4,22.85
209.28,221.74,25.507,22.47
198.93,218.8,25.696,22.253
185.16,212.95,26.041,22.288
174.36,207.95,27.174,21.257
160.76,201.66,27.009,21.66
152.28,196.03,28.149,20.598
144.19,190.51,29.02,19.806
134.9,184.02,29.95,19.215
129.08,177.92,30.665,18.934
120.42,170.66,29.458,19.883
111.55,163.87,30.16,19.491
102.67,157.42,31.005,19.012
97.957,153.73,31.354,18.641
90.495,147.33,31.279,18.521
82.822,140.94,30.964,18.468
78.261,136.53,30.82,18.561
77.545,132.16,30.707,18.534
73.73,126.21,29.049,19.996
71.533,122.5,29.133,19.797
69.952,118.53,28.31,21.016
68.887,117.88,28.681,20.603
68.599,117.07,29.098,20.562
67.947,117.04,29.219,20.534
68.283,117.21,29.392,20.511
68.852,118.74,29.661,20.658
71.458,120.44,29.789,20.638
74.351,124.69,29.885,20.332
76.467,128.86,30.366,20.23
81.662,132.92,30.337,20.226
86.762,137.4,28.784,21.231
91.681,142.02,28.061,21.723
96.812,148.92,27.556,22.274
103.63,153.65,26.91,22.942
109.36,160.96,26.208,22.942
117,168.66,26.102,23.101
123.92,173.72,25.898,22.973
132.01,181.45,24.866,22.985
136.6,188.44,25.291,22.582
146.46,193.15,25.041,22.562
157.43,200.1,24.577,22.248
167.33,207.28,23.725,21.961
176.77,211.56,23.381,21.768
186.76,217.38,23.302,21.317
195.56,218.08,23.126,21.16
207.27,221.51,22.895,20.989
218.6,224.46,23.15,20.894
223.4,225.21,22.482,20.672
218.55,231.9,20.833,22.812
230.4,238.51,18.849,25.349
239.99,240.18,18.334,25.819
236.78,215.56,19.975,25.205
230.69,211.27,21.597,24.373
222.28,206.59,22.742,23.953
212.53,199.61,23.962,23.589
203.33,194.81,24.967,23.6
196.92,187.53,25.707,23.589
190.62,182.6,25.987,23.852
182.3,176.75,26.246,24.149
177.61,170.9,26.759,24.458
172.65,165.34,27.156,24.913
170.24,161.11,27.795,25.424
167.88,157.12,28.341,25.88
166.71,155.43,28.586,26.743
165.78,153.31,28.98,27.619
165.84,150.79,29.585,28.219
166.84,150.26,30.259,28.49
168.21,150.85,30.852,29.062
170.52,152.11,31.061,29.726
173.43,154.1,31.422,29.806
179.49,156.27,31.806,29.831
183.02,159.17,32.07,30.088
187.5,162.93,32.804,29.829
190.24,165.99,33.595,29.442
193.35,168.89,35.197,27.947
199.54,175.13,34.84,28.101
204.85,178.95,34.253,28.265
210.79,185.59,33.633,28.258
217.28,190.76,33.157,28.315
222.55,195.01,33.157,28.093
228.68,200.78,32.746,27.735
232.9,204.92,34.153,26.019
238.99,210.76,35.184,24.601
246.26,216.51,35.855,23.939
252.58,222.51,36.593,23.237
258.34,228.16,37.391,22.609
268.94,232.84,37.316,22.273
283.77,237.18,36.292,21.925
290.18,238.54,35.746,21.549
300.23,242.52,35.293,21.329
315.31,245.44,32.859,22.776
323.15,248.23,30.695,24.359
330.32,249.7,29.385,25.549
320.32,248,29.285,26.275
325.94,249.19,28.601,26.403
331.32,223.6,25.445,30.209
332.36,224.68,23.729,32.663
333.08,222.94,22.51,34.485
332.96,225.37,22.137,35.078
329.92,223.84,21.734,35.7
329.92,220.7,21.049,36.702
327.13,217.06,20.285,37.884
327.62,214.29,19.81,38.273
327.89,211.94,19.563,38.414
328.72,216.99,20.447,36.926
323.67,205,21.945,34.882
316.46,203.26,23.059,33.503
310.16,229.57,25.518,30.462
304.86,230.82,27.451,28.237
292.26,231.18,28.507,26.489
276.41,228.47,29.448,24.833
268.29,228.74,29.881,23.709
260.02,225.96,30.221,22.724
249.05,225.6,29.26,23.172
240.98,222.42,29.861,22.132
230.19,217.17,29.115,22.319
217.48,211.23,30.033,21.548
206.98,206.44,29.16,22.122
195.5,199.72,28.903,22.407
184.3,194.76,28.661,22.476
172.55,187.53,28.022,22.608
163.7,183.74,27.799,22.774
153.96,176.98,27.976,22.75
145.47,172.42,27.375,23.174
137.31,167.85,27.024,23.319
128.96,160.19,27.056,23.292
121.09,152.83,27.257,23.225
112.44,146.99,27.284,23.133
106.14,140.76,27.137,23.166
99.726,137.09,27.271,23.112
95.35,131.89,27.258,23.468
93.901,128.15,27.057,23.404
92.824,127.08,26.835,23.577
92.15,125.82,26.573,24.01
90.537,124.2,26.289,24.304
90.513,123.27,26.38,24.608
90.049,123.16,26.538,25.047
89.144,123.88,26.754,24.989
89.569,124.48,26.994,25.035
90.582,126.88,27.018,25.212
92.281,129.05,26.862,25.286
93.958,133.58,26.761,25.215
97.55,138.46,27.032,24.632
100.5,143.12,26.85,24.679
103.79,148.05,26.694,24.657
107.72,153.25,26.387,24.582
112.24,158.36,26.03,24.747
118.4,164.21,25.798,24.485
125.13,172.44,25.356,24.079
131.9,180.28,25.071,23.84
139.75,187.25,24.877,23.767
147.24,193.53,24.91,23.262
157.36,200.13,24.73,22.674
150.77,205.52,24.375,22.434
158.22,211.54,23.727,22.506
169.85,221.9,23.475,22.818
179.28,229.55,23.264,23.292
192.09,230.61,23.007,23.773
205,241.82,21.904,25.107
217.97,243.26,21.933,25.203
230.83,245.31,21.892,25.143
244.51,250.14,21.694,25.075
257.46,251.82,21.768,24.848
269.94,250.66,21.697,24.534
266.17,253.79,22.269,23.954
263.34,257.73,24.645,22.111
258.26,261.19,26.392,20.557
252.88,262.16,27.006,19.888
242.4,265.51,27.865,18.983
231.22,269.04,28.92,18.038
218.89,272.71,30.505,16.829
208.61,275.75,31.522,16.075
198.73,277.13,32.567,15.015
189.89,277.82,33.07,14.277
191.17,278.47,33.5,13.752
192.76,281.59,33.645,13.516
194.28,282.09,33.933,13.277
196.29,282.49,34.208,13.068
198.56,282.81,34.349,12.941
198.12,283.07,34.649,12.814
195,283.56,34.928,12.666
200.54,286.44,34.973,12.605
200.63,283.83,34.921,12.603
197.7,284.07,34.968,12.612
202.73,287.38,34.936,12.546
204.42,287.47,34.849,12.452
203.49,287.69,34.86,12.39
205.67,287.84,34.895,12.265
204.75,288.04,34.933,12.157
203.6,288.07,34.905,12.128
203.06,285.43,34.919,12.079
205.28,285.62,34.801,12.053
204.24,288.69,34.756,12.03
202.97,288.95,34.695,11.988
205.12,289.12,34.508,11.941
204.66,289.36,34.362,11.9
207.48,289.41,33.725,12.132
212.38,289.15,32.975,12.316
211.54,288.81,32.29,12.44
210.52,288.51,31.697,12.583
204.34,288.58,31.818,12.35
203.58,288.66,31.897,12.157
203.6,288.6,31.562,12.255
203.44,286.05,31.5,12.101
203.18,286.15,31.378,11.881
200.3,286.35,31.362,11.63
200.36,286.45,31.409,11.422
200.76,284.27,31.087,11.302
201.44,284.75,30.823,11.164
201.62,285.03,30.625,11.087
199.37,285.37,30.555,10.88
199.43,285.72,30.594,10.653
199.26,285.68,30.465,10.536
198.98,285.99,30.396,10.37
198.82,286.14,30.365,10.253
198.59,286.27,30.322,10.153
198.5,286.39,30.108,10.14
198.43,286.47,30.011,10.102
201.5,286.15,29.285,10.414
204.21,283.73,28.471,10.758
205.83,283.56,27.915,10.973
205.09,283.58,28.144,10.804
204.5,283.65,28.321,10.657
204.05,283.48,28.407,10.57
203.43,283.19,27.84,10.846
202.57,282.97,27.318,10.95
201.6,280.94,27.395,10.8
200.9,280.79,27.365,10.668
200.43,278.61,27.035,10.779
202.01,278.56,26.781,10.929
186.21,278.91,26.845,10.621
186.39,278.83,27.478,10.182
190.92,276.67,28.705,10
191.24,274.44,28.797,10
191.2,274.67,28.606,10.06
189.38,274.88,28.112,10.305
188.75,275.03,28.007,10.294
186.12,275.26,28.026,10.245
188.23,275.54,27.903,10.23
187.73,275.72,27.777,10.212
185.15,278.46,27.604,10.141
185.43,278.63,26.907,10.616
185.5,278.74,26.48,10.878
185.34,278.6,26.128,11.107
185.15,278.54,25.85,11.2
184.98,278.38,25.521,11.339
184.91,276.3,25.198,11.372
182.48,278.4,25.001,11.416
182.31,276.25,24.727,11.371
182.09,276.44,24.501,11.369
182.11,276.57,24.376,11.386
182.3,276.52,24.092,11.467
182.34,274.59,23.975,11.433
181.69,274.82,23.875,11.348
182.09,275.25,23.834,11.218
182.14,275.51,23.811,11.162
181.94,277.67,23.847,11.129
182.33,277.92,23.791,11.101
183.15,278.21,23.644,11.053
183.26,278.22,23.46,11.016
183.08,278.33,23.47,11.014
182.59,278.24,23.565,10.932
182.17,278.09,23.407,10.877
182.67,276.19,23.364,10.81
182.34,276.33,23.255,10.893
180.7,276.52,23.173,10.922
180.83,276.89,23.277,10.863
182.43,277.18,23.211,10.877
182.94,277.39,23.096,10.946
183.38,277.74,23.027,10.979
183.45,277.99,22.983,10.941
184.29,279.99,22.833,10.91
182.95,280.2,22.695,10.866
183.85,280.34,22.672,10.788
184.86,280.25,22.588,10.672
185.93,278.58,22.431,10.61
187.12,278.85,22.487,10.536
189.79,278.65,22.308,10.509
190.86,276.75,22.211,10.48
191.22,276.58,22.048,10.496
191.03,276.5,21.886,10.451
191.29,274.61,21.715,10.487
190.53,274.37,21.481,10.466
190.86,272.51,21.437,10.43
189.16,272.43,21.406,10.36
189.37,272.29,21.482,10.219
191.36,272.14,21.487,10.114
192.88,270.3,21.344,10.048
193.01,270.34,21.303,10
194.04,270.16,21.552,10
193.69,268.41,21.943,10
189.27,270.34,22.833,10
188.6,270.32,23.584,10
187.71,270.03,24.114,10
189.27,268.37,25.327,10
186.71,270.44,25.76,10
189.18,270.49,25.927,10
192.01,270.44,25.478,10.284
192.93,270.55,25.112,10.481
191.54,270.74,24.743,10.656
191.12,270.92,25.007,10.296
191.06,271.14,25.26,10.025
190.96,271.19,25.401,10
190.67,271.2,25.544,10
191.52,271.17,25.263,10.08
192.23,271.17,24.845,10.192
193.31,271.17,24.617,10.264
193.91,271.13,24.416,10.31
194.05,271.06,24.234,10.318
193.71,269.47,24.575,10
193.87,269.87,24.863,10
191.94,270.13,25.035,10
191.68,270.27,25.244,10
192.54,270.32,24.792,10.184
193.49,270.59,24.888,10.059
191.52,270.61,24.519,10.16
192.35,270.75,24.552,10.003
191.28,271.03,24.624,10
190.61,271.01,24.685,10
190.02,270.81,24.729,10
189.51,270.82,24.889,10
189.96,270.95,24.607,10.1
190.01,270.82,24.243,10.267
188.56,272.71,24.021,10.327
191.03,270.6,23.814,10.358
191.76,268.49,23.566,10.347
191.44,268.62,23.964,10.033
192.34,268.55,23.584,10.084
193.15,268.37,23.153,10.186
193.27,266.41,23.471,10
191.88,266.42,23.243,10.016
192.64,266.29,22.934,10.073
193.13,265.89,22.694,10
193.8,265.51,22.556,10
197.04,263.62,22.364,10
199.36,263.68,22.253,10.048
199.08,263.85,22.08,10.133
197.63,265.98,21.954,10.022
198.49,266.03,21.838,10
201.15,265.84,21.633,10
204.04,265.85,21.263,10
206.33,265.64,21.084,10
206.92,265.44,20.893,10
208.21,265.49,21.485,10
208.78,265.48,21.345,10
210.89,265.28,21.146,10
211.05,265.11,21.018,10
209.06,265.06,21.151,10
208.53,264.89,21.704,10
208.71,264.78,21.682,10
208.64,262.87,21.561,10
208.69,263.12,21.379,10.02
198.59,263.08,21.712,10
200.69,262.81,23.007,10
205.5,260.84,23.693,10
205.26,262.97,23.838,10
206.64,262.82,24.248,10
203.61,262.72,24.362,10
201.05,262.71,24.393,10
199.85,262.8,24.56,10
197.52,262.9,24.345,10.07
194.67,263.16,24.661,10
193.97,263.24,24.917,10
196.3,263.3,24.514,10.255
196.29,263.41,24.076,10.45
195.42,265.43,23.794,10.587
193.01,265.4,23.477,10.683
191.2,265.67,23.301,10.684
189.67,267.77,23.162,10.691
190.12,267.78,23.044,10.663
190.34,267.88,22.87,10.669
190.79,268.14,22.758,10.663
189.53,268.36,22.63,10.614
190.15,268.51,22.507,10.588
192.3,268.51,22.343,10.622
190.68,268.31,22.226,10.586
190.4,268.09,22.149,10.596
190.52,267.83,22.083,10.589
191.55,265.95,21.776,10.596
190.53,266.01,21.563,10.589
189.87,266.08,21.406,10.571
185.87,268.03,21.49,10.423
184.32,268.04,21.326,10.397
182.62,268.2,21.157,10.347
183.21,266.55,21.013,10.299
183.77,266.78,20.878,10.29
184.51,267.33,20.743,10.255
184.87,269.52,20.742,10.186
185.32,269.73,20.655,10.117
184.13,270.38,20.611,10.071
185.81,272.62,20.755,10
184.09,273,20.823,10
183.99,275.08,20.831,10
183.78,275.45,20.94,10
183.97,275.52,20.879,10
183.56,275.61,21.354,10
183.69,275.66,21.381,10
183,275.85,21.21,10
182.41,276.06,21.051,10
181.81,277.84,21.047,10
178.79,277.78,21.67,10
176.62,277.85,21.773,10
176.07,276.01,22.289,10
176.41,275.96,22.093,10
176.84,275.96,21.871,10
176.5,273.98,21.783,10
176.57,273.66,21.691,10
174.96,273.45,21.591,10
174.98,273.41,21.634,10
174.5,271.41,21.473,10.002
172.98,271.34,21.445,10
173.73,271.26,21.286,10
173.91,270.92,21.199,10
172.57,270.81,21.925,10
172.59,268.89,22.69,10
168.66,269.07,24.082,10
166.87,269.04,25.3,10
165.48,269.08,26.318,10
161.47,269.45,26.391,10
165.59,271.68,26.424,10
174.85,269.96,26.466,10
176.84,272.3,26.531,10
178.86,272.44,26.576,10
182.74,272.45,26.558,10
186.63,274.61,26.605,10
190.44,274.56,26.73,10
197.85,274.81,26.196,10.244
202.95,275.14,26.181,10.128
207.72,277.56,26.231,10.026
214.34,279.83,26.32,10
218.56,281.97,26.318,10
223.6,283.96,25.92,10.165
228.75,284.16,25.508,10.263
236.01,286.33,25.286,10.342
238.13,288.68,25.559,10.022
243.19,290.68,25.166,10.083
245.8,292.78,24.848,10.159
253.05,292.71,24.47,10.226
256.16,294.9,24.235,10.225
258.85,296.77,24.083,10.142
261.7,298.88,23.957,10.101
265.61,298.97,24.244,10
268.97,300.8,23.878,10.092
269.87,300.87,23.671,10.145
270.71,302.93,23.539,10.133
271.17,302.97,23.199,10.131
270.27,305.02,23.572,10
270.7,305.15,23.228,10.054
270.21,305.3,23.649,10
268.28,307.66,23.623,10.069
266.1,309.76,23.56,10.071
266.1,309.68,23.478,10.134
262.75,311.45,24.043,10
261.7,311.39,24.466,10
261.02,311.01,24.83,10
259.79,310.76,25.182,10
258.86,310.82,25.497,10
257.8,310.91,25.628,10
255.05,310.97,26.022,10
253.89,310.95,26.217,10
252.83,310.68,26.439,10
250.13,310.45,26.781,10
249.37,310.54,26.932,10
247.75,310.55,27.261,10
244.57,310.33,27.45,10
243.75,310.55,27.562,10
240.83,310.33,27.859,10
240.23,310.31,27.958,10
239.26,310.2,28.061,10
236.24,310.09,28.303,10
235.36,310.2,28.261,10
233.94,310.25,28.424,10.019
230.44,310.16,28.778,10.068
229.36,309.67,28.927,10.166
230.12,309.61,28.95,10.161
222.4,307.46,29.187,10
222.64,307.05,30.623,10
219.3,309.62,30.887,10.123
217.85,309.74,31.061,10.22
216.69,310.09,31.136,10.196
215.71,309.81,31.411,10.143
214.75,309.97,31.667,10.097
211.18,310.2,31.843,10.047
210.14,310.51,31.941,10.053
209.14,310.49,32.309,10
208.5,310.59,32.129,10
207.86,310.57,32.05,10.032
203.95,310.67,32.042,10.006
202.73,310.63,32.345,10
202.19,310.72,32.612,10
201.41,310.84,32.771,10.026
200.39,310.7,33.003,10
200.03,310.5,33.089,10
201.75,310.33,33.19,10
203.13,310.31,32.981,10.069
204.73,310.29,32.727,10.209
204.31,310.39,32.611,10.274
203.76,310.15,32.646,10.174
205.86,310.09,32.577,10.283
205.46,309.9,32.505,10.451
204.81,310.02,32.217,10.506
204.05,310.04,32.005,10.541
203.62,309.95,31.932,10.693
202.79,310.02,31.756,10.718
201.91,310.05,31.736,10.73
201.4,310.15,31.659,10.725
200.77,310.17,31.478,10.699
200.36,310.14,31.368,10.678
200.07,310.18,31.275,10.613
199.83,310.22,31.266,10.563
199.35,310.06,31.325,10.415
199.87,310.33,31.301,10.39
197.26,310.3,31.328,10.277
196.38,310.51,31.073,10.343
195.58,310.2,30.965,10.325
194.93,310.13,30.886,10.381
193.96,309.72,30.744,10.481
193.31,309.88,30.519,10.544
192.82,309.55,30.415,10.54
191.68,309.52,30.153,10.652
190.45,309.43,30.173,10.794
189.27,309.33,30.125,10.916
188.19,309.28,30.062,10.987
181.94,308.82,29.025,11.69
182.85,308.51,28.394,12.135
181.75,307.97,27.84,12.621
182.95,307.49,27.373,13.021
183.58,306.89,26.998,13.322
182.22,306.67,26.645,13.684
183.04,306.42,26.52,13.974
183.46,306.26,26.328,14.176
183.98,306.05,26.251,14.345
184.46,305.94,26.299,14.566
182.71,305.73,26.163,14.811
182.98,305.52,26.227,14.902
180.77,305.47,26.196,15.015
181.38,307.32,26.353,14.942
181.6,306.99,26.594,14.865
191.06,295.01,28.524,13.497
192.28,295.09,30.16,12.454
186.37,295.25,30.481,11.987
185.58,295.82,30.736,11.628
191.81,295.83,29.897,11.859
192.65,295.65,29.141,11.937
193.27,295.48,28.404,11.998
194.26,295.17,27.692,12.033
192.85,292.93,27.248,12.123
194.02,293.43,26.685,12.162
194.96,293.09,26.072,12.167
193.54,293.26,25.81,12.063
194.03,293.22,25.514,12.065
194.01,291.19,25.401,12.018
193.26,291.3,25.356,11.951
193.55,291.26,25.248,11.835
193.55,291.2,25.06,11.845
194.71,291.05,24.868,11.82
192.44,291.15,24.826,11.726
192.6,291.08,24.775,11.618
192.91,291.2,24.737,11.532
192.79,291.24,24.708,11.487
192.82,291.2,24.628,11.454
192.87,291.18,24.563,11.418
192.92,291.16,24.497,11.382
193.3,291.1,24.428,11.343
193.54,290.99,24.309,11.405
193.79,291,24.253,11.398
194.19,291.15,24.161,11.303
194.26,291.24,24.092,11.225
194.37,291.31,24.011,11.156
193.92,289.51,24.223,10.927
194.92,289.67,23.722,10.897
195.98,289.9,23.367,10.923
196.17,290.07,23.073,10.914
196.13,290.08,22.755,10.952
195.12,290.12,22.504,10.921
196.89,290.27,22.349,10.879
196.77,290.07,22.297,10.774
197.58,290.18,22.163,10.694
197.57,289.93,22.077,10.638
197.21,289.96,22.06,10.537
196.89,289.9,22.198,10.395
197.43,289.8,22.194,10.315
198.05,290.09,22.078,10.222
198.01,289.92,22.061,10.168
198.63,289.52,21.905,10.122
199.1,289.14,21.826,10.052
199.7,289.02,21.752,10
199.68,288.88,21.716,10
198.49,288.67,22.191,10
198.98,288.37,22.196,10
199.63,288.44,22.129,10
199.72,288.46,22.11,10
199.85,288.48,22.07,10
199.53,288.33,22.051,10
199.43,288.12,22.06,10
199.92,287.97,22.001,10
199.9,287.79,22,10
199.78,287.63,22.023,10
196.29,285.8,22.651,10
193.88,286.1,23.684,10
197.48,283.97,23.464,10.116
199.56,286.19,23.751,10
197.76,288.25,23.312,10.123
197.9,288.3,22.956,10.205
198.61,288.46,22.758,10.261
198.49,288.26,22.479,10.305
198.79,288.36,22.274,10.326
199.23,288.42,22.085,10.335
198.83,288.59,22.023,10.281
198.62,288.78,22.007,10.241
197.63,289.04,21.864,10.204
197.6,288.94,21.77,10.166
198.28,287.16,21.643,10.119
198.07,287.24,21.455,10.193
196.17,287.29,21.391,10.146
196.11,287.28,21.37,10.078
195.28,287.38,21.281,10.032
194.39,287.42,21.089,10.035
193.53,287.56,21.049,10
192.49,287.69,21.149,10
190.6,289.69,21.105,10
190.14,289.84,21.226,10
189.85,289.97,21.26,10
187.94,291.84,21.149,10
186,292.03,21.125,10
185.3,293.92,21.243,10
185.26,294.03,21.292,10
185.73,294.07,21.286,10.002
185.68,296.06,21.247,10
185.29,298.01,21.272,10
183.57,298.52,21.228,10
182.93,300.52,21.782,10
183.29,300.94,21.596,10
183.39,302.92,21.52,10
183.37,302.99,21.416,10
183.41,303.09,21.256,10
184.06,301.46,21.232,10
184.83,301.44,21.223,10
185.21,301.28,21.39,10
186.21,299.57,21.305,10
187.22,297.94,21.161,10
187.84,298.11,21.129,10
188.07,297.99,21.246,10
186.44,297.98,21.206,10
184.55,297.91,21.314,10
184.64,297.91,21.274,10
184.83,297.83,21.251,10
183.94,297.73,21.846,10
184.3,297.48,21.943,10
184.75,297.41,22.191,10
185.26,295.62,22.139,10
185.73,295.35,22.149,10
186.21,295.37,22.139,10
186.63,295.19,21.929,10.063
184.79,295.01,21.972,10
185.79,294.81,21.972,10
186.68,292.95,21.864,10.023
187.31,292.97,21.829,10
188.53,291.16,21.822,10.026
189.92,290.99,21.674,10
189.08,290.35,22.243,10
187.61,288.62,23.013,10
191.04,288.23,23.848,10
182.29,288.31,24.891,10
181.67,288.48,24.985,10
186.11,288.65,25.33,10
191.28,288.63,24.945,10.098
194.84,286.87,24.991,10
196.55,288.97,24.891,10
198.14,289.35,24.888,10
200.16,289.34,24.896,10
203.12,289.41,24.258,10.15
205.43,289.35,23.523,10.344
206.41,289.56,23.048,10.364
207.31,289.9,22.661,10.353
208.06,290.12,22.151,10.288
209.07,290.35,21.962,10.224
209.51,290.84,21.981,10.086
209.93,291.19,21.826,10.066
210.69,292.96,21.558,10.05
213.14,293.15,21.368,10.025
214.08,293.15,21.18,10
214.74,293.13,21.047,10
215.16,293.14,20.93,10.046
215.42,293.29,21.009,10.038
215.57,295.18,21.083,10
215.71,295.08,21.156,10
215.55,294.9,21.174,10
215.62,295.06,21.148,10
216.11,294.91,21.198,10
216.15,295.1,21.151,10
218.07,293.25,21.133,10.013
218.22,293.29,21.161,10.049
216.79,293.46,21.116,10.07
216.52,293.61,21.112,10.109
216.13,293.67,21.042,10.134
215.83,293.61,20.98,10.191
215.33,293.53,20.964,10.156
215.24,293.48,20.861,10.156
213.51,293.4,20.724,10.201
213.54,291.38,20.626,10.236
214.82,291.35,20.531,10.311
214.23,291.32,20.669,10.275
213.68,291.41,20.714,10.225
213.32,291.47,20.728,10.206
212.97,291.54,20.738,10.191
211.08,291.66,20.675,10.194
209.29,291.9,20.792,10.116
209.2,292.21,21.026,10.031
208.74,292.47,21.161,10
208.93,292.57,21.046,10.024
210.83,290.6,20.982,10.025
209.2,290.67,20.912,10.004
207.7,290.83,20.911,10
208.42,291,20.892,10.002
208.59,290.98,20.898,10.002
208.79,291.08,20.862,10.012
207.22,291.13,20.754,10.029
206.65,289.36,20.659,10.004
206.12,289.52,20.645,10
206.14,291.34,20.585,10.013
206.13,291.2,20.422,10
208.02,289.17,20.699,10.039
210.13,287.46,21.427,10.009
219.04,284.01,22.013,10
226.71,281.96,22.913,10
235.01,280.13,24.153,10
243.24,277.77,25.146,10
249.89,273.52,26.003,10
254.74,271.04,26.945,10
258.37,266.56,27.902,10
245.3,266.89,25.608,11.748
253.84,267.62,24.74,12.432
265.39,263.37,24.249,12.578
263.84,259.35,24.393,12.265
269.93,259.61,25.741,11.433
271.17,257.87,27.298,10.663
274.77,256.15,28.979,10.029
271.47,255.91,29.872,10
270.86,255.71,30.855,10
273.92,253.68,31.574,10
275.89,253.45,32.406,10
276.56,252.97,33.112,10
276.71,252.64,33.749,10
277.02,250.36,34.399,10
275.86,250.71,35.074,10
277.21,250.76,35.657,10
278.48,250.9,36.027,10
280.07,250.94,36.195,10
280.72,250.84,36.393,10
279.64,250.73,36.461,10
278.19,250.66,36.553,10
278.77,250.88,36.608,10
266.5,249.55,33.284,12.193
276.59,251.9,30.59,14.126
290.05,254.74,28.378,15.723
299.32,260.1,26.428,17.647
296.58,254.96,26.371,17.518
297.05,255.95,26.277,17.618
297.34,256.9,26.134,17.804
297.52,258.1,26.129,17.814
297.5,258.77,26.122,17.825
298.17,258.96,26.1,17.854
298.81,259.71,25.975,18.02
299.27,259.93,25.789,18.262
299.21,259.22,25.567,18.552
299.19,258.98,25.307,18.892
298.72,259.16,25.147,19.099
298.24,259.32,25.075,19.198
297.2,259.62,24.985,19.323
296.26,259.98,24.848,19.507
294.93,260.11,24.803,19.573
292.04,260.87,24.437,20.101
291.75,261.11,24.216,20.433
291.3,261.09,24.13,20.565
290.41,261.19,24.04,20.694
289.31,261.14,24.002,20.748
288.66,260.82,23.959,20.809
288.63,258.72,23.713,21.165
288.66,259.41,23.627,21.286
289.03,257.73,23.407,21.607
289.32,256.38,23.032,22.164
289.08,257.25,22.873,22.39
288.45,257.74,22.734,22.576
288.22,258.66,22.731,22.579
287.27,258.36,22.755,22.557
290.24,256.86,22.313,23.145
290.2,258.13,22.299,23.165
290.54,259.16,22.254,23.218
290.48,260.23,22.238,23.239
272.38,251.54,22.469,22.469
262.57,251.93,22.493,21.829
249.45,253.13,23.308,20.283
237.86,253.17,22.914,20.035
228.26,252.37,23.001,19.987
218.54,249.86,23.291,20.218
205.4,250.09,24.39,19.059
195.91,243.93,24.442,19.365
181.38,240.05,24.315,19.63
171.13,237.58,25.433,18.664
159.36,228.41,24.783,19.602
147.95,221.48,24.213,20.35
141.46,212.66,24.225,20.692
133.98,206,24.414,20.926
125.94,203.68,25.91,19.801
116.22,194.2,25.219,20.368
109.93,187.88,24.911,20.901
102.67,177.84,24.836,21.212
95.805,171.4,24.96,21.517
89.558,162.57,24.747,21.889
84.652,156.54,24.986,21.899
82.92,156.34,25.242,21.919
78.794,151.92,25.241,21.855
77.007,144.7,25.577,22.088
75.722,140.76,25.185,22.617
71.04,133.92,25.196,22.606
67.425,129.11,25.157,22.614
65.421,125.33,25.454,22.871
63.566,121.06,25.791,23.006
61.532,119.96,26.335,23.078
59.673,118.83,26.651,23.286
58.82,117.97,26.916,23.418
58.005,118.46,27.085,23.355
57.888,119.74,27.167,23.445
58.412,121.58,27.195,23.595
58.755,123.65,27.272,23.672
59.854,126.06,26.927,23.682
63.31,131.6,26.665,23.809
67.249,137.23,26.242,24.415
70.396,143.03,26.004,25.051
74.058,148.59,25.721,25.491
77.058,154.84,25.592,25.106
83.41,162.9,25.634,24.666
87.538,170.61,25.688,24.323
94.126,178.73,25.591,24.218
100.42,186.21,25.627,23.7
109.43,194.11,25.798,23.195
117.96,202.39,25.857,22.661
123.51,209.81,26.139,21.444
120.77,221.29,25.597,21.466
108.92,226.31,24.454,21.471
111.62,229.36,25.353,20.157
115,235.83,25.449,19.782
114.84,237.82,25.433,19.8
114.14,238.08,25.436,19.796
112.73,238.35,25.447,19.786
110.79,238.57,25.453,19.781
108.91,238.68,25.457,19.777
106.85,239,25.468,19.767
100.5,230.72,26.038,19.435
99.846,230.98,26.277,19.305
99.369,231.13,26.565,19.135
98.757,231.26,26.821,18.987
98.181,231.54,27.108,18.845
97.528,231.66,27.211,18.798
96.929,231.65,27.287,18.754
96.385,231.6,27.399,18.702
95.643,231.68,27.469,18.672
95.282,229.51,27.6,18.629
94.795,230.26,27.796,18.568
94.283,230.6,27.911,18.52
94.106,231.01,28.014,18.483
93.427,231.48,28.167,18.431
92.895,231.74,28.294,18.37
92.45,231.95,28.468,18.302
91.75,232.12,28.546,18.275
91.132,232.41,28.623,18.249
90.564,232.6,28.726,18.218
90.069,232.77,28.819,18.186
89.443,232.93,28.911,18.147
91.632,230.45,29,18.112
90.598,231.13,29.045,18.086
89.883,231.39,29.102,18.059
89.414,231.71,29.175,18.032
88.945,232.02,29.248,18.006
88.492,232.19,29.339,17.97
88.052,232.34,29.425,17.938
89.956,232.45,29.486,17.903
88.906,232.54,29.566,17.867
87.805,232.77,29.692,17.821
86.909,232.76,29.831,17.768
86.677,232.74,29.945,17.731
88.469,232.79,30.064,17.683
87.816,232.92,30.135,17.662
89.721,233.01,30.19,17.637
88.607,233.16,30.273,17.609
87.661,233.3,30.376,17.584
86.807,233.47,30.468,17.562
88.705,233.27,30.541,17.532
88.021,233.11,30.621,17.515
87.306,233.27,30.734,17.502
86.924,233.06,30.832,17.481
88.913,233.26,30.954,17.463
88.289,233.48,31.13,17.445
87.305,233.45,31.332,17.417
86.793,233.36,31.48,17.401
88.877,233.55,31.624,17.378
88.085,233.63,31.785,17.362
90.48,233.41,31.879,17.346
89.827,233.27,31.918,17.337
92.058,230.88,32.008,17.343
91.156,231.36,32.158,17.341
90.525,231.52,32.229,17.339
89.791,231.63,32.294,17.334
91.187,231.91,32.357,17.329
90.514,231.71,32.424,17.309
90.208,231.83,32.5,17.288
92.63,231.73,32.574,17.256
92.174,231.87,32.589,17.255
91.686,232.58,32.596,17.267
92.263,232.45,32.215,17.303
99.707,223.99,30.069,18.388
91.507,218.11,29.756,18.242
78.461,210.7,28.043,19.212
69.121,204.04,26.618,20.194
59.27,194.11,25.677,20.468
49.354,184.73,25.084,20.643
40.059,175.37,24.463,21.072
32.609,166.27,23.719,21.319
23.263,157.04,23.123,21.644
16.556,148.23,22.822,21.917
12.568,136.98,22.417,21.974
8.4085,128.38,22.73,21.217
5.3066,119.63,22.241,21.267
1.9591,109.72,21.802,21.276
1.6166,99.651,21.148,21.328
-0.13433,92.111,20.176,21.515
-1.168,82.712,17.984,23.395
-0.071132,73.921,17.228,23.579
-1.4089,66.897,15.748,24.611
1.6996,58.845,15.518,24.76
-0.026754,54.778,14.562,25.637
1.1098,49.627,14.45,25.415
1.8757,46.439,14.434,25.163
0.3557,43.908,13.585,25.583
1.3671,44.234,13.628,25.388
1.9135,44.4,13.777,24.978
0.1618,44.383,13.031,25.624
0.4819,45.93,12.579,25.884
1.1856,49.115,12.24,26.079
1.3359,52.519,12.151,25.992
1.786,56.354,12.079,25.965
3.9229,65.907,13.305,24.741
7.2489,78.197,14.688,23.257
8.4999,90.413,15.735,22.204
12.139,104.71,16.448,20.924
-1.4741,124.12,14.845,23.242
-0.83444,124.63,13.495,25.198
-0.8715,125.04,12.627,26.7
-0.44083,125.02,11.924,27.845
-0.11627,125.33,11.408,28.675
-0.13572,123.04,11.074,29.608
0.3828,124.6,10.837,29.906
0.98704,125.44,10.675,30.16
1.3909,127.33,10.729,29.346
1.2875,117.28,10.663,29.532
0.91275,115.92,10.63,29.824
0.95801,117.53,10.491,30.513
0.55309,113.9,10.357,30.753
0.73032,112.51,10.084,31.148
0.83064,117.99,10.003,31.487
0.89465,120.72,10,31.779
0.96941,122.7,10.01,32.029
1.129,129.32,10.082,32.963
1.3203,130.13,10.194,33.763
1.7118,130.69,10.306,34.263
1.7536,130.65,10.508,34.568
1.7887,130.45,10.819,34.786
1.5679,130.55,11.324,35.149
1.4531,128.24,11.84,35.67
1.6214,126.73,12.281,36.13
1.7852,127.39,12.621,36.623
1.2708,127.53,13.275,36.69
1.6846,127.78,13.464,36.782
1.2954,126.38,13.932,37.206
1.1604,127.49,14.292,37.619
1.0948,127.56,14.509,37.873
1.5555,125.55,14.518,38.317
1.1429,126.04,14.835,38.466
1.0779,126.38,14.991,38.706
0.79172,126.36,15.258,38.996
0.86749,126.55,15.322,39.549
0.59851,126.54,15.538,39.807
0.74824,125.99,15.493,40.18
1.2635,126.05,15.421,40.308
1.1588,126.3,15.639,40.44
1.5443,125.84,15.609,40.716
1.3107,126.09,16.051,40.776
1.5613,126.5,16.186,40.978
1.5018,126.66,16.521,41.157
2.0545,127.42,17.016,40.843
1.6317,127.48,17.102,41.249
1.2596,127.59,17.166,41.635
0.72552,128.05,17.151,42.162
0.46049,128.09,17.03,42.723
0.74339,129.4,16.787,43.109
0.98082,130.13,16.62,43.561
0.74642,131.56,16.644,43.764
0.57567,132.21,16.751,43.908
1.0043,132.59,16.494,43.949
0.81762,133,16.548,43.875
0.67455,133.4,16.616,43.763
1.3678,132.78,16.513,43.824
1.2611,133.05,16.625,43.661
0.97254,130.59,16.694,43.592
0.67912,130.62,16.726,43.424
0.45554,130.41,16.613,43.429
0.88206,129.89,16.277,43.467
1.1381,129.4,16.082,43.363
0.72046,127.02,16.345,43.242
1.0113,127.37,16.312,43.234
0.87328,127.58,16.622,43.082
1.3122,126.51,16.61,43.227
0.8995,125.96,16.942,43.056
0.99384,125.77,16.987,43.112
0.99995,125.37,17.122,43.173
1.1837,125.05,17.29,43.374
2.1717,124.53,18.288,42.919
1.6195,120.91,18.365,43.505
1.8222,120.62,18.313,44.042
4.8924,125.17,20.762,41.582
5.0387,125.29,22.887,40.119
5.1173,125.35,24.43,39.09
-2.2805,114.93,22.218,42.19
-1.8573,110.42,20.391,45.337
-1.4668,109.84,19.065,47.774
-1.041,106.06,17.972,50.031
-0.6256,106.83,17.291,51.552
-0.50083,106.87,16.95,52.946
0.041378,106.94,16.669,53.877
0.52285,104.34,16.434,54.651
0.084325,105.81,16.563,55.13
0.74459,107.09,16.461,56.028
0.93195,107.37,16.436,56.645
0.71785,104.99,16.611,56.956
-0.018618,106.31,17.006,57.135
0.72994,106.88,17.065,57.378
0.53463,103.3,17.495,56.72
0.85478,98.477,17.675,55.836
1.4064,100.36,17.742,55.643
2.1203,113.02,17.976,55.003
22.07,111.88,22.064,50.186
19.394,104.61,24.289,46.738
16.984,97.514,26.193,43.193
10.704,89.613,27.851,40.018
9.3825,85.187,28.843,37.541
5.2169,81.061,29.186,36.063
6.6687,73.817,29.992,33.969
3.3385,66.38,30.237,33.431
3.4121,59.483,30.169,32.25
4.6864,58.081,30.092,30.8
4.0755,53.851,29.997,29.688
3.68,52.396,30.011,28.688
4.4205,51.132,29.706,28.123
4.7031,49.916,29.481,27.656
6.1472,49.301,29.178,27.417
7.8303,49.304,28.655,27.27
8.094,50.526,28.364,27.111
9.03,51.708,28.139,27.04
10.204,55.588,27.874,26.828
11.202,57.627,27.785,26.58
13.266,62.344,27.54,26.749
14.342,67.631,27.712,26.725
18.372,73.963,27.846,26.735
20.673,81.63,28.048,26.809
26.327,89.691,27.901,26.554
31.477,98.148,27.446,26.391
36.217,106.56,27.119,26.187
41.333,115.22,26.644,25.716
48.298,124.91,26.119,25.598
54.498,139.03,25.793,25.259
57.822,146.73,27.109,23.409
71.352,157.79,26.3,23.249
80.79,168.66,25.778,23.081
91.779,178.56,25.04,23.441
101.02,186.97,25.01,22.976
110.05,195.13,25.111,22.459
123.62,204.47,24.198,22.389
133.64,210.92,24.091,21.906
142.28,215.03,24.322,21.122
155.09,221.18,25.459,19.893
166.01,224.57,26.089,19.142
176.93,227.59,25.997,18.476
177,230.72,25.987,18.485
177.54,232.91,25.985,18.488
177.9,233.64,25.982,18.492
178.36,235.1,25.979,18.496
178.61,236.43,25.956,18.524
169.25,220.5,25.958,17.762
169.92,220.74,25.956,17.765
170.47,218.17,25.926,17.824
170.9,218.42,25.965,17.814
169.35,216.54,26.121,17.818
167.76,217.18,26.182,17.816
168.16,217.49,26.211,17.816
165.97,217.87,26.247,17.809
164.26,218.07,26.307,17.799
164.77,218.18,26.328,17.794
164.47,218.27,26.338,17.792
163.96,218.51,26.348,17.789
163.31,218.9,26.356,17.786
162.64,219.42,26.364,17.783
161.99,219.63,26.375,17.78
160.92,220.15,26.39,17.771
159.9,220.59,26.411,17.76
158.79,221.14,26.427,17.753
157.55,221.59,26.455,17.737
156.48,222.14,26.485,17.73
155.58,222.43,26.533,17.713
152.85,222.92,26.642,17.702
152.59,223.47,26.656,17.702
152.17,223.93,26.671,17.7
151.87,224.07,26.679,17.698
151.87,222.3,26.724,17.692
151.47,223.19,26.751,17.692
151.33,223.83,26.764,17.692
150.87,224.03,26.772,17.69
150.87,224.35,26.779,17.689
150.78,224.61,26.786,17.686
150.69,224.82,26.792,17.684
150.41,224.62,26.797,17.683
150.21,224.59,26.802,17.683
150.82,224.74,26.806,17.681
151.2,224.63,26.809,17.68
151.28,224.75,26.813,17.68
151.23,224.69,26.815,17.679
151.57,224.67,26.816,17.678
152.03,224.56,26.817,17.677
152.19,224.66,26.82,17.677
152.25,224.68,26.822,17.676
152.39,224.62,26.823,17.675
152.69,224.71,26.826,17.673
153.26,225.33,26.821,17.681
153.57,225.85,26.816,17.689
154.04,226.04,26.81,17.696
154.73,226.69,26.807,17.702
155.34,227.73,26.799,17.716
155.73,228.93,26.773,17.749
155.79,230.13,26.75,17.779
170.26,222.05,25.75,18.436
165.77,228.17,26.883,17.407
172.21,223.17,27.192,17.02
184.68,214.67,25.771,17.897
179.02,210.94,24.402,18.625
169.53,204.52,23.638,19.144
163.14,198.39,23.413,19.333
156.33,190.7,23.327,19.496
146.53,182.67,23.173,19.728
136.46,174.82,23.054,20.048
129.58,168.56,23.27,20.007
121.72,159.23,23.888,20.001
114.88,150.17,24.414,20.266
110.38,144.09,24.691,20.531
106.21,138.47,26.021,19.514
100.5,130.18,27.035,18.54
96.065,126.72,28.042,17.859
92.683,120.53,28.253,17.531
90.472,116.04,27.495,18.599
88.654,111.34,26.782,19.649
88.572,107.23,26.35,20.257
87.267,104.11,27.189,19.438
87.753,103.32,27.597,18.904
89.106,102.54,28.003,18.249
90.694,102.78,28.543,17.75
93.325,103.95,28.725,17.288
96.185,105.01,28.671,17.045
100.65,106.64,28.744,16.853
103.32,110.98,28.61,16.582
105.94,114.76,28.374,16.383
108.57,118.62,28.209,16.198
113.25,123.19,28.279,16.113
114.05,126.59,26.864,17.371
118.17,133.79,27.274,16.858
121.53,140.57,27.693,16.383
127.31,146.76,27.436,16.484
132.19,153.63,27.391,16.764
135.28,160.75,27.125,16.749
139.52,167.92,27.016,16.632
144.08,177.12,27.427,16.696
151.34,183.89,27.393,16.516
160.78,190.39,26.035,17.653
169.92,196.9,25.5,18.347
181.79,203.5,24.383,19.137
191.29,210.11,23.897,19.216
199.18,219.36,24.832,18.036
210.38,222.47,24.238,18.203
221.93,227.48,23.794,18.498
233.76,230.45,23.098,18.795
242.15,233.12,22.886,18.747
253.84,235.01,22.651,18.814
264.7,234.78,22.465,18.693
272.99,234.24,22.258,18.47
283.32,234.2,23.163,17.406
296.55,231.8,23.425,16.662
304.28,226.49,22.597,16.863
291.51,234.59,22.962,16.505
290.67,244.88,23.175,16.157
296.24,242.71,23.259,15.977
294.09,242.99,23.489,15.879
294.31,242.97,23.542,15.866
295.06,242.77,23.548,15.864
295.93,242.41,23.552,15.863
295.93,242.2,23.554,15.862
295.95,241.19,23.552,15.866
295.6,240.85,23.554,15.866
295.55,240.65,23.556,15.865
295.59,240.03,23.553,15.87
295.55,239.68,23.55,15.876
295.16,239.61,23.552,15.875
294.86,239.51,23.553,15.875
274.08,224.89,22.44,16.916
283.44,230.12,21.765,17.668
296.8,232.79,21.19,18.355
311.86,232.41,20.847,19.23
324.87,229.85,20.557,19.36
336.01,230.29,20.247,19.394
351.38,230.13,20.173,19.205
360.27,227.59,19.728,20.182
370.38,222.19,19.443,19.649
381.43,214.9,18.834,19.254
392.22,209.75,18.37,18.84
387.99,215.13,18.499,18.94
396.02,208.81,18.488,19.018
407.52,221.22,18.689,18.369
417.21,214.78,19.576,17.132
421.51,208.31,21.152,15.807
414.83,206.26,21.691,15.432
414.17,206.58,21.918,15.285
413.59,206.77,22.264,15.068
410.18,207.02,22.883,14.696
407.59,207.25,23.227,14.499
407.72,209.73,23.707,14.206
405.3,212.11,24.3,13.819
405.19,211.94,24.645,13.58
404.89,211.96,25.083,13.308
404.66,211.97,25.514,13.042
404.32,211.94,25.845,12.829
404.07,211.85,25.99,12.743
403.32,211.74,26.316,12.563
403.13,211.65,26.658,12.372
402.94,211.69,26.9,12.258
402.43,211.74,27.13,12.155
402.13,214.06,27.289,12.07
401.91,214.11,27.522,11.96
401.88,216.48,27.785,11.783
403.29,216.46,28.082,11.622
402.46,216.54,28.327,11.503
402.09,216.58,28.464,11.445
404.27,216.66,28.658,11.37
403.87,216.75,28.808,11.315
403.79,219.25,29.008,11.214
403.21,219.3,29.236,11.089
402.43,219.31,29.31,11.05
399.29,219.42,29.522,10.946
398.83,219.48,29.633,10.891
398.8,221.9,29.816,10.768
398.64,221.93,29.954,10.68
398.4,222,30.137,10.571
398.56,222.03,30.199,10.538
401.15,221.63,30.562,10.15
397.38,224.19,30.038,10
392.54,228.7,28.856,10.68
384.28,233.5,28.255,11.259
375.1,245.64,27.996,10.886
366.71,250.43,27.914,10.624
355.99,255.61,27.975,10.272
349.3,259.66,27.066,10.68
354.55,256.89,25.48,12.269
345.08,261.12,24.295,13.48
332.09,261.7,24.153,13.441
319.56,261.73,24.008,13.051
340.47,242.58,22.247,14.642
332.7,244.45,21.113,15.654
320.49,243.84,20.141,16.816
319.85,243.79,20.147,16.803
322.79,243.9,20.208,16.765
325.15,244.1,20.311,16.706
325.45,242.03,20.286,16.755
326.1,242.5,20.279,16.771
326.85,243.04,20.272,16.788
326.46,243.16,20.264,16.8
325.9,243.18,20.253,16.815
325.37,243.19,20.248,16.823
324.2,243.28,20.241,16.834
323.6,243.64,20.209,16.886
323.7,243.95,20.058,17.115
323.65,244.03,19.992,17.217
318.91,244.35,19.919,17.418
319.25,242.29,19.734,18.031
319.47,240.63,19.617,18.383
319.85,241.57,19.572,18.645
319.81,242,19.558,18.942
320.32,242.31,19.502,19.357
320.69,242.9,19.502,19.456
323.25,243.51,19.496,19.659
323.45,244.31,19.508,19.714
326.01,243.06,19.49,19.933
325.64,243.8,19.494,20.041
325.51,244.3,19.494,20.15
325.64,242.8,19.477,20.305
325.72,243.57,19.474,20.494
325.88,243.94,19.476,20.529
326.04,243.85,19.481,20.539
325.89,243.79,19.494,20.556
326.12,241.76,19.517,20.594
326.08,242.25,19.522,20.604
305.43,234.75,19.56,20.098
306.99,235.09,20.652,18.43
314.67,233.03,21.397,17.242
314.7,236.88,20.973,17.442
325.24,237.73,19.739,18.891
333.5,235.47,17.961,21.231
336.42,233.76,17.356,22.194
336.47,234.76,17.25,22.38
336.48,235.19,17.149,22.565
334.27,233.28,16.922,22.953
334.44,232.3,16.725,23.304
334.63,233.58,16.505,23.713
334.84,232.28,16.288,24.117
334.96,233.63,16.143,24.384
334.81,235.01,16.094,24.467
334.71,236.27,16.055,24.542
332.39,237.25,15.958,24.725
332.73,237.98,15.933,24.771
332.58,238.85,15.914,24.809
310.5,237.59,16.78,23.348
320.83,241.09,17.248,22.842
320,241.44,17.258,22.836
320.94,242.74,17.536,22.615
321.45,245.62,17.636,22.615
321.3,245.99,17.697,22.604
321.15,246.59,17.709,22.599
320.09,246.85,17.716,22.595
319.58,246.7,17.721,22.593
318.04,247.42,17.745,22.573
298.51,240.82,20.594,19.886
298.27,239.72,23.627,17.424
295.87,240.52,25.939,15.627
292.94,241.19,28.43,13.977
291.42,239.44,30.033,12.982
289.87,239.79,31.614,11.946
288.6,239.76,32.682,11.355
287.18,239.94,33.811,10.771
285.74,239.96,34.738,10.259
284.5,240.13,35.683,10
283.07,240.02,36.448,10
281.79,240.13,37.482,10
280.1,240.18,38.48,10
280.86,240.31,39.154,10
278.6,240.33,40.02,10
279.43,240.41,40.596,10
280.02,240.79,40.817,10
277.64,240.67,41.334,10
278.49,240.84,41.512,10
279.46,240.98,41.689,10
278.07,240.86,42.087,10
280.39,240.98,42.227,10
279.18,241.08,42.446,10
278,240.82,42.523,10
277.42,241.36,42.699,10.001
272.87,243.84,42.558,10.066
266.14,243.78,42.438,10.088
265.67,244.05,42.411,10.104
258.97,247.3,41.133,10.885
269.48,242.4,38.633,12.382
264.5,240.92,36.033,13.493
256.46,240.06,33.785,14.425
245.85,238.66,31.18,15.828
234.96,234.41,28.855,16.986
226.56,230.55,27.078,18.063
216.87,226.65,25.735,18.849
205.31,222.4,24.285,19.439
196.36,215.61,23.947,19.52
187.46,212.27,23.404,19.929
175.36,203.18,22.795,19.89
163.64,193.99,22.278,20.142
156.74,188.85,22.071,20.016
147.2,181.91,22.103,19.767
137.5,173.57,22.18,19.909
130.89,164.63,22.236,20.102
122.57,159.22,23.438,18.89
118.94,152.46,23.399,19.083
111.8,145.65,23.319,19.704
106.69,137.05,23.719,19.633
100.98,133.38,25.017,18.787
96.479,129.12,25.958,18.28
94.306,125.13,26.437,17.873
91.834,119.34,26.558,17.821
89.611,116.37,26.719,17.57
87.2,113.04,26.85,17.618
85.252,112.04,27.072,17.699
83.821,109.01,27.159,17.891
82.483,109.25,27.453,17.812
81.864,109.06,27.772,17.858
81.678,110.31,27.8,17.958
82.142,112.15,27.984,17.948
82.546,113.92,28.153,17.688
84.184,118.49,28.645,17.643
89.171,123.01,28.669,17.684
90.939,127.51,28.603,17.732
94.864,131.89,28.627,17.589
98.504,139.12,28.574,17.72
103.76,145.53,27.557,18.993
110.83,150.05,26.235,20.092
118.13,157.31,25.374,20.881
125.44,164.61,24.638,21.529
132.11,172.26,24.257,22.11
141.46,179.94,23.682,22.54
135.22,181.63,23.159,22.771
139.72,191.86,22.599,23.392
149.17,199.88,22.372,23.538
159.47,207.14,21.862,23.591
172.25,219.85,19.948,26.051
181.48,225.84,19.157,27.216
178.76,225.58,18.548,28.08
179.28,222.12,18.174,28.572
181.53,220.76,18.837,27.64
180.78,219.33,19.295,26.771
180.22,220.67,19.72,26.032
179.84,221.92,19.979,25.49
180.21,223.09,20.121,25.359
180.45,221.81,20.258,25.164
180.34,223.17,20.389,24.922
180.27,224.78,19.811,25.624
180.39,224.1,19.332,26.192
182.89,222.24,19.567,25.865
182.44,223.09,19.801,25.504
182.48,221.77,20.063,25.061
182.31,222.63,20.274,24.769
182.28,220.75,20.443,24.466
181.83,221.94,20.602,24.234
181.34,220.26,20.675,23.978
182.55,223.41,20.83,23.734
191.69,212.34,19.451,25.126
192.15,222.29,19.725,24.904
190.92,222.4,19.728,24.886
190.85,220.74,19.955,24.399
190.33,219.44,19.967,24.308
184.17,217.34,19.928,23.937
183.91,218.04,19.849,23.588
180.89,218.51,19.91,23.399
183,218.84,19.845,23.061
182.9,219.15,19.864,22.802
182.52,219.6,19.902,22.583
182.24,219.87,19.965,22.405
184.55,217.91,19.887,21.964
184.38,218.49,19.767,21.572
184.42,218.83,19.677,21.266
181.73,219.47,19.846,21.028
184.4,217.72,19.836,20.577
184.48,218.31,19.795,20.23
184.62,218.54,19.661,19.936
184.78,218.78,19.582,19.729
185.01,216.56,19.373,19.415
185.29,216.95,18.97,19.01
185.44,217,18.562,18.513
185.54,217.04,18.172,17.986
185.64,217.15,17.72,17.494
185.77,217.27,17.289,16.979
186.4,217.39,16.891,16.528
186.48,217.32,16.426,16.02
186.49,217.65,15.988,15.647
186.35,217.64,15.515,15.122
184.69,217.83,15.279,14.667
185.03,217.97,15.018,14.284
185.12,218.21,14.752,13.979
185.29,218.21,14.542,13.658
185.38,218.42,14.262,13.384
185.48,218.31,13.958,13.182
185.74,218.68,13.584,13.177
185.91,218.78,13.311,12.928
186.03,219.02,13.001,12.699
186.19,219.15,12.748,12.543
186.25,219.57,12.504,12.374
186.34,219.75,12.342,12.17
186.2,219.8,12.138,12.063
186.08,219.87,11.989,11.892
185.6,219.92,11.788,11.7
185.74,219.94,11.671,11.682
185.17,219.97,11.519,11.646
185.07,220.15,11.392,11.581
185.28,220.69,11.312,11.549
185.33,220.71,11.22,11.542
185.27,220.99,11.095,11.697
189.88,223.51,10.864,11.761
194.79,223.24,11.398,12.006
187.6,222.25,12.326,11.299
182.75,222,12.062,11.255
182.91,221.46,11.75,11.253
183.53,221.34,11.461,11.133
183.81,221.67,11.187,11.031
184.1,221.88,11.035,11.042
184.01,221.87,10.858,11.002
183.92,221.97,10.729,10.884
184.24,222.33,10.607,10.892
183.98,220.41,10.562,10.873
185.47,226.1,10.645,11.2
184.17,225.97,10.654,11.174
182.85,223.04,10.758,11.108
183.18,222.44,10.629,11.116
183.37,222.26,10.526,11.097
183.16,221.7,10.439,11.189
184.32,221.65,10.345,11.21
184.45,221.65,10.216,11.219
183.96,221.43,10.112,11.166
184.3,221.14,10.08,11.14
184.46,220.82,10,11.116
184.53,222.51,10.591,10.341
184.32,221.76,10.381,10.449
184.21,221.43,10.211,10.526
184.08,221.15,10,10.495
184.18,220.96,10,10.531
184.2,220.88,10,10.549
184.29,220.67,10,10.548
184.56,220.36,10,10.521
184.11,219.84,10,10.475
184.25,219.63,10,10.417
184.38,219.4,10,10.388
185.09,219.16,10,10.403
184.68,219.43,10,10.381
184.15,219.06,10,10.334
184.46,219.05,10,10.247
184.59,218.67,10,10.314
184.12,216.83,10,10.623
190.81,214.45,10.233,11.086
199.42,217.25,10.426,11.432
200.89,214.68,10.457,11.335
200.67,215.57,10.462,11.332
200.3,215.67,10.506,11.294
198.48,215.82,10.633,11.182
198.22,216.33,11.208,10.704
198.11,216.73,11.362,10.571
185.74,218.52,11.185,10.616
185.31,219.13,10.972,10.631
185.3,219.56,10.726,10.847
185.73,219.28,10.538,10.981
186.31,219.14,10.491,11.072
186.36,218.87,10.389,11.142
186.67,219.34,10.306,11.293
187.13,219.35,10.403,11.145
187.86,219.33,10.459,11.209
188.07,219.67,10.489,11.27
187.93,219.77,10.466,11.322
188.19,219.81,10.439,11.413
188.63,219.94,10.463,11.345
189.04,220.08,10.48,11.288
188.79,220.1,10.5,11.15
190.8,219.48,10,11.636
190.7,218.97,10,13.094
191,222.63,10.199,12.666
190.83,223.32,10.2,12.665
189.47,220.59,10.345,12.292
189.99,219.3,10.503,11.999
190.63,219.54,10.628,11.74
190.87,219.69,10.627,11.497
190.78,219.53,10.511,11.322
190.74,219.48,10.369,11.219
191.11,219.56,10.313,11.105
191.63,219.8,10.253,11.061
191.61,220.05,10.244,10.985
191.76,219.65,10.201,10.995
192.08,220.08,10.123,11.029
191.93,220.31,10.092,11.113
192.15,220.45,10.032,11.269
192.33,220.88,10.069,11.275
192.49,220.96,10.14,11.237
192.26,221.12,10.13,11.285
192.63,221.46,10.223,11.379
192.76,222.12,10.29,11.332
192.92,222.34,10.374,11.231
193.1,222.55,10.418,11.195
193.22,222.8,10.508,11.117
193.34,223.19,10.501,11.155
192.71,223.09,10.497,11.055
192.29,223.05,10.521,10.943
191.71,222.92,10.51,10.892
191.82,223.42,10.537,10.848
191.85,223.29,10.525,10.853
192.06,223.24,10.513,10.807
192.45,223.14,10.488,10.801
192.38,222.89,10.472,10.816
192.35,223.14,10.427,10.844
192.27,222.89,10.427,10.844
192.62,223.38,10.554,10.777
192.75,223.3,10.549,10.754
192.79,223.3,10.509,10.81
192.83,223.13,10.375,10.815
192.86,222.97,10.262,10.798
193.18,223.11,10.186,10.81
192.74,223.2,10.127,10.75
192.74,223.37,10.079,10.753
192.85,223.52,10.001,10.777
192.93,223.68,10,10.786
192.95,223.35,10,10.771
193.08,223.56,10.013,10.838
191.7,223.85,10.11,10.686
193.47,222.86,10.598,10.264
193.57,223.09,10.61,10.514
200.75,220.98,10.797,10.828
193.7,211.94,10.844,10.806
184.91,206.81,10.958,10.924
173.67,200.43,11.266,11.163
165.88,193.35,11.648,11.444
158.77,184.8,11.592,11.828
149.4,177.63,12.033,12.079
143,170.36,12.245,12.179
138.18,162.75,12.588,12.319
129.43,156.28,12.978,12.506
125.66,148.35,12.968,12.718
119.98,142.39,13.237,12.719
115.1,137.73,14.358,11.984
111.14,131.12,14.725,12.278
108.82,126.31,14.869,12.47
102.79,120.86,14.928,12.638
98.115,118.93,16.114,12.299
97.2,115.04,16.443,12.706
96.627,112.58,16.622,13.271
94.664,110.7,17.54,12.937
94.654,109.59,18.254,12.76
94.457,110.21,18.88,12.646
94.65,109.21,19.387,12.613
95.111,110.32,19.756,12.727
95.69,111.64,20.124,12.817
96.553,114.49,20.433,12.729
97.688,117.58,20.394,12.579
100.79,122.56,20.443,12.424
103.43,126,20.654,12.381
109.31,130.97,19.813,13.496
111.99,137.45,19.223,14.039
114.43,145.06,19.766,13.731
121.73,152.26,20.276,13.45
128.67,159.34,20.793,13.384
133.97,166.46,20.914,13.366
144.01,174.09,21.062,13.25
151.57,183.66,21.224,13.267
159.72,191.47,21.288,13.244
155.1,189.16,20.088,14.287
161.58,195.76,19.685,14.795
161.17,199.11,20.354,14.342
162.82,206.75,20.817,13.981
155.56,213.85,19.986,14.389
166.3,223.3,19.568,14.488
169.55,221.65,19.641,14.45
171.97,222.25,19.871,14.359
172.26,222.75,20.026,14.297
172.66,222.9,20.145,14.247
172.91,222.7,20.191,14.218
176.54,222.79,20.295,14.114
176.09,222.77,20.354,14.073
177.7,222.87,20.437,13.988
182.47,226.7,19.418,15.219
182.7,228.72,18.623,16.25
182.88,228.31,18.009,17.068
182.99,229.96,17.489,17.781
182.94,229.2,16.913,18.591
183.3,228.79,16.407,19.323
183.47,228.19,15.796,20.223
183.19,227.77,15.395,20.872
183.23,227.47,15.105,21.335
182.96,228.8,14.942,21.608
170.02,217.37,15.75,20.661
176.89,220.11,16.439,19.893
177.05,223.14,16.467,19.801
174.77,230.74,16.117,20.264
175.07,231.11,16.113,20.27
180.26,236.69,15.49,21.06
180.57,239.94,14.824,22.279
180.61,240.82,14.394,23.111
180.51,241.26,14.118,23.62
180.1,239.67,13.885,24.116
180,240.42,13.67,24.573
179.82,241.27,13.57,24.758
179.5,239.74,13.456,25.023
179.1,240.27,13.401,25.154
179.15,238.9,13.302,25.385
179.18,239.67,13.209,25.601
178.98,240.52,13.171,25.705
178.66,241.38,13.14,25.784
178.75,240.11,13.093,25.929
178.63,241.07,13.051,26.034
178.2,241.93,13.038,26.062
177.99,240.66,12.987,26.183
177.86,241.76,12.966,26.229
177.79,242.98,12.958,26.248
