616,382,319,139
614.1,384.47,325.14,136.87
613.44,384.55,328.73,135.83
612.7,385.78,331.02,135.47
610.61,385.62,333.37,134.61
610.5,385.81,333.2,135.29
609.23,385.91,331.07,135.52
603.06,385.02,328.83,136.44
598.56,383.38,325.02,137.63
591.29,383.73,326.36,136.1
594.84,385.4,324.93,134.37
586.63,385.45,326.97,133.93
581.37,388.15,327.06,133.52
574.95,388.59,327.82,132.14
571.36,389.29,328.36,131.39
570.48,390.67,329.98,130.19
570.57,391.06,330.68,129.47
571.58,390.7,330.39,129.61
565.53,390.22,331.96,129.44
563.39,390.32,334.69,130.36
561.46,387.79,336.26,129.99
556.36,387.57,337.32,130.04
559.26,387.07,337.84,130.98
552.63,387.82,338,131.51
556.06,388.16,335.88,132.35
557.78,387.87,332.75,133.5
559.74,388.49,330.93,134.18
563.19,389.65,331.14,134.18
565.06,388.41,331.53,133.87
564.75,389.07,333.45,133.96
568.55,388.21,334.27,134.41
576.82,389.02,333.57,135.25
578.51,389,333.83,135.72
582.46,389.14,332.82,135.8
580.52,387.83,333.04,136.37
586.16,387.86,331.75,136.12
589.59,389.04,330.94,135.78
585.82,389.83,332.38,135.85
587.06,388.39,329.09,138.97
589.9,388.83,326.26,140.99
589.36,386.9,324.51,142.19
591.06,388.17,323.72,143.22
590.33,388.05,324.13,143.52
595.61,387.22,323.71,143.44
595.76,386.89,322.28,144.79
597.68,386.76,321.38,145.53
598.71,385.1,320.74,146.06
596.58,386.53,320.3,147.08
601.5,383.75,319.21,148.15
600.38,384.07,317.48,149.34
599.08,382.54,317.48,150.78
600.15,381.67,316.27,151.93
600.59,381.53,315.42,152.8
601.91,383.25,313.48,152
602.19,385.34,312.05,150.51
604.93,385.49,310.94,149.12
602.82,385.77,311.03,148.07
601.56,386.13,309.5,147.91
603.43,386.35,307.98,147.49
603.86,386.47,306.22,148.04
606.61,386.03,303.74,148.29
612.52,385.78,300.49,148.69
617.45,385.36,297.07,149.32
617.86,384.59,295.08,149.99
618.72,384.72,294.01,150.15
619.12,385.66,294.01,149.64
614.32,387.15,295.45,148.85
612.77,385.27,295.72,148.17
611.36,384.49,294.42,147.4
613.09,382.96,291.81,146.78
614.09,382.92,288.67,146.13
617.5,381.78,286.96,145.55
618.77,382.08,286.27,144.73
619.27,382.6,284.81,144.55
621.74,383.13,283.15,143.8
621.38,383.45,281.2,143.62
623.04,382.69,279.15,143.99
623.77,383.02,277.07,144.12
625.42,383.32,275.06,144.14
619.11,382.25,272.42,144.71
618.46,381.97,271.43,143.78
614.09,383.14,269.52,141.76
618.12,382.37,267.77,140.22
612.72,384.16,264.64,138.62
611.54,384.45,262.47,136.88
608.96,383.98,259.23,136.05
605.34,383.8,257.23,135.12
602.77,383.9,254.68,133.58
603.61,383.83,253.1,131.74
601.62,383.9,250.81,129.86
600.62,384.39,248.39,127.88
599.37,384.1,246.56,126.03
598.51,384.68,243.71,123.98
595.87,386.36,241.87,121.24
598.3,387.08,240.48,118.99
596.07,387.92,238.19,116.54
592.2,389.27,235.86,114.13
590.77,389.59,233.83,112.28
589.28,388.59,231.44,111.03
587.42,387.27,228.58,109.59
589.68,386.09,224.97,108.63
586.23,385.57,220.34,108.03
585.89,385.32,216.8,107.17
583.97,384.93,213.29,106.12
583.53,385.13,209.99,104.83
577.94,384.2,208.35,103.42
581.45,384.33,205.91,102.14
579.62,384.27,203.69,100.75
580.02,385.13,202.08,98.971
580.98,385.09,200.84,97.488
580.01,385.01,199.76,96.359
578.74,383.99,198.52,95.686
579.72,383.97,196.04,95.05
581.83,384.09,194.02,94.378
578.55,384.57,192.32,93.641
576.99,384.38,190.95,93.181
576.42,384.73,189.47,92.48
577.79,384.96,187.6,91.226
577.75,385.08,186.65,89.857
580.25,383.98,185.62,89.664
579.88,384.16,183.8,89.139
582.36,383.4,181.92,88.807
583.51,383.87,180.1,88.223
584.05,384.03,178.29,87.613
585.17,384.08,177.15,87.171
585.35,384.13,176.67,86.587
587.86,384.49,176.32,86.128
588.23,384.54,175.88,85.655
589.92,384.5,175.33,85.366
590.99,383.9,175.24,85.244
591.95,384.04,174.69,85.054
593.98,383.48,174.3,85.192
594.95,382.75,174.22,85.213
594.98,382.66,173.15,85.142
593.82,382.58,172.62,85.028
594.08,381.31,171.75,85.46
594.7,381.66,171.09,85.493
594.18,381.45,170.63,85.216
595.55,381.27,170.15,85.328
597.02,381.33,169.33,85.349
595.54,380.63,169.46,85.544
595.97,380.84,169.64,85.47
595.21,380.13,169.36,85.66
593.57,380.58,169.3,85.828
594.67,380.8,169.33,85.896
593.7,380.62,169.25,86.135
593.15,380.12,168.7,86.581
591.85,379.78,168.54,86.779
590.85,379.32,168.3,86.813
587.9,380.94,168.2,87.003
583.65,383.13,167.91,86.86
582.69,384.54,167.45,86.53
579.86,387.29,167.01,85.806
581.48,388.99,167.37,85.273
580.76,389.49,168.11,85.335
581.06,390.43,169.08,84.976
581.05,391.35,170.39,84.424
581.19,392.22,171.65,83.976
580.74,391.8,173.72,83.839
582.78,390.97,175.3,83.568
584.01,390.87,175.67,83.294
584.54,390.55,176.35,83.563
585.05,389.81,177.16,83.918
589.28,388.27,177.4,84.476
594.89,364.33,167.5,91.687
599.56,360.27,160.01,95.44
603.29,357.04,152.81,98.524
610.36,356.3,146.69,100.25
615.61,355.81,142.3,100.86
613.45,359.16,143.86,94.772
611.6,360.96,144.68,89.747
609.94,361.7,145.32,86.357
608.52,362.62,145.86,83.61
607.92,363.54,145.71,81.896
605.09,363.84,145.73,80.567
600.28,363.62,145.53,80.203
595.11,364.22,144.32,79.637
592.34,364.79,144.15,79.045
592.13,365.34,143.33,78.696
585.76,365.17,143.25,78.627
579.9,365.25,143.66,79.084
571.78,364.84,144.7,79.872
565.74,365.06,145.84,81.019
560.27,364.27,146.42,81.975
558.38,364.47,148.09,82.81
556.93,363.49,150.84,83.959
553.58,362.44,153.16,85.226
550.9,360.96,154.98,86.625
548.82,359.51,156.91,87.89
548.88,357.74,158.89,89.177
548.86,356.14,160.25,90.028
546.72,353.76,161.94,91.461
546.04,351.85,163.38,93.004
544.92,350.77,164.67,93.797
544.44,349.16,165.91,94.224
544.07,346.99,167.04,94.484
543.64,345.8,168.71,95.143
541.51,344.01,170.12,95.544
540.59,341.62,171.33,96.222
540.78,339.4,172.82,96.456
539.32,337.41,174.09,96.37
535.86,335.49,174.75,96.324
534,334.58,175.65,96.103
531.85,333.05,175.97,96.619
526.76,331.06,175.85,97.41
518.87,328.29,176.34,98.725
510.29,325.87,177.9,99.091
502.52,324.67,177.64,99.318
501.06,323.93,176.87,99.628
497.48,323.02,176.17,100.41
493.34,322.34,176.41,100.12
489.85,321.28,176.7,99.739
488.64,320.95,176.92,99.251
486.76,320.09,176.75,99.318
489.02,319.48,176.4,99.465
486.55,318.88,177.39,99.221
485.26,317.18,177.05,99.195
485.01,316.11,176.42,98.913
487.09,314.95,175.45,98.62
487.74,314.84,174.9,98.162
488.15,314.76,174.37,97.73
488.98,312.73,173.8,97.591
490.15,312.67,173.01,96.832
493.13,311.03,171.67,96.569
492.8,310.27,170.21,95.743
494.33,309.52,168.59,94.895
494.28,309.15,167.56,94.705
493.95,309.55,167.01,94.197
495.4,308.35,166.5,93.306
495.26,307.7,166.14,92.053
495.84,307.19,165.44,91.034
494.95,306.92,165.14,90.206
494.47,306.59,164.88,89.804
495.27,306.23,164.37,88.458
495.47,305.36,163.94,87.326
497.33,304.7,164.45,86.342
497.5,304.34,164.05,85.414
496.71,303.75,164.4,84.84
496.63,303.02,164.02,84.571
496.96,302.12,163.23,84.054
496.66,301.73,162.86,83.485
496.83,301.45,162.05,82.661
497.36,300.93,160.09,81.811
496.93,300.54,158.03,80.997
497.27,300.09,156.58,80.622
496.9,300.38,155.14,79.941
496.2,299.4,153.71,79.438
496.27,298.04,151.86,79.227
498.12,297.32,149.9,78.681
499.1,296.01,148.64,77.984
499.76,295.53,146.75,77.646
500.42,295.16,144.97,77.159
502.07,294.16,143.56,76.695
504.38,293.69,141.89,76.203
506.52,292.78,140.26,76
506.72,291.87,139.56,75.765
506.99,292.39,139.09,75.27
508.21,291.69,138.76,74.88
508.03,290.7,138.72,75.279
508.67,290.58,138.47,75.371
509.25,290.83,138.48,74.9
508.01,291.14,139.43,74.106
507.16,290.97,139.62,73.439
506.2,291.08,140.34,73.079
505.17,290.39,140.22,72.625
505.43,290.52,140.68,72.426
505.45,289.63,140.54,72.487
506.39,288.95,140.84,72.742
506.59,289.37,140.98,72.505
506.1,289.06,141.68,71.928
497.04,288.12,142.2,71.345
499.59,288.28,142.06,70.921
503.06,288.4,141.79,70.405
504.22,289.35,141.63,70.182
506.51,290.45,141.57,69.786
497.87,289.99,140.63,69.169
500.99,289.45,139.55,68.705
501.48,290.27,138.41,68.78
502.76,290.84,137.49,68.149
504.03,290.09,135.75,67.696
505.42,289.51,134.62,67.44
504.95,290.48,133.05,66.852
506.08,291.16,131.92,66.726
506.46,290.59,130.68,66.552
505.18,291.4,130.71,66.107
506.13,291.32,130.41,66.216
506.3,291.62,130.01,66.383
506.98,291.45,130.28,66.507
505.18,291.66,130.05,66.749
505.21,291.63,130.75,66.759
505.93,292.96,130.37,66.62
506.26,292.8,131.31,66.657
506.65,292.57,132.21,66.765
506.71,292.95,132.64,66.998
507.09,293.62,132.71,67.118
507.08,293.75,133.06,67.667
507.5,294.18,133.7,67.731
509.15,294.41,133.22,68.359
509.68,294.28,132.41,68.686
510.07,294.78,132.03,68.642
512.17,295.68,132.22,68.314
514.67,296.41,132.32,68.357
515.95,297.15,132.51,68.479
515.18,297.83,133.45,68.109
514.78,298.48,134.21,67.787
514.43,298.44,134.72,67.493
515.13,298.57,135.15,67.561
515.89,299.05,134.47,67.606
519.26,299.18,134.09,67.435
522.14,299.08,133.67,67.435
515.55,298.99,135.25,67.147
518.66,298.85,136.37,67.439
521.18,299.01,136.88,67.473
522.61,300.1,137.75,67.457
525.02,301,137.34,67.49
527.86,302.2,137.17,67.156
529.74,303.5,136.28,67.135
525.78,301.22,136.88,66.973
528.68,302.27,137.02,66.915
533.33,302.82,137.14,67.094
536.67,303.35,136.78,66.931
532.84,302.42,137.57,67.113
535.37,303.53,137.07,67.002
538.87,303.16,136.57,66.966
539.99,304.57,135.99,66.657
542.18,305.69,135.62,66.442
539.01,305.54,135.86,66.613
541.61,306.21,134.62,66.44
543.61,306.75,134.03,65.993
544.85,308.62,133.65,65.831
546.05,309.32,133.14,65.5
546.44,309.83,132.69,65.518
545.73,310.63,133.35,65.355
546.35,311.4,133.29,65.142
547.48,312.04,132.44,64.881
548.1,312.2,131.61,64.718
544.48,311.18,132.34,64.655
546.46,312,132,64.885
548.13,312.59,131.47,64.968
544,311.54,131.43,65.263
546.55,312.45,131.06,65.181
544.2,311.16,131.55,65.056
545.43,311.9,131.33,65.013
545.87,313.31,130.89,64.604
548.24,312.46,130.3,64.166
544.97,310.48,130.39,64.259
547.37,311.62,130.18,63.946
544.48,311.45,130.44,63.547
547.49,311.68,130.28,63.397
548.37,313.23,129.45,63.088
550.46,312.88,129.34,62.784
551.91,312.51,128.53,62.743
553,313.61,127.7,62.431
554.99,313.27,126.83,62.604
550.22,311.72,126.76,62.537
553.69,312.06,126.29,62.479
554.9,312.21,126.5,62.394
554.56,311.27,126.42,62.126
555.19,311.45,125.28,62.098
550.85,309.43,125.61,61.723
553.11,310.25,125.26,62.163
554.49,310.55,124.96,62.579
556.09,310.78,124.55,61.999
557.33,311.18,124.24,61.571
558.37,311.56,123.18,61.108
553.71,309.46,123.66,60.893
556.96,309.28,123.27,61.244
558.78,309.87,122.62,61.119
555.15,307.95,122.74,60.974
558.27,308.54,122.4,61.169
560.31,309.11,122.08,61.079
562.94,309.02,121.78,60.725
559.38,308.34,121.98,60.588
561.74,308.43,121.75,60.629
563.8,308.8,121.48,60.594
565.49,308.79,121.3,60.207
566.07,309.36,120.9,59.964
565,309.33,120.47,59.643
565.75,309.07,120.1,59.332
567.07,309.73,118.97,59.149
568.09,310.28,117.34,58.915
563.4,309.84,117.45,58.37
566.81,310.1,117.34,58.062
569.53,311.41,116.02,57.537
564.83,311.11,116.05,57.343
561.65,310.44,116.17,57.236
559.66,309.98,116.44,57.145
556.28,309.94,116.65,56.958
560.01,318.58,116.03,56.3
553.83,316.08,116.27,56.155
550.14,314.25,116.19,56.174
552.47,314.39,115.23,56.052
543.04,314.74,113.69,55.952
533.72,314.85,112.32,55.863
535.26,314.8,110.65,55.591
527.39,314.92,109.33,55.403
519.93,315.51,107.61,55.174
512.27,316.19,106.75,54.912
512.31,316.35,103.65,57.073
502.71,316.64,103.35,56.369
495.7,315.92,104.23,55.508
489.76,315.26,104.8,54.944
483.47,314.56,105.53,54.676
476.7,314.63,106.16,54.339
472.13,314.84,106.72,54.119
474.32,315.83,105.74,53.959
475.44,316.57,104.62,53.891
469.31,316.45,104.14,53.622
470.02,317.18,103.03,53.363
472.38,315.91,99.447,55.926
466.24,315.59,99.229,55.051
466.9,316.93,97.893,54.22
468.99,317.69,96.87,53.564
467.77,318.77,96.048,52.748
465.69,319.62,95.296,52.05
463.31,320.57,94.773,51.19
461.37,320.75,93.891,50.582
461.96,318.94,89.998,53.329
462.41,317.56,86.879,55.277
460.08,318.74,87.317,53.571
458.39,319.04,87.569,52.49
457.23,319.78,87.574,51.556
457.09,311.3,85.323,53.265
457.77,319.87,85.386,52.236
457.73,319.78,85.622,51.102
458.26,319.84,85.647,50.128
464.83,320.26,85.328,49.131
471.5,320.49,84.943,47.972
480.69,312.01,81.815,50.375
489.02,311.85,79.332,52.304
489.57,310.92,77.193,53.84
497.09,310.1,75.693,55.104
504.64,309.68,74.497,55.974
512.8,308.88,73.221,57.17
520.85,308.41,72.465,57.84
526.36,310.49,75.107,55.295
525.06,312.34,76.797,53.359
532.09,312.8,78.186,51.304
538.33,313.75,78.989,49.641
545.37,314.72,79.882,48.286
552.28,314.68,80.59,47.314
557.38,315.3,81.287,46.768
557.93,307.28,79.116,49.119
565.49,307.66,77.427,50.951
572.2,307.49,75.812,52.306
578.42,307.3,74.601,53.499
584.67,309.6,75.736,51.259
584.92,310.57,76.948,49.63
584.8,311.67,77.909,48.191
583.29,312.58,78.91,46.764
581.92,313.23,79.117,45.865
579.92,313.96,79.445,45.032
578.09,314.43,79.754,44.124
577.04,314.5,80.13,43.366
575.9,314.23,80.012,42.93
575.8,313.69,80.412,42.693
576.37,313.11,80.234,42.351
575.64,312.72,80.419,42.628
576.26,312.39,80.681,42.454
574.79,312.11,81.214,42.519
574.36,311.83,81.189,42.767
581.5,311.3,81.716,42.638
582.3,311.22,81.146,42.67
581.22,311.52,80.978,42.681
578.45,312.05,80.686,42.376
572.22,312.08,80.61,42.262
572.3,312.2,80.684,42.073
570.71,312.42,81.322,41.7
569.92,312.38,81.614,41.49
570.66,312.19,82.255,41.48
570.41,312.41,82.439,41.369
569.18,312.4,82.961,41.263
569.71,312.15,83.084,41.244
569.47,312.57,83.743,41.006
574.1,313.36,84.369,40.757
571.56,313.56,84.744,40.724
568.75,313.88,85.422,40.761
560.85,314.03,85.714,40.64
560,314.04,86.103,40.747
557.2,314.12,86.254,40.768
552.63,314.57,86.75,40.6
549.66,314.88,87.423,40.597
553.62,315.8,88.374,40.447
552.22,316.33,89.065,40.214
550.22,317,89.933,40.018
546.22,310.62,91.016,39.324
542.95,318.24,91.175,39.594
538.41,311.89,92.203,38.79
539.57,313.31,92.923,38.053
537.49,314.58,93.989,37.584
537.86,315.05,93.288,38.209
538.41,314.96,92.508,38.719
538.15,314.9,92.268,39.121
536.72,314.44,92.362,39.162
534.69,314.21,92.407,39.289
532.69,313.84,92.544,39.317
531.74,313.9,92.9,39.583
527.92,314.96,94.199,38.872
524.29,314.83,94.134,39.263
523.2,314.53,94.044,39.554
527.2,315.3,94.973,38.768
524.27,315.63,94.116,39.15
523.17,315.38,93.161,39.427
520.44,315.46,92.813,39.673
518.69,315.15,92.869,39.938
516.12,314.21,92.656,40.197
512.29,314.65,93.224,39.574
509.66,315.56,93.497,39.059
508.68,314.98,93.185,39.277
506.9,315.87,93.485,38.814
504.19,316.84,93.849,38.37
500.52,317.71,94.146,38.074
499.9,317.7,94.034,38.106
503.61,318.5,94.291,37.926
501.15,319.24,94.379,37.814
507.36,318.84,94.357,37.868
506.22,318.15,94.279,37.948
505.11,318.31,94.167,38.053
508.61,319.5,94.516,37.901
506.64,319.08,94.489,38.097
508.99,320.17,95.104,37.807
507.81,320.36,95.08,37.885
505.81,321.45,95.187,37.809
513.11,321.47,95.157,37.833
509.74,322.22,95.389,37.712
509.73,321.51,95.399,37.727
514.75,321.23,95.365,37.794
512.69,321.09,95.464,37.925
511.4,320.66,95.365,38.112
509.24,313.69,96.14,37.543
507.16,320.83,96.209,37.783
504.33,320.76,97.155,37.27
502.17,320.73,98.13,36.952
499.92,320.79,98.794,36.747
502.75,321.33,99.615,36.474
499.78,321.63,100.18,36.213
499.31,321.95,100.45,36.025
497.37,322.26,100.91,35.807
495.9,322.86,101.35,35.626
494.02,323.37,101.73,35.482
491.77,323.95,101.88,35.359
495.81,324.7,102.14,35.233
491.5,324.99,102.48,35.131
487.85,325.01,103.08,34.901
491.35,325.35,103.51,34.772
488.94,325.08,103.98,34.6
487.1,325.42,104.53,34.409
491.98,325.52,105.4,34.208
487.44,325.35,106.32,34.039
486.54,325.51,106.78,33.963
485.18,325.73,107.12,33.96
483.95,326.79,107.4,33.834
487.29,326.87,108.85,33.785
485.43,327.33,110.14,33.874
483.46,328.18,110.99,34.06
482.14,329.1,111.7,34.019
490.69,322.01,112.02,34.019
489.56,323.31,112.87,34.201
489.48,324.5,113.17,34.294
487.57,325.3,112.94,34.652
485.39,326.19,112.5,35.027
481.51,327.01,111.77,35.419
473.93,327.17,110.64,36.609
465.25,327.15,108.68,38.516
462.77,328.39,106.31,40.173
456.6,328.14,102.92,41.816
456.98,328.24,100.48,42.965
457.7,328.54,97.526,43.797
458.8,328.68,95.167,44.477
460.34,329.15,94.227,44.491
453.47,329.44,93.906,44.356
443.23,339.29,94.44,43.63
441.18,340.76,94.784,42.791
445.1,340.56,94.429,42.809
441.1,348.02,94.358,42.853
438.41,347.06,94.146,42.922
390.02,359.76,88.727,47.022
383.37,357.77,84.457,49.882
376.44,356.31,81.324,51.687
377.13,357.53,79.115,52.533
377.34,358.18,77.534,52.849
381.8,358.2,77.998,51.182
376.92,358.18,78.678,49.826
368.8,357.79,78.45,48.823
366.86,357.61,78.435,48.771
365.71,358.82,78.436,48.753
365.25,359.32,78.435,48.729
366.63,359.26,78.434,48.724
369.16,359.88,78.432,48.714
370.54,358.54,78.43,48.688
372.03,352.97,78.261,48.845
376.84,354.03,78.29,48.793
378.12,352.43,78.195,48.883
377.49,350.52,78.144,48.943
379.85,352.85,78.157,48.93
377.96,354.2,78.164,48.92
376.51,355.54,78.182,48.889
375.22,356.88,78.182,48.886
372.78,358.23,78.185,48.881
371.84,357.08,78.134,48.985
397.93,355.23,74.874,53.429
391.17,353.37,71.655,57.913
385.44,349.23,67.626,63.871
379.57,346.89,63.914,69.614
381.22,344.54,61.293,73.904
374.3,344.09,59.564,76.876
367.33,341.95,56.646,81.891
359.03,339.83,54.511,85.541
350.94,337.72,51.994,90.034
342.35,336.23,50.401,93.201
342.56,334.69,48.977,96.184
333.9,327.52,47.88,99.494
325.18,328.78,46.98,102.05
324.69,329.8,46.735,102.95
315.1,330.29,46.136,104.77
315.7,322.67,45.969,105.43
316.3,323.49,45.831,105.95
306.76,324.76,45.484,107.06
306.69,325.43,45.352,107.53
297.74,325.71,45.108,108.37
288.27,326.22,44.86,109.2
278.88,325.68,44.618,109.89
279.01,325.06,44.404,110.54
278.65,323.44,44.196,111.35
278.33,323.3,44.096,111.75
268.76,322.83,43.986,112.13
269.81,315.93,43.855,113.15
269.84,316.87,43.825,113.96
270.08,317.37,43.804,114.68
260.8,317.85,43.609,115.5
260.62,317.4,43.555,116.06
260.17,317.06,43.573,116.25
249.83,316.45,43.569,116.43
240.28,316.04,43.548,116.58
240.52,316.32,43.534,116.73
240.03,314.87,43.482,116.91
239.72,308.96,43.426,117.64
239.43,311.1,43.393,118.1
238.87,310.83,43.402,118.33
238.87,310.86,43.63,118.16
238.86,310.87,43.861,117.98
228.7,309.96,43.82,118.25
227.98,309.54,43.845,118.39
227.82,303.23,43.904,118.75
227.98,305.69,43.964,119.22
217.69,306.77,43.91,119.76
217.71,306.97,43.884,120.13
218.54,305.8,44.368,119.67
219.76,305.12,44.985,119.16
220.77,299.26,45.58,118.88
211.03,301.21,45.507,119.93
211.02,301.89,45.499,120.54
210.98,302.36,45.51,120.92
200.68,302.22,45.436,121.5
201.31,302.25,45.401,122.24
200.95,295.06,45.472,123.48
192,297.14,45.506,124.72
192.59,290.74,45.636,126.72
193.09,292.88,45.834,127.87
191.59,293.99,46.299,128.92
182.17,287.64,46.627,130.31
180.5,291.85,47.94,129.44
170.03,293.59,49.116,128.6
160.07,295.26,49.775,128.08
160.96,295.84,50.394,127.5
159.49,297.1,51.623,126.34
158.21,298.26,52.737,125.2
145.44,298.51,53.135,124.81
135.39,290.99,53.558,124.72
132.67,294.95,55.679,122.59
122.59,296.48,55.994,122.5
121.35,296.04,56.256,122.46
111.62,289.38,55.907,123.87
102.31,291.07,55.514,125.18
101.78,285.52,55.248,126.32
89.699,287.58,55.066,126.93
88.758,289.82,55.368,126.79
77.576,290.43,55.217,127.3
66.683,283.67,55.117,127.86
55.639,285.89,54.957,128.58
45.386,288.26,54.869,128.96
45.109,281.43,54.793,129.46
44.828,283.17,54.715,129.95
33.952,285.24,54.621,130.35
33.248,286.94,55.199,129.83
21.42,286.9,55.372,129.7
10.573,285.25,55.256,130.1
0.92338,282.96,55.026,130.63
2.1612,281.18,54.831,131.34
1.2261,279.03,54.562,131.89
-0.60774,276.58,54.42,132.18
-2.0639,273.57,54.344,132.32
-2.1511,269.21,54.323,132.34
-2.4037,263.98,54.291,132.38
-3.1371,259,54.27,132.41
-3.4969,253.77,54.229,132.46
-4.0702,249.28,54.2,132.49
-4.2714,244.72,54.172,132.53
-3.6741,240.94,54.148,132.56
-2.9642,237.83,54.139,132.58
-3.3051,233.49,54.126,132.6
-3.6642,228.51,54.113,132.62
-2.4392,222.89,54.094,132.65
-2.2818,217.35,54.074,132.67
-1.5548,213.06,54.052,132.69
-1.4058,209.75,54.036,132.71
-1.4411,206.74,54.03,132.72
-0.79154,204.36,54.024,132.73
-0.13828,202.49,54.018,132.74
-0.10318,201.98,54.015,132.75
-1.1734,201.81,54.011,132.75
-2.0252,201.65,54.006,132.76
-2.6397,201.46,53.999,132.78
-2.9102,200.24,53.984,132.8
-3.0832,198.41,53.973,132.82
-3.7733,196.04,53.964,132.84
-3.6854,191.39,53.957,132.85
-4.0304,186.76,53.954,132.85
-4.6927,181.19,53.951,132.86
-5.0143,175.41,53.944,132.87
-5.3134,169.06,53.937,132.89
-5.2407,162.04,53.931,132.9
-4.8615,155.28,53.925,132.91
-4.5429,149.71,53.916,132.92
-4.1971,144.73,53.905,132.94
-3.5059,142.37,53.897,132.95
-2.9947,139.82,53.889,132.96
-2.843,134.8,53.856,133.04
-3.0272,130.97,53.835,133.08
-3.1211,127.3,53.809,133.13
-3.0594,123.84,53.784,133.18
-3.3914,119.03,53.729,133.28
-3.7587,114.6,53.685,133.36
-3.697,110.85,53.615,133.49
-2.6593,107.5,53.559,133.57
-2.6132,104.69,53.499,133.66
-2.7213,102.26,53.437,133.75
-3.4319,100.25,53.395,133.81
-3.8996,99.487,53.39,133.82
-4.1207,96.471,53.383,133.83
-4.0439,92.959,53.377,133.84
-3.3797,89.405,53.371,133.85
-2.6844,85.058,53.363,133.86
-1.8834,80.124,53.354,133.88
-1.2437,77.824,53.348,133.89
-0.63782,77.054,53.337,133.91
0.34588,77.036,53.33,133.93
1.1981,78.665,53.322,133.95
2.5321,80.609,53.317,133.98
3.0978,82.44,53.307,134
2.6018,83.288,53.294,134.03
2.4522,84.036,53.256,134.11
2.1157,82.762,53.218,134.2
2.1474,81.979,53.189,134.28
2.461,81.585,53.171,134.33
1.7119,80.269,53.155,134.38
1.2283,77.448,53.148,134.41
1.0507,75.458,53.144,134.42
1.418,74.139,53.143,134.43
2.1924,71.166,53.141,134.43
2.9638,67.81,53.139,134.44
3.9224,64.045,53.136,134.44
39.131,69.841,52.48,136.55
39.138,64.389,52.192,137.56
28.171,71.222,51.806,138.95
27.995,65.067,51.662,139.56
27.942,60.674,51.571,139.99
16.653,56.808,51.419,140.62
5.0777,63.693,50.897,142.41
5.7769,59.97,50.696,143.31
-3.5389,64.661,49.608,145.97
-0.6552,59.365,49.206,146.92
1.1082,54.729,48.845,147.86
1.0753,51.66,48.67,148.46
1.2575,48.979,48.644,148.6
1.4429,45.771,48.617,148.72
0.79731,42.318,48.607,148.79
0.84761,40.711,48.596,148.86
0.77171,38.846,48.583,148.93
0.18389,37.125,48.582,148.96
0.24894,37.41,48.581,148.96
0.24019,37.194,48.58,148.97
0.27523,37.599,48.579,148.97
0.49841,37.264,48.579,148.97
0.62445,36.959,48.579,148.98
0.69466,36.888,48.578,148.98
0.74361,37.052,48.578,148.98
0.12714,36.653,48.577,148.98
0.078091,35.847,48.577,148.98
0.11999,34.025,48.576,148.99
0.30746,32.399,48.576,148.99
0.36756,30.218,48.575,148.99
0.60607,27.012,48.573,149.01
0.97869,24.779,48.572,149.01
0.64406,24.831,48.571,149.02
-0.31929,25.209,48.569,149.03
-1.1875,25.227,48.567,149.04
-2.2916,25.865,48.567,149.04
-1.172,26.756,48.567,149.04
1.3024,29.311,48.567,149.04
4.2245,30.123,48.571,149.06
6.9555,30.871,48.577,149.11
9.6078,33.052,48.583,149.13
10.048,35.577,48.595,149.2
8.5587,35.7,48.595,149.26
7.9285,35.846,48.58,149.34
6.8022,35.418,48.552,149.45
-4.5126,58.186,48.045,150.43
-3.9131,69.089,47.721,151.1
-3.2211,70.096,47.677,151.2
-2.4183,70.871,47.644,151.25
-0.82508,72.506,47.64,151.25
0.35718,74.433,47.638,151.25
1.8932,77.259,47.64,151.25
3.5744,78.901,47.643,151.24
5.3277,81.261,47.661,151.21
7.2578,82.647,47.694,151.18
7.8424,82.783,47.751,151.1
8.8194,83.868,47.854,150.94
8.4581,84.844,47.866,150.92
8.2276,85.993,47.878,150.89
7.9723,87.762,47.882,150.89
7.4685,88.847,47.887,150.88
7.1531,88.859,47.889,150.87
7.0629,88.442,47.894,150.86
7.9153,88.579,47.9,150.85
9.0466,88.881,47.906,150.84
10.233,89.693,47.913,150.83
10.638,90.971,47.92,150.83
12.747,92.003,47.934,150.81
15.065,93.284,47.944,150.82
16.742,92.924,47.953,150.82
18.337,93.884,47.964,150.84
19.786,95.557,47.97,150.85
20.247,97.76,47.976,150.86
19.387,100.3,47.993,150.89
23.543,102.88,48.089,150.79
22.909,103.93,48.099,150.79
21.87,104.35,48.119,150.8
21.377,104.58,48.145,150.79
20.487,105.1,48.204,150.76
18.496,105.9,48.51,150.39
7.9064,112.52,48.878,149.94
6.6947,108.94,49.095,149.58
6.0501,106.38,49.364,149.25
4.57,104.34,49.41,149.18
3.6995,98.232,49.415,149.16
4.9899,91.1,49.426,149.13
7.4166,85.889,49.446,149.11
11.005,84.072,49.706,148.76
13.095,83.28,50.18,148.15
12.419,81.269,50.333,147.8
1.2147,69.653,50.281,147.81
1.1582,69.635,50.19,147.86
1.6141,68.89,50.171,147.85
2.1108,67.762,50.166,147.84
2.6395,66.463,50.157,147.83
3.1057,64.748,50.154,147.82
3.643,62.38,50.152,147.82
8.6801,61.407,50.166,147.8
11.963,61.88,50.193,147.76
11.969,61.2,50.215,147.72
12.117,61.117,50.234,147.69
12.47,59.789,50.254,147.66
13.309,58.449,50.27,147.64
14.174,57.915,50.296,147.6
14.637,57.776,50.312,147.58
20.22,58.386,50.396,147.47
23.017,59.654,50.452,147.4
24.888,60.531,50.468,147.38
23.428,61.027,50.471,147.37
25.921,61.509,50.478,147.36
28.633,62.33,50.486,147.35
31.068,62.542,50.493,147.34
33.448,62.906,50.499,147.33
33.598,60.876,50.499,147.33
33.616,58.268,50.499,147.33
34.028,56.428,50.5,147.33
38.091,56.537,50.523,147.3
40.174,57.46,50.558,147.25
40.905,58.501,50.595,147.2
40.262,60.984,50.651,147.12
39.847,65.794,50.679,147.08
37.871,71.564,50.772,146.94
36.353,101.54,53.19,143.43
44.529,104.86,55.381,140.37
42.728,106.85,56.528,138.73
41.632,108.41,57.853,136.85
40.411,108.66,59.317,134.85
38.736,108.68,60.712,132.92
26.214,108.98,62.573,130.12
26.427,108.8,63.918,128.17
27.18,109.34,64.957,126.67
27,109.16,65.928,125.25
26.188,108.36,67.138,123.54
14.857,108.79,68.243,121.61
16.118,108.52,69.328,119.88
17.431,107.69,70.095,118.71
18.561,107.82,70.719,117.8
19.702,107.9,71.335,116.89
10.183,107.76,71.878,115.81
11.06,106.8,72.472,114.75
12.063,106.38,72.976,113.83
14.027,107.04,73.533,112.86
15.364,107.51,74.137,111.87
15.481,107.51,75.106,110.39
16.037,107.21,75.933,109.13
16.073,107.74,76.437,108.4
16.141,108.31,77.07,107.46
15.787,108.59,78.264,105.59
15.875,108.99,79.328,103.99
15.551,109.62,80.139,102.7
15.395,109.86,80.796,101.61
15.942,110.44,81.105,101.11
7.8993,111.57,81.454,100.45
8.6669,111.14,81.914,99.645
10.303,111.66,82.262,99.055
-9.5198,112.08,80.543,99.452
-7.9195,112.13,79.493,99.69
-7.4748,111.63,78.956,99.756
-1.2945,112.97,79.001,99.567
3.3649,114.63,79.038,99.435
6.1475,115.88,79.072,99.33
6.4423,116.96,79.091,99.261
6.0203,119.07,79.105,99.203
8.7678,120.57,79.133,99.139
11.673,121.46,79.182,99.043
15.878,122.9,79.222,98.973
18.312,123.66,79.327,98.798
19.838,125.19,79.581,98.414
20.416,126.74,79.81,98.049
21.635,127.42,79.957,97.809
23.294,127.85,80.072,97.628
22.784,128.96,80.23,97.387
23.279,129.45,80.357,97.185
24.242,129.96,80.492,96.972
24.023,130.12,80.627,96.699
23.493,131.25,80.788,96.434
24.187,132.16,81.018,95.985
23.527,133.45,81.419,95.241
33.864,109.19,79.531,97.289
34.466,98.574,77.58,99.455
33.867,99.518,75.932,101.31
24.397,100.62,74.638,102.72
22.924,101.18,74.172,103.22
11.774,101.54,73.546,103.93
11.32,102,73.098,104.44
10.521,101.79,72.236,105.4
9.2795,102.88,71.38,106.31
7.5227,103.25,70.581,107.14
-1.9827,103.1,69.219,108.7
-2.618,102.88,67.44,110.68
-2.6826,102.39,65.114,113.44
-4.0393,101.91,62.752,115.95
-4.7857,100.92,60.605,118.11
-5.4925,99.505,58.494,120.49
-5.5461,97.899,56.725,122.45
-5.6784,96.589,55.98,123.29
-5.9237,95.824,55.322,124.07
-5.8291,95.409,54.878,124.56
-5.8217,94.114,54.319,125.17
-5.6603,91.614,53.847,125.67
-5.504,90.487,53.506,126.02
-5.2364,89.848,53.176,126.35
-4.9497,89.237,52.843,126.69
-4.5079,88.202,52.443,127.09
-4.1432,97.432,52.023,127.5
-3.7666,95.498,51.606,127.9
-3.7723,93.056,51.302,128.15
-4.0596,90.474,51.204,128.23
-3.9777,88.762,51.11,128.3
-5.2765,87.216,51.02,128.38
-6.2275,84.857,50.951,128.45
-6.7161,83.664,50.921,128.48
-6.5107,82.675,50.89,128.5
-6.2951,81.105,50.879,128.51
-5.8776,80.07,50.869,128.52
-5.2257,77.756,50.858,128.53
-4.5063,74.634,50.847,128.54
-3.2587,72.216,50.838,128.54
-1.6399,70.951,50.832,128.55
0.3149,69.476,50.822,128.55
1.8358,69.678,50.818,128.55
3.7341,70.626,50.816,128.54
8.2098,71.513,50.836,128.5
10.871,72.497,50.86,128.45
15.935,73.074,50.965,128.29
19.541,74.123,51.026,128.21
21.594,74.545,51.068,128.15
23.204,74.582,51.116,128.08
24.039,74.888,51.158,128.03
25.036,75.357,51.202,127.97
29.946,76.376,51.243,127.92
35.749,77.349,51.262,127.89
36.899,74.9,51.262,127.89
42.53,76.065,51.285,127.87
49.477,76.938,51.305,127.85
57.236,77.571,51.319,127.84
65.403,77.584,51.34,127.82
72.208,77.628,51.388,127.78
76.716,77.912,51.442,127.73
81.886,77.992,51.522,127.66
86.412,77.952,51.668,127.53
90.731,78.017,51.827,127.39
93.983,77.928,51.973,127.27
97.89,77.793,52.179,127.09
101.79,77.81,52.403,126.9
105,77.635,52.582,126.75
107.61,77.86,52.785,126.58
110.02,77.967,52.992,126.42
110.9,78.145,53.168,126.28
113.07,78.058,53.332,126.15
114.67,78.31,53.475,126.03
116.21,78.482,53.573,125.95
116.94,78.48,53.668,125.87
117.23,78.743,53.762,125.8
116.74,78.93,53.861,125.72
115.81,79.186,53.935,125.66
114.79,79.494,54.009,125.6
113.74,79.602,54.086,125.54
111.12,79.797,54.164,125.48
109.68,80.174,54.24,125.41
108.68,80.764,54.295,125.37
108.83,81.603,54.317,125.35
109.41,82.38,54.326,125.35
110.63,83.583,54.338,125.34
111.18,84.841,54.352,125.33
111.21,86.07,54.359,125.32
111.05,87.958,54.364,125.32
112.38,90.427,54.368,125.32
112.31,90.025,54.368,125.32
112.4,89.735,54.368,125.32
112.66,89.271,54.368,125.32
113.1,88.939,54.368,125.32
116.29,91.907,54.369,125.32
119.51,95.987,54.371,125.31
123.51,100.93,54.372,125.31
124.37,106.51,54.376,125.31
126.22,112.98,54.395,125.29
125.02,117.97,54.521,125.19
123.15,121.36,55.061,124.71
120.99,123.34,55.77,124.1
118.85,124.94,56.33,123.59
117.22,125.44,56.825,123.14
116.38,125.99,57.257,122.74
113.91,126.23,57.759,122.26
112.66,125.98,58.363,121.7
111.59,125.43,58.674,121.41
109.55,124.7,58.963,121.15
106.94,124.35,59.465,120.67
107.82,123.54,59.834,120.33
107.63,122.77,60.256,119.94
108.96,121.68,60.672,119.57
109.96,120.86,61.226,119.06
110.63,120.3,61.706,118.63
111.41,119.38,62.191,118.2
112.59,118.43,62.568,117.86
113.7,117.5,63.017,117.44
114.72,116.5,63.326,117.16
115.38,115.13,63.608,116.9
116.36,114.57,64.042,116.51
116.71,113.78,64.741,115.88
117.78,112.81,65.297,115.37
119.61,112.13,65.913,114.82
120.07,111.64,66.539,114.25
121.05,110.83,67.186,113.67
120.75,110.54,68.052,112.89
122.2,109.62,68.844,112.17
121.99,109.15,69.944,111.18
122.58,108.62,70.393,110.78
121.58,107.82,71.005,110.23
120.53,107.51,71.476,109.81
119.08,107.24,72.122,109.22
120.99,106.65,72.329,109.02
121.87,106.19,72.674,108.71
121.94,105.49,72.958,108.45
122.05,104.92,73.475,108
122.31,104.08,73.808,107.72
123.02,103.58,74.345,107.26
123.03,102.96,74.709,106.95
121.98,102.32,75.126,106.6
122.53,101.7,75.382,106.38
122.73,101.09,75.803,106.02
122.94,100.39,76.229,105.65
122.46,100.03,76.56,105.38
122.39,99.673,76.956,105.04
124.5,99.16,77.41,104.64
126.52,98.918,78.052,104.12
127.06,98.978,78.398,103.84
128.01,98.796,78.917,103.42
130.02,98.522,79.432,103
132.23,98.717,79.75,102.73
133.48,98.841,80.099,102.45
135.01,98.808,80.49,102.13
136.72,99.459,80.862,101.81
138.56,99.071,81.246,101.5
140.49,99.117,81.668,101.15
140.18,99.372,82.175,100.73
141.98,99.139,82.428,100.52
144.27,99.107,82.799,100.22
143.64,99.099,83.105,99.961
146.27,98.885,83.467,99.65
148.03,98.814,83.943,99.242
148.48,99.199,84.464,98.785
147.96,98.716,84.971,98.345
147.17,99.084,85.472,97.92
144.8,98.951,86.105,97.355
142.17,99.079,86.394,97.127
123.08,99.188,87.323,96.387
120.62,98.613,87.657,96.138
118.61,97.877,88.047,95.822
118.96,97.649,88.196,95.697
118.86,98.323,88.378,95.516
122.89,98.362,88.501,95.389
124.58,97.893,88.569,95.324
127.14,97.96,88.667,95.227
129.71,98.044,88.785,95.11
132.14,98.174,88.922,94.97
137.22,98.538,89.035,94.843
141.76,98.514,89.12,94.745
144.78,98.783,89.229,94.627
148.42,98.808,89.342,94.503
153.28,98.811,89.446,94.386
157.84,99.026,89.549,94.269
162.7,99.248,89.669,94.136
167.68,99.699,89.8,93.98
171.08,99.528,89.942,93.826
174.52,100.31,90.214,93.495
178.9,100.39,90.313,93.385
183.74,100.3,90.429,93.262
188.2,100.16,90.568,93.117
192.71,99.845,90.682,92.996
196.51,99.473,90.801,92.871
200.25,99.217,90.907,92.757
203.65,99.524,91.104,92.559
204.75,99.396,91.33,92.325
210.26,99.146,91.39,92.261
213.71,99.797,91.621,91.99
215.12,100.13,91.808,91.788
219.06,100.23,91.971,91.601
223.56,99.83,92.074,91.483
227.2,99.463,92.174,91.368
232.17,99.781,92.308,91.222
236.64,100.22,92.491,91.015
239.14,100.37,92.625,90.874
241.41,100.53,92.82,90.669
245.3,100.76,92.932,90.542
248.96,100.48,93.046,90.417
253.2,100.98,93.154,90.288
257.71,100.86,93.278,90.144
260.42,101.13,93.426,89.984
264.29,100.92,93.515,89.891
267.71,101.73,93.646,89.75
269.81,101.94,93.772,89.613
273.97,102.11,93.87,89.493
279.21,102.31,93.961,89.381
283.97,102.41,94.06,89.271
288.28,101.93,94.181,89.14
292.08,102.39,94.313,89.003
295.07,102.84,94.418,88.885
298.39,102.75,94.499,88.797
303.16,103.2,94.577,88.702
307.18,103.54,94.648,88.622
310.26,104.16,94.783,88.473
311.75,104.58,94.923,88.323
315.35,105.39,95.037,88.193
319.21,105.89,95.139,88.082
324.19,106.52,95.311,87.88
328.15,106.78,95.408,87.776
333.54,107.04,95.448,87.734
337.61,106.87,95.537,87.636
341.79,106.9,95.601,87.57
344.71,107.28,95.685,87.484
347.58,107.32,95.719,87.445
350.72,107.15,95.772,87.39
350.79,107.14,95.835,87.321
346.03,106.4,95.899,87.237
344.09,103.35,95.986,87.098
339.84,102.75,96.128,86.888
334,103.39,96.251,86.73
326.84,103.33,96.404,86.536
321.84,99.911,96.441,86.4
308.4,90.569,96.522,86.026
305.94,90.688,96.465,85.88
295.23,82.957,96.27,85.463
307.48,85.161,96.263,85.087
308.43,86.802,96.262,84.842
310.59,87.152,96.055,84.546
322.05,88.022,96.041,84.302
324.09,87.883,95.877,84.076
334.92,88.506,95.806,83.895
336.46,88.437,95.706,83.673
337.03,88.331,95.616,83.426
340.13,87.703,95.463,83.314
352.26,88.425,95.394,83.093
352.09,82.204,95.188,82.718
361.9,85.07,95.103,82.315
362.96,85.66,94.994,82.097
364.2,86.302,94.868,81.91
365.68,86.629,94.63,81.719
377.84,86.894,94.502,81.571
378.65,80.044,94.25,81.124
389.84,82.402,93.979,80.967
401.91,84.103,93.936,80.79
402.26,85.414,93.852,80.655
404.12,78.995,93.686,80.353
414.62,81.301,93.404,80.163
426.41,81.81,93.166,80.081
438.92,82.189,92.892,79.94
451.44,82.395,92.688,79.796
451.55,82.395,92.528,79.651
461.86,76.855,92.168,79.272
475.24,78.225,91.692,79.027
488.21,79.458,91.422,78.887
502.4,79.79,91.299,78.854
516.1,79.414,91.138,78.838
515.75,73.98,90.844,78.519
527.89,75.777,90.41,78.38
541.5,76.962,90.184,78.252
554.34,78.048,90.032,77.975
567.27,79.139,89.842,77.82
578.7,80.146,89.646,77.652
579.55,80.985,89.465,77.514
589.21,74.915,89.265,77.226
600.79,76.994,88.877,77.025
613.27,77.634,88.583,76.896
625.26,78.166,88.317,76.771
638.63,79.131,88.199,76.602
638.72,80.334,88,76.467
651.08,81.012,87.673,76.33
662.94,81.793,87.34,76.203
676.1,82.475,87.06,76.148
688.3,83.089,86.867,75.995
700.6,83.741,86.525,75.944
702.15,84.932,85.954,75.825
715.06,85.635,85.709,75.697
727.8,86.447,85.452,75.571
738.92,87.041,85.102,75.453
750.74,88.217,84.743,75.339
770.63,90.672,84.591,75.12
770.62,92.111,84.528,74.98
779.19,87.694,84.176,74.486
789.2,90.661,83.894,74.298
799.39,92.856,83.45,74.204
809.05,94.676,83.113,74.141
819.6,95.717,82.849,74.104
819.11,91.354,82.439,73.69
830.66,94.32,82.269,73.402
842.74,96.387,82.068,73.338
853.19,98.052,81.829,73.219
865.1,99.915,81.667,73.136
874.95,102.05,81.259,73.065
874.98,98.002,80.749,72.584
884.39,101.07,80.315,72.395
894.07,103.46,79.856,72.248
904.05,105.29,79.413,72.135
913.62,106.84,79.277,71.919
920.99,103.46,78.926,71.239
919.95,106.57,78.539,71.11
927.44,109.3,78.231,70.865
927.44,105.59,77.977,70.526
936.69,109.22,77.828,70.273
938.05,111.42,77.679,70.207
945.72,108.53,77.595,69.667
944.76,111.86,77.292,69.639
952.56,108.5,77.133,69.275
959.08,112.47,77.118,68.743
965.78,115.66,77.071,68.578
966.4,112.15,76.886,68.311
976.74,114.74,76.557,68.267
976.74,111.11,76.379,67.974
994.05,114.43,76.133,67.652
1004.4,116.91,75.899,67.643
1020.5,114.04,75.783,67.03
1031.1,116.35,75.641,67.018
1048.3,118.9,75.496,66.892
1047.1,114.15,75.507,66.52
1055.9,117.44,75.286,66.462
1066.2,119.79,75.022,66.472
1075.7,115.58,74.992,66.245
1085.3,118.38,74.732,66.189
1094.7,120.89,74.473,66.218
1100.8,116.73,74.311,65.944
1109.6,119.33,74.125,65.857
1118.7,121.45,73.816,65.779
1134.4,117.72,73.712,65.346
1142.8,120.52,73.489,65.111
1151.7,122.21,73.223,65.104
1152,123.74,72.906,65.022
1161,119.27,72.831,64.865
1170.6,121.58,72.747,64.793
1186.3,123.41,72.469,64.723
1193.1,119.98,72.188,64.383
1201.1,122.84,72.025,64.271
1200.6,124.98,71.833,64.272
1208.5,120.96,71.678,64.151
1210.1,125.31,71.51,64.172
1218.4,133.87,70.899,64.63
1225.7,134.84,69.946,65.517
1227,141.98,68.13,67.374
1228.2,139.97,65.48,70.19
1230.2,138.6,64.962,70.705
1230.1,140.29,64.637,70.982
1204.3,151.44,66.457,69.077
1206,152.29,67.05,68.419
1196.6,145.38,68.404,66.792
1195.2,146.44,69.704,65.347
1194.5,148.13,71.322,63.212
1194.6,150.52,72.77,60.557
1195.4,153.18,74.124,58.001
1198.1,154.81,74.879,55.678
1205.6,156.6,75.214,53.96
1210.7,157.73,75.327,52.665
1202.2,159.18,75.408,51.312
1202.1,159.74,75.608,50.211
1212,158.63,74.539,50.496
1218,158.55,73.87,50.696
1217.4,157.05,73.738,50.711
1217.4,156.33,73.657,50.721
1213.9,156.57,73.647,50.707
1210.7,158.27,73.646,50.661
1193.7,166.34,74.02,49.758
1193.3,166.24,74.061,48.961
1196,171.92,74.17,48.321
1202,171.38,74.092,47.021
1202.9,170.89,74.006,46.637
1203.6,170.72,74.004,46.562
1220,167.45,72.776,47.627
1220.6,166.76,72.615,47.8
1220.1,165.26,72.406,48.084
1219.7,164.18,72.234,48.316
1221.1,168.51,71.374,49.487
1229.5,167.13,70.729,50.373
1230,164.71,70.468,50.685
1228.4,160.11,70.318,50.856
1228.5,157.62,69.966,51.258
1228.9,155.4,69.633,51.627
1229,153.27,69.462,51.825
1228.2,150.83,69.357,51.947
1227.6,148.41,69.02,52.337
1226.4,147.07,68.535,52.9
1226.2,147.69,67.968,53.596
1226,148.08,67.529,54.121
1225.9,141.16,66.662,55.271
1222.7,148.97,66.503,55.444
1219.7,148.93,66.352,55.728
1217.8,148.63,65.753,56.525
1224.5,152.93,64.395,58.164
1224.3,150.28,63.747,59
1232.3,152.44,62.126,60.944
1233.8,157.38,61.257,61.968
1234.2,156.32,61.049,62.212
1233.8,156,61.036,62.226
1232.8,155.37,61.035,62.228
1232.1,154.9,61.033,62.23
1223.5,155.34,61.034,62.227
1223.3,153.77,60.996,62.262
1224.4,151.57,60.969,62.299
1225.6,151.82,60.933,62.35
1226.4,151.99,60.8,62.522
1227,151.67,60.632,62.749
1228.1,151.82,60.435,62.989
1228.8,153.96,60.26,63.147
1227,155.13,60.216,63.117
1225,157.07,60.211,63.093
1225.9,157.3,60.222,63.083
1226.7,157.54,60.233,63.074
1225.1,158.29,60.243,63.066
1227.1,158.73,60.22,63.095
1223.1,159.39,60.22,63.092
1221.5,160.22,60.224,63.09
1223.5,160.67,60.225,63.087
1224.6,161.63,60.225,63.083
1225.9,160.03,60.188,63.143
1233.5,158.09,59.64,63.969
1233.7,155.34,59.227,64.61
1234.1,152.7,59.092,64.822
1234.1,150.21,59.054,64.887
1234.1,148.05,59.02,64.944
1233.3,145.36,58.99,64.992
1231.6,141.19,58.9,65.139
1230.1,135.92,58.747,65.388
1230.5,123.48,57.332,67.764
1230.5,121.98,56.471,69.335
1230.3,120.51,55.803,70.559
1237.2,117.16,54.6,72.506
1235.7,115.61,54.259,73.057
1234.4,115.07,54.037,73.449
1233.2,114.29,53.999,73.513
1232.3,113.65,53.925,73.644
1231.9,113.82,53.877,73.729
1231.7,113.94,53.734,73.98
1233.1,113.37,53.215,74.892
1234,106.91,52.97,75.391
1233.3,107.61,52.868,75.551
1233.9,108.75,52.766,75.708
1234.3,108.94,52.672,75.851
1235.1,108.34,52.433,76.195
1235.8,106.38,52.243,76.455
1236.3,103.69,52.058,76.71
1236.7,102.26,51.985,76.811
1236.7,101.11,51.91,76.916
1236.6,100.4,51.838,77.021
1236.5,99.916,51.768,77.133
1236.1,99.905,51.66,77.306
1236.4,99.392,51.593,77.413
1234.9,99.181,51.557,77.476
1233.8,98.529,51.542,77.505
1229.5,98.636,51.564,77.484
1227.4,98.701,51.603,77.449
1226.2,98.629,51.632,77.424
1225.6,99.025,51.644,77.413
1224.8,99.118,51.653,77.405
1224.7,98.922,51.663,77.394
1224.7,98.69,51.674,77.384
1224,98.918,51.681,77.376
1222.6,99.974,51.694,77.36
1223.1,99.964,51.7,77.352
1221.4,100.97,51.707,77.345
1221.4,102.02,51.712,77.337
1222,101.43,51.715,77.333
1220.7,102.28,51.72,77.325
1219.8,103.1,51.734,77.304
1220.6,103.33,51.746,77.286
1219.6,103.64,51.787,77.233
1219.2,104.26,51.819,77.186
1218.8,104.89,51.851,77.139
1218,105.59,51.867,77.117
1217,105.92,51.892,77.083
1215.3,106.44,51.915,77.05
1216.9,105.92,51.925,77.035
1219.7,104.46,51.91,77.049
1222.1,102.44,51.876,77.081
1223.8,101.56,51.822,77.143
1225.5,99.785,51.796,77.172
1226.6,97.757,51.759,77.218
1228.1,95.654,51.719,77.269
1229.6,94.299,51.649,77.361
1230.7,93.047,51.593,77.435
1231.4,90.932,51.522,77.538
1232.4,89.156,51.437,77.659
1232.9,87.9,51.352,77.77
1232.4,86.565,51.297,77.847
1231.8,84.969,51.258,77.9
1231.4,84.156,51.204,77.972
1231.1,83.567,51.172,78.016
1231.1,83.307,51.137,78.066
1230,83.41,51.115,78.099
1229.4,83.42,51.087,78.143
1228.8,82.884,51.062,78.18
1228.3,82.411,51.04,78.212
1228,81.269,51.019,78.242
1228,80.488,50.983,78.296
1227.5,79.459,50.964,78.324
1227.6,78.634,50.942,78.354
1228.4,77.929,50.907,78.402
1229.2,77.207,50.872,78.45
1230.4,76.876,50.847,78.484
1231.7,76.58,50.803,78.545
1232.8,75.439,50.766,78.595
1234,74.532,50.739,78.629
1234.9,72.308,50.689,78.7
1235.6,71.437,50.64,78.762
1236.2,70.306,50.595,78.821
1236.9,69.919,50.58,78.839
1237.2,69.195,50.536,78.895
1237.6,68.484,50.513,78.923
1238.1,67.358,50.491,78.951
1238.1,66.327,50.458,78.996
1238,65.706,50.45,79.006
1238.1,64.554,50.443,79.014
1238,64.262,50.438,79.019
1238.1,62.726,50.427,79.033
1238,61.3,50.419,79.042
1237.7,60.607,50.413,79.05
1237.5,60.18,50.4,79.069
1236.8,60.48,50.38,79.097
1236.8,59.902,50.271,79.239
1236.7,60.228,50.203,79.326
1237.2,60.213,50.135,79.422
1237.2,60.442,50.093,79.48
1237.1,60.127,50.057,79.526
1237.1,59.827,50.022,79.576
1237.2,59.537,49.968,79.65
1237.6,59.52,49.909,79.729
1237.6,58.765,49.869,79.782
1237.9,57.761,49.818,79.85
1237.4,57.586,49.781,79.9
1236.7,57.007,49.752,79.94
1236,56.71,49.695,80.024
1235.7,57.127,49.626,80.131
1235.5,57.704,49.553,80.244
1235.2,57.873,49.494,80.328
1235,57.999,49.474,80.358
1234.6,57.841,49.449,80.392
1234.3,57.43,49.429,80.42
1233.9,57.819,49.408,80.448
1233.1,58.167,49.396,80.465
1232.8,58.776,49.386,80.479
1231.7,57.794,49.366,80.509
1231,58.635,49.346,80.537
1230.2,58.672,49.324,80.571
1229.7,59.349,49.312,80.586
1229.8,59.056,49.298,80.605
1229.8,58.885,49.283,80.626
1229.5,59.271,49.269,80.645
1229.3,59.489,49.26,80.657
1229.3,60.517,49.249,80.672
1229.5,60.7,49.218,80.713
1229.5,60.934,49.198,80.738
1229.5,61.141,49.179,80.763
1228.8,62.112,49.167,80.78
1228.2,63.053,49.158,80.792
1228.5,64.143,49.143,80.812
1228.4,64.474,49.132,80.827
1228.1,64.131,49.123,80.839
1227.7,63.792,49.115,80.851
1227.6,63.962,49.103,80.867
1227,63.693,49.093,80.881
1226.4,63.655,49.084,80.892
1226.1,63.624,49.078,80.9
1226,63.101,49.074,80.906
1226,62.577,49.07,80.911
1225.9,62.891,49.066,80.917
1225.9,63.11,49.059,80.926
1225.8,63.05,49.052,80.934
1225.5,62.186,49.046,80.941
1225.4,61.636,49.036,80.954
1225.5,60.949,49.02,80.975
1226.1,60.631,49.011,80.984
1226.2,59.746,49.002,80.995
1227,59.138,48.993,81.006
1228.6,58.886,48.986,81.014
1229.4,58.65,48.979,81.021
1230.3,58.767,48.968,81.034
1231.3,58.658,48.959,81.045
1232.1,57.552,48.949,81.056
1232.8,56.774,48.901,81.113
1233.9,55.477,48.819,81.209
1234.5,54.944,48.781,81.255
1234.8,54.52,48.736,81.308
1235.6,53.433,48.669,81.391
1235.9,53.173,48.614,81.46
1236.4,52.82,48.571,81.514
1237.1,52.385,48.476,81.636
1238.1,51.937,48.413,81.713
1238.9,51.406,48.297,81.852
1238.4,50.742,48.205,81.974
1239.4,49.586,47.981,82.275
1240.1,47.665,47.783,82.529
1240.4,46.526,47.709,82.623
1241,46.443,47.633,82.724
1241.2,46.511,47.543,82.841
1240.8,46.294,47.495,82.905
1240.7,46.264,47.468,82.938
1240.9,45.506,47.433,82.982
1240.5,45.506,47.368,83.069
1240.2,45.837,47.331,83.118
1239.9,46.223,47.295,83.166
1239.8,45.855,47.247,83.229
1239.8,45.401,47.193,83.303
1239.7,45.555,47.145,83.37
1239.3,44.995,47.122,83.402
1239.3,44.29,47.09,83.447
1239.3,43.542,47.055,83.496
1239.4,44.07,47.011,83.557
1239.6,44.24,46.985,83.593
1239,43.306,46.939,83.661
1238.3,42.887,46.888,83.738
1238.5,42.654,46.862,83.778
1238.7,42.432,46.839,83.816
1238.1,42.159,46.817,83.851
1238.4,41.933,46.767,83.923
1238.7,42.685,46.725,83.987
1238.9,42.075,46.675,84.066
1239.3,41.769,46.618,84.159
1239.5,41.665,46.563,84.247
1239.9,41.656,46.506,84.343
1240,42.028,46.447,84.444
1240.3,41.643,46.405,84.509
1240.6,42.048,46.366,84.568
1240.6,41.912,46.333,84.617
1240.6,41.78,46.3,84.665
1240.7,41.647,46.284,84.689
1240.8,41.393,46.273,84.705
1240.8,41.66,46.258,84.724
1241,42.001,46.241,84.745
1240.7,43.014,46.233,84.754
1240.7,43.847,46.224,84.763
1240.6,44.375,46.212,84.777
1240.5,44.861,46.203,84.788
1240.3,45.688,46.187,84.805
1240.1,46.41,46.159,84.836
1240,47.408,46.119,84.88
1239.9,47.385,46.088,84.916
1240,47.94,46.057,84.949
1239.5,48.318,46.044,84.963
1239.5,48.288,46.023,84.988
1238.9,48.784,46.006,85.009
1238.9,49.021,45.988,85.033
1239,49.254,45.97,85.056
1239.1,48.781,45.953,85.076
1238.3,46.905,45.922,85.116
1237.2,45.476,45.906,85.139
1237.2,44.221,45.878,85.175
