386,123,364,469
401.56,116.62,369.53,475.33
414.23,112.56,372.76,480.97
423.23,108.95,374.65,486.15
434.01,107.85,376.02,491.09
445.21,102.23,377.97,494.99
456.28,94.308,380.68,497.32
463.61,92.537,383.77,499.93
469.27,92.62,386.07,499.56
475.41,98.584,386.32,497.9
483.99,103.15,386.84,496.94
491.76,110.05,387.11,495.86
497.96,117.16,387.29,494.15
503.4,115.59,386.44,493.13
505.42,118.17,385.52,491.96
506.54,121.41,385.32,490.92
507.19,123.36,387.03,490.42
508.75,120.11,388.77,488.54
509.81,122.19,390.58,487.56
513.76,124.6,392.78,484.92
508.35,121.86,397.61,485.83
501.32,120.07,405.97,486.63
493.35,124.05,412.74,489.24
482.75,118.41,418.63,488.73
480.68,111.79,421.2,486.04
479.93,112.32,426.05,486.63
475.94,112.26,433.34,491.07
469.01,109.72,441.32,494.24
467.21,114.03,444.72,498.11
461.15,111.74,450.55,499.58
451.69,108.93,457.97,506.45
436.2,100.82,466.26,509.11
432.66,105.54,471.19,515.66
431.65,107.55,474.77,516.12
406.7,113.75,476.43,522.35
403.72,121.09,476.58,520.53
406.38,125.45,474.89,519.22
403.22,131.07,468.86,515.76
400.21,131.59,463.93,508.11
404.93,136.43,453.25,501.77
408.46,145.6,443.09,494.34
409.21,149.75,435.86,485.33
413.22,149.34,428.52,474.79
417.46,156.36,418.63,464.46
419.67,159.67,410.95,453.16
424.48,172.47,402.16,450.54
430.48,176.06,393.11,441.49
439.27,175.75,384.65,434.1
439.04,173.78,376.08,424.58
443.4,185.99,367.14,416.53
448.2,185.89,355.78,407.4
454.06,189.18,345.67,399.52
462.48,199.01,336.87,386.71
469.13,210.28,328.77,374.89
475.27,216.37,320.64,364.92
483.23,223.04,312.27,355.98
490.59,227.82,305.49,349.32
496.12,231.14,298.26,341.07
504.18,235.34,293.52,334.38
506.55,238.05,288.05,327.07
508.94,242.52,282.29,319.77
516.66,244.46,275.9,313.06
524.07,252.88,269.28,308.97
532.81,250.4,261.59,307.64
540.86,252.58,253.79,302.73
551.02,255.73,245.19,296.23
559.32,254.56,237.86,292.32
567.79,268.02,230.46,284.17
576.79,276.81,222.54,277.6
586.58,275,214.11,272.13
592.05,278.73,207.88,265.99
596.98,279.38,202.23,260.33
605.09,277.38,196.59,254.34
610.8,279.11,191.66,249.77
610.61,280.97,188.46,248.01
609.18,276.95,186.26,243.55
609.81,276.25,183.59,240.02
609.55,281.82,182.16,236.21
612.93,284.65,180.17,232.33
610.61,286,178.12,229.97
610.69,286.47,176.56,226.7
610.44,282.04,175.34,222.33
612.03,286.36,173.6,218.91
609.19,288.03,172.43,215.98
608.82,289.97,170.96,214.67
606.35,290.4,170.29,212.34
603.82,290.37,169.89,210.16
602.34,291.84,169.57,209.22
601.22,289.62,168.88,209.19
601.73,287.65,168.14,208.97
602.35,288.66,166.26,209.25
602.85,286.04,165.24,208.85
599.46,289.16,164.55,207.29
600.43,286.44,162.66,206.92
602.61,283.13,160.61,207.13
606.53,282.48,159.29,206.77
605.43,279.2,158.74,205.45
606.97,276.99,157.53,204.51
609.02,278.34,155.23,203.81
607.86,274.17,153.01,204.94
608.82,275.31,151.52,200.5
612.16,274.54,149.65,196.27
616.16,272.89,148.53,194
613.82,268.02,146.56,194.43
617.3,269.02,145.09,194.89
617.76,267.32,144.84,195.95
618.43,266.32,144.09,197.18
622.9,265.57,143.73,195.66
625.11,268.45,143.83,194.38
622.61,268.39,143.15,192.37
625.76,264.18,143.07,190.86
629.17,264.39,143.2,190.13
630.44,262.99,142.53,189.2
632.98,262.78,141.07,188.45
638.01,261.03,139.71,188.66
639.82,264.8,136.84,189.32
640.74,263.35,134.51,190.21
645.74,260.33,132.54,189.02
652.89,261.15,130.46,189.57
654.03,266.1,129.48,187.99
654.51,260.4,128.28,188.3
655.46,258.43,128.95,187.76
656.4,257.94,129.63,187.04
660.93,259.21,130.03,187.08
660.56,259.67,130.35,187
658.56,259.97,130.88,186.49
661.03,259.93,131.56,184.55
661.04,261.4,131.99,184.1
661.65,263.29,132.95,184.95
660.5,264.75,134.16,185.74
662.65,264.93,136.08,186.45
659.89,264.28,138.05,186.87
659.54,264.81,139.17,187.11
658.44,264.75,140.38,187.43
657.9,261.84,142.09,186.89
659.51,265.38,143.81,187.01
657.36,265.46,145.79,186.97
657.9,264.86,146.44,187.28
660.61,265.84,145.91,188.48
660.25,265.65,146.02,188.9
661.32,267.31,146.41,189.33
661.06,268.1,146.8,188.99
661.43,268.7,147.19,188.64
661.51,266.76,146.4,189.01
665.85,265.9,144.73,189.74
666.13,266.32,143.05,190.26
669.53,273.36,141.38,187.5
672.53,275.36,138.56,186.03
677.38,275.62,135.97,184.79
678.86,274.42,134.71,184.31
681.23,273.41,133.91,183.81
683.05,272.48,133.39,183.61
684.38,271.96,132.19,183.53
686.46,271.04,131.09,184.14
687.08,270.14,130.53,183.99
689.07,268.02,130.83,183.84
690.08,266.29,131.59,182.67
690.31,264.64,131.98,180.91
691.37,263.91,132.89,179.77
693.28,263.57,133.56,179.57
693.4,261.35,134.27,180.05
693.43,259.55,134.51,180.87
693.68,256.98,134.4,182.45
693.68,253.21,134.49,184.03
693.47,247.72,134.26,185.37
694.15,244.62,133.85,186.06
687.73,239.26,134.22,186.44
690.44,229.69,133.76,186.93
691,229.1,134.29,187.99
690.96,223.41,135.32,189.68
690.95,216.78,136.67,191.18
692.91,213.37,138.45,193.43
692.05,204.86,141.25,196.55
689.4,201.28,144.2,198.01
689.9,193.57,147.09,202.65
690.92,187.33,150.21,206.75
687.9,178.83,153.51,209.58
683.34,170.37,157.2,214.36
682.99,165.27,161.12,217.43
680.84,159.59,165.06,222.19
675.83,152.02,170.32,228.18
672.78,145.33,176.55,233.12
665.26,138.12,182.73,236.66
659.13,135.92,189.49,239.63
655.01,134.59,195.44,242.3
648.62,132.92,200.97,245.25
643.33,130,205.11,246.8
641.57,128.79,205.72,247.45
639.9,131.9,205.62,247.26
640.11,129.3,205.48,244.59
642.76,129.27,205.83,244.18
638.26,132.4,205.47,243.44
637.74,133.69,204.75,243.34
637.91,133.58,203.44,242.73
634.77,141.65,203.68,239.64
632.42,147.01,203.21,237.71
633.02,147.99,202.35,237.09
634.13,153.7,200.31,236.18
633.9,151.78,199.16,236.5
632.12,160.26,198.38,238.5
630.72,157.11,195.99,237.82
633.42,160.87,192.99,238.18
631.41,166.67,189.95,238.52
629.65,163.42,188.88,237.48
634.84,161.03,186.7,235.33
635.53,163.77,183.56,235.91
634.45,168.03,179.7,235.71
635.03,168.32,176.53,237.3
636.49,168.51,174.06,239.01
639.05,168.13,171.67,239.92
642.51,166.76,169.52,240.29
647.56,169.5,165.55,239.56
653.92,170.82,162.26,241.12
660.75,171.46,157.88,241.87
665.6,173.32,153.94,241.78
666.88,175,151.6,240.53
670.28,173.52,149.23,238.85
675.84,174.59,147.9,238.31
677.18,173.92,147.17,236.61
676.25,174.99,146.73,235.11
677.67,176.08,146.63,234.67
678.22,177.2,147.05,234.92
678.85,175.34,147.32,234.53
682.06,177.64,148.28,233.12
680.46,177.87,149.86,232.96
680.08,181.63,150.93,231.54
682.18,185.21,151.66,232.2
682.05,186.26,152.36,233.39
679.26,189.35,154.42,232.44
676.73,188.39,156.78,233.42
675.57,186.03,159.14,233.34
675.86,186.97,161.01,233.19
675.55,188.58,161.5,232.3
676.43,190.57,161.16,232.2
675.66,192.11,160.26,231.26
681.02,190.8,159.74,231.59
683.86,189.38,159.39,233.03
682.7,191.18,158.68,237.19
683.76,189.75,157.91,239.71
683.91,188.35,157.91,242.77
686.76,184.2,158.77,243.23
692.74,181,159.76,246.7
693.55,174.52,160.82,251.23
696.52,175.26,161.79,256.68
699.42,175.22,163.96,260.26
700.32,169.46,165.68,262.21
705.2,169,166.31,268.09
710.07,163.89,168.26,273.37
715.74,161.53,170.05,278.3
718.62,159.46,171.28,282.87
723.3,157.55,173.12,289.17
722.65,149.08,175.07,297.07
729.41,145.58,178.43,303.86
732.14,141.61,180.74,310.76
733.97,140.59,183.81,316.12
733.69,133.11,186.67,318.42
740.26,127.07,190.14,323.11
741.97,123.25,192.9,325
740.19,122.3,194.9,326.76
730.06,124.34,198.42,332.86
724.83,115.76,201.26,336.77
719.98,114,205.33,340.23
717.33,112.05,209.25,342.19
713.98,109.31,212.76,341.94
710.09,111.68,216.22,340.99
705.13,106.6,219.12,339.87
703.38,110.75,221.74,337.31
700.31,110.93,224.31,331.64
702.48,110.94,227.71,328.99
699.22,114.48,229.95,322.87
694.19,107.27,232.6,319.88
690.19,102.37,234.93,317.88
683.79,103.98,238.47,316.9
681.52,100.08,240.96,317.54
677.49,100.45,245.31,318.69
670.98,98.847,250.02,318.7
669.77,96.724,252.36,320.01
668.28,95.838,255.58,321.42
664.07,93.84,259.26,322.09
664.45,94.039,262.09,321.84
669.41,96.102,263.68,322.56
665.21,95.467,265.83,324.02
661.87,94.709,267.06,323.63
662.45,93.855,267.43,322.53
662.94,93.874,268.49,322.26
661.78,94.446,269.85,321.39
658.16,97.106,272.3,321.53
657.81,98.339,272.59,322.17
650.88,90.273,275.11,323.9
638.25,87.175,276.21,321.55
638.46,83.713,275.52,323.7
634.56,83.61,277.87,326.91
636.85,83.735,278.97,330.42
631.83,85.757,279.69,333.27
629.88,83.389,279.42,335.57
631.25,78.164,279.91,334.97
627.02,77.438,281.5,336.7
624.31,77.316,289.37,330.09
625.47,79.999,295.45,325.88
623.52,81.526,299.69,324.86
622.07,82.383,304,323.53
620.61,80.84,307.57,323.02
621.18,81.209,311.49,320.64
621.02,81.837,314.41,318.18
621.99,82.769,317.37,316.56
621.68,78.367,319.22,315.1
618.83,74.764,319.72,313.92
614.74,72.227,321.48,313.49
608.78,70.116,324.51,313.57
600.92,61.864,326.97,315.05
589.18,57.572,332.44,313.84
580.9,51.855,337.52,313.91
577.2,46.375,341,315.99
570.63,45.206,344.28,315.59
561.05,41.346,347.74,317.41
554.03,35.686,351.77,321
542.53,30.498,356.65,322.79
532.44,17.757,364.2,325.5
522.07,10.285,371.88,327.05
516.25,5.9706,378.78,329.57
509.35,5.2547,385.07,329.3
509.92,2.177,386.86,330.57
506.81,-0.10167,389.36,328.65
497.54,0.40471,392.37,326.88
490.51,2.2422,391.26,328.61
483.33,4.7123,392.62,330.14
478.33,7.6661,392.24,334.94
471.2,8.8455,392.71,340.92
468.74,11.006,390.57,346.02
463.7,8.6953,389.53,351.2
457.78,7.7456,389.93,355.47
446.86,5.7281,390.16,357.84
444.09,5.2952,390.39,358.87
437.99,2.6888,389.33,360.59
435.79,4.4362,389.36,361.33
442.61,2.1242,384.86,362.3
445.94,-1.9261,379.65,362.04
443.92,-1.3177,375.96,359.11
450.19,-1.657,369.96,357.62
452.51,1.8487,364.12,355.66
455.72,2.2529,359.8,356.64
456.2,6.4172,356.18,358.68
458.66,15.2,354.13,362.43
460.33,26.753,352.06,363.54
468.3,41.236,347.86,363.95
478.39,57.957,343.93,364.83
485.39,73.078,340.98,366.55
490.94,86.86,338.51,366.38
496.72,99.325,335.26,366.52
503.38,108.26,332,365.98
508.39,114.48,328.37,365.63
514,122.15,324.53,364.1
520.71,127.29,323.11,363.66
526.96,133.75,322.41,364.37
531.73,136.79,321.8,365.57
537.69,135.84,321.7,365.71
542.34,138.31,323,364.35
545.23,137.2,324.46,362.91
545.97,139.65,326.81,360.28
548.77,140.75,327.81,357.64
551.37,143.78,329.97,355
552.36,145.99,332.88,353.02
552.8,149.27,336.47,351.36
550.98,149.01,342.65,351.84
554.26,149.65,348.13,352.39
553.96,148.17,353.7,351.52
553.48,143.68,358.83,347.64
555.07,140.6,362.78,343.21
555.08,139.91,368.39,341.63
554.77,138.89,372.25,340.37
557.02,141.89,375.88,338.45
559.63,146.75,377.44,337.94
566.77,149.69,378.06,338.15
569.7,150.42,380.66,339.41
573.31,150.96,382.88,340
577.81,152.86,385.25,340.93
587.07,150.19,386.03,341.34
590.49,147.81,386.33,339.83
603.94,149.58,384.57,335.66
604.15,147.53,383.65,334.03
597.52,148.88,383.9,331.77
587.88,146.49,383.84,328.28
576.09,147.45,386.15,326.16
566.33,150.58,389.68,325.62
556.4,154.37,390.49,327.03
550.81,158.71,391.07,333.41
540.49,160.28,390.78,339.65
511.46,158.36,393.9,344.7
479.13,152.48,399.13,348.26
451.47,151.9,402.14,351.58
432.5,144.86,405.29,354.34
415.53,139.73,408.45,357.33
402.43,136.83,411.05,362
390.79,133.51,412.37,365.05
382.11,131.93,413.72,366.06
373.26,133.7,414.43,368.15
368.38,131.78,413.66,370.2
365.98,134.23,411.78,370.92
361.99,136.43,411.67,371.59
360.41,132.21,411.29,374.16
352.9,131.44,412.97,373.59
351.62,127.26,412.74,371.79
349.32,119.28,414.24,368.54
344.18,119.22,417.77,366.25
338.52,116.97,421.91,365.72
333.18,115.48,424.59,364.05
331.66,113.3,426.3,364.19
326.58,115.18,428,366.4
327.22,114.17,431.1,367.22
327.82,114.15,436.15,367.15
328.41,114.54,438.6,366.84
327.8,113.56,441.69,365.54
330.75,114.83,444.79,364.22
334.59,117.54,445.99,363.24
342.63,118.13,444.25,363.73
347.82,119.35,443.38,362.75
357.04,118.14,441.07,361.52
363.55,118.32,439.75,359.92
369.8,119.13,436.97,358.39
380.71,120.62,433.77,358.28
389.36,122.87,432.54,358.24
388.72,122.36,433.45,358.41
389.95,122.74,433.41,359.39
393.05,124.62,431.25,361.59
393.49,126.25,429.16,365.66
397.75,129.25,425.43,371.1
400.47,129.69,420.93,372.63
404.58,132.35,414.96,375.31
403.63,130.68,409.14,376.98
402.71,126.8,405.14,378.58
402.66,125.19,402.55,380.56
400.48,122.42,403.89,380.57
400.26,122.25,405.37,381.79
396.65,120.1,410.25,382.99
391.31,121.91,414.38,384.4
387.5,119.53,417.77,388.58
390.74,119.09,419.53,396.98
390.49,118.11,419.16,404.98
392.83,117.08,420.03,409.03
388.55,112.5,422.75,410.33
388.28,114.29,424.64,413.58
384.49,111.54,426.84,416.96
381.85,102.01,429.25,417.11
385.69,97.44,432.88,420.53
385.67,101.59,435.46,422.91
383.76,94.082,437.35,423.84
380.14,86.575,440.08,423.9
378.2,82.62,444.67,422.52
372.51,76.11,449.07,424.17
369.03,67.105,458.09,425.98
368.35,62.011,462.31,429.91
366.45,53.967,467.44,432.6
365,50.089,475.06,432.53
360,46.072,484.73,434.54
358.61,45.264,495.96,434.1
358.35,45.03,503.64,434.42
364.4,53.611,505.89,440.59
369.4,62.883,510.67,450.54
374.44,79.117,518.77,462.34
382.03,102.23,527.68,477.14
385.76,124.96,535.65,485.77
390.95,151.23,540.25,488.49
392.17,177.66,542.32,493.77
394.83,204.45,543.09,492.84
400.95,222.66,543.78,488.43
402,236.98,544.87,483.24
405.71,246.44,544.36,478.95
414.23,254.71,541.02,474.74
419.42,261.14,538.52,469.91
427.41,273.43,534.62,465.21
433.38,284.66,531.19,458.99
435.62,291.5,528.09,452.51
444.89,293.69,525.05,448.25
455.5,297.53,523.16,445.67
461.63,300.39,521.84,442.6
464.99,305.41,523.54,441.34
469.75,309.55,524.96,442.51
473.27,315.13,526.33,439.59
476.71,315.32,526.16,436.47
484.45,318.05,525.49,432.76
489.27,321.81,526.93,427.44
497.65,325.36,526.2,421.77
509.65,328.81,524.2,419.13
516.52,327.52,521.14,414.65
522.66,333.08,519.37,410.76
518.54,339.54,517.74,405.13
516.34,345.17,514.27,399.33
503.35,347.2,512.33,394.58
494.82,354.87,511.61,389.6
483.83,356.42,512.32,385.48
469.33,360.8,514.48,381.14
453.03,362.39,516.49,377.86
442.63,366.08,519.23,374.12
434.48,379.03,527.87,364.44
424.55,389.42,536.18,353.54
412.14,391.9,541.22,346.8
406.7,395.12,545.89,342.34
402.06,396.51,548.65,338.4
400.34,400.03,550.29,334.76
402.21,405.31,552.07,330.65
393.11,410.5,552.95,325.99
394.59,408.33,553.23,322.78
390.77,413.9,553.43,319.32
390.39,416.22,553.62,316.16
390.16,416.04,552.8,314.03
395.96,416.72,550.58,310.93
402.17,416.47,548.58,309.43
406.65,417.08,546.02,308
415.72,421.31,543.95,306
425.72,422.45,540.41,304.19
403.44,423.59,539.65,302.12
428.54,428.44,534.76,300.88
444.98,428.03,530.22,300.13
455.24,430.59,521.14,298.86
463.84,435.25,513.22,297.41
475.66,435.81,504.08,296.18
491.23,436.49,493.44,295.15
500.93,436.43,483.99,294.33
509.2,434.2,463.9,299.13
524.26,434.76,446.61,300.06
541.19,434.62,430.96,301.43
553.04,439.23,418.11,301.09
563,439.37,407.13,301.27
570.73,439.91,399.55,299.39
578.61,441.12,390.31,298.67
592.32,439.06,384.71,297.83
601.7,444.66,378.21,295.53
608.06,445.3,370.81,291.71
614.21,448.18,363.89,288.26
622.66,449.57,357.82,286.61
627.78,451.22,350.62,285.5
634.2,452.77,344.32,281.15
641.02,446.19,337.06,277.49
647.48,449,330.51,274.56
657.1,450.59,324.52,272.34
660.33,446.16,321.38,270.72
667.91,437.4,317.21,267.6
670.88,428.41,314.43,264.8
671.58,422.59,310.74,260.16
676.49,419.47,306.76,253.99
684.39,419.41,299.49,251.29
682.4,420.8,295.98,245.62
682.82,414.49,290.94,243.45
683.94,413.92,285.94,240.39
680.8,415.03,281.41,236.58
684.48,414.11,277.04,232.6
686.45,414.19,274.48,230.04
687.27,410.12,272.09,227.77
687.69,409.47,270.5,225.79
687.15,408.17,268.7,224.31
689.68,410.24,265.46,223.19
693.55,409.19,261.05,221.21
695.81,403.98,256.69,219.14
695.79,402.15,252.31,216.81
696.52,405.68,246.29,214.23
697.37,403.31,242.63,211.41
697.66,402.37,237.72,208.98
699.75,400.71,232.48,205.91
699.2,401.61,227.65,203.3
701.04,397.88,222.96,199.69
704.18,399.74,218.23,195.48
704.96,400.02,214.26,191.85
705.45,395.87,210.74,188.57
704.98,397.26,207.31,185.63
702.93,396.76,205.27,183.3
703.88,396.72,203.36,180.44
704,396.3,201.3,178.61
705.22,399.29,198.19,176.03
709.73,399.77,195.71,172.74
711.69,397.34,192.27,169.79
714.46,401.37,188.87,167.47
714.48,399.93,184.8,165.6
716.14,395.86,180.54,163.79
716.77,398.27,176.96,161.08
717.19,395.04,172.49,158.9
718.18,395.86,168.48,156.69
720.72,396.8,164.45,154.17
720.79,395.68,160.2,151.91
722.91,393.83,156,149.3
726.51,394.21,152.25,146.72
728.73,394.14,149.62,143.73
728.62,380.64,147.97,141.43
731.42,384.81,146.29,138.31
734.4,387.4,144.26,135.65
739.6,390.16,142.33,134.34
742.24,392.68,139.99,134.67
743.77,393.18,139.28,133.12
744.58,389.34,137.38,131.58
748.47,386.46,136.02,132.25
750.68,385.92,135.74,132.64
750.6,389.12,136,131.59
751.52,390.87,135.88,130.81
752.67,390.82,136.83,130.15
753.78,392.14,138.03,128.98
757.91,391.16,137.9,128.82
758.83,391.36,137.88,128.35
762.32,392.84,137.78,128.58
764.97,392.42,137.14,128.43
765.35,391.57,136.87,129.12
769.09,390.78,136.68,128.9
770.61,390.19,137.7,128.25
772.06,387.82,137.14,127.35
774.45,386.24,136.28,127.07
773.89,384.74,136.72,126.67
776.91,383.43,135.52,126.24
780.47,381.07,134.43,126.22
781.49,382.07,135,127.47
783.86,381.15,134.35,129.4
785.25,379.43,133.74,131.33
786.69,377.86,133,132.48
790,376.8,133.13,134.23
789.99,374.46,133.96,134.38
792.52,372.42,135.61,134.21
795.37,371.38,136.72,133.5
796.12,369.12,138.34,132.75
797.84,369.6,139.65,132.52
798.79,369.2,140.21,132.21
803.83,368.75,140.8,132.26
803.99,368.71,140.79,132.84
804.51,369.33,140.77,134.33
803.83,367.48,141.16,135.21
803.68,365.02,140.58,135.22
806.78,364.3,141.03,135.29
805.39,364.86,140.69,135.42
805.41,368.55,140.73,135.7
801.52,365.52,140.78,135.73
801.35,363.96,140.84,134.75
800.96,361.52,141.35,133.32
799.17,358.97,141.77,132.18
798.18,357.2,141.58,131.91
799.04,356.01,141.31,132.08
799.15,357.15,140.6,131.78
798.47,355.68,141.59,131.67
795.36,354.79,143.04,132.19
795.64,352.78,144.01,131.38
794.34,354.45,146.25,130.2
791.5,352,147.01,130.98
790.42,347.86,148.43,133.04
791.96,346.29,150.76,135.01
792.14,346.34,153.25,136.51
795.35,346.45,154.54,138.24
800.45,348.69,156.03,140.15
801.57,349.98,158,141.19
802.15,350.42,160.1,142.57
802.32,347.86,162.4,145.17
799.92,351.47,165.91,148.49
799.73,343.56,166.61,151.75
796.22,341.24,169.3,153.87
794.28,337.48,172.64,155.3
791.87,332.97,176.27,156.74
789.22,327.19,180.73,158.47
783.34,321.52,184.61,159.51
772.6,319.14,184.4,161.34
760.58,316.9,182.59,165.42
745.7,311.98,183.04,166.33
734.77,313.21,185.86,169.52
726,312.79,190.48,169.4
716.17,309.87,196.73,169.26
704.75,306.85,201.43,169.86
692.09,300.97,205.91,169.58
674.8,297.69,208.09,170.5
665.14,295.72,213.51,170.26
655.56,294.67,216.94,170.96
650.76,292.87,219.94,172.83
642.19,292.49,222.54,173.23
638.81,291.05,224.77,174.51
638.15,290.67,224.74,175.11
636.83,291.7,224.91,175.49
636.95,292.81,222.82,175.72
636.51,292.96,221.24,174.37
635.26,288.15,220.85,171.98
638.56,284.6,218.83,172.21
638.96,284.88,218.98,172.5
640.45,280.83,216.13,173.29
642.17,275.61,213.15,174.32
644.94,273.03,210.54,174.43
647.27,274.85,207.82,174.76
645.1,272.04,206.75,175.89
647.14,270.17,206.24,175.62
651.03,267.74,206.47,174.87
653.04,266.29,207.56,174.28
654.33,265.06,208.57,174.05
654.58,263.23,209.54,174.11
653.53,266.28,212.72,173.22
648.97,266.03,215.6,173.32
649.9,269.22,217.55,172.68
647.14,267.01,220.23,174.37
648.52,268.33,221.35,174.8
647.08,268.51,223.52,176.11
646.25,264.17,224.46,176.37
643.9,265.25,225.43,176.97
642.99,266.5,227.19,177.13
640.71,266.62,227.67,177.81
642.87,266.36,227.15,177.22
641.39,267.62,227.19,177.01
639.86,262.55,226.43,176.91
636.07,257.58,226.02,176.53
635.29,251.36,225.02,176.57
632.85,254.06,223.39,177.42
628.97,255.17,224.97,178.66
626.76,251.31,225.91,179.95
625.03,250.44,227.64,180.27
621.67,248.75,231.33,179.68
616.22,244.78,233.08,179.58
616.77,241.49,235.82,180.31
617.48,242.37,239.04,179.29
613.38,241.83,243.41,178.95
606.55,243.13,249.7,175
609.86,242.01,250,176.79
614.47,240.35,248.86,178.02
617.33,238.28,249.67,179.27
616.4,236.8,249.82,180.21
621.9,234.71,245.94,180.81
625.39,234.07,243.86,181.81
630.14,234.8,241.99,181.75
631.95,231.17,240.88,179.93
636.67,227.91,238.99,179.81
639.89,227.88,235.96,181.38
640.54,225.25,233.73,180.78
642.23,224.69,232.22,179.94
643.82,225.11,230.45,178.9
642.7,225.56,228.74,179.29
642.62,225.36,230.19,178.92
642.4,222.28,231.2,178.94
641.39,217.6,232.84,179.71
634.22,214.1,235.25,180.7
632.65,209.23,236.86,182.07
630.18,209.67,239.09,182.04
626.51,208.98,240.51,183.06
625.6,205.14,242.86,185.61
624.17,203.77,242.62,187.32
627.26,202.39,240.78,189.71
627.21,202.07,240.3,190.23
628.04,201.81,238.53,190.62
628.86,200.69,236.41,190.46
631.88,200.8,233.6,190.8
631.73,202.45,232.76,189.84
633.44,203.97,230.34,188.29
629.58,201.23,228.15,187.78
631.61,198.88,225.11,185.59
632.49,198.34,224.92,186.24
634.35,201.46,224.27,187.24
639.89,206.7,222.74,188.42
641.65,211.08,223.57,189.49
644.42,214.79,223.48,191.84
647.72,219.84,224.54,191.74
648.94,221.62,225.94,192.59
652.1,224.92,226.48,192.5
655.76,227.11,227.8,191.5
659.87,231.38,229.42,189.56
660.56,235.27,229.64,188.46
661.11,238.92,232.35,187.85
663.68,244.58,233.49,187.12
671.24,245.09,232.18,188.99
674.88,245.41,227.99,190.27
677.19,248.47,224.81,190.56
685.35,252.81,219.94,190.21
696.51,255.41,215.2,189.81
703.18,261.4,211.16,188.79
703.46,263.3,210.01,187.47
707.24,264.05,209.03,186.07
710.26,267.81,207.39,184.67
711.82,270.68,205.44,182.55
714.46,272.98,204.11,181.31
718.68,275.21,201.5,180.6
723.5,278.47,199.8,179.2
727.29,278.1,196.84,178.82
731.41,278.61,195.06,178.4
733.6,280.84,194.94,178.63
734.07,281.84,196.5,179.54
736.72,283.67,198.38,179.24
740.87,284.42,199.73,179.43
742.46,284.89,200.88,178.94
743.7,284.26,202.1,179.06
747.39,286.22,203.06,179.1
750.98,289.91,201.31,179.2
750.66,292.67,201.44,178.96
756.16,293.49,199.35,178.5
758.57,293.24,198.35,177.65
760.42,291.77,197.77,177.09
764.1,291.82,195.04,177.52
763.84,289.87,194.64,177.08
764.13,289.5,191.9,177.08
756.24,288.09,190.28,176.42
746.51,286.15,190.47,176.29
735.02,286.08,190.85,176.91
721.07,286.35,191.44,177.8
704.27,285.64,191.22,177.36
686.3,279.75,191.82,177.06
668.43,275.3,191.61,176.9
650.35,268.14,193.91,176.04
639.59,263.6,196.97,175.46
628.43,256.7,202.17,174.4
612,250.12,207.32,173.55
601.27,244.48,209.41,174.78
593.94,241.59,209.79,176.04
588.35,235.94,209.07,176.33
584.5,231.4,206.33,177.62
578.92,226.79,204.46,177.92
575.31,221.86,203.07,177.82
575.22,223.97,199.67,177.13
576.34,222.02,196.23,177.2
577.28,220.75,194.85,177.08
577.66,220.5,193.52,176.47
577.98,219.87,192.63,175.52
579.88,217.66,190.96,174.96
582.03,214.51,188.93,173.71
581.64,210.08,187.82,173.88
580.89,209.84,185.69,174.06
580.04,209.98,183.56,174.23
579.29,208.32,184.15,174.38
577.02,206.08,184.39,173.62
576.72,207.49,184.23,173.04
576.94,204.71,184.3,173.1
580.56,201.9,184.68,173.38
584.27,202.76,185,172.48
584.02,199.68,185.82,172.47
587.46,197.61,185.68,172.35
591.6,198.42,186.26,171.87
594.81,202.67,184.02,171.55
595.48,200.26,182.91,171.46
595.66,201.85,183.09,171.3
594.11,202.9,182.78,172.12
593.04,201.37,181.06,172.03
592.28,199.67,178.99,172.09
588.04,195.15,178.74,171.45
589.95,194.42,177.22,170.78
589.13,192.76,177.04,170.88
585.74,192.18,179.19,171.26
584.47,190.58,179.91,172.79
583.86,188.72,181.35,174.49
582.04,186.01,182.64,176.95
578.79,183.72,185.73,178.03
576.79,182.02,188.63,178.46
580.23,181.6,190.1,178.58
581.22,180.32,191.9,178.02
580.16,179.84,194.71,177.91
579.58,178.55,196.05,178.84
582.3,175.54,195.21,179.28
583.66,175.37,194.48,179.41
585.03,175.78,192.84,179.27
586.87,176.66,190.11,178.59
590.44,175.83,186.36,178.05
595.62,176.92,182.68,177.04
604.4,177.88,179.36,176.72
610.09,178.38,176.43,176.14
612.38,175.43,174.04,175.49
614.37,174.24,172.09,174.52
615.33,173.63,169.46,173.98
617.27,172.39,166.6,172.98
620.55,172.68,164.76,172.01
623.67,171.96,161.74,172.12
627.79,171.55,158.6,172.45
631.36,169.79,157.26,172.18
632.99,168.28,156.85,172.13
635.25,168.61,156.69,171.48
634.84,169.8,157.21,171.45
636.22,170.81,157.8,171.5
637.06,172.14,158.79,172.04
639.29,172.34,159.36,171.27
641.04,173.17,161.35,171.14
644.13,173.37,161.52,171.14
644.59,173.43,163.11,171.51
644.44,172.38,165.17,171.29
644.5,173.72,166.01,171.25
649.71,179.53,165.83,171.99
650.38,183.59,165.91,172.23
652.62,187.78,165.25,173.13
656.79,191.89,164.13,173.81
659.59,195.96,162.82,176.3
661.95,202.14,161.78,177.43
662.96,206.46,160.22,178.19
664.26,211.55,158.36,178.85
665.56,218.87,156.91,179.24
668.44,223.92,156.28,178.71
670.75,227.52,155.44,176.81
673.56,229.44,155.2,174.97
674.62,231.23,155.83,173.71
676.49,234.22,157.23,172.72
678.3,236.84,158.39,171.88
679.59,241.41,159.92,171.71
677.77,245.71,160.01,171.7
681.23,251.77,159.83,172.34
682.25,252.89,159.81,173.14
683.93,257.06,158.4,172.91
687.49,261.8,156.47,172.79
690.97,270.7,154.93,173.01
692.48,274.23,152.45,173.65
694.7,279.01,150.68,173.38
692.74,282.41,149.55,173.17
691.47,286.64,148.02,173.47
688.84,290.53,146.71,173.18
683.59,292.03,146.69,173.33
679.61,295.38,147.35,171.85
677.95,298.47,147.2,169.86
675.7,301.42,146.14,168.48
673.45,305.05,144.91,167.9
672.12,307.07,144.47,166.92
671.32,309.02,143.71,165.21
669.12,308.45,144.21,163.81
666.29,309.38,146.89,162.1
663,309.45,149.15,162.88
661.89,311.97,151.69,164.71
660.11,314.01,154.3,166.7
656.76,316.8,157.88,167.3
656.49,317.57,159.65,167.89
655.68,320.11,161.09,168.28
654.84,321.6,163.42,168.48
654.64,323.66,165.71,168.87
652.94,325.02,166.54,170.56
651.2,328.58,166.62,172.07
651.83,331.64,165.92,172.4
651.15,333.81,166.08,171.27
648.06,335.06,167.65,170.73
647.25,337.15,168.13,172.4
643.67,337.07,167.88,173.79
639.8,336.44,168.08,175.96
638.02,337.18,168.93,177.35
638.87,340.2,169.36,177.04
638.07,338.81,170.39,177.66
637.25,336.3,170.59,177.92
632.81,335.05,171.57,178.51
631.1,333.95,171.58,179.52
628.89,334.44,173.94,179.86
628.28,334.82,176.65,179.66
628.31,334.13,179.78,179.96
630.4,334.39,182,181.44
628.55,333.14,183.55,183.76
628.8,333.94,184.37,185.25
629.94,333.81,185.68,186.07
630.83,334.2,186.55,186.99
631.62,333.66,187.54,187.19
635.07,334.46,186.94,187.43
635.22,331.8,186.55,186.74
637.39,332.94,185.96,186.56
638.93,331.1,185.89,186.22
640.44,328.9,185.09,185.53
641.64,328.36,185.09,184.74
643.04,327.09,185.66,183.3
639.9,326.07,188.91,180.77
636.43,321.63,191.05,179.92
635.03,321.38,194.06,179.91
636.7,322.75,196.76,179.78
629.84,321.46,200.81,179.49
622.78,322.03,205.7,180.1
614.36,317.71,209.14,182.21
606.18,316.88,210.46,183.13
596.24,312.14,213.58,184.65
587.56,311.21,216.4,186.25
579.25,311.71,219.01,187.72
569.28,311.29,220.53,190.18
560.12,308.32,222.4,192.47
552.99,306.77,222.9,194.8
542.52,305.82,225.05,196.59
533.77,307.03,225.81,197.14
523.06,306.67,226.01,197.67
514.6,305.7,224.4,198.17
507.19,307.06,224.87,198.76
499.35,303.49,223.65,199.08
491.16,302.3,222.52,199.62
481.89,302.02,223.35,199.59
474.85,299.59,222.75,199.16
469.95,300.95,221.11,199.33
464.42,301.89,222.23,197.65
455.13,301.32,225.21,198.27
449.57,305.52,230.46,199
442.44,309.1,233.93,198.56
438.11,307.48,237.38,197.94
435.45,306.93,241.15,198.54
431.15,302.49,246.98,198.12
430.29,304.66,250.87,198.03
427.64,303.75,256.62,198.64
425.5,306.5,262.71,199.04
423.63,307.43,266.5,199.67
420.88,306.54,269.35,201.2
419.65,306.66,270.19,202.51
421.89,309.41,269.2,202.56
425.89,309.75,268.16,202.41
426.16,309.43,270.81,202.11
426.68,309.86,270.56,202.58
430.33,305.64,270.15,203.02
431.42,305.39,270.76,203.53
431.27,306.29,269.55,204.72
432.71,303.51,266.41,206.64
438.43,303.25,263.92,207.43
438.23,303.92,264.11,207.36
437.64,300.25,262.47,206.76
458.82,298.87,261.4,206.32
452.02,296.51,263.23,206.81
452.88,294.78,262.46,206.28
449.74,294.43,263.93,207.12
448.69,294.53,264.23,206.43
451.76,296.32,265.02,206.8
459.34,296.97,263.58,207.03
463.22,298.73,265.65,207.31
466.08,297.9,267.14,207.43
470.85,297.06,266.93,208.61
476.96,297.09,265.04,209.61
485.65,295.98,261,210.95
487.8,293.56,261.63,210.93
490.24,292.05,263.7,210.81
490.18,291.2,265.11,211.49
498.72,288.58,262.19,211.55
507.84,287.1,260.83,212.04
508.49,286.42,261.46,212.15
515.17,283.44,258.59,211.93
517.38,284.73,257.31,212.18
519.7,280.37,255.8,211.29
522.7,280.04,254.21,212.97
525.64,278.71,252.98,214.08
532.69,278.52,252.62,214.86
542.51,282.07,253.42,215.42
545.57,281.18,253.36,215.19
551.05,282.51,255.2,214.46
552.65,283.04,258.96,212.71
553.97,284.04,261.12,211.68
553.99,285.01,262.75,209.7
557.06,279.87,264.32,209.05
559.37,283.91,263.66,211.25
561.22,282.13,262.47,212.21
567.22,283.92,258.59,212.47
575.69,287.14,253.88,209.43
580.26,291.25,251.83,207.43
584.84,296.25,249.81,206.23
586.95,296.58,247.88,204.77
595.14,296.55,245.36,202.54
599.88,295.8,244.92,200.73
605.18,296,242.58,200.97
610.51,296.89,240.55,201.62
615.45,292.64,240.11,201.47
618.14,291.06,242.22,200.76
616.01,287.37,245.98,201.85
615.78,287.28,247.15,200.67
614.81,287.59,247.58,200.21
614.92,287.09,247.69,199.59
617.84,288.84,247.79,200.44
622.24,288.9,247.77,200.75
627.07,286.89,251.29,201.56
627.17,286.47,255.53,201.81
629.48,286.36,260.12,203.18
642.62,283.62,260.3,205.27
649.81,281.03,263.17,207.11
654.72,278.95,265.02,207.72
654.33,276.77,268.09,208.23
656.55,273.65,269.57,208.84
656.71,268.01,270.69,209.46
654.08,263.29,272.11,209.49
652.64,257.58,273.84,209.56
652.53,249.83,273.91,209.37
651.49,242.84,273.09,209.08
649.48,241.2,272.07,209.65
647.1,237.31,271.13,210.35
645.48,234.23,271.21,209.66
627.82,226.22,268.21,208.54
634.13,224.7,265.87,208.21
636.47,223.56,265.57,209.34
622.39,220.97,264.9,208.37
628.35,222.59,267.15,207.99
615.04,217.8,272.29,203.4
619.24,212.44,273.7,203.47
610.67,212.98,277.74,203.25
601.79,209.77,280.24,203.78
595.42,210.94,281.23,204.74
589.26,212.92,283.28,204.33
584.54,212.09,284.22,205.33
576.61,207.83,285.78,206.78
571.38,208.43,286.32,206.96
562.58,209.75,282.23,207.5
536.32,212.8,280.2,207.13
529.6,209.9,276.61,208.1
524.23,210.76,273.41,208.94
518.95,211.33,272.82,208.58
513.83,211.72,273.47,209.68
505.64,210.84,274.45,210.48
525.9,208.49,273.42,209.87
521.64,209.74,270.93,211.22
518.77,212.74,271.12,213.29
514.37,211.73,271.85,215.77
509.61,211.04,276.51,217.18
504.63,211.24,279.34,220.07
505.18,213.84,283.34,223.05
503.78,215.57,289.57,226.35
503.3,212.92,296.59,230.86
503.59,211.22,302.27,235.46
504.44,210.64,309.21,239.88
501.8,206.82,315.33,243.92
526.2,202.68,318.68,248.93
520,201.8,323.78,253.69
513.23,201.01,327.17,255.65
509.47,227.21,331.88,258.57
507.42,220.9,338.33,262.63
507.68,214.24,345.87,266.04
508.42,207.99,351.66,271.6
512.96,206.24,354.59,277.87
517.13,203.63,357.2,282.61
522.08,197.35,360.96,289.47
515.98,190.82,367.02,292.24
461.35,201.06,375.63,294.54
407.55,195.08,383.27,297.34
398.06,187.45,388.2,299.11
388.7,184.17,391.87,302.52
417.02,185.5,394.82,306.79
498.62,187.13,386.67,314.31
493.33,189.59,379.25,320.53
490.91,187.33,378.21,323
483.91,185.54,379.03,326.57
478.71,182.82,381.32,328.64
474.93,180.95,384.73,330.43
515.97,181.15,378,331.26
505.87,183.33,376.77,332.76
500.61,185.99,380.2,335.94
490.79,184.44,384.83,339
481.88,182.34,389.17,340.56
471.29,178.69,397.67,341.56
460.68,172.59,403.93,343.75
448.7,169.42,409.32,348.04
435.01,168.41,414.52,352.21
418.49,169.63,424.91,356.28
408.17,161.6,436.45,359.09
392.65,159.77,446.57,361.8
381.02,156.28,457.07,363.44
364.32,161.06,464.45,365.3
345.6,167.87,469.25,363.83
260.04,165.63,487.39,354.63
241.89,167.44,501.72,349.99
223.73,179.51,516.48,346.13
207.83,185.01,534.53,341.09
198.74,196.6,547.44,338.34
197.85,191.64,559.09,335.84
198.75,196.32,574.21,333.1
245.43,190.58,581.12,332.46
240.05,187.01,585.49,333.57
229.37,191.43,590.21,334.44
224.47,196.76,593.6,335.62
227.87,195.53,596.79,336.72
239.03,196.69,596.01,337.77
283.92,193.32,595.65,339.63
236.34,199.72,594.78,340.62
246.99,202.19,596.95,341.64
249.29,201,598.16,344.31
261.93,197.47,593.8,344.56
262.42,194.53,591.18,344.76
269.06,193.95,590.46,344.11
274.01,198.29,585.91,345.35
278.75,203.41,584.68,347.63
287.81,199.86,581.97,346.57
291.29,199.11,584.33,345.94
280.53,195.85,585.48,345.7
317.31,199.05,587.74,344.63
311.58,202.01,592.12,342.13
313.01,201.99,596.74,340.38
306.26,201.69,603.26,337.84
301.6,200.01,608.04,337.22
294.61,199.59,611.24,337.7
290.14,201.53,614.22,338.19
295.22,201.88,616.16,339.15
293.93,203.41,617.43,341.43
287.19,201.79,618.57,345.83
291.08,201.74,619.11,346.62
292.46,196.4,616.35,346.57
295.37,199.66,615.11,346.73
293.45,202.47,613.37,347.1
290.11,205.1,610.78,346.76
298.71,207.64,608.01,343.75
301.55,208.7,607.8,341.92
358.9,202.74,591.89,349.68
326.35,209.12,593.42,349.58
369.93,208.62,579.94,357.47
364.55,203.64,573.7,362.49
331.43,209.01,582.08,356.88
306.9,216.36,594.33,351
326.9,219.66,598.38,349.76
301.27,215.57,607.16,349.18
323.99,217.1,606.89,350.63
304.79,216.11,615.14,352.09
336.24,208.72,622.3,353.24
322.6,211.39,628.5,353.64
310.52,208.43,632.51,354.92
300.59,203.56,635.31,358.33
295.97,204.59,637.16,361.17
297.53,199.7,634.44,365.21
302.29,190.52,630.9,368.36
310.96,193.58,629.79,369.22
318.76,193.11,626.66,371.82
321.31,188.14,627.45,375.63
321,186.39,625.34,377.28
312,188.89,623.87,376.46
304.15,192.31,620.24,376.92
300.4,190.05,622.66,377.79
306.49,192.29,625.13,377.06
296.75,189.32,627.22,377.21
306.25,191.34,632.86,376.1
306.6,186.49,635.07,375.53
316,184.01,635.23,376.79
353.43,190.87,633.82,378.55
344.81,190.59,636.79,377.58
346.6,196.99,643.36,376.11
352.94,195.62,643.95,374.44
359.98,195.92,645.51,372.64
371.65,197.05,646.27,372.99
382.8,200.62,648.16,374.91
394.01,203.92,648.7,374.73
394.66,211.6,650.15,374.35
405.49,209.71,646.95,373.39
419.13,210.02,643.49,372.98
422.96,212.78,643.85,373.39
421.57,216.24,642.57,374.6
411.73,215.12,643.97,373.89
407.75,208.68,644.44,373.49
399.98,205.16,645.55,375.56
389.16,197.19,647.3,375.79
376.14,201.74,648.03,376.19
447.65,159.11,624.4,392.49
384.26,170.42,612.85,397.6
237.91,190.67,632.94,392.85
202.18,194.51,642.41,386.73
161.34,192.71,655.67,380.83
128.64,197.38,669.36,378.12
89.141,200.98,677.83,378.73
46.937,194.83,687.64,382.48
28.848,187.72,694.08,386.63
55.246,135.97,679.19,408.83
37.71,140.9,687.99,413.47
30.31,144.04,696,417.61
41.796,147.92,699.85,420.98
48.33,142.5,701.3,422.82
73.319,101.93,689,440.6
93.866,112.18,677.98,452.25
100.44,112.7,668.64,457.55
68.925,122.62,656.14,464.32
86.838,127.7,655.52,466.08
100.58,86.383,661.81,470.44
74.442,111.83,648.8,473.43
95.546,122.84,641.34,471.27
121.01,77.871,635.33,475.1
129.85,94.773,627.56,475.56
134.74,105.99,620.33,473.74
132.93,121.93,616.61,471.18
134.85,131.33,614.48,464.42
141.09,134.85,612.49,459.53
129.22,143.74,626.64,446.17
126.26,151.89,638.27,434.05
134.6,150.97,647.98,426.2
144.94,157.77,656.99,418.1
159.37,165.05,666.81,411.85
169.1,166.3,671.33,405.66
175.72,168.56,677.64,401.18
180.21,171.68,682.1,398.35
189.15,172.35,688.37,396.24
194.21,170.82,689.88,396.04
201.4,164.9,687.86,394.94
215.14,162.01,685.71,397.3
210.46,166.13,686.61,399.78
205.34,164.62,686.44,399.61
200.37,165.11,684.37,398.62
191.01,169.96,680.99,399.21
192.76,170.18,675.38,396.39
188.9,170.47,674.39,392.04
165.17,175.6,672.7,390.23
138.02,176.62,672.78,390.74
112.1,177.15,675.19,391.21
98.877,173.06,677.74,386.1
81.704,174.83,682.65,384.2
76.257,183.11,686.72,382.65
67.365,186.97,689.09,382.73
65.839,186.99,691.83,382.25
68.646,185.95,692.94,383.27
64.418,191.29,697.69,385.64
66.551,182.3,700.03,389.27
67.501,189.13,704.21,391.69
65.166,187.34,705.48,393.18
58.895,185.04,707.04,393.54
74.265,183.19,704.53,394.68
87.65,188.58,702.85,396.53
106.13,181.44,696.18,394.8
122.93,180.22,689.87,395.33
134.98,177.09,682.19,399.71
141.6,177.39,678.04,401.96
144.57,177.87,676.04,403.53
153.41,176.02,672.92,402.8
153.1,175.64,670.25,399.06
151.95,178.62,670.29,396.6
207.38,166.2,652.87,405.82
192.22,171.75,656.54,402.02
204.68,170.15,645.41,410.48
209.13,173.06,649.55,404.17
216.25,176.76,652.52,400.76
252.65,178.12,657.4,394.96
240.84,181.51,660.53,392.89
244.69,184.94,666.93,387.89
249.07,191.27,669.47,383.67
261.67,196.21,670.28,381.49
277.6,196.29,673.25,379.88
286.13,196.53,674.38,380.37
293.88,193.51,674.99,381.25
302.79,194.14,677.64,381.52
312.82,195.09,681.59,380.82
313.21,194.58,682.34,381.1
310.39,191.44,685.66,381.23
308.69,194.17,689.97,379.13
305.74,194.27,695.09,377
348,189.92,693.87,376.67
323.47,192.79,693.67,377.28
311.15,196.77,695.57,377.59
289.74,194.64,701.44,376.82
253.45,194,710.65,373.6
223.5,193.74,720.36,372.21
185.5,198.91,725.13,374.84
146.76,199.41,734.81,376.58
177.32,199.1,737.64,378.12
151.83,199.23,739.83,379.84
136.63,203.87,744.14,380.55
126.47,206.3,747.37,381.66
121.25,205.76,747.16,383.85
110.24,210.55,743.85,387.37
106.66,215.79,740.03,390.8
114.61,210.82,732.53,393.98
115.21,218.84,724.31,398.9
122.41,224.91,715.74,400.93
125.76,228.42,708.15,401.98
122.74,234.15,699.53,404.17
142.62,238.88,690.58,403.38
155.06,240.79,680.51,402.21
151.25,251.37,672.31,401.91
161.64,256.6,662.61,399.51
164.76,259.96,657.25,398.5
173.11,265.62,653.6,397.17
179.34,274.41,652.76,396.69
188.43,279.94,654.78,394.56
199.39,281.86,655.75,394.44
207.04,289.04,659.32,392.44
218.32,297.77,663.28,389.37
221.87,299.15,667.15,387.06
230.05,301.14,671.67,385.05
237.03,304.15,675.05,383.16
246.73,312.6,678.07,381.24
250.36,314.65,684.54,379.89
262.27,316.25,685.56,380.26
274.04,318.81,683.3,381.69
283.93,319.63,682.15,381.5
285.2,319.82,681.6,381.78
297.99,316.35,685.61,382.89
312.47,322.5,687.69,381.85
323.99,326.66,689.62,380.89
327.32,326.16,690.46,380.8
340.39,322.73,685.49,381.8
337.98,315.65,686.06,383.06
346.9,320.07,686.07,382.32
356.73,327.56,687.41,380.12
384.13,324.02,688.31,381.81
364.08,322.34,694.45,382.69
363.65,312.55,699.79,381.37
367.89,304.25,699.3,381.6
402.51,285.41,701.19,383.13
396.96,272.6,707.77,384.44
436.03,231.46,710.67,387.38
419.3,223.39,712.99,389.36
455.8,175.05,716.85,392.23
430.35,168.79,729.88,391.89
462.49,141.14,736.05,397.57
439.48,121.99,746.51,402.69
430.34,107.41,755.61,406.69
422.67,90.504,762.51,409.54
415.13,69.607,767.13,411.4
398.09,56.379,768.23,412.81
383.19,46.406,766.16,414.86
369.82,40.548,763.34,415.33
346.93,34.917,766.08,413.33
326.83,31.861,766.46,413.42
301.64,22.554,764.81,413.32
280.61,17.063,759.28,410.92
275.07,12.551,754.91,408.22
276.72,7.9282,750.4,404.61
274.23,2.113,743.43,400.83
267.98,-3.0475,738.92,396.84
274.28,-4.1888,732.29,393.61
278.26,-6.8132,727.8,388.89
329.46,-11.484,719.34,384.24
319.88,-9.8842,720.3,380.79
325.61,-12.131,718.38,376.36
340.26,-9.939,715.44,370.7
343.14,-12.411,711.18,365.33
343.12,-13.267,709.34,362.06
346.73,-11.782,710.12,358.39
348.29,-12.737,708.44,355.72
403.14,-12.698,704.15,351.59
399.4,-10.757,702.15,348.51
396.37,-10.287,697.39,345.71
389.63,-10.395,693.25,344.09
380.06,-10.796,692.38,343.32
376.98,-11.314,690.63,341.97
369.67,-18.085,688.31,340.49
299.71,-16.019,687.44,340.51
226.63,-5.4261,686.3,340.99
66.159,1.6397,687.49,346.42
-3.106,8.014,677.04,354.59
-9.6819,14.049,664.91,359.62
-14.005,11.412,656.58,360.61
-13.547,15.365,647.56,361.78
-5.0469,21.714,640.75,365.44
6.5323,27.338,621.23,375.63
13.467,27.323,604.12,384.05
22.965,30.987,592.22,392.24
28.441,27.566,584.49,399.29
32.518,23.658,579.35,405.14
34.709,27.494,578.95,409.35
35.896,27.853,576.66,413.2
44.419,26.353,574.79,415.4
47.612,28.469,571.5,415.95
47.153,29.969,569.9,417.44
49.336,41.208,568.4,415.99
50.929,46.959,566.7,417.12
47.479,54.898,568.11,417.81
49.73,62.656,566.19,417.01
44.626,66.095,562.86,416.02
43.814,70.735,562.76,417.65
40.506,71.659,561.23,418
40.851,71.362,559.36,419.89
50.977,77.391,559.26,419.31
54.966,76.255,560.38,420.01
55.916,74.714,562.09,419.97
58.513,83.19,566.31,419
61.662,89.203,571.13,419.16
49.646,98.827,587.31,409.74
54.918,102.98,603.59,404.12
58.64,104.81,617.27,398.18
64.4,105.5,630.97,395.36
65.176,112.26,644.72,391.01
65.402,117.01,656.47,387.56
80.954,117.99,664.8,386.52
83.473,124.34,674.55,387.18
98.083,128.74,678.73,388.05
104.85,130.72,679.83,389.26
98.224,131.95,687.56,392.74
112.51,131.44,689.4,392.89
126.7,131.33,687.47,391.86
141.23,130.04,687.71,391.12
188.17,127.1,684.31,391.79
180.62,125.99,683.51,392.43
190.28,125.19,685.22,391.32
201.3,119.4,685.02,390.94
215.92,123.71,685.03,391.93
225.27,124.41,684.47,390.31
257.02,121.62,682.5,389.01
258.38,127.72,682.44,386.68
261.15,128.41,680.04,385
262.79,131.2,683.66,383.82
280.78,137.37,690.2,380.44
286.45,144.16,694.3,380.83
286.5,147.37,697.65,381.97
279.01,148.93,702.89,384.73
286.86,153.82,706.12,389.17
287.88,160.28,708.89,396.34
291.39,174.83,711.57,400.87
301.76,187.25,711.95,403.48
323.57,197.28,709.79,405.45
336.07,205.07,709.12,407.67
357.87,207.65,704.66,407.97
362.08,217.71,699.36,406.18
374.07,220.92,691.02,402.71
375.91,225.26,685.35,397.66
388,229.05,677.41,393.46
389.93,234.34,671.48,389.19
341.77,237.53,645.99,394.6
288.27,243.35,625.49,396.35
284.13,244.72,611.18,394.77
233.7,255.83,610.84,385.15
232.43,259.71,609.74,374.45
240.93,271.17,603.99,367.19
236.06,274.22,600.61,359.12
243.59,277.75,595.36,352.09
250.61,284.79,589.46,345.63
257.73,287.52,585.01,339.11
250.37,298.35,580.39,333.44
253.74,300.29,578.21,328.7
256.68,304.47,575.63,324.08
261.4,308.07,572.77,322.17
269.78,307.31,568.2,321.07
270.19,316.4,566.47,318.93
259.01,324.31,568.45,315.16
257.95,324.94,566.85,314.98
261.23,322.26,562.51,313.7
254.55,322.94,561.55,312.83
248.31,324.51,562.62,312.1
246.07,325.16,560.82,311.59
238.76,331.08,560.11,312.53
220.66,330.33,558.91,314.01
214.33,333.76,561.36,314.72
198.05,336.04,562.95,315.01
190.26,334.84,564.47,314.57
185.26,338.52,569.72,312.64
176.17,338.32,571.94,312.49
181.94,337.39,571.94,312.26
203.07,331.35,571.46,311.78
196.41,333.58,574.5,312.08
196.89,331.48,574.69,312.12
200.65,325.42,574.51,312.78
197.32,327.93,572.83,315.1
208.82,330.34,571.84,316.78
208.58,329.4,568.74,318
226.46,284.92,552.49,328.31
234.03,291.32,540.99,334.81
248.51,297.55,527.53,342.01
253.77,305.59,519.4,345.07
257.47,314.59,512.98,345.86
268.99,320.08,502.88,346.28
265.89,322.65,506.37,335.76
261.53,321.55,507.87,328.07
259.95,319.2,508.1,322.53
269.64,319.46,510.1,318.21
279.99,322.47,510.11,315.01
289.78,323.09,510.79,310.88
293.64,324,511.62,307.9
300.74,326.84,513.49,305.11
308.7,325.44,516.74,304.84
315.02,325.49,521.37,303
325.07,325.62,522.59,301.4
340.23,325.67,526.11,300.84
351.19,321.03,526.23,300.22
350.9,323.52,530.17,300.46
363.93,321.26,529.41,301.66
367.51,319.11,528.56,303.74
378.9,313.88,525.4,305.35
379.27,307.68,522.71,305.69
379.25,304.54,522.18,304.22
389.67,300.66,518.37,304.17
438.81,291.95,512.67,304.06
424.86,284.07,511.21,303.11
420.26,278.39,507.11,300.99
421.02,270.11,505.67,297.63
453.67,259.06,505.48,297.86
440.03,248.99,508.63,297.21
468.47,239.75,511.97,299.31
452.96,233.59,518.92,300.79
472.06,223.12,522.93,301.47
457.41,213.28,528.79,300.83
486.58,205.71,529.73,300.71
480.37,194.55,534.46,302.73
487.16,180.4,536.72,303.43
524.39,168.89,536.04,304.94
521.65,164.5,539.7,305.21
519.63,151.61,541.58,306.35
550.06,138.45,546.87,308.92
538.41,121.76,553.33,311.3
545.09,67.544,556.32,312.41
582.13,3.8607,563.29,309.99
622.18,-47.878,568.95,304.29
610.56,-58.69,569.14,304.1
613.84,-66.096,569.21,304.04
612.43,-54.447,569.22,304.03
619.37,-46.091,569.23,304.02
620.19,-43.151,569.44,303.91
627.89,-32.334,569.48,303.89
631.29,-25.789,569.53,303.87
619.79,-4.0927,569.53,303.87
619.63,28.187,569.44,303.93
620.02,48.747,569.37,303.98
611.43,71.149,569.23,304.12
611.29,80.794,569.16,304.18
615.06,95.481,569.16,304.19
619.55,87.942,569.16,304.19
615.44,68.483,569.16,304.19
612.07,60.564,569.16,304.19
605.79,67.884,569.19,304.18
615.59,78.573,569.19,304.18
596.44,56.918,569.18,304.19
512.23,-0.65804,568.09,303.09
453.46,55.168,566.72,311.95
438.41,104.43,560.49,316.79
449.94,114.66,554.17,319.86
453.24,121.94,548.98,321.87
458.75,133.92,547.4,322.67
450.17,151.2,546.61,323.13
451.93,157.42,529.03,332.14
370.69,213.92,536.51,328.47
313.7,230.25,539.21,327.89
317.2,228.95,526.79,337.52
308.42,224.86,520.29,343.61
306.4,234.7,516.78,347.43
304.65,242.19,510.69,350.43
307.41,195.93,506.68,352.63
309.23,198.31,507.91,352.49
308.02,208.32,518.03,343.15
315.04,204.29,511.7,349.87
311.07,209.36,521.47,343.35
316.64,216.72,529.03,339.39
323.36,226.79,533.4,334.64
347.08,235.58,531.65,332.99
376.81,239.15,514.73,344.24
407.05,245.68,497.67,353.16
434.25,256.16,485.81,361.37
448.58,313.17,476.69,361.92
466.13,323.24,465.73,364.61
471.42,376.74,473.77,349.06
481.78,384.56,479.63,339.99
493.74,380.25,473.5,341.59
505.83,381.05,469.92,342.76
512.95,381.49,464.71,343.34
500.72,424.14,470.67,332.65
504.86,376.94,464.2,334.95
466.17,383.93,459.74,334.69
415.96,391.01,464.22,330.58
375.93,338.46,472.6,325.01
371.4,243.79,483.75,317.35
362.57,181.98,494.67,311.54
354.73,111.25,503.01,309.06
347.83,50.409,509.93,307.5
331.76,34.967,522.53,307.76
316.13,25.923,531.73,308.65
308.04,22.851,540.03,308.07
298.04,17.836,546.75,306.96
283.12,15.046,554.62,305.74
264.36,12.66,564.5,304.87
244.09,8.74,571.8,304.35
227.23,8.1365,574.95,303.55
197.72,9.8568,581.62,301.56
127.78,16.119,587.88,301.56
108.54,19.785,591,303.59
61.449,22.052,595.76,306.71
60.213,21.419,594.23,309.7
61.089,17.847,594.46,311.59
60.842,20.015,594.65,313.93
58.84,17.807,597.71,313.05
55.005,17.689,601,313.98
51.524,16.932,607.74,314.18
44.945,17.386,611.68,316.39
45.905,14.731,611.1,317.16
37.333,12.852,615.04,319.14
40.653,14.59,616.25,322.07
40.873,14.609,617.94,322.97
41.633,18.93,617.4,323.77
45.95,33.011,617.26,325.54
40.85,39.366,615.73,327.19
52.157,45.928,612.14,329.88
68.338,54.467,596.66,339.39
67.13,56.401,596.59,340.02
77.419,59.868,596.08,339.46
73.528,61.924,597.76,339.17
74.838,62.821,597.39,338.15
86.276,60.421,592.42,337.72
101.5,64.49,589.88,337.6
107,66.593,586.81,337.38
110.1,69.957,583.82,337.1
113.2,70.371,579.72,334.87
117.7,71.942,576.46,332.64
121.25,70.717,576.28,329.61
123.36,69.051,575.04,328.61
165.31,72.295,575.5,327.92
160.07,78.629,576.31,326.85
170.52,82.983,577.81,325.7
173.96,89.941,580.69,324.3
172.76,100.28,581.28,323
185.49,110.51,579.5,322.44
189.13,118.99,581.06,322.23
195.42,131.21,581.07,322.43
205.66,144.21,580.58,322.57
218.7,151.85,575.75,323.35
225.4,158.08,574.15,323.94
234.52,166.93,574.84,323.96
244.7,174.8,575.23,324.26
249.34,181.48,575.55,324.13
250.8,194.6,576.63,323.8
260.87,210.55,577.57,323.48
269.23,255.81,578.54,322.12
313.85,264.63,578.46,321.34
298.82,275.64,578.83,320.89
285.96,284.87,579.03,320.19
282.98,289.07,579.34,317.86
290.78,294.56,579.84,315.67
292.05,299.8,580.52,315.04
289.24,295.67,582.53,315.06
291.42,294.02,586.49,315.77
282.79,288.54,591.91,317.09
277.02,281.29,594.62,319.51
257.22,275.41,597.73,321.29
248.07,272.57,599.58,324.13
300.55,209.84,584.84,342.29
255.22,218.52,575.72,353.56
258.87,211.07,564.93,365.57
212.39,216.57,559.95,371.65
208.97,215.39,554.41,381.02
201.39,213.06,548.08,387.63
160.17,224.87,541.65,391.11
154.52,225.51,534.57,397.09
157.37,230.78,527.71,401.16
159.58,243.34,519.45,405.63
114.87,307.64,515.18,405.07
108.45,366.53,528.08,386.11
109.01,366.63,535.64,374.93
106.32,370.54,540.58,367.58
107.39,376.44,546.55,359.28
111.57,377.38,549.59,354.39
115.65,384.08,553.07,349.22
127.99,383.19,553.65,346.87
133.64,383.57,554.74,343.71
102.9,388.35,557.78,339.04
100.92,392.85,559.77,334.67
64.249,395.44,558.99,331.58
59.632,400.36,561.03,328.4
55.248,403.29,562.54,324.76
54.504,404.4,562.6,321.92
50.808,406.35,562.67,319.95
49.411,407.53,561.67,318.02
60.658,403.56,558.1,317.39
58.621,406.88,556.5,316.49
15.101,408.85,555.29,315.97
20.983,410.61,554.6,315.33
26.266,446.07,556.23,312.43
32.164,446.07,560.82,306.58
26.337,449.21,562.97,304.2
27.685,451.23,564.53,302.58
26.589,454.21,565.14,302
26.624,456.5,565.66,301.48
37.184,455.87,565.78,301.37
44.703,453.47,565.97,301.23
39.703,447.7,566.24,301.03
41.089,443.25,566.39,300.92
41.182,425.44,566.39,300.94
45.64,411.2,566.18,301.14
44.305,407.07,565.54,301.83
31.169,394.86,564.89,302.57
-6.338,395.1,557.34,308.43
11.609,402.49,555.75,309.24
22.394,397.18,539.95,320.67
5.1124,392.83,520.96,326.91
29.168,374.88,506.17,329.54
54.525,328.53,492.16,336.56
109.67,288.4,487,345.1
114.31,297.13,483.34,347.04
156,254.37,479.45,357.14
156.88,260.21,477.67,356.8
169.52,263.34,475.52,356.2
176.07,267.27,477.12,355.82
185.47,265.6,479.63,355.12
183.76,270.34,491.73,345.94
213.03,274.02,492.26,348.54
195.31,277.38,506.59,343.14
193.63,289.06,525.49,337.92
187.04,299.06,541.12,334.01
199.03,302.21,546.35,332.24
204.84,312.78,550.76,330.21
208.82,315.86,552.76,329.94
221.89,319.65,551.43,328.91
234.09,319.39,550.92,326.39
244.97,309.64,535.4,335.11
256.4,305.72,519.35,340.3
253.49,312.43,521.95,334.3
272.79,306.24,505.49,340.46
285.88,302.02,493.88,346.75
289.49,301.69,487.93,352.86
292.51,303.63,485.32,355.04
286.83,316.65,498.87,343.4
273.23,325.53,511.82,334.95
265.83,327.16,520.61,327.55
260.5,335.17,532.57,321.73
245.1,338.58,539.35,319.88
228.89,338.76,546.78,319.38
215.5,337.25,551.53,319.55
207.12,335.48,555.46,319.72
196.97,332.83,559.05,320.25
190.08,335.39,561.55,321.31
191.08,340.71,563.38,321.84
257.13,332.56,549.92,335.49
211.85,331.47,543.95,346.43
225.14,337.36,542,350.29
239.98,339.6,538.8,358.73
246.21,344.19,537.72,366.37
256.23,345.34,535.81,373.19
253.54,348.53,536.34,377.71
251.58,344.83,535.56,381.12
207.79,349.64,534.23,380.88
217.45,346.15,531.86,381.73
219.05,340.08,528.49,383.4
213.56,336.56,526.94,386.05
214.33,333.46,525.3,388.38
212.47,333.99,520.16,387.25
197.15,335.96,517.56,386.98
183.29,342.2,513.69,385.96
174.95,349.22,510.11,385.22
160.11,344.44,511.61,383.21
142.7,346.19,509.49,382.74
88.923,358.93,522.5,372.48
93.062,366.27,533.06,364.06
56.441,380.09,542.14,356.06
57.165,380.45,546.36,349.77
59.434,383.05,550.14,344.97
58.079,388.92,550.88,340.72
61.749,385.7,550.04,339.47
57.487,383.65,550.9,338.86
64.656,372.25,540.16,347.38
63.901,366.57,528.89,355.56
66.288,364.45,523.87,361.41
65.168,363.81,519.95,365.24
69.894,365.65,514.62,367.81
73.863,364.77,509.94,367.66
79.673,362.63,509.26,367.98
86.503,369.51,517.48,361.48
83.029,379.36,530.23,353.87
85.193,385.47,541.12,346.19
86.666,391.26,550.89,339.45
96.371,395.56,557.63,334.5
101.19,396.61,563.7,330.44
106.97,398.73,568.34,327.38
106.51,401.12,572.66,324.38
110.86,403.41,574.46,322.55
119.27,405.19,573.64,321.03
128.01,405.65,571.77,321.69
134.18,409.44,569.74,321.87
136.48,410.48,568.85,322.04
142.82,410.75,567.4,322.02
145.53,411.21,568.79,321.42
152.69,413.92,569.08,319.68
151.41,414.31,567.19,318.2
151.2,414.41,566.65,316.63
159.81,416.14,565.15,315.73
156.86,436.97,565.84,314.11
189.49,422.62,564.91,313.06
168.66,445.03,567.54,310.19
160.89,442.56,571.11,306.82
162.28,440.17,573.29,304.8
164.51,442.26,574.86,303.24
167.93,441.49,575.83,302.22
172.05,446.42,578.35,299.86
164.55,447.6,583.5,296.4
169.05,448.86,592.99,290.26
217.97,440,590.29,290.35
218.78,440.36,588.17,290.15
218.56,435.09,585.27,291.4
210.79,434.65,588.79,293.45
211.37,412.89,591.09,298.73
259.99,362.17,582.72,307.21
319.36,346.38,563.16,322.46
369.92,296.22,538.08,336.5
363.94,295.48,518.62,350.62
356.02,287.54,509.85,361.19
352.26,270.9,503.43,367.35
397.29,236.56,495.97,370.33
385.44,236.36,487.83,375
378.51,229.54,485.48,376.64
375.34,222.58,483.35,380.1
370.61,222.22,485.48,380.77
373.51,220.14,489.73,384.11
398.55,210.44,497.78,386.39
381.31,212.28,503.3,388.5
368.86,214.69,509.52,389.93
352.58,222.08,518.91,391.79
346.07,222.15,528.2,393.78
341.88,221.31,536.19,397.16
340.79,223.48,541.64,399.55
346.68,221.56,546.7,403.03
357.97,223.75,547.97,409.14
368.39,215.12,551.14,412.01
382.97,183.11,554.38,413.89
384.25,195.71,558.52,410.41
394.65,197.27,557.25,409.9
397.2,193.45,554.32,409.63
361.72,205.24,552.57,408.75
376.9,207.27,549.52,410.53
395.11,205.51,542.28,409.11
358.96,218.55,541.64,407.31
372.68,222.26,541.56,405.05
375.37,224.47,542.25,404.57
378.19,228.69,539.73,402.69
375.35,229.88,537.12,401.34
365.66,229.8,537.42,399.27
353.98,236.27,537.99,396.93
348.31,244.67,538.92,393.86
315.58,253.21,539.39,394.3
326.88,249.99,541.97,393.95
325.81,248.71,543.93,392.94
294.71,253.89,542.73,393.08
312.48,251.47,542.67,392.46
326,250.15,543.44,392.66
334.74,246.14,546.25,393.49
384.05,208.67,549.69,393.17
373.93,218.61,552.4,392.24
376.62,219.56,552.19,390.47
425.47,166.91,547.05,391
415.59,174.45,540.9,391.77
397.41,178.11,535.9,392.99
382.85,185.11,531.79,390.61
365.3,193.42,525.88,389.23
354.45,200.06,521.65,390.34
341,198.08,513.98,387.92
332.51,202.41,508.98,386.9
328.7,202.28,501.5,383.65
328.74,203.98,493.62,383.83
318.62,195.57,486.21,383.66
304.4,188.79,482.32,380.73
292.74,189.69,479.31,380.07
288.68,196.17,474.93,380.87
278.34,196.96,472.04,382.95
273.79,204.12,472.86,379.78
266.33,209.07,476.1,378.91
262.68,220.1,478.64,378.13
227,260.1,477.37,378.29
231.9,253.42,480.2,378.89
236.36,266.91,483.69,380.42
200.19,300.33,484.96,380.17
209,291.93,486.72,380.49
216.23,288.34,489.67,380.02
220.89,284.53,492.7,378.73
223.6,283.08,493.9,380.46
227.84,279.52,493.89,381.55
234.72,276.12,491.81,380.75
244.22,270.75,487.34,380.01
253.85,267.14,485.1,380
261.49,266.84,479.4,379.76
262.51,266.07,478,381.06
262.58,264.85,474.89,379.56
261.65,269,475.06,379.55
239.46,281.04,472.73,380.8
248.47,279.09,472.06,383.12
255.06,279.77,470.18,383.73
261.8,278.42,471.88,384.89
266.45,279.75,473.01,385.56
240.75,288.51,473.76,387.08
251.47,290.4,479.69,389.27
258.28,286.3,483.27,389.9
262.62,282.91,485.82,392.15
270.32,279.34,487.18,393.77
242.06,285.78,490.65,396.51
263.6,285.67,493.39,398.62
274.94,284.14,492.78,398.89
278.75,281.92,494.12,400.03
285.65,279.24,496.08,398.87
290.19,279.07,498.09,396.07
298.21,272.28,498.91,395.5
299.14,267.44,498.06,393.23
299.33,265.13,497.66,390.73
297.06,265.31,497.17,389.22
300.28,262.2,496.44,389.1
300.7,226.91,494.74,388.19
302.28,236.3,492.76,387.87
299.8,244.57,488.7,387.26
305,248.35,481.08,386.02
312.1,249.29,473.23,384.14
319.42,249.05,466.68,381.96
316.26,217.45,465.05,381.45
322.09,233.2,461.26,378.91
324.53,240.29,460.17,376.32
331.54,238.42,456.64,374.18
332.95,235.89,451.8,372.84
334.09,231.89,449.28,369.66
337.7,231.52,447.83,365.03
335.68,232.46,447.53,360.76
334.97,232.81,446.85,356.33
334.94,235.72,447.17,353.79
333.41,238.37,447.88,352.93
333.2,238.33,450.88,351.51
335.15,236.19,453.43,352.15
334.6,235,456.49,352.79
337.33,227.86,459.27,355.77
335.29,224.78,461.76,358.3
340.58,229.66,466.26,360.24
341.8,234.9,470.74,361.67
341.51,235.26,473.64,363.33
340.71,239.3,476.47,365.52
340.63,245.29,476.68,367.61
340.35,244.77,477.38,368.32
343.93,247.49,476.52,370.18
344.41,242.4,475.42,371.65
345.99,243.35,470.82,373.98
348.27,242.5,465.35,376.22
346.56,243.72,464.85,377.06
346.96,243.69,464.06,376.73
341.02,246.39,464.07,376.44
338.75,249.81,464.18,376.45
339.51,253.09,464.28,376.69
337.54,256.66,464.46,377.58
332.29,259.69,463.47,377.56
338.06,263.24,461.51,377.71
336.96,270.01,460.83,377.54
338.13,271.48,460.53,377.4
339.9,273,459.68,377.08
342.5,273.73,458.24,376.68
344.01,270.74,456.4,376.66
345.58,271.78,455.83,376.49
380.66,226.05,456.03,376.15
370.62,234.23,457.98,374.25
354.48,242.79,462.3,373.47
344.4,247.09,466.06,372.01
342.34,245.52,466.24,371.43
343.37,247.96,466.87,369.74
377.9,241.46,461.67,366.14
371.97,238.4,460.51,364.47
369.91,239.13,457.41,365.69
367.27,238.38,456.16,365.84
372.87,197.01,450.33,369.48
410.91,199.34,446.73,370.13
413.99,203.35,442.1,369.07
415.14,201.88,440.02,367.02
418.24,204.13,437.8,363.5
421.67,201.11,434.29,361.18
423.16,199.35,434.57,359.6
420.68,191.65,433.8,358.62
424.77,189.82,431.89,359.57
417.7,187.36,430.73,362.21
407.47,186.18,432.73,363.09
396.34,185.49,436.63,365.01
387.51,185.72,441.11,367.28
381.44,182.03,446.43,370.49
365.31,174.79,456.35,374.42
358.2,171.05,463.08,377.3
346.12,171.8,469.29,379.94
342.92,177.96,470.53,381.57
340.2,181.67,469.83,382.82
335.09,185.76,470.03,381.9
330.48,194.78,471.1,381.56
321.32,199.41,470.79,382.31
316.49,200.34,466.75,383.56
316.43,205.61,459.99,383.5
315.57,206.03,454.76,384.06
311.19,206.09,452.72,384.26
306.31,206.71,451.25,383.78
303.29,210.76,449.51,381.23
297.15,211.5,446.69,381.37
292.61,210.48,445.37,381.42
258.11,224.5,446.08,380.48
254.48,222.51,446.86,378.54
242.83,223.93,449.18,376.27
232.36,220.11,447.94,374.14
202.28,219.37,445.29,375.36
206.7,216.9,443.84,376.61
202.04,211.1,444.96,377.7
195.52,205.18,444.58,378.96
192.04,203.3,444.86,379.8
190.85,199.14,445.31,380.52
188.54,193.89,445.48,381.44
149.02,231.86,444.99,380.79
158.74,220.16,444.83,379.22
76.683,209.65,443.74,380.46
133.89,203.35,445.01,379.93
142.58,197.84,445.84,378.68
149.52,187.31,444.89,378.6
161.65,181,443.79,377.65
176,128.47,440.14,383.24
226.51,126.03,434.37,384.65
235.16,83.459,430.47,388.5
239.65,89.753,427.97,388.47
284.64,92.252,422.89,384.35
279.59,60.498,420.97,381.27
283.83,69.329,418.62,379.8
288.8,69.196,415.15,378.6
298.42,71.445,412.54,376.44
336.87,68.231,412.67,372.5
331.02,67.296,414.92,370.44
326.39,79.387,420.34,368.24
326.89,98.625,422.43,368.82
327.09,111.38,422.38,369.68
322.69,121.99,423.77,372.09
318.66,138.29,427.06,374.61
309.76,147.36,429.5,376.52
303.96,154.79,429.93,376.69
299.49,163.01,430.63,374.93
333.01,170,429.19,374.21
312.94,166.53,429.45,371
302.47,118.16,431.91,369.4
294.81,83.916,434.86,368.28
284.03,85.263,434,368.81
279.84,88.994,431.75,369.84
279.34,87.5,428.14,370.45
279.44,86.317,424.89,370.81
272.53,80.34,422.26,369.11
269.64,86.603,422.28,371.18
228.31,99.607,423.39,376.45
274.84,164.04,422.35,376.5
277.13,204.25,417.63,371.6
313.8,212.49,416.26,368.73
296.58,253.15,418.36,365.54
291.05,263.05,420.73,362.5
317.61,269.87,436.6,346.12
295.52,272.5,448.5,334.35
288.64,283.78,445.18,339.13
281.49,249.81,441.55,343.01
270.59,208.56,441.75,345.18
270.96,163.25,441.33,351.94
267.26,164.83,443.33,355.07
295.77,162.37,458.4,347.3
286.41,163.05,468.8,341.67
277.99,168.6,471.36,347.6
307.51,167.52,483.23,340.94
296,175.12,495.01,335.33
288.9,179.29,508.5,330.8
284.6,179.49,520.62,327.85
283.04,178.75,529.06,326.95
283.58,183.02,537.17,324.79
282.86,180.94,543.34,324.13
287.61,176.65,548.64,324.35
285.57,172.46,550.58,324.27
290.04,172.01,549.86,325.9
290.97,174.37,551.43,328.69
290.8,172.78,551.5,329.68
307.44,163.34,537,347.11
321.1,149.03,525.18,361.41
326.31,145.67,520.39,369.19
336.59,142.37,514.58,375.07
345.91,135.83,510.66,379.54
336.51,139.57,516.94,373.84
341.97,142.49,514.75,375.14
386.28,138.1,512.16,375.57
379.32,139.98,513.17,380.39
369.33,139.98,515.73,384.22
346.92,133.02,525.35,379.82
385.4,129.18,526.85,384.7
349.08,129.68,541.21,377.73
343.95,137.67,550.48,372.35
387.38,138.39,545.76,380.24
388.72,136.27,542.94,385.97
394.59,139.85,543.82,389.67
397.54,142,544.94,393.17
392.65,142.41,546.43,395.13
394.32,146.1,548.05,395.14
400.34,153.5,549.05,396.14
402.03,152.88,546.57,398.07
407.75,155.31,540.26,401
417.99,154.8,531.42,404.09
422.48,155.98,524.58,403.48
425.92,159.01,519.22,402.75
428.69,158.46,515.06,402.08
425.37,155.25,510.26,401.71
426.88,153.54,506.61,400.71
429.39,154.6,501.87,400.32
429.4,153.98,496.81,399.43
434.13,150.45,491.77,399.58
438.52,149.65,490.87,400.2
440.61,151.51,487.59,400.29
450.45,159.1,486.54,399.86
448.34,214.95,485.5,398.59
497.98,166.51,481.41,396.51
490.85,219.45,478.5,393.54
480.23,264.56,476.21,391
527.1,217.11,471.76,389.92
518.82,227.81,469.3,387.48
503.58,276.09,468.49,384.87
495.63,273.26,467.84,381.95
489.76,272.24,468.86,380.31
484.63,271.77,469.63,379.26
478.38,273.48,470.48,378.65
474.83,279.47,469.96,377.91
468.37,283.87,468.61,376.83
464,281.46,467.34,375.38
460.79,240.17,467.19,375.5
454.91,247.93,466.65,373.96
457.91,248.21,462.72,372.34
448.81,252.96,461.68,370.78
436.64,253.82,463.2,369.24
423.7,253.98,463.72,370.47
377.09,253.81,462.03,367.92
410.7,207.01,464.28,369.22
390.77,157.13,466.13,371.82
375.47,113.24,469.58,375.27
363.27,111.76,472.3,377.68
349.09,112.86,474.41,380.29
342.93,116.59,478.78,382.3
331.23,134.64,480.01,385.7
318.56,202.83,481.94,387.05
309.88,217.95,481.71,388.31
285.8,232.46,482.47,389.49
270.64,247.63,484.79,390.49
269.56,303.59,484.44,390.82
261.13,307.28,485.39,390.54
256.35,317.01,489.71,389.11
241.42,321.46,489.08,388.44
234.49,328.57,488.53,386.63
227.47,333.38,489.59,384.93
228.11,337.61,486.91,381.53
225.33,297.82,484.12,381.08
228.21,305.27,478.13,378.04
240.33,309.09,468.05,374.42
242.05,270.4,460.59,372.04
255.05,281.41,451.01,369.36
265.48,282.76,441.33,367.99
274.31,283.85,433.35,363.57
285.34,249.6,424.86,360.56
293.67,259.67,417.65,355.69
311.8,270.21,407.78,349.8
322.65,273.46,400.29,342.21
337.61,275.89,391.51,334.14
349.77,281.94,383.05,325.76
354.28,282.4,378.06,319.24
362.68,283.92,374.68,315.84
371.64,285.8,372.64,313.47
382.8,283.46,369.35,311.16
385.96,281.5,365.7,308.09
391.56,283.87,364.82,306.18
398.87,283.66,362.95,306.61
406.65,278.72,359.61,305.91
412.87,276.35,358.9,306.37
419.6,275.18,358.11,304.62
425.37,273.58,358.5,303.87
425.92,273.14,358.49,304.27
431.8,270.95,358.85,302.92
432.5,266.57,358.25,302.99
437.04,260.16,359.25,302.02
440.27,259.26,357.91,299.6
444,257.15,355.25,296.71
446.59,250.64,352.22,291.29
449.41,253,352.64,287.16
454.85,255.68,351.07,283.5
458.71,260.43,350.64,280.29
460.21,261.3,347.95,277.42
461.71,262.56,346.32,275.48
462.52,265.43,343.67,272.99
466.03,267.5,340.24,272.45
467.01,270.37,338.1,273.34
468.13,274.68,337.53,272.38
468.08,277.32,336.35,270.73
468.92,278.83,333.99,270.05
469.41,276.08,332.03,268.47
500.22,278.72,327.42,268.11
491.86,274.57,326.07,267.54
491.33,247.6,325.97,267.24
486.75,255.57,324.9,267.28
482.43,264.71,325.95,266.91
477.5,269.97,327.5,267.57
474.03,275.14,328.96,267.28
470.11,277.28,328.84,268.49
468.1,280.84,329.87,268.65
436.02,281.89,331.61,268.25
464.86,282.93,332.18,268.25
457.81,285.05,333,268.29
456.42,257.37,334.63,268.51
451.75,266.07,339.13,268.13
448.86,267.65,342.26,268.2
479.59,238.34,342.46,268.93
470.17,247.03,343.47,269.41
459.04,254.39,347.3,269.23
453.49,231.01,349.91,269.44
446.78,242.58,352.65,269.75
438.37,249.69,355.84,270.56
431.76,249.69,360.26,271.45
434,223.77,359.26,274.21
426.3,236.76,361.8,276.79
421.55,242.01,362.22,280.29
422.28,243.25,360.92,281.67
423.53,240.97,361.24,281.42
421.01,238.91,360.08,282.07
418.24,240.19,361.23,283.39
412.87,241.78,360.91,283.81
405.23,240.8,361.97,284.15
398.14,240.28,363.8,287.41
394.44,237.37,363.26,288.16
394.76,238.91,362.94,290.12
392.74,236.86,359.21,292.94
394.37,238.81,357.31,293.52
389.83,240.78,354.41,293.48
389.32,242.58,351.4,293.47
387.49,243.06,349.51,294.53
386.22,245.65,347.77,294.02
382.35,246.91,344.83,294.3
384.72,250.35,342.92,294.01
385.31,251.98,340.27,292.72
386.96,254.44,336.1,291.01
389.08,257.63,330.25,290.99
390.51,263.48,326.34,290.14
391.57,266.79,323.55,289.34
392.76,271.68,321.55,289.2
392.67,275.36,319.28,288.06
397.69,283.59,318.53,286.95
401.37,291.21,317.12,285.53
407.1,300.69,315.54,285.17
411.76,308.53,314.38,284.86
419.01,318.31,313.32,284
429.38,331.16,312.84,283.28
437.87,341.74,311.35,282.19
449.05,349.23,308.12,282.33
460.12,356.11,306.54,281.86
472.12,359.45,305.06,282.41
483.45,362.07,304.19,281.37
497.32,365.31,302.67,280.65
510.73,366.63,302.45,278.89
524.06,368.08,301.4,276.95
537.87,366.42,298.85,275.95
552.46,364.65,296.62,275.94
566.43,361.69,294.91,275.97
579.56,362.38,293.7,275.04
587.84,362.64,293.33,272.84
596.7,362.73,292.94,271.37
605.53,365.09,292.22,270.92
610.08,361.77,290.34,270.72
617.17,360.75,290.78,270.55
621.83,362.14,291.49,269.7
619.7,362.92,291.85,269.65
624.12,362.56,293.83,269.94
618.9,363.5,296.22,269.3
621.27,363.82,294.96,269.02
623.93,363.94,293.97,269.32
620.43,365.72,294.53,268.93
624.57,366.3,294.19,270.42
624.57,365.31,295.21,270.57
625.49,365.69,295.88,271.03
624.56,366,296.27,270.89
625.85,366.06,296.25,271.27
625.74,364.57,296.39,271.4
625.41,365.05,295.44,272.05
627.51,364.57,295.53,273.61
627.17,364.23,295.03,273.71
628.69,363.57,295.76,273.49
627.88,362.18,295.55,272.58
630.37,361.96,295.31,272.26
629.15,358.36,296.45,271.52
627.81,353.78,296.58,271.02
627.29,350.56,295.97,271.72
624.91,346.59,295.47,271.23
626.98,341.12,294.84,271.44
622.62,335.05,294.31,271.01
622.64,329.81,294.08,271.12
617,323.07,293.58,272.16
616.42,319.83,293.77,271.37
610.33,314.22,293.32,272.76
610.88,312.41,293.8,272.93
607.04,307.82,295.27,273.47
604.3,305.01,296.07,273.69
600.17,301.79,297.05,273.8
598.28,297.71,297.26,274.89
600.81,299.65,299.66,274.8
591.69,297.14,299.95,277.22
589.91,294.23,299.35,277.42
588.44,294.61,300.23,278.06
585.72,294.25,300.55,277.89
585.48,295.24,300.24,278.69
584.22,295.94,299.89,278.89
582.67,296.07,298.76,280.25
582.85,296.04,298.41,281.09
584.88,295.62,299.03,281.07
587.82,297.17,298.98,281.34
592.08,300.28,299.68,281.27
595.6,300.48,299.97,281.42
600.57,300.89,300.06,281.48
606.07,300.34,298.94,282.19
609.71,304.43,299.02,281.17
613.37,306.15,298.24,281.22
616.82,307.07,298.03,281.25
621.05,308.54,298.35,281.04
624.86,307.44,297.64,280.63
625.94,304.41,296.08,281.45
626.65,302.82,295.79,281.19
628.51,303.2,294.43,280.74
629.19,302.12,293.46,281.33
626.27,302.26,293.63,282.05
625.67,301.52,292.69,282.9
624.96,301.26,292.6,283.19
622.59,300.58,292.74,283.72
622.9,303.25,294.22,283.41
613.17,304.74,295.26,283.57
604.76,306.21,296.78,283.25
596.37,306.52,297.96,282.27
585.61,303.16,299.43,282.63
576.8,302.69,300.29,282.84
547.52,301.94,298.49,282.46
545.83,296.92,296.52,281.45
520.78,295.46,294.91,281.51
524.05,291.71,296.46,278.96
520.54,286.14,295.95,277.83
514.42,277.96,295.21,276.95
509.38,268.99,293.99,276.42
503.44,260.78,293.35,276.03
499.75,251.25,293.57,276.3
495.24,243.41,294.51,275.6
495.32,234.1,293.69,276.39
493.39,221.85,293.23,277.31
490.86,211.83,295.44,276.57
489.32,203.61,294.51,276.53
486.01,195.97,293.99,277.01
489.96,187.45,292.89,277.64
488.81,181.61,292.69,277.41
488.65,177.99,291.34,277.44
494.59,174.67,289.68,276.99
491.34,168.02,290.43,277.26
494.11,166.84,291.07,278.02
491.64,166.77,290.49,277.71
495.62,169.06,289.73,278.72
496.12,173.03,289.2,278.92
496.28,175.74,289.28,278.72
500.33,177.02,289.49,278.58
498.09,180.69,289.26,278.58
500.28,182.65,289.48,279.1
498.38,183.45,289.95,278.74
500.4,186.72,289.5,277.82
497.72,188.8,289.45,277.42
499.81,191.03,289.68,276.62
498.24,193.46,291.02,275.87
499.88,196.2,292.27,276.88
501.28,197.83,292.16,277.72
500.78,200.18,292.44,277.02
501.66,200.92,292.79,277.52
503.58,202,292.98,277.36
502.98,204.09,294.09,276.74
503.82,205.86,295.94,275.56
502.61,205.97,295.98,274.52
503.63,207.97,296.95,274.23
503.14,206.9,296.26,273.39
502.65,205.31,295.78,273.45
502.4,205.36,295.04,274.43
502.68,205.67,295.05,273.98
501.95,206.4,294.5,273.59
505.92,202.29,293.64,274.93
506.55,202.57,292.95,275.03
506.69,202.73,292.52,274.68
507.37,200.46,293.06,275.15
509.62,198.51,293.28,275.14
511,198.21,294.08,274.48
509.79,197.68,294.03,274.21
511.09,195.56,295.61,274.41
510.33,195.63,296.2,273.94
511.86,192.71,296.55,274.8
511.91,193.18,295.7,274.27
513.38,193.32,294.98,273.67
514.89,193.34,293.63,273.48
512.88,193.12,292.1,273.59
511.71,193.92,290.96,273.81
510.72,194.59,288.85,273.93
514.23,196.2,287.88,274.5
514.46,198.45,287.2,273.87
514,199.67,286.23,273.85
514.44,202.41,285.41,273.31
513.49,203.05,285.68,273.56
515.97,205.65,286.04,274.4
514.25,205.1,286.45,275.2
516.91,208.57,286.54,275.29
514.91,209.74,288.79,274.83
514.11,208.23,289.07,275.11
515.22,209.76,289.14,275.6
515.86,209.75,289.1,276.36
519.58,212.54,288.79,277.14
516.43,215.4,289.42,276.82
516.78,214.69,290.49,276.38
516.63,210.54,290.57,277.51
519.18,212.86,290.36,278.14
519.81,214.64,290.49,278.52
521.53,217.62,289.96,278.72
527.55,224.78,291.14,277.13
526.29,226.81,293.63,276.12
528.02,225.26,294.13,276.43
530.02,223.94,293.94,277.05
532.77,224.47,293.72,278.07
533.49,222.81,293.71,279.4
535.43,222.6,294.88,279.12
535.44,222.13,295.26,279.48
537.12,220.81,294.77,280.2
539.27,220.99,295,280.61
542.8,218.68,293.95,280.99
543.94,217.66,294.41,280.81
546.22,218.31,294.75,280.59
546.74,216.57,294.46,281.49
548.26,216.14,294.99,281.42
546.23,215.67,295.05,282.06
548.7,216.41,294.78,281.89
550.43,215.64,294.78,281.26
549.39,216.27,294.55,281.02
549.27,216.76,294.73,280.55
551.25,218.46,294.39,279.94
552,219.96,294.41,279.91
551.44,218.96,293.64,281.21
552.62,220.61,294.43,280.74
550.98,220.53,294.44,281.25
551.84,220.39,294.51,280.78
554.5,220.99,294.56,280.76
556.22,221.72,295.21,280.28
557.29,222.29,295,280.22
559.87,224.52,295.08,279.81
564.25,223.89,294.61,280.24
569.35,225.54,294.68,280.6
572.79,227.05,294.84,280.24
576.34,229.25,294.54,279.15
576.95,230.94,294.22,278.69
576.18,233.83,294.67,278.26
579.83,238.04,294.33,278.06
578.61,241.84,295.17,277.98
581.96,244.54,295.05,278.71
578.66,247.89,297.16,279.3
579.47,254.06,298.34,279.39
581.16,259.74,298.4,279.28
582.87,261.95,297.86,279.04
585.17,267.01,296.94,279.06
587.32,270.83,296.64,278.78
588.38,275.95,296.98,278.25
589.69,276,296.47,279
590,279.42,296.25,278.39
590.31,279.15,295.4,279.59
591.36,279.11,295,280.78
592.27,279.84,295.32,280.77
589.9,281.93,294.12,280.84
590.03,283.05,294.78,280.36
590.47,283.34,295.15,280.18
590.43,283.39,295.47,279.92
593.49,284.52,295.62,279.16
592.2,283.18,295.37,279.18
594.55,285.4,295.28,277.81
594.69,284.87,295.39,278.11
595.82,284.6,295.72,278.48
593.88,282.92,294.79,279.19
594.9,283.36,294.5,279.6
596.29,283.31,294.13,279.34
597.24,282.29,294.14,279.06
597.45,281.77,294.5,278.5
597.08,279.95,294.64,278.52
597.05,279.15,294.3,278.54
596.31,277.31,293.9,279.1
595.9,275.43,294,279.27
594.37,273.11,295.15,279.32
590.81,268.24,295.03,280.1
587.57,266.07,296.84,279.7
587.91,261.06,297.72,281.24
586.49,256.33,298.82,281.69
585.71,252.66,299.74,281.96
585.17,250.55,300.05,281.61
585.29,247.23,300.36,281.95
585.23,245.93,298.12,282.03
584.18,244.2,296.66,282.53
586.77,246.56,295.13,283.87
586.79,246.94,294.31,284.3
587.34,247.97,293.56,285
586.7,247.45,292.16,285.12
579.95,246.74,292.53,286.67
572.95,250.88,294.45,286.65
571.85,259.53,295.75,285.99
563.97,267.3,298.97,285.19
556.06,271.4,300.77,285.84
549.4,273.68,300.15,286.16
549.6,279.34,301.73,286.82
544.72,281.55,302.24,288.78
542.47,278.28,303.43,292.83
537.45,270.47,308.93,296.01
531.27,260.17,314.2,299.43
521.71,250.1,316.82,304.01
511.2,239.96,319.99,309.36
499.93,230.47,322.46,314.81
491.28,227.18,324.45,318.64
487.82,226.97,327.94,321.25
477.85,225.76,330.54,323.17
478.78,232.07,333.38,322.69
477.91,234.46,334.26,322.23
477.3,231.8,333.85,323.93
476.67,228.3,334.04,325.32
469.53,234.05,337.45,323.49
468.57,232.99,338.82,323.73
466,234.26,339.35,322.93
458.34,232.75,341.52,323.93
457.19,235.54,343.04,323.04
456.75,237.2,343.02,323.24
452.3,235.24,343.1,324.85
452.34,240.15,344.69,324.87
450.45,247.51,346.93,324.54
453.85,256.31,346.82,324.17
453.68,265.88,346.74,322.52
458.64,272.23,347.39,323.57
465.96,277.27,346.75,325.08
473.04,285.82,347.22,325.2
485.36,294.36,345.76,325.31
498.6,304.91,345.53,325.11
505.65,313.03,346.03,326.19
513.28,318.65,346.74,327.52
521.28,325.15,348.23,328.69
523.27,328.1,349.1,331.19
522.96,324.85,351.27,333.42
522.23,319.46,356.59,336.84
519.85,315.41,360.1,342.12
512.21,308.41,365.48,345.6
507.77,303.33,367.93,347.94
506.11,302.65,369.48,349.59
502.68,298.62,370.51,351.88
501.6,293.44,373.31,354.31
497.29,291.67,372.95,356.5
493.15,289.26,373.63,357.21
492.25,287.58,373.48,357.24
492.6,286.42,375.97,356.7
494.15,282.18,380.14,356.65
489.28,278.38,383.47,357.45
485.54,272.8,387.1,357.96
488.05,269.64,389.86,356.72
486.96,263.61,391.2,357.35
492.88,255.29,389.7,358.28
489.41,248.39,390.41,360.2
484.14,241.64,389.8,361.89
488.37,235.77,390.41,363.05
490.76,235.4,390.3,362.69
488.86,233.97,391.01,363.05
495.05,233.39,389.98,363.77
492.49,233.57,389.12,363.53
488.6,228.8,388.41,364.74
487.01,225.45,389.18,364.03
486.24,222.08,389.45,364.27
483.96,218.29,392.52,364.07
488.08,208.77,392.87,362.42
491.57,201.17,391.67,362.95
488.19,196.74,392.97,363.03
492.42,189.57,392.16,363.37
491.82,184.64,391.77,364.46
494.24,183.36,391.24,364.12
499.95,178.82,389.84,367.3
505.33,179.78,389.06,366.77
505.91,180.94,389.2,365.64
503.43,181.93,386.56,366.58
505.7,187.67,386.32,365.96
501.64,193.58,388.18,366.18
497.91,201.32,390.42,365.69
494.88,206.42,392.32,366.32
492.41,214.35,395.22,365.99
490.76,216.64,395.28,366.64
489.6,220.9,395.27,366.24
486.74,224.59,395.21,365.72
482.6,228.59,395.47,365.9
479.84,234.55,397.01,365.92
478.16,235.19,396.26,366.72
479.27,238.56,395.39,366.92
475.84,242.02,396.54,366.37
472.1,241.91,396.24,367.12
471.18,248.97,393.92,366.33
471.82,252.09,392.92,367.65
473.39,258,391.06,365.99
472.99,262.48,391.03,365.47
470.26,265.81,392.25,364.99
470.83,268.39,392.02,364
470.18,270.79,391.35,363.36
468.14,272.71,390.05,363.23
468.75,273.03,388.39,362.58
469.21,272.15,386.59,362.92
468.94,270.85,386.76,363
463.38,274.07,389.02,363.31
466.47,276.17,388.43,362.19
462.29,275.57,388.94,362.55
463.88,275.95,388.33,361.81
461.45,276.06,390.3,363.19
459.27,276.63,388.41,363.05
461.32,284.49,388.02,361.29
462.98,285.26,388.26,360.14
460.04,285.22,386.78,361.21
459.63,288.84,384.89,361.22
461.06,291.33,384.41,359.31
461.58,292.63,385.19,358.6
460.33,292.42,385.93,360.54
459.07,293.19,388.03,360.89
458.72,294.98,389.2,360.72
459.79,296.73,389.08,360.63
458.46,294.61,387.34,361.25
464.26,293.67,386.53,360.77
462.2,292.65,386.37,361.4
467.66,291.96,385.42,360.89
468.12,293.79,387.05,361.58
468.52,292.74,386.19,361.77
473.78,291.06,385.33,361.68
476.62,291.96,385.02,360.04
476.8,292.8,384.29,360.07
481.63,292.56,385.73,359.84
481.31,290.84,386.36,359.49
486.07,290.03,388.41,358.5
482.94,287.96,390.1,357.28
485.54,287.45,388.57,358
485.51,285.51,387.01,358.87
489.06,285.25,387.06,359.3
488.27,284.75,386.65,358.8
491.21,284.9,386.8,358.83
492.8,283.75,386.61,358.67
495.33,282.76,387.33,358.15
494.96,278.74,386.7,357.93
498.96,277.86,386.29,358.1
498.04,272.48,386.88,358.15
501.34,267.4,385.16,357.75
502.28,262.12,384.25,357.34
504.74,257.49,384.22,356.55
505.57,252.3,385.48,355.42
506.87,249.07,387.57,355.1
506.08,247.43,389.21,355.22
508.09,244.74,390.45,355.63
507.44,241.51,391.8,355.43
510.69,236.64,393.14,356.95
513.21,235.51,393.84,357.61
516.07,233.89,394.57,358.23
522.24,237.97,395.09,360.16
521.01,231.07,395.5,360.94
522.43,229.62,396.08,361.41
524.7,232.07,395.73,359.21
524.09,231.65,396.06,360.62
523.24,233.07,395.14,360.14
523.77,237.41,393.66,358.65
520.52,234.98,393.22,359.61
518.24,236.25,392.18,359.56
518.4,238.36,392.14,359.52
513.36,239.7,392.44,360.44
506.1,242.56,393.19,360.34
502.52,242.89,393.99,360.01
499.27,245.3,394.93,359.57
493.79,249.62,395.88,358.43
492.64,254.15,395.85,357.93
489.83,259.09,397.34,357.45
487.06,263.09,398.22,357.06
482.46,267.34,399.35,356.05
479.37,272.22,400,355.25
475.54,273.86,398.36,354.62
470.5,276.84,399.02,353.71
466.11,279.32,398.4,352.49
462.1,281.82,398.08,351.51
457,285.06,397.88,349.88
452.85,284.93,396.81,349.93
452.3,285.69,395.74,351.27
449.17,286.61,395.49,351.23
445.98,287.74,395.34,352.15
441.79,287.41,394,352.55
439.4,288.97,392.05,352.31
437.9,288.4,392.35,351.13
437.18,287.58,391.83,350.2
436.8,287.25,391.72,349
436.93,287.18,391.25,349.26
437.22,285.73,391.16,350.46
438.81,284.67,392.18,351.07
440.29,281.87,393.12,351.19
439.4,277.41,393.24,352.98
437.12,275.69,393.75,353.93
442.05,273.54,391.64,353.96
441.42,273.46,393.09,354.59
444.04,270.93,394.82,354.66
445.44,265.93,394.65,355.06
445.14,263.64,395.88,354.49
444.52,260.96,396.15,354.65
444.97,257.84,396.94,354.18
444.34,253.85,397.37,353.96
445.86,250.71,397.92,352.89
447.25,247.39,399.2,352.69
446.92,243.56,400.82,353.7
449.22,239.26,402.75,354.38
449.31,231.16,402.67,355.59
450.22,224.44,402.24,356.64
449.23,215.08,402.67,357.43
450.66,208.04,402.06,357.52
452.95,202.69,399.87,357.13
453.63,192.8,398.88,358.53
455.98,188.1,397.98,359.1
460.12,182.39,396.38,360.09
457.51,179.53,398.52,360.25
458.63,175.59,397.56,360.99
460.22,173.45,396.98,360.85
459.77,171.74,396.49,361.12
461.89,171.81,396.06,361.45
461.66,169.76,395.8,361.12
462.91,167.61,396.84,361.29
465.44,165.97,398.66,360.95
466.97,168.26,400.37,360.24
469.26,171.76,397.99,358.61
466.83,171.28,399.04,359.15
468.05,168.62,396.8,359.6
470.03,166.65,395.76,359.65
470.96,165.67,396.35,359.92
467.92,167.5,398.09,360.53
464.5,170.15,399.34,361.2
463.76,174.31,402.14,360.5
456.96,176.25,399.58,360.13
453.3,179.37,399.48,360.38
449.7,183.11,399.62,360.32
445.22,185.84,400.2,360.74
444.52,185.99,400.4,361.19
439.76,189.31,401.02,360.99
438.03,191.24,400.43,361.1
434.91,195.55,399.09,361.04
436.3,197.41,398.98,360.11
437.25,196.93,397.5,360.68
433.03,197.23,397.05,361.35
435.92,198.31,396.21,361.24
432.12,199.51,396.55,360.55
432.68,199.45,395.17,359.66
435.01,200.34,394.49,358.91
428.44,200.94,394.58,357.47
431.95,202.92,393.91,356.92
429.49,205.73,393.73,355.67
432.6,204.57,392.75,355.71
434.71,204.41,393.28,355.17
435.13,204.17,393.93,354.73
438.07,205.14,393.18,354.37
441.62,204.84,392.95,353.97
444.74,205.09,393.87,353.17
448.36,204.98,393.86,352.71
452.56,205.37,393.79,352.51
456.24,205.98,393.36,351.48
459.9,204.73,390.94,351.17
464.29,205.59,390.21,351.03
465.87,205.1,389.34,349.53
470.8,205.1,390.12,349.74
475.4,205.01,390.71,349.53
481.49,204.89,390.21,349.81
486.65,204.54,389.13,349.76
493.04,207.15,387.51,350.78
498.81,207.74,387.64,351.47
505.16,207.42,386.45,352.66
511.75,207.9,385.89,353.95
517.95,209.87,385.41,353.68
523.67,211.52,385.34,353.02
527.67,212.05,385.6,352.77
532.16,213.4,385.42,352.62
535.15,214.34,386.17,352.38
538.76,214.21,386.06,352.47
542.24,215.69,386.91,352.24
543.7,215.49,388.49,351.51
544.91,216.08,388.13,350.68
546.34,216.73,388,350.23
547.58,216.36,387.63,350.59
547.84,218.2,388.11,352.19
543.98,216.54,386.75,353.24
549.29,220.09,387.53,352.91
545.64,221.22,389.18,354.78
550.06,221.42,386.9,353.24
548.33,219.03,384.77,354.11
547.88,216.34,384.24,353.54
552.48,218.33,384.76,353.32
549.63,216.31,385.88,354.77
550.82,215.36,386.97,356.29
550.61,214.55,386.63,357.19
549.68,213.2,387.75,357.68
547.82,212.7,389.51,357.97
543.89,213.12,390.92,354.89
542.14,214.15,391.34,355.09
539.38,212.08,391.8,355.8
536.16,210.86,391.73,357.05
534.46,212.92,391.8,357.87
529.37,216.48,393.89,357.29
525.3,217.97,393.36,356.56
522.39,220.12,394.45,356.31
519.73,222.04,397.06,355.92
515.48,227.49,399.37,355.34
512.84,233.3,402.57,355.06
513.48,237.89,403.94,354.85
510.24,239.21,403.48,354.65
509.76,240.56,403.21,355.75
508.91,246.67,404.19,355.82
503.53,250.88,407.17,354.08
502.41,254.16,407.15,352.42
500.41,255.22,408.64,351.76
495.15,258.71,411.22,351.37
494.56,259.4,412.22,352.12
493.78,265.53,415.99,351.11
491.68,272.37,417.77,349.83
491.14,288.63,418.37,348.98
490.94,301.17,421.93,348.76
491.82,316.94,427.15,346.67
490.55,328.88,429.38,345.77
492.22,340.13,432.44,344.23
494.56,349.98,434.84,341.81
492.91,357.59,436.48,339.52
492.18,366.57,437.28,337.24
494.62,373.05,438.11,335.78
496.94,380.43,437.88,333.18
493.2,384.24,436.73,330.48
492.45,392.51,438.52,328.53
490.68,397.9,438.79,325.79
488.89,401.73,438.9,323.52
477.74,402.34,447.35,316.33
466.79,425.93,453.79,310.45
455.86,418.84,461.02,304.78
450.59,424.45,471.33,298.35
444.73,428.31,477.5,293.87
441.53,430.22,484.26,289.98
437.46,429.99,487.97,288.02
435.04,430.14,492.85,286.54
434.77,431.27,495.16,285.36
436.16,424.6,496.93,285.65
438.2,416.75,496.99,286.44
443.34,407.99,497.83,288.48
443.22,400.01,499.44,290.71
446.6,390.77,502.13,292.43
449.19,381.6,503.69,294.42
424.39,379.58,493.68,303.39
442.04,371.88,498.09,303.26
447.69,366.47,503.05,303.55
451.26,360.93,509.26,301.6
453.41,356.39,510.61,302.62
457.51,352.99,512.33,302.53
462.9,350.1,512.79,302.63
470.75,345.67,510.7,302.81
483.04,343.13,500.8,310.58
489.59,344.54,501.5,308.12
497.01,342.65,493.68,315.91
503.32,342.01,487.48,320.03
510.9,339.57,480.61,323.42
515.97,337.03,474.84,326.74
519.88,338.64,468.6,329.26
525.9,338.22,462.65,329.82
532.83,338.53,455.6,330.53
534.99,339.18,450.07,331.55
534.69,337.25,445.29,332.2
528.1,339.26,445.16,332.63
515.76,343.37,443.3,332.6
503.63,343.74,443.41,330.8
493.67,348.28,443.33,329.18
487.77,352.02,441.88,327.4
479.64,354.58,441.71,326.05
472.93,355.22,441.19,325.12
466.69,357.85,441.24,323.96
459.85,358.83,443.4,321.12
452.88,363.73,446.33,320.61
446.79,365.14,449.1,319.15
443.6,364.47,448.6,316.34
447.31,361.49,448.13,318.32
452.97,355.6,447.02,317.34
455.74,356.5,450.64,318.35
456.04,350.62,450.9,319.74
459.58,346.7,451.87,320.41
460.25,340.61,453.03,321.11
462.46,334.62,453.62,320.89
464.75,329.54,453.85,321.14
466.9,322.47,453.27,320.94
470.69,318.62,453.68,321.57
470.23,314.73,456.58,322.34
467.61,308.49,459.8,323.15
459.47,305.17,463.33,325.63
435.45,298.39,472.44,319.67
419.48,296.14,478.16,314.99
418.88,302.9,475.19,318.6
401.36,299.38,482.65,314.94
403.51,303.93,480.14,319.05
398.39,306.31,478.94,323.2
395.79,304.99,475.65,325.45
390.01,305.15,473.26,326.43
384.18,306.18,471.38,328.2
365.71,304.59,475.58,322.52
355.02,311.4,478.64,318.62
345.54,316,482.97,316.13
338,323.02,485.55,314.22
333.1,324.82,490.41,313.53
334.95,327.98,492.33,312.14
342.94,333.28,492.43,309.84
356.21,336.1,493.48,309.36
357.87,340.73,496.66,309.34
365.32,338.35,498.44,307.91
371.87,343.85,498.07,308.9
374.45,346.74,497.5,308.29
376.62,347.57,500.51,307.51
378.42,348.31,500.39,307.52
381.88,346.25,499.47,305.76
389.3,346.9,495.93,305.13
393.86,346.8,494.34,305.19
397.58,345.89,493.39,305.78
401.3,345.15,494.94,306.22
404.8,342.81,495.91,306.62
407.52,336.68,497.25,306.44
412.39,331.33,498.44,305.98
418.87,327.95,499.66,305.8
420,324.97,500.58,305.91
414.89,322.94,502.11,305.38
419.44,317.78,503.71,304.67
419.34,314.6,504.98,304.75
421.58,311.26,508.13,304.18
426.99,307.34,510.09,304.03
426.02,307.88,510.78,304.15
429.79,309.21,511.46,303.62
434.84,306.6,507.08,302.3
441.94,300.74,501.38,300.68
442.58,292.25,498.93,299.38
444.89,284.76,496.27,298.71
435.84,274.79,496.73,299.34
444.79,267.61,492.72,299.65
438.88,256.86,491.22,298.16
431.96,250.81,489.89,297.34
441.03,243.72,486.31,296.99
437.55,240.12,480.38,296.61
442.13,239.32,473.63,294.77
446.36,236.64,469.51,293.85
446.41,236.18,467.14,293.18
441.24,232.74,466.73,292.46
441.76,234.47,466.34,290.49
437.06,235.24,469.08,289.63
437.1,237.78,469.22,289.32
432.66,235.95,467.7,290.49
427.57,233.84,469.28,291.47
426.45,231.68,471.03,292.05
436.49,230.49,461.6,303.01
447.1,228.82,452.42,311.85
450.35,224.96,451.38,317.46
431.74,220.38,467.39,312.48
428.01,220.56,479.58,308.69
421.86,219.92,488.75,307.79
461.43,218.53,483.56,314.11
448.46,215.27,481.6,319.84
438.88,217.63,479.47,325.74
439.66,219.69,474.17,330.52
446.55,220.23,466.09,332.97
448.26,222.55,461.56,332.61
457.56,224.31,457.19,332.39
457.89,223.9,455.4,334.17
466.23,223.01,453.47,336.72
510.31,179.18,454.56,342.11
505.6,184.56,454.64,344.26
505.57,192.08,457.6,343.79
502.13,197.04,459.54,344.57
503.65,195.56,458.15,346.03
503.82,195.36,456.67,347.07
466.6,195.51,467.36,340.55
477.01,189.77,474.84,335.32
481.42,191.21,481.74,332.03
496.68,190.33,478.26,333.43
503.21,184.51,474.08,334.92
505.28,181.01,473.87,336.52
505.01,178.16,474.37,337.23
507.73,175.52,474.77,338.53
496.68,174.42,481.46,334.81
476.52,179.98,478.81,336.41
484.08,179.87,484.55,332.09
537.13,140.86,484.19,336.44
533.19,148.93,482.61,341.77
531.08,155.06,483.65,344.31
523.87,156.93,485.47,346.37
500.04,165.42,496.27,339.85
486.98,169.92,505.9,335.13
475.89,170.4,512.24,330.9
466.89,169.57,518.11,326.42
497.35,167.52,517.54,323.17
482.8,169.33,519.14,320.23
523.31,161.15,507.21,325.34
519.24,157.21,494.35,331.58
522.85,152.52,482.92,336.62
524.94,151.78,473.32,339.92
527.97,149.84,462.95,340.03
528.64,149.82,454.77,340.12
527.55,150.86,446.53,341.29
519.41,156.02,440.5,340.84
511.62,159.58,435.69,338.4
506.91,163.2,432.25,335.84
509.63,162.73,426.44,334.67
511.56,126.17,422.57,338.81
512.34,133.78,418.27,339.03
513.44,139.17,410.01,338.8
514.22,140.89,402.76,338.37
512.4,145.65,397.68,335.64
512.38,154.66,394.63,330.68
511.75,159.64,391.62,328.57
506.41,155.53,390.9,328.32
503.83,156.72,390.47,327.28
504,157.82,393.58,325.88
505.22,157.73,392.09,325.71
501.24,154.19,391.84,326.38
498.29,155.49,390.88,326.56
493.35,158.34,390.78,324.75
490.51,158.39,392.04,324.05
485.11,162.44,394.43,325.02
487.19,169.35,395.55,326.8
483.83,169.77,393.51,325.88
486.05,169.71,391.15,325.33
493.16,172.62,387.08,323.81
498.67,175.45,381.89,321.82
496.64,177.48,380.28,320.31
500.32,178.32,376.54,321.28
513.55,181.5,372.05,322.26
515.62,181.93,368.45,322.49
524.67,188.03,364.19,321.33
530.58,187.83,358.07,321.29
542.92,189.03,351.31,322.55
546.55,189.29,347.22,321.48
553.98,190.92,344.46,322.35
561.6,192.16,339.36,321.97
567.4,191.58,334.32,320.64
575.99,193.63,329.68,321.06
586.85,193.2,326.6,320.08
595.47,189.27,323.3,321.74
606.02,187.72,321.57,319.4
615.05,190.15,320.62,318.69
623.5,192.84,317.82,317.2
631.65,190.52,313.61,317.72
637.82,192.07,310.45,317.17
642.55,193.02,306.87,316.39
645.9,195.3,304.45,315.57
649.66,194.49,301.46,315.48
651.26,194.46,298.3,316.39
655.22,196.13,294.64,316.6
656.75,196.99,292.84,316.89
662.64,197.4,290.83,317.85
665.75,173.57,290.97,318.26
667.84,184.35,291.99,319.05
669.87,162.56,291.96,319.22
668.24,173.43,292.65,318.97
669.8,178.99,292.24,319.71
673.65,188.57,292.17,319.8
673.73,192.13,290.79,318.79
667.14,169.63,293.37,315.33
664.3,180.38,294.1,314.06
694.44,185.7,292.38,313.3
681.75,188.06,291.18,312.24
673.14,161.81,291.31,310.64
668.66,177.37,290.94,308.91
666.75,187.93,290.45,308.34
668.06,189.95,291.62,307.56
665.08,190.97,292.21,306.64
662.86,191.19,291.59,306.78
699.19,188.63,285.74,305.89
699.86,188.92,280.22,304.11
701.16,192.06,277.44,301.04
703.5,194.83,273.17,298.32
707.24,199.23,269.15,296.29
710.17,203.4,266.91,294.52
712.3,207.29,264.43,292.38
712.93,209.32,263.26,290.38
715.41,211.38,261.11,289.21
715.25,215.21,260.21,287.15
714.48,218.78,259.48,285.17
713.92,222.14,257.21,282.61
716.78,224.11,253.98,279.41
722.4,228.82,249.84,276.79
725.4,233.5,247.3,273.57
725.74,235.78,244.5,272.27
729.48,235.83,243.31,271.33
735.35,238.17,240.88,271.4
740.96,237.98,236.81,270.8
746.04,240.52,233.73,269.33
751.71,241.91,232.24,270.04
753.77,242.58,231.27,270.4
751.98,218.57,231.6,271.99
750.64,224.05,231.77,272.13
754.36,232.07,233,270.39
758.01,238.08,232.86,269.91
762.29,242.48,233.18,268.79
767.6,240.86,232.73,268.65
769.37,241.59,234.13,267.76
770.6,243.15,234.24,266.17
774.48,244.2,236.29,263.7
777.34,244.5,236.59,263.6
780.14,240.55,236.73,263.31
779.69,238.42,236.64,262.11
780.61,233.95,236.17,261.37
779.5,229.1,236.36,258.92
781.08,223.17,235.21,257.69
781.14,221.99,234.28,255.58
781.96,217.49,233.69,254.4
778.12,214.13,232.66,254.87
778.95,208.84,230.73,255.94
776.77,203.62,230.22,256.8
778.85,198.56,229.24,258.74
777.4,192.94,228.32,259.77
775.47,190.27,225.44,260.91
772.88,190.4,223.56,261.05
767.53,189.63,223.89,261.89
