570,317,249,184
564.46,315.53,249.66,185.43
562.77,314.35,250.3,186.8
562.35,313.87,250.37,188.26
562.88,313.51,249.92,189.18
565.4,312.94,249.24,189.14
566.2,314.56,248.31,188.77
568.7,315.11,247.1,188.11
571.39,314.79,246.45,187.78
569.59,314.96,246.35,187.98
572.77,314.28,245.3,188.38
574.02,314.61,245.24,188.6
577.86,313.18,245.87,188.77
578.34,311.5,246.73,189.19
580.08,310.54,246.97,188.75
577.63,309.98,247.82,188.76
579.65,310.37,247.3,188.87
584.65,310.11,245.77,189.38
588.34,307.03,245.21,188.88
589.28,306.46,245.25,189.53
590.96,305.96,245.36,190.1
595.79,305.38,243.94,190.56
594.25,304.41,244.56,191.27
596.05,304.98,244.35,191.34
598.96,303.88,244.47,190.73
597.2,303.45,245.71,190.94
599.34,304.85,246.11,190.54
600.09,304.79,246.84,189.79
598.91,305.68,247.55,189.38
599.63,309.21,248.12,188.99
600.86,308.26,248.76,188.36
600.73,308.02,249.33,187.93
602.47,310.45,249.44,187.89
603.63,310.61,249.36,187.93
605.05,314.45,249.04,187.22
605.02,320.59,248.19,183.8
608.02,327.42,245.91,180.25
608.49,328.99,243.83,176.61
614.64,331.63,241.12,174.33
618.73,332.5,238.59,172.94
621.75,333.77,234.68,171.19
625.35,334.8,230.91,169.46
631.65,338.47,229.5,167.12
635.62,340.61,226.06,164.99
636.53,343.67,223.96,162.7
632.91,335.79,222.68,163.93
629.91,334.13,223.6,166.22
625.01,332.54,225.72,168.5
622.55,329.51,230.1,170.8
619.03,335.24,231.85,171.84
622.29,338.57,230.42,172.32
621.35,344.12,229.01,169.77
623.45,344.5,227.3,168.34
626.2,347.09,225.12,167.47
633.16,352.24,221.09,167.28
639.02,354.03,215.81,166.01
641.85,354.47,211.12,164.79
639.85,356.58,208.3,163.25
650.32,358.38,201.51,163.82
668.56,357.49,190.42,166.04
695.77,339.26,187.64,167.95
667.33,346.34,187.36,168.06
656.21,347.93,187.75,167.48
613.1,366.92,183.21,167.11
641.19,372.43,183.29,166.53
643.35,377.16,184.36,165.23
641.15,376.38,184.95,164.58
645.26,371.75,184.91,164.64
670.14,369.98,184.77,164.78
676.22,367.68,184.93,164.65
681.15,366.12,185.03,164.57
685.87,364.71,185.14,164.49
690.64,363.15,185.26,164.4
689.8,361.07,185.51,164.2
685.14,360.41,186.13,163.73
683.92,360.59,186.45,163.5
680.59,363.29,186.78,163.29
682.27,360.99,186.78,163.3
683.13,358.92,186.78,163.31
685.55,354.63,186.77,163.32
692.72,351.79,186.96,163.19
695.46,350.04,187.06,163.12
693.66,347.29,187.12,163.08
583.22,309.99,192.21,150.71
582.6,320.67,197.74,138.76
579.23,327.9,198.72,135.69
575.15,333.64,198.76,135.07
572.8,335.87,199.28,134.36
572.53,338.08,198.43,132.66
567.13,335.17,195.04,133.1
566.67,333,192.53,132.1
566.76,330.52,189.17,130.67
567.19,331.16,185.37,127.99
565.67,329.98,182.18,124.85
565.47,329.05,180.19,122.52
562.93,330.26,180.15,119.34
564.1,329.55,177.22,117.58
565.01,322.65,169.39,123.06
564.04,317.44,162.33,128.74
565.93,316.14,157.23,132.02
568.72,311.46,153.82,130.4
569.38,304.87,150.74,126.48
572.6,302.63,146.87,122.08
573.97,303.03,144.73,116.83
573.05,305.81,142.22,112.55
572.43,305.81,139.47,109.54
572.79,306.18,136.65,106.81
570.82,307.43,133.63,104.46
569.6,306.73,130.91,102.3
569.3,307.05,128.23,100.18
568.71,305.51,125.25,98.383
574.66,305.94,120.78,97.19
580.45,309.26,117.21,94.449
634.63,311.3,115.68,93.214
635.48,314.89,116.8,89.578
636.68,320.34,117.88,84.716
665.56,321.33,113.42,86.879
667.85,322.82,109.79,88.484
673.11,322.73,107.85,89.44
688.45,323.6,106.57,89.943
706.22,376.85,102.04,89.882
712.54,385.82,93.863,95.914
728.94,400.49,93.559,95.926
744.44,410.14,91.463,97.747
749.16,430.4,87.278,102.08
765.11,475.56,84.683,105.68
768.47,484.08,83.414,107.26
770.78,481.9,82.203,108.82
783.99,478.21,81.656,109.25
796.26,471.36,80.832,110.07
797.93,467.47,80.387,110.53
799.34,468.52,80.432,110.5
801.14,469.56,80.451,110.49
802.97,466.25,80.413,110.54
804.69,463.51,80.379,110.58
806.91,461.38,80.354,110.62
804.01,458.31,80.374,110.61
790.39,456.31,80.681,110.53
791.73,454.51,80.944,110.43
691.87,361.42,85.872,102.86
691.21,366.73,89.156,97.23
690.19,370.21,90.926,92.844
700.74,373.57,91.105,89.537
701.41,376.25,90.932,87.076
712.78,369.52,92.169,84.404
701.25,373.08,91.825,83.78
700.09,365.34,91.46,83.71
678.11,355.06,91.774,84.268
676.92,368.38,92.61,84.442
675.68,369.78,93.535,84.744
675.05,381.24,94.836,85.234
674.69,381.51,95.943,85.925
676.44,383.8,97.189,84.997
678.42,396.5,98.052,85.066
681.78,398.77,98.342,84.555
683.93,400.79,98.489,84.113
685.9,404.51,98.816,83.857
698.74,417,98.744,84.78
699.27,417.41,98.738,85.608
700.1,417.76,98.901,86.31
701.49,418.63,99.107,86.96
702.19,419.31,99.385,87.566
703.09,419.73,99.646,88.2
678.39,385.55,101.71,87.379
677.12,387.13,103.89,86.584
676.27,377.58,105.48,86.039
674.05,381.79,110.25,82.139
686.67,383.9,109.4,82.172
688.18,399.15,108.7,82.066
689.95,403.33,107.85,81.767
692.35,407.89,107.09,81.993
694.12,412.75,106.53,82.539
707.03,426.63,106.1,83.624
708.17,429.05,105.97,84.618
679.27,394.68,110.64,81.633
675.74,396.4,114.4,79.583
672.83,397.81,117.92,77.992
685.73,397.65,117.04,80.303
687.17,397.89,116.73,82.731
698.3,399.14,115.52,83.543
699.37,400.06,114.36,83.783
699.98,400.87,113.2,83.967
700.86,401.83,112.81,83.82
712.96,403.83,111.35,83.386
713.81,419.84,110.45,83.001
727.25,437.69,109.74,83.135
729.19,443.04,109.36,83.285
742.31,447.67,108.99,83.506
744.04,451.71,108.66,83.779
745.72,455.1,108.42,83.982
746.55,457.27,108.24,84.234
723.19,422.79,107.49,84.126
723.33,426.24,107.51,83.956
724.76,429.44,107.19,83.572
736.29,420.27,105.88,83.854
736.99,434.79,105.41,83.137
735.8,437.58,107.98,78.721
738.77,439.75,106.13,78.566
739.18,442.61,107.98,75.643
741.04,443.61,107.02,76.003
833.62,349.88,104.91,78.352
838.16,351.72,103.29,80.131
844.22,354.24,101.54,81.551
854.76,358.62,101.11,83.901
857.9,361.37,101.16,85.384
862.51,365.03,101.33,86.783
872.96,369.81,101.56,88.74
876.45,374.16,101.88,89.844
880.89,378.14,101.99,90.521
890.99,384.3,102.82,91.871
890.67,387.89,104.24,91.942
894.6,392.64,105.21,91.988
900.6,397.24,105.74,91.806
907.66,400.77,106.34,92.191
915.15,404.84,106.62,92.641
926.01,410.37,106.8,93.724
937.93,417.13,107.06,94.452
944.69,422.5,107.81,94.359
956.77,429.05,108.54,95.332
967.38,435.38,109.43,95.769
978.88,441.32,110.76,96.939
989.54,446.94,112.03,98.015
1000.3,453.15,113.56,99.401
1011.4,458.8,115.69,101.06
1021.2,465.86,117.3,102.2
1027.7,470.92,117.97,102.41
1039.7,477.69,118.31,103.36
1053.1,494.63,119.02,103.51
1056.4,497.31,118.72,104.1
1077.6,503.47,117.69,104.16
1083.1,507.27,116.61,104.72
1099.9,513.43,115.71,105.28
1138.5,553.92,112.94,103.18
1145.7,554.63,109.86,101.28
1149.9,555.79,107.26,99.376
1153.4,558.48,103.99,97.511
1155,559.2,102.19,95.763
1155.8,558.89,100.18,94.513
1158,560.22,98.517,93.53
1158.7,561.21,97.029,92.8
1159.1,560.96,95.456,92.128
1159.4,561.76,94.294,91.304
1159.8,562.62,93.173,90.847
1160.2,562.3,91.741,90.194
1160.4,562.84,90.543,89.469
1160.4,562.41,89.315,88.845
1160.6,562.79,88.307,88.08
1160.4,563.26,87.761,87.3
1160.9,563.29,87.208,87.09
1161.1,563.72,86.674,86.587
1161.3,563.72,85.873,86.425
1161.3,564.81,85.626,85.716
1160.2,564.58,85.346,85.602
1160.8,564.37,84.697,85.351
1161.2,563.52,84.327,85.13
1162.4,564.06,83.913,84.722
1161.2,564.65,83.93,83.982
1160.8,563.86,83.646,83.462
1159.5,565.88,84.841,83.3
1157.6,566.34,86.127,83.204
1154.2,568.35,87.572,83.048
1151.8,568.99,88.732,83.093
1152.4,568.82,89.473,83.563
1164.3,568.6,88.909,84.528
1173.9,568.58,89.073,86.122
1175.2,568.58,88.603,88.847
1174.7,566.23,89.112,89.976
1171.8,563.23,89.236,89.361
1169,562.32,87.81,89.165
1166,561.65,86.479,88.901
1163.6,561.34,85.095,87.655
1163.9,561.69,84.064,86.493
1163.9,562.86,83.09,85.463
1164.1,563.08,82.123,84.584
1165,563.37,81.328,83.922
1166,563.39,80.276,83.382
1166.3,563.74,79.509,82.606
1166.7,563.88,78.544,81.956
1166.2,564.65,77.94,81.366
1167,563.83,76.862,81.377
1167.5,564.28,76.239,81.271
1167.9,564.46,75.733,81.203
1168,563.92,75.46,81.237
1167.6,563.34,75.288,81.217
1168.1,564.44,75.257,81.142
1168.2,563.47,74.85,81.091
1167.4,563.89,74.851,80.794
1168.2,563.7,74.445,80.851
1168.2,563.52,74.53,80.743
1168.6,564.29,74.627,80.518
1168.2,563.37,74.739,80.447
1168.8,564.02,74.79,80.274
1168.5,564.26,74.915,80.073
1168.3,564.47,75.014,79.902
1168.3,564.7,74.999,79.84
1168.3,563.9,74.895,79.846
1168.2,564.3,74.975,79.735
1168.2,564.68,75.002,79.553
1168.4,564.65,74.803,79.496
1168.4,564.71,74.682,79.356
1168.5,565.08,74.724,79.23
1168.7,564.25,74.637,79.385
1168.7,564.63,74.755,79.349
1168.2,565.05,75.07,79.204
1168.2,565.25,75.112,79.314
1168.2,565.5,75.171,79.34
1167.9,564.67,75.177,79.469
1167.9,564.73,75.218,79.528
1167.9,565.22,75.441,79.454
1167.6,564.54,75.547,79.439
1167.7,564.88,75.791,79.475
1167.6,565.02,75.892,79.363
1167.6,565.29,75.886,79.274
1167.6,565.57,75.881,79.191
1167.6,565.24,76.037,79.273
1167.6,565.43,76.002,79.286
1167.4,564.76,75.741,79.601
1167.2,564.95,75.598,79.54
1167.5,564.76,75.317,79.625
1167.9,564.62,75.125,79.655
1168.5,565.07,75.006,79.566
1168.2,565.17,74.967,79.466
1168.2,564.98,74.9,79.464
1168.2,564.97,74.865,79.465
1168.1,565,74.902,79.479
1168.2,565.01,74.835,79.55
1168.2,565.05,74.812,79.547
1168.3,565.43,74.986,79.514
1168.2,565.03,75.297,79.584
1168.1,564.83,75.586,79.681
1168,565.09,75.69,79.626
1168.2,565.04,75.726,79.676
1167.8,565.33,75.954,79.704
1167.5,565.22,76.283,79.941
1167.7,564.77,76.374,80.232
1167.5,565.12,76.552,80.309
1167,564.81,76.746,80.637
1167.2,564.38,76.829,80.845
1167.4,564.73,77.104,80.824
1167.9,565.04,77.341,80.835
1168.1,564.96,77.407,80.776
1167.9,565.01,77.341,80.739
1167.4,565.46,77.638,80.721
1167.1,565.47,77.648,80.987
1167,564.94,77.646,81.047
1166.8,565.58,77.683,81.304
1166.4,565.08,77.738,81.343
1166.4,564.46,77.69,81.45
1166.3,564.29,78.032,81.359
1166.3,565.42,78.467,81.369
1166.1,564.78,78.318,81.23
1166.5,564.3,78.295,81.399
1166.6,564.72,78.227,81.354
1167.2,564.37,78.342,81.424
1167.3,564.67,78.303,81.478
1167.5,565.1,78.264,81.555
1166.1,564.41,78.062,81.638
1166.3,564.59,78.203,81.739
1167,564.66,78.302,81.9
1166.6,564.64,78.152,81.813
1166.7,563.79,78.203,81.787
1167.5,563.87,78.419,81.59
1167.4,564.39,78.503,81.351
1167.3,564.89,78.763,81.12
1166.7,565.34,78.813,81.003
1166.8,564.6,78.626,81.077
1166.7,564.9,78.555,81.067
1166.8,564.86,78.538,81.032
1166.2,564.89,78.434,81.04
1166.7,564.31,78.322,81.205
1167.4,565.02,78.295,81.293
1166.8,564.91,78.293,81.18
1167.3,564.54,78.383,81.26
1167.7,564.65,78.34,81.199
1167.6,564.49,78.387,81.048
1167.6,564.28,78.467,80.97
1167.8,565.06,78.75,80.961
1167,564.38,78.713,80.877
1167.3,565.05,78.907,80.905
1166.5,564.37,78.705,80.828
1167.4,565.13,78.602,81.056
1166.5,564.49,78.452,80.941
1167.1,565.36,78.394,81.186
1166.8,565.13,78.274,81.134
1167.3,564.66,78.111,81.276
1167.2,564.69,77.911,81.045
1167.7,564.92,77.688,81.065
1167.5,565.33,77.757,80.898
1166.5,565.13,78.244,80.643
1165.4,565.91,78.782,80.423
1166.2,566.21,78.314,80.696
1167.2,566.08,77.901,81.384
1167.1,565.24,77.809,81.668
1167.6,564.66,77.624,81.967
1168.1,564.55,77.812,81.838
1168.7,565.16,78.199,81.676
1168,564.46,78.296,81.693
1168.1,564.97,78.573,81.56
1167.7,564.77,78.491,81.653
1167.7,564.75,78.321,81.529
1167.1,563.84,78.268,81.315
1167.4,564.12,78.401,81.232
1167.3,564.35,78.513,81.065
1168,564.62,78.647,81.064
1168,564.63,78.749,80.935
1168,564.64,78.88,80.852
1168.1,564.55,79.112,80.861
1167,564.13,79.276,80.948
1167.4,564.1,79.46,81.139
1167,564.7,79.517,81.217
1166.7,564.47,79.702,81.196
1166.4,564.33,79.863,81.314
1166.8,564.32,79.954,81.519
1166.5,563.66,79.768,81.542
1166.9,563.74,79.869,81.564
1167.3,563.99,79.881,81.496
1166.7,564.8,79.69,81.472
1166.4,564.45,79.324,81.516
1166.3,564.42,79.204,81.46
1166.4,564.5,79.116,81.394
1166.6,564,78.895,81.568
1166.7,564.54,78.879,81.467
1166.1,564.49,78.662,81.344
1166.6,564.84,78.69,81.494
1166.7,564.34,78.695,81.713
1166.3,564.08,78.689,81.619
1167,564.69,78.93,81.651
1166.5,564.44,78.941,81.708
1166.3,564.58,79.192,81.698
1166.3,564.85,79.313,81.714
1166.3,564.1,79.267,82.038
1166.5,563.85,79.537,82.192
1166.5,564.53,79.742,82.124
1166.7,564.13,79.828,82.294
1166.1,564.11,79.85,82.164
1166,564.51,79.983,82.152
1166.1,564.66,80.148,82.097
1165.6,564.66,80.025,82.006
1165.8,564.44,79.924,82.034
1165.7,565.12,79.88,82.038
1165.9,564.94,79.7,82.196
1165.6,564.82,79.679,82.28
1165.6,564.58,79.58,82.473
1165.8,564.34,79.473,82.599
1165.5,564.4,79.463,82.586
1165.7,564.18,79.271,82.694
1165.8,563.9,79.107,82.786
1165.7,565.1,79.306,82.633
1165.7,564.84,79.136,82.759
1165.8,564.67,78.93,82.849
1165.7,564.43,78.727,82.808
1165.5,564.77,78.823,82.581
1166.6,564.59,78.554,82.591
1167.6,564.79,78.353,82.394
1167.7,564.33,77.901,82.076
1167.6,565.35,78.197,81.663
1166.5,564.15,78.046,81.08
1166.6,564.71,78.338,81.225
1166.9,564.62,78.465,81.353
1167.3,564.91,78.27,81.006
1167.3,564.92,77.826,80.732
1167.2,564.8,77.597,80.563
1167.1,564.54,77.375,80.398
1167.7,564.83,77.311,80.413
1167.7,565.23,77.369,80.43
1167.7,565.64,77.355,80.504
1167.6,565.2,77.304,80.401
1168.2,565.35,77.372,80.171
1167.9,565.03,77.555,80.337
1167.5,565.31,77.821,80.476
1167.2,565.11,77.877,80.676
1167,564.96,77.836,80.54
1168,564.57,77.832,80.724
1168.5,565.24,77.981,80.671
1167.4,564.66,78.026,80.881
1167.7,564.43,78.072,80.738
1167.3,564.79,78.178,80.527
1167.3,564.8,78.024,80.556
1166.7,564.6,77.747,80.674
1167.5,565.02,77.67,80.829
1167.2,564.75,77.479,80.759
1167.7,564.25,77.513,80.74
1168,564.83,77.788,80.656
1167.6,564.79,77.799,80.69
1167.3,564.79,77.718,80.793
1166.7,564.64,77.728,80.988
1166.6,564.95,77.916,80.951
1166.7,565.25,77.952,80.929
1166.5,564.56,77.917,81.058
1166.9,564.82,77.907,81.274
1167.1,564.44,77.801,81.239
1167,565,77.772,81.36
1167.2,564.54,77.584,81.438
1167.2,565.31,77.583,81.413
1167.2,564.9,77.513,81.463
1167.2,564.43,77.429,81.46
1167,565.33,77.5,81.347
1166.9,564.85,77.297,81.378
1166.7,564.28,77.223,81.324
1167.1,565.25,77.491,81.272
1166.8,564.78,77.424,81.373
1166.5,565.46,77.539,81.282
1166.9,564.65,77.532,81.395
1166.8,565.46,77.842,81.349
1167.2,564.69,77.888,81.388
1166.6,565.06,77.919,81.326
1166.5,564.78,77.916,81.322
1166.5,564.55,77.872,81.378
1166.6,564.39,77.888,81.397
1166.5,564.29,77.936,81.347
1166.9,565.42,78.196,81.332
1166.5,564.9,78.202,81.181
1166.4,564.97,78.158,81.272
1166.5,565.18,78.131,81.217
1166.5,565.2,78.115,81.207
1166.5,565.29,78.121,81.268
1166.4,565.27,78.083,81.345
1166.3,565.11,78.09,81.46
1166.5,565.01,78.239,81.375
1166.7,565.16,78.243,81.399
1166.4,565.07,78.249,81.43
1166,564.81,78.284,81.578
1166.3,564.64,78.311,81.677
1167,565.52,78.636,81.65
1166.8,564.94,78.75,81.811
1166.8,565.69,78.745,81.749
1166.5,565.32,78.768,81.829
1167.9,565.21,78.403,82.06
1167.8,565.07,78.241,82.007
1167.6,564.76,78.288,82.073
1167.8,565.56,78.209,82.046
1167.3,565.36,78.427,82.181
1166.8,565.16,78.617,82.387
1166.9,565.52,78.469,82.719
1166.2,565.55,78.798,82.752
1166.6,565.67,78.735,83.147
1166.6,565.11,79.058,83.213
1166.2,565.63,79.104,82.872
1166.3,565.9,79.337,82.501
1166.3,566.02,79.572,82.166
1166.3,565.04,79.698,82.194
1166.8,564.44,79.889,81.902
1166.1,565.89,80.406,80.932
1165.4,566.36,80.465,80.488
1163.8,566.72,80.85,80.075
1163.8,566.89,80.669,80.243
1164.6,566.79,80.144,80.419
1166.1,566.52,79.453,80.649
1166.8,566.64,78.65,81.013
1167.6,566.64,78.086,80.96
1167.8,566.9,77.824,80.438
1167.8,566.43,77.752,80.069
1167.1,567.7,77.915,79.6
1167,567.42,77.715,79.432
1167,567.24,77.492,79.303
1167.5,567.43,77.539,79.003
1167.5,567.88,77.648,78.582
1167.6,565.95,77.603,79.126
1167.8,565.28,77.826,79.127
1167.8,565.43,78.243,79.484
1167.7,565.65,78.533,79.772
1167.7,565.87,78.522,80.045
1167.8,566.42,78.5,80.236
1167.4,566.47,78.368,80.021
1167.4,566.77,78.178,79.894
1167.3,566.79,78.002,79.708
1167.6,566.67,78,79.4
1167.5,566.7,77.821,79.339
1167.5,566.8,77.65,79.245
1168.2,566.49,77.441,79.099
1168.5,566.3,77.462,78.791
1167.9,567.16,77.103,78.935
1168.1,566.34,76.643,79.157
1168.2,566.02,76.278,79.158
1168,566.38,76.133,79.011
1167.6,566.38,75.987,78.871
1167.6,566.32,75.659,78.845
1167.7,566.68,75.554,78.727
1167.8,566.04,75.414,78.926
1167.9,566.24,75.241,78.722
1167.6,566.11,75.108,78.61
1167.8,566.54,75.057,78.479
1168,567.1,74.772,78.284
1167.9,567.23,74.967,78.203
1168,567.05,74.756,78.314
1168.2,567.32,75.03,78.185
1168.3,567.19,74.974,78.269
1168.4,567.02,74.755,78.521
1168.1,566.7,74.645,78.767
1168,566.62,74.702,78.805
1167.7,566.48,74.832,78.869
1167.1,566.09,75.038,79.154
1166.9,566.15,75.095,79.369
1166.9,566.19,75.32,79.529
1166.5,566.18,75.405,79.907
1166.7,566.19,75.523,79.94
1167.4,565.93,75.639,80.057
1167.1,566.4,75.506,79.862
1167.6,566.2,75.549,79.884
1167.2,565.95,75.36,79.804
1167.6,566.57,75.137,79.721
1167.4,566.92,75.214,79.544
1166.8,566.39,75.771,79.265
1166.1,567.12,76.23,79.048
1167.1,566.42,75.805,79.326
1167.3,566.35,75.566,79.432
1167.7,566.54,75.514,79.341
1167.8,566.89,75.705,79.273
1167.9,566.49,75.424,79.375
1167.8,566.86,75.356,79.291
1167.9,566.45,75.289,79.359
1167.8,566.18,75.399,79.408
1168,566.7,75.802,79.246
1167.3,567.55,75.889,78.957
1167.8,567.56,76.009,78.721
1168.1,567.31,75.655,78.951
1168.4,567.45,75.592,78.99
1168.6,567.88,75.465,79.023
1168.5,567.2,75.323,79.183
1168.8,567.61,75.158,79.172
1169,567.16,75.044,79.169
1169.6,567.8,75.274,78.794
1170.4,567.77,75.286,78.718
1169.7,567.51,75.226,78.82
1170,567.5,75.023,79.026
1169.4,567.12,74.931,78.987
1169.9,567.05,74.728,79.071
1170.4,567.07,74.518,79.156
1169.6,566.98,74.614,79.005
1170.4,567.43,74.403,78.881
1169.9,568,74.653,78.884
1169.4,567.98,75.278,78.506
1169.6,568.45,75.228,78.456
1170,567.56,75.143,78.327
1169.9,567.81,74.898,78.649
1169.6,567.66,74.734,78.627
1170.2,568.28,74.501,78.672
1169.7,567.95,74.45,78.781
1170,567.4,74.291,78.818
1170.3,567.56,74.282,79.004
1169.6,567.19,74.372,78.914
1170.4,567.77,74.198,78.699
1169.8,567.38,74.3,78.564
1170.2,567.53,74.2,78.685
1170.4,567.71,74.085,78.796
1170.6,567.76,73.989,78.973
1169.8,567.53,74.22,78.832
1170,567.63,74.112,78.919
1170.2,567.68,73.871,79.177
1170.8,568.42,73.651,78.958
1170.5,568.76,73.618,78.314
1171.4,567.49,73.616,78.193
1170.9,566.84,73.87,78.09
1170.6,566.53,73.805,77.917
1170.5,567.29,74.169,77.532
1170.6,565.68,73.882,78.035
1169.2,563.48,73.8,78.842
1170.2,561.65,73.49,80.552
1170.6,563.92,73.597,80.262
1171.7,566,74.09,79.469
1172.4,566.68,74.367,78.359
1170.8,566.2,74.622,78.061
1170.5,567.22,75.033,77.961
1169.8,567.5,75.092,77.857
1169.9,567.71,75.268,78.037
1169.4,568.16,75.304,78.18
1169.2,568.13,75.349,78.217
1168.2,568.29,75.984,77.914
1167.4,568.62,76.761,77.612
1166,569.06,77.317,77.369
1166.4,568.9,76.993,77.829
1166.7,568.75,76.794,78.137
1167.1,568.25,76.665,78.698
1167.2,568.16,76.55,78.839
1167.3,567.97,76.376,78.974
1167.4,567.76,76.267,79.062
1166.9,567.71,76.505,78.906
1166.4,567.68,76.653,78.954
1165.9,568.05,77.361,78.698
1166.6,568.79,77.382,78.339
1167.3,568.64,77.128,78.738
1167.5,568.38,76.52,78.97
1167.7,568.16,76.324,78.911
1167.8,567.65,76.187,78.916
1167.3,567.48,75.76,79.157
1167.6,567.4,75.675,78.932
1167.3,567.46,75.473,78.925
1166.8,567.46,75.275,78.87
1166.9,567.25,75.328,78.812
1168.2,567.35,75.093,78.828
1168.8,567.25,74.643,79.029
1169.1,567.09,74.277,79.135
1169.2,567.65,74.164,79.027
1168.8,567.36,74.002,78.975
1168.7,567.16,73.801,78.979
1168.3,566.9,73.531,78.961
1168.3,567.04,73.398,78.658
1168.4,567.31,73.315,78.309
1168.7,567.23,73.214,78.036
1169.1,567.19,73.127,77.812
1168.9,567.45,72.934,77.69
1169.1,567.36,73.048,77.464
1169.7,567.29,73.097,77.364
1169.4,567.71,73.055,77.337
1170,567.64,73.172,77.276
1169.8,567.76,73.128,77.479
1169.6,567.8,73.077,77.665
1169.3,567.46,73.153,77.619
1169.7,567.76,73.076,77.718
1169.7,567.25,73.188,77.751
1170.2,567.35,73.107,77.875
1169.8,567.29,73.321,77.823
1169.8,567.17,73.395,77.818
1170,567.17,73.438,78.06
1170,567.26,73.567,78.379
1169.9,567.26,73.807,78.436
1170.2,567.63,73.919,78.659
1169.7,567.45,74.12,78.816
1169.7,567.4,74.38,78.986
1170.2,567.87,74.546,79.084
1169.8,567.16,74.874,79.153
1170,567.33,75.075,79.321
1169.5,567.57,75.369,79.385
1169.3,567.73,75.5,79.541
1168.9,567.83,75.713,79.768
1168.3,567.54,76.127,79.811
1168.9,567.07,76.153,80.046
1168.9,566.82,76.321,79.944
1168.8,566.92,76.479,80.073
1168.7,567.04,76.654,80.196
1169,567,76.768,80.253
1169.5,567.09,76.879,80.401
1168.8,566.53,77.222,80.519
1168.9,566.38,77.405,80.66
1168,565.82,77.681,80.735
1168.7,566.8,78.007,80.471
1168.1,566.62,78.079,80.423
1168.2,567.27,77.774,80.589
1168.3,566.96,77.788,80.481
1168.3,566.66,77.796,80.414
1168.3,566.95,77.455,80.505
1168.7,567.08,77.366,80.454
1168.8,567.29,77.427,80.359
1168.8,567.47,77.33,80.235
1168.5,566.69,77.423,80.129
1168.5,566.43,77.385,80.412
1168.7,566.26,77.42,80.504
1169.1,566.34,77.36,80.554
1168.6,566.19,77.279,80.49
1168.9,567.02,77.36,80.455
1168.8,567.02,77.344,80.397
1168.9,567.94,77.385,80.127
1169.5,568.17,78.097,79.161
1169.3,568.69,78.552,78.561
1169.3,568.4,78.468,78.569
1168.9,567.59,78.055,78.915
1168.9,567.78,77.702,79.134
1168.8,567.91,77.449,79.306
1168.3,567.37,77.335,79.52
1168.8,567.95,77.062,79.723
1169.3,568,77.138,79.723
1168.8,567.53,77.16,79.756
1168.7,568.36,76.935,79.883
1168.5,568.57,76.864,79.861
1168.5,567.44,76.659,79.992
1168.2,568.23,76.387,79.953
1168.4,567.96,76.241,80.077
1168.3,568.54,76.247,80.023
1168.3,568.27,76.15,80.184
1168.4,567.93,76.069,80.313
1168.6,567.57,76.11,80.436
1169.1,568.2,76.157,80.405
1169.2,567.39,76.254,80.297
1168.9,567.51,76.299,80.256
1168.7,567.61,76.285,80.22
1169.4,567.97,76.273,80.224
1170.1,567.04,76.22,80.11
1169.8,566.27,76.404,80.197
1169.8,566.45,76.238,80.241
1169.8,566.59,76.02,80.231
1169.7,566.94,75.988,80.152
1169.1,567.17,75.827,80.13
1169.4,567.8,75.654,80.195
1169.8,568.09,75.67,80.143
1169.8,567.39,75.648,80.267
1169.9,566.81,75.64,80.322
1169.2,567.24,75.49,80.175
1169.3,567.66,75.528,80.129
1169.5,567.95,75.521,80.086
1169.7,567.62,75.567,80.026
1169.1,566.97,75.471,79.929
1169.1,567.1,75.337,79.482
1169.1,567.1,75.141,79.395
1169.3,567.33,75.017,78.993
1169.3,567.25,74.944,78.91
1169.2,567.04,74.964,78.744
1169.6,567.42,74.734,78.608
1169.1,567.46,74.514,78.663
1169.6,567.68,74.514,78.393
1169.6,567.62,74.648,78.32
1169.4,567.64,74.77,78.164
1169.2,567.66,74.837,78.029
1169.2,567.89,74.956,77.844
1169.2,567.95,74.993,77.794
1169.5,567.99,74.877,77.87
1170,567.91,74.771,77.934
1169.7,568.19,75.032,78.081
1169.5,568.76,75.222,78.529
1169.8,568.87,75.434,78.845
1169.9,567.67,75.59,78.718
1169.7,567.45,75.827,78.63
1169.2,567.72,75.944,78.481
1168.8,567.87,75.969,78.406
1169.2,568.09,76.002,78.607
1169,568.07,76.149,78.527
1169.3,568.17,76.072,78.571
1169.2,568.16,76.143,78.589
1169.7,568.07,76.143,78.525
1169.3,568.28,75.919,78.364
1169.6,568.44,76.01,78.266
1169.7,568.64,76.005,78.137
1169.4,568.25,76.09,78.075
1169.3,568.55,76.139,77.972
1169.2,568.51,76.296,77.964
1168.9,568.8,76.391,77.911
1168.6,569.04,76.517,77.848
1169.2,569.19,76.409,78.114
1168.9,568.46,76.481,78.174
1169.2,568.41,76.505,78.041
1169.1,568.54,76.532,77.987
1168.8,568.83,76.624,77.903
1168.7,569.09,76.836,77.811
1168.9,569.06,76.796,77.871
1169,569.31,76.764,77.716
1168.7,568.85,76.748,77.889
1168.6,569.23,76.816,77.676
1168.2,568.73,76.747,77.838
1168.5,569.21,76.601,77.921
1168.6,568.47,76.382,78.001
1168.7,568.86,76.222,78.064
1169,569.25,76.14,78.118
1168.4,568.99,76.323,78.228
1168.4,568.37,76.446,78.311
1168.3,568.58,76.556,78.308
1168.3,568.89,76.62,78.455
1168.1,569.16,76.775,78.698
1168.3,568.68,76.912,78.879
1168.5,568.9,76.975,79.162
1168.6,569.04,77.063,79.346
1168.3,568.71,76.99,79.477
1168.5,568.27,77.039,79.648
1168.5,568.36,77.147,79.733
1168.5,568.42,77.247,79.815
1168.6,568.5,77.344,79.941
1168.2,568.18,77.381,79.996
1168.2,567.91,77.466,79.934
1168.5,568.61,77.545,79.866
1168.2,568.21,77.565,79.845
1168.6,567.77,77.498,79.87
1168.7,568.4,77.454,79.952
1168.4,567.84,77.307,80.038
1168.4,568.36,77.325,80.068
1168.2,567.67,77.114,80.142
1169,568.22,76.965,80.079
1168.6,568.11,76.808,80.158
1168.6,568.36,76.859,80.128
1168.8,568.86,76.878,80.143
1168.1,568.09,76.928,80.089
1168.6,567.99,76.91,80.116
1169,568.01,76.879,80.125
1169.5,567.97,76.873,80.128
1169.3,567.63,76.73,80.224
1169.1,567.37,76.663,80.271
1169.8,567.21,76.691,80.255
1168.8,567.63,76.739,79.92
1169.4,567.51,76.854,79.892
1168.6,567.84,76.827,79.616
1168.7,567.98,76.997,79.585
1168.7,568.19,77.097,79.64
1169.3,567.99,77.211,79.588
1169.1,567.71,77.155,79.74
1169,567.39,77.169,79.913
1168.4,567.9,77.157,79.601
1168.9,567.65,77.143,79.654
1169,568.2,77.138,79.533
1168.7,567.72,77.04,79.642
1169.1,567.48,77.181,79.679
1168.3,567.9,77.187,79.462
1168.9,567.44,77.194,79.594
1168.7,567.96,77.264,79.581
1169.2,567.52,77.353,79.686
1168.6,567.97,77.35,79.521
1169.2,567.67,77.346,79.745
1168.9,567.33,77.369,79.964
1168.9,567.31,77.413,79.981
1169.1,567.19,77.403,80.077
1169.4,567,77.444,80.117
1168.8,566.78,77.434,80.094
1168.6,567.21,77.522,79.959
1169.1,566.91,77.474,79.998
1168.9,567.13,77.556,79.913
1169.2,566.92,77.472,79.985
1169.2,567.34,77.437,79.862
1169.7,567.22,77.308,79.844
1169.2,566.95,77.184,79.711
1169.1,567.05,77.048,79.639
1168.9,567.24,76.907,79.588
1169.4,567.11,76.771,79.682
1169.5,567.53,76.794,79.651
1169.9,567.43,76.734,79.681
1169.3,567.02,76.748,79.577
1169.2,567.29,76.904,79.601
1169.3,567.01,76.885,79.705
1169.2,567.3,77.127,79.79
1168.9,567.55,77.196,79.877
1168.9,568.02,77.232,80.082
1168.8,567.07,77.314,80.185
1169,566.99,77.43,80.4
1168.7,567.06,77.516,80.408
1168.8,567.5,77.66,80.583
1169,567.22,77.905,80.676
1169.3,566.9,78.07,80.804
1169.3,566.87,78.055,80.848
1169.1,566.92,78.046,80.871
1169.1,567.07,77.976,80.947
1168.9,566.29,77.911,81.219
1168.6,566.63,77.983,81.128
1168.5,566.88,77.932,81.135
1168.6,567.47,78.089,81.126
1168.1,566.59,78.185,80.99
1168,566.68,78.322,80.972
1167.8,566.76,78.467,80.988
1167.5,566.85,78.638,81.05
1167.7,567.32,78.759,81.067
1167.7,567.14,78.901,81.105
1167.8,566.99,78.938,81.138
1167.8,566.65,79.017,81.163
1167.4,566.3,78.927,81.081
1167.8,566.53,78.815,81.132
1168.2,566.78,78.685,81.149
1167.8,566.72,78.422,81.241
1168.5,567.16,78.19,81.359
1168.4,566.69,78.159,81.499
1169,566.98,78.064,81.546
1168.3,566.51,77.865,81.761
1168,565.86,77.879,81.769
1168.4,566.07,77.809,81.634
1168.1,566.42,77.813,81.555
1167.7,565.88,77.904,81.464
1168.4,566.48,77.83,81.384
1167.7,566.03,78.131,81.107
1167.9,566.68,77.994,81.096
1167.8,566.66,77.917,81.107
1167.6,566.73,77.823,81.177
1167.6,566.83,77.782,81.205
1168.2,567.04,77.745,81.188
1168.1,566.28,77.965,80.984
1167.9,566.11,77.862,81.133
1167.7,565.95,77.795,81.285
1167.9,565.61,77.703,81.372
1167.8,566.19,77.781,81.507
1168.2,566.2,77.708,81.626
1167.3,565.71,78.069,81.344
1167.6,565.83,77.956,81.474
1168,565.75,77.862,81.605
1168.2,565.72,77.859,81.759
1167.9,565.52,78.034,81.748
1168,565.52,78.182,82.021
1168,564.91,78.296,82.108
1167.3,565.47,78.573,82.035
1167.5,565.19,78.49,82.033
1167.6,564.92,78.345,82.025
1167.6,565.68,78.217,81.823
1167.7,565.2,78.271,81.777
1167.6,565.46,78.191,81.828
1167.2,565.73,78.299,81.855
1167.1,565.08,78.303,81.997
1167.4,564.58,78.351,82.149
1167.8,564.96,78.469,82.081
1167.7,564.69,78.437,82.083
1167.9,565.39,78.295,81.961
1167.9,565.23,78.225,81.956
1168.4,565.25,78.094,82.092
1168.1,565.08,78.171,82.044
1167.7,564.92,78.225,82.025
1167.2,564.85,78.354,82.068
1166.6,564.75,78.472,82.125
1167.8,564.8,78.508,82.591
1167.7,565.16,78.596,82.662
1167.7,564.89,78.392,82.599
1167.7,565.19,78.342,82.554
1167.6,565.47,78.356,82.433
1168.2,565.29,78.448,82.288
1168.3,565.54,78.491,82.231
1167.5,564.67,78.602,82.236
1167.8,565.19,78.306,82.341
1168.2,565.8,77.999,82.431
1167.9,565.31,78.029,82.054
1168.1,566.25,77.78,82.084
1168.8,566.54,77.541,81.831
1168.6,566.17,77.524,81.571
1169.1,566.08,77.412,81.443
1168.6,565.71,77.298,81.501
1169.1,566.46,77.021,81.529
1168.6,565.9,76.994,81.578
1167.9,565.94,76.896,81.556
1168.2,566.22,76.786,81.733
1168.5,565.75,76.836,81.503
1168.7,566.15,76.862,81.497
1167.9,566.2,76.836,81.277
1168.4,566.42,76.576,81.409
1168.6,566.49,76.529,81.443
1168.7,566.59,76.489,81.53
1168.9,566.68,76.465,81.597
1169.2,566.6,76.364,81.682
1169.4,566.52,76.28,81.699
1168.5,566.03,76.135,81.658
1169,566.14,76.018,81.62
1169,566.26,76.182,81.886
1169,565.78,76.307,82.1
1169,565.63,75.904,81.641
1171.4,566.88,74.66,81.315
1169.6,569.73,74.319,79.409
1168.3,577.25,74.264,77.534
1170.9,567.55,73.362,76.985
1172.5,567.83,72.967,76.486
1171.2,567.24,72.375,76.827
1170,567.57,71.748,77.018
1170.3,567.15,71.659,77.13
1170.7,566.87,71.568,77.164
1171,567.58,71.521,77.27
1170.7,567.31,71.408,77.498
1171,567.09,71.588,77.648
1171.5,567.84,71.519,77.809
1170.7,567.29,71.581,77.552
1171.2,567.32,71.385,77.265
1171.2,567.92,71.328,77.259
1171.4,567.65,71.271,77.253
1170.4,566.86,71.388,77.44
1170.6,566.74,71.446,77.544
1171.2,566.01,71.428,77.914
1171.2,566.93,71.534,77.805
1170.6,567.1,71.705,78.024
1171,566.97,71.713,78.066
1170.7,566.95,71.585,78.299
1170.4,566.98,71.496,78.476
1170.5,566.9,71.663,78.442
1170.4,566.8,71.865,78.406
1169.9,566.33,72.129,78.403
1170.4,566.21,72.549,78.45
1170,566.95,72.748,78.522
1169.9,566.54,73.149,78.388
1170,566.84,73.17,78.578
1169.7,566.5,73.509,78.847
1170.1,566.4,73.683,79.175
1169.8,566.51,73.86,79.213
1169.4,566.62,73.888,79.345
1169,566.36,74.027,79.291
1168.6,565.97,74.102,79.279
1168.8,566.03,73.976,79.155
1168.6,565.98,74.204,79.099
1169.1,565.85,74.06,79.102
1169.8,566.07,73.806,79.061
1169.2,565.98,73.842,79.184
1168.7,565.98,74.108,78.944
1169.5,566.38,73.965,78.907
1169.2,566.37,74.077,78.793
1169,566.34,74.216,78.689
1168.7,566.19,74.375,78.661
1168.6,566.18,74.535,78.629
1169.3,566.08,74.417,78.789
1169.2,566.51,74.298,79.195
1169.1,566.13,74.534,79.316
1169.2,565.98,74.712,79.419
1168.7,565.89,74.814,79.731
1168.6,566.44,74.768,79.85
1168.7,566.05,74.96,79.886
1168.8,566.21,74.98,79.898
1168.9,566.4,75.004,79.868
1169.1,566.56,75.067,79.865
1168.8,566.7,75.14,79.865
1168.5,566.5,75.198,79.718
1168.8,566.78,75.2,79.812
1168.6,566.4,75.273,79.738
1168.9,566.53,75.287,79.911
1168.8,566.67,75.492,79.905
1168.7,566.71,75.655,79.887
1168.6,566.82,75.742,79.987
1168.9,566.52,75.629,80.076
1168.8,566.07,75.685,80.154
1168.9,566.08,75.82,80.313
1168.9,566.27,76.024,80.368
1168.8,566.23,76.24,80.357
1168.7,566.18,76.306,80.412
1169,566.4,76.386,80.506
1169,565.93,76.453,80.603
1169.2,566.11,76.513,80.718
1169.2,565.86,76.543,80.823
1169.1,565.77,76.533,80.927
1169.2,565.73,76.467,81.009
1169.3,565.68,76.355,81.004
1169.3,565.7,76.306,81.04
1169.5,565.78,76.234,81.087
1169.5,565.76,76.147,81.178
1169.6,565.6,76.11,81.203
1169.2,565.54,76.158,81.286
1169.1,565.7,76.232,81.315
1168.9,565.9,76.23,81.305
1168.7,566.13,76.244,81.303
1168.8,566.43,76.202,81.198
1168.6,565.74,76.153,81.053
1168.3,565.84,76.179,81.036
1168.2,565.67,76.06,81.083
1168.4,565.84,75.926,81.097
1168.6,566.04,75.829,81.142
1168.3,565.55,75.918,81.214
1168.5,565.8,75.803,81.222
1168.6,566.17,75.696,81.177
1168.3,566.09,75.794,80.873
1168.2,565.98,75.828,80.652
1168.1,565.95,75.791,80.756
1168.8,565.85,75.82,80.618
1168.6,566.04,75.869,80.652
1168.4,566.08,75.914,80.77
1168.7,566.47,75.836,80.815
1168.6,566.65,75.961,80.828
1168.2,566.42,76.079,80.879
1168,566.33,76.019,80.708
1167.9,566.14,76.011,80.65
1168,566.46,75.889,80.693
1168.3,566.42,75.984,80.594
1168,566.75,76.066,80.674
1167.6,566.77,76.132,80.506
1167.6,566.15,76.404,80.685
1167.7,566.37,76.4,80.764
1168,566.55,76.388,80.629
1167.9,566.41,76.281,80.65
1167.8,566.28,76.182,80.655
1167.7,566.14,76.121,80.583
1168.1,566.4,76.033,80.59
1168.2,566.62,75.948,80.675
1168.3,566.8,75.874,80.789
1168.4,566.67,75.848,80.676
1168.1,565.78,75.695,80.821
1168.3,565.74,75.661,80.595
1168,566.29,75.488,80.498
1168.1,566.53,75.394,80.38
1168.3,566.81,75.236,80.331
1169.1,566.95,75.089,80.195
1168.8,566.57,74.869,80.299
1168.7,567.09,74.722,80.372
1168.8,567.34,74.704,80.353
1168.5,566.27,74.554,80.475
1168.4,566.69,74.518,80.398
1168.4,567.06,74.43,80.332
1168.3,567.49,74.365,80.272
1168.3,566.95,74.441,80.321
1168.7,566.39,74.601,80.384
1168.3,566.8,74.692,80.316
1168,567.12,74.722,80.325
1168.1,566.64,74.966,80.37
1168.6,566.34,75.095,80.277
1168.1,566.75,75.086,80.273
1168.4,566.81,75.133,80.119
1168.6,566.55,74.953,80.015
1168.1,566.61,74.817,80.026
1167.6,566.67,74.771,79.935
1167.9,565.8,74.814,79.866
1168.7,565.94,74.88,79.766
1168.4,566.56,74.616,79.719
1169.4,566.42,74.215,79.865
1169.9,566.5,73.906,79.79
1170.3,566.72,73.727,79.737
1170.1,566.6,73.684,79.797
1170.1,566.68,73.507,79.786
1170.3,566.79,73.388,79.74
1170.3,566.64,73.63,79.652
1170.2,566.89,73.427,79.682
1170,566.88,73.733,79.579
1170.2,567.13,73.54,79.51
1170.2,567.39,73.748,79.53
1169.6,567.3,74.043,79.355
1169.6,567.71,73.72,79.274
1169.4,567.9,73.889,79.167
1169.4,568.09,73.537,79.243
1169.3,567.57,73.49,79.227
1169.5,567.67,73.282,79.227
1169.1,567.62,73.352,79.119
1169.6,567.2,73.211,78.865
1169.8,567.16,73.025,78.955
1170,566.84,72.967,79.185
1169.8,567.13,72.947,79.177
1170.2,567.01,72.908,79.34
1170.8,567.32,72.861,79.496
1170.3,567.17,73.232,79.553
1170.1,567.57,73.457,79.601
1170,568.05,73.571,79.574
1169.3,567.61,73.606,79.732
1169.3,567.87,73.437,79.714
1169.5,567.57,73.31,79.737
1169.9,568.11,73.108,79.734
1169.6,567.8,73.194,79.648
1169.6,567.59,73.055,79.609
1169.6,567.87,73.06,79.49
1169.5,568.15,73.085,79.378
1169.2,568.32,73.105,79.302
1169.8,568.08,72.971,79.211
1169.4,567.55,72.694,79.405
1169.6,567.87,72.533,79.109
1170.2,567.34,72.528,78.836
1170.3,567.95,72.42,78.672
1169.8,568.34,72.502,78.547
1169.5,567.25,72.222,78.685
1170,566.67,72.17,78.735
1170.4,567.21,72.077,78.592
1170.6,567.46,72.105,78.566
1170.7,567.68,72.172,78.49
1170.9,568.03,72.2,78.493
1170.6,568.24,72.415,78.406
1170.3,568.24,72.446,78.477
1170.1,568.38,72.532,78.519
1170,567.55,72.36,78.629
1170.4,567.47,72.17,78.543
1170.7,567.32,71.991,78.489
1171,567.75,72.038,78.354
1171.2,568.03,71.976,78.185
1170.7,568.07,72.154,78
1170.2,567.86,72.309,77.989
1170.2,567.17,72.249,78.36
1171,567.25,72.674,78.54
1171.3,567.15,73.038,78.779
1171.1,567.23,73.294,78.76
1170.8,567.11,73.298,78.955
1170.9,565.76,73.204,79.709
1171.8,565.61,73.528,79.526
1172.4,566.17,73.702,79.42
1172.3,565.92,73.468,79.471
1171.9,565.69,73.206,79.534
1171.5,566.53,72.969,79.472
1171.3,566.53,73.054,79.363
1171.7,566.4,73.008,79.465
1171.5,566.59,72.922,79.581
1171.7,567,72.828,79.552
1171.3,567.08,72.682,79.589
1171.5,567.4,72.591,79.428
1171.4,567.53,72.601,79.311
1171.3,567.41,72.58,79.191
1171,567.41,72.501,79.01
1170.9,567.53,72.361,78.82
1170.8,567.77,72.323,78.458
1170.8,568,72.242,78.142
1170.6,567.7,72.16,78.023
1170.4,567.83,72.109,77.887
1171.1,567.44,71.748,77.936
1171.2,567.59,71.74,77.775
1171,568.14,71.675,77.668
1171.7,568.35,71.603,77.753
1171.4,568.09,71.802,77.82
1171,567.76,71.914,77.932
1170.9,568.22,72.081,77.869
1170.5,568.47,72.318,77.836
1170.7,568.98,72.371,78.133
1170.6,568.25,72.357,78.714
1170.5,568.03,72.292,78.81
1170.7,568.53,72.353,78.69
1170.4,568.31,72.515,78.751
1170.5,568.32,72.693,78.688
1170.7,568.35,72.785,78.667
1170.4,568.42,72.998,78.553
1170.2,568.19,73.118,78.596
1170.4,568.59,73.184,78.573
1170.6,568.43,73.116,78.868
1170.9,568.31,73.009,79.018
1170.3,567.53,73.058,79.155
1170,567.2,73.021,79.191
1170.6,567.09,72.755,79.367
1170.3,567.38,72.848,79.199
1170.1,567.35,72.963,79.035
1169.8,567.34,73.096,78.887
1169.8,566.89,73.073,78.88
1170.3,566.75,72.942,79.181
1170.6,566.88,72.695,79.272
1170.7,566.81,72.945,79.194
1170.6,566.9,72.802,79.298
1170.3,567.14,73.159,79.309
1170.7,567.2,73.105,79.598
1170.6,567.31,73.136,79.582
1170.4,567.41,73.167,79.588
1167.8,571.82,73.61,78.67
1159.8,568.46,74.2,78.691
1161.1,569.35,75.228,78.235
1163.4,569.08,76.702,78.102
1172.9,568.22,76.231,78.842
1175.7,567.62,77.539,79.012
1175.9,566.89,78.839,79.19
1173.5,566.39,77.614,79.215
1172.7,567.19,76.981,79.068
1171.7,567.75,76.753,78.955
1170.7,567.92,77.453,78.338
1170.2,568.84,77.102,78.423
1168.8,568.56,76.857,78.699
1159.3,576.06,78.406,77.382
1159.5,570.66,78.806,77.604
1161.2,568.58,79.363,78.229
1164.2,568.8,80.076,78.19
1173.5,568.34,80.022,78.336
1176,567.44,81.953,78.63
1178,568.97,83.34,78.754
1167.8,569.17,81.98,78.806
1168.2,568.38,80.843,79.168
1166.8,568.04,80.077,79.554
1167.5,568.98,80.09,79.241
1166.3,565.46,78.689,80.629
1165.8,563.36,77.144,82.016
1166.6,564.06,77.218,82.368
1167.8,566.15,76.911,81.556
1159.5,572.16,78.028,80.552
1160,568.7,78.945,81.248
1160.8,567.09,79.549,81.655
1162.9,568.01,79.855,81.227
1165,567.8,79.831,81.946
1167.3,567.74,80.054,81.794
1168.9,567.61,80.132,81.853
1168.8,566.03,79.389,82.167
1169.3,565.94,78.646,82.424
1168.9,566.13,77.918,82.214
1168.5,566.63,77.197,82.354
1168.5,567.14,76.945,82.606
1168.6,566.24,76.562,82.289
1168.9,566.58,76.399,81.943
1168.8,566.3,76.308,81.77
1169.3,566.86,76.084,81.53
1169.5,566.48,75.872,81.523
1169.4,566.32,75.78,81.42
1169.3,566.17,75.596,81.258
1169.2,566.51,75.407,80.947
1169.4,567.4,74.984,80.642
1169.2,566.96,74.623,80.555
1168.8,566.3,74.331,80.52
1168.7,566.19,74.205,80.676
1169,566.4,73.869,80.984
1169.5,566.66,73.424,81.057
1169.5,566.33,73.277,80.807
1169.5,566.41,73.165,80.622
1169.5,566.32,73.078,80.438
1169.3,566.47,72.918,80.323
1170.1,566.65,72.796,80.297
1169.8,566.73,73.129,80.119
1170.1,566.94,72.951,80.216
1170.1,567.15,73.164,80.209
1170.3,566.86,73,80.389
1170.2,566.35,72.978,80.642
1170.2,566.36,73.062,80.774
1169.7,566.13,73.451,80.978
1169.8,566.16,73.584,81.046
1169.9,566.16,73.824,81.057
1169.6,565.84,74.3,81.179
1170.3,566.63,74.381,81.018
1170.2,565.68,74.525,81.223
1170.2,566.18,74.32,81.429
1169.3,565.91,74.337,81.845
1169.2,566.75,74.227,81.995
1168.3,566.87,74.099,81.991
1168.2,565.84,74.425,82.291
1164.3,564.49,75.662,82.584
1162.8,567.31,78.058,81.447
1165.8,568.35,78.625,81.851
1166.5,568.37,78.921,81.897
1167.2,568.83,77.867,82.096
1167.4,568.42,76.926,81.996
1168.3,568.22,76.213,81.75
1168.9,567.07,75.607,81.096
1169,566.89,75.103,80.378
1169,566.52,74.26,80.169
1169.7,566.84,73.528,79.904
1169.8,566.92,73.091,79.759
1169.6,566.52,72.788,79.69
1168.6,566.5,72.771,79.337
1168.8,566.97,72.656,78.959
1168.6,566.94,72.334,78.836
1169.1,567.59,71.842,78.765
1169.1,567.77,71.556,78.763
1169.6,567.64,71.409,78.68
1170.1,567.9,71.234,78.771
1169.5,568.03,71.147,78.784
1169.3,568.7,71.195,78.38
1169.2,568.03,71.128,78.32
1168.7,567.06,71.355,78.176
1168.8,566.19,71.382,78.151
1168.8,566.26,71.616,78.143
1168.9,566.63,71.787,77.872
1169,566.87,72.082,77.83
1169.3,566.46,72.011,77.786
1169.8,566.86,71.892,77.606
1170.3,567.07,71.984,77.718
1170.7,567.16,71.976,77.666
1171,567.34,71.662,77.824
1171,566.8,71.605,77.862
1168.7,566.22,72.262,77.51
1165.7,569.88,74.322,75.953
1176.3,572.26,74.883,75.381
1177.5,572.82,76.064,75.067
1176.7,580.03,77.113,75.404
1159.9,576.23,78.289,74.769
1162.3,573.55,78.244,74.878
1164.7,570.65,77.932,75.706
1165.6,569.89,76.726,76.667
1166.6,569.7,76.4,77.231
1168.4,569.12,75.644,77.745
1169.1,558.11,71.58,82.293
1172.9,557.92,67.523,85.151
1167.8,568.14,70.776,82.446
1177,570.2,72.745,80.612
1176.4,568.41,73.845,79.862
1176.5,569.69,75.099,79.067
1174.8,568.44,75.193,78.401
1174.1,568.11,74.902,78.766
1171.5,568.28,74.744,79.038
1169.6,567.87,75.103,79.275
1159.4,576.28,77.061,77.502
1159.4,575.71,78.154,76.605
1160.3,573.68,78.066,76.657
1163.5,572.33,78.488,76.549
1165.9,571.07,78.429,76.511
1165.4,569.02,77.752,77.209
1164.5,569.09,77.299,77.768
1164.6,568.75,76.987,78.342
1165.5,569.4,76.229,78.405
1166.6,568.05,76.214,78.891
1168.2,567.49,76.521,78.729
1168.2,567.06,76.128,79.331
1168,566.69,75.881,79.795
1168,566.16,75.6,80.022
1168.3,565.75,75.444,80.107
1168.7,566.17,75.427,80.326
1168.3,566.02,75.418,80.466
1168.6,567.22,75.058,80.331
1167.9,567.37,74.63,80.165
1168.2,567.37,74.667,79.805
1169.3,567.53,74.482,79.771
1169.3,567.62,74.044,79.808
1169.2,567.34,73.622,79.548
1169.1,567.25,73.16,79.39
1169.3,567.69,73.106,79.574
1169.8,567.96,73.269,79.585
1169.6,567.82,73.124,79.695
1169.6,567.32,73.118,79.911
1169.2,567.32,73.109,80.008
1168.8,567.25,73.229,79.962
1168.5,566.98,73.633,79.73
1168.5,567.14,73.108,79.673
1168.6,567.03,73.052,79.619
1168.8,567.11,72.933,79.552
1169,567.17,72.891,79.439
1169.1,567.38,72.856,79.363
1169.7,567.45,72.754,79.228
1169.8,567.56,72.499,79.149
1168.8,567.52,72.684,79.111
1170,567.31,73.404,78.821
1170.6,567.42,73.454,78.728
1170.9,567.72,73.538,78.746
1170.1,567.77,73.814,78.933
1169.5,568.03,73.961,79.104
1169.3,567.68,73.867,79.37
1168.9,567.88,73.986,79.517
1169.4,567.72,74.137,79.508
1168.9,567.86,74.308,79.582
1169.4,567.37,74.268,79.822
1170.2,567.29,74.323,79.852
1169.7,567.21,74.479,79.862
1169.6,567.39,74.455,79.874
1169.6,567.56,74.497,79.943
1169.6,567.73,74.474,80.026
1169.5,567.85,74.473,80.111
1169.1,567.97,74.586,80.043
1168.6,568.03,74.656,79.96
1169.6,567.25,75.045,80.028
1170.1,567.51,75.289,80.031
1170.6,567.55,75.454,79.981
1169.7,567.53,75.386,79.95
1169.5,567.1,75.198,80.199
1169.3,566.8,75.06,80.365
1169.2,567.37,74.891,80.539
1168,567.11,74.869,80.575
1168,566.42,74.878,80.557
1169.6,566.64,75.683,79.957
1170.1,566.29,76.038,79.995
1171.1,566.37,76.107,79.987
1170.1,566.3,75.761,80.047
1169.8,566.48,75.422,80.032
1169.3,566.3,75.36,80.204
1169.3,566.69,75.08,80.368
1169.2,566.27,75.12,80.717
1168.8,566.05,75.411,80.584
1169,566.43,75.425,80.423
1168.6,566.34,75.495,80.535
1168.6,566.38,75.248,80.433
1168.7,566.4,74.991,80.326
1168.8,566.75,74.716,80.466
1168.7,567.22,74.543,80.484
1168.8,567.23,74.52,80.431
1169,567.01,74.444,80.353
1169.2,566.92,74.324,80.205
1169.2,566.66,74.28,80.177
1169.1,567.06,74.085,80.087
1169,567.13,74.056,80.003
1168.8,567.19,74.078,79.933
1167.4,567.23,74.576,79.738
1166.8,566.83,75.316,79.38
1166.3,567.01,75.762,79.22
1164.5,574.07,76.161,78.397
1168,574.06,75.213,78.889
1175.4,573.52,73.92,79.208
1186.5,565.2,68.637,85.403
1177.5,560.67,70.651,82.814
1178.2,562.8,72.599,81.067
1178.7,564.29,73.862,79.856
1178.6,563.96,75.868,78.392
1178.1,563.64,77.462,77.381
1176.4,565.16,77.806,77.297
1175.4,565.34,77.709,77.085
1174.8,565.98,77.242,77.339
1173.8,566.01,77.122,77.408
1173.7,566.56,77.233,77.993
1173.4,566.32,76.886,78.268
1173.7,566.3,76.487,78.651
1173.8,566.07,76.087,79.076
1174,566.4,75.634,79.554
1173.7,565.97,75.561,79.972
1173.9,566.01,75.456,80.35
1173.8,565.71,75.329,80.668
1173.4,564.63,75.186,80.829
1173.6,564.53,75.229,80.743
1173.8,564.37,75.39,80.73
1173.3,564.49,75.824,80.664
1173.1,564.37,76.258,80.579
1173.6,564.22,76.79,80.337
1173.6,564.92,77.6,80.099
1173.3,564.21,78.378,79.88
1172.6,563.59,79.174,79.817
1172.6,564.28,80.144,79.734
1172.1,563.74,81.109,79.151
1172.3,563.78,81.714,79.052
1172.1,564.56,82.057,78.698
1171.8,564.03,82.42,78.368
1171.6,564.59,82.001,78.331
1171.8,564.73,81.71,78.371
1171.6,564.14,81.623,78.068
1172,564.84,81.269,78.09
1172.5,565.04,81.016,78.365
1172.1,564.54,80.92,78.464
1172.3,564.64,80.789,78.509
1172.6,564.74,80.641,78.49
1172.8,565.02,80.503,78.505
1173.4,564.73,80.821,78.325
1174.1,564.81,81.116,78.091
1173.4,565,81.411,77.716
1172.9,564.34,81.453,77.637
1173.9,564.91,81.275,77.711
1174.4,564.7,80.689,77.865
1174.6,565.66,80.124,77.963
1174.9,565.34,79.294,77.943
1175.2,565.85,78.619,77.751
1175.9,566,78.096,77.587
1176.5,565.48,77.498,77.538
1176.5,566.29,76.965,77.49
1176.4,565.47,76.512,77.736
1177,565.62,76.234,77.629
1177,566.36,75.876,77.7
1176.6,566.26,75.759,77.998
1176.4,566.59,75.588,78.242
1175.1,566.62,75.411,78.735
1173.8,566.67,75.063,79.354
1173,566.77,74.384,79.917
1171.9,567.27,73.897,80.197
1155.1,578.12,73.775,80.723
1155.4,577.94,73.691,80.595
1155.9,577.29,73.524,80.315
1147.2,589.11,74.826,78.552
1147.5,591.21,76.228,77.104
1140,604.03,76.836,74.966
1133.3,606.28,76.176,73.318
1136.5,608.46,75.608,70.759
1130.7,609.14,74.304,69.126
1134.3,609.72,72.578,67.733
1135.9,609.54,71.948,66.082
1130.9,608.83,69.901,64.44
1133.6,608.74,68.41,62.671
1135.7,609.39,67.797,60.573
1131.1,608.38,65.531,59.286
1131.7,609.47,64.243,57.803
1131.2,608.26,62.93,56.576
1130.8,607.72,61.677,55.369
1130.1,608.33,60.251,54.244
1129.1,605.06,59.491,54.255
1128.1,602.44,58.6,53.8
1126.5,601.23,58.384,52.847
1125.4,600.89,58.014,52.057
1124.8,599.21,57.492,52.028
1124.2,598.94,57.065,51.794
1123.6,598.8,56.61,51.615
1121.4,597.08,56.661,51.81
1121.2,597.65,56.596,51.683
1120.6,598.1,56.554,51.632
1120.7,597.9,56.667,51.545
1121.7,597.58,56.892,51.418
1122.5,597.61,56.557,51.927
1126.2,597.4,56.276,52.383
1126.9,596.69,55.886,52.581
1128.8,596.24,54.673,53.5
1132.1,598.51,53.916,53.527
1133.1,599.93,53.155,53.081
1136.6,605.93,52.793,52.246
1139.3,606.9,52.25,52.122
1141.8,608.12,51.081,52.564
1145.2,609.43,50.951,51.766
1147.7,610.02,50.938,50.934
1152.1,611.43,50.734,50.469
1153.7,611.88,51.681,49.5
1154.9,611.83,52.331,48.793
1155.6,611.3,53.095,48.033
1156.3,610.66,53.633,47.727
1153.6,609.94,52.857,47.816
1155.4,611.1,52.892,47.69
1156.6,611.95,53.332,47.464
1155.1,612.2,52.984,47.579
1159,612.53,53.231,47.181
1157.6,612.02,53.111,47.152
1157,612.69,53.003,46.958
1159.9,613.04,53.578,46.255
1157,613.54,53.226,46.596
1158.9,613.82,53.659,46.759
1157,617.94,53.443,46.91
1159.6,617.23,53.999,46.926
1156.7,616.16,53.887,46.72
1155.5,616.3,53.47,47.192
1154.5,616.45,53.068,47.75
1151.4,614.45,52.231,48.585
1153.8,613.75,51.856,48.781
1137.3,606.55,51.646,48.128
1128.5,605.29,51.733,47.589
1118.8,598.84,52.148,47.714
1110.3,596.92,52.235,48.156
1101.7,594.01,51.693,48.758
1091.5,585.89,51.656,48.968
1081.6,583.08,51.528,48.802
1067.4,573.38,51.198,48.199
1059.2,569.77,50.909,47.841
1052.5,566.91,50.035,47.721
1044.1,564.12,49.673,47.556
1042.7,562.4,48.985,46.925
1028.4,554.53,48.488,46.652
1021.5,552.52,47.812,46.245
1020.7,550.93,47.15,45.746
1021.1,550.08,46.388,45.147
1021.4,550.34,45.481,44.386
1021.9,550.54,44.732,43.776
1022.8,550.95,44.255,43.259
1023.9,551.99,44.18,43.023
1024,552.53,43.62,42.524
1023.9,552.76,43.138,42.306
1024.6,553.13,42.828,41.83
1026.4,551.48,42.648,41.774
1028.7,557.83,43.107,40.586
1028.8,563.21,43.137,40.586
1027.6,563.51,43.173,40.557
1028.3,549.3,43.335,41.784
1028.1,545.7,43.403,41.853
1028.8,542.17,43.364,41.919
1028.8,539.98,43.368,41.613
1028.7,539.42,43.283,41.549
1028.1,539.43,43.189,41.312
1028.6,538.76,43.158,41.082
1029.9,537.53,43.177,41.207
1031.7,535.31,43.345,40.879
1032.1,534.81,43.303,40.556
1032.8,533.93,43.098,40.581
1034,534.02,42.875,40.346
1036.9,533.36,43.059,40.497
1037.2,532.99,42.868,40.526
1038.3,532.89,42.712,40.515
1038.7,532.65,42.514,40.458
1040.1,533.59,42.564,40.304
1040.7,534.45,42.424,40.186
1040.4,534.08,42.432,40.077
1040.2,533.7,42.421,39.986
1039,533.77,42.278,39.775
1038.6,534.87,41.864,39.657
1038.3,536.86,41.755,39.61
1038.2,537.96,41.572,39.389
1038.6,539.07,41.558,39.172
1039.4,540.05,41.463,39.256
1040.4,540.83,41.537,39.172
1039.3,540.91,41.352,38.882
1039.2,541.8,41.077,38.771
1039.1,542.25,40.754,38.911
1038.1,542.87,40.253,38.661
1037.1,542.92,40.103,38.484
1035.6,542.97,39.995,38.228
1034.8,543.48,39.79,38.082
1035.1,544.75,39.675,38.023
1035.2,545.28,39.669,37.952
1033.9,545.44,39.694,37.643
1033,546.32,39.801,37.545
1031.9,547.76,39.342,37.661
1031.3,548.22,39.303,37.708
1031.7,548.59,39.344,37.863
1031.4,548.57,39.354,37.827
1029.7,549.03,39.331,37.729
1029.8,549.15,39.448,37.65
1027.1,549.75,39.115,37.504
1024.9,551.04,38.787,37.407
1023.2,552.81,38.5,37.24
1021.3,554.52,38.197,37.099
1018.9,554.33,38.145,37.257
1017.3,553.29,38.251,37.398
1014.9,553.02,38.313,37.346
1012.4,552.88,38.569,37.13
1012.4,552.79,38.932,37.188
1010.7,552.77,39.001,37.052
1008.1,550.35,38.955,37.013
1005.9,547.59,39.044,37.107
1005.5,545.24,39.378,37.303
1004.5,542.3,39.462,37.3
1004.3,538.97,39.247,37.406
1004.5,535.9,39.365,37.696
1003.6,532.44,39.385,37.898
1003.4,531.64,39.489,38.171
1004,527.75,39.565,38.484
1005.1,523.8,39.407,38.697
1007,519.75,39.515,38.725
1007.2,517.94,39.66,38.564
1011.4,516.71,40.089,38.764
1012.7,515.36,40.27,38.882
1015.5,514.97,40.487,38.864
1018.9,515.95,40.582,39.073
1023.2,517.39,40.681,39.099
1027.1,519.95,41.048,39.332
1036.9,527.42,41.806,39.563
1040.2,528.74,41.826,39.577
1047.2,531.32,41.604,39.721
1052.4,537.67,41.813,40.018
1062,544.49,41.967,40.228
1063.6,544.65,41.676,40.184
1071.2,548.4,41.715,40.263
1078.9,555.81,41.717,40.352
1092.4,569.79,41.863,40.658
1094,571.57,41.631,40.708
1094.7,572.55,41.332,40.417
1106.4,587.89,41.022,40.364
1114.1,602.27,41.139,40.752
1114.4,605.75,40.379,40.741
1105.8,605.58,40.329,40.131
1104.7,605.84,39.909,39.676
1085.2,599.45,40.409,39.105
1060.4,588.12,40.888,38.862
1060.6,586.97,41.273,38.634
1058.2,586.8,41.282,38.627
1058.3,586.54,41.288,38.621
1057.4,586.44,41.292,38.618
1057.6,585.93,41.298,38.61
1057.5,585.54,41.298,38.61
1058.6,585.14,41.304,38.604
1059.7,584.75,41.31,38.599
1060,584.71,41.317,38.592
1060.4,584.71,41.322,38.588
1060.9,584.74,41.326,38.584
1061.6,585.03,41.332,38.579
1063,585.16,41.337,38.575
1063,585.34,41.345,38.567
1064.3,584.97,41.388,38.522
1064.6,584.94,41.465,38.451
1064.4,585.26,41.468,38.447
1064,585.44,41.489,38.43
1064.1,585.59,41.5,38.421
1064.8,585.7,41.506,38.415
1064.7,585.56,41.512,38.409
1065.7,585.29,41.511,38.41
1065.8,585.04,41.515,38.406
1065.6,585.1,41.518,38.403
1065.3,585.21,41.519,38.402
1064,585.44,41.525,38.397
1062.8,585.7,41.533,38.39
1061.4,585.85,41.546,38.379
1060.8,585.76,41.569,38.359
1060.2,585.56,41.583,38.346
1059.4,585.9,41.588,38.342
1058.5,586.2,41.592,38.338
1057.3,586.03,41.602,38.328
1057.5,585.91,41.611,38.32
1057.3,586.02,41.639,38.294
1057.1,586.14,41.655,38.277
1056.4,586.38,41.664,38.271
1057.2,586.12,41.671,38.265
1057.7,585.68,41.675,38.261
1057.5,585.25,41.679,38.257
1057.6,585.06,41.679,38.257
1057.8,584.8,41.68,38.256
1057.5,584.46,41.684,38.253
1056.7,584.16,41.687,38.249
1056.5,583.86,41.692,38.243
1057.3,583.58,41.704,38.231
1057.8,583.18,41.743,38.197
1057.5,583.43,41.782,38.17
1057.4,584.17,41.85,38.131
1057.1,589.95,42.067,37.982
1057.1,590.47,42.694,37.53
1057.4,590.65,42.714,37.513
1056.7,590.3,42.733,37.499
1055.8,589.9,42.75,37.486
1054.8,589.8,42.768,37.471
1054.4,589.49,42.772,37.467
1053.9,589.27,42.776,37.464
1053.5,589.61,42.775,37.465
1052.6,589.91,42.777,37.462
1051.8,590.36,42.788,37.453
1053.3,590.19,42.789,37.452
1053.7,588.64,42.799,37.445
1056.4,587.8,42.815,37.436
1057.2,587.93,42.905,37.373
1056.2,587.54,42.934,37.349
1055.3,587.19,42.97,37.321
1054.8,586.89,42.987,37.305
1054.7,586.58,43.016,37.282
1055.5,586.57,43.024,37.275
1055.9,586.46,43.027,37.273
1055.6,586.2,43.033,37.267
1055.2,585.96,43.039,37.262
1059.4,556.95,45.005,36.292
1059.5,557.5,45.002,36.295
1060.2,557.68,45.004,36.293
1060.4,557.79,45.01,36.288
1060.6,557.79,45.018,36.282
1060.7,557.62,45.026,36.275
1060.3,556.92,45.034,36.268
1060.5,556.75,45.042,36.262
1060,556.46,45.043,36.261
1055.5,546.67,46.044,35.622
1055.7,547.27,46.978,35.103
1062.5,553.27,46.66,35.24
1062.7,553.85,46.662,35.239
1103.7,510.08,46.109,34.739
1117.1,509.64,45.357,35.789
1118.9,508.3,45.157,36.664
1120.3,507.75,45.205,37.359
1147.4,527.66,44.862,38.111
1164.4,538.12,44.557,38.887
1194.3,550.99,44.305,40.119
1200.3,551.62,44.304,41.665
1212.2,569.57,45.092,42.638
1212.6,570.68,45.994,43.597
1213,573.26,46.579,44.382
1212.6,574.83,46.793,44.977
1206.5,583.98,44.143,48.706
1186,591.93,45.964,48.581
1184.5,592.15,47.286,48.862
1184,592.03,48.31,49.153
1183.2,592.86,49.524,49.091
1182.4,592.75,50.061,49.428
1181.5,592.35,50.637,49.805
1180.7,592.12,51.152,50.152
1180.3,592.07,51.782,50.709
1179.6,591.87,52.387,51.097
1179.3,591.37,52.88,51.801
1179,590.61,53.432,52.494
1178.1,590.02,53.863,53.024
1177.2,589.36,54.333,53.845
1177.1,589.4,54.833,54.524
1176.4,589.15,55.399,55.118
1175.6,588.72,55.851,55.755
1175.2,588.3,56.39,56.464
1174.5,587.74,57.22,57.013
1173.9,587.18,57.946,57.614
1173.6,586.55,58.529,57.881
1173.1,585.58,59.08,58.304
1172.5,584.71,59.509,58.882
1171.9,583.69,60.053,59.325
1172.4,582.85,60.441,60.033
1172.3,581.7,60.887,61.065
1172,580.44,61.544,62.227
1171.6,579.28,62.196,63.295
1171.9,578.72,62.855,64.087
1171.6,578.16,63.397,64.937
1171.8,577.65,63.851,65.726
1172,577,64.323,66.464
1171.1,577.63,64.978,66.401
1170.1,578.07,65.837,66.008
1169.6,578.15,66.566,65.918
1170.3,577.22,66.508,66.341
1171.2,576.58,66.767,66.924
1172.3,576.29,67.861,67.378
1171.8,574.44,67.867,68.452
1171.6,573.58,67.83,69.317
1170.7,572.27,67.898,70.306
1170.1,572.71,68.284,70.896
1170.7,572.17,68.475,71.56
1171.9,572.17,68.958,71.689
1171.8,571.1,70.056,72.24
1172.4,570.43,70.98,72.807
1171.2,569.06,71.406,73.945
1170.1,568.01,71.641,75.106
1169.4,567.04,72.088,76.023
1168.5,567.5,72.834,76.694
1167.6,567.3,73.278,77.57
1166.8,566.32,74.043,78.412
1166.6,565.6,74.65,79.28
1167.6,566.33,75.417,79.542
1167.7,566.96,76.052,79.625
1168.1,566.56,76.366,80.168
1167.9,566.47,76.758,80.434
1167.6,566.54,77.045,80.682
1167.9,566.28,77.325,80.948
1167.6,566.39,77.523,81.182
1167.7,566.03,77.799,81.488
1168.4,565.62,77.778,81.823
1168.5,565.29,77.711,81.806
1168.5,564.92,77.713,81.779
1168.9,565.33,77.884,81.667
1169.1,565.49,77.859,81.697
1168.7,565.59,77.748,81.637
1168.8,565.57,77.423,81.855
1168.6,565.63,77.293,81.953
1168.6,565.24,77.243,82.079
1168.5,564.9,77.234,82.169
1168.7,565.1,77.208,82.097
1168.5,564.66,77.189,82.164
1168.8,564.69,77.175,82.148
1169.2,565.15,77.172,81.972
1169.1,565.2,77.169,81.864
1168.7,565.32,77.13,81.704
1168.7,565.78,77.254,81.532
1169.4,565.79,77.355,81.557
1169.4,565.75,77.261,81.505
1169.5,565.79,77.164,81.469
1169.1,566.03,77.21,81.439
1169,565.93,77.094,81.481
1169.2,565.96,76.982,81.529
1168.8,566.58,76.762,81.449
1168.6,566.48,76.708,81.464
1169.4,566.55,76.742,81.46
1169.1,566.31,76.664,81.404
1169.1,566.78,76.642,81.383
1168.9,567.31,76.72,81.363
1169,567,76.733,81.292
1169,566.65,76.77,81.217
1168.7,567.14,76.73,81.306
1168.6,566.76,76.845,81.366
1168.4,566.56,76.877,81.387
1168.9,566.94,76.954,81.302
1169.1,566.82,76.881,81.377
1168.5,566.79,77.093,81.191
1168.1,566.82,77.176,81.09
1168.4,567.3,77.407,80.933
1168.2,567.4,77.497,80.845
1168.7,567.86,77.605,80.699
1169,566.57,77.445,80.636
1168.8,566.89,77.237,80.838
1169.1,567.59,77.124,81.057
1169.3,566.42,77.043,80.936
1169,566.83,76.904,81.021
1169.2,567.48,76.869,81.158
1168.6,566.57,76.764,81.309
1168.3,567.33,76.854,81.402
1168.4,566.87,76.905,81.398
1168.5,567.67,77.038,81.131
1168.2,566.58,77.1,80.838
1167.9,567.32,77.077,80.913
1168,567.4,77.112,81.025
1168.2,567.31,76.966,81.048
1168,567.24,76.959,80.892
1168.1,567.09,77.033,81.062
1168,566.93,77,81.061
1168.4,567.56,77.062,81.242
1168.2,566.53,77.147,81.471
1168,566.6,77.461,81.379
1167.6,567.12,77.747,81.433
1166.9,567.62,78.064,81.166
1166.7,566.66,78.081,81.364
1167.2,566.45,78.242,81.691
1167.6,567.04,78.329,81.894
1168.2,567.54,78.417,81.64
1168.1,567.22,78.498,81.646
1167.7,566.16,78.562,81.728
1167.4,566.24,78.577,81.813
1168.3,566.49,78.476,81.76
1167.8,566.6,78.608,81.776
1167.3,566.42,78.507,81.871
1168,566.62,78.216,81.764
1168,566.24,78.14,81.744
1168.6,566.87,77.866,81.75
1168.2,566.91,77.796,81.7
1167.7,567.05,77.687,81.661
1168.3,567.71,77.52,81.449
1168.4,567.62,77.429,81.398
1168.8,567.62,77.283,81.343
1168.7,566.99,77.072,81.114
1168.7,567.23,76.987,81.241
1168.6,567.37,76.968,81.333
1168.6,566.8,76.828,81.065
1169.2,567.52,76.595,81.244
1169.6,567.67,76.563,81.206
1169.1,566.74,76.364,81.315
1169.7,567.31,76.233,81.399
1169.8,566.45,76.337,81.076
1169.8,567.39,76.217,80.889
1169.5,566.67,76.224,80.897
1168.9,566.69,76.226,80.975
1169.1,566.98,76.384,81.149
1168.9,566.87,76.653,81.458
1169.3,566.7,77.003,81.514
1169,566.79,77.21,81.698
1168.4,565.96,77.369,81.929
1168.6,566.99,77.232,81.822
1168.8,567.03,77.19,81.667
1169.4,566.99,77.149,81.518
1168.9,566.23,77.031,81.629
1169.3,567.45,76.855,81.52
1168.9,567.11,76.64,81.276
1168.6,567.25,76.615,81.141
1168.2,567.41,76.55,80.947
1168,567.94,76.467,80.884
1167.7,567.5,76.501,80.9
1167.9,567.58,76.583,81.071
1167.8,567.38,76.57,81.137
1167.7,567.1,76.556,81.24
1167.7,567.01,76.472,81.266
1167.7,566.69,76.414,81.317
1167.7,567.2,76.53,81.246
1167.9,566.97,76.506,81.31
1168,566.73,76.532,81.356
1168.1,567.24,76.756,81.242
1168.1,566.89,76.976,81.029
1168.4,567.24,76.88,80.851
1168.3,566.7,77.007,80.775
1168.4,566.97,76.973,80.646
1168.3,566.81,77.204,80.663
1168.4,566.86,77.153,80.637
1168.5,566.97,77.115,80.599
1169.1,567.25,77.063,80.574
1169.2,566.9,77.042,80.717
1169.2,566.77,76.894,80.597
1168.8,566.38,76.865,80.746
1169,566.91,76.665,80.568
1168.7,566.69,76.621,80.668
1169.1,566.98,76.73,80.66
1169.1,566.71,76.604,80.885
1169.1,566.48,76.564,80.953
1169.3,567.04,76.422,80.684
1169.9,567.41,76.216,80.729
1169.8,566.55,75.946,80.966
1169.5,566.6,75.923,80.72
1169.5,567.18,75.878,80.561
1169.5,566.68,75.834,80.754
1169.5,566.1,75.826,80.937
1169.9,566.2,75.751,80.812
1169.7,566.75,75.836,80.675
1169.5,566.32,75.984,80.844
1169.8,566.6,76.127,80.745
1168.7,566.88,76.419,80.532
1169.3,567.37,76.348,80.214
1169.1,567.61,76.293,80.081
1159.4,564.79,76.847,81.186
1159.7,562.03,77.273,82.676
1164.1,565.97,78.29,81.438
1165.4,566.1,77.737,81.401
1170.2,567.32,79.249,80.026
1173.3,568.04,80.959,79.395
1175.5,567.79,82.395,79.151
1171.6,567.05,81.709,79.984
1169.1,566.92,80.838,80.629
1166.9,566.79,80.781,80.59
1167.7,567.54,80.258,80.341
1168.5,568.41,80.149,80.265
1168.5,568.37,80.018,80.484
1169.3,567.97,80.616,80.707
1170,567.23,81.289,80.904
1168,566.7,80.538,80.965
1167.8,566.2,80.263,81.486
1167.9,567.23,79.746,81.245
1167.8,567.31,79.346,81.18
1167.5,567.76,78.832,81.05
1167.5,567.59,78.332,80.801
1167.3,568.09,78.236,80.508
1167.5,567.95,77.85,80.542
1166.8,567.59,77.555,80.534
1166.7,567.56,77.222,80.533
1166.8,566.91,76.976,80.416
1166.4,566.68,76.794,80.308
1167.2,566.78,77.175,80.215
1167.8,567.66,77.13,79.958
1168,567.72,76.71,79.957
1168,567.8,76.427,79.904
1167.8,568.68,76.483,79.605
1167.8,569.11,76.277,79.606
1167.2,568.42,76.255,79.887
1167.7,568.51,76.227,79.758
1167.5,569.2,76.262,79.586
1166.3,568.72,76.332,79.605
1167.1,568.71,76.965,79.616
1167.7,568.95,77.024,79.704
1167.5,568.67,76.781,79.917
1167.2,568.37,76.543,80.086
1167.7,568.62,76.546,80.306
1167.9,568.07,76.498,80.661
1167.4,568.71,76.7,80.609
1167.9,567.43,76.778,80.577
1167.9,568.74,76.933,80.383
1167.3,569.11,77.176,80.421
1167.7,567.76,77.261,80.488
1167.5,568.3,77.092,80.556
1167.1,567.92,77.184,80.506
1166.9,568.47,77.104,80.557
1167.7,567.77,77.319,80.338
1167.6,567.95,77.181,80.441
1167,568.02,77.361,80.539
1167,568.29,77.286,80.618
1166.8,567.75,77.576,80.594
1167.3,567.02,77.768,80.612
1166.9,567.7,77.997,80.439
1167.4,567.94,78.145,80.48
1167.1,567.7,78.346,80.614
1167.1,567.81,78.427,80.631
1167.2,567.85,78.516,80.624
1167.1,567.56,78.623,80.756
1167.1,568.31,78.826,80.478
1167.3,568.07,78.905,80.688
1167.3,567.99,79.042,80.895
1167.4,568.26,79.17,80.955
1167.2,568.06,79.233,81.11
1167,568.01,79.147,81.147
1166.7,567.96,79.059,81.095
1166.4,567.78,79,81.108
1166.2,568.05,78.896,81.124
1166,567.28,78.901,80.967
1166.3,567.07,79.034,80.756
1166,568.04,78.91,80.765
1166.3,567.85,78.958,80.695
1165.9,568.16,78.728,80.668
1165.6,567.42,78.884,80.767
1166.2,567.29,78.687,80.477
1165.6,566.65,78.274,80.895
1166.5,565.3,77.727,81.503
1167.3,564.35,77.429,81.659
1169.5,565.78,77.982,81.251
1170.6,567.69,78.601,80.301
1168.8,567.59,78.517,79.653
1168.1,567.55,78.385,79.765
1167.8,567.82,78.363,79.79
1168,567.81,78.24,79.964
1167.6,567.61,78.135,80.174
1167.9,567.51,78.004,80.243
1168.1,567.42,77.902,80.282
1167.9,567.43,77.937,80.349
1167.8,567.36,77.816,80.199
1167.7,567.74,77.769,80.131
1167.4,567.96,77.703,79.727
1167.4,568.32,77.457,79.556
1167.4,568.41,77.24,79.457
1165.1,565.74,77.059,80.502
1164.4,563.2,76.447,82.073
1168,565.55,78.058,81.185
1169.1,565.93,78.418,80.773
1169.5,566.61,78.5,80.2
1169.4,566.79,78.653,79.755
1169,567.32,78.356,79.692
1168.6,567.39,78.171,79.584
1168.1,567.42,77.91,79.43
1167.1,565.65,77.235,80.178
1167.5,565.22,76.994,80.839
1167.3,566.44,76.659,80.078
1167.3,567.74,76.348,79.47
1168,566.82,76.315,79.195
1169.2,568.34,76.894,78.497
1169.4,568.62,77.275,78.226
1169,568.13,77.376,78.43
1169.2,568.36,77.466,78.572
1167.3,566.13,77.303,79.228
1166.7,564.63,77.328,80.054
1168.1,565.5,76.986,79.871
1168.3,566.16,76.529,79.809
1169.9,566.81,77.363,79.616
1170.8,567.25,78.908,79.521
1168.1,566.24,78.456,80.114
1167.2,566.24,78.403,80.545
1167.1,566.51,78.35,80.846
1166.9,566.33,78.189,81.168
1167.1,566.3,77.923,81.494
1167.3,565.73,77.629,81.817
1167.3,565.56,77.505,82.146
1167.5,565.79,77.46,82.242
1168,566.01,77.383,82.371
1168.2,566.11,77.621,82.386
1168.3,566.65,77.906,82.19
1167.9,566.2,78.184,81.958
1167.3,566.24,78.381,81.949
1167.6,566.26,78.48,81.614
1167.6,566.77,78.635,81.571
1167.7,566.77,78.685,81.317
1168,567.01,78.7,81.405
1168,566.15,78.835,81.165
1168.1,566.22,79.005,81.097
1167.3,566.68,79.126,81.008
1167.8,566.72,79.28,80.436
1168,567.38,79.313,80.178
1168.2,567.07,79.082,80.441
1168.2,566.61,78.898,80.609
1167.4,566.41,78.816,80.599
1167.2,566.26,78.637,80.792
1166.7,566.19,78.462,80.986
1167.3,566.18,78.142,80.894
1167.7,566.94,77.827,80.554
1168,567.25,77.756,80.05
1167.4,567.92,77.706,79.888
1167.2,568.24,77.609,79.831
1167,567.09,77.649,79.99
1167,568.01,77.367,79.972
1167.1,568.23,77.134,80.132
1167.4,567.01,77.076,80.166
1168.1,567.14,76.886,80.282
1168.4,567.3,76.841,79.95
1168.2,567.83,77.063,79.683
1167.7,567.26,77.269,79.456
1168.6,567.7,77.212,79.395
1167.3,567.38,77.517,79.384
1167.4,567.5,77.687,79.066
1167.6,567.63,77.817,78.843
1167.3,567.88,77.958,78.844
1167.7,568.07,77.95,78.759
1167.4,568.32,78.066,78.794
