568,6,144,177
580.93,12.686,146.59,175.99
582.75,13.013,148.55,175.95
583.02,16.421,150.95,175.84
582.26,17.984,153.75,176.71
581.99,21.87,156.46,177.56
581.24,23.253,159.86,178.21
581.58,27.716,162.06,178.67
581,28.044,164,179.52
580.25,31.168,165.62,179.77
577.51,34.442,167.94,179.24
576.46,37.901,169.97,178.96
574.02,41.52,171.89,179.38
571.03,44.609,174.61,179.86
569.41,47.446,176.39,180.08
566.04,50.727,178.7,180.46
564.88,52.45,180.18,181.24
566.31,56.014,180.3,181.6
567.75,59.132,180,183.93
568.3,63.899,180.59,183.5
568.52,65.401,181.47,182.86
568.97,65.765,181.81,182.63
570.09,67.431,183.15,183.2
570.59,69.468,185.43,184.27
569.46,71.6,189.2,184.04
567.8,75.277,194.05,183.8
565.99,77.535,198.61,183.48
563.7,80.002,203.2,182.56
561.62,82.867,208.47,180.77
559.75,82.529,213.13,179.73
556.75,84.735,217.84,178.06
553.17,87.866,222.11,175.86
550.15,90.302,224.42,174.3
547.83,94.672,226.07,171.9
542.6,100.54,230,164.82
542.93,106.93,227.7,162.78
543.3,110.89,225.8,160.7
542.86,114.4,223.17,158.65
540.59,116.41,220.17,157.41
540.3,119.52,216.32,156.19
541.09,121.94,212.98,154.78
539.78,122.4,209.96,153.74
538.19,124.11,207.32,151.73
539.25,127.08,205.04,150.01
538.88,127.87,203.17,148.86
539.73,129.84,201.17,147.45
540.3,130.62,200.57,146.56
539.86,129.51,199.38,146.75
541.22,128.65,197.29,147.82
542.52,127.14,195,149.06
543.54,126.21,193.2,149.85
542.95,128.15,191.01,150.29
540.91,128.06,189.5,150.39
539.66,129.05,187.55,150.05
542.07,128.6,185.18,149.7
543.91,129.3,183.15,148.84
545.59,129.52,181.13,148.14
546.58,130.53,179.05,147.25
547.4,129.63,177.73,146.8
549.74,128.77,176.11,146.47
550.15,127.65,174.56,145.92
552.83,125.99,173.1,145.66
553.96,125.47,172.22,145.18
555.03,123.06,170.71,145.12
555.83,120.67,169.34,144.58
556.5,118.71,168.57,144.17
557.8,114.21,167.68,144.58
558.46,112.1,166.68,144.58
560.15,110.95,165.63,144.58
561.86,109.05,164.52,145.08
563.14,107.42,163.35,145.48
565.53,105.01,163.26,145.74
565.58,101.61,163.83,145.68
567.54,98.773,164.15,145.87
568.68,97.908,164.59,145.5
569.42,96.22,165.28,145.83
570.02,94.127,165.59,145.92
572.15,92.944,165.67,145.14
572.51,93.328,165.85,144.3
571.21,91.065,163.84,143.58
571.61,91.054,161.69,142.59
576.95,94.251,160.02,140.37
576.93,91.792,161.53,138.3
576.69,90.394,162,138.04
578.1,88.832,161.62,138
577.83,87.864,161.55,137.27
577.87,88.208,161.46,136.38
588.36,88.382,160.76,136.07
584.59,88.534,160.92,135.68
581.88,88.417,160.71,135
580.88,86.471,160.89,134.17
580.12,86.307,161.25,133.23
579.65,86.385,161.57,132.36
589.11,87.18,161.66,132.11
583.88,89.253,161.74,131.61
582.28,90.706,161.83,131.12
589.75,92.131,161.14,131.45
583.59,92.438,161.63,131.24
589.53,93.09,161.46,131.39
583.99,94.833,161.36,131.23
579.71,96.107,161.59,131.08
587.57,98.321,161.09,131.18
582.51,101.12,160.95,131.05
589.4,104.04,160.24,131.31
582.9,105.5,160,131.37
579.48,107.37,159.32,131.39
576.25,111.7,158.64,131.39
584.06,114.45,157.63,132.05
577.38,119.52,157.24,131.8
582.24,124.25,156.91,132.06
576.07,125.95,157.04,131.69
582.47,130.66,156.68,131.7
585.16,133.94,156.79,131.85
575.11,139.37,157.53,131.07
579.42,144.97,158.33,131.17
582.36,149.43,159.37,131.39
583.55,151.71,159.95,132.3
572.74,154.91,163.06,132.07
576.34,157.58,164.86,132.75
566.7,158.82,167.86,132
562.03,159.44,169.26,130.79
554.76,159.89,170.68,130.71
549.78,159.87,171.58,130.69
560.24,160.25,172.55,131.4
552.9,144.78,172.5,132.04
563.42,149.14,172.46,133.08
556.72,154.92,172.38,134.04
565.58,158.32,172.54,135.44
559.18,160.39,173.25,136.07
569.94,146.62,172.06,137.74
575.54,150.7,170.18,140.43
578.51,153.47,169.58,141.89
572.11,138.6,169.23,143.7
578.5,142.22,168.86,145.37
570.06,144.52,170.17,145.84
575.23,147.99,170.77,146.45
583.4,136.16,169.71,147.43
586.98,143.33,168.62,148.61
589.36,146.54,167.41,150.04
581.35,149.15,167.12,149.81
585.78,149.65,165.57,150.53
586.94,150.76,164.05,152.02
588.57,150.15,162.19,153.96
583.18,149.81,161.67,153.44
590.58,148.4,160.01,155.02
594.44,148.25,158.95,156.49
590.08,148.37,158.57,155.85
596.48,146.68,157.83,157.13
591.95,145.04,157.98,156.83
597.64,142.97,156.99,158.37
601.71,142.57,158.04,159.39
592.91,141.59,159.24,159.17
598.01,141.43,159.77,160.24
601.98,140.07,159.96,161.16
587.9,138.55,160.74,160.74
599.63,147.87,160.59,163.45
589.87,140.64,161.74,164.22
594.37,135.09,161.73,165.44
596.5,133.01,161.25,166.44
585.35,130.64,163.03,166.12
589.89,129.1,163.93,166.66
593.59,127.35,164,167.4
594.26,125.49,163.22,168.02
583.19,125.21,165.81,167.43
588.57,124.6,166.22,168.12
592.1,122.42,166.62,168.87
583.54,103.23,170.54,167.96
577.53,88.326,175.5,166.01
574.19,95.273,179.17,163.76
571.58,98.896,181.65,162.81
586.28,105.14,182.51,162.28
580.54,89.893,182.94,162.43
577.31,94.599,183.39,162.05
575.48,97.824,183.15,161.36
574.93,100.49,182.73,161.1
575.87,103.88,181.89,161.01
577.63,106.77,181.29,160.72
579.09,109.43,180.78,160.05
575.15,96.91,180.66,157.26
575.82,105.17,179.63,155.15
569.24,111.88,183.01,147.93
584.97,120.68,180.74,148.1
584.6,123.64,178.53,149.37
584.93,124.81,175.72,151.38
586.35,123.53,173.08,153.26
587.47,123.54,170.9,153.73
588.53,121.43,169.75,153.77
589.1,122.52,169.48,153.33
590.49,122.42,168.86,153.18
592.66,123.31,168.12,153.13
594.51,124.18,167.36,152.35
597.02,124.08,166.28,151.84
602.59,123.25,164.58,151.16
602.87,114.45,163.03,148.45
607.02,118.92,160.91,147.5
602.44,108.16,165.13,139.88
622.99,115.96,162.47,140.52
624.18,107.93,159.23,140.5
644.51,110.96,155.3,142.58
644.24,99.396,152.35,143.71
645.52,101.87,149.77,145.13
644.25,90.491,147.28,144.88
647.05,89.89,144.7,146.01
665.58,89.978,143.26,146.8
669.98,180.66,142.15,152.16
675.31,193.15,142.96,158.73
678.21,186.69,145.09,165.05
682.49,180.16,147.5,169.94
685.84,172.69,150.11,175.1
690.01,165.43,152.92,179.5
691.96,157.86,155.97,183.24
694.09,166.68,161.07,184.45
692.73,157.11,166,186.75
691.61,146.77,169.94,188.9
691.21,138.16,173.43,189.28
691.5,129,176.78,189
690.61,114.72,179.62,189.3
689.12,96.198,181.82,189.5
583.25,19.492,182.48,194.36
579.14,13.668,181.6,197.58
564.69,1.7281,180.18,192.17
573.77,4.0662,180.47,188.73
583.37,4.5469,182.75,185.32
606.21,22.772,187.5,181.49
626.14,21.407,194.04,178.1
625.1,21.78,199.11,174.89
620.7,20.024,202.46,171.4
614.2,20.791,203.88,168.03
607.42,18.539,203.52,166.95
599.92,16.02,202.82,166.63
594.47,14.356,202.87,164.99
590.34,12.629,202.86,163.44
587.83,9.81,201.73,163.5
585.46,8.9172,201.23,163.58
585.46,8.6375,201.1,163.3
587.89,7.1075,199.33,162.68
588.67,6.1025,197.52,162.28
588.63,7.1051,196.33,160.32
589.2,8.6721,194.07,158.68
589.72,11.351,191.05,157.43
589.97,10.26,187.64,156.71
592.41,12.021,185.58,155.97
594.45,13.627,183.77,155.22
600.18,14.874,183.22,154.57
601.24,15.727,183.71,153.58
600.46,16.451,183.75,155.02
598.71,15.8,184.74,156.82
595.99,15.001,185.16,158.4
594.18,14.629,185.57,160.02
593.25,15.079,186.26,162
599.53,16.014,184.56,164.36
605.97,15.826,183.15,166.54
611.46,17.146,182.48,168.29
616.04,15.039,182.67,170.26
619.64,16.015,183.79,170.94
622.27,17.753,185.24,171.76
622.71,18.486,188.14,172.6
620.92,17.903,191.13,173.71
617.89,17.009,193.75,174.45
614.95,16.167,195.91,174.2
613.3,14.978,197.16,174.11
611.98,15.845,199.36,174.28
613.2,17.114,200.09,175.87
612.43,18.641,202.37,177.89
610.58,20.751,206.71,179.06
608.19,23.7,209.96,180.72
606.01,23.382,213.01,182.44
628.38,21.497,212.89,187.46
626.08,19.77,210.13,193.25
623.68,16.886,208.12,199.41
624.3,16.685,206.22,202.97
625.15,13.303,205.53,204.01
625.37,12.443,205.32,204.54
641.54,7.028,203.07,205.19
637.86,4.9734,199.89,203.79
654.43,1.9751,195.18,201.16
651.01,-2.6942,189.36,197.16
650.46,-2.8999,181.96,190.7
667.22,-1.8938,173.57,185.03
667.95,-0.44949,165.99,177.97
669.81,3.063,158.51,173.25
673.17,6.9885,151.87,170.65
675.93,7.3039,146.36,168.51
676.46,9.2094,141.29,167.96
676.99,8.0249,137.21,167.85
678.53,9.4791,133.37,167.92
677.44,11.802,130.85,168.3
676.53,12.72,129.79,169.23
675.96,14.562,129.42,169.45
674.49,15.873,129.16,169.4
673.75,15.644,129.39,169.24
673.88,16.4,128.76,169.53
674.05,17.113,128.09,169.23
675.03,18.36,127.8,169.46
676.6,19.291,128.19,169.35
678.89,19.7,129.33,169.52
680.22,20.913,130.27,170.47
679.81,21.033,133.13,170
678.03,20.633,136.58,169.36
675.45,21.489,140.62,168.92
675.06,21.593,142.37,170.21
676.42,7.2668,144.54,167.69
676.37,10.103,146.45,166.99
679.54,10.054,148.24,167
684.85,9.637,149.08,168.11
688.45,7.8654,150.14,170.29
684.73,1.2542,151.51,171.22
662.42,4.6666,153.7,169.02
639.56,10.131,154.6,167.11
614.95,19.603,158.32,165.24
611.47,22.27,161.22,165.4
594.77,9.433,166.47,161.94
601.83,13.532,167.57,162.72
605.67,6.6883,170.26,160.4
609.82,12.567,171.32,161.33
616.23,19.19,171.67,164.3
622.66,40.124,170.19,172.87
625.2,34.799,170.35,180.5
628.37,29.841,171.74,184.3
624.8,22.109,174.32,185.14
624.93,18.949,176.02,186.45
620.58,11.484,177.92,185.63
615.57,9.4263,179.78,183.63
612.28,4.3669,179.87,181.11
610.13,3.1158,179.8,178.93
608.37,0.706,179.23,176.77
606.8,1.705,178.88,174.57
608.35,0.81422,178.67,171.65
610.96,-1.2133,178,168.9
591.25,-0.17998,174.55,166.97
576.06,0.0053635,168.91,165.44
581.98,-0.4967,165.19,163.15
586.57,-0.47826,162.06,161.19
590.12,-0.10359,160.19,158.66
592.45,1.3175,158.9,156.42
593.97,2.063,157.95,154
584.3,3.1909,154.62,152.27
593.01,2.9401,152.55,151.05
598.9,3.6132,150.96,149.67
604.63,2.9044,150.09,149.21
607.75,1.8012,151.54,147.88
609.58,1.4691,151.55,147.48
609.85,1.456,151.48,149.33
609.83,2.0751,152.3,152.26
610.9,1.7372,153.2,155
610.5,4.4784,153.23,157.74
609.99,4.3585,153.19,161.25
608.66,3.7417,153.57,164.75
609.68,3.8305,154.56,168.66
613.41,6.8052,155.94,172.47
613.86,6.632,157.36,176.79
615.47,9.7741,158.42,181.56
618.65,14.498,159.26,186.4
620.73,19.172,161.83,190.47
621.85,22.888,163.86,193.41
621.62,26.622,166.99,197.24
622.5,29.003,169.42,200.99
622.41,30.669,170.31,205.63
622.19,36.047,170.63,209.69
622.78,41.325,170.55,212.9
623.75,49.932,170.15,213.66
625.23,63.095,169.88,211.19
625.7,70.855,170.24,208.5
625.58,83.954,170.62,204.91
625.26,96.652,170.39,201.66
627.96,107.67,170.18,198.71
627.95,115.76,171.04,196.61
628.8,124.77,171.24,195.17
628.33,128.03,171.7,194.72
626.68,136.31,171.2,194.82
624.99,146.05,171.64,194.38
624.13,155.25,172.54,193.64
624.83,163.93,172.64,192.48
625.35,173.11,172.14,191
625.84,173.87,171.92,191.92
624.93,177.22,170.88,192.57
625.73,180.56,170.7,192.63
626.7,185.02,170.46,193.22
629.32,187.88,168.49,194.22
629.07,189.76,165.55,195.81
628.76,188.99,163.36,197.29
632.31,194.03,161.2,197.48
636.06,200.19,159.24,197.09
639.74,207.1,157.47,196.11
646.25,212.36,156.71,195.6
654.35,216.43,157.44,195.04
661.37,217.44,159.41,194.14
666.28,220.84,161.31,194.37
665.57,226.18,164.73,193.85
664.96,229.34,165.78,195.63
662.51,229.69,165.55,197.83
661.88,230.28,164.48,200.04
662.08,230.52,163.31,201.69
656.72,227.74,163.9,202.82
651.93,226.52,165.72,203.35
647.34,225.87,169.02,205.13
645.74,226.09,171.46,206.58
647.82,223.71,172.56,208.83
649.33,221.21,172.89,210.86
651.26,218.5,171.85,214.99
655.36,216.5,169.8,219.35
663.58,220.9,167.58,220.48
674.11,225.13,163,221.95
681.41,225.28,159,223.68
685.74,224.21,156.08,225.21
689.31,223.51,153.77,224.49
690.05,224.02,152.72,222.18
691.92,223.11,152.07,219.45
691.77,220.84,152.71,216.12
691.9,218.67,154.28,212.45
691.79,218.56,154.88,208.66
692.16,218.23,155.59,206.35
693.68,217.53,156.04,207.23
693.76,217.84,157.56,209.94
692.69,218.96,158.9,212.63
689.58,219.95,161.2,215.72
689.64,220.71,162.91,219.12
688.47,219.16,165.32,222.85
686.36,218.04,168.61,226.18
684.9,217.8,172.57,228.75
685.44,214.56,175.78,232.12
684.84,209.77,179.33,235.19
682.92,207.33,182.66,237.74
681.59,204.04,185.83,241.2
680.65,203.39,189.65,244.47
678.14,203.26,194.39,246.52
674.7,202.19,199.75,249.05
670.13,204.28,206.29,249.77
666.45,205.12,211.98,250.89
662.68,205.18,217.92,252.38
657.96,207.97,224.26,251.05
653.07,208.75,229.77,250.03
647.76,210.57,236.19,249
638.97,211.22,244.65,247.58
632.83,212.54,251.58,247.66
625.26,213.31,259.4,247.39
618.28,214.22,266.86,246.65
610.86,214.82,273.07,246.87
603.12,215.17,278.54,246.95
599.02,212.76,282.58,246.64
599.07,213.29,284.95,246.9
593.25,213.44,289.17,246.6
591.9,213.17,293.43,246.36
588.23,213.02,297.82,247.07
589.2,211.96,301.61,248.82
586.47,212.14,304.97,250.85
584.96,211.97,308.53,252.41
585.64,211.23,312.83,255
585.12,210.6,317.14,257.71
582.01,211.54,321.57,259.79
581.5,213.29,326.74,261.89
578.68,214.27,331.75,264.08
576.56,214.42,336.46,266.31
574.9,215.9,341.48,268.15
571.95,215.69,345.88,270.06
569.78,216.94,350.1,271.34
569.48,217.52,354.84,272.02
570.63,220.17,359.15,272.19
571.26,220.71,362.47,273.18
571.64,221.19,366.6,272.75
571.89,226.03,369.24,271.92
569.54,230.89,372.28,271.34
586.73,229.62,373.96,269.89
572.88,238.37,377.86,270.17
565.96,238.66,379.54,270.82
583.56,236.2,379.55,270.36
586.18,241.68,384.29,269.92
586.14,246.44,388.46,269.79
586.22,245.4,392.49,271.26
591.18,247.54,392.99,273.3
593.36,247.56,395.35,275.49
595.05,251.62,395.92,276.34
594.5,253.8,395.92,277.13
596.45,253.06,395.28,277.81
576.99,255.97,384.86,283.76
566.84,250.78,367.32,289.41
567.83,247.75,352.46,292.76
571.97,246.57,340.75,294.18
575.76,247.8,330.4,293.12
578.07,251.59,320.84,291.33
576.07,248.18,313,290.94
571.98,248.11,306.86,290.82
571.99,247.91,302.48,289.69
576.36,247.58,298.52,289.96
573.15,249.11,294.05,288.81
574.14,252.47,290.08,287.94
576.55,254.23,286.03,287.86
574.28,251.12,282.13,289.17
577.05,251.72,279.18,289.34
574.05,249.96,277.59,290.62
574.63,245.86,275.78,292.11
573.01,239.82,273.48,293.89
571.43,240.76,269.85,290.51
570.15,236.44,266.09,286.68
570.39,235.37,263.58,283.16
568.22,227.96,261.38,280.08
565.59,222.34,261.14,276.22
561.01,222.42,261.09,271.83
561.07,222.13,260.05,267.73
559.39,220.19,258.29,264.15
559.59,219.86,256.73,260.82
559.8,221.59,255.24,257.88
560.43,226.99,255.27,255.2
560.27,226.86,256.29,254.6
557.95,227,258.88,253.5
554.13,229.96,263.23,251.13
552.03,230.96,265.93,249.15
548.06,230.5,269.7,245.77
541.41,231.03,273.44,243.36
540.96,232.99,275.08,241.16
537.15,232.47,278.35,239.06
539.22,233.4,279.65,236.93
538.74,235.33,280.9,235.51
540.12,236.34,282.23,234.45
539.32,234.17,282.61,232.94
543.12,235.1,281.26,231.61
544.81,237.51,281.02,228.99
541.94,238.1,282.25,227.42
541.43,239.35,282.57,226.22
543.96,240,282.04,225.12
544.65,239.99,281.65,224.82
546.27,240.68,280.98,225.08
545.7,239.61,281.46,225.31
543.82,238.24,282.69,225.68
542.41,237.78,283.58,226.06
538.21,237.05,285.82,227.21
541.17,233.57,284.48,229.34
550.51,228.99,280.05,232.6
560.13,222.59,273.13,236.16
566.81,216.91,268.3,237.55
569.14,216.7,264.59,238.22
569.76,210.14,262.29,238.8
569.05,204.89,259.44,239.43
571.83,201.17,256.63,240.06
573.05,196.77,254.21,239.96
571.26,194.56,252.62,238.17
570.76,193.61,251.55,236.27
574.18,194.2,249.64,233.92
571.54,195.38,249.21,232.51
565.13,194.33,251.19,232.36
561.89,195.42,253.14,232.63
560.73,193.72,252.71,233.48
558.82,193.87,253.1,233.44
559.48,196.39,252.87,233.03
557.43,193.63,252.49,232.84
556.51,200.36,251.03,231.14
559.25,201.28,248.71,228.86
559.51,198.95,246.34,226.88
561.07,199.7,244.12,225.76
563.69,197.54,241.17,223.46
565.79,196.85,238.07,221.67
566.25,195.87,234.63,221.05
566.78,196.17,233.48,219.93
568.72,197.4,232.92,217.58
569.31,197.34,232.23,215.85
569.04,198.86,232.5,213.59
570.16,198.59,231.97,210.92
570.44,197.4,232.42,208.69
565.73,195.81,235.06,206.16
565.83,196.07,236.85,203.94
564.73,196.08,238.45,202.55
564.55,197.13,238.32,201
563.65,197.18,238.45,199.39
563.32,196.89,237.96,198.45
564.85,196.33,235.58,198.74
570.77,195.89,231.09,200.15
574.49,195.17,228.33,201.08
574.94,195.88,223.85,202.78
574.86,193.58,220.42,205.62
573.79,192.5,216.89,207.5
571.01,191.57,214.2,209.4
572.78,194,210.93,211.94
574.27,193.15,208.29,214.25
567.64,195.9,207.77,215.67
560.15,199.58,208.6,215.06
552.38,204.11,212.19,212.51
542.83,210.69,215.72,208.44
539.34,213.52,216.94,205.36
538.78,214.15,217.53,203.44
534.46,216.28,216.36,203.12
526.62,215.01,213.29,202.92
520.7,210.02,211.45,200.88
512.96,206.16,211.23,197.85
506.84,203.89,210.27,197.49
506.72,203.99,209.11,197.3
501.3,200.16,207.82,197.02
500.05,196.14,204.75,197.77
493.61,188.7,202.52,199.89
485.98,185.24,200.71,202.32
476.34,183.57,199.43,204.65
476.58,182.74,198.89,206.22
467.12,179.63,197.83,207.58
457.06,174.9,196,209.78
447.94,166.86,194.31,213.05
435.67,159.8,193.47,215.24
425.88,151.66,194.12,216.4
423.59,151.59,196.27,215.73
411.2,145.88,198.26,216.73
395.18,145.41,203.64,213.62
378.47,143.03,210.33,210.12
370.21,139.83,214.51,205.78
366.92,133.68,216.28,201.92
363.67,133.11,217.8,198.65
352.39,129.89,222.64,195.04
342.4,126.61,226.52,192.03
340.49,119.98,224.58,191.56
342.44,108.52,221.61,192.36
341.53,100.53,219.1,191.71
341.72,99.376,216.43,190.08
342.66,99.716,213.31,189.18
338.67,96.789,210.87,189.97
337.04,93.284,208.34,190.3
335.42,90.392,207.47,189.25
329.14,88.417,207.97,187.22
327.77,87.956,207.63,185.55
319.54,85.995,209.51,184.71
311.74,86.096,212.32,182.98
304.87,84.406,215.44,181.33
300.25,81.85,216.75,180.69
296.84,79.316,215.87,180.47
296.34,79.035,215.58,180.14
292.54,75.62,214.25,180.88
294.53,73.652,211.64,182
295.86,70.117,208.84,183.08
298.59,66.351,205.76,184.01
296.82,62.07,203.66,183.45
296.93,62.04,202.32,182.5
295.09,59.196,200.91,182.53
293.07,56.653,199.88,182.57
288.8,52.979,199.74,183.94
284.45,49.606,200.69,185
280.38,47.723,201.43,186.4
278.86,48.426,202.5,187.01
272.38,45.863,202.7,188.26
259.36,43.45,204.37,188.15
244.16,38.99,207.9,188.32
229.95,36.195,212.99,185.95
216.78,33.447,217.93,182.69
210.46,34.839,222.59,180.38
200.34,32.993,226.65,177.52
188.2,26.489,230.11,173.38
173.78,33.886,233.57,168.68
165.49,42.651,236.49,163.77
161.9,50.503,238.42,158.9
162.24,51.718,239.13,155.54
151.1,53.253,242.38,153.09
140.22,57.979,246.68,149.87
130.91,65.202,250.27,146.49
129.52,68.519,248.89,145.02
127.84,70.753,245.48,144.06
128.43,71.174,242.22,143.21
122.17,74.757,239.79,141.99
115.28,78.469,237.77,141.52
108.92,81.877,237.21,142.03
100.11,87.181,237.58,141.52
89.979,93.818,239.86,139.26
88.843,94.32,240.77,138.17
81.091,101.12,243.96,135.58
76.687,107.29,246.61,132.77
71.351,113.34,249.93,129.91
67.652,120.16,253.12,127.24
68.016,126.04,254.91,125.41
69.869,128.69,255.73,124.53
77.305,134.03,253.21,123.11
88.03,141.36,248.64,122.84
96.697,149.14,244.34,122.95
105.61,156.81,239.31,123.66
117.4,164.59,234.86,124.6
120.82,164.92,230,126.07
132,171.73,225.36,126.01
141.92,181.79,221.14,125.3
153.54,193.24,217.13,123.87
162.89,205.61,214.24,122.15
177.06,220.36,212.81,119.35
182.44,222.21,210.53,118.41
195.35,237.93,208.66,115.92
208.11,254.1,207.33,113.99
223.79,274.12,205.58,113.06
236.83,286.23,205.24,109.95
249.16,300.18,204.25,107.15
254.04,303.24,203.09,106.5
263.21,314.07,203.17,104.46
270.66,323.64,203.04,102.53
280.73,334.73,203.34,100.81
293.37,344.65,203.05,99.117
303.72,358.64,202.88,97.629
304.38,361.99,202.1,97.892
316.5,368.32,201.13,95.882
325.39,374.6,199.25,94.863
337.29,389.64,197.8,95.192
346.65,392.81,197.83,93.723
356.08,398.04,198.91,92.212
359.03,399.36,199.91,91.478
365.29,401.24,200.16,90.646
369.1,401.77,201.49,89.925
373.65,403.97,201.7,89.202
380.29,403.23,200.86,88.612
388.21,403.69,200.55,88.191
390.22,403.95,201.41,87.485
396.82,399.66,200.85,87.576
401.85,396.61,198.96,87.627
407.22,392.07,197.76,88.727
413.86,386.11,196.98,89.482
418.93,371.45,195.79,89.862
419.89,372.41,195.75,89.723
421.79,365,197.72,90.768
422.68,351.27,200.08,90.562
433.48,333.56,200.06,91.8
432.88,317.64,197.7,94.07
438.09,307.36,194.71,95.927
439.85,304.29,192.34,97.108
447.84,285.93,190.55,97.666
461.38,279.33,191.9,95.925
464.95,260.12,193.87,94.71
468.42,243.33,194.28,93.764
474,227.58,193.55,93.275
476.68,229.26,193.24,92.509
487.96,213.83,191.84,91.841
486.06,210.65,192.43,90.852
484.52,203.22,193.27,90.644
495.8,199.41,194.32,89.682
498.24,192.78,194.09,90.293
497.71,190.43,194.24,90.154
504.02,186.15,193.71,91.123
508.35,185.25,194.26,91.43
511.91,184.79,194.51,91.332
517.34,181.98,194.15,91.653
522.47,179.12,192.96,91.586
524.42,179.64,193.86,90.871
523.26,176.24,193.79,90.779
521.88,172.02,193.19,91.307
524.11,160.66,191.26,91.189
524.74,158.87,189.83,90.346
526.47,155.72,187.07,89.927
519.68,154.88,181.58,89.369
527.27,152.74,180.2,88.812
532.26,151.65,179.98,87.312
534.21,148.3,184.81,83.159
536.33,144.82,188.54,80.061
543.99,140.08,193.16,76.863
539.83,137.97,196.24,74.163
547.63,136.68,199.49,71.753
552.1,132.88,203.25,70.281
546.5,127.8,204.27,70.084
553.38,122.13,204.94,70.207
563.08,116.59,204.56,70.41
569.22,115.08,204.84,69.206
576.22,112.82,203.85,69.272
581.18,112.12,203,69.497
588.4,110.42,201.8,69.928
595.23,111.1,200.27,69.916
604.2,112.72,199.38,69.933
600.12,112.36,198.35,69.928
597.61,113.42,197.89,69.752
600.2,130.55,194.92,71.781
602.46,128.72,194.93,71.455
599.2,130.92,190.14,73.338
616.77,148.43,185.74,76.417
618.15,148.78,181.41,79.719
621.31,152.03,177.74,81.554
624.18,154.11,174.61,83.347
626.45,154.51,172.65,85.626
644.75,155.09,169.32,86.683
671.28,147.47,164.74,85.284
669.87,149.48,160.7,85.259
681.96,148.51,159.5,85.037
690.16,144.35,158.69,85.628
686.87,141.48,158.29,85.079
694.78,139.68,158.46,85.174
691.49,136.37,158.58,85.205
687.24,135.79,159.42,84.825
686.81,132.53,161.15,85.115
703.6,130.4,160.09,85.859
708.88,129.51,158.75,85.763
712.07,133.9,157.81,83.69
712.16,133.74,156.99,82.516
712.71,134.4,155.88,81.628
714.11,135.64,155.19,80.568
714.23,136.07,154.12,80.186
716.03,134.31,153.43,79.974
716.94,133.04,153.36,79.551
718.4,131.46,152.76,78.795
719.28,129.85,151.85,78.37
717.48,140.44,151.71,78.403
715.5,136.89,151.66,77.589
725.06,134.41,150.12,77.062
721.98,134.25,149.52,76.178
728.88,134.72,148.18,75.496
724.8,134.44,147.51,74.81
721.14,145.65,146.59,74.727
719.94,144.42,146.2,74.3
712.15,143.2,147.46,72.987
722.83,157.01,146.55,72.525
732.48,157.57,147.78,70.197
728.51,157.81,148.96,68.021
723.86,169.71,149.59,66.665
721.68,171.74,150.65,64.991
722.24,186.26,147.81,66.267
724.67,186.92,145.43,67.382
726.86,189.2,142.78,68.708
728.62,189.52,140.69,70.134
730.93,190.69,138.79,70.841
743.83,192.9,138.25,71.457
746.65,204.22,139.44,71.417
745.51,204.71,141.9,71.167
745.37,204.22,143.61,71.462
745.13,204.58,144.85,71.868
740.65,204.67,146.04,71.94
735.61,202.93,146.07,73.163
703.36,201.02,144.86,76.249
698.93,199.51,143.84,79.203
695.37,197.3,143.47,81.374
693.32,196.44,143.35,83.115
690.24,196.09,144.17,83.816
688.79,195.31,144.56,83.989
689.03,192.96,143.95,85.051
688.93,192.37,144.55,85.025
686.84,190.91,145.48,85.97
685.77,189.87,145.47,86.768
686.66,188.33,146.88,87.785
672.13,183.92,139.84,94.915
672.16,182.58,134.66,99.655
674.01,184.17,131.31,103.51
677.17,187.84,128.42,105.79
678.54,189.18,125.89,107.4
676.92,188.34,124.64,109.12
675.76,187.01,124.68,110.08
670.75,184.5,124.44,111.23
663.98,181,123.15,113.94
662.63,176.03,121.82,116.18
662.5,173.49,120.94,117.53
660.63,170.06,121.11,118.61
659.71,168.01,122.52,119.37
657.37,165.15,125.01,119.39
653.04,161.97,128.82,119.99
647.78,159.51,131.31,120.07
645.89,159.21,133.03,120.63
641.77,158.34,136.71,120.17
637.45,158.51,139.83,120
635.44,156.98,140.4,120.14
631.16,152.33,142.71,120.28
630.58,149.83,145.1,120.52
630.64,149.23,147.37,120.57
628.38,143.91,148.58,121.55
627.1,141.17,148.44,123.1
626.09,137.79,147.93,124.75
623.98,132.83,148.42,127.13
623.57,126.77,149.36,130.13
625.02,124.39,150.11,132.46
622.82,123.44,151.47,134.93
618.21,121.33,153.56,136.75
618.17,119.97,154.61,140
619.38,118.27,155.72,143.65
615.37,118.01,156.73,148.99
614.04,116.16,158.5,152.72
613.25,110.31,158.57,155.92
611.16,106.02,158.54,158.84
610.98,102.61,157.76,160.7
612.87,96.371,156.28,162.2
614.91,93.718,154.21,163.08
616.07,92.339,152.56,163.87
619.74,91.676,150.2,164.88
623.54,88.649,147.43,166.85
626.8,87.972,144.64,167.65
626.94,85.573,142.37,169.04
628.96,81.494,140.87,171.79
630.52,80.845,139.68,173.19
633.57,79.368,137.16,175.6
636.04,78.235,135.64,179.2
636.7,74.103,135.54,182.62
636.51,72.22,136.77,184.56
636.67,70.435,138.51,185.59
636.16,70.43,139.89,186.19
635.76,67.131,142.79,187.19
628.86,60.251,144.18,189.26
626.81,59.877,145.47,189.81
624.67,57.995,147.43,190.43
623.07,57.006,149.48,190.08
621.66,56.923,150.88,189.82
620.34,55.353,152.89,188.66
621.85,53.919,153.18,188.25
624.05,53.727,153.03,187.75
626.29,52.451,152.53,187.73
627.4,52.247,152.59,187.44
627.85,52.898,152.35,187.1
629.35,52.531,151.86,187.71
633.46,53.572,150.85,188.36
637.5,53.676,149.29,189.75
635.6,56.88,148.66,191.46
637.53,58.263,147.41,192.63
636.77,56.727,147.11,193.48
636.46,58.913,146.95,194.65
636.44,61.715,147.15,195.73
638.19,65.032,146.38,197.26
636.32,69.232,146.57,198.08
627.39,76.547,157.45,193.17
619.91,79.172,166.39,189.92
611.66,82.885,173.55,186.37
604.81,88.293,182.3,183.77
602.35,94.274,189.33,180.93
600.72,103,193.86,178.53
601.58,109.35,195.93,178.04
599.87,112.81,198.95,178.77
596.18,117.11,203.1,178.48
593.34,124.61,206.83,177.25
591.2,131.95,208.84,176.13
589,137.44,211.09,175.61
589.11,144.5,213.54,175.02
587.71,147.23,215.29,175.58
587.38,154.25,213.78,176.34
587.58,163.56,211.88,176.11
586.97,174.02,209.93,174.82
592.44,178.75,205.48,172.92
592.48,186.36,204.05,169.51
592.97,187.48,201.36,166.76
592.39,194.6,199.81,164.47
588.93,200.5,199.27,162.57
585.04,207.16,199.13,160.79
583.13,213.07,198.47,159.61
580.43,217.95,196.74,159.41
579.8,218.56,195.33,159.21
581.91,222.38,190.95,160.3
581.78,223.53,186.02,161.08
578.85,227.69,184.42,161.21
571.59,229.42,184.14,162.07
569.52,228.14,183.79,162.72
569.44,227.35,184.02,163
566.74,225.95,185.27,163.72
562.85,225.83,187.52,164.31
561,223.69,188.22,166.08
562.25,220.9,188.31,167.74
562.1,219.2,189.48,169.51
561.28,218.61,190.28,170.77
558.21,215.45,191.56,173.16
552.75,211.58,194.04,175.52
548,208.63,194.1,179.32
543.45,204.23,193.8,182.43
540.93,201.73,193.92,184.51
540.5,200.89,194.09,185.79
536.55,198.63,194.63,187.02
535.38,197.37,195.09,188.69
526.1,197.3,196.64,190.06
520.18,195.87,197.08,191.45
513.14,200.01,199.31,192.57
509.33,201.85,201.14,195.56
497.88,203.34,204.73,199.38
488.4,201.77,211.45,204.31
482.81,203.91,217.85,208.78
480.28,205.63,223.75,212.97
474.35,209.21,230.34,216.46
467.5,212.35,236.14,220.21
459.24,217.32,242.32,225.34
453.98,220.11,249.24,229.31
450.62,219.6,256.29,231.36
446.82,224.37,261.01,231.58
444.85,226.97,264.57,233.04
442.4,227.33,267.67,234.92
436.1,229.09,270.02,235.1
430.31,231.87,269.97,234.56
426.11,236.53,270.97,235.79
425.73,242.63,273.17,235.38
426.13,247.89,274.03,235.04
425.02,249.3,275.23,235.03
418.75,252.26,276.14,236
416.97,254.96,276.15,237.73
415.51,257.16,277.36,237.9
413.84,261.84,278.64,237.97
410.43,264.55,281.41,240.19
407.4,265.59,284.48,242.71
400.68,268.67,288.3,243.7
388.9,272.52,294.7,243.69
377.6,277.08,302.32,245.08
365.82,281.57,311.62,248.61
359.76,282.89,317.75,255.68
352.73,283.5,324.66,262.01
349.65,287.07,330.3,269.88
344.57,288.85,336.64,276.94
335.96,292.08,340.01,282.58
329.2,293.65,342.58,285.47
331.22,299.26,342.49,287.02
330.18,303.24,343.39,287.37
334,304.8,340.88,290.15
341.83,307.85,338.11,291.02
343.23,306.12,337.87,290.02
348.92,302.37,334.76,292.01
353.88,299.77,333.29,292.78
355.96,298.7,332.42,293.4
360.08,298.67,331.64,292.49
363.71,297.81,329.32,290.73
362.16,297.16,325.89,289.18
370.65,298.59,322.2,288.51
376.63,300.9,320.97,285.32
379.59,301.05,319.65,282.99
382.08,303.73,322.03,278.74
388.71,305.09,324.28,274.92
396.98,306.37,326.36,272.75
399.65,306.51,331.07,272.12
403.29,309.72,334.97,271.92
402.83,310.1,341.71,270.2
405.75,311.64,346.95,269.45
417.34,313.9,349.65,268.41
421.55,315.16,349.19,268.28
418.53,317.31,350.43,268.27
419.83,316.11,345.88,269
420.94,315.3,341.94,269.38
425.09,314.52,339.18,267.44
428.48,310.92,339.37,266.78
429.9,310.77,341.87,265.84
442.1,306.86,341.84,267.93
442.51,302.81,343.99,272.56
443.07,300.53,345.97,276.49
446.47,294,345.65,280.01
445,290.15,343.47,281.64
440.94,287.88,341.2,281.77
434.3,283.33,341.57,280.8
436.73,280.38,339.56,282.12
437.94,280.84,338.02,282.28
440.16,277.22,335.59,284.25
439.6,276.98,333.71,284.34
438.19,274.58,331.33,284.69
438.29,271.6,327.36,286.43
441.83,268.31,322.9,287.55
443.01,266.6,319.6,288.35
441.88,266.87,317.25,288.67
442.22,265.32,314.6,290.02
438.25,264.82,314.5,292.44
435.74,262.01,313.97,297.06
435.71,261.71,314.38,301.76
436.13,261.45,314.76,305.49
435.2,261.65,316.4,309.44
434.62,257.26,319.71,312.62
428.75,256.49,326.95,311.56
425.27,258.61,331.57,310.25
417.64,266.77,333.8,307.49
413.3,273.04,336.53,305.22
410.56,279.98,337.57,301.59
402.11,277.51,337.69,300.55
394.31,269.38,334.89,303.35
402.22,264.4,326.97,302.18
414.71,284.25,323.31,292.63
419.56,274.46,322.52,287.3
422.16,263.13,325.22,285.69
421.42,284.77,329.14,276.37
427.1,306.19,331.6,267.38
431.8,294.18,333.49,262.8
499.26,214.66,343.72,259.99
515.18,215.02,346.64,255.15
501.83,215.93,355.52,252.9
406.09,99.059,351.27,270.74
400.86,94.502,351.33,287.91
398.25,96.05,354.69,302.11
402.25,98.635,356.52,311.96
407.75,99.814,358.78,322.05
410.19,108.64,362.36,329.87
407.16,118.77,368.55,336.66
401.67,134.14,377.24,342.79
405.08,147.51,385.62,347.37
405.54,162.29,394.52,349.75
407.78,167.9,403.48,354.86
409.28,179.39,412.07,359.2
409.76,195.49,419.12,361.19
412.48,205.33,427.32,362.1
424.15,242.19,432.65,368.49
428.72,237.37,437.86,372.38
529.62,276.05,430.49,383.55
564.59,300.77,422.53,389.19
558.04,288.12,417.06,398.18
592.68,314.25,410.48,394.96
588.09,305.54,404.46,395.85
585.25,305.55,401,398.13
585.52,302.12,399.08,400.51
621.38,332.72,396.85,394.57
613.54,329.21,396.64,390.08
616.73,334.08,397.12,386.23
651.46,371.7,397.27,373.12
656.95,371.89,393.8,363.14
657.64,376.06,390.63,355.49
690.07,429.36,392.37,330.18
712.89,458.63,393.47,304.99
717.75,474.91,389.37,288.21
718.84,498.97,388.33,277.7
375.47,231.79,378.45,290.51
367.96,222.78,369.74,301.05
358.58,219.37,364.39,306.95
352.27,218.04,358.19,310.21
358.21,217.4,350.24,312.63
358.98,221.37,343.44,314.57
367.14,223.79,334.76,315.72
370.58,226.49,329.64,314.85
381.3,229.88,322.87,313.86
387.01,229.48,318.76,312.21
392.42,230.1,318.82,308.76
401.65,236.16,320.39,304.87
416.77,264.49,317.41,306.63
420.91,260.66,317.48,307.85
426.03,259.87,318.32,307.42
437.71,293.03,316.83,306.41
444.63,289.94,315.71,305.12
452.82,287.71,314.99,303.54
463.53,288.35,312.96,301.07
465.16,291.33,313.18,299.52
471.03,292.23,312.54,297.03
476.91,292.36,311.8,292.35
481,298.62,314.58,284.9
479.52,303.43,317.88,277.72
478.54,308.81,318.94,269.93
476.97,313.68,318.51,263.54
470.77,320.2,318.41,256.9
465.79,320.39,317.09,251.08
459.27,320.88,313.94,247.73
449.39,325.31,314.1,245.46
439.41,330.98,310.74,243.35
436.61,332.67,304.63,242.74
432.43,337.7,299.15,241.18
425.08,341.19,297.42,238.08
418.69,346.21,293.77,234.86
411.12,348.38,291.35,232.34
407.05,350.94,288.18,229.08
406.36,353.39,285.23,226.68
403.81,353.71,282.98,222.96
404.48,354.12,281.46,217.69
414.23,349.8,280.13,214.82
414.88,348.29,279.69,213.74
414.99,346.56,280.22,214.52
414.17,346.27,280.73,214.89
414.23,342.27,281.51,215.55
416.73,340.58,282.18,215.52
417.54,338.06,283.68,215.56
419.56,334.12,284.76,216.38
420.99,329.56,285.05,215.95
421.95,330.43,286.78,215.31
418.84,326.85,287.86,214.94
419.89,324.21,289.01,215.3
418.94,319.53,289.79,214.35
404.73,314.94,292.97,212.94
397.59,311.96,291.17,213.57
394.68,312.34,287.21,214.62
393.9,309.82,283.31,215
394.02,307.22,280.18,215.12
394.96,304.78,278.01,214.04
400.61,302.31,276.19,213.13
401.02,301.27,276.27,211.88
400.68,300.65,276.42,210.86
400.79,298.77,277.37,211.39
398.78,296.38,278.7,211.53
409.66,300.95,281.55,206.67
405.32,302.46,284.26,203.01
402.49,303.31,286.8,199.55
401.55,304.61,288.8,197.2
399.68,307.36,289.64,194.18
396.31,309.88,290.83,191.82
394.36,310.89,290.78,190.52
394.59,313.09,290.94,189.44
394.23,314.51,292.24,188.74
393.78,315.56,293.11,188.01
393.78,316.69,294.64,188.76
394.83,317.95,296.2,189.67
396.91,319.08,298.12,191.08
398.16,319.29,300.95,193.25
398.77,320.42,303.83,197.22
398.54,319.24,306.19,200.54
398.4,322.06,307.51,203.52
398.26,324.79,307.63,206.95
396.82,329.23,306.96,210.38
398.09,334.81,305.25,214.34
402.1,338.98,302.96,217.4
401.64,338.74,301.25,221.13
404.45,343.53,299.54,223.16
401.54,340.82,296.63,232.14
405.05,342.28,293.93,241.93
408.05,343.83,292.69,249.54
410.32,345.65,291.47,257.53
411.01,342.76,290.45,263.89
415.58,344.64,289.82,270.03
417.28,347.69,289.97,277.05
420.8,351.77,288.82,284.76
424.38,358.53,287.92,292.52
428.5,362.61,286.6,301.1
430.32,363.15,285.99,304.56
432.02,364.99,284.74,310.23
437.35,366.59,283.5,318.23
440.68,368.99,283.35,326.47
448.53,371.33,284.5,332.54
456.4,369.29,285.85,337.95
454.75,365.57,287.92,341.47
457.36,357.76,287.5,345.5
456.91,344.6,286.05,345.25
456.37,323.12,284.02,341.96
453.93,291.41,281.09,337.56
452.06,255,279.16,328.99
456.73,243.43,280.53,326.67
450.01,204.65,279.45,319.83
452.52,149.94,281.77,313.45
448.38,127.98,282.69,306.33
443.38,107.03,283.7,302.91
438.05,91.495,285.77,304.35
438.06,77.321,288.18,308.13
434.13,67.136,293.13,313.15
425.72,61.869,299.53,314.05
372.9,17.054,324.52,291.62
349.12,39.416,345.62,269.01
335.36,59.894,360.96,251.23
330.03,67.889,372.49,238.77
315.46,83.942,381.02,227.34
307.8,100.23,389.04,216.19
300.48,113.46,393.43,207.25
296.71,123.15,396.47,199.96
298.61,134.89,396.71,193.52
301.01,137.76,394.47,189.68
304.05,148.34,391.92,184.84
307.28,158.09,390.01,180.9
312.23,167.57,386.6,177.63
316.58,177.35,382.64,174.81
317.63,185.11,379.77,173.41
316.44,185.95,377.84,173.68
320.44,191.07,374.17,174.85
323.72,195.47,369.52,175.38
331.58,197.98,363.83,176.41
340.81,198.94,357.1,176.31
347.71,200.37,348.79,176.24
351.31,200.25,342.74,175.78
356.86,197.91,336.44,175.7
359,195.99,331.49,174.35
361.4,193.71,328.08,172.93
365.37,194.46,325.34,170.85
365.56,195.2,323.07,168.72
367.14,195.6,320.45,166.96
363.46,197.07,319.23,165.34
357.15,199.5,316.77,163.98
348.47,204.36,313.55,163.3
340.36,210.12,311.7,162.54
327.5,217.2,311.5,161.3
321.72,222.39,307.66,161.86
311.65,231.25,306.17,161.22
310.31,237.58,302.29,161.29
308.87,238.49,299.33,161.1
306.31,239.71,296.57,160.47
297.27,242.34,295.08,159.14
301.28,245.22,292.91,158.51
294.58,245.33,294.53,157.41
286.04,247.17,296.48,156.43
279.85,250.1,298.86,155.12
275.8,250.94,303.6,153.38
269.3,252.34,311.06,150.83
264.33,253.21,316.96,148.93
258.2,257.04,322.85,146.89
253.51,260.08,327.39,145.5
253.36,262.99,332.23,144.46
252.4,266.83,335.96,145.12
249.86,271.07,338.77,147.31
247.35,269.63,340.08,150.51
244.34,273.62,342.63,152.46
241.5,277.09,343.99,155.07
238.19,280.64,345.48,157.26
238.71,283.52,345.55,159.47
240.68,285.55,345.53,161.2
242.71,284.13,344.15,163.21
210.7,289.87,346.16,163.53
210.32,291.53,348.02,163.46
212.72,293.37,349.46,162.77
189.82,295.06,349.72,161.45
195.73,294.99,347.52,160.16
197.28,294.09,346.08,159.09
168.53,297.68,343.91,158.4
163.55,293.29,347.82,151.59
152.03,293.34,354.81,142.55
142.02,296.6,360.48,134.48
132.89,300.43,363.61,128.26
130.1,301.6,365.07,123.9
124.92,304.85,367.34,120.32
115.77,308.7,370.32,117.58
104.79,311.95,372.92,115.83
95.71,315.64,376.07,113.9
86.668,318.2,378.94,112.91
80.506,318.45,380.24,112.88
70.164,319.24,383.55,112.86
60.385,319.95,385.97,112.69
56.38,321.56,386.24,112.98
54.239,322.4,384.21,113.83
49.471,322.8,382.16,114.36
48.61,323.38,380.18,115.1
41.602,321.07,377.54,116.26
37.649,317.81,373.66,117.4
34.014,315.53,370.31,117.82
30.08,315.68,369.36,117.96
25.656,316.56,366.79,118.13
26.757,317.04,364.95,118.52
24.399,317.54,360.77,118.7
16.275,319.42,355.77,119.25
11.052,320.95,351.53,120.41
5.946,324.43,348.29,121.43
4.4256,325.1,344.68,123.58
8.1049,332.62,339.52,128.52
7.964,335.3,333.68,133.79
5.0544,336.79,328.65,138.46
4.737,339.41,323.02,142.44
4.6997,343.18,315.51,144.8
3.8787,348.76,308.34,146.21
6.1027,350.34,301.88,148.77
2.8627,351.52,295.4,151.34
-0.14915,338.25,286.99,150.07
-4.1986,342.34,278.54,152.12
-5.5023,349.16,269.51,160.18
-9.8538,348.29,261.26,169.56
-6.1108,347.55,254,176.57
-6.9008,342.58,246.26,184.05
-8.9756,341.75,238.55,191.04
-6.4785,341.96,231.41,197.41
-6.6332,341.53,225,203.78
-7.9135,340.55,218.51,210.24
-2.6926,339.54,212.68,215.4
-6.5117,340.2,208.94,218.42
-5.5325,341.17,204.77,220.64
-9.0457,343.07,200.58,218.48
-5.4746,342.77,196.26,215.24
-7.6264,342.23,193.27,211.81
-3.4048,342.91,191.21,208
-6.0904,343.13,188.75,204.19
-1.8116,344.78,185.66,200.69
-6.5069,328.51,183.55,195.3
-4.294,334.57,180.61,190.94
-9.929,319.91,178.43,186.75
-5.4735,326.01,175.51,182.94
-10.677,316.86,174.36,179.48
-8.1654,316.7,172.84,176.97
-8.2834,304.94,173.47,173.16
-6.2624,309.31,174.31,171.16
-6.8508,301.06,174.82,168.53
-6.1563,307.34,176.33,167.43
-5.8246,299.41,177.06,165.02
-2.6471,304.42,179.97,163.17
-0.35944,307.91,183.71,161.39
4.0729,313.55,191.43,152.85
-0.45306,317.69,198.01,146.47
-3.0131,320.77,203.33,141.23
-6.7285,321.68,208.86,137.08
-5.2954,320.25,215.54,133.21
-6.0141,317.98,220.15,130.91
-8.916,317.55,223.87,129.32
-6.55,313.76,226.81,128.76
-9.49,312.77,229.2,128.24
-6.9031,310.1,232.03,127.89
-6.351,305.68,234.86,127.93
-7.117,302.3,238.33,128.42
-3.5817,297.9,240.36,128.93
0.22479,294.8,242.18,128.98
-2.2858,293.89,244.43,128.77
2.5042,290.66,247.32,129.71
7.8232,285.58,249.98,131.36
17.641,280.4,251.03,133.41
30.453,275.94,250.48,134.93
20.59,250.53,252.22,136.49
-3.2471,221.08,249.48,143.2
4.3346,194.19,250.16,144.06
11.876,191.92,253.48,144.2
17.759,185.96,256.91,145.01
24.574,179.1,261.86,146.26
28.315,174.06,265.7,147.57
25.642,173.99,269.09,147.98
29.62,171.47,272.79,149.6
34.381,169.71,275.77,151.56
43.421,166.73,279.38,153.19
55.183,162.91,282.03,155.24
63.279,158.79,282.28,158.54
67.589,157.83,281.99,161.36
75.614,155.14,279.94,163.45
88.736,152.59,278.26,163.81
99.3,149.17,273.02,162.86
110.82,148.96,268.87,161.13
124.21,148.52,264.28,160.6
127.49,148.05,261.47,160.17
136.04,150.49,259.41,157.58
145.5,152.18,260.67,155.52
150.92,153.09,264.13,152.82
155.52,153.14,270.77,149.01
159.42,155.08,277.32,145.32
159.65,157.74,281.48,143.1
171.53,158.65,282.41,142.96
178.18,158.11,281.77,142.81
185.16,155.95,279.2,143.36
194.76,154.55,274.27,143.55
200.45,154.4,268.8,144.02
204.37,154.05,264.97,144.46
207.25,154.21,262.28,146.19
209.33,153.39,261.75,148.07
207.61,151.7,263.14,150
205.93,151.13,264.54,152.65
210.84,151.82,263.24,156.15
212.1,150.74,262.77,158.73
224.77,150.2,258.89,161.85
229,149.06,259.39,163.68
235.82,147.55,261.62,165.51
241.81,142.11,264.89,168.67
249.52,139.03,268.12,172.34
246.27,137.48,272.29,176.85
252.68,132.56,276.47,180.39
262.74,133.92,271.23,190.67
270.57,129.42,270.92,200.16
283.74,122.79,270.58,208.15
298.98,115.69,269.57,214.19
304.01,112.67,273.5,219.58
316.79,109.73,273.75,222.92
337.97,105.54,269.54,226.44
360.1,101.92,264.39,228.92
378.81,100.85,260.37,229.12
391.67,100.04,258.13,228.87
396.93,99.252,256.91,227.96
408.21,98.467,256.37,227.17
415.73,97.533,257.26,226.48
425.04,88.183,257.21,223.85
432.01,91.287,259.22,223.01
437,77.539,260.32,220.74
427.89,84.651,255.83,220.96
438.79,83.564,254.9,222.28
439.44,70.2,255.15,221.09
438.61,67.429,256.33,223.68
434.16,60.625,257.08,229.34
430.61,50.875,258.21,234.67
429.56,48.644,259.71,237.73
431.7,38.858,261.18,242.38
437.18,33.087,263.03,246.56
452.4,24.679,262.63,253.23
464.53,13.56,265.05,259.4
463.97,7.8635,271.75,261.43
460.99,6.8652,279.06,262.34
455.04,9.6377,285.42,262.43
450.04,13.548,288.2,265
449.13,14.511,287.1,270.76
456.37,14.661,281.39,278.8
471.44,15.407,274.63,287.93
475.93,11.613,270.06,294.47
486.68,10.194,263.08,301.74
490.05,9.2113,257.1,308.96
490.87,7.0783,252.01,316.65
491.39,4.4941,248.11,322.52
491.91,3.3038,245.23,325.53
492.16,2.6466,243.21,327.64
490.94,5.1196,242.61,329.53
488.76,3.3816,243.58,331.05
488.26,2.1781,244.16,332.17
486.71,4.9325,244.92,330.51
484.14,6.5301,245.56,327.48
483.13,8.075,246.02,325.65
484.76,7.8265,246.4,325.01
483.46,7.398,246.35,323.77
483.61,8.9597,247.38,320.58
484.1,11.231,249.32,317.29
467.55,14.119,247,313.37
474.81,19.069,248.11,310.1
477.17,19.902,250.5,307.03
477.85,20.096,253.05,301.85
456.37,26.374,250.16,295.11
463,31.655,248.96,289.42
440.62,64.529,244.75,277.85
443.78,62.327,241.05,269.79
450.86,67.207,236.44,263.89
459.69,74.229,231.51,259.29
461.64,77.15,228.52,254.32
461.42,75.33,225.99,251.19
463.21,74.663,222.03,248.21
464.4,75.342,218.18,245.5
469.33,72.637,215.21,241.71
473.11,67.255,211.53,238.86
476.81,62.991,206.75,236.73
481.93,57.88,201.87,233.91
488.33,53.522,198.38,230.37
491.17,54.446,195.13,226.86
492.97,48.455,192.31,223.57
491.9,44.741,188.96,220.34
493.06,42.177,184.82,217.98
491.15,37.086,180.3,216.91
495.3,34.448,176.83,215.46
495.64,36.34,174.49,213.07
495.15,32.403,171.23,212.49
490.56,31.372,166.77,211.1
488.67,31.198,162.44,209.73
489.15,30.193,158.51,207.97
486.94,31.567,155.99,205.66
488.36,33.035,153.64,203.95
488,30.384,152.4,203.78
488.07,33.528,152.18,203.1
487.73,32.809,152.67,203.3
489.76,33.303,153.23,204
487.76,32.462,153.2,205.1
487.25,31.607,153.23,206.04
486.11,32.202,151.36,206.75
475.03,37.64,149.87,204.71
482.22,36.648,146.7,205.19
482.13,33.709,143.86,204.4
479.1,34.628,141.12,203.27
478.57,33.992,138.89,203.02
477.7,34.841,137.7,202.44
478.84,33.943,136.92,202.82
482.97,35.34,135.72,203.13
485.76,37.142,133.69,203.54
487.56,39.95,131.63,204.35
489.45,40.482,130.33,204.91
