125,38,159,183
126.19,36.598,155.05,185.81
128.65,36.23,152.15,188.92
132.81,35.259,149.04,191.33
135.55,32.973,146.1,193.41
135.13,29.668,145.26,194.84
133.17,28.429,143.91,196.85
132.05,25.512,141.97,198.76
134.98,23.263,140.25,199.53
135.84,22.336,138.14,200.55
137.55,21.616,135.78,201.48
140.73,22.229,133.54,201.5
145.11,23.212,131.15,200.62
149.98,25.784,129.25,197.77
151.83,27.932,128.54,195.12
154.55,30.243,128.21,190.06
157.56,31.077,128.28,185.12
160.72,30.408,126.95,180.05
162.32,31.909,125.64,176.18
164.58,31.91,123.48,174.47
165.99,38.366,122.04,172.27
167.59,40.275,120.22,171.38
168.79,40.514,117.76,170.84
169.49,42.319,116.15,170.08
167.87,44.654,115.47,169.06
165.69,48.612,115.93,167.86
165.68,50.688,117.18,165.94
165.74,52.242,118.33,164.18
165.8,53.53,120.93,160.74
165.55,53.363,123.09,157.38
164.51,52.695,125.76,153.76
161.19,53.436,129.08,151.6
156.38,52.479,131.84,149.99
152.41,50.56,133.19,148.76
147.84,48.566,135.25,147.05
144.47,48.014,137.25,145.5
141.89,49.336,138.51,144.31
140.4,50.637,138.83,144.17
140.26,52.394,138.78,144.41
140.71,53.636,139.18,144.3
142.53,54.991,138.67,144.5
143.45,56.341,137.74,145.42
145.74,56.668,134.61,146.27
146.25,57.696,131.04,146.26
146.01,59.366,128.37,146.53
147.23,61.953,126.23,146.4
156.45,62.78,125.2,145.9
153.25,65,123.93,145.52
150.18,67.324,123.68,145.39
151.03,82.408,122.35,144.34
151.78,83.475,120.81,142.59
153.66,87.333,120.38,140.72
154.47,90.945,120.9,138.27
153.14,94.188,120.54,136.03
154.33,98.558,120.8,134.11
158.41,102.96,119.65,132.33
162.71,105.97,118.55,131.76
165.43,108.73,117.1,130.35
165.29,109.69,115.81,128.57
168.78,110.69,114.14,127.58
170.31,111.92,113.81,124.77
171.68,113.06,112.12,122.26
172.6,113.13,110.62,120.4
175.62,112.99,109.04,118.83
178.81,112.49,106.06,116.8
181.72,111.28,102.62,115.79
184.14,110.08,100.4,114.96
185.57,111.02,99.434,113
186.75,111.42,98.364,111.15
187.78,112.52,97.197,109.63
187.24,114.1,96.895,107.9
188.45,115.32,96.544,106.08
190.74,117.08,96.336,104.45
191.01,116.46,96.597,103.33
190.75,115.02,96.771,102.4
191.84,113.95,96.696,101.44
191.93,114.87,97.022,100.54
191.76,115.45,97.52,99.334
191.77,114.04,97.765,98.779
192.54,112.54,97.709,98.834
192.53,113.59,97.795,98.795
191.1,114.51,97.768,99.274
190.66,115.52,97.186,99.822
191.36,118.07,97.163,99.847
191.42,120.92,97.907,99.977
190.68,124.28,98.152,99.984
191.48,125.76,98.166,100.08
192.67,128.03,98.048,99.884
193.49,128.99,97.644,99.148
195.52,129.19,96.831,98.986
197.06,130.03,96.905,98.65
199.15,129.49,96.798,98.366
199.67,127.85,96.276,98.211
197.85,127.44,96.121,97.656
196.2,127.81,96.717,96.566
199.97,127.2,97.036,95.79
200.15,127.85,99.286,95.676
199.25,127.73,100.82,96.221
199.93,125.56,102.35,97.814
201.59,122.6,103.27,99.279
201.95,121.64,104.33,100.5
202.25,121.27,105.54,101.16
204.83,120.86,106.32,101.94
207.22,122.06,107.16,101.87
210.13,122.08,107.59,102.37
220.19,123.79,106.98,102.99
221.78,124.32,106.68,103.29
221.28,126.38,106.62,103.03
220.72,127.54,106.66,103.25
219.43,128.99,107.39,102.79
218.28,126.96,106.85,103.86
217.97,122.91,105.96,105
217.57,118.5,105.68,105.88
217.51,115.49,107.47,106.05
218.53,112.42,109.23,107.25
218.38,110.06,111.13,107.79
218.03,108.23,112.52,108.4
218.6,106.23,113.6,108.5
219.28,105.82,114.01,109.08
219.85,105.26,114.18,109.79
220.28,105.74,113.28,111.13
220.52,108.28,112.71,112.13
222.9,109.96,112.85,113.42
225.8,111.66,112.36,114.93
229.64,120.89,110.93,116.94
232.94,116.97,110.2,117.81
244.76,115.17,110.84,117.6
247.54,112.01,111.15,117.04
245.69,109.54,111.36,116.61
243.95,109.76,112.09,116.06
244.39,108.77,113.21,115.96
244.35,109.13,115.1,115.4
242.13,107.95,115.89,116.76
242.08,117.94,115.69,118.49
243.51,115.09,115.4,120.49
245.52,114.72,116.07,121.81
245.34,114.91,117.43,123.8
245.92,116.2,118.88,125.76
246.58,118.13,119.98,127.64
246.1,121.26,119.62,129.67
247.25,122.42,118.88,131.98
249.53,124.17,118.05,134.03
252.7,123.41,116.52,135.9
253.63,117.48,113.69,137.22
252.62,111.15,112.15,137.54
255,107.8,110.09,137.57
260.03,107.91,108.78,136.69
262.77,108.35,108.91,136.01
263.75,108.04,109.3,134.65
264.17,108.6,109.86,133.67
265,108.4,109.62,133.84
266.78,108.59,110.13,133.84
267.57,110.12,110.53,133.22
267.59,110.37,110.78,133.04
267.62,111.75,111.68,132.38
268.08,112.54,112.39,131.38
268.95,113.8,112.73,130.42
269.06,116.19,113.08,129.72
268.52,118.91,114.41,127.9
270.63,121.63,114.94,126.76
273.56,123.01,115.32,126.8
273.3,120.28,114.81,127.07
272.74,118.28,113.45,128.8
272.84,121.53,112.71,129.16
274.19,126.52,112.83,129.63
275.32,127.94,112.17,130.98
276.54,127.73,111.24,132.04
276.83,128.6,110.81,132.56
277.98,129.07,110.24,133.24
279.09,130.39,110.17,133.71
280.16,131.92,110.12,133.79
281.9,133.55,109.99,133.51
283.53,135.88,109.48,132.97
285.45,137.26,108.91,132.49
288.42,136.81,108.35,132.03
291.14,136.23,108.19,131.66
291.41,136.04,108.55,131.37
290.27,136.81,108.32,130.77
287.55,136.88,107.79,130.26
286.39,133.12,106.94,129.49
283.16,129.23,106.26,128.11
280.66,129.4,106.84,127.22
278.97,129,107.58,126.84
280,127.99,108.51,126.31
282.53,126.95,109.57,125.67
284.05,127.17,110.56,124.91
284.44,127.66,111.4,124.91
283.26,127.02,112.02,124.47
282.7,127.16,112.3,124.52
282.86,128.52,112.92,124.25
283.35,129.69,113.25,124.36
283.92,131.83,114.04,124.49
284.07,134.5,114.54,124.72
285.93,137.7,114.72,124.85
288.6,140.66,114.59,124.73
290.74,141.74,114.92,124.28
293.15,141.84,114.75,124.08
294.43,140.75,114.66,124.52
294.11,140.42,114.01,125.05
293.76,141.78,114.06,124.64
297.07,143.99,114.02,124.09
299.82,144.76,114.16,123.19
302.59,145.55,113.95,122.62
304.79,147.28,113.6,121.79
309.11,148.26,113.04,120.63
312.85,150.27,112.51,119.56
315.75,152.33,112.69,118.11
318.62,153.88,112.38,116.05
320.54,155.47,111.43,114.22
322.64,158.13,110.49,112.85
322.85,160.28,109.63,110.96
321.63,161.72,109.08,108.82
320.46,163.34,107.58,107.65
318.38,161.1,105.57,107.48
318.71,155.84,103.17,108.5
318.44,150.77,101.28,107.64
317.92,147.54,100.06,107.52
318.68,147.96,99.046,106.59
320.35,147.15,98.004,105.7
322.17,146.31,97.179,104.98
323.93,146.52,96.668,104.16
325.19,146.28,96.286,103.04
326.33,147.05,95.932,101.69
328.41,148.03,95.841,100.13
330.88,148.42,96.195,98.642
333.14,149.31,95.893,98.111
335.43,150.78,95.985,98.024
337.77,152.92,95.675,98.038
340.25,156.1,95.389,98.075
344.34,159.34,94.633,98.072
348.07,160.89,94.303,97.978
351.83,159.51,94.241,97.961
355.45,157.57,93.838,98.639
356.01,155.99,93.988,98.282
354.64,154.93,93.702,97.558
353.9,153.61,93.929,96.762
353.85,153.56,93.849,95.98
352.49,152.74,93.57,95.193
351.7,152.22,94.076,94.992
351.49,152.65,94.994,94.33
350.6,154.34,95.679,94.008
349.03,155.47,96.771,94.196
345.89,155.75,97.367,95.005
344.91,155.81,97.581,95.936
343.36,155.84,97.632,95.935
341.37,156.71,97.965,95.835
340.11,156.5,98.355,95.548
339.32,156.14,98.748,95.284
338.92,153.77,97.778,96.205
336.94,149.65,96.743,96.933
335.23,145.1,96.347,97.307
333.95,144.76,96.186,97.213
333.52,146.98,96.791,97.273
333.52,148.84,97.001,97.89
333.05,150.01,97.573,98.163
332.87,149.99,98.754,98.242
334.03,149.59,100.25,98.37
335.6,149.35,100.89,97.629
335.71,149.56,101.28,96.564
337.63,149.99,101.22,96.197
338.93,150.43,100.96,95.893
341.34,151.74,101.68,95.954
343.41,153.39,102.14,96.126
345.47,155.36,102.04,96.072
347.3,157.14,101.67,96.323
350.39,159.26,101.5,96.609
353.19,158.22,101.43,97.187
355.7,155.69,101.43,98.542
356.62,154.34,101.38,99.26
357.05,153.76,101.36,99.604
356.93,154.45,101.4,99.548
356.94,155.56,101.38,99.273
357.05,155.52,101.43,98.794
358.65,156.12,101.32,98.125
359.71,156.15,102.26,97.418
359.48,157.75,103.26,96.979
359.64,158.56,103.86,96.744
360.45,159.94,104.48,96.624
360.72,161.7,105.17,97.026
359.19,164.78,105.63,97.56
356.59,168.54,105.7,98.049
357.22,170.87,105.08,98.94
356.14,171.83,104.74,99.739
355.4,171.71,103.65,100.26
354.39,170.75,102.11,100.6
354.47,166.83,99.484,101.57
354.22,164.41,96.99,101.22
355.58,161.31,95.121,100.53
357.57,160.72,93.867,100.03
358.82,160.66,92.688,99.627
359.74,160.24,91.646,99.277
361.17,159.63,90.694,98.933
362.57,160.8,90.09,98.867
364.74,162.03,89.332,98.835
367.62,161.59,88.347,98.863
370.55,160.76,87.345,99.322
372.8,162.12,87.332,99.758
374.44,163.02,87.149,100.49
375.97,163.9,88.026,100.55
380.02,163.6,88.837,100.35
383.05,164.46,89.002,100.21
386.27,164.3,89.254,100.74
389.76,162.21,88.824,101.1
391.37,157.66,87.623,101.3
391.59,156.06,87.771,101.23
388.75,155.84,89.327,101.1
385.24,157.4,91.77,100.43
384.38,159.4,93.334,100.61
384.47,159.5,94.128,100.85
383.24,160.54,94.467,101.04
382.39,161.42,95.078,101.27
382.01,162.55,95.69,101.56
381.7,164.28,96.078,101.81
379.53,165.77,96.434,102.15
378.45,167.33,96.825,102.08
377.12,167.35,97.021,102.01
375.45,166.63,97.572,101.54
373.94,166.65,97.611,101.02
373.34,166.42,98.184,100.62
373.69,165.34,98.919,99.936
374.43,162.92,99.169,99.444
374.02,161.41,98.97,99.487
372.41,160.34,98.823,99.05
369.9,158.9,99.026,98.828
367.15,159.45,99.943,99.29
366.67,160.19,100.05,100.18
368.07,161.73,100.56,100.59
367.98,162.89,100.3,101.22
368.83,163.19,100.35,101.57
372.01,161.86,99.281,101.97
375.52,160.56,97.716,102.35
375.94,159.83,96.37,102.91
375.98,159.18,95.317,102.85
376.74,160.09,95.413,102.57
377.83,160.95,95.628,102.38
377.7,162.02,95.875,101.95
378.23,163.51,95.783,102.08
378.9,164.97,95.879,102.38
379.47,166.52,96.118,102.6
379.43,169.14,96.503,102.41
381.46,172.35,96.83,102.63
383.98,175.11,97.129,102.52
387.24,176.36,95.765,102.84
389.54,176.38,94.721,103.06
391.42,173.57,92.904,103.24
392.63,171.14,91.505,102.82
392.02,170.22,91.012,102.65
391.7,171.11,90.968,102.62
392.72,172.84,91.222,102.42
393.85,173.8,90.583,102.25
393.91,174.18,89.79,102.61
393.75,175.06,89.064,102.83
393.92,176.38,89.046,102.75
394.02,178,88.766,102.73
392.62,181.82,89.057,102.3
391.66,185.03,89.652,102.21
391.62,188.15,90.231,102.03
391.6,190.36,89.877,102.37
391.05,191.76,89.413,102.71
390.86,191.75,88.844,102.7
390.82,190.97,88.08,101.96
389.89,190.64,87.789,101.09
389.08,189.96,87.552,100.31
388.22,189.83,87.258,99.709
387.78,188.29,86.686,98.408
387.75,186.79,87.168,97.284
387.59,185.63,87.523,96.629
387.43,183.43,87.246,96.4
386.22,181.71,87.526,95.708
382.91,180.97,87.825,95.222
379.52,181.06,88.538,94.73
377.17,181.78,89.001,95.018
373.96,182.77,89.519,95.426
372.52,183.94,89.685,95.587
371.19,184.15,89.543,95.621
370.49,183.81,89.715,95.29
369.96,183.45,89.894,94.934
370.52,183.19,89.681,94.178
370.96,184.68,90.369,93.357
370.36,186.07,91.262,92.512
371.94,188.44,90.645,92.301
374.6,189.99,90.604,92.089
378.9,192.15,90.399,92.458
381.26,194.51,90.144,92.717
382.86,196.57,89.426,93.281
382.71,198.07,89.148,93.776
383.62,199,89.586,94.303
383.79,200.46,89.78,95.029
381.14,200.39,90.221,94.711
379.12,199.59,90.514,94.486
377.15,198.95,90.345,94.23
374.3,198.14,90.366,93.569
371.79,198.06,91.225,93.451
370.21,198.2,91.344,93.463
366.32,198.84,91.879,93.686
365.15,198.63,91.786,94.541
363.18,198.28,92.046,94.831
362.06,198.01,92.527,95.529
360.23,198.42,93.857,95.926
360.05,199.3,94.308,96.304
358.53,199.19,94.787,96.604
357.26,197.66,95.321,96.129
356.24,196.84,95.463,96.051
354.58,196.01,94.984,95.857
354.56,195.48,94.544,95.057
353.18,194.25,93.269,94.582
351.77,194.63,91.932,94.774
351.24,195.19,91.007,94.653
350.12,196.1,90.764,93.985
349.22,198.08,90.083,93.03
347.64,199.09,89.557,92.368
346.15,201.04,89.862,91.742
342.67,201.42,90.18,91.317
339.91,200.71,89.98,90.872
335.99,200.69,90.6,90.983
333.29,199.59,91.179,90.924
330.46,198.68,91.313,90.99
327.91,197.8,90.432,91.212
327.27,195.61,89.694,91.452
326.27,193.32,88.728,91.887
325.59,191.23,88.086,92.092
325.49,189.92,87.691,91.743
324.72,189.83,87.996,91.526
323.86,190.02,88.161,91.781
322.59,189.5,88.275,91.518
320.61,189.9,88.947,91.218
319,189.87,89.591,90.753
317.61,189.88,90.931,89.761
315.91,189.4,91.599,89.305
314.08,188.94,91.727,89.242
313.12,188.94,92.279,89.609
312.41,189.38,92.908,90.311
312.33,190.36,93.11,90.958
312.74,191.58,93.226,91.502
312.34,192.26,93.278,90.702
311.31,192.54,93.496,89.881
310.59,192.71,93.791,89.105
309.97,192.95,93.665,89.468
309.76,192.55,92.49,90.639
310.42,192.93,92.515,92.525
310.29,191.65,93.256,93.197
308.07,189.77,94.168,93.588
304.27,187.21,94.855,94.242
301.66,185.69,95.499,94.729
300.07,184.63,96.464,95.229
298.59,183.34,97.228,95.879
296.32,181.69,98.003,96.478
294.54,180.43,99.158,96.916
291.78,178.06,100.66,97.411
289.7,175.05,101.85,97.329
287.89,171.36,102.46,97.529
285.31,167.73,103.55,97.741
282.42,164.55,103.91,98.202
280.66,173.12,104.12,97.834
289.42,167.7,103.53,99.504
286.93,163.04,102.93,101.43
283.51,171.67,103.28,102.37
279.73,167.88,103.72,103.49
276.6,176.46,103.43,103.08
264.77,175.11,103.78,102.27
264.2,173.42,104.93,101.87
263.85,183.03,104.74,100.91
263.4,180.75,104.89,99.973
263.57,179.01,105,99.379
265.37,178.9,105.28,98.445
267.5,188.66,104,97.608
269.67,185.47,103.73,96.794
271.27,181.98,103.78,96.056
273.4,178.95,104.13,95.394
275.16,176.58,104.19,94.971
276.69,174.81,104.3,94.965
278.32,174.08,104.93,95.156
278.7,183.74,105.24,94.394
278.68,180.69,105.94,94.527
279.16,178.99,106.22,95.488
279.82,187.19,105.58,95.915
280.34,184.94,105.79,96.015
281.12,182.74,105.62,96
282.18,181,105.78,96.51
282.29,181.36,106.89,96.91
282.16,182.24,107.29,96.419
282.18,183.55,107.25,95.842
282.99,185.55,107.15,95.928
283.92,187.25,107.2,96.567
284.44,189.27,107.05,97.821
285.65,191.97,106.8,98.396
285.62,193.66,106.62,99.518
284.38,194.72,105.67,101.08
282.75,194.08,104.64,102.32
282.2,191.88,103.28,103.11
283.12,190.77,102.05,103.63
283.19,189.49,101.24,103.68
283.58,188.9,100.05,103.57
284.55,186.95,99.098,103.82
285.08,186.5,99.296,103.8
285.05,187.04,99.693,103.79
284.38,187.96,100.37,103.72
282.92,188.63,101.36,103.62
281.24,189.96,102.33,103.72
280.05,191.88,102.43,103.64
278.64,193.95,102.66,103.51
277.9,194.89,102.33,103.76
274.57,195.13,102.62,103.14
274.54,196.48,101.67,102.35
275.48,197.44,100.46,101.94
277.05,196.44,99.422,101.35
278.73,195.21,98.561,100.8
278.83,195.15,98.163,100.3
279.06,195.37,98.399,99.465
279.63,195.69,98.867,98.965
280.02,195.75,99.627,98.87
279.92,196.19,100.14,98.348
279.22,196.55,100.54,97.936
277.81,196.1,101.36,97.33
277.49,196.72,102.15,96.687
276.18,198.26,103.34,95.775
275.09,200.25,105.09,95.179
274.79,202.01,106.31,95.094
275.3,203.69,107.03,94.9
276.49,202.56,106.6,95.289
278.5,200.98,105.6,96.011
279.94,197.45,103.88,96.717
279.61,196.36,104.32,96.281
277.37,195.17,106.52,95.313
274.27,195.92,108.91,94.018
271.51,197.41,110.45,93.507
269.19,199.07,111.64,92.946
267.74,200.12,112.03,92.721
266.08,201.39,112.31,92.419
265.91,202.02,111.72,92.484
265.79,202.61,111.81,92.446
265.95,203.14,112.29,92.445
265.4,203.41,112.54,92.61
265.15,204.1,112.83,93.196
264.8,204.19,114.08,94.165
264.84,204.68,115.52,95.921
264.88,204.37,116.35,97.63
265,203.55,117,99.502
265.39,203.02,117.97,101.12
267.25,202.96,118.02,102.81
267.75,203.67,118.45,103.55
268.27,204.43,118.92,103.92
268.74,205.27,118.98,104.52
269.12,205.51,119.37,104.61
269.32,206.14,119.53,104.54
269.52,206.4,119.61,104.13
269.46,206.47,120.58,104.33
268.44,206.7,121.6,103.92
268.97,208.31,122.58,104.03
270.37,208.12,122.79,103.96
270.36,207.82,122.99,103.84
270.43,207.34,122.9,103.44
271.21,206.2,122.81,102.51
270.48,205.42,122.76,102.01
267.97,205.08,122.23,101.77
265.7,203.49,120.85,101.69
262.48,201.19,119.63,102.45
260.85,199.92,117.6,103.35
259.79,196.7,115.36,104.41
260.61,193.77,114.17,105.3
262.56,191.86,113.1,105.41
266.99,188.17,113.01,105.45
269.73,184.92,112.59,104.81
272.75,183.82,111.97,104.43
275.86,182.57,111.64,103.56
277.29,182.46,111.82,102.45
278.09,182.67,112.16,102.01
279.54,183.3,112.33,101.24
280.41,184.65,113.66,100.46
280.89,185.58,113.91,100.09
280.94,186.2,113.66,100.18
281.39,186.86,113.29,100.09
282.27,186.82,112.71,100.45
282.41,186.77,111.74,101.1
282.47,186.39,111.29,101.39
283.14,185.79,111.02,101.55
283.68,184.66,110.83,102.07
283.84,183.36,110.9,102.06
283.83,182.79,111.22,101.81
284.71,181.87,111.56,101.65
285.45,181.27,111.6,102.23
285.4,180.98,112.12,102.58
284.64,181.77,113.25,102.98
284.56,182.18,113.69,103.51
285.25,182.59,113.98,103.92
286.53,183.59,114.08,103.58
286.47,184.77,114.74,103.53
286.99,185.87,115.23,103.44
286.96,186.84,115.42,103.03
286.67,187.54,115.73,103
286.15,187.91,116.1,103.11
285.52,187.85,116.05,103.35
284.84,188.34,116.57,103.04
283.96,188.59,117.38,102.85
282.5,188.4,117.8,103
281.08,188.72,118.14,102.97
278.43,188.58,118.62,103.14
275.74,188.5,118.76,103.39
273.68,186.74,118.46,104.66
272.05,184.51,117.42,105.8
271.52,181.04,115.37,105.85
272.87,177.55,113.22,106.25
275.93,172.91,111.39,106.76
278.98,168.51,109.24,106.51
281.59,165.85,107.7,105.49
284.26,164.07,106.71,105.08
286.45,160.93,106.61,105.46
287.79,158.88,107.13,104.98
289.08,157.91,107.56,104.06
289.48,157.11,107.97,103.21
289.43,158.24,108.66,103.2
288.96,158.56,109.82,103.49
288.01,159.03,111.02,104.36
286.69,158.81,111.8,105.39
285.61,158.4,112.61,106.32
284.23,158.46,113.19,106.59
282.22,158.7,114.13,106.99
281.5,158.56,115.11,107.56
281.03,157.71,116.45,108.15
281,156.11,117.56,109.84
283.45,153.32,117.46,111.96
283.61,152.6,118.04,113.28
283.77,152.9,118.6,114.01
283.78,153.18,118.61,114.73
283.3,153.27,118.99,115.58
282.45,153.7,119.14,115.33
282.58,153.72,118.88,115.42
282.86,152.2,118.3,115.94
282.41,150.9,117.92,116.64
282.05,149.33,117.74,117.3
281.04,147.53,117.32,117.81
280.13,145.94,117.03,118.02
278.26,144.63,117.42,117.96
277.04,142.33,117.44,118.03
275.45,151.57,116.77,118.12
274.13,147.66,115.3,118.35
272.25,145.5,113.93,118.27
258.7,145.15,112.77,116.81
259.31,143.68,112.08,115.64
261.3,142.88,111.13,114.37
261.72,141.31,110.02,113.59
261.79,138.82,108.77,112.24
261.78,136.92,107.72,111.26
261.49,135.14,107.16,110
260.91,133.48,105.73,109.39
260.1,133.05,104.52,108.16
259.5,132.55,103.12,106.77
259.58,132.14,102.06,105.45
261.32,131.88,100.37,103.65
276.16,142.17,96.929,103.57
278.92,141.74,94.008,102.82
280.59,141.01,91.209,102.09
282.74,141.14,88.704,100.86
286.3,141.66,86.466,99.625
289.86,142.61,84.172,98.236
294.47,143.91,81.952,96.739
297.91,144.49,81.25,95.455
299.83,144.63,80.94,94.001
302.56,144.14,80.676,92.932
303.84,143.71,80.791,90.982
304.79,143.56,81.919,88.365
303.62,143.8,83.654,86.644
302.3,144.18,85.362,84.991
302,153.58,85.587,84.376
300.81,153.51,86.575,83.825
298.31,153.32,87.302,83.528
296.19,154.17,87.979,82.981
294.62,154.82,88.461,82.625
295.3,164.6,86.86,83.01
293.15,164.67,85.396,83.138
291.49,164.17,84.826,82.681
290.22,164.82,84.016,82.175
279.97,164.93,83.136,80.8
278.31,164.47,82.863,80.026
275.34,164.38,83.233,79.131
273.25,163.97,84.127,78.148
271.53,163.02,85.29,77.388
270.95,162.62,86.663,76.968
270.31,162.16,86.935,76.874
270.84,162.45,86.768,77.053
271.73,162.62,86.326,77.615
272.68,162.26,85.035,78.415
274.13,161.21,83.423,79.577
274.13,159.75,82.478,80.495
273.23,157.92,81.562,81.075
272.1,156.64,81.483,81.359
269.13,156.28,82.598,81.128
267.28,156.31,83.415,80.755
266.97,156.9,84.444,80.325
268.33,157.21,84.918,80.115
272.26,158.02,84.308,80.032
276.45,159.37,83.291,80.318
278.41,160.74,83.007,80.104
281.35,161.29,82.431,80.116
283.48,161.96,81.75,80.422
284.93,162.87,81.317,80.77
285.94,163.49,81.421,80.717
285.13,164.94,82.783,79.775
284.66,166.26,84.357,79.2
284.54,167.17,85.53,79.19
285.38,167.37,86.051,79.796
285.69,167.24,86.673,80.435
285.57,167.18,87.541,80.784
285.38,167.03,88.218,81.45
285.6,165.99,88.303,81.819
286.55,164.75,88.55,82.244
287.35,163.38,89.099,82.532
288.56,161.53,89.178,83.238
289.68,159.64,89.022,83.959
291.06,158.15,88.875,84.611
290.68,156.51,88.268,85.118
290.04,155.19,88.055,85.399
288.64,153.62,88.134,85.338
286.33,152.35,88.619,85.267
283.05,151.73,88.916,85.445
280.91,150.55,88.733,85.628
278.89,149.75,88.556,85.796
277.93,148.6,88.897,86.141
278.01,148.04,88.919,86.748
278.4,147.6,88.648,86.76
276.77,145.36,89.562,86.569
275.12,143.15,91.674,86.376
274.77,141.4,93.363,85.975
273.57,140.21,95.403,85.633
272,139.4,96.371,85.175
270.72,138.89,97.66,84.884
271.84,137.57,98.479,84.476
272.6,136.79,99.033,84.182
272.08,136.68,98.745,84.151
270.09,137.19,99.025,83.568
267.54,137.55,100.44,82.638
261.24,135.09,107.03,77.606
258.17,137.03,112.09,73.466
256.44,139.72,115.73,70.597
254.69,141.78,119.21,68.571
253.22,143.85,122.7,67.118
252.46,146.26,125.31,65.716
253.6,148.33,127.53,64.716
256.08,150.34,128.59,64.123
260.32,152.92,128.71,63.923
260.64,154.22,133.14,60.649
265.09,166,133.12,61.921
264.73,165.67,136.94,59.808
269.27,178.53,135.69,61.962
280.7,180.94,135.93,64.167
285.35,182.69,135.5,66.608
287.48,185.53,135.62,68.605
291.18,184.74,136.19,70.242
303.62,184.45,136.3,71.791
305.92,182.93,136.22,73.452
306.27,181.86,136.23,74.808
306.16,180.16,136.9,76.23
305,179.75,137.6,77.687
305.04,179.11,137.95,79.039
301.47,180.49,138.81,80.48
291.69,180.5,138.93,82.271
289.36,181.64,139.85,83.199
278.34,181.53,139.99,84.089
275.3,181.4,141,84.425
269.88,179.08,142.25,84.348
263.86,176.87,142.87,84.718
259.32,174.38,143.4,85.434
254.69,170.84,144.36,86.013
251.99,167.71,144.98,86.628
252,163.29,141.11,92.748
249.54,160.24,143.23,92.028
245.98,159.02,145.42,91.64
243.16,157.7,146.94,91.689
240.45,158.03,149.29,91.097
247.82,159,151.73,90.124
242.12,158.2,153.97,89.682
249.26,159.14,155.95,88.825
245.56,159.22,157.5,87.979
252.59,160.33,159.58,86.912
249.61,160.68,160.9,86.356
257.76,161.21,162.07,85.412
255.26,161.92,163.09,84.864
256.71,161.78,163.18,85.3
266.72,162.96,163.07,85.279
264.21,163.48,162.91,85.131
263.45,162.79,162.94,84.663
263.17,161.93,163.05,84.108
282.03,171.68,151.78,92.782
287.15,166.84,144.23,98.148
304.43,174.73,136.59,104.22
307.73,168.38,130.86,106.85
309.7,164.66,126.07,108.74
311.78,161.35,121.84,109.9
312.06,158.01,119,110.44
310.99,153.76,116.89,111.03
309.05,150.12,115,110.29
308.31,146.11,113.52,109.02
305.89,142.54,113.52,107.42
304.31,139.23,113.01,107.21
303.02,148.92,112.49,105.88
303.12,156.79,111.08,104.99
301.52,151.64,110.85,104.44
300.84,148.34,110.33,104.75
302.39,156.11,109.73,103.72
300.24,153.32,110.37,102.71
301.13,160.81,110.65,102.27
300.63,157.57,110.71,101.88
301.44,166.44,109.88,101.85
296.85,162.75,111.34,101.39
295.39,171.21,112.08,101.09
291.99,166.79,113.52,100.61
287.94,163.38,114.36,100.44
286.67,172.61,113.66,100.64
282.87,168.52,113.79,100.39
278.4,164.78,114.14,100.29
274.6,162.13,114.91,99.831
274.96,170.9,113.72,100.86
272.53,166.6,112.9,101.2
269.44,162.67,113.59,101
267.02,159.98,114.37,101.01
263.99,159.15,115.82,100.81
260.82,159.33,118.49,100.44
261.64,168.73,118.63,103.15
261.17,163.5,119.21,105.42
260.81,161.12,120.44,106.26
262.64,170.45,120.25,108.82
263.45,166.55,121.73,109.88
263.69,164.48,123.32,110.13
265.84,174.31,122.96,113.01
265.77,172.16,124.33,113.79
266.58,171.64,125.79,114.35
266.38,171.04,128.52,114.64
267.44,169.49,129.2,116.33
269.99,168.25,129.55,117.82
272.85,167.32,129.42,119.28
274.8,165.46,129.04,120.98
275.33,163.17,128.7,122.98
275.59,160.98,128.76,124.61
275.39,159.17,129.59,124.79
273.65,158.28,130.89,124.76
272.47,158.68,132.52,124.63
271.22,157.33,133.9,124.44
269.45,155.83,135.22,124.89
266.39,154.28,137.02,125.05
265.04,153.44,138.51,124.82
264.27,153.43,139.19,125.27
263.63,153.41,139.55,125.86
263.29,155.54,139.82,125.85
263.35,156.6,139.85,125.8
264.23,157.07,139.35,125.99
263.97,156.93,139.4,126.05
264.15,157.55,138.31,126.42
265.69,157.87,136.76,126.71
267.08,157.04,135.56,126.53
268.13,155.01,134.61,126.46
268.84,154.08,133.97,126.06
269.24,152.81,134.49,125.97
269.25,151.7,135.15,125.96
270.29,151.88,135.61,126
269.39,150.7,137.1,126.01
269.9,151.85,137.68,126.03
269.64,151.78,138.52,126.28
271.25,151.17,139.2,125.95
273.13,150.06,139.99,125.6
276.53,151.59,140.49,125.59
278.27,154.28,141.1,125.54
279.44,155.48,141.27,126.4
280.77,155.29,140.36,127.73
283.08,154.98,138.7,128.66
285.01,155.24,137.1,129.57
285.78,155.08,136.04,129.71
287.61,154.56,134.64,129.47
289.57,153.45,133.92,129.14
290.64,152.24,132.57,128.7
291.13,150.58,131.3,129.16
289.85,150.78,131.11,129.98
289.3,151.58,131.45,130.51
288.65,152.33,131.84,130.49
289.31,153.81,132.39,130.35
289.86,156.23,133.34,129.97
290.59,157.84,133.76,130.36
291.25,159.67,134.43,130.52
290.8,161.85,135.2,130.5
291.3,161.95,136.09,131
290.84,161.47,137.34,131.06
290.67,161.9,138.44,131.01
290,162.16,138.91,130.93
290.33,161.91,138.38,131.65
291.51,163.76,137.85,131.33
291.64,164.28,137.34,131.1
292.31,165.1,136.76,131.45
290.49,165.01,134.77,132.9
289.02,164.25,133.06,133.46
287.12,162.37,131.34,133.15
285.72,160.01,129.79,132.94
283.65,158.32,129.27,132.31
283,158.18,129.98,131.5
282.29,156.99,130.41,130.44
281.39,155.77,130.6,128.87
279.93,154.07,131.14,126.83
278.81,152.63,131.02,126.03
278.72,152.36,132.06,125.37
276.52,151.72,132.34,124.67
273.33,152.65,132.28,124.53
269.72,153.83,132.08,124.22
268.23,155.43,130,124.33
267.89,155.88,127.5,125.2
267.99,157.52,126.14,125.65
267.46,157.67,125.34,126.02
266.81,156.7,124.73,126.1
266.72,156.34,124.85,125.73
265.91,156.22,124.91,126.22
265.38,156.43,124.99,126.03
264.62,157.05,125.25,126.08
264.64,157.63,126.11,126.31
265.97,158.55,126.58,127.27
268.29,160.88,126.95,127.55
270.37,161.26,127.92,128.03
272.75,162.12,128.71,128.46
274.83,162.16,129.31,129.17
277,162.39,129.03,130.41
277.26,162.54,129.54,131.77
276.66,161.83,129.65,132.66
277.09,162.16,129.02,133.08
277.56,161.99,128.4,133.16
276.48,159.74,126.97,132.71
275.74,158.48,125.99,132.18
275.15,156.8,125.5,131.39
274.82,155.93,125.67,130.32
274.35,155.29,125.08,129.3
273.28,154.98,124.98,128.48
271.43,154.17,124.16,127.07
269.07,154.67,123.95,126.17
267.18,155.06,123.63,125.91
266.42,155.01,122.87,126.38
266.61,154.3,122.61,126.74
266.45,153.78,122.37,127.15
266.38,153.7,122.48,127.65
267.84,153.54,122.77,127.98
269.5,152.85,122.5,128.54
271.25,152,122,128.94
272.81,151.72,121.45,129.24
274.2,150.89,120.94,129.36
276.13,148.43,121.15,129.52
277.83,147.67,122.56,129.13
278.76,146.39,123.48,129.76
279.44,143.94,124.24,130.49
279.9,142.28,125.39,131.34
281.03,157.27,125.13,131.78
281.74,156.87,125.22,131.83
282.5,157.68,125.67,131.53
282.87,157.86,125.76,131.67
283.06,158.01,125.76,131.34
283.43,158.61,126.02,130.8
284.47,159.96,125.91,129.91
285.35,161.75,125.47,129.36
284.79,162.72,125.56,129.3
284.71,163.54,125.29,129.15
285.62,165.45,125.39,128.83
286.22,166.93,125.15,129.16
286.41,167.37,124.58,129.53
286.79,168.21,124.83,130.27
287.74,168.4,124.79,131.46
288.85,168.89,124.42,132.3
289.58,169.51,124.43,132.72
289.43,170.73,124.54,132.03
289.81,171.95,124.9,131.96
290.2,173.49,125.13,132.68
291.15,176.62,125.62,133.33
293.37,180.63,126.63,133.63
295.38,184.3,127.27,133.54
297.68,186.1,128.28,132.37
299.85,186.12,129.59,131.44
301.44,186.25,130.05,130.87
302.13,186,130.21,130.12
303.22,186.12,130.17,130.02
304.74,186.84,130.63,130.51
304.98,188.57,130.52,131.19
303.73,189.26,131.1,131.48
301.92,188.77,131.1,131.43
300.67,188.49,130.92,131.9
298.55,188.09,130.23,132.19
299.19,187.33,129.02,132.96
299.53,187.2,128.01,133.07
299.82,186.4,126.75,132.77
300.81,185.04,125.75,132.27
301.31,183.81,124.66,131.63
301.5,182.59,123.99,131.07
300.7,182.38,123.35,130.08
299.45,182.28,122.66,128.49
298.53,180.65,121.61,127.25
295.92,180.16,121.49,125.18
291.65,179.43,121.69,123.24
287.77,179.33,121.79,121.13
286.33,179.11,121.02,119.95
282.19,180.3,120.49,118.66
279.68,181.53,120.41,117.99
276.55,181.93,121.35,117.64
272.93,183.38,122.88,117.05
270.17,184.8,124.64,116.81
269.78,184.35,126.32,116.37
269.77,183.08,127.55,115.92
269.5,182.03,128.4,116.07
269.09,181.55,129.67,116.43
269.65,182.46,130.45,117.37
269.93,183.2,130.43,117.6
269.33,183.82,130.45,118.09
269.69,182.47,129.85,118.33
271.55,179.39,129.04,118
270.93,177.64,129.41,118.14
270.93,176.36,130,118.85
270.58,176.08,130.4,119.24
268.84,175.77,131.42,119.67
268.26,175.89,131.59,119.41
266.57,176.71,132.22,119.11
265.94,176.71,132.38,119.08
265.62,176.9,132.6,118.64
271.16,176.15,131.33,118.31
267.25,176.67,132.09,117.2
265.81,176.27,132.59,117.12
273.54,175.08,129.97,117.86
268.91,173.24,128.38,118.28
266.4,173.33,128.52,118.17
264.96,172.31,128.23,118.22
263.69,172,128.26,117.97
264.69,182.85,125.37,117.88
264.92,179.59,123.4,117.46
265.32,176.21,121.69,117.24
265.74,174.54,120.58,116.72
265.97,184.02,117.46,116.65
266.16,179.86,116.14,116.11
267.23,178,115.84,115.46
267.35,176.55,116.17,114.32
267.05,175.41,117.21,112.97
266.75,175.05,118.01,112.56
266.71,183.96,116.36,112.6
267.32,179.82,115.82,111.91
267,177.75,116.07,111.37
265.75,176.92,116.49,111.1
264.64,176.3,116.63,110.13
262.39,174.93,116.74,109
260.34,173.16,117.16,107.81
256.92,170.34,117.36,107.17
252.05,169.34,117.78,106.06
249.56,168.49,117.06,105.43
249.12,176.62,114.07,106.55
247.04,171.54,112.96,106.56
245.63,168.77,112.24,106.01
244.5,166.35,111.39,105.85
242.47,164.4,111.16,105.09
240.43,164.04,111.38,105.07
238.81,164.22,111.63,104.78
236.18,164.11,112.62,104.09
234.14,163.66,113.8,104.09
233.37,163.33,114.63,104.25
231.61,163.42,115.5,104.34
231.96,162.9,115.67,105.44
232.51,163.59,116.12,106.46
232.63,163.7,116.39,106.98
233.89,163.39,116.26,107.16
235.07,164.06,116.34,107.04
236.08,163.87,116.09,107.61
237.52,163.54,115.67,109.02
238.71,163.62,116.2,110.66
239.18,164.09,116.74,112.25
240.46,164.31,117.22,113.4
241.65,165.58,117.08,114.41
242.8,165.44,116.4,114.61
242.35,164.58,116.8,114.73
242.27,163.39,117.38,114.08
241.28,162.68,117.82,114.2
239.86,162.1,118.85,115.36
236.86,161.67,119.64,116.22
236.51,160.59,119.07,117.48
234.49,159.33,118.59,118.01
233.7,157.92,118.44,118.5
232.66,156.08,119.26,119.04
233.42,156.13,119.39,119.2
234.4,155.54,119.36,118.77
235,156.03,119.07,118.25
237.17,156.39,118.3,117.3
240.53,157,117.34,116.53
244.34,159.03,115.45,116.27
246.37,160.72,113.78,115.47
246.06,162.22,113.71,113.6
246.18,162.72,113.95,112.01
243.68,162.69,114.78,110.42
239.85,161.65,115.63,109.11
237.4,160.89,116.23,108.42
235.25,161.19,117.29,107.7
234.8,161.85,116.74,107.51
236.1,162.87,115.85,107.24
238.22,163.12,114.76,106.64
238.33,163.15,114.04,105.96
236.17,162.21,113.92,104.69
234.79,162.25,113.37,103.58
233.36,164.9,112.93,103.24
232.41,165.64,111.69,103.02
231.85,167.78,110.25,103.01
231.54,170.17,108.82,102.95
230.29,172.26,108.11,102.28
229.67,174.26,107.7,101.04
229.48,176.43,107.85,100.12
230.43,177.25,108.56,100.1
231.61,176.6,108.75,99.814
233.69,176.49,108.77,99.493
233.48,178.36,109.41,99.103
234.77,179.63,109.85,99.103
234.57,180.25,111.16,99.56
234.91,180.21,112.18,100.04
235.89,179.87,112.33,100.65
237.59,181.19,113.38,100.8
239.6,181.99,114.26,100.97
242.23,182.12,115.09,101.13
245.1,181.82,115.21,100.92
247.83,180.94,115.07,101.03
250.59,179.63,115.34,101.34
254.78,186.83,115.25,102.58
255.71,185.06,116.13,103.54
253.92,184.47,117,104.42
253.28,193.58,116.74,105.61
251.32,190.83,116.78,105.63
248.96,189.04,117.25,105.76
245.97,188.55,117.75,105.77
242.64,188.78,118.46,105.83
240.07,189.41,119.45,106.04
238.38,189.53,119.93,106.58
237.81,189.64,120.71,106.6
237.24,189.25,121,106.6
238.17,186.58,121.41,106.71
238.76,185.08,121.62,106.28
239.29,183.74,121.57,105.99
240.44,181.47,121.11,105.77
242.54,180.66,120.85,105.05
244.17,179.62,120.93,105.08
244.25,180.67,120.83,105.45
244.31,183.39,120.33,106.11
243.62,186.02,120.68,106.35
245.29,188.29,120.43,106.47
246.72,188.46,120.35,106.7
247.1,188.83,120.97,106.44
247.34,189.11,120.38,106.83
248.43,199.54,119.23,106.9
247.72,199.23,119.21,107.18
245.84,199.47,119.8,107.48
243.68,198.36,119.33,107.13
241.52,197.93,119.11,106.89
239.8,197.29,119.06,106.39
239.24,196.19,118.62,106.34
238.06,196.01,118.8,106.34
236.65,195.66,118.93,106.12
235.32,194.13,118.34,105.93
235.06,190.39,117.42,106.65
234.17,187.14,116.77,107.34
235.04,184.79,116.02,108.04
234.79,183.69,115.6,108.25
234.14,182.99,116.55,107.64
231.98,182.09,117.99,107.52
230.79,182.18,119.48,107.44
228.86,181.86,121.51,107.93
226.35,182.2,123.45,108.42
225.73,182.55,125.3,109.03
227.03,184.55,126.68,109.81
227.56,187.62,128.13,110.83
226.29,189.81,129.38,111.57
227.05,191.04,129.21,111.93
229.5,202.16,127.13,113.09
229.67,200.57,126.73,113.46
227.42,201.11,127.21,113.14
224.66,202.09,127.88,112.32
225.25,202.11,127.95,111.96
226.64,202.02,128.23,111.78
225.54,202.42,127.37,111.21
223.78,201.97,126.77,110.66
222.52,200.46,126.13,110.45
221.56,198.61,125.58,110.33
221.12,196.13,125.4,110.24
219.59,194.73,126.38,109.61
217.97,191.92,127.84,109.33
218.32,189.62,128.66,110.2
218.51,187.09,128.88,110.92
220.02,188.47,129.86,110.87
222.28,190.23,129.26,111.04
224.35,193.05,128.96,111.02
225.42,195.31,129.08,111.25
227.82,198.01,129.23,111.95
228.55,197.53,128.53,114.14
229.2,211.79,127.91,114.19
234.04,210.21,127.45,115.19
238.79,211.64,127.2,115.33
241.26,211.44,127.29,116.82
241.19,213.39,128.76,117.83
241.03,218.24,131.25,117.6
241.44,220.53,131.78,117.93
241.72,222.19,132.6,117.85
241.65,222.09,132.83,118.1
241.41,220.93,131.51,119.06
241.13,219.27,131.02,120.13
241.55,215.79,130.85,120.73
241.29,213.07,130.27,121.34
241.44,211.64,130.98,121.37
242.45,211.5,131.92,121.23
241.39,211.72,132.45,121.28
241.3,211.78,133.39,122.05
240.92,214.5,133.93,122.63
241.15,216.62,134.58,122.72
242.01,217.73,135.77,122.56
241.65,218.95,137.28,122.75
241.58,222.35,138.68,122.23
242.46,224.72,140.64,121.79
241.42,225.23,142.52,122.02
238.62,227.53,145.31,121.72
239.08,228.63,148.23,121.9
239.25,229.6,150.88,122.06
240.03,230.03,153.11,122.42
240.07,230.56,155.35,122.8
239.32,230.73,157.79,123.32
237.72,230.5,160.34,124.22
235.71,230.55,162.87,124.79
231.46,230.59,165.12,125.46
229.47,230.59,167.26,126.64
227.88,231.45,169.52,127.54
225.04,231.3,170.74,128.37
222.52,232.09,172.2,128.73
219.64,232.01,173.67,128.46
218.68,229.56,171.59,129.34
217.46,229.81,169.46,129.26
218.22,227.48,166.94,130.08
219.37,225.31,163.16,131.26
220.89,223.04,160.07,131.68
225.21,218.32,156.73,133.06
228.26,215.11,154.98,133.51
229.33,213.38,153.79,132.86
230.03,212.59,152.84,132.41
232.01,213.93,153.83,131.9
232.29,216.21,156.33,130.88
233.06,215.7,158.36,130.92
230.93,214.94,160.94,131.93
230.64,214.77,163.26,133.87
229.41,211.98,165.7,135.76
227.68,209.81,168.79,137.17
226.48,209.18,172.82,138.43
229.01,209.36,174.88,139.1
231.71,211,174.88,139.14
233.14,210.26,174.27,139.31
233.17,211.46,173.59,139.5
233.14,208.48,172.75,141.44
233.14,204.17,172.41,143.24
231.12,201.73,171.88,144.63
229.41,199.97,170.59,146.01
228.4,198.56,169.09,147.77
227.93,195.94,167.94,149.4
225.54,195.46,167.18,149.96
222.61,195.5,165.75,150.32
218.26,194.84,165.36,150.46
213.53,192.17,164.59,151.08
208.03,191.9,164.62,150.09
204.43,191.56,164.11,148.84
202.64,190.63,162.54,148.47
201.71,190.1,161.51,148.1
201.28,187.73,161,147.59
201.43,186.08,161.72,146.81
202.68,183.83,161.43,146.97
202.74,181.18,159.98,147.18
202.52,175.33,157.49,147.4
202.42,171.12,155.12,146.38
201.41,167.51,154,145.78
200.33,166.72,153.91,144.62
200.74,164.83,153.19,144.16
203.2,162.73,153.17,142.93
206.75,160.92,152.25,141.34
208.5,159.4,151.57,140.06
209.13,158.01,150.06,139.03
207.17,158.39,150.07,137.39
205.64,158.12,151.63,137.14
205.84,157.47,152.72,137.19
206.72,158.03,154.98,136.3
206.83,160.07,156.82,135.7
208.89,162.95,158.18,135.56
213.33,165.83,159.55,136.01
217.19,171.42,162,134.97
219.49,174.74,162.93,135.72
222.43,178.53,164.18,135.44
227.58,180.61,163.68,135.67
231.38,181.08,162.04,136.07
235.46,181.66,160.07,136.58
239.45,181.75,157.45,137.2
241.33,182.57,155.39,136.86
242.81,184.64,153.69,135.7
243.3,186.38,152.24,135.1
244.74,189.63,151.54,133.49
244.94,190.99,151.77,132.51
245.3,191.62,152.01,131.97
244.3,190.87,152.4,131.42
243.05,190.88,154.1,130.59
242.46,189.94,154.98,130.6
241.79,188.26,155.17,130.76
240.63,187.2,155.54,130.47
240.94,185.78,154.72,130.38
241.31,183.4,154.1,131.24
241.51,180.81,152.93,132.3
241.41,180,151.95,133.47
241.46,178.75,150.42,134.71
240.32,177.34,149.13,135.35
239.81,176.25,147.87,136.27
238.37,176.11,147.36,136.83
234.7,178.89,147.94,136.45
231.86,179.99,148.02,136.5
227.68,180.72,148.46,135.93
226.09,180.33,148.13,135.24
226.76,178.88,147.4,135.12
225.39,176.33,146.5,134.51
223.84,173.16,145.09,133.95
223.47,169.06,143.56,133.24
223.23,165.9,143.09,132.87
223.03,163.15,142.21,133.06
223.14,158.58,141.61,133.57
221.54,154.56,141.53,133.1
222.16,148.4,142.01,133.58
222.08,142.47,143.06,134.34
221.41,137.12,143.52,135.26
220.28,132.88,145.07,136.86
220.61,132.39,147.15,137.32
220.37,132.59,148.43,138
219.29,134.04,149.78,138.81
220.59,134.39,151.34,139.36
220.67,132.52,152.63,140.29
221.48,130.66,153.88,141.42
223.09,128.92,153.9,143.12
223.85,126.82,153.56,144.39
225.47,126.36,153.41,145.09
227.21,125.54,152.31,146.16
229.58,124.5,151.01,146.53
229.8,125.53,150.49,146.34
230.38,125.18,150.55,145.88
232.53,125.81,150.42,144.87
234.18,127.24,150.28,144.12
234.97,128.24,149.85,142.77
235.76,129.47,149.84,141.34
235.89,129.05,148.69,139.7
236.9,129.48,148.55,137.1
237.37,129.53,147.77,135.45
237.23,129.14,146.86,134.58
234.63,128.37,146.13,133.83
234.05,127.74,145.05,132.82
231.43,126.68,144.55,131.47
227.3,126.21,143.13,129.55
224.08,125.81,144.13,127.49
221.87,126.04,143.1,125.78
218.71,126.23,142.48,125.42
217.33,124.87,139.98,125.47
220.28,138.47,138.49,125.94
221.84,133.64,136.89,125.49
223.83,129.47,137.04,124.32
224.28,126.69,135.47,123.49
222.88,125.16,135.25,122.39
221.99,122.08,135.26,122.11
224.55,132.73,133.24,122.26
225.51,127.86,130.54,122.03
226.07,122.4,128.78,122.19
230.39,134.46,125.51,121.96
232.69,129.5,124.81,121.7
232.24,125.17,123.71,121.56
235.65,136.29,121.24,122.06
238.18,132.31,120.31,122.49
239.83,127.81,118.99,123.22
239.82,122.08,119.83,123.74
242.04,132.65,116.79,125.99
244.75,128.84,115.36,126.26
248.5,124.95,114.06,126.34
249.38,120.78,114.15,126.57
251.08,115.75,114.78,126.25
251.86,127.67,114,125.65
251.71,124.23,113.79,125.01
251.09,121.62,114.46,124.07
249.87,119.16,116.53,122.79
251.46,130.21,116.69,122.12
253.03,126.44,117.58,121.9
251.26,123.38,119.29,122.04
250.85,119.99,120.64,122.58
248.59,117.17,123.34,122.75
247.46,114.8,125.44,123.74
245.83,113.52,127.25,124.46
242.91,111.79,129.32,126
239.77,112.75,131.49,126.59
238.41,113.15,132.15,127.37
235.57,114.18,133.87,127.75
233.59,114.59,134.82,127.87
232.87,111.75,135.44,128.14
230.61,110.33,134.99,128.65
228.48,107.07,135.52,128.17
227.61,119.11,134.61,128.97
225.34,114.59,134.83,128.45
225.19,109.97,134.89,128.6
226.05,106.15,134.97,128.45
223.22,102.15,135.89,128.01
224,98.04,135.49,128.36
224.52,94.147,136.07,128.89
226.37,106.98,136.2,129.26
227,103.01,136.19,130.03
226.75,99.381,136.71,130.83
231.79,112.45,136.14,131.29
234.89,109.8,136.29,132.09
237.8,107.37,136.46,132.91
242.53,105.16,136.23,133.23
246.36,118.07,134.99,132.75
259.57,115.49,133.22,132.94
257.89,114.92,132.27,131.76
256.24,113.27,132.22,130.64
254.92,112.17,131.74,130.14
252.59,110.15,132.43,129.59
250.42,107.33,134.46,127.98
250.6,121.26,133.53,127.29
252.02,117.98,133.21,125.95
253.05,116.26,131.85,125.46
254.06,115.88,130.34,125.07
254.53,115.12,130.16,124.11
254.05,114.44,130.78,123.67
252.38,113.15,131.61,124.12
252.08,125.96,130.34,124.12
252.87,121.51,129.45,124.02
248.61,118.58,130.11,123.38
244.06,117.88,132.11,121.2
234.07,117.6,145.4,111.59
228.63,116.44,155.91,105.16
226.5,115.47,164.15,100.03
222.33,113.03,171.42,96.656
221.73,110.09,175.52,94.284
220.96,106.77,178.9,92.576
229.94,103.24,183.78,91.866
225.54,99.059,186.32,91.342
225.55,95.112,188.64,90.581
227.63,91.81,189.37,90.462
227.42,88.893,189.81,90.622
226.68,86.832,190.13,91.365
224.65,99.487,191.29,91.247
224.68,96.182,192.57,90.677
218.53,96.265,201.92,85.615
213.26,96.483,209.66,82.048
207.89,96.415,216.41,79.38
202.17,95.68,222.36,77.283
229.01,119.13,201.96,92.62
237.82,108.48,184.93,105.07
243.93,99.353,171.46,114.46
248.38,92.248,161.95,120.57
258.5,97.238,143.56,134.89
260.48,91.691,137.84,136.25
262.53,87.431,134.35,136.46
263.62,82.692,131.17,136.25
270.68,85.451,119.75,145.4
270.67,81.792,120.78,142.52
270.44,78.139,121,139.43
272.04,88.555,119.88,138.18
273.17,85.483,120.1,136.16
272.29,82.203,120.64,133.72
271.67,80.148,121.5,131.35
273.51,91.819,120.96,131.16
272.32,88.633,120.62,130.91
268.27,85.728,121.73,130.28
264.82,83.847,122.17,129.4
265.49,95.439,121.18,129.96
263.83,93.258,122.08,129.24
261.62,90.508,121.69,129.29
257.22,86.663,123.37,128.71
257.95,99.114,124.13,127.79
257.54,95.709,125.15,126.16
261.15,105.63,122.08,127.79
261.86,102.74,121.45,127.83
262.06,101.05,122.29,125.93
261.55,97.517,122.89,123.85
259.85,93.262,123.88,123.41
261,103.23,123.7,123.94
259.69,97.685,125.33,124.4
262.87,107.25,125.17,125.84
265.8,99.765,125.7,126.55
267.65,91.833,127.56,126.33
270.61,99.233,128.48,127.01
274.38,109.65,128.89,127.43
274.03,105.29,130.61,128.41
274.98,117.13,130.09,129.26
274.69,114.12,132.24,129.74
274.18,111.63,134.57,131.01
272.54,108.57,137,132.82
270.48,105.1,139.11,134.31
271.97,100.69,139.62,135.35
272.79,97.123,140.17,135.76
273.7,92.822,140.33,136.16
275.56,104.16,138.24,136.43
277.45,100.07,136.59,137.23
277.22,95.501,136.18,137.17
276.84,89.362,136.58,138.08
277.42,101.22,136.05,138.3
277.04,95.853,137.24,138.44
275.66,90.546,137.7,138.39
278.32,101.61,135.89,139.68
280.57,98.277,134.72,139.68
280.12,96.863,134.36,140.17
278.92,93.583,134.36,140.69
280.11,107.54,133.88,142.68
280.47,104,133.9,142.96
279.88,101.71,135.46,142.28
280.93,114.7,135.27,144.32
277.21,111.44,138.48,144.38
272.83,109.28,141.46,144.11
270.81,107.3,143.65,144.52
270.57,103.81,144.23,145.62
271.11,99.197,145.44,147.78
267.52,96.694,148.2,148.6
264.43,110.03,146.16,151.72
247.13,108.65,144.24,152.83
244.77,120.41,144.16,153.49
241.29,116.65,143.92,152.05
238.47,132.4,143.12,152.23
232.16,131.88,143.55,151.17
216.71,145.35,142.4,149.6
217.77,143.17,143.51,147.92
216.29,158.84,145.07,147.08
213.07,157.68,147.73,145.32
209.83,157.78,150.65,142.71
207.83,155.63,152.69,140.9
207.52,152.35,152.73,140.98
206.81,150.06,153.51,141.03
207.76,148.25,153.05,141.54
208.31,147.21,152.96,141.87
208.13,145.77,153.82,141.38
207.82,145.61,155.39,140.54
206.88,144.27,156.13,140.21
205.11,141.73,155.92,141.8
203.31,136.5,156.55,142.49
201.68,132.7,158.76,142.39
197.1,129.81,160.15,143.03
195.23,126.02,159.52,143.8
195.44,120.46,159.64,144.85
194.29,114.88,159.9,146.61
190.26,109.19,160.3,149.35
187.24,102.05,160.55,152.34
185.13,95.37,162.23,154.83
182.86,90.849,165.46,157.56
180.41,88.157,167.6,159.81
177.48,80.679,169.82,160.65
176.53,72.884,170.28,161.22
175.36,62.95,170.29,162.91
174.75,52.968,170.39,164.64
173.01,42.529,169.99,166.99
171.43,33.522,169.78,168.72
170.58,25.391,169.88,170.38
169.93,21.366,169.51,170.45
170.37,19.266,168.64,170.7
171.47,17.553,168.19,170.03
172.17,16.674,168.52,168.84
173.33,17.086,169.07,168.63
174.69,17.916,168.41,168.38
178.56,32.843,168.92,168.07
180.35,26.784,169.67,168.03
180.32,22.335,171.24,168
178.88,18.726,172.67,168.43
176.96,16.124,174.82,167.76
180.77,31.078,174.78,167.29
182.61,26.317,175.47,167.58
189.23,42.797,174.42,167.38
196.28,41.033,174.36,166.98
201.78,41.216,174.46,165.41
204.54,42.235,174.73,163.87
206.13,42.609,175.95,161.74
206.25,41.986,176.79,159.9
203.97,41.833,177.85,157.29
203.4,42.356,178.22,155.1
206.43,42.516,176.56,154.09
207.95,56.601,174.15,155.02
206.32,55.778,172.16,154.77
207.11,54.942,170.64,153.7
209.42,69.297,167.86,154.58
208.68,66.844,166.57,155.12
208.53,61.33,165.59,155.75
207.05,57.571,166.23,155.93
204.42,53.76,166.72,156.6
199.33,49.934,166.55,158.4
195.18,46.032,166.05,160.46
194.29,43.08,165.9,160.83
192.51,41.27,166.19,161.89
191,37.847,167.31,161.91
192.63,31.564,168.51,161.91
194.66,22.572,169.32,161.85
197.36,14.22,170.33,160.71
199.84,7.7452,170.63,160.36
201.18,1.8218,171.36,160.56
203.8,-1.0276,171.24,158.38
207.78,-1.7814,168.99,157.31
208.51,-2.3702,167.48,155.08
212.22,-2.494,166.98,151.36
230.31,-0.99533,164.25,150.05
248.96,-0.5688,162.17,149.34
252.91,-0.49575,161.34,148.37
273.8,-0.3084,159.58,148.1
276.51,-1.5963,160.54,146.98
278.72,-1.477,163.32,144.1
277.22,-0.8574,175.53,134.3
275.51,5.5765,187.43,126.22
281.3,6.6712,195.94,120.77
286.07,6.1065,199.1,117.5
287.65,7.2622,199.5,115.3
293.2,22.338,198.49,114.47
293.34,23.034,199.14,111.68
293.4,23.095,198.89,108.98
293.43,22.816,198.45,106.86
296.89,39.911,197.06,105.27
298.61,38.274,195.54,103.71
298.73,37.655,194.01,102.37
321.61,51.439,181.79,111.01
325.46,49.904,172.7,117.29
328.4,49.816,166.17,121.21
331.24,50.147,161.61,124.64
331.42,51.97,158.14,127.9
331.71,55.488,155.9,130.49
332.74,58.754,154.2,131.88
333.16,62.377,152.74,133.06
332.26,66.629,151.71,134.27
330.47,71.596,151.62,135.39
327.87,74.711,153.13,134.62
326.73,77.16,154.83,133.54
325.22,81.062,155.72,133.48
321.76,83.419,157.23,133.92
319.62,85.574,159.43,133.48
316.86,87.735,161.33,132.86
312.73,88.992,163.93,132.56
311.7,90.997,166.48,133.05
309.25,91.981,168.62,133.96
306.62,94.993,169.98,134.49
303.63,98.747,170.99,134.93
300.35,101.99,172.67,135.94
295.77,103.59,175.03,137.76
291.45,105.11,176.74,139.66
288.51,105.27,179.09,141.46
285.46,105.24,180.99,143.14
282.2,104.99,181.95,144.18
279.43,102.7,181.8,145.7
276.85,99.674,182.1,146.65
274.59,97.694,182.28,147.49
272.11,96.072,181.82,148.65
270.37,93.905,182.12,148.95
268.67,90.782,182.09,149.71
266.83,88.502,183.22,150.86
264.86,86.093,183.98,152.2
263.48,84.203,184.66,153.24
265.37,81.565,185.69,153.85
267.27,78.017,187.82,154.24
268.84,75.202,190.33,154.39
269.45,71.814,193.05,155.53
271.2,68.4,195.95,156.95
273.64,65.271,196.52,158.67
275.18,63.066,198.08,160.43
276.42,61.262,199.23,161.58
277.95,59.418,199.58,163.01
279.74,57.374,198.59,164.2
280.9,55.627,196.78,165.23
281.87,53.127,195.3,165.77
281.38,55.788,196.15,164.83
280.11,58.717,197,163.7
281.94,60.606,197.06,163.8
282.2,61.409,197.22,164.38
282.41,64.45,196.41,164.99
281.78,68.982,197.12,165.68
281.78,73.171,198,166.39
281.82,77.598,198.12,166.73
281.83,81.308,198.17,167.15
279.96,83.269,198.54,167.32
278.05,85.026,199.27,168.23
276.27,86.265,199.8,168.77
274.94,87.511,200.72,169.49
274.92,88.814,201.33,170.68
274.19,88.175,201.54,172.01
273.62,88.589,202.31,173.59
273.51,87.759,202.78,175.22
273.49,85.627,202.06,177.26
273.73,83.617,200.73,178.98
273.76,82.202,200,180.49
273.4,81.789,200.11,181.84
272.68,81.336,200.39,182.79
270.99,81.159,200.9,183.71
269.89,81.086,201.99,184.32
269.32,80.429,202.58,184.35
269.61,77.587,202.8,184.92
269.5,74.338,203.91,185.85
270.46,70.479,203.88,187.99
271.13,66.399,203.2,190.15
271.23,62.278,203.04,191.77
269.36,58.811,203.3,193.05
267.43,56.923,205.76,192.87
265.45,54.373,208.11,193.18
264.28,52.955,209.93,194.63
262.75,51.439,211.66,195.28
261.22,52.049,211.87,195.1
259.84,51.571,212.24,195.33
259.79,51.296,212.8,196.18
259.34,50.858,212.89,197.72
258.36,51.129,213.15,199.6
257.4,51.803,213.06,202.06
255.87,51.112,213.27,204.51
258.79,72.825,213.21,204.1
260.62,67.483,212.59,204.54
260.58,62.843,210.94,204.44
260.58,60.814,210.67,204.94
260.91,60.006,210.77,205.59
260.91,59.78,210.85,206.68
261.25,59.197,211.15,208.28
260.03,58.369,211.44,209.8
258.21,56.632,211.91,211.24
257.06,54.779,212.55,213.07
256,53.789,213.01,214.22
254.88,53.539,213.21,215.21
254.06,54.136,213.7,216.27
253.45,56.575,213.88,216.81
254.45,57.012,213.83,216.6
255.71,56.721,213.78,216.82
255.21,56.333,212.86,217.17
254.67,55.699,212.79,218.42
253.17,55.272,213.71,220.04
250.27,55.48,214.68,220.47
246.49,53.215,216.51,220.75
245.51,50.938,216.18,222.3
245.56,49.489,216.05,223.87
245.17,47.796,216.35,224.58
245.28,47.067,217.11,225.65
245.73,44.593,216.69,225.89
246.46,40.582,216.08,226.19
246.17,37.76,215.37,226.42
244.5,34.295,214.43,225.89
242.99,32.965,214.54,225.04
239.49,33.028,214.89,223.27
233.66,32.255,215.31,221.4
230.95,32.445,214.23,219.13
231.98,30.876,212.81,216.57
232.7,32.107,211.07,215.05
232.21,32.763,208.71,213.09
231.87,32.874,206.58,210.45
231.32,31.839,204.82,207.82
230.58,30.297,202.57,204.9
232.6,29.01,198.42,202.4
235.21,26.432,194.72,199.97
236.77,25.281,191.85,198.58
238.2,24.202,188.94,197.39
240.11,24.668,185.33,196.43
241.48,24.291,182.68,195.09
243.54,24.039,180.62,193.28
244.71,24.509,178.32,190.88
244.68,25.206,175.67,187.9
245.55,25.083,172.73,185.09
246.96,25.706,170.1,182.52
246.91,25.269,167.36,180.31
247.09,24.111,164.78,178.85
247.16,24.303,163.01,176.92
247.19,24.513,161.45,175.26
247.33,25.534,160.53,173.38
247.37,26.027,159.73,171.43
249.13,26.449,158.91,169.53
249.19,28.073,158.23,167.33
246.75,29.837,157.53,165.31
244.06,31.483,156.83,163.16
242.51,32.828,155.12,160.59
241.09,33.04,154.38,158
240.61,33.947,153.83,155.36
238.88,35.006,153.29,153.2
238.52,36.702,152.99,150.7
237.82,38.762,151.17,148.97
236.38,42.191,148.95,147.05
236.15,43.904,146.43,145.32
238.18,43.555,143.73,143.78
240.75,43.252,141.21,142.7
241.49,42.311,138.9,141.85
242.01,41.193,137.1,141.54
241.73,41.165,136.22,140.78
242.26,42.037,135.98,139.87
241.18,44.039,136.67,138.77
240.31,45.461,137.43,137.31
241.14,46.667,138.5,135.88
241.59,47.924,139.09,134.88
240.49,48.341,139.46,134.26
240.27,47.287,139.27,132.93
239.63,46.456,139.23,131.43
238.81,47.417,139.3,130.64
237.32,49.459,139.4,130.31
235.49,51.248,139.99,130.05
233.51,52.978,140.81,130.31
231.06,54.926,141.32,130.37
228.31,55.898,141.62,130.02
226.25,56.758,141.11,129.58
223.11,58.955,140.86,129.24
220.48,60.997,140.13,129.41
218.99,61.224,137.93,129.56
220.65,61.303,136.05,129.51
222.33,61.843,135.07,129.37
224.43,62.57,133.68,129.44
224.95,64.56,133.12,129.41
224.25,66.276,132.81,130.02
225.84,79.847,132.19,130.14
227.1,80.558,131.56,129.8
228.06,81.314,131.94,129.82
227.77,83.79,132.54,129.03
229.12,98.703,132.06,127.96
227.91,111.32,132.19,126.81
225.67,109.42,131.27,125.46
221.99,119.92,129.88,124.25
218.7,117.83,128.83,123.46
215.52,117.07,126.81,124.4
213.52,116.87,124.99,125.13
211.7,116.75,122.74,126.09
212.86,117.56,120.28,126.3
214.78,118.26,118.41,125.85
216.54,119.44,116.62,125.05
216.37,121.86,115.64,124.11
217.45,123.88,114.45,123.46
218.04,125.33,113.35,123.59
217.92,127.17,112.01,123.71
217.21,128.67,111.06,123.39
216.88,128.96,109.97,123.01
216.78,129.01,109.3,122.19
216.14,130.51,108.58,121.51
214.76,132.56,108.76,120.79
213.33,133.82,108.71,120.14
211.5,135.01,108.74,119.82
209.52,135.72,108.81,119.88
207.94,136.27,108.43,119.81
206.95,136.06,107.91,120.19
205.89,136.13,107.46,120.42
204.81,138.05,107.04,119.84
204.98,138.79,106.49,119.66
205.86,139.64,106,119.3
206.67,140.77,105.41,118.77
206.22,143.88,105.28,118.21
205.82,146.86,104.95,117.97
205.9,149.77,104.4,117.91
206.38,152.55,103.96,117.61
206.37,156.21,103.36,117.5
203.13,161.08,102.82,118.38
199.25,165.68,101.95,119.39
195.2,170.38,101.16,119.79
191.99,185.71,98.586,120.06
190.52,188.5,96.679,118.8
189.97,191.96,95.381,117.53
188.83,195.72,94.144,116.42
188.59,200.13,92.975,114.67
189.93,202.38,91.298,113.22
193.41,204.82,89.66,111.85
197.15,206.47,88.212,110.79
200.97,208.45,86.83,109.54
206.25,217.72,81.71,111.13
209.72,218.37,78.149,111.88
213.23,219.38,75.16,112.2
216.1,219.91,72.828,112.04
217.42,221.58,71.14,111.45
218.87,222.83,69.744,110.97
219.67,223.15,68.847,110.67
220.82,222.45,67.859,110.53
222.37,222.48,66.759,111.14
223.39,222.55,66.257,111.7
223.57,223.17,65.874,112.45
223.71,223.92,65.558,113.38
224.3,224.3,65.458,113.68
