1
281.720992536448,135.44195310765423,89.18621597840414,55.58144405888102
281.48229684288526,138.4849425497363,92.5218587496397,55.40456927059137
281.52907336988574,141.60827523322112,94.51560340441137,56.00365524960675
282.7077117861812,142.8503695371537,95.6430546257463,56.41672179687717
278.7778751737985,142.7615802862508,99.28223214479775,56.85024225533846
282.25488158077405,144.9241262890329,102.22431378886311,57.15886472370448
283.2165021397759,146.83638933006,102.82487669345332,57.35792943442642
286.5081252205315,147.32253877344291,101.51240870397399,57.87462179732262
289.1422653370948,149.26827065777556,99.93057100737364,57.81509850238227
289.2943614030695,148.3634646787371,101.2206396148095,57.99745470155951
292.8090110293505,149.00548049219296,100.30311617703511,59.014072638268026
295.7166617720113,148.16008310245937,99.56443264126457,59.14390825453087
299.23644936590597,149.04810914510523,98.97977189150185,59.04458360470554
302.1705247562242,147.87992327569532,98.60336844499469,59.04564198374618
306.96792850867627,148.42731331368282,97.4507311272588,59.46457219854652
316.82491365294413,146.95378247677243,92.8250479062475,62.89802206255867
322.42741535081694,154.24873527498067,94.43731433675883,59.251025791630326
328.25821459325016,156.32145917449736,92.0976180364653,57.99927713331135
331.0035994651655,154.29667882884632,91.28935717944566,58.929769934433345
331.07690308113,153.42427678541745,93.73916435829125,59.873844279562626
334.28050817218525,155.79898159476653,95.45438586164433,58.91937622651308
340.78796675425076,153.868323633954,93.09026356225644,59.24423868875383
345.6993349460704,152.8812676724951,91.37154979027285,60.88289282401832
342.2867668743683,145.4564240178378,96.40211770966735,60.866093137134435
342.3566148286592,140.33161838634751,101.46800552497666,58.08381077617018
353.60729300464544,141.3699242983651,98.88140359247897,58.83672724392843
348.05200573655867,143.4024068369891,99.53570418511242,55.83464681369944
346.4547622706016,142.27416274149869,100.86374540892608,54.22980129964556
355.0913040683568,143.68575140863496,97.8944683292734,53.737485376104345
353.7160159134409,148.45399897101152,97.69885968217545,51.65694719348353
352.61424229857926,150.805230455208,95.39476698621573,52.741894123479014
362.45641748388203,156.54565370401545,89.42584748816223,54.58105991824397
363.85704353170956,160.38808428767493,88.6442344027334,53.224770389506205
363.5403559245942,160.90853019683,87.44503175292434,53.19563540689351
365.41781813702187,158.75085742196035,84.50364367524503,54.2815301779323
365.184437411212,155.96517903878834,83.7543182816576,54.972028175220174
368.03336710395166,155.26978647197603,82.71385988949986,57.3355112023054
370.7453930998874,154.72609564013084,81.06637229233525,60.59097604428014
373.72132159880607,152.89040199483193,80.1604670370088,64.19896046539924
374.86740453463295,151.495880819899,79.39830425358865,68.26121514434155
376.58079345095996,153.27338516481944,80.28561391560963,69.63410101045082
378.35723688129445,153.77784963520764,79.3231683706491,70.85312594257903
379.95719983592215,157.35196771379128,80.25525407797568,70.6574605384186
379.402827283455,160.01050154937386,81.36625545693514,69.97137265063127
383.42614176185606,164.19751249776695,79.7518300044402,69.04907607490446
385.6511072503958,163.87685635968836,78.02926706581037,68.05556256495336
387.079569663969,166.48570094168343,76.78164903444124,68.39277753291498
391.1274290080151,167.77654207855977,74.51275644579212,68.26596336981255
392.3491544657335,170.04047721470477,73.93105921686876,67.98527919046579
394.166104046494,170.8514389752997,73.0634712756025,68.4768757600726
396.2322590096477,171.34382626179544,72.9954645411826,68.95876786045989
397.9656136306031,174.04851293158495,72.83487246456735,68.94900026214367
397.6155969322853,174.96851773657943,73.59592816519232,67.8102276280674
398.6275492642604,176.46864941470272,73.18737221473543,68.06106413232743
398.46131181042654,175.92590325334106,73.15305170344007,66.4022273885895
396.829414662797,175.45531490698068,74.06567149131843,64.15574097272331
395.8432000415634,174.16453713214028,73.87476306608978,62.56285323239928
394.9361560586602,171.76788024723672,72.33791272645041,61.428492859160414
391.3825897011497,171.04176018775075,72.68205010411577,58.317060732806546
388.54773243536215,171.4066627677055,73.07711073556564,55.76480009642752
385.39600630960945,169.47942055007704,73.2208156423858,52.8930895301007
381.62259182704884,170.31921141156985,72.96186982814955,50.2185404417749
378.2823750892141,168.21776432924494,73.92844217578114,47.622600693301585
376.4919868837691,168.3119157857937,73.42711082473171,46.2338294389298
371.09396866532273,165.44266027225248,74.45053217733542,44.856269074097234
373.46672531798674,160.97222513157655,69.16923713616646,45.49510406786751
369.62206268225054,157.04063423295744,66.2306814422896,47.395130283270205
364.8947890561361,154.98531620314714,64.9245182127251,48.07568012326388
360.19817002993096,154.36719363496303,65.4468001257127,47.70335984116112
360.4398672212248,150.7193028471545,63.940788065953384,48.7198439953016
361.9912271211902,152.45560182416165,62.414989132032474,47.219953577801974
362.1650880069146,155.2657494326159,59.92743150477428,46.35809017066805
357.933540461595,156.59988412197114,57.37122162585904,46.47223448439398
357.4892551398105,155.310659136511,54.35146503944058,47.71110264689102
354.88260226565916,153.5403996729841,51.01170430143725,48.57184444034491
352.1372735757649,151.86645983318607,49.219720235472266,48.48836766149261
348.0498613760621,149.46203233000202,48.56289542783226,48.81956840800201
343.24776353541415,149.16031286275498,48.34379146846516,49.63872564057395
346.6020788605364,146.81999254411062,46.09110898835854,51.87933693660444
351.2397865809998,142.90223220571283,40.12519401589257,54.99404962295616
350.1205376698232,141.36815091597398,35.949378013186305,56.92992261294595
351.09461923035195,138.85188729436396,33.161985115715794,57.24364598912908
349.9631122699553,136.40725296042714,30.57660740558417,57.92281534041024
345.8607307406813,130.34233923006678,28.849971888639324,56.93761965278438
344.7051757176098,129.64981191737178,27.97409567816232,56.51636044616486
343.93682107633464,128.92473288383852,27.683919868365074,55.51901365085486
342.98146674063,128.3661142021906,27.11615079244416,55.319925492548336
341.81013307723595,127.94462622777749,26.290828196754525,54.35931026149978
342.20883187167374,125.90069167979931,25.631891407738507,52.94373589812618
341.93233804956805,125.41140924221118,25.537786964752673,51.38536825929426
342.126321820271,124.29463142505097,24.95601820315924,51.190197932438764
340.11395224289384,124.02176770765635,24.794063085639387,50.119064900124734
340.3814934334904,123.13617978395055,24.81829552438461,49.31989645746643
339.40232143689013,121.74765862475172,24.86833050899974,49.20533893429666
339.5951259718783,122.41563297386774,24.331263628264175,49.43382805304398
339.16081608683317,122.4374371346926,25.227274886612946,46.56611155031055
337.4219162803161,123.79780289339008,25.1753100646545,46.006355283975516
337.2626509667156,123.84149964251282,25.162522346598045,45.246009897813465
336.9840875663524,122.97601027747531,24.3659221531453,45.30737173218708
334.88383207378376,125.40798656165593,25.039063983729875,43.96751721656771
335.579042810031,127.53402116178239,24.87225988210277,43.277102656792295
334.0042074623373,127.52559639015794,24.183279945735862,43.82835634233123
334.0844710699184,128.05532221862205,23.57552378151106,45.15961734440888
334.78401717051526,127.21863817135204,22.98934513240693,46.668522576214116
332.78881585332596,127.09300625924848,23.25826377920699,46.546194384430756
333.1504399673745,127.70599838201012,22.3215079953226,47.14802740976595
333.1053572369402,128.36567543880219,21.77149551779644,46.797097576165946
333.13073233463325,129.84687650162408,22.987894420494317,45.45985520817703
332.1235695107896,134.04823590648567,25.46254325943385,42.574334216547676
331.62539313592475,134.00260078619868,27.169438684846448,41.42373310512716
331.0412986036048,133.9043203052206,26.716344090314085,42.537279636679585
328.8343226548791,133.15745257849701,25.98264510835191,43.1774678068103
329.98827347024377,132.78999603938283,23.228609081309866,44.39764600815933
331.38381248597443,134.2793593182764,21.203585212766612,45.070202272450686
330.84410168177357,133.15094915507382,20.3932494038687,44.90834630573332
330.94442345736263,131.68201470184016,20.744296928045387,43.865493079290076
331.4335883601424,133.12603544309346,20.584180378851777,42.61527576427809
331.6127997092684,133.07685745603277,20.82194243705175,41.576781219451476
331.8605737521963,134.05430924030816,20.768710901612852,41.21350531801109
332.13895783072235,133.89240778964265,21.01853104624594,41.083591167291445
331.37760089654387,137.14226959497378,22.13101787303657,39.55637623375494
331.9787331291116,137.71943879362243,22.583439211564198,38.030393613916104
330.543499172116,137.74384086711086,22.403274131054626,38.74111394730744
328.2928081286326,139.95264147966603,22.5401698680088,38.93965733181119
329.43238933589544,139.33224237943136,22.213122161853533,40.70647763285493
329.9702249071709,139.05999062777516,24.05326826259986,41.42694170052155
328.9147620080865,142.1187653912812,26.889581061652784,40.99439088533198
329.20610560014654,138.40452724904816,31.35719535228808,39.75950738000651
326.7227303334236,138.95502405909247,35.11306843853883,40.461855337505995
326.5498381096866,137.2805325509363,37.59083726590719,41.18963262577503
322.78718689783267,138.65373467778247,42.32077823309082,39.21056788566136
324.13139863819197,136.8083868665869,43.676260689068926,38.689878234610546
322.46009520574364,138.21944636265295,45.96598470710943,37.45087693663126
321.1251293531086,139.85997598470638,48.31420744494237,36.05808122515781
319.51603110577605,141.13356824018197,51.33187964798924,34.105703214887974
322.38018191708716,140.25496459592298,50.73960223628475,34.0368839953736
324.5184001757979,139.85772686838396,50.77366899707161,33.53312035924528
322.03009370635993,139.03473841754314,54.59350916948966,32.681085504434584
319.49591630250626,138.8430954414345,57.89655800613651,32.44846465207103
317.34370213390525,138.37204815413412,60.06496753680553,32.023503536655184
317.4785837971617,139.07865573238365,60.07384528956796,32.14694100575493
312.6884902335855,138.11377359348114,61.68449842602548,31.631322719703338
310.77922236091894,137.3307320587641,62.958664588974216,31.293381860524526
311.02998236160204,137.0166093969452,63.90740456138576,30.802472702787142
309.74936381813313,136.77566768344607,63.08192517577972,31.621038215595966
309.0672521192814,135.85767830570376,62.772289759779504,31.469014921538815
308.0771202623384,134.22496823574986,63.644348847261234,30.16364681749615
308.15752177653144,136.02155084994916,62.49878286649046,29.44222122068946
309.4889603367153,137.40932963436848,60.558176050861405,29.386911141040414
308.7742356322195,134.94274112766712,60.97345231063228,29.012448877648026
310.0092444923568,134.93642536076345,60.12855803660236,28.913107495638798
311.893493974684,135.6876470954827,57.92548152574699,30.326929496640822
315.20142510660565,135.4579133642938,56.74981872441779,30.58879645385559
315.61027974035915,136.63688276680017,56.93829899015146,30.62599990714954
313.96471651484893,138.88259692819977,57.854069175781426,31.49757044377283
312.1649862021454,138.95250489402594,59.736475063656826,30.877250953643053
312.6896645828876,140.11164775340382,60.26720323644695,29.96772904481503
312.3077533423352,140.36106033626305,59.702588226044085,30.218766772380743
312.2851670792053,139.85761720076152,59.351534517943094,29.949013768214602
313.07792508389326,140.202879700378,57.47847619290572,30.888701728532446
313.7310782720934,138.74625443693205,56.528985803042346,30.730694430522306
313.50890916224074,139.8709298013585,54.62668897825287,31.8092126053787
315.8765238841055,139.86201872395546,54.05864100486072,32.18793524202599
319.4033031754087,140.6121871611901,54.294834133622956,32.79593177412099
316.0555234615031,140.189811205925,57.51754580209774,31.351369723660675
312.50950714944094,140.10561923544248,64.65639304248509,28.764410790664872
309.5895256446316,139.95723349911532,70.16054721957588,26.20806843549088
310.2109016655246,135.60369673578242,71.81180603778643,28.139059511178303
359.0077917501337,117.27558607129521,69.04826477557589,33.8030870068165
359.4935081891528,115.56864192108901,72.79626577190712,36.566755371311146
356.13570990772473,117.20618853428604,76.41253403356524,38.526274553796334
354.00446416276174,118.14403908661583,77.85062294324682,40.93320376572642
353.7361754254134,118.87172984167739,78.44885211435468,43.11488287940186
354.5935923936274,118.20778464127382,79.27425069937854,45.66585836686201
354.1241511997368,116.88095955451666,81.26362102840497,47.478169168587684
347.09635791985244,119.65351968130199,78.35769520482013,50.689246016036684
345.87947127346206,120.60115070369747,74.26535859826193,54.173615937748096
345.85024785007914,120.14974708346557,72.49911128460182,56.4022991921383
341.49739234796726,121.75625665120623,71.11532514510877,59.68930910319995
340.8903020761121,122.8058892988699,68.55562878572357,62.46940420480704
341.47698849891776,115.56204224333379,66.55136269782082,61.6302726078136
347.21484414827586,109.41338710934653,68.18063456162437,53.45739808676428
355.6924033758704,108.12034383120661,73.97984127111357,46.52257572478403
363.6973423871871,109.98847564542721,78.49258217291337,38.76712086389565
366.89882466813157,110.17870099570844,79.63651510300792,32.39536950928083
368.10230719851177,110.5746061561588,79.0034978466462,28.945138290853286
372.35950467737723,110.41788791817488,79.00048288027827,26.7548583572401
375.34635744098057,110.51223277046273,78.65974466805143,25.688980986742713
380.14986979401357,108.80229023251367,77.44621124519551,24.655804754796005
382.1777345031178,106.91969724993433,77.5039588948879,23.4929903788766
381.228316193612,105.73665615176715,78.93404820268788,23.08247153312294
382.1414895433244,105.2346994972724,80.16908933553214,22.751820777596464
384.446180185078,103.88547170624526,79.97690443773959,22.07653491819315
385.1137780998455,102.38056679949364,83.7743533017893,20.608688567542927
385.8757550613059,101.73907058785485,85.17833366704673,20.689487313597574
390.80459955259107,100.02251476142736,86.35988188590919,20.736783942404685
392.6911042531423,98.90928721509664,87.25122035845651,21.805984887327746
398.2755683385844,96.54479946223435,84.71894535612464,23.510881233260555
403.48258965497047,95.1631975928101,80.75437195168149,25.06102552894614
402.98013351860254,95.65068329676679,79.14317278601797,25.930463739707076
405.8438457524933,98.07384867780524,75.89950799113862,27.000715255397868
406.38059280866116,99.2037165576693,74.46396663883924,27.45539257465174
402.146229289562,100.25902221986382,74.35082798974246,27.647560473453964
407.2345676622273,102.50893136107698,70.13760357785209,28.837317642117362
410.7443354313969,103.62326711435506,65.00705910048427,30.36975904689026
409.63120991140573,105.47662910371213,63.879997086018676,29.54529138981276
412.95229079672504,105.47899904078807,62.77340057481915,28.691549464319053
413.2431899093172,106.58115450160139,61.70079363591188,28.49228443834966
412.04716368290707,107.24423404772757,61.41655069377507,28.63944066114194
412.8082368426826,107.96503146044061,62.18344313992739,28.99181086564016
413.9192863838789,108.35183052835153,62.590270891138964,28.815256549627016
413.0585961790014,109.14592868435396,63.57387635042086,28.4780658888279
413.23999693053327,110.20431425121308,64.70549410377981,28.353314983325998
413.7642834084086,112.18542919883953,65.86377627305922,28.495472827691998
414.67993019124384,111.84263292326747,66.41329208680126,28.69403094092773
417.03844617780965,113.84317251806038,65.76421726589192,29.65990587974847
418.01549660137636,114.70661705415873,65.67289940204185,30.582537417934653
417.27256133943547,116.55057061601619,66.27826212059773,30.674955725839354
418.634201887161,117.3078852684881,67.77139711337497,30.932934773740982
420.924083071013,119.17672664902472,67.6806611059962,31.188227838457024
421.8194582758908,120.4687120176634,67.21527788833929,31.713827779778818
423.0849342213607,121.09624863362211,66.9815864330081,32.70197765139198
424.0561587501703,121.64022918482623,66.45938523576194,33.241406072455696
425.3621448431472,121.72021699506058,67.10866619957497,33.58296420457031
425.1733813757205,121.84929041623641,68.37174468558175,33.46353455615531
425.21366133000254,122.14094485235826,70.09244464228792,33.635636615249126
428.03727981132505,123.77872165636416,70.49737980532237,33.30964108166545
429.479495993115,123.33763201463557,70.39999933903768,33.0433391945777
430.69134882296436,123.88335225120625,69.69156511927851,32.94411389229543
432.0493719444508,124.22470720529493,69.44479754429297,32.429544961171274
434.40796613580414,123.89864822222097,68.54155817893852,32.27321397818941
434.06930140646693,122.55254130018596,68.48789794774923,32.03327145960923
434.55879531900314,122.11113398430861,67.70787104758823,32.472769581062344
434.54148795112206,121.44694168030853,67.93439083039952,32.00319964230857
434.03647410728996,120.956047448883,66.87326015402857,32.69401018830892
437.1806739039544,120.70787589431059,65.64159457329069,33.40946363765952
436.6338325538064,120.95398748527073,64.55616839928207,34.65145347572443
438.3763206252074,125.03663532794285,62.82590440679698,34.34785910401408
437.2426622574067,127.16964431364319,61.34777912599283,34.87616034480871
436.8779687198584,127.65099625920368,59.59721955134468,36.47157482134547
436.0657722209264,129.0514163814793,57.265808821487056,38.53954907322026
436.59155061653047,130.6632830196121,55.09514911812957,40.465933653485905
441.98460141252707,132.16083293621188,51.199966487441095,41.88180080548239
442.3596931321491,133.91381942816852,48.65951123889313,43.20593299432259
446.3519097313723,130.87526623318064,44.282955454910706,47.42208016096081
447.03418074454396,132.30051104183653,41.05753781579062,50.20208707927863
446.0229835789239,131.8415428916737,38.47761557675272,52.529051988883346
446.9111951005679,132.19434786676854,35.734337678312386,54.27975964257831
446.9853748060626,142.57329687151145,35.851162054321776,50.38596725527475
444.19307214590987,146.3990955387453,36.70822771423776,48.01594294788438
443.87958283238123,144.51458247103113,34.328901510840794,49.94854850368429
446.1771786240098,150.76754577094667,32.71547786411546,52.19657265260954
442.2088438845222,152.03453047426672,33.11559648698892,52.90050588336621
442.4883740339762,152.5148180910126,32.183348628002754,54.83162991909405
440.45793349360457,154.73868554767512,32.84747760309255,59.11939849494098
441.0027247432666,185.2025195817883,36.765041949363216,64.4317592417598
434.84560037002694,192.46681793255473,41.40617019766037,58.525798453605105
427.1978324888805,191.4009209957591,44.93929293106214,55.39044675688096
422.44188665832377,186.48685432996788,46.52186956613268,51.26200267559767
418.46206749158705,185.21035659714312,48.92635085288787,46.85535710283763
415.3758454275344,180.98398782915444,52.45061073837479,38.31206360098279
412.1877871280227,181.4953392856743,54.50062306654913,32.7691101497815
409.32298072029965,181.86402915550244,57.659281363461005,28.854010618922317
407.05325944631073,181.09144477798094,61.76601468206851,26.3974735410735
403.6669203418352,179.90369385376093,63.98640091839803,25.02280105643791
400.8109235513991,178.32055974526585,66.86940627582852,24.519555947170865
398.0364093810547,176.50692757253836,68.97210211407673,24.332983809987077
394.2850374986129,175.84859643725795,70.80373767194405,24.332873205974522
392.31658716058485,174.43733252767805,72.00251008081395,23.912796409584445
388.67182071576883,173.08045603084597,72.85561603013586,24.017405502090437
384.60030686656734,171.4652302109267,72.27318974140317,24.96824364252054
381.3416566557311,170.19111488822364,71.47719159343296,25.90313454573154
380.0174271533171,169.29328383251357,70.75022419917875,27.473396829871906
376.05106402100523,167.39221334029267,68.71566162235462,28.870005350908922
373.566921910528,166.95702341164096,68.31879883415291,29.194469350808482
372.3387463490826,165.32696867504205,68.26999256498307,29.33321895788327
370.1272700194752,163.54813342153366,68.61683005718936,29.469119155859257
368.2014441770081,162.65850253665516,71.06555577680341,28.94095882170815
364.9365744514438,161.76548071797762,74.14274299491272,28.80859291051193
361.28686725307097,161.2262673656345,75.27226893861403,28.603618059506115
358.97785551064425,160.54926186282773,77.07660334371408,29.106778178014384
355.7143067443801,158.77618376252025,78.14338364227086,29.7129571501474
351.6381443709914,156.55488408245222,76.14779061021572,31.6060857105603
350.3090636923758,158.1114766667803,75.55966155261855,31.55035011314285
347.23499098441334,158.14450408999443,74.56709184659017,32.15772889555147
344.6248955155878,157.68207207306517,73.87450117185261,32.316917331317114
2
0
0
0
0
1
391.247663758222,192.74604024509614,40.557366447408384,61.453907509837876
391.42908746809167,189.81689005419472,39.15505604630058,65.50515411534151
387.9982660266503,191.62081357482953,40.580127119690275,66.74207864965763
387.41924762332576,191.95784725337978,42.244649551516545,67.00201319289442
383.4626025390556,194.02293330149092,44.67433449613023,68.04289371082942
379.3875616877347,198.0215121150423,46.946703493248194,68.87189394566755
377.4439646572826,200.21818185101873,48.89734826061853,70.40138566749205
376.41135569144313,199.99371267695903,50.16371727196987,72.01802891539499
373.0452431414453,198.8147185519422,51.07017906484166,74.2202480441785
371.41281077025684,198.49526152267137,53.24736452338497,75.58573555911174
368.21660354285973,192.4506608245212,55.90507327107578,77.44731968966883
365.87559547842227,189.85490099721744,56.8931459775108,81.12990154386281
387.6636583252595,248.58481856741824,70.7826449982317,64.1751759133222
382.77251753461877,252.45596252972751,79.18241635877811,52.26963560841841
378.7121530496098,253.0004445763168,83.25642405048887,45.745646538699944
377.9576664081023,252.75297657126563,85.30568299646647,42.42935506843692
376.15294985274716,249.97730828713574,86.3086969461796,40.1649082445476
