73.00,126.00,29.00,23.00
73.51,125.44,28.94,23.16
74.32,124.80,28.67,23.24
75.31,124.96,28.41,23.18
75.20,125.00,28.42,23.32
76.33,125.25,28.31,23.28
77.75,125.09,28.26,23.16
77.56,124.65,28.26,23.02
78.96,124.76,28.27,22.93
79.66,124.14,28.21,22.90
79.54,124.13,28.12,22.79
79.88,124.45,27.95,22.66
80.78,123.73,27.90,22.50
80.80,123.77,27.93,22.58
82.19,122.88,28.00,22.48
83.09,122.33,28.03,22.59
83.39,121.96,27.86,22.57
84.44,121.85,27.89,22.55
84.93,121.86,27.80,22.44
85.06,121.65,27.84,22.52
85.36,121.51,27.87,22.65
85.72,121.13,27.94,22.51
86.31,121.25,27.86,22.49
87.14,122.00,27.84,22.53
87.12,121.87,27.75,22.62
88.01,121.76,27.67,22.64
88.58,121.72,27.80,22.66
90.00,121.91,27.72,22.62
90.46,122.12,27.61,22.67
91.16,122.13,27.65,22.68
91.30,122.11,27.71,22.69
91.31,121.74,27.83,22.69
91.49,121.46,27.68,22.86
91.50,121.42,27.67,22.97
91.40,121.87,27.68,23.08
91.67,122.31,27.58,23.17
92.04,122.30,27.58,23.11
92.96,122.21,27.58,22.99
92.48,121.74,27.62,22.88
93.10,123.08,27.68,23.05
93.64,123.09,27.70,23.01
92.62,123.60,27.75,23.04
93.33,123.48,27.72,23.02
93.64,124.52,27.74,23.07
94.22,125.07,27.87,23.01
93.69,125.63,27.97,23.10
94.05,125.47,28.07,22.96
93.56,126.50,28.25,23.07
94.19,126.79,28.36,23.08
94.42,126.93,28.50,23.13
94.62,126.87,28.64,23.09
95.26,126.81,28.84,23.06
95.44,127.05,29.00,23.03
96.05,127.39,29.08,23.04
96.19,127.00,29.27,23.05
95.95,126.72,29.44,23.13
95.52,126.78,29.44,23.30
96.62,126.40,29.54,23.29
96.96,125.97,29.62,23.26
98.15,126.06,29.56,23.28
98.49,126.32,29.49,23.34
98.44,125.81,29.28,23.40
98.23,126.13,29.28,23.46
99.16,125.50,29.36,23.44
99.36,125.06,29.42,23.47
98.94,125.49,29.41,23.40
99.53,124.94,29.45,23.37
99.35,124.91,29.45,23.40
98.96,124.37,29.43,23.49
99.70,123.94,29.42,23.42
99.90,124.61,29.45,23.46
100.01,124.67,29.45,23.31
100.52,124.53,29.38,23.28
99.99,124.19,29.27,23.30
100.61,124.38,29.19,23.35
100.98,124.68,29.17,23.45
101.17,124.14,29.16,23.51
101.68,124.69,29.15,23.59
101.49,124.67,29.10,23.68
101.58,124.50,29.15,23.74
101.54,123.93,29.25,23.72
101.95,124.04,29.27,23.75
102.06,124.80,29.20,23.80
102.19,124.62,29.11,23.74
102.32,124.64,28.98,23.77
102.83,124.59,29.00,23.78
102.81,124.46,29.03,23.77
102.57,124.50,29.03,23.76
102.27,124.62,29.17,23.76
102.90,124.27,29.21,23.73
103.01,123.59,29.11,23.81
102.80,124.53,29.07,23.96
103.19,124.02,29.13,23.92
103.78,124.91,29.09,23.90
102.94,124.57,29.28,23.88
102.87,124.03,29.36,23.83
103.06,123.87,29.39,23.86
103.20,123.77,29.57,23.78
102.81,123.73,29.75,23.69
102.95,123.78,29.88,23.63
103.04,123.95,30.00,23.59
103.45,124.13,30.04,23.68
103.77,124.87,29.89,23.73
103.05,124.18,30.12,23.74
103.42,123.96,30.21,23.83
103.78,124.36,30.18,23.86
104.11,124.31,30.14,23.90
104.10,124.07,30.21,23.98
104.38,124.41,30.31,24.15
104.10,124.85,30.40,24.26
104.02,124.53,30.50,24.34
104.38,123.62,30.54,24.44
104.21,124.04,30.69,24.52
104.56,123.79,30.73,24.53
105.01,123.19,30.89,24.56
105.06,123.50,30.91,24.72
104.59,123.45,31.05,24.72
104.46,123.13,31.11,24.69
103.41,122.90,31.07,24.75
104.22,122.40,31.05,24.63
104.41,122.56,31.00,24.63
104.79,122.60,30.95,24.65
104.89,122.11,30.92,24.78
104.85,121.75,30.79,24.69
105.05,121.61,30.74,24.76
105.01,121.77,30.72,24.83
105.26,121.59,30.64,24.94
104.58,121.89,30.55,25.01
104.91,121.87,30.58,25.04
104.51,122.00,30.64,25.06
105.26,121.81,30.72,24.97
104.46,121.99,30.86,24.95
104.89,122.35,30.97,24.84
104.60,123.23,31.01,24.75
104.56,122.90,30.94,24.83
104.23,122.93,30.99,24.86
105.13,122.32,30.94,24.95
105.37,122.62,30.90,24.84
105.62,121.70,30.84,24.75
105.43,122.19,30.70,24.78
105.58,122.19,30.63,24.67
105.23,121.90,30.38,24.68
105.38,121.89,30.36,24.69
105.33,121.73,30.29,24.61
105.09,121.58,30.16,24.60
105.19,122.31,30.04,24.62
104.78,121.92,29.97,24.57
104.75,122.02,30.00,24.51
104.75,121.84,29.97,24.39
104.69,122.02,29.98,24.35
104.53,122.06,29.97,24.27
104.61,122.00,29.97,24.26
104.53,121.76,29.86,24.26
104.83,121.56,29.67,24.20
104.87,121.74,29.64,24.16
104.74,122.00,29.65,24.20
104.56,121.71,29.65,24.20
104.85,121.76,29.56,24.20
105.36,122.06,29.56,24.23
104.99,122.07,29.49,24.19
105.45,121.59,29.45,24.12
106.10,122.18,29.28,24.05
105.56,122.73,29.24,23.98
105.71,122.61,29.29,23.79
105.20,122.70,29.27,23.79
105.37,122.87,29.30,23.85
105.80,122.74,29.33,23.84
106.06,122.77,29.42,23.95
105.53,122.64,29.51,24.00
105.65,122.92,29.51,24.05
105.65,122.73,29.57,24.02
105.89,122.48,29.60,24.04
105.55,122.34,29.61,24.08
105.16,122.47,29.54,23.98
105.11,122.84,29.59,24.03
105.20,122.72,29.59,24.05
105.63,121.73,29.66,23.99
105.50,122.54,29.61,24.06
105.07,122.23,29.67,24.04
105.65,121.88,29.61,24.04
105.60,122.68,29.60,24.22
105.24,122.38,29.76,24.18
105.09,121.90,29.83,24.28
105.52,121.78,30.09,24.31
104.94,121.69,30.01,24.41
105.77,122.48,30.04,24.56
105.62,122.37,30.13,24.61
105.78,122.76,30.32,24.70
106.63,122.21,30.46,24.69
106.33,121.99,30.59,24.76
106.52,123.18,30.60,25.06
106.27,122.50,30.61,25.10
106.29,122.13,30.73,25.11
106.07,122.36,30.86,25.20
106.74,122.64,30.97,25.28
106.37,122.02,31.07,25.36
106.35,121.54,31.17,25.32
106.51,121.50,31.23,25.37
106.43,120.77,31.27,25.48
106.77,120.85,31.20,25.51
107.34,120.82,31.19,25.52
108.00,120.64,31.19,25.61
108.33,120.56,31.37,25.66
108.16,121.15,31.44,25.64
108.75,121.02,31.51,25.70
108.32,121.12,31.54,25.69
108.81,120.68,31.54,25.65
108.81,120.89,31.62,25.55
108.48,121.04,31.61,25.48
108.52,121.12,31.50,25.43
109.13,121.45,31.36,25.28
109.70,121.22,31.17,25.32
110.27,121.42,31.13,25.42
110.27,122.01,31.02,25.41
110.59,121.95,31.09,25.35
110.84,122.12,31.08,25.40
111.16,122.85,31.17,25.39
111.11,122.64,31.03,25.34
111.19,122.83,30.95,25.40
111.12,122.16,30.87,25.50
111.40,122.81,31.02,25.50
111.83,122.58,31.07,25.58
112.22,122.49,31.11,25.60
112.95,122.42,31.26,25.66
112.84,121.82,31.24,25.61
112.55,122.30,31.19,25.57
112.74,121.58,31.20,25.58
113.16,120.84,31.20,25.60
113.54,120.72,31.15,25.72
113.30,120.41,31.08,25.78
114.12,120.77,31.00,25.78
114.72,121.23,30.94,25.76
115.58,120.37,30.90,25.71
115.55,120.62,30.82,25.59
116.09,120.92,30.62,25.49
116.24,121.27,30.72,25.38
116.16,121.79,30.81,25.21
116.81,121.86,30.77,25.06
116.72,121.99,30.69,24.88
116.87,122.02,30.66,24.76
117.20,122.45,30.62,24.75
117.33,122.92,30.54,24.69
117.52,123.42,30.70,24.69
117.13,123.24,30.80,24.64
116.81,123.66,30.92,24.50
117.76,123.60,31.13,24.42
118.25,123.35,31.17,24.35
118.63,123.20,31.34,24.24
119.16,123.54,31.42,24.13
118.95,122.73,31.50,24.07
118.68,122.76,31.49,24.21
118.47,123.25,31.57,24.21
118.90,122.98,31.59,24.23
119.43,121.96,31.68,24.15
119.99,121.52,31.73,24.33
120.47,121.63,31.72,24.49
123.75,121.55,31.72,24.53
123.63,121.68,31.72,24.68
123.88,121.74,31.62,24.63
126.48,121.96,31.60,24.65
126.01,121.86,31.63,24.56
125.63,121.96,31.68,24.55
126.55,121.32,31.62,24.37
126.61,121.39,31.55,24.38
126.93,121.40,31.37,24.37
127.18,121.48,31.29,24.31
127.53,120.79,31.39,24.23
128.32,121.17,31.35,24.21
128.35,121.78,31.44,24.25
130.40,122.12,31.44,24.31
130.17,121.80,31.43,24.26
128.11,122.15,32.44,23.55
126.60,122.01,33.29,22.90
125.79,121.66,34.07,22.25
128.92,121.50,34.72,21.67
131.70,120.93,35.35,21.11
134.66,120.17,35.81,20.70
134.58,119.65,36.25,20.40
134.60,119.32,36.56,20.06
135.12,119.18,36.80,19.72
136.62,118.67,36.77,19.47
138.75,118.35,36.71,19.37
140.40,118.50,36.68,19.29
140.47,118.19,36.78,19.20
140.61,118.36,36.93,19.14
140.98,118.95,37.16,19.07
140.34,119.61,37.21,19.05
140.40,119.99,37.50,18.96
140.95,120.57,37.52,18.93
140.81,120.99,37.25,18.85
140.29,120.92,37.39,18.85
140.96,121.26,37.30,18.81
140.08,120.95,37.46,18.80
139.25,121.17,37.70,18.75
138.11,120.71,37.89,18.56
138.40,120.97,38.08,18.50
137.79,120.52,38.32,18.49
138.76,120.84,38.50,18.39
138.49,120.17,38.69,18.37
139.38,120.98,38.73,18.38
140.46,121.02,38.61,18.35
140.59,121.20,38.31,18.41
140.54,121.17,38.16,18.51
141.26,120.84,38.03,18.62
141.58,120.65,37.90,18.71
141.79,120.44,37.90,18.82
142.62,120.87,37.82,18.88
143.32,121.48,37.62,18.94
144.08,122.04,37.44,18.95
144.62,122.71,37.29,18.97
144.86,123.34,37.36,18.97
144.37,123.71,37.55,18.88
144.29,123.85,37.32,18.88
143.25,124.69,37.27,18.87
142.25,125.02,37.29,18.84
141.51,125.52,37.52,18.83
141.15,126.04,37.50,18.80
141.29,126.60,37.70,18.76
141.72,127.16,37.61,18.71
142.63,126.50,37.68,18.80
143.21,126.58,37.69,18.78
143.66,126.14,37.85,18.91
143.72,122.65,37.80,18.97
143.66,123.03,37.59,19.07
142.96,122.88,37.60,19.14
142.75,122.74,37.52,19.27
142.65,122.33,37.33,19.23
142.42,121.43,37.31,19.35
141.76,120.70,37.46,19.53
142.06,120.17,37.43,19.65
141.09,119.29,37.40,19.87
140.36,118.95,37.43,19.97
136.11,119.39,37.55,20.03
135.77,119.76,37.77,19.96
135.40,119.69,37.95,20.03
135.12,120.52,38.07,20.13
134.43,120.65,38.23,20.23
133.41,121.84,38.48,20.38
133.31,122.40,38.63,20.57
131.91,122.87,39.11,20.67
131.32,123.79,39.42,20.80
130.35,124.62,39.51,20.93
128.23,124.97,39.66,21.01
127.77,125.75,39.80,21.10
126.05,125.89,40.06,21.31
124.77,126.36,40.39,21.36
123.89,126.41,40.63,21.40
125.47,126.33,41.02,21.59
123.93,126.18,41.05,21.73
122.66,126.56,41.34,21.88
120.80,126.30,41.50,21.99
119.59,126.76,41.56,22.12
118.74,127.18,41.66,22.19
118.27,127.67,41.79,22.45
116.71,127.29,42.08,22.49
115.55,127.42,42.29,22.57
114.60,127.25,42.44,22.66
113.45,126.62,42.67,22.80
112.67,126.38,42.78,22.88
111.79,126.79,42.91,23.12
110.70,126.72,43.00,23.22
109.83,126.34,43.06,23.43
108.96,125.69,43.01,23.50
107.35,125.54,43.12,23.57
106.52,125.35,43.36,23.59
105.95,125.49,43.42,23.80
104.47,125.01,43.54,23.95
102.60,125.57,43.66,24.10
100.64,125.21,43.78,24.19
98.83,128.31,44.05,24.38
97.47,127.62,44.29,24.54
96.77,127.03,44.27,24.68
94.72,127.10,44.52,24.77
93.42,126.89,44.76,24.76
91.52,126.82,45.42,24.76
90.31,126.99,45.75,24.89
87.79,126.51,46.24,25.16
86.11,126.48,46.48,25.40
84.87,126.72,47.01,25.69
84.59,127.09,47.33,26.09
83.20,126.25,47.53,26.32
81.75,126.21,47.81,26.54
79.71,126.08,48.14,26.89
78.59,125.99,48.34,27.20
77.71,125.98,48.58,27.57
76.61,125.51,48.70,27.94
75.95,125.18,49.38,28.26
75.13,125.24,49.71,28.66
73.58,126.04,49.99,29.01
71.74,125.88,50.38,29.51
70.20,125.45,50.60,29.87
69.23,126.10,51.01,30.23
66.40,124.84,51.60,30.68
