6.00,166.00,42.00,26.00
8.20,166.31,42.27,25.95
9.50,167.17,42.47,25.90
10.97,167.11,42.67,25.80
11.76,167.03,42.84,25.78
13.94,167.52,43.27,25.80
15.19,167.95,43.63,25.89
16.58,168.50,43.71,26.04
18.71,167.62,43.81,26.07
18.80,168.16,43.94,26.14
20.37,168.45,44.23,26.09
21.33,169.08,44.34,26.14
22.42,168.84,44.41,26.16
23.70,169.32,44.61,26.21
25.42,170.17,44.93,26.22
27.37,169.67,45.12,26.27
28.93,170.38,45.40,26.36
29.49,169.76,45.42,26.39
30.87,170.41,45.66,26.48
32.87,171.27,45.79,26.51
34.22,171.55,46.00,26.45
35.71,171.90,46.22,26.38
37.70,171.80,46.53,26.36
38.51,172.38,46.65,26.33
39.88,171.97,46.77,26.40
41.55,172.86,46.93,26.45
42.25,172.37,46.93,26.57
43.99,173.00,47.02,26.65
45.00,173.14,46.93,26.72
45.35,172.74,46.83,26.84
46.24,172.99,46.89,26.91
47.06,173.18,46.92,27.02
47.25,172.54,46.94,27.15
48.71,172.64,46.95,27.28
49.23,172.41,47.06,27.37
50.87,172.54,47.16,27.50
51.65,172.86,47.25,27.62
52.52,172.56,47.23,27.75
53.47,173.05,47.36,27.82
54.02,173.21,47.35,27.79
56.02,172.53,47.58,27.90
57.27,172.68,47.84,27.90
58.41,172.35,47.91,27.73
59.81,173.11,48.24,27.59
60.42,172.77,48.53,27.51
61.66,172.40,48.74,27.43
62.94,172.50,48.85,27.31
64.12,172.94,48.99,27.16
64.85,172.20,49.27,27.19
65.91,172.89,49.42,27.09
67.57,172.96,49.64,27.15
69.00,172.38,49.81,27.09
69.70,173.17,50.08,27.14
70.51,172.39,50.03,27.12
71.69,173.02,50.29,27.11
73.21,173.16,50.46,27.18
74.20,173.05,50.74,27.25
74.77,172.49,50.67,27.37
76.73,172.30,50.71,27.47
77.63,172.58,50.98,27.67
77.70,172.40,51.13,27.81
79.36,173.12,51.27,27.81
79.67,173.00,51.36,27.99
80.06,173.26,51.48,27.99
80.33,172.97,51.62,28.08
79.82,172.09,51.65,28.08
80.23,172.17,51.96,28.17
80.43,172.92,52.25,28.18
80.35,172.07,52.47,28.11
80.41,172.54,52.79,28.11
80.13,173.11,53.13,28.05
79.63,173.89,53.39,28.08
80.10,174.45,53.58,28.05
80.64,173.87,53.51,27.97
80.20,175.27,53.61,27.92
79.78,175.11,53.68,28.02
80.77,174.79,53.80,28.17
80.96,174.71,53.93,28.32
80.83,174.29,54.16,28.41
80.63,174.62,54.37,28.31
80.86,175.07,54.63,28.16
80.60,174.84,54.91,28.31
80.91,174.96,55.22,28.23
80.35,175.25,55.80,28.21
80.79,175.01,56.14,28.22
80.95,176.73,56.57,28.25
80.47,176.99,56.92,28.40
80.20,176.78,57.39,28.47
81.35,176.86,57.63,28.80
80.65,177.17,58.14,28.86
80.04,177.31,58.69,28.96
80.04,177.04,58.82,29.16
79.62,177.17,58.96,29.40
79.60,177.03,59.14,29.63
79.04,177.30,59.61,29.72
78.79,177.24,59.59,29.95
78.85,177.07,59.59,30.14
79.56,176.53,59.62,30.29
79.87,176.85,59.74,30.45
79.53,176.95,59.69,30.61
80.41,177.03,59.87,30.82
79.93,176.57,59.97,30.93
80.34,176.10,60.13,31.11
80.64,175.65,60.33,31.26
81.23,176.33,60.80,31.41
80.78,176.79,61.19,31.72
81.39,176.98,61.66,31.91
81.18,176.18,62.06,32.02
82.06,176.18,62.14,32.23
82.79,176.56,62.14,32.38
82.89,176.10,62.23,32.57
82.44,176.05,62.59,32.77
83.24,176.44,62.92,32.97
83.24,175.76,63.22,33.17
83.11,175.02,63.49,33.20
84.26,174.83,63.74,33.19
84.58,175.01,64.20,33.35
84.89,174.45,64.28,33.51
85.12,174.43,64.68,33.62
86.58,174.60,65.35,33.77
86.02,174.75,65.72,33.99
87.46,174.69,66.11,34.20
87.17,174.86,66.42,34.46
87.89,174.46,66.91,34.84
88.58,174.58,67.42,35.22
89.17,173.73,67.72,35.67
90.29,173.15,68.24,36.01
91.92,173.49,68.80,36.33
91.98,173.39,69.21,36.68
92.40,173.59,69.78,37.03
93.37,172.84,70.24,37.42
94.61,173.13,70.87,37.67
95.44,172.73,71.20,38.10
97.35,172.69,71.45,38.49
97.79,173.26,71.83,38.78
98.90,172.77,72.39,39.21
99.28,171.82,72.78,39.50
99.92,171.28,73.17,39.69
100.68,171.07,73.79,39.91
101.15,170.77,74.27,40.17
102.51,170.76,75.05,40.43
102.72,170.31,75.66,40.71
103.93,169.68,76.31,41.02
105.74,170.40,76.90,41.12
105.74,169.86,77.32,41.25
108.10,170.20,78.07,41.50
109.01,169.97,78.69,41.92
110.21,169.32,79.47,42.31
111.08,167.85,80.04,42.51
112.38,168.30,80.33,42.92
112.99,167.66,81.12,43.19
114.41,167.21,81.51,43.31
116.20,167.44,82.25,43.84
117.55,166.86,83.30,43.95
118.95,167.06,83.83,44.20
118.35,165.94,83.97,44.40
118.00,166.10,84.07,44.66
117.76,165.86,83.74,44.94
117.84,166.28,84.11,45.01
119.09,166.51,84.64,45.49
119.89,166.30,85.03,46.01
120.33,167.25,84.92,46.53
121.01,167.03,84.53,46.94
125.59,167.70,85.04,46.81
130.94,166.26,86.17,46.90
133.11,165.48,87.02,46.80
138.81,165.79,87.25,46.31
142.16,165.36,86.61,45.91
140.94,164.70,86.55,45.91
139.95,163.82,86.79,45.74
138.66,163.69,87.51,45.88
131.40,163.87,88.19,45.96
135.60,166.37,89.16,46.42
140.64,166.47,90.70,47.05
145.37,167.05,92.44,47.50
145.82,165.74,94.47,48.04
153.28,165.90,95.33,48.43
155.10,167.11,96.37,49.10
153.67,167.02,97.55,49.62
153.03,167.15,99.05,50.23
150.43,166.66,100.53,50.71
146.92,165.65,102.26,51.33
155.45,171.35,102.50,51.42
155.43,169.47,103.53,51.96
154.93,167.58,104.75,52.90
153.65,166.46,106.54,53.82
152.54,165.60,108.89,54.58
159.08,164.43,110.79,55.39
164.59,162.98,112.55,56.32
170.17,161.92,113.90,57.13
168.71,161.37,116.25,58.02
168.65,160.72,118.83,59.02
178.81,159.47,120.89,59.97
184.40,159.05,122.46,60.77
180.05,158.52,124.65,61.61
177.83,158.02,127.33,62.49
185.03,157.22,128.72,63.30
180.74,156.62,130.76,64.07
176.09,154.35,133.42,64.79
171.66,153.00,136.80,65.67
167.15,151.97,139.61,66.80
161.69,149.09,141.87,67.20
158.44,147.86,145.03,67.20
153.94,144.10,147.95,66.60
146.99,141.15,150.38,65.85
149.27,140.47,151.79,65.50
142.84,141.11,152.76,65.81
132.86,140.41,154.54,66.16
124.47,136.19,157.84,65.69
129.76,134.31,160.73,64.68
133.71,133.78,162.66,64.13
139.00,134.86,164.70,64.28
133.23,134.33,167.82,64.43
125.21,130.23,171.09,63.92
135.46,128.59,174.79,63.28
142.68,128.58,178.72,63.50
152.68,129.79,182.36,64.26
158.85,130.13,185.33,64.94
168.24,141.70,187.14,66.35
161.36,128.81,190.40,67.51
167.75,131.12,193.08,69.54
178.04,134.60,194.41,71.87
170.81,134.99,199.56,73.87
176.94,133.87,202.56,75.97
169.97,132.89,207.08,78.06
179.77,129.55,210.85,79.74
173.47,128.31,215.83,81.47
182.44,125.40,220.00,83.22
185.45,123.78,223.61,84.70
186.65,122.79,227.01,85.94
188.30,122.79,230.80,87.02
189.79,121.86,234.38,87.64
195.21,121.67,237.69,88.15
198.80,121.16,239.58,88.71
199.96,120.72,241.44,89.44
201.63,120.74,244.92,89.91
200.93,119.21,248.73,90.54
200.98,117.16,252.23,91.01
186.91,115.95,257.81,91.99
174.57,113.37,260.61,92.83
186.59,110.65,263.57,93.86
192.91,110.12,267.15,94.95
194.86,110.26,270.84,96.06
198.73,111.82,272.93,96.45
204.48,109.84,274.50,96.75
214.80,110.22,275.99,97.29
219.16,111.58,277.47,97.46
232.76,112.08,278.17,97.78
248.29,111.37,279.32,97.98
263.66,111.68,280.16,97.96
285.28,109.52,279.72,97.89
310.32,109.53,279.75,97.80
