558	253	46	88
560	260	42	79
563	266	42	75
562	273	47	66
560	271	53	68
559	269	61	71
561	267	62	71
559	267	72	72
562	269	74	77
554	271	90	74
558	272	91	76
563	274	95	75
566	267	90	79
568	262	89	80
563	260	90	78
558	262	93	79
557	258	91	83
558	257	90	85
559	260	88	86
558	253	92	94
560	256	95	91
558	261	98	87
563	266	97	86
567	269	109	80
569	271	112	78
565	277	125	74
577	277	118	71
574	276	132	68
578	273	127	73
581	274	124	71
586	266	117	77
594	260	96	87
598	264	85	85
608	259	69	87
611	258	59	90
609	262	56	86
612	262	54	86
615	252	52	91
612	251	52	91
610	248	52	92
612	248	53	89
604	250	59	84
600	256	64	77
597	252	67	79
593	247	72	84
589	251	76	84
596	255	71	77
615	260	56	76
614	261	53	75
609	265	54	71
605	267	52	66
601	267	56	61
600	263	49	63
593	260	47	66
588	253	49	71
585	251	50	71
581	250	52	73
578	249	51	73
570	247	56	73
566	250	56	72
558	254	65	65
551	254	71	59
548	260	68	54
544	263	66	51
541	258	56	56
538	253	51	60
534	249	48	60
532	248	45	64
527	249	48	67
522	249	51	68
516	250	55	66
517	251	54	67
513	251	52	68
500	257	63	59
494	249	63	63
495	248	54	64
493	247	50	66
488	242	49	70
483	246	56	69
481	250	60	70
482	257	59	65
479	255	65	66
472	248	68	70
473	248	61	66
469	247	64	64
470	250	65	58
469	255	58	52
472	253	45	53
473	254	37	55
467	257	37	52
464	253	37	52
456	248	43	57
452	244	44	62
451	242	48	58
445	243	54	53
445	245	55	53
444	248	45	48
448	249	37	45
448	247	34	44
444	251	35	42
442	253	29	41
440	248	28	44
436	245	27	48
435	241	28	52
435	241	29	53
433	241	31	52
431	241	29	51
429	241	27	50
430	243	27	48
425	243	27	46
425	243	26	42
419	249	32	37
414	249	37	35
414	249	34	34
414	245	29	40
412	243	30	43
406	240	33	45
403	241	39	46
397	245	46	41
396	245	41	39
396	251	36	33
393	254	37	30
388	255	38	28
384	251	38	31
382	250	44	34
378	249	49	34
369	251	55	31
366	252	52	35
362	254	52	33
362	256	52	31
359	252	48	31
356	255	48	30
356	254	48	30
347	252	55	32
343	253	57	33
341	249	52	34
339	248	46	37
338	250	44	34
339	249	39	35
339	251	37	33
339	252	35	40
338	251	31	43
339	248	32	46
341	248	34	47
338	247	39	50
335	247	47	49
333	249	52	49
338	252	52	46
338	252	56	44
340	256	57	41
341	255	63	42
341	251	70	45
341	251	76	46
333	250	91	43
345	248	86	47
335	250	89	43
320	248	82	39
332	248	67	40
335	250	60	38
343	254	53	36
345	255	53	38
351	254	51	37
358	251	48	40
359	251	51	42
362	247	53	44
364	246	59	47
373	244	56	48
373	247	63	48
377	247	67	49
381	250	72	43
385	253	74	43
394	254	70	43
406	254	67	41
415	251	63	40
423	249	59	42
427	248	59	45
435	242	60	50
439	242	66	53
437	246	73	48
449	246	70	52
454	253	73	41
457	255	77	40
468	255	78	42
481	254	70	45
482	250	71	47
498	244	66	53
507	242	62	55
514	247	59	50
520	242	60	56
525	243	62	53
533	245	71	52
536	243	73	53
541	246	65	53
558	244	68	54
559	245	74	52
557	242	77	52
566	246	70	47
572	250	65	44
577	247	60	45
582	244	58	49
595	243	50	48
603	244	49	48
607	243	43	49
612	244	40	50
609	239	43	50
608	237	45	54
608	236	46	52
610	240	46	48
616	240	40	49
616	239	41	49
619	240	38	48
624	238	33	48
623	239	32	49
629	241	29	47
630	241	28	46
631	242	28	44
631	242	29	45
631	241	27	47
628	239	35	47
626	239	37	46
625	237	37	48
623	235	41	49
620	233	41	49
618	236	43	49
614	235	46	49
609	238	51	41
608	239	50	38
606	242	48	37
602	242	44	36
600	241	42	39
594	238	42	40
591	236	41	38
586	234	40	42
584	234	42	43
582	235	45	44
575	233	50	44
568	233	58	46
564	235	58	43
559	235	61	43
555	239	61	41
551	240	58	38
550	237	49	42
550	234	42	43
545	236	40	44
542	234	38	46
533	232	41	50
531	234	44	46
527	237	47	47
515	241	58	42
515	232	49	48
508	232	56	50
502	231	61	53
499	233	65	49
501	235	68	46
500	235	69	48
504	235	66	47
494	235	74	47
494	235	74	47
494	235	74	47
494	235	74	47
494	235	74	47
494	235	74	47
494	235	74	47
494	235	74	47
453	231	69	51
453	226	65	56
454	222	61	61
454	228	63	53
445	227	71	55
432	230	85	51
432	230	85	51
426	232	91	46
403	232	85	37
402	231	86	34
401	233	82	34
399	232	82	33
399	233	80	33
397	234	82	33
398	235	82	33
396	235	80	31
395	235	83	29
396	234	86	30
394	234	87	30
395	233	84	33
397	234	82	33
396	232	78	32
394	231	78	32
396	232	71	31
399	232	66	33
401	231	52	34
402	231	47	35
407	231	43	37
407	231	44	36
408	231	44	36
405	230	46	37
404	229	44	39
406	228	42	39
406	228	42	40
404	229	42	39
400	230	44	39
403	230	45	38
401	230	45	39
401	230	45	38
403	230	44	40
403	231	47	39
402	230	48	39
400	230	46	39
400	235	49	37
401	233	49	37
399	236	51	36
401	235	51	35
400	234	49	36
406	238	45	35
406	237	44	37
405	236	43	36
404	233	43	39
399	235	47	38
403	235	43	38
399	235	46	38
403	234	43	39
403	235	44	38
404	237	42	36
402	236	45	36
400	234	50	37
401	233	46	38
400	236	47	36
402	236	46	37
404	231	43	37
405	232	43	38
407	233	40	37
407	233	38	38
405	231	39	37
407	231	38	38
403	232	41	39
399	229	43	38
401	230	43	38
401	231	44	39
398	232	45	39
397	231	46	37
398	230	44	38
399	234	45	36
400	232	41	38
401	232	41	39
403	232	41	39
404	236	43	39
405	235	43	37
408	234	42	37
408	235	42	39
412	235	38	37
411	235	40	38
409	234	42	38
406	236	46	38
407	237	46	38
401	239	50	37
403	237	46	39
403	235	44	37
404	235	43	40
404	235	43	39
405	235	43	38
408	237	43	38
411	238	41	39
413	239	40	40
410	240	42	38
409	240	41	38
410	240	41	38
408	238	42	39
409	240	44	38
408	238	42	39
407	238	44	38
405	237	43	39
405	237	46	38
406	237	43	38
408	238	40	38
405	236	40	39
404	237	42	37
402	238	43	38
404	237	42	38
401	236	43	38
403	237	44	39
404	238	45	39
404	238	44	38
400	236	47	38
404	234	42	40
405	238	43	38
405	236	44	38
404	235	43	38
406	235	41	39
406	236	42	40
405	235	42	38
404	236	43	39
409	236	39	41
405	237	42	39
409	235	39	39
405	237	43	39
407	238	43	39
403	238	46	38
402	238	48	39
399	237	48	36
401	236	45	39
402	236	44	41
400	237	48	39
402	236	45	39
400	236	44	39
400	236	45	40
402	239	43	39
401	240	45	38
402	239	42	39
403	239	40	39
402	240	42	39
403	240	41	38
405	238	42	39
407	241	42	38
406	242	43	40
408	242	41	39
408	242	41	38
407	243	42	38
410	243	41	39
411	244	39	41
411	245	41	39
415	244	42	39
415	242	41	40
412	242	43	38
410	243	45	38
407	243	45	39
407	242	45	39
405	244	47	37
407	245	45	37
410	244	43	38
411	242	42	39
411	241	43	39
411	242	42	38
412	241	41	39
412	244	42	39
412	244	42	38
412	243	41	39
413	245	39	39
410	243	41	40
412	242	40	39
408	244	44	38
410	244	43	39
411	244	42	39
409	242	45	38
407	243	45	39
406	242	45	40
410	243	42	40
408	243	43	37
411	242	40	39
411	244	42	38
412	243	41	37
411	242	41	39
413	242	40	39
411	244	42	38
412	242	40	39
411	241	42	38
411	241	41	38
413	242	42	39
412	243	42	38
409	242	44	38
411	241	43	39
412	240	41	38
416	242	37	38
417	242	36	38
416	241	35	39
417	241	34	38
415	242	39	39
411	241	42	40
413	241	40	40
414	241	40	40
412	241	41	39
412	241	40	40
411	241	41	39
412	241	42	39
410	241	44	39
412	241	43	39
415	242	41	40
412	243	41	40
411	241	43	40
415	241	40	40
414	239	38	42
412	241	40	41
411	240	42	39
409	240	42	40
410	242	42	40
406	242	45	39
407	238	44	40
407	241	45	39
408	240	44	40
407	238	44	40
408	240	42	41
408	240	45	39
406	239	44	39
406	239	44	39
409	241	44	39
407	241	46	38
409	243	44	37
411	239	40	39
410	241	40	40
414	242	41	40
412	242	43	38
412	241	43	38
411	239	41	40
412	241	43	39
414	241	40	39
413	241	39	40
413	240	39	38
413	240	39	40
415	241	37	38
411	240	41	38
413	242	40	38
411	242	42	38
411	241	40	38
417	240	34	38
419	241	33	40
421	240	30	41
418	240	32	40
418	239	33	40
419	240	34	39
417	239	35	40
416	241	37	38
418	239	37	39
419	238	33	41
419	239	34	40
417	238	35	40
418	239	34	40
418	240	35	39
416	238	36	39
416	239	36	40
418	237	34	41
419	238	33	40
415	238	37	39
414	239	38	40
414	238	36	42
414	240	37	40
414	242	36	40
413	240	39	38
414	242	38	38
416	241	35	40
420	241	31	41
422	238	28	43
422	240	29	41
422	241	28	41
422	241	29	40
421	241	29	41
418	242	31	38
419	239	32	40
420	240	30	41
420	240	29	41
417	241	33	40
415	239	34	40
417	237	30	43
420	239	29	41
421	236	28	44
421	237	28	43
419	235	28	45
419	233	28	47
416	234	32	47
416	235	32	47
416	234	32	46
420	233	28	47
420	233	29	45
420	234	27	43
420	234	28	42
419	234	28	43
416	235	30	41
417	236	32	40
416	236	33	42
415	235	35	43
417	235	34	43
417	232	33	44
415	232	35	45
416	230	33	46
415	234	37	44
416	232	32	47
414	231	35	47
410	230	40	46
412	232	37	48
410	228	36	46
410	228	37	48
409	228	39	47
406	227	41	46
406	228	41	46
403	225	44	48
398	223	49	50
400	224	49	49
402	221	50	52
401	224	52	49
399	229	52	44
391	230	61	42
382	230	73	40
377	231	80	39
371	232	83	39
368	228	89	41
363	229	90	39
363	231	82	38
365	234	72	33
365	235	70	34
364	235	62	33
367	237	56	32
370	238	57	32
369	239	53	32
369	238	49	32
369	238	49	31
367	239	49	32
366	236	48	36
366	235	50	38
361	236	53	35
359	233	52	38
362	231	46	41
362	233	46	39
363	234	43	39
366	234	40	38
366	236	39	38
367	238	38	36
366	241	37	35
364	243	39	34
367	242	36	36
367	241	34	36
364	242	39	35
367	243	34	34
370	239	33	38
371	242	33	37
370	240	33	37
368	240	39	35
369	238	36	38
368	239	37	38
368	241	40	35
369	238	42	35
370	236	36	38
368	233	36	39
369	234	36	40
369	236	41	37
371	234	35	40
372	235	36	40
372	236	37	39
371	236	35	39
370	235	34	39
370	238	37	38
370	238	37	38
369	238	36	38
370	238	35	37
369	238	39	36
370	237	41	38
369	237	41	38
370	236	42	39
369	237	41	37
370	236	42	39
368	239	43	36
371	238	39	37
368	238	43	35
370	237	40	38
371	236	40	39
370	237	41	38
370	235	42	39
370	235	40	39
369	235	42	39
369	239	44	37
367	238	44	37
367	237	46	37
367	238	45	37
367	237	45	37
368	236	44	38
368	234	41	41
368	236	42	38
367	235	43	39
369	236	41	40
368	237	38	39
367	237	41	38
370	237	38	39
369	238	39	39
370	239	33	37
368	241	36	35
369	241	39	35
368	237	36	39
368	239	40	37
369	237	38	38
370	236	36	40
370	235	35	41
368	238	34	40
368	240	38	36
369	241	43	34
369	239	39	36
370	237	34	39
371	237	32	40
368	240	35	36
367	238	36	36
369	243	37	35
368	240	40	37
371	240	40	37
371	244	39	32
374	245	36	33
378	244	35	33
381	241	31	35
384	243	28	34
389	241	27	36
389	239	26	38
393	238	26	39
393	239	29	40
394	238	31	42
397	239	33	41
396	242	36	39
396	244	40	37
399	249	43	36
402	250	45	35
407	246	38	38
411	247	35	36
417	247	29	38
418	246	28	39
421	243	27	42
423	242	29	45
424	243	29	46
429	242	29	44
432	245	32	43
433	244	31	42
434	243	31	43
435	238	29	49
441	240	26	48
445	239	25	45
449	240	29	43
456	248	28	54
456	248	28	54
456	248	28	54
456	248	28	54
456	248	28	54
456	248	28	54
456	248	28	54
456	248	28	54
474	244	31	61
474	244	31	61
481	240	29	70
484	242	26	67
483	245	29	62
483	244	30	64
488	248	26	64
487	249	27	63
487	243	28	68
493	248	23	66
498	244	20	70
497	241	20	72
500	244	18	70
501	242	20	72
501	249	23	66
499	255	25	61
499	259	26	58
500	257	22	58
500	253	22	61
502	250	22	65
501	251	23	66
496	249	33	67
498	255	31	62
499	254	34	62
499	255	35	61
501	254	35	61
503	256	32	61
504	258	34	62
506	260	42	57
510	256	48	62
512	263	55	54
511	269	63	48
508	274	69	43
508	274	69	40
510	271	69	42
517	267	68	47
520	263	74	52
520	261	76	54
520	257	87	57
519	260	102	54
521	258	103	57
519	255	110	56
519	257	109	57
518	262	115	55
523	259	112	53
521	261	121	52
532	263	121	49
534	269	125	42
539	267	123	45
537	266	129	44
549	265	121	48
552	265	124	48
562	264	117	48
572	261	108	50
579	263	101	48
586	266	98	46
592	265	94	45
597	265	99	43
604	264	96	44
611	261	88	45
616	261	84	46
618	264	84	42
620	261	81	45
616	259	86	46
627	257	82	48
634	255	74	51
639	256	68	51
640	257	63	51
642	258	58	49
643	260	61	47
644	263	60	45
644	264	60	44
647	261	52	45
647	259	52	48
649	264	53	44
650	266	48	43
647	266	51	42
650	263	43	44
647	265	46	45
647	264	47	45
647	264	41	48
649	263	35	48
647	264	35	48
645	262	36	49
642	258	35	54
644	257	35	54
643	258	34	52
640	259	37	49
635	259	43	47
634	261	45	45
634	261	45	44
632	261	48	43
630	265	48	42
627	264	50	41
629	262	49	42
635	259	42	47
641	258	37	47
642	256	34	49
641	257	34	47
640	259	34	47
642	259	35	47
640	258	36	47
640	257	38	46
639	261	37	46
639	259	37	46
639	257	37	46
641	258	38	46
641	260	36	46
641	260	37	46
642	260	35	47
643	259	34	48
641	258	34	46
640	261	37	45
640	260	36	46
641	262	37	45
641	261	36	44
641	261	34	46
643	263	33	45
643	263	35	45
639	262	35	45
641	262	35	45
640	264	38	46
641	263	37	46
641	263	38	47
642	262	35	47
640	264	40	45
639	265	39	45
637	264	41	46
634	264	42	46
635	265	43	45
633	266	45	43
632	267	46	42
631	270	47	39
628	270	51	37
626	272	59	36
623	271	61	36
619	270	61	37
620	267	58	40
620	265	59	43
618	265	61	43
618	265	62	44
614	265	61	45
610	266	67	42
609	269	66	41
606	272	67	39
603	273	65	37
598	275	67	37
597	271	65	39
594	271	64	40
591	271	61	38
591	270	58	40
586	268	63	42
584	265	58	45
578	264	58	45
575	265	56	49
572	268	56	48
564	268	62	47
563	271	62	45
555	271	65	44
551	269	63	47
545	267	60	51
542	264	54	53
538	265	51	50
533	268	55	46
533	267	50	49
530	266	49	50
526	266	51	50
517	266	61	49
511	262	65	53
507	266	66	49
503	265	66	50
493	268	71	45
492	270	66	46
487	271	63	46
485	264	59	54
483	270	61	48
479	271	66	49
472	267	72	52
463	264	80	53
458	267	86	49
445	266	96	51
438	269	107	49
439	273	102	45
408	280	114	36
406	279	120	36
406	279	114	38
403	280	114	34
405	281	111	34
400	275	116	40
403	270	118	46
403	270	117	47
400	266	120	50
408	268	113	48
408	270	110	45
399	274	109	41
406	272	106	41
400	275	111	38
396	275	91	37
399	272	86	39
412	270	74	43
415	268	71	43
418	262	67	51
417	263	73	51
416	260	72	54
419	261	71	54
422	259	70	55
425	264	65	51
429	261	60	53
434	259	56	54
440	257	50	57
441	257	47	56
439	258	46	55
441	261	47	53
442	256	45	57
442	256	45	57
449	258	51	55
452	258	59	53
480	265	60	48
477	265	66	49
478	264	66	47
476	265	67	49
471	262	70	53
479	260	64	53
478	258	64	55
483	258	60	55
481	260	62	54
478	259	66	55
480	261	64	54
478	261	64	54
480	259	64	56
477	264	70	52
480	264	69	54
478	266	72	52
478	264	74	52
476	269	79	48
477	270	82	44
478	270	83	46
477	270	88	45
477	270	85	42
475	271	88	42
478	271	83	42
478	270	82	44
480	269	81	44
480	270	82	43
481	270	82	45
477	268	85	47
479	268	84	45
482	268	81	48
481	269	82	47
479	267	82	46
482	267	78	50
478	269	86	46
479	270	85	46
480	269	82	48
482	269	80	48
483	269	79	46
484	269	77	48
488	269	66	50
487	269	68	49
487	269	64	48
488	266	60	52
488	267	59	49
488	268	58	48
487	269	58	50
486	264	57	52
489	266	57	51
485	273	61	45
483	269	62	48
481	268	67	50
481	270	69	49
479	272	71	45
479	272	69	46
481	269	64	50
482	272	64	48
481	268	64	50
482	271	65	49
481	272	65	48
482	274	65	45
484	276	65	46
485	275	63	44
489	276	60	46
486	276	62	46
484	276	66	44
486	272	66	47
487	276	65	47
489	275	65	45
430	268	66	51
441	266	56	55
504	271	48	50
508	274	40	45
427	266	41	41
423	262	45	45
418	259	49	47
508	272	41	39
513	271	37	44
514	270	35	44
512	272	38	44
511	271	37	44
514	273	36	42
514	275	38	41
516	278	37	40
514	276	37	42
512	272	36	44
512	279	37	39
