285	433	43	23
311	440	40	21
353	447	33	19
390	454	28	22
430	463	28	19
469	470	29	17
510	477	30	17
547	481	31	17
585	488	29	16
622	494	28	18
656	496	32	20
687	503	32	22
722	508	30	19
752	512	33	17
781	515	31	18
805	519	31	18
763	523	32	21
764	514	36	23
758	511	36	28
766	510	39	29
787	503	41	32
811	502	45	30
837	495	49	33
864	486	52	39
891	476	51	45
912	471	54	45
932	470	55	44
954	471	52	45
979	467	46	53
997	476	53	49
1014	483	51	55
1031	496	54	50
1046	504	58	53
1056	514	53	54
1056	521	53	51
1053	521	62	56
1054	522	59	54
1054	523	59	52
1052	518	62	57
1052	495	68	70
1056	481	73	72
1075	466	69	78
1091	457	67	87
1102	451	68	78
1107	453	65	75
1115	455	66	72
1128	458	58	75
1121	476	60	78
1104	474	62	77
1085	483	67	79
1072	491	65	83
1065	504	63	88
1063	517	62	86
1065	526	62	85
1069	532	64	85
1069	540	69	83
1044	537	71	90
970	542	77	82
875	523	79	91
816	501	77	97
804	487	80	84
813	485	84	75
840	478	74	83
861	478	70	80
875	473	66	82
881	469	71	80
896	463	69	78
910	460	67	76
921	457	65	73
934	455	64	70
944	453	64	71
956	449	64	73
967	449	62	75
974	448	61	74
982	450	64	73
989	452	61	73
998	449	57	83
1005	452	58	80
1005	456	59	78
1001	463	61	74
996	467	61	74
985	475	63	70
974	475	61	75
963	482	64	73
948	485	65	73
934	489	62	77
918	492	65	80
903	496	66	81
887	500	66	82
874	503	67	78
859	506	75	77
844	508	79	76
827	508	81	76
806	507	91	80
786	506	96	78
770	507	96	80
751	504	99	78
737	501	99	81
721	495	99	83
712	498	93	77
695	498	96	78
680	496	98	78
663	492	99	80
644	488	99	79
624	482	98	82
606	483	98	80
591	478	99	83
580	478	100	77
570	476	100	78
566	479	101	72
561	479	102	69
560	477	98	71
556	477	95	74
551	477	100	67
552	475	99	71
556	479	95	72
556	481	102	69
565	481	97	71
576	482	95	72
584	486	103	70
596	487	101	67
606	488	100	67
618	483	96	73
628	484	94	70
631	483	100	71
649	483	96	73
658	484	102	73
679	483	95	76
690	487	103	72
704	491	105	72
719	492	105	76
730	495	106	73
742	499	105	75
750	502	103	76
761	502	100	80
771	505	103	82
784	507	101	90
792	506	104	95
801	508	103	94
803	510	106	89
805	513	109	85
805	517	109	80
804	512	105	85
808	513	106	84
805	517	111	77
806	517	111	77
805	516	110	77
803	518	109	77
799	518	106	78
792	518	102	80
782	523	104	78
768	527	108	71
758	530	111	67
744	529	106	69
728	530	103	72
709	529	105	75
692	529	102	75
677	527	98	76
664	522	98	77
652	518	98	75
632	516	102	80
615	510	97	88
580	503	99	78
514	493	113	71
491	485	101	59
473	476	91	64
473	480	77	62
481	479	78	64
492	479	78	65
504	480	79	66
520	480	77	70
536	481	80	72
554	486	85	70
577	487	90	70
607	489	90	72
640	491	88	74
671	494	85	76
697	500	89	72
726	506	98	72
748	512	101	74
765	516	100	77
771	517	101	79
779	519	99	75
785	519	95	74
793	516	98	77
800	515	100	80
803	513	98	81
807	513	90	83
802	515	96	80
800	516	95	79
799	515	91	81
794	512	93	81
788	513	89	82
780	511	93	83
771	514	93	79
766	515	92	76
758	517	93	76
753	516	90	77
737	512	92	81
715	515	90	78
674	510	94	81
612	509	96	81
545	503	109	94
478	513	112	79
457	514	95	84
457	513	99	84
476	511	102	86
502	505	102	84
532	504	102	80
568	503	98	85
611	501	96	87
664	495	87	88
723	498	85	80
777	493	88	85
829	493	81	90
872	490	86	87
913	492	70	89
913	492	70	89
931	488	50	97
894	478	55	90
827	469	69	83
764	461	78	72
725	452	75	66
714	456	77	67
725	458	75	70
741	462	82	66
770	464	79	67
800	465	84	70
836	465	86	74
869	476	88	68
902	480	88	66
940	483	86	69
973	483	88	71
999	479	89	71
1027	485	77	68
1057	484	60	69
1071	486	59	64
1079	474	61	73
1078	472	59	75
1076	472	60	72
1076	473	59	71
1077	470	60	73
1084	468	56	72
1088	463	57	70
1093	461	65	69
1092	446	79	80
1074	439	101	77
1066	428	102	84
1060	426	109	82
1055	424	107	85
1048	422	108	85
1042	425	112	83
1048	420	108	83
1048	422	104	83
1048	423	106	80
1049	423	105	80
1051	423	110	79
1056	418	104	83
1052	410	113	92
1057	405	111	99
1061	395	119	111
1068	386	119	119
1076	377	111	127
1081	375	107	129
1094	358	88	149
1078	358	90	149
1080	362	79	143
1054	363	91	136
1043	372	89	128
1046	368	78	136
1040	379	68	122
1028	383	63	113
1021	387	72	96
1020	389	79	78
1021	389	80	73
1025	389	81	70
1025	396	79	64
1027	394	77	66
1023	396	77	68
1008	397	73	75
974	400	71	68
922	405	72	62
864	399	66	70
800	404	70	65
778	406	72	63
781	405	72	64
797	405	73	63
813	407	75	62
833	408	77	62
853	409	72	62
867	408	70	68
883	411	72	70
899	415	68	70
912	420	66	71
927	421	63	75
931	418	59	72
937	421	56	71
940	422	55	71
940	422	58	70
938	424	61	67
938	423	61	68
941	420	63	68
950	421	66	65
965	415	60	70
974	414	62	67
984	413	64	71
985	413	61	72
979	414	61	70
952	417	66	68
915	416	69	72
861	417	81	76
793	417	84	84
745	424	83	85
730	427	82	88
725	426	74	84
730	426	73	77
737	428	71	77
748	431	76	68
757	431	75	67
773	430	71	66
781	429	72	68
800	420	65	75
826	423	59	71
846	425	58	74
868	421	60	75
886	421	61	71
902	419	63	72
918	416	65	69
926	411	59	71
930	407	60	69
930	404	57	67
926	405	55	64
925	403	53	65
921	406	58	61
915	406	60	59
905	405	60	62
893	406	57	61
878	404	60	61
861	406	64	61
842	405	64	62
824	406	62	61
792	412	64	59
757	411	62	63
706	414	66	60
660	413	66	61
629	414	72	59
624	414	75	57
629	414	75	59
642	415	68	60
653	413	71	58
665	410	68	60
679	404	73	62
695	401	70	63
709	402	72	60
725	399	68	64
743	399	63	63
763	402	62	58
784	402	60	56
804	403	57	62
820	404	54	64
833	405	56	66
843	401	57	66
849	396	59	67
856	389	55	70
868	386	60	64
877	381	59	62
884	371	58	63
882	368	49	63
877	365	46	66
867	364	46	61
857	364	50	57
841	360	57	57
827	357	46	58
810	356	48	55
787	354	59	50
766	348	69	49
744	341	73	52
731	333	71	54
717	326	69	54
693	324	73	53
668	320	74	56
640	323	73	54
607	326	74	55
582	336	85	52
577	350	87	55
579	360	89	55
586	364	90	52
593	360	88	54
590	352	86	60
588	343	90	62
586	341	93	61
606	333	83	67
621	332	81	58
636	333	80	58
653	330	76	59
671	331	74	59
690	328	78	61
712	326	73	63
731	329	74	60
751	328	69	62
767	329	75	59
786	333	72	57
798	331	71	61
811	332	70	63
825	333	71	64
838	335	70	66
845	336	70	68
854	339	67	69
864	336	67	72
868	338	63	70
872	339	60	69
866	339	65	72
866	339	64	71
866	341	54	71
874	336	43	73
876	335	41	73
879	331	39	74
875	334	45	71
875	334	45	70
881	319	59	58
868	346	48	57
860	352	45	50
864	363	43	43
874	369	48	38
889	369	48	40
