254	317	50	48
229	330	56	45
219	344	55	53
218	356	56	58
200	359	63	55
158	368	65	63
121	380	70	63
91	385	77	74
66	393	83	76
49	416	89	80
29	450	93	90
2	479	99	98
-6	532	92	85
-22	571	97	94
-34	627	95	97
-35	684	100	111
-5	740	89	109
5	776	99	116
2	816	120	119
9	848	129	114
18	846	125	118
5	822	124	117
11	773	115	109
43	735	116	99
79	701	115	93
123	666	108	89
167	628	101	86
204	576	95	92
226	528	88	94
235	474	85	96
238	425	85	91
246	382	85	88
255	357	83	85
268	333	82	83
276	308	78	72
272	297	77	77
307	256	70	82
305	263	69	82
214	357	79	90
199	397	77	91
187	427	74	93
183	456	73	93
186	484	72	94
192	506	71	94
202	526	72	94
213	548	72	95
221	564	72	88
227	568	70	92
228	574	71	87
234	574	70	83
232	571	71	81
230	567	71	80
231	557	70	83
236	548	74	85
238	540	73	80
237	533	69	93
234	530	73	84
235	530	70	90
238	528	74	80
238	527	71	86
235	527	71	84
236	527	73	87
238	524	69	90
240	526	69	84
246	527	70	86
250	528	71	76
254	531	70	73
256	533	69	66
257	536	70	63
260	540	71	62
259	543	70	66
257	546	71	67
253	549	74	75
257	548	71	86
256	545	70	86
253	544	69	86
248	539	68	88
247	538	70	86
242	539	69	84
237	541	68	86
232	539	69	81
229	543	71	80
235	541	69	87
235	541	70	85
232	546	70	87
236	547	69	81
240	552	70	76
239	554	71	62
244	555	69	62
248	557	70	60
247	557	69	59
247	557	70	61
250	557	70	58
252	555	67	61
250	557	69	61
253	561	70	59
255	562	70	61
256	562	69	59
257	568	67	56
257	573	68	60
254	571	69	59
