329	599	33	29
340	600	29	30
349	601	28	30
357	601	29	30
366	596	30	31
373	592	30	33
380	596	33	32
390	597	30	33
397	598	31	32
403	598	29	32
408	597	33	32
414	595	34	32
422	594	31	34
426	593	32	33
435	590	30	35
442	593	32	34
447	595	30	35
453	595	31	34
459	594	33	34
464	595	32	33
470	595	33	32
479	593	33	33
484	593	31	34
489	593	33	35
497	596	35	36
496	596	37	33
492	593	34	35
490	593	34	35
490	593	32	35
488	595	30	34
488	594	30	33
487	594	31	32
487	595	31	32
489	594	30	33
494	596	30	32
498	595	31	34
500	599	32	32
505	599	31	31
509	598	32	32
515	599	32	33
520	600	33	32
528	599	32	32
534	601	32	33
541	603	33	34
550	606	34	32
556	609	35	30
563	610	38	33
567	611	34	33
571	611	34	34
574	611	37	34
572	613	40	33
575	613	39	33
576	612	38	33
575	614	35	34
575	614	35	34
549	616	34	30
511	614	33	31
476	612	34	32
445	608	30	35
418	611	34	33
393	609	34	32
369	612	33	33
353	611	30	36
339	612	30	34
330	611	28	35
324	613	30	32
319	615	31	32
317	615	29	29
316	616	31	32
315	617	34	29
317	617	32	28
319	618	30	28
322	619	27	29
325	618	26	28
325	620	25	29
323	619	25	25
323	617	24	26
320	619	24	27
319	621	23	25
317	623	23	26
315	624	23	24
311	624	24	24
306	624	24	23
304	626	25	23
294	627	26	22
290	624	25	24
285	624	26	21
279	624	25	21
273	623	24	22
269	623	23	21
260	621	22	21
254	621	22	21
245	621	23	21
238	622	24	20
231	622	25	19
223	619	23	20
211	620	26	19
200	617	27	22
197	617	25	20
196	616	23	22
205	611	24	21
219	603	22	20
229	601	23	23
238	599	25	22
248	597	24	21
254	598	25	21
260	595	25	21
267	596	24	21
270	598	24	21
272	601	24	24
273	605	25	23
272	611	25	22
271	616	25	23
268	620	25	25
267	628	26	27
264	628	27	26
261	624	26	30
257	621	27	28
256	622	27	27
253	623	27	26
251	623	27	28
248	625	28	29
248	630	27	33
246	635	28	31
243	635	29	34
240	632	29	36
239	634	29	36
239	635	28	35
240	639	29	33
239	641	30	33
239	642	31	33
242	639	29	36
242	639	30	37
243	641	31	36
246	644	31	35
246	645	33	35
250	644	31	38
252	644	31	37
256	645	32	34
260	645	31	36
263	645	31	37
265	645	33	38
265	647	37	38
272	645	33	37
277	644	32	39
279	644	32	38
285	643	32	38
291	645	33	37
297	644	34	36
303	642	32	38
311	642	31	38
320	640	30	40
325	642	33	39
335	642	33	38
343	643	32	39
351	642	34	39
361	645	35	38
371	646	34	36
380	645	33	38
390	643	33	40
400	645	34	38
409	647	32	39
419	648	36	36
431	650	35	37
440	650	37	38
424	646	32	41
385	641	31	41
349	637	31	35
319	641	31	32
285	644	34	31
256	650	38	29
230	651	43	36
202	653	41	36
188	652	40	38
178	650	38	35
170	651	32	30
160	651	31	35
155	654	33	34
154	655	32	31
158	655	31	31
162	653	31	32
171	652	31	30
181	651	31	30
191	649	34	27
202	645	32	27
216	642	30	28
230	640	29	26
244	639	26	27
252	637	30	27
262	633	31	29
272	632	30	25
277	632	29	25
284	631	27	24
287	628	26	25
287	628	26	25
282	631	26	25
273	633	26	22
264	630	28	23
256	630	29	23
251	627	26	23
241	625	29	23
243	622	28	23
256	617	27	24
274	613	26	22
287	611	28	22
297	609	31	25
317	606	27	29
328	604	28	27
341	604	27	24
350	607	29	23
362	610	28	24
369	616	26	26
373	619	28	26
377	627	29	25
378	633	30	27
382	642	28	26
379	651	27	28
374	652	28	28
367	647	30	27
358	644	30	28
346	643	32	29
336	646	33	28
327	648	31	27
319	653	33	27
312	655	31	29
301	656	34	31
292	654	32	33
285	654	30	33
278	653	31	34
272	653	30	36
264	657	33	37
264	657	30	36
258	655	32	36
257	656	33	39
257	656	32	37
259	657	33	35
261	660	31	36
260	666	34	34
264	668	31	37
263	671	35	36
267	676	33	37
269	675	33	38
271	668	33	38
272	666	33	38
273	657	34	39
272	652	35	36
273	643	35	36
274	638	34	37
273	634	35	36
277	625	33	39
279	615	32	39
278	609	33	41
278	604	37	38
283	596	34	39
290	592	34	38
300	592	34	37
312	592	33	37
324	593	36	35
339	593	35	34
350	593	34	35
363	597	35	35
375	604	34	36
383	608	34	35
394	608	34	37
408	608	34	37
419	611	32	36
432	615	35	35
447	620	36	35
461	624	37	34
481	625	39	37
494	624	44	37
471	618	37	34
454	613	33	27
432	610	33	27
414	607	31	26
399	610	30	27
387	612	33	26
377	613	30	31
369	618	30	31
369	618	30	31
372	616	29	32
375	618	25	38
378	620	25	37
380	619	24	35
383	621	25	31
387	624	26	30
390	622	27	27
392	621	26	26
393	620	25	29
391	622	26	26
385	622	28	23
380	620	26	24
374	621	30	27
367	621	28	23
364	622	24	22
357	622	24	24
348	623	26	20
349	622	23	21
345	623	21	20
341	624	21	20
340	625	23	21
339	626	21	21
336	628	21	23
332	630	22	22
322	631	24	22
314	632	23	22
300	630	26	25
284	630	26	25
264	634	27	25
244	634	28	25
228	636	29	26
208	640	33	26
198	642	30	26
188	645	27	25
178	646	26	26
175	643	26	28
174	645	25	28
173	648	25	27
173	651	27	24
178	651	28	26
187	650	27	25
195	652	28	25
206	654	28	25
213	653	28	26
221	654	28	26
228	652	28	27
234	653	29	27
237	652	27	27
240	655	26	27
239	655	28	27
239	655	27	27
239	652	29	27
236	649	30	26
231	650	29	26
225	651	32	25
222	650	32	26
218	649	31	27
211	651	29	29
205	654	30	28
202	650	29	29
200	649	29	28
201	646	29	29
202	646	29	28
202	649	29	28
203	652	29	29
205	657	30	29
205	658	30	29
205	660	29	29
204	661	31	29
202	663	33	26
200	657	32	31
203	654	31	29
202	649	31	29
203	646	30	29
204	645	30	29
206	641	30	27
204	634	29	29
222	622	32	34
250	612	32	32
269	610	37	30
290	616	39	30
313	623	40	31
334	635	37	33
355	643	37	33
368	652	38	32
376	655	36	35
371	667	37	40
366	678	39	39
361	689	38	39
358	695	36	42
350	704	39	43
345	706	38	42
343	702	35	45
333	701	39	44
331	699	37	47
329	697	41	52
327	697	42	48
323	692	41	46
325	676	40	51
326	660	42	49
326	651	41	46
332	647	42	44
340	643	40	46
341	637	38	45
337	633	38	47
337	629	39	45
331	625	39	46
318	625	39	46
310	627	39	46
303	633	40	44
292	640	40	42
287	642	37	44
284	643	38	43
283	647	38	43
283	649	38	43
281	651	39	38
284	646	39	41
287	640	38	41
287	640	39	39
287	636	38	40
288	627	40	40
290	616	42	37
291	605	41	38
299	598	40	39
310	589	39	36
321	581	39	38
326	580	40	37
335	579	42	34
346	580	43	34
362	584	41	37
377	585	45	36
393	592	47	32
390	592	43	31
386	593	44	34
375	597	45	35
363	601	44	33
356	602	40	32
350	604	38	32
349	605	34	30
347	601	30	31
347	599	31	30
347	591	29	31
347	579	29	34
343	564	32	33
348	541	31	35
362	525	33	32
379	522	31	31
388	523	30	32
397	517	31	32
412	512	31	30
426	512	30	30
435	519	30	30
440	525	32	30
446	537	32	29
451	545	31	29
452	553	30	30
456	559	31	30
458	566	29	30
459	574	29	30
460	579	29	29
463	581	27	28
463	587	29	28
463	589	29	26
465	583	30	27
464	576	31	29
459	572	30	29
457	568	30	28
455	571	28	27
457	573	28	26
458	573	28	29
458	572	28	29
457	570	27	29
462	570	27	29
467	571	27	29
473	573	27	29
477	575	27	29
477	577	27	27
473	579	28	29
475	584	27	28
477	591	26	30
472	595	31	30
447	590	30	27
428	589	28	25
408	594	26	24
394	594	29	24
380	596	30	24
373	603	28	23
365	607	29	24
363	613	29	23
365	616	33	22
368	617	28	26
364	621	27	27
364	624	25	24
363	631	28	23
359	635	28	23
355	642	30	24
351	647	25	30
348	644	26	32
349	639	27	35
347	638	28	27
346	637	26	25
346	635	24	24
347	632	26	24
347	633	25	23
352	633	25	25
353	634	24	27
353	635	26	26
361	633	25	27
365	632	24	26
368	633	23	26
368	633	23	26
368	633	24	23
370	633	25	23
374	632	24	23
377	629	23	23
381	626	22	23
380	626	23	21
381	626	23	21
381	628	24	20
381	629	23	20
379	629	23	19
380	625	21	21
378	624	22	20
375	623	22	20
367	621	27	20
364	621	26	20
362	618	27	22
390	614	24	21
413	610	22	20
431	609	25	21
450	606	27	21
470	604	27	22
488	603	26	21
502	603	24	22
513	603	26	22
524	604	25	23
529	608	26	22
530	615	27	20
530	622	30	21
518	627	33	25
503	624	38	27
494	622	36	21
477	620	33	22
456	619	35	23
432	619	34	23
407	619	34	21
387	620	34	22
363	624	38	26
340	626	38	29
325	624	35	28
305	620	35	32
288	621	30	35
275	621	32	35
260	622	31	34
251	625	28	29
242	629	29	27
237	628	29	27
232	627	29	28
227	627	28	28
225	625	27	29
226	626	26	27
224	624	27	28
224	622	27	28
224	623	30	27
224	624	29	30
232	623	27	26
234	621	27	27
238	619	27	26
246	618	27	26
252	621	29	26
261	618	29	27
273	615	26	30
280	614	27	29
291	614	27	28
303	614	26	27
315	614	26	25
331	614	28	26
345	613	29	26
362	614	28	26
381	615	31	26
401	615	32	27
423	614	33	27
450	613	34	30
451	612	33	30
437	613	26	33
418	613	23	31
400	615	26	25
380	619	25	25
356	624	28	23
337	629	29	27
319	635	30	28
306	637	29	31
295	642	29	31
288	643	32	31
282	647	29	27
277	650	29	30
277	651	29	31
275	652	33	31
284	652	32	32
291	650	28	35
299	648	29	32
308	651	30	29
319	651	27	29
328	652	29	29
343	652	30	28
359	651	32	26
372	650	29	25
385	650	29	24
401	648	28	25
412	645	27	24
427	645	29	22
435	646	27	25
445	645	27	26
455	645	28	24
463	644	27	25
469	642	26	25
469	642	28	22
473	640	27	21
474	637	26	23
471	638	26	21
465	637	28	22
461	636	26	22
454	632	25	23
445	630	27	22
437	628	26	22
426	625	25	23
410	625	27	21
399	625	28	21
388	626	26	20
379	620	30	22
399	608	27	20
418	597	27	22
433	586	26	22
448	575	29	24
465	567	23	25
481	560	24	23
488	555	24	24
495	548	25	23
497	543	25	23
492	540	29	22
485	536	29	22
474	534	31	22
458	533	35	26
440	535	37	22
421	535	34	22
398	539	35	21
373	541	35	25
340	545	35	24
310	552	36	24
279	556	36	24
247	559	35	24
218	564	36	22
192	572	36	23
170	582	34	23
150	593	35	22
138	604	32	23
130	615	32	21
120	616	29	24
118	607	27	24
118	600	27	22
120	591	26	24
124	586	26	23
135	583	25	23
144	580	28	22
156	577	26	21
167	578	26	22
178	580	27	22
191	581	26	22
202	583	27	22
216	586	28	20
231	592	27	20
246	598	26	25
255	601	28	22
266	599	28	25
282	596	23	27
292	594	25	28
304	593	23	30
318	594	22	29
328	596	24	28
341	598	21	24
351	599	23	23
359	599	25	24
368	597	22	25
376	598	23	24
383	598	23	20
390	596	23	20
398	595	22	22
403	596	21	21
410	596	22	20
415	595	21	23
420	592	23	22
425	592	23	21
431	591	24	22
437	592	22	21
444	591	21	22
450	589	21	22
458	589	21	20
455	587	24	22
436	581	22	21
419	580	21	19
405	577	21	20
391	576	22	22
377	574	22	21
366	576	22	21
357	577	22	21
354	580	23	23
350	586	24	22
351	593	25	21
350	599	26	20
352	607	27	20
355	614	29	23
354	624	30	24
353	635	27	28
351	641	29	28
353	639	26	31
348	641	25	30
344	640	28	25
337	641	27	26
327	643	30	26
319	646	28	25
311	652	29	25
297	658	31	28
292	659	29	28
287	657	27	30
280	658	28	28
274	658	27	28
270	660	27	33
265	664	26	29
261	665	29	26
261	666	28	26
265	666	28	27
270	666	26	29
274	668	28	27
277	670	28	26
282	669	30	25
290	668	29	26
295	667	29	27
303	667	27	26
309	669	28	25
315	667	28	25
321	667	28	25
323	669	29	24
330	670	27	24
333	669	27	25
338	668	25	25
341	667	27	24
342	666	27	24
345	664	27	24
348	664	27	24
347	662	27	23
347	660	24	26
344	659	24	25
338	658	27	23
334	657	25	24
328	656	25	24
323	655	26	25
319	654	26	26
314	656	25	25
310	659	24	24
310	660	26	23
309	657	25	23
311	655	26	23
314	653	27	23
312	649	29	23
310	644	28	25
310	641	31	23
316	635	30	22
316	633	30	22
317	631	27	22
318	629	30	22
320	627	27	23
320	623	26	23
317	620	27	22
317	620	23	21
315	619	24	21
311	620	24	20
308	622	25	20
307	621	24	20
305	621	24	21
301	619	23	22
302	621	23	21
298	621	23	21
299	623	22	21
294	622	24	21
294	624	25	20
293	625	24	20
296	627	23	20
297	628	23	20
297	628	22	19
301	628	23	20
301	629	23	20
303	631	22	21
304	634	23	20
304	632	23	21
303	635	22	21
298	639	23	21
296	640	22	20
292	640	23	19
287	642	24	19
282	639	22	20
276	629	21	23
272	625	21	24
262	621	23	23
256	615	21	25
248	608	23	25
239	603	23	24
232	594	24	23
224	589	27	23
217	585	28	21
211	583	27	21
208	580	25	21
205	577	22	21
203	578	21	20
202	584	22	21
201	588	23	20
200	590	26	19
205	590	26	20
205	592	23	21
209	594	26	21
207	597	27	20
209	598	27	21
210	604	23	21
210	608	23	21
207	611	24	19
203	613	25	19
197	611	27	18
191	608	25	18
183	602	24	20
176	602	25	20
172	603	26	18
171	601	22	21
172	600	21	20
172	597	21	20
173	594	25	21
195	591	26	23
210	592	28	23
234	594	30	21
254	597	31	20
282	602	29	21
304	603	30	22
332	608	28	22
353	614	32	25
376	621	30	25
394	625	32	24
410	625	30	27
423	625	28	30
430	626	33	27
444	627	32	27
447	627	36	31
445	634	36	30
446	637	34	30
438	640	36	32
426	651	37	35
414	658	35	36
406	664	35	39
393	670	36	35
376	673	39	34
355	676	43	35
332	685	47	38
320	686	44	38
305	690	43	36
294	690	41	36
282	687	41	40
273	681	41	40
262	677	41	37
246	672	41	39
231	669	41	40
218	670	41	39
206	667	42	39
193	658	45	40
180	645	44	43
170	636	44	48
157	632	47	45
155	621	45	47
161	614	40	42
159	607	40	47
160	604	40	53
157	605	45	49
157	612	45	46
165	615	42	41
174	614	42	42
183	614	43	42
192	614	40	46
196	618	43	46
204	621	41	46
213	625	38	46
218	629	40	46
225	629	38	42
232	627	39	43
232	622	39	41
228	612	37	44
222	603	38	43
218	598	40	42
214	594	42	43
219	591	36	43
221	589	37	42
225	582	36	42
226	574	36	42
227	570	35	40
228	565	34	40
231	569	36	39
234	576	39	37
242	581	37	36
250	588	34	38
258	591	34	39
265	593	34	39
268	594	34	37
272	598	34	35
279	598	34	36
287	599	32	38
289	605	34	36
299	608	34	35
304	608	33	35
308	607	33	34
311	599	32	37
316	591	32	36
319	581	32	36
320	570	33	35
321	556	35	36
323	548	36	33
325	543	34	33
329	537	32	33
335	527	33	33
339	519	33	32
345	510	31	32
352	505	33	32
360	506	32	32
363	511	33	30
365	511	29	31
362	514	36	32
360	521	32	29
362	526	28	31
363	525	29	31
369	528	30	31
374	530	28	33
381	532	28	33
389	534	27	33
395	536	29	30
403	535	29	30
412	531	27	31
413	527	27	31
414	523	29	30
414	519	30	29
416	520	29	31
421	523	29	30
424	524	29	28
427	520	27	31
423	518	28	30
420	516	28	30
417	512	29	28
411	516	28	28
404	517	29	28
405	518	28	28
406	516	28	29
400	517	28	28
397	520	28	27
396	525	28	26
394	530	28	28
394	537	28	28
396	540	28	28
398	543	27	28
402	546	28	28
410	549	27	30
415	552	27	30
420	555	27	29
427	552	26	29
434	550	27	29
441	546	27	28
451	542	28	27
459	536	28	28
463	533	32	31
440	538	33	31
428	535	32	28
412	524	31	32
399	520	29	31
388	524	30	31
381	531	31	32
377	538	32	31
375	542	31	32
374	546	30	31
371	553	30	31
369	555	31	30
372	555	30	35
371	559	34	35
372	565	32	33
375	571	32	34
379	577	32	31
382	580	32	32
385	585	34	31
393	590	33	31
398	593	34	30
408	595	33	32
415	596	34	31
421	596	32	31
426	594	30	33
431	597	31	29
438	599	32	31
446	596	32	30
457	591	33	31
468	586	33	30
475	583	30	29
480	583	32	28
488	586	31	29
494	588	30	28
497	586	30	31
500	586	30	29
503	585	30	29
502	587	31	30
502	588	30	29
501	586	31	29
497	586	30	28
493	587	31	28
490	587	33	27
482	587	32	27
475	585	29	29
467	582	30	29
461	581	29	31
451	581	28	30
442	582	29	29
434	583	28	30
423	583	31	26
415	581	31	25
405	580	31	26
394	581	31	25
383	581	32	24
374	580	30	25
366	578	29	26
357	579	30	24
349	576	29	25
340	577	30	25
335	576	29	25
326	574	29	25
320	573	27	27
314	572	26	27
306	571	26	27
298	572	27	26
290	568	29	28
285	559	31	33
287	545	31	36
290	530	27	30
288	521	28	26
289	510	28	26
288	498	26	27
288	491	25	26
288	481	27	27
287	478	28	24
286	471	27	26
287	467	26	26
285	463	27	26
286	462	28	26
287	463	30	25
288	465	27	26
287	467	28	24
289	471	29	23
288	474	29	26
290	466	26	31
288	457	25	26
286	451	26	24
284	445	27	24
280	440	29	24
282	436	26	28
278	432	29	24
274	431	29	25
274	429	26	26
271	430	27	24
273	432	23	25
270	432	23	25
271	438	23	24
269	444	25	24
269	451	24	26
268	459	25	26
267	469	28	23
270	479	28	25
270	489	27	25
271	503	27	25
274	503	27	26
279	495	26	26
283	488	26	26
288	484	28	25
292	479	26	24
294	474	28	23
297	469	27	24
301	468	28	23
303	467	27	23
305	466	27	25
309	464	26	25
309	468	27	24
313	471	27	25
315	476	27	26
315	482	28	25
318	488	26	25
317	496	27	25
316	506	27	26
313	518	28	25
309	530	28	24
304	544	28	25
295	556	29	25
285	569	30	28
275	572	30	27
258	568	31	25
243	563	33	23
232	558	28	26
216	555	29	25
203	554	29	24
189	554	29	24
175	556	30	24
168	552	30	30
185	532	33	27
203	512	29	26
221	494	28	25
241	476	28	26
260	459	29	27
260	459	29	27
309	431	30	30
334	415	32	32
355	403	33	29
373	395	34	28
389	386	36	29
389	386	36	29
389	386	36	29
389	386	36	29
389	386	36	29
389	386	36	29
389	386	36	29
389	386	36	29
389	386	36	29
389	386	36	29
389	386	36	29
389	386	36	29
389	386	36	29
389	386	36	29
389	386	36	29
389	386	36	29
389	386	36	29
389	386	36	29
389	386	36	29
389	386	36	29
389	386	36	29
389	386	36	29
389	386	36	29
389	386	36	29
389	386	36	29
389	386	36	29
389	386	36	29
389	386	36	29
389	386	36	29
389	386	36	29
389	386	36	29
389	386	36	29
389	386	36	29
389	386	36	29
389	386	36	29
389	386	36	29
389	386	36	29
389	386	36	29
389	386	36	29
389	386	36	29
389	386	36	29
389	386	36	29
389	386	36	29
389	386	36	29
389	386	36	29
389	386	36	29
389	386	36	29
389	386	36	29
389	386	36	29
389	386	36	29
389	386	36	29
389	386	36	29
389	386	36	29
389	386	36	29
389	386	36	29
389	386	36	29
389	386	36	29
389	386	36	29
389	386	36	29
389	386	36	29
389	386	36	29
389	386	36	29
389	386	36	29
389	386	36	29
389	386	36	29
389	386	36	29
389	386	36	29
389	386	36	29
389	386	36	29
389	386	36	29
362	404	31	33
362	404	31	33
362	404	31	33
362	404	31	33
362	404	31	33
362	404	31	33
400	400	27	38
403	399	27	40
403	399	27	40
403	399	27	40
403	399	27	40
403	399	27	40
403	399	27	40
403	399	27	40
403	399	27	40
415	394	27	38
416	394	27	40
420	393	26	43
422	392	26	40
426	392	27	40
429	391	27	39
433	393	27	39
438	391	28	40
443	389	26	42
450	391	25	43
455	392	27	41
461	392	27	41
468	393	27	41
474	392	29	40
480	391	29	37
489	392	27	38
498	390	27	40
505	390	29	40
513	390	30	37
525	392	30	35
532	392	30	36
545	394	28	35
555	392	30	40
567	389	28	45
576	392	28	45
584	391	29	48
595	391	27	52
608	392	27	52
619	393	28	54
627	394	30	52
641	394	30	49
657	392	28	54
670	393	29	56
682	392	34	55
682	392	34	55
682	392	34	55
682	392	34	55
669	355	38	58
685	355	34	66
690	355	27	57
686	370	34	56
686	370	34	56
644	354	33	64
674	352	33	66
681	349	39	74
681	349	39	74
678	367	44	73
678	367	44	73
569	347	47	58
580	347	48	52
598	345	42	51
612	345	47	52
626	345	46	50
636	344	53	49
646	342	50	51
653	342	64	50
653	343	68	48
651	343	71	46
645	344	77	45
645	341	76	48
641	341	79	49
632	343	88	44
621	344	97	47
606	345	101	46
599	347	96	44
589	347	91	46
579	348	93	47
569	350	96	47
569	350	90	47
570	352	83	47
571	348	90	48
570	348	97	47
570	343	101	49
580	347	95	44
582	346	99	43
585	346	101	44
590	343	99	45
592	343	99	48
587	346	108	46
585	346	109	44
586	345	107	45
585	344	107	41
584	342	101	45
576	344	102	44
567	343	106	45
555	342	113	45
549	344	105	45
543	343	101	47
539	345	96	46
531	344	97	47
528	346	93	45
514	347	100	44
508	346	97	44
496	346	105	47
493	346	101	45
495	342	94	46
494	344	92	45
493	345	88	47
484	339	92	51
482	340	93	46
471	339	93	45
462	341	94	46
447	342	92	44
433	344	93	46
409	345	95	44
388	347	99	46
364	348	103	45
342	346	94	48
342	346	94	48
276	348	91	48
399	351	96	57
375	349	97	70
344	350	90	89
314	354	82	113
314	354	82	113
314	354	82	113
314	354	82	113
190	351	88	122
156	350	88	124
130	348	96	123
104	347	94	121
76	345	104	121
52	340	108	123
10	341	121	119
10	341	121	119
10	341	121	119
10	341	121	119
54	331	133	123
334	457	140	103
377	289	134	123
388	286	136	140
310	447	154	110
349	290	156	131
321	448	145	98
313	450	155	83
312	458	156	75
312	471	163	66
317	477	147	65
307	463	147	79
298	464	140	86
282	459	134	93
271	442	117	112
251	447	117	104
228	463	111	91
197	461	106	97
166	469	107	92
132	478	111	83
90	472	105	94
57	466	102	103
24	446	101	123
-2	441	102	135
-2	434	80	142
-9	426	72	149
-19	418	67	149
-19	418	67	149
-19	418	67	149
-19	418	67	149
-19	418	67	149
-27	440	60	121
-12	439	49	117
1	443	47	103
5	451	58	98
0	454	65	100
1	465	80	104
-1	469	89	128
4	470	90	133
10	471	84	134
20	462	85	144
18	460	91	159
24	458	77	175
28	453	71	186
30	461	73	193
42	448	64	207
52	441	66	209
62	439	67	200
72	422	74	216
71	420	86	211
85	426	72	204
97	435	63	194
107	443	60	193
114	444	60	199
120	449	67	191
130	448	66	185
134	443	69	187
130	434	81	187
138	417	89	197
149	414	85	197
154	415	88	192
162	428	91	182
185	416	75	194
198	420	79	185
215	427	81	178
228	431	76	179
242	433	74	176
253	425	69	181
267	417	63	186
272	415	65	181
282	407	64	195
301	406	60	189
