447	153	39	36
447	156	34	31
448	156	30	30
447	157	29	33
446	158	30	32
446	160	30	30
444	162	31	31
441	163	32	31
440	164	32	30
444	165	29	31
445	164	30	31
446	160	30	35
446	155	30	38
445	155	31	37
445	152	29	40
443	152	32	39
442	150	32	40
444	151	30	38
440	149	31	40
437	150	32	40
433	150	33	42
431	151	34	43
432	155	31	46
431	160	34	43
434	164	33	40
434	165	32	41
433	165	32	42
432	163	32	42
434	165	32	41
431	163	33	40
426	168	35	35
430	172	31	36
428	175	35	32
430	175	31	32
428	174	31	32
426	173	30	32
423	172	31	33
423	171	30	33
422	169	30	33
418	170	32	33
416	169	32	33
417	167	31	34
416	169	33	34
417	169	31	33
416	169	31	33
419	169	30	34
419	171	31	32
421	170	31	35
424	172	32	34
427	173	31	34
430	173	31	36
449	180	32	41
452	183	33	39
448	185	35	33
444	192	32	33
438	203	33	38
434	205	34	39
429	209	35	38
423	214	36	37
422	218	35	39
414	224	36	38
406	230	38	38
400	234	36	39
394	239	37	37
391	243	37	38
389	245	37	39
387	248	36	40
389	250	36	41
390	255	37	40
391	260	37	40
392	265	39	41
393	269	39	41
396	273	39	42
397	276	38	43
397	281	41	41
399	285	41	41
401	288	40	42
399	292	39	44
399	295	41	44
400	297	43	43
402	298	42	45
404	301	42	44
404	302	42	45
407	301	42	46
411	303	42	46
415	302	41	46
420	304	44	45
424	303	42	46
427	302	44	47
431	304	45	45
433	302	46	46
434	303	45	48
434	306	47	48
439	308	43	51
440	312	46	51
442	316	49	49
448	319	49	50
450	324	49	50
453	328	48	52
453	334	49	51
452	337	50	53
454	342	52	53
456	347	52	56
457	353	52	54
455	356	51	57
449	359	53	61
444	363	54	62
443	366	52	64
441	369	52	61
427	372	53	64
410	376	55	60
398	375	55	61
388	370	56	65
380	355	55	67
372	336	54	68
357	321	56	62
343	312	57	58
333	309	57	55
327	305	57	50
334	303	55	54
345	298	57	58
358	303	58	59
377	305	61	58
394	306	56	59
409	314	57	56
422	319	58	57
432	326	56	54
440	329	53	56
444	325	51	56
445	314	51	55
445	303	50	54
444	289	52	54
445	281	51	52
453	275	49	52
467	263	50	52
475	256	51	49
481	237	48	51
480	219	48	50
485	207	48	49
497	201	48	51
507	198	50	51
524	196	49	50
528	193	46	49
516	199	47	46
504	202	48	48
495	205	46	50
491	209	45	49
488	208	44	49
481	212	44	48
475	212	45	46
468	213	46	44
467	213	45	43
470	201	43	47
473	182	42	50
474	157	44	50
472	139	45	48
472	126	42	51
473	110	44	51
477	103	46	47
485	98	45	47
491	99	46	45
487	100	45	46
484	106	44	48
481	120	46	48
482	137	45	48
478	154	48	48
474	171	47	51
473	188	47	47
469	187	47	46
462	176	46	50
451	169	48	48
452	160	48	50
455	141	48	50
452	131	49	50
446	125	51	49
442	121	50	50
443	124	48	52
443	133	47	54
451	147	49	53
464	164	53	52
477	178	53	52
490	191	55	50
505	198	53	50
522	196	51	52
534	196	51	50
541	197	52	49
553	193	54	51
565	191	54	52
580	188	56	54
600	175	53	56
607	166	52	53
604	157	53	53
585	153	56	52
574	148	54	52
572	149	52	51
572	150	50	54
577	156	52	53
580	162	51	52
584	165	50	53
590	167	52	51
595	170	51	52
599	176	52	50
603	181	50	50
606	183	48	49
610	188	47	50
614	196	50	47
627	195	49	50
637	199	50	45
635	205	48	46
626	210	49	46
617	200	45	49
616	179	45	52
612	155	47	50
606	134	48	48
607	120	47	47
611	113	46	46
611	114	43	49
607	121	43	49
603	128	45	46
600	138	46	44
599	144	44	44
597	146	43	47
590	147	45	43
579	147	45	44
570	155	47	42
570	160	45	42
576	166	42	43
581	173	40	45
582	178	43	42
581	179	44	42
588	176	42	44
595	178	45	41
597	178	45	39
601	175	43	40
608	174	43	40
616	173	42	42
622	174	43	41
620	176	43	41
618	176	41	42
621	177	42	40
623	177	41	41
625	176	40	41
627	173	39	42
627	169	39	42
627	169	43	39
623	163	43	40
619	163	41	42
615	165	41	42
605	170	44	40
596	177	45	40
582	179	44	42
564	186	44	41
553	189	41	40
543	183	41	40
539	174	38	43
530	165	38	42
514	157	40	43
503	149	39	44
498	140	40	42
494	127	39	43
492	120	37	43
484	115	38	41
477	109	37	41
479	107	37	41
484	111	37	42
486	116	36	42
492	125	38	41
500	133	37	41
502	139	35	42
504	145	35	40
504	151	35	40
502	156	36	36
498	157	36	34
497	154	35	35
498	151	35	37
498	141	35	35
494	136	36	34
496	133	34	34
497	135	35	33
504	135	34	35
509	140	35	34
514	140	32	37
514	140	33	34
511	135	34	33
506	123	35	35
505	119	34	34
496	110	34	33
485	106	36	33
479	102	34	34
471	95	34	34
465	95	33	34
459	87	34	35
450	80	34	35
444	76	32	35
442	78	34	34
456	100	35	37
467	128	39	38
481	149	41	44
509	184	43	43
535	211	40	48
524	217	44	48
508	219	45	49
485	212	49	51
462	195	48	54
429	170	52	55
391	151	60	51
357	140	61	53
316	137	64	52
285	139	61	53
254	147	61	53
224	160	61	53
191	169	59	55
163	181	57	54
146	189	55	55
136	191	51	54
136	190	51	53
144	192	54	50
160	191	51	53
173	191	51	51
187	190	51	52
202	192	50	54
216	192	52	52
231	193	52	50
247	193	51	53
260	193	51	55
276	196	47	56
284	200	46	54
287	202	46	53
292	203	47	50
293	206	49	49
304	211	49	49
318	212	48	51
327	214	51	47
339	221	48	46
352	226	46	45
363	228	43	46
370	232	42	41
373	233	43	38
379	234	44	36
386	232	45	37
394	232	47	38
406	238	47	38
415	239	45	41
421	243	46	42
428	245	45	46
431	246	46	43
429	246	44	45
431	242	45	49
433	242	46	48
438	243	45	51
444	245	44	53
444	249	46	51
446	252	48	51
446	255	49	50
449	255	50	51
457	257	50	49
462	255	47	54
467	257	47	54
468	257	48	52
467	256	51	50
469	251	49	51
471	245	50	53
474	239	50	53
473	237	49	55
466	236	51	55
463	235	52	55
463	235	50	57
459	238	50	57
451	241	51	58
444	248	52	57
438	256	52	57
431	262	53	58
428	268	51	58
417	276	53	59
410	283	54	60
408	290	53	61
403	294	55	57
402	294	51	61
395	292	54	57
389	291	55	58
386	287	53	59
387	286	54	59
389	283	58	58
394	282	56	59
389	280	59	55
387	275	54	61
383	272	56	60
383	269	56	63
389	272	59	59
392	273	59	56
400	272	55	60
404	271	56	58
411	269	56	58
417	270	55	56
426	268	56	54
431	267	54	56
433	266	56	54
434	262	54	56
432	259	54	56
425	257	55	55
417	255	55	60
405	249	54	61
404	243	53	58
410	232	51	60
415	219	52	59
421	207	53	53
426	192	51	55
425	182	52	54
426	174	50	53
426	168	50	51
425	170	50	51
427	177	49	55
425	189	48	54
419	202	49	53
413	212	47	53
409	217	46	52
406	219	47	49
406	220	46	47
402	220	45	49
402	215	44	51
406	213	46	48
409	211	48	47
408	206	47	47
407	201	45	47
408	202	47	48
409	206	48	44
413	206	45	48
414	208	47	46
414	208	47	44
419	200	46	47
429	193	46	48
439	187	48	48
451	182	45	50
454	176	45	47
451	166	46	46
444	162	46	48
432	151	49	46
428	139	46	47
423	134	47	45
420	136	49	43
418	136	46	45
417	139	47	46
421	142	47	47
436	145	46	46
449	147	47	45
460	152	45	46
470	160	44	45
480	165	46	45
487	172	48	43
504	174	47	44
515	174	49	42
526	169	50	43
540	163	52	48
559	156	53	46
573	148	50	43
576	145	48	42
578	139	45	46
575	134	47	44
583	136	48	45
604	142	52	45
627	149	52	46
638	156	53	44
652	157	49	45
665	160	49	44
680	161	46	44
693	163	47	43
709	166	49	44
724	172	49	44
733	180	46	44
735	191	46	43
733	197	45	41
733	200	45	41
738	201	45	40
745	200	45	40
748	195	46	40
749	188	45	40
744	180	46	38
736	169	45	41
725	163	45	40
720	158	44	39
717	156	44	38
713	158	44	39
707	166	42	40
700	173	43	40
690	179	45	40
684	187	43	38
682	191	41	38
680	193	42	37
681	192	40	37
678	192	41	36
676	193	43	36
679	193	40	38
685	196	41	36
692	197	42	36
698	201	41	38
701	204	40	38
700	208	42	36
699	215	43	36
697	217	41	37
691	215	44	36
690	210	44	37
685	202	44	38
682	194	42	37
672	184	43	36
663	173	42	40
650	162	44	39
633	156	44	40
616	155	45	39
607	158	46	38
607	164	41	39
605	172	39	39
606	174	37	40
603	180	38	39
600	182	39	39
602	182	40	39
602	185	42	40
608	185	43	40
619	195	38	40
624	210	37	39
630	215	42	36
640	213	42	36
643	214	41	37
644	224	38	42
642	249	37	43
643	269	39	41
645	286	40	40
645	299	42	37
644	306	41	37
641	318	40	37
633	328	39	38
624	342	38	40
619	358	38	41
621	371	39	39
623	381	39	38
630	392	38	38
633	397	40	35
639	396	38	37
642	389	37	37
639	380	37	39
632	363	40	38
615	354	42	38
597	355	44	37
576	353	44	38
554	359	44	40
536	373	42	40
520	381	43	39
503	388	45	38
491	393	42	40
472	399	46	38
451	404	44	38
433	408	44	40
415	409	42	38
401	409	41	38
397	407	41	38
452	384	41	42
505	368	41	45
561	356	42	42
613	340	40	39
660	330	39	37
708	323	36	33
749	313	38	38
787	300	31	32
822	291	30	31
856	280	31	26
887	269	29	27
903	262	33	28
876	330	37	26
840	357	46	31
845	351	43	36
850	350	41	31
854	341	42	34
857	332	39	33
852	327	39	34
845	315	38	36
843	304	38	33
840	300	39	34
847	291	38	35
855	274	38	33
861	265	36	35
862	258	35	36
869	251	36	34
884	252	38	33
893	257	37	34
897	263	37	33
899	268	36	33
897	275	37	34
899	282	37	34
907	284	37	33
909	287	37	34
892	295	38	33
883	300	37	32
884	294	38	30
888	295	36	32
894	296	37	32
896	299	36	33
892	305	36	34
893	308	35	32
891	311	36	31
892	313	37	33
896	313	38	31
905	308	39	32
916	310	39	34
923	316	37	35
919	328	36	34
