382	335	138	115
372	343	136	118
397	353	144	98
401	373	163	76
410	373	158	87
425	363	155	90
434	359	154	88
442	345	160	90
452	325	160	87
440	326	151	89
450	326	148	90
467	309	157	93
473	318	151	96
489	317	175	94
501	325	180	94
521	330	183	92
534	325	195	91
544	339	183	90
554	343	177	97
555	348	181	97
561	351	184	100
568	340	191	107
562	344	197	106
567	351	190	101
547	352	192	103
528	360	183	97
543	362	179	93
536	360	177	95
514	361	198	93
523	341	203	101
514	335	203	99
494	338	217	94
516	333	219	100
523	331	217	102
520	337	216	97
521	328	214	92
525	325	197	94
536	311	197	102
511	313	219	96
510	321	222	98
519	322	216	96
538	327	201	101
541	341	212	104
549	341	211	103
551	340	206	104
567	344	196	102
564	351	189	105
558	358	193	101
572	357	201	104
580	353	219	101
578	347	225	94
593	340	207	102
595	333	209	99
586	335	219	102
605	329	204	101
620	317	200	111
631	317	191	114
643	322	172	107
650	329	166	100
662	332	170	106
685	327	171	108
682	340	171	107
678	348	198	99
687	345	199	104
684	346	192	108
694	351	189	109
697	342	177	118
698	339	172	115
695	335	170	130
714	321	157	141
713	312	167	125
698	300	164	128
693	286	160	125
684	277	172	118
682	261	174	131
683	250	176	142
678	247	189	137
683	231	180	148
692	226	165	153
687	216	168	157
684	210	167	155
676	210	164	154
682	205	162	148
684	192	155	146
679	193	148	154
681	179	147	172
678	145	144	199
665	146	144	199
646	148	138	188
627	145	131	187
609	155	133	177
598	155	129	182
581	161	133	184
570	189	157	175
577	197	181	168
563	213	185	182
559	235	136	192
575	229	113	230
583	246	104	215
588	256	98	221
585	262	98	229
585	265	93	224
577	268	94	244
569	260	96	225
560	270	98	212
556	267	94	214
552	270	91	230
533	262	98	256
527	260	105	274
522	250	99	272
510	237	113	260
510	222	115	225
512	204	114	244
509	217	114	279
507	191	130	299
512	185	135	320
510	192	137	294
515	187	143	311
513	180	144	311
519	187	137	330
511	182	151	336
504	189	155	327
505	197	151	310
492	213	159	322
481	239	162	336
480	247	182	374
484	255	181	451
462	259	189	461
455	274	204	443
464	283	203	421
468	294	210	423
452	311	237	402
452	318	254	409
447	349	265	358
478	385	242	335
491	435	244	345
486	463	260	338
499	498	287	356
513	563	258	340
515	602	249	347
520	635	228	320
520	635	228	320
520	635	228	320
520	635	228	320
520	635	228	320
520	635	228	320
520	635	228	320
520	635	228	320
520	635	228	320
520	635	228	320
520	635	228	320
520	635	228	320
520	635	228	320
520	635	228	320
520	635	228	320
520	635	228	320
520	635	228	320
520	635	228	320
520	635	228	320
520	635	228	320
520	635	228	320
520	635	228	320
520	635	228	320
520	635	228	320
520	635	228	320
520	635	228	320
520	635	228	320
520	635	228	320
