471	339	23	21
479	343	20	22
487	356	19	18
498	367	20	16
505	376	18	16
508	389	17	18
507	387	18	17
507	378	18	17
507	368	17	17
508	361	15	17
512	353	18	16
513	346	18	16
514	341	18	15
515	335	19	16
516	332	19	17
518	331	21	16
517	327	22	18
519	325	20	19
518	325	21	17
514	324	19	18
513	323	19	17
512	321	18	17
508	320	17	18
504	319	17	17
499	317	19	17
494	309	18	18
491	299	17	18
489	288	19	17
489	277	21	17
493	265	21	16
496	257	22	16
502	249	21	18
506	246	20	17
512	246	20	17
518	246	19	20
523	250	19	19
529	255	19	19
532	258	19	19
534	262	19	20
538	264	19	19
543	271	20	19
552	278	21	19
563	287	22	20
577	293	22	20
592	294	22	20
606	294	22	24
617	288	20	26
620	285	18	28
619	278	17	23
609	273	20	20
600	267	19	18
591	256	19	18
576	246	21	17
564	238	20	18
556	227	20	17
544	219	20	17
534	214	20	16
525	209	18	18
516	205	18	16
508	196	18	16
500	184	17	16
486	170	18	17
471	161	18	17
455	158	18	19
442	160	17	19
430	174	19	20
419	189	20	18
411	203	19	19
404	215	19	18
398	224	17	18
391	232	18	19
382	242	18	17
373	248	18	16
368	255	17	16
359	259	18	16
351	261	17	17
351	253	18	17
352	248	19	16
352	244	18	15
355	240	18	17
358	240	17	18
357	239	18	16
358	239	18	16
357	239	19	15
360	239	17	15
366	241	17	15
366	245	17	15
364	250	18	15
363	255	17	15
365	258	18	15
365	260	17	15
368	265	17	14
371	272	18	15
373	278	17	15
375	284	17	15
377	290	17	16
381	302	17	16
380	311	17	17
381	323	16	17
380	332	16	18
379	336	16	18
377	341	16	19
382	347	16	18
384	353	17	17
386	357	17	18
391	361	18	20
394	361	16	21
398	365	16	19
402	367	16	16
407	368	16	18
414	369	18	17
417	370	17	17
421	369	19	18
424	370	21	18
426	370	21	18
432	371	19	17
435	373	18	17
437	371	16	17
436	370	16	17
434	368	17	18
433	369	17	18
433	368	17	19
432	369	17	17
434	371	16	17
434	376	15	17
435	385	16	16
434	393	16	19
433	407	18	17
431	420	21	16
433	432	21	18
434	441	18	17
434	432	18	17
435	421	16	18
432	415	19	18
433	402	20	18
431	395	21	22
431	387	22	22
431	383	25	19
433	381	24	19
434	376	26	25
436	375	25	26
440	375	25	28
442	377	26	27
442	377	26	27
459	398	25	20
468	413	22	16
478	427	20	16
481	441	19	18
488	440	18	19
491	431	17	18
494	419	18	18
496	409	20	16
502	396	18	16
506	383	18	16
509	369	17	17
509	357	18	16
509	345	18	17
504	334	20	16
502	329	20	16
503	324	19	16
502	320	18	16
498	320	19	16
494	318	19	16
490	320	19	16
488	324	18	17
490	329	19	19
492	344	19	18
495	358	19	18
494	371	19	19
494	387	19	17
496	402	19	17
496	419	19	17
496	417	18	17
496	405	18	17
496	396	18	17
494	385	17	17
493	377	18	17
494	371	18	16
495	365	18	19
495	357	18	19
493	351	18	19
492	347	18	22
492	343	16	25
488	340	18	24
486	336	21	22
486	336	23	22
485	336	24	19
486	328	23	22
486	330	26	19
490	332	23	17
491	331	24	17
496	335	23	15
497	336	27	17
504	337	24	16
510	342	23	17
519	344	20	19
523	346	19	20
528	352	20	17
532	354	19	19
535	359	18	19
536	369	19	18
539	383	21	17
543	393	19	17
547	406	19	18
551	418	19	19
554	432	19	19
557	430	19	18
557	417	19	18
559	405	19	19
562	397	18	18
564	386	19	17
566	375	20	17
572	368	19	16
577	359	18	18
585	354	17	19
589	351	18	18
592	348	19	18
594	346	19	18
594	342	19	18
596	341	20	18
599	341	19	17
598	336	20	18
598	337	19	18
595	338	19	19
