401	355	21	21
399	359	17	19
393	339	17	20
386	321	19	19
383	303	19	20
382	291	18	21
380	283	18	19
379	279	19	17
376	279	18	17
375	284	19	17
373	291	18	20
371	304	19	23
374	321	18	21
373	343	19	19
376	370	17	18
376	359	17	20
373	333	17	19
373	312	18	19
373	296	18	21
372	281	18	21
372	273	19	20
372	268	18	20
370	269	19	18
371	274	19	18
374	283	18	20
378	294	18	23
380	311	18	24
382	335	17	22
386	364	18	20
391	384	18	19
388	349	18	18
386	321	19	19
384	294	19	22
381	274	19	21
380	258	18	24
378	246	18	22
377	241	19	20
377	238	19	18
377	240	19	18
377	245	19	19
378	256	19	21
378	272	19	22
379	293	21	25
384	315	19	25
389	346	19	22
393	382	19	21
395	386	20	21
392	343	19	22
391	306	19	21
390	271	19	22
388	242	19	21
388	220	20	20
392	199	19	22
393	182	23	19
398	173	20	20
401	170	19	21
402	170	20	20
405	177	22	16
412	187	22	18
419	203	22	20
423	225	20	20
427	254	20	20
431	284	21	22
436	323	21	24
441	363	21	25
441	363	21	25
441	363	21	25
437	368	18	26
435	369	18	25
432	371	17	25
429	371	17	25
428	369	16	27
421	369	18	26
404	366	23	25
373	370	28	26
373	370	28	26
373	370	28	26
373	370	28	26
373	370	28	26
373	370	28	26
373	370	28	26
373	370	28	26
373	370	28	26
373	370	28	26
373	370	28	26
373	370	28	26
373	370	28	26
373	370	28	26
373	370	28	26
373	370	28	26
373	370	28	26
373	370	28	26
373	370	28	26
373	370	28	26
373	370	28	26
373	370	28	26
373	370	28	26
373	370	28	26
373	370	28	26
373	370	28	26
373	370	28	26
373	370	28	26
373	370	28	26
373	370	28	26
373	370	28	26
373	370	28	26
373	370	28	26
373	370	28	26
373	370	28	26
373	370	28	26
373	370	28	26
373	370	28	26
373	370	28	26
373	370	28	26
373	370	28	26
373	370	28	26
373	370	28	26
373	370	28	26
373	370	28	26
373	370	28	26
373	370	28	26
373	370	28	26
373	370	28	26
373	370	28	26
373	370	28	26
373	370	28	26
373	370	28	26
373	370	28	26
373	370	28	26
373	370	28	26
373	370	28	26
373	370	28	26
373	370	28	26
373	370	28	26
373	370	28	26
373	370	28	26
373	370	28	26
373	370	28	26
373	370	28	26
373	370	28	26
373	370	28	26
373	370	28	26
373	370	28	26
373	370	28	26
373	370	28	26
373	370	28	26
373	370	28	26
385	310	25	23
361	305	25	23
339	276	26	23
319	249	26	22
296	229	26	21
296	229	26	21
345	194	24	18
345	194	24	18
345	194	24	18
345	194	24	18
391	190	24	21
369	190	29	22
345	190	29	28
320	192	33	31
294	196	32	32
269	198	33	31
248	199	31	32
226	200	33	32
200	202	33	33
174	204	34	32
154	206	33	33
137	211	30	35
127	218	31	32
120	219	30	34
119	220	28	33
122	220	27	32
131	220	26	32
137	220	26	32
149	220	28	34
166	220	34	33
190	220	36	32
213	216	39	32
243	218	39	31
273	215	36	32
301	214	35	31
329	210	34	31
355	209	34	30
380	210	30	30
405	211	29	30
424	210	28	31
441	211	25	30
454	214	24	29
465	214	21	32
468	213	21	30
472	213	21	29
469	209	22	31
420	202	24	25
472	188	24	27
444	204	24	28
429	199	25	30
408	198	28	31
386	195	29	31
367	197	30	31
345	196	31	31
321	197	30	32
297	196	31	31
277	197	32	31
260	195	30	30
241	194	30	31
223	193	30	32
209	195	29	32
199	193	28	34
201	194	26	33
208	196	25	32
213	197	26	32
220	197	26	32
230	196	28	34
247	194	28	32
263	193	29	30
277	190	28	31
293	188	28	31
310	187	28	31
325	183	29	31
342	181	28	33
362	183	27	31
377	184	26	30
390	184	25	30
401	181	24	30
411	180	24	30
415	180	21	32
416	181	21	32
412	182	20	31
408	179	21	32
403	179	22	32
395	176	23	31
384	176	24	32
369	173	26	30
358	173	25	31
351	173	24	31
340	176	23	31
329	176	24	30
317	177	25	30
303	178	27	29
289	177	26	31
276	177	26	31
263	174	27	30
247	174	29	31
238	174	27	30
231	174	26	32
226	172	25	32
228	172	25	33
233	175	26	32
239	174	24	32
243	175	25	32
246	171	26	32
252	170	26	32
258	167	28	33
271	169	28	31
285	170	28	32
298	171	27	30
311	170	29	30
333	171	31	30
357	171	32	29
380	172	31	29
399	174	26	31
411	180	25	31
421	187	23	30
430	188	22	31
439	189	21	32
443	189	22	31
444	189	21	30
445	186	20	30
442	188	20	30
439	186	20	31
436	185	19	31
435	184	20	31
435	182	21	30
433	181	19	31
429	181	20	30
429	181	20	31
429	178	21	31
429	177	19	32
429	176	20	32
430	176	19	32
431	172	20	32
432	168	19	32
433	166	19	31
434	166	19	31
434	165	20	31
435	165	20	31
436	163	21	31
435	163	21	30
435	164	21	29
435	162	22	30
438	160	20	31
439	162	21	30
440	163	21	30
440	163	21	31
440	161	21	31
