246,226,94,114
244,218,95,133
248,232,98,117
251,229,91,127
251,226,96,130
250,223,94,138
253,229,94,134
251,222,94,143
252,227,95,138
249,230,98,131
251,234,98,123
254,229,97,131
254,221,105,140
267,232,95,124
268,227,92,132
268,223,95,133
269,227,94,128
266,226,97,122
274,220,99,128
282,220,92,126
280,221,94,127
267,214,97,131
271,199,101,133
277,187,101,140
294,180,102,143
309,184,104,135
322,177,105,145
319,187,98,141
308,185,102,149
292,203,111,129
277,214,99,126
261,210,96,127
259,200,100,132
266,188,102,141
291,180,100,145
305,174,103,155
324,179,109,150
329,197,109,136
327,216,97,127
298,222,96,134
270,226,100,135
241,219,104,132
238,211,100,124
252,198,98,128
281,185,103,134
295,186,103,136
318,186,98,137
327,195,103,139
307,198,104,143
289,205,101,136
272,200,99,135
271,184,103,146
286,172,107,155
309,174,105,159
324,191,106,143
337,206,93,124
317,205,96,125
275,197,102,140
231,191,107,137
209,163,113,158
211,153,101,159
239,148,107,143
251,142,118,146
259,148,119,144
281,172,115,141
278,194,121,149
269,219,108,143
264,217,107,149
252,201,110,149
259,186,109,145
258,185,114,137
273,194,103,134
279,214,107,144
255,242,113,141
252,248,103,152
240,238,104,145
233,199,101,153
245,162,108,146
255,149,105,139
283,169,104,132
291,198,106,139
279,233,106,144
264,257,102,140
240,258,101,143
212,226,106,153
214,185,113,157
231,172,113,153
256,190,110,153
284,210,110,162
292,256,116,146
279,275,110,142
253,279,111,133
222,246,112,143
233,207,108,149
258,186,110,166
293,201,105,157
318,213,107,162
343,235,106,143
334,247,106,133
301,238,105,149
252,244,109,140
218,232,111,145
172,227,116,134
152,224,108,127
187,192,107,150
225,182,101,140
253,177,101,131
295,155,101,139
298,145,105,139
281,138,108,145
258,137,108,149
246,141,109,136
246,133,108,144
271,132,109,157
299,150,116,150
326,175,111,137
340,191,103,122
321,192,103,125
277,185,105,128
227,180,106,125
165,152,117,146
156,158,108,138
190,154,105,155
234,155,111,158
279,177,109,149
316,180,109,152
343,176,107,154
325,178,111,151
293,179,108,140
256,152,112,154
220,133,108,147
225,120,107,137
246,111,116,146
255,124,116,160
281,174,113,137
285,196,111,147
258,218,114,151
248,221,110,152
230,206,112,156
224,183,112,152
247,156,116,154
266,155,104,148
281,171,108,152
277,195,113,151
284,243,109,145
277,275,108,143
280,280,111,144
280,276,106,130
289,228,103,131
300,171,100,134
295,126,105,140
284,115,108,147
275,157,106,144
281,225,102,142
298,284,99,145
305,305,105,154
304,288,114,156
307,235,113,156
313,172,97,163
301,133,106,154
288,127,111,161
281,171,112,160
287,232,111,160
309,289,105,145
315,298,109,142
295,255,117,156
298,211,112,151
300,163,112,151
298,150,105,148
295,168,105,148
293,216,104,148
293,266,110,148
282,291,114,142
274,299,117,136
283,281,102,132
278,263,110,132
274,231,105,153
266,225,111,161
250,235,113,160
220,251,120,164
206,275,120,150
178,284,117,154
190,278,116,163
219,276,116,158
237,281,107,145
277,279,115,142
300,274,117,135
315,261,120,146
311,261,115,144
292,253,108,147
253,240,110,148
214,225,106,157
185,219,108,155
176,221,106,146
196,222,106,141
230,203,107,154
264,198,110,152
309,187,118,151
336,173,116,165
347,172,113,168
339,163,105,176
303,163,126,171
257,165,127,155
223,154,125,158
213,141,125,156
227,131,116,147
272,130,117,155
295,132,117,160
327,144,111,151
329,146,114,148
303,131,108,167
268,129,113,162
236,112,113,175
213,108,115,175
231,121,122,167
266,129,119,181
313,164,108,161
325,178,119,152
327,187,119,149
313,206,109,143
292,209,108,155
256,227,118,146
236,215,118,152
238,188,117,159
263,173,112,153
305,176,112,156
339,191,111,149
367,188,107,160
348,185,117,158
313,173,115,163
268,170,110,149
244,157,108,146
240,143,111,141
262,125,106,154
296,140,113,155
316,151,107,163
338,168,110,157
343,190,114,147
300,185,112,153
263,177,110,150
209,149,121,161
166,139,111,159
149,124,106,166
160,114,112,161
186,102,106,171
221,120,110,161
241,138,115,161
283,162,112,162
309,200,114,157
314,227,118,150
281,238,116,155
239,246,117,162
209,244,110,160
175,222,120,154
190,189,117,154
222,150,122,167
257,166,113,148
277,176,111,167
293,195,113,171
304,227,106,157
277,236,109,157
248,241,104,141
210,204,116,145
207,157,111,147
232,121,108,156
273,127,110,162
294,167,119,148
324,208,109,136
338,229,108,146
308,230,104,150
250,228,110,151
199,208,109,148
173,182,121,141
186,150,115,148
220,122,129,160
253,125,125,164
296,134,117,170
318,171,112,144
310,180,110,145
295,182,113,160
271,176,112,167
217,148,115,172
207,129,115,174
245,124,107,166
287,124,115,170
324,138,124,168
362,156,118,170
360,172,118,149
333,161,112,156
296,150,123,158
240,137,118,156
194,134,116,158
193,128,118,161
209,142,120,145
245,139,112,151
284,143,119,161
330,154,121,152
376,155,117,160
394,167,109,149
383,169,107,143
352,173,109,132
297,145,114,153
227,125,122,156
164,111,123,164
118,111,128,165
95,128,127,145
114,133,123,149
149,127,122,164
195,113,122,185
257,128,124,169
307,118,124,191
349,143,122,178
374,144,120,186
367,144,118,183
346,146,118,176
304,133,111,175
256,134,114,159
248,122,114,165
251,124,114,170
283,130,119,174
318,154,121,158
346,164,114,159
374,175,108,157
380,187,114,152
363,197,115,157
352,223,117,152
344,244,119,150
338,252,107,146
324,220,115,158
303,164,123,169
287,121,124,159
290,82,119,159
283,64,119,161
276,80,113,173
271,126,119,177
270,173,119,189
277,227,109,172
290,246,111,170
287,248,117,154
280,202,115,166
283,147,112,167
298,106,115,166
284,93,115,154
277,107,111,155
269,155,116,154
257,208,116,159
259,237,119,167
261,252,123,152
267,210,124,151
277,154,117,166
288,129,117,165
305,132,118,153
298,132,119,160
276,137,125,173
268,161,123,149
258,162,112,135
264,133,124,140
277,129,121,147
293,150,114,156
322,183,108,157
338,213,110,150
327,220,109,157
293,205,115,162
265,161,113,150
255,105,118,165
265,91,123,181
288,136,119,170
326,182,110,163
336,209,110,155
313,199,107,167
282,170,110,164
265,118,106,161
269,90,114,163
286,108,122,169
314,156,119,157
337,191,113,148
336,199,108,159
287,186,118,165
254,175,114,158
225,137,121,177
221,132,118,166
246,144,118,156
266,155,112,171
291,176,118,171
307,188,115,173
307,201,111,168
293,209,114,161
258,199,115,156
249,187,124,146
272,178,115,160
304,179,117,170
318,201,117,155
334,198,114,164
338,199,111,157
305,190,111,156
281,178,112,153
268,160,106,157
280,151,106,158
303,145,112,163
316,162,115,152
314,159,114,163
319,162,115,170
286,161,114,170
247,157,112,160
217,142,118,158
204,132,111,160
227,141,113,160
263,156,114,157
279,169,117,166
304,188,110,155
315,196,106,154
288,189,112,158
266,179,114,150
251,172,107,146
275,175,109,147
315,187,113,150
320,195,118,153
345,210,101,138
319,193,110,152
299,177,114,156
262,162,117,156
244,150,110,166
263,152,116,166
286,168,113,160
306,183,112,154
318,195,108,135
325,198,106,124
303,185,99,119
278,161,102,123
265,142,99,123
264,134,102,130
274,141,104,148
277,173,108,138
276,199,104,128
263,194,106,138
234,188,127,135
210,170,125,146
218,162,111,155
237,179,112,155
270,191,115,161
302,203,115,169
327,222,111,158
325,223,113,153
315,216,114,155
298,211,115,155
298,198,110,160
282,192,115,165
286,205,107,160
290,206,114,171
279,204,114,177
270,200,119,173
249,198,121,165
243,188,118,159
255,194,114,163
268,207,122,158
300,218,108,151
317,205,110,165
310,211,114,148
302,195,120,138
293,163,119,150
294,153,131,153
306,162,131,166
315,185,125,158
325,207,119,146
320,210,125,151
306,202,121,153
286,169,122,169
267,129,115,170
258,118,115,166
256,139,122,150
261,159,128,165
273,186,126,162
257,200,128,158
259,203,121,142
285,200,122,138
310,213,109,142
333,209,107,150
334,203,117,150
303,196,117,147
282,173,116,158
255,156,116,156
248,152,119,156
272,152,119,168
295,173,119,166
307,195,114,151
332,210,114,144
326,210,117,141
326,208,123,135
305,209,113,133
304,195,110,145
294,194,118,154
309,190,111,163
309,196,113,165
