478,143,80,111
476,148,81,104
471,143,84,107
467,143,86,104
464,141,87,110
463,132,85,111
462,134,86,109
460,133,85,109
459,131,84,108
458,129,85,111
459,128,84,110
457,127,87,113
455,126,89,110
457,126,84,110
455,126,85,110
459,124,85,109
455,126,86,106
453,123,86,108
451,126,85,108
450,127,86,108
447,127,86,108
443,126,89,112
443,132,84,103
438,133,89,104
432,133,90,108
429,132,94,114
425,136,97,117
414,139,98,117
403,144,107,117
397,143,99,128
392,147,97,132
380,153,100,124
371,159,100,117
362,162,95,119
350,164,97,123
338,161,99,134
325,165,105,131
313,163,99,135
300,170,101,129
288,174,104,123
276,175,105,119
264,177,108,124
259,168,108,137
253,170,110,138
246,166,118,144
244,166,121,144
246,166,121,143
244,171,123,140
246,173,119,138
249,169,120,147
250,170,120,144
253,166,122,147
257,165,120,145
263,165,117,143
257,157,125,144
267,144,120,154
268,136,127,146
266,126,123,150
266,115,116,148
265,102,123,149
262,91,123,146
264,81,117,147
265,74,118,147
263,63,107,145
262,58,109,141
266,54,102,140
267,51,102,130
269,49,97,128
265,41,98,132
272,42,97,126
270,42,92,119
277,41,90,115
281,40,83,115
286,39,83,116
288,40,87,115
289,41,86,115
299,43,81,110
305,47,82,108
312,50,79,108
318,51,80,110
328,53,79,106
338,55,78,108
345,55,83,110
353,54,86,115
364,52,85,118
373,55,76,113
388,56,82,115
397,55,88,116
407,58,91,115
418,61,97,119
437,62,94,126
448,63,98,116
462,68,99,116
472,76,100,108
489,81,91,105
494,83,98,106
501,86,94,106
507,89,93,115
511,89,102,119
512,95,101,120
514,102,97,113
511,108,101,107
508,109,95,114
502,111,99,112
498,114,95,117
488,121,99,117
481,123,94,113
471,130,100,118
458,128,103,125
452,135,94,117
448,136,93,118
443,137,94,120
428,144,97,118
420,141,101,126
415,151,100,120
405,150,107,132
399,156,102,131
393,157,106,129
383,160,108,131
381,172,98,125
371,178,103,121
365,180,101,126
357,184,102,129
352,179,104,145
340,185,103,132
332,190,104,136
326,191,105,133
320,191,112,139
312,187,108,147
309,189,108,147
305,188,108,145
305,191,100,138
305,189,109,142
310,192,103,137
315,192,104,135
321,193,103,134
330,197,101,132
339,198,102,135
348,202,99,130
358,211,96,121
373,218,97,116
381,219,105,117
394,226,104,115
407,229,102,116
417,237,99,109
431,239,104,110
438,247,99,108
440,252,102,110
441,259,106,103
444,263,108,97
447,262,109,102
446,256,108,111
444,254,103,111
439,247,105,114
438,245,108,118
438,238,105,110
437,231,100,115
429,220,108,131
431,220,105,129
431,219,105,131
429,212,110,136
431,207,111,138
431,207,110,134
433,196,113,142
431,187,120,158
430,199,116,147
427,207,119,137
424,203,116,142
417,200,118,150
407,193,120,151
399,198,118,138
390,191,125,147
379,188,124,153
371,185,120,161
361,181,117,165
341,188,115,152
328,188,105,147
313,184,115,150
293,181,115,142
286,179,107,137
271,176,106,139
258,177,105,134
252,176,100,134
241,176,108,130
232,181,111,119
217,176,119,122
212,172,117,132
210,180,109,127
202,181,114,123
192,186,117,125
183,182,124,130
180,188,118,134
174,192,124,131
169,197,123,131
164,195,123,135
158,189,126,143
154,198,128,137
149,198,131,138
149,202,133,141
146,198,131,143
146,198,127,140
143,202,132,135
139,198,140,138
140,199,131,137
139,195,131,138
137,197,132,131
133,184,137,142
129,175,134,138
123,176,150,137
119,157,138,151
116,154,126,148
114,149,125,143
112,141,122,142
106,128,126,143
105,117,120,137
101,109,121,135
101,93,121,140
108,86,114,134
108,73,113,138
110,67,116,134
114,46,120,138
118,38,124,139
126,34,127,134
130,30,128,130
140,22,118,131
157,20,109,133
163,15,114,133
174,12,96,145
187,3,98,158
199,7,100,148
207,8,101,137
230,11,81,135
236,13,82,118
249,15,74,111
253,14,75,111
257,16,77,108
256,18,79,107
260,21,79,106
264,22,76,103
263,26,78,104
263,29,77,103
261,31,78,100
260,34,79,99
258,38,78,98
257,40,75,100
253,38,73,107
256,43,72,103
252,42,76,105
253,45,69,106
256,51,69,105
254,53,72,101
257,57,72,97
259,57,71,97
260,57,73,98
261,57,75,99
264,62,77,96
268,63,75,96
273,60,76,102
278,61,75,99
287,56,68,102
287,56,73,103
288,59,71,99
290,58,68,100
292,60,67,96
289,61,69,93
290,62,68,92
293,60,70,97
292,61,66,102
286,66,68,96
285,68,69,99
284,71,69,100
279,74,68,96
283,78,69,90
280,75,68,99
281,78,71,94
282,79,69,97
281,86,67,95
278,89,71,89
283,92,69,92
282,98,67,87
282,97,67,93
287,98,66,94
285,98,67,98
288,105,67,95
283,108,73,90
285,110,67,91
283,114,65,89
283,115,67,90
281,117,70,93
286,124,69,89
289,130,69,81
286,131,69,83
288,133,67,85
291,134,68,89
293,139,68,89
291,143,75,83
293,148,74,77
292,148,75,81
295,149,75,87
298,151,73,98
298,152,71,101
300,153,71,102
302,157,76,101
306,159,75,99
308,159,69,97
312,162,70,96
308,160,71,97
311,166,64,93
312,168,64,92
309,168,63,94
310,168,65,95
309,169,64,95
311,169,62,97
311,164,67,98
312,165,63,96
311,163,68,97
312,163,66,93
310,156,67,98
305,158,73,97
307,152,72,100
307,146,70,102
306,143,72,106
304,137,73,106
304,133,74,98
306,126,73,92
307,121,72,94
309,114,68,91
312,108,71,92
315,100,67,95
314,97,74,91
317,89,69,97
320,84,71,101
321,81,72,95
326,76,73,95
331,72,74,92
330,64,75,95
335,57,73,98
339,52,73,98
347,49,71,99
352,46,74,99
356,38,76,102
365,37,74,98
373,35,75,95
379,28,77,98
386,23,69,105
396,18,73,107
402,19,77,100
407,21,75,97
421,22,76,97
429,23,77,100
440,23,77,107
446,22,80,114
455,28,81,115
463,41,80,109
463,51,86,103
471,64,84,97
477,73,81,94
480,77,77,96
478,77,80,103
474,88,79,98
471,94,79,96
464,100,85,92
464,102,79,96
458,110,74,92
458,120,73,85
454,127,73,82
456,133,70,85
454,135,73,88
454,137,71,95
457,142,67,94
456,145,67,96
455,148,74,98
455,158,71,94
457,168,70,91
457,171,70,89
459,174,71,93
463,180,72,90
467,179,70,92
470,182,69,90
473,182,70,90
473,186,70,89
473,185,70,93
475,180,68,99
476,181,69,96
477,183,69,91
473,181,72,92
475,177,68,92
473,177,72,89
475,175,69,86
476,169,69,89
472,163,71,91
474,149,71,98
476,147,73,93
479,144,72,91
478,135,71,96
480,129,73,99
479,128,76,92
480,123,76,93
481,118,79,94
482,110,81,100
479,107,82,98
482,103,81,99
479,95,83,102
476,86,84,105
468,82,93,103
461,77,95,102
463,74,85,103
455,67,87,111
453,64,86,110
447,61,85,110
443,53,85,115
436,51,82,106
425,48,85,106
420,44,78,111
407,42,81,107
400,41,79,101
389,40,75,99
383,38,76,96
372,34,72,97
363,29,76,101
349,29,74,98
342,29,72,90
332,22,72,103
321,24,72,90
313,22,71,95
306,21,69,95
301,22,70,93
292,22,71,92
284,22,72,95
276,24,75,92
269,18,78,98
269,16,71,101
267,19,73,97
261,18,75,102
257,19,72,101
253,19,74,100
252,23,72,98
251,28,72,95
252,29,68,97
250,33,67,93
246,38,72,94
244,39,69,98
241,39,66,109
235,41,68,112
231,45,66,101
221,49,66,100
219,53,68,96
216,52,68,100
218,56,68,100
214,61,67,98
206,72,73,85
203,78,77,71
195,84,86,72
195,84,86,72
195,84,86,72
195,84,86,72
195,84,86,72
195,84,86,72
195,84,86,72
195,84,86,72
195,84,86,72
195,84,86,72
197,153,101,73
197,153,101,73
197,153,101,73
197,153,101,73
197,153,101,73
197,153,101,73
197,153,101,73
197,153,101,73
197,153,101,73
197,153,101,73
197,153,101,73
197,153,101,73
197,153,101,73
197,153,101,73
197,153,101,73
203,125,89,75
203,125,89,75
203,125,89,75
204,114,90,87
208,109,90,99
210,104,89,103
213,99,89,94
213,95,89,100
220,90,89,92
219,83,92,107
228,79,83,93
242,80,71,85
245,77,70,84
252,71,63,87
255,67,58,89
249,63,67,91
249,57,70,90
248,56,73,92
242,51,84,94
242,48,88,101
248,47,92,99
253,45,93,106
254,45,103,101
261,39,102,105
264,40,111,104
272,41,115,108
276,37,111,112
282,39,115,111
290,38,114,115
297,40,117,117
304,46,113,112
307,50,120,114
312,52,128,119
314,56,121,121
321,68,124,120
325,72,124,128
332,80,120,129
337,86,120,126
342,93,121,127
344,102,118,128
351,108,119,127
357,115,115,131
363,115,108,136
369,123,102,124
377,128,95,120
381,130,97,124
385,129,91,133
390,135,92,130
396,137,92,131
406,133,96,134
415,137,97,124
422,140,94,123
429,138,88,125
436,140,94,118
444,143,96,114
450,149,96,111
456,149,102,113
467,149,100,119
468,157,108,117
476,160,109,122
485,170,111,114
509,168,96,121
534,174,84,119
538,176,81,118
543,178,85,123
549,180,86,124
556,188,83,120
561,193,81,116
566,195,76,121
569,195,73,123
571,199,71,121
573,204,67,117
575,205,67,117
568,207,74,114
557,205,80,116
544,201,88,123
522,198,104,127
496,194,123,130
488,189,115,132
466,185,120,134
452,182,113,140
438,175,128,150
420,171,138,150
401,176,154,153
394,163,145,176
384,167,146,172
382,167,137,169
375,165,139,177
368,168,143,176
363,164,144,186
356,165,156,176
356,167,153,173
349,167,149,161
339,165,165,168
334,161,180,162
329,164,171,157
329,171,129,163
323,170,118,160
319,172,109,153
320,176,108,151
307,179,108,139
299,188,104,126
292,187,99,133
277,183,104,131
268,187,98,129
258,188,98,124
249,192,93,120
241,195,96,113
233,195,95,112
224,186,95,118
221,183,97,125
213,180,97,129
207,177,97,129
201,172,101,137
199,165,107,146
200,170,104,139
205,172,101,137
212,169,99,138
217,165,105,140
231,163,93,144
246,163,90,138
255,163,86,141
275,163,77,145
285,162,71,138
293,158,66,146
303,159,62,146
305,157,64,145
313,158,64,145
322,151,55,150
326,153,52,143
329,151,50,144
334,148,45,138
334,145,41,139
333,144,43,138
330,144,47,132
327,139,46,135
322,137,49,135
318,135,49,129
322,133,50,130
318,132,54,126
317,130,57,126
318,126,57,127
319,127,59,127
317,124,64,126
315,121,69,129
305,115,77,131
304,112,81,127
304,112,82,121
303,110,80,117
304,107,81,116
305,106,77,118
306,105,75,119
311,105,72,117
314,104,67,114
315,105,68,113
312,106,75,113
297,110,85,107
301,106,85,114
303,108,87,113
308,108,86,115
311,115,86,107
321,117,81,108
321,116,84,110
326,122,84,110
336,121,75,116
341,126,73,115
345,130,77,117
344,131,82,118
340,137,90,119
348,142,88,118
347,143,88,127
353,145,87,125
356,153,82,117
358,158,82,123
356,157,81,128
352,161,80,129
346,167,85,130
338,177,90,125
333,179,89,126
324,185,92,124
318,199,89,114
315,202,84,116
307,209,83,112
302,208,79,115
295,213,81,111
291,219,86,105
293,221,86,106
294,215,87,116
293,215,87,117
296,222,84,107
299,228,87,102
302,232,85,102
304,242,83,95
307,234,80,103
307,230,81,105
308,239,81,99
306,227,84,108
304,224,82,111
304,230,81,107
307,228,82,109
303,226,83,110
305,232,83,103
306,228,83,108
305,232,81,102
307,230,81,105
305,229,77,108
305,218,84,118
304,220,78,116
303,227,82,111
307,232,82,103
305,229,79,108
307,233,83,102
307,231,82,105
306,234,80,101
305,237,79,100
306,234,83,101
305,227,83,108
305,233,81,104
307,231,81,105
308,233,82,104
308,236,81,99
306,235,80,102
303,229,83,109
306,226,81,111
306,234,78,104
304,228,83,109
305,232,82,104
306,230,79,108
308,231,81,103
306,228,78,108
305,230,82,107
305,235,81,102
305,227,83,106
303,235,83,101
305,233,82,105
305,232,82,106
306,229,79,104
302,230,82,108
305,231,84,107
304,229,80,108
306,232,80,106
305,227,81,110
302,230,86,106
306,232,83,102
307,236,79,100
304,229,81,107
305,224,84,111
305,229,83,110
305,229,80,107
305,224,83,115
304,224,80,115
304,224,83,113
302,231,80,102
306,235,80,100
305,227,84,108
303,231,80,101
305,232,80,105
306,235,80,101
305,230,81,103
306,231,84,105
307,234,79,102
303,236,83,100
305,230,80,108
303,231,87,106
304,235,81,104
306,234,79,106
305,228,82,108
305,229,77,107
304,226,82,109
305,234,82,106
300,218,91,118
304,223,81,117
303,230,81,108
307,232,81,105
306,231,78,107
306,226,84,112
305,231,80,106
304,238,83,100
307,230,81,104
304,233,82,103
304,230,84,109
307,235,79,101
306,234,81,102
303,231,80,108
306,226,83,111
304,232,80,104
306,230,82,104
305,226,80,111
304,228,83,105
304,224,81,112
302,229,83,106
304,228,83,108
301,232,88,106
307,239,80,100
305,235,82,102
305,230,80,108
306,236,81,101
307,237,77,100
306,232,83,106
305,229,78,107
306,231,80,107
306,232,81,104
307,233,78,103
306,232,82,104
306,237,80,99
306,229,83,106
303,232,83,105
305,237,80,101
305,230,82,107
304,229,84,109
307,232,81,106
305,239,79,100
307,236,78,100
308,233,81,101
306,224,82,111
304,226,79,112
303,229,84,106
304,225,84,113
304,231,82,106
305,231,82,104
306,238,79,101
306,236,83,98
306,232,79,107
306,230,79,105
306,235,79,97
305,231,79,102
307,233,80,100
303,223,82,110
302,230,83,103
299,225,82,106
301,225,84,102
297,214,83,115
300,221,85,102
297,215,84,103
302,209,83,102
301,201,87,112
307,196,81,112
313,194,83,111
314,188,85,112
320,180,83,114
325,178,87,114
335,176,85,109
339,170,90,106
345,160,86,114
350,151,88,124
359,148,87,126
365,146,88,130
375,138,84,132
386,135,84,137
395,133,84,125
401,128,84,124
410,125,86,133
410,125,100,124
423,131,93,115
428,129,89,117
433,132,88,117
435,137,91,108
436,141,95,106
441,138,92,111
443,136,98,118
447,138,100,116
451,146,95,109
453,144,95,112
455,148,98,112
461,155,92,105
477,165,77,96
485,171,68,90
491,175,69,94
491,178,70,92
496,176,68,98
495,180,66,96
498,177,66,101
497,184,67,93
503,188,61,93
501,188,61,92
500,191,65,94
498,188,62,99
497,195,61,92
497,198,59,86
491,200,62,84
485,193,64,94
487,196,61,87
485,195,59,90
483,195,60,87
483,194,57,85
479,189,61,91
478,184,60,97
479,186,61,92
476,190,65,88
478,193,62,81
480,192,60,83
477,183,65,87
479,184,64,85
481,181,65,86
479,176,64,91
482,174,67,92
483,171,65,92
483,175,66,87
484,176,65,83
479,176,70,84
477,169,71,92
473,176,73,80
468,174,74,86
461,167,79,90
459,168,78,93
458,164,77,94
454,161,80,97
457,159,84,97
454,156,87,102
456,153,92,107
454,150,107,114
457,150,96,113
456,155,106,111
458,155,107,108
459,152,110,111
461,152,107,111
459,150,109,113
462,148,102,119
462,146,95,119
465,148,94,113
473,148,93,113
474,147,92,115
474,143,90,117
476,142,81,119
475,146,81,113
467,146,83,115
458,148,84,114
449,149,86,117
437,150,88,113
436,152,83,115
434,151,85,116
431,149,83,119
429,151,86,118
428,152,78,111
406,145,83,124
376,144,109,129
374,147,90,125
375,150,89,122
371,153,93,122
373,151,91,122
374,154,86,122
373,144,110,138
376,150,117,139
376,154,129,131
378,155,131,130
380,160,131,129
378,163,137,127
374,164,141,134
376,162,136,150
370,155,148,178
386,163,126,185
376,158,140,189
370,163,133,186
356,156,145,196
350,155,106,182
331,156,112,170
321,158,113,166
309,175,109,141
299,178,105,135
292,175,105,137
286,179,104,129
279,176,99,133
271,184,99,120
263,183,99,122
258,174,103,132
252,173,110,130
252,166,110,137
252,161,109,137
253,162,116,136
259,155,118,140
266,149,116,137
274,145,114,138
275,145,107,129
286,133,108,126
293,128,106,135
303,121,101,133
308,111,108,139
307,107,109,136
307,94,113,148
309,88,107,143
307,79,116,153
307,81,110,140
301,74,103,136
302,73,102,130
299,69,100,129
300,64,89,125
292,60,91,120
288,55,86,119
285,53,86,118
281,53,84,117
271,53,86,110
268,54,86,111
267,56,86,110
272,57,82,111
269,59,82,106
270,59,83,111
271,63,84,102
277,68,82,101
283,70,78,104
285,71,83,109
294,73,82,115
299,78,90,130
305,88,89,124
312,97,92,116
318,105,94,117
325,111,92,122
335,117,95,134
340,127,95,138
346,134,98,144
350,142,97,133
354,154,102,124
359,154,95,139
357,160,95,134
349,159,102,145
347,169,106,140
344,174,100,132
337,174,100,133
329,179,100,126
322,176,87,128
316,173,86,127
308,176,85,115
305,179,81,106
296,167,85,111
289,164,84,111
294,166,78,106
298,166,81,103
302,161,81,113
301,162,81,107
306,164,78,106
312,163,79,101
311,161,78,96
314,153,80,107
315,147,80,116
315,143,80,115
315,139,83,116
315,136,80,123
311,139,81,114
310,141,78,116
311,139,80,116
301,136,86,120
298,141,81,112
294,138,85,115
291,139,82,117
286,137,82,112
286,135,81,115
289,134,84,108
289,135,85,109
289,135,84,107
295,133,82,108
296,134,77,108
297,131,79,111
296,132,80,109
294,132,81,110
295,130,79,111
293,130,80,112
291,129,83,112
298,131,76,111
298,127,80,119
300,127,79,120
301,130,77,114
302,126,78,122
302,127,78,115
300,128,78,115
304,127,76,115
304,124,77,121
307,125,77,119
307,125,74,109
303,127,78,107
305,124,78,110
306,126,77,110
304,126,76,112
303,127,81,112
309,126,79,115
304,127,81,114
308,125,77,115
308,131,81,109
308,128,80,112
307,130,81,110
310,129,77,109
308,129,80,112
308,129,83,110
311,128,79,111
310,128,79,110
310,126,78,114
310,126,80,110
307,128,83,109
312,127,76,105
309,124,78,111
309,124,79,115
308,123,82,115
307,124,83,112
307,122,81,113
307,120,77,116
305,117,79,117
305,118,78,118
300,120,80,116
303,120,75,117
303,120,75,113
300,120,78,113
298,120,79,112
297,121,80,111
299,117,78,111
299,115,79,115
294,116,85,111
295,119,81,105
295,119,80,102
294,116,83,109
295,113,85,110
301,112,82,111
297,110,83,112
303,112,79,107
301,109,82,113
304,109,82,114
302,109,85,109
306,109,83,110
309,105,86,114
312,105,85,113
317,107,85,115
322,106,85,115
322,109,87,112
329,109,87,115
335,108,83,119
338,111,86,124
342,108,88,137
347,108,86,139
353,108,86,140
356,110,88,146
357,112,89,139
361,112,92,130
365,111,96,134
371,112,92,140
370,111,95,143
377,114,92,143
376,110,95,153
381,117,90,135
378,115,95,135
379,116,95,128
378,116,99,128
383,118,90,127
376,117,93,130
380,120,92,123
376,118,96,124
380,119,95,120
375,118,94,124
380,119,94,125
375,120,88,119
378,124,86,113
383,120,87,125
384,117,84,133
389,117,84,145
385,121,92,131
395,122,89,124
396,130,90,116
399,129,86,118
400,133,94,117
406,137,92,114
407,136,96,121
408,141,99,121
415,138,98,134
417,139,96,130
412,140,100,133
420,144,98,139
415,148,104,127
418,147,102,138
413,149,109,136
407,150,107,136
402,149,114,146
399,148,109,143
394,153,110,141
389,151,107,147
382,151,104,136
378,151,99,137
372,148,105,140
370,143,102,142
360,144,98,134
353,141,98,132
357,138,96,141
352,137,92,132
348,139,91,123
352,134,87,125
345,132,87,122
348,128,85,127
348,133,84,116
348,131,85,115
