40,199,61,103
37,196,69,107
40,198,65,105
38,196,65,105
38,195,65,108
37,193,65,108
37,193,64,111
36,188,64,113
37,190,65,112
35,188,63,113
36,185,65,117
34,183,65,113
34,181,64,112
35,176,67,114
33,172,65,114
33,166,65,112
34,160,65,111
33,148,66,124
37,143,67,122
39,139,67,114
39,129,64,120
44,124,68,119
46,114,66,123
51,110,67,116
53,108,69,116
56,101,70,119
58,96,72,120
65,89,70,122
74,81,70,128
78,75,72,131
87,73,72,134
90,69,72,133
100,62,73,140
109,58,75,138
119,51,73,143
130,48,72,140
137,41,79,147
149,44,74,139
158,42,75,140
165,41,77,138
178,36,76,154
183,37,81,143
196,33,76,150
204,34,76,143
210,33,72,157
217,35,70,147
225,36,75,148
236,38,73,138
244,39,67,140
251,39,67,151
256,42,67,138
256,43,69,139
262,45,69,132
264,49,68,130
269,52,69,131
273,53,68,137
277,53,68,137
284,56,64,134
283,63,67,134
287,66,67,138
290,72,72,134
293,79,72,133
297,84,71,134
304,89,70,131
304,94,75,131
312,100,70,129
318,103,68,130
323,107,68,135
328,112,69,135
332,118,69,132
337,124,68,132
343,128,65,132
346,135,66,132
351,142,64,128
356,154,65,121
360,159,64,122
360,166,66,121
364,173,62,119
368,180,66,116
368,186,65,118
368,189,66,120
369,195,65,119
366,198,65,114
368,200,63,114
368,204,63,110
369,206,64,111
368,204,61,113
366,206,61,109
367,205,61,112
365,205,62,109
364,199,62,112
366,198,61,110
366,192,61,113
367,190,62,116
368,188,65,110
369,187,62,110
371,179,65,117
369,174,65,117
372,168,66,122
371,161,67,124
372,161,69,120
372,158,66,117
372,147,68,124
370,140,68,128
367,138,67,124
363,128,70,132
361,126,70,131
357,120,71,138
353,118,72,139
348,114,72,137
344,115,71,137
335,114,76,134
327,112,76,136
317,113,79,139
317,111,75,139
300,107,82,147
300,110,79,143
287,109,81,146
284,108,77,149
281,108,70,144
272,106,73,154
265,108,78,151
258,107,77,152
253,110,79,159
248,108,76,177
242,110,79,175
237,111,80,172
236,112,79,173
228,118,83,162
225,116,83,172
221,121,86,160
218,124,87,163
217,130,89,156
214,132,85,156
213,132,89,157
217,138,86,156
216,144,90,154
219,145,88,164
221,150,87,151
226,151,87,149
231,154,83,141
235,155,84,144
246,150,77,150
247,154,77,141
255,150,78,150
256,152,82,142
265,153,78,139
269,156,78,132
276,154,75,133
282,154,73,133
289,160,72,126
291,161,75,128
296,160,73,129
304,161,69,125
308,165,67,120
312,166,68,123
315,168,65,117
317,171,66,115
321,173,65,114
321,177,66,114
323,175,64,113
325,178,66,112
329,178,60,109
326,177,66,112
330,177,64,110
333,175,64,107
337,177,65,106
338,171,64,111
343,173,63,111
345,169,64,112
347,169,66,115
349,167,66,111
356,168,66,113
359,164,64,115
365,167,68,113
367,163,67,119
371,161,71,122
374,165,70,115
379,165,70,115
383,163,69,118
386,162,71,116
391,158,68,121
396,157,66,124
398,154,69,121
402,154,66,117
408,153,67,116
409,152,66,114
414,151,67,116
421,144,62,120
424,145,64,119
424,139,66,125
430,138,66,123
433,136,62,120
434,136,62,116
436,139,65,114
441,134,61,124
442,134,62,131
444,137,61,120
445,139,60,114
449,142,59,119
451,141,60,127
452,142,59,123
451,143,60,117
456,145,60,108
455,141,60,120
458,136,58,121
460,133,60,114
457,131,61,108
457,125,62,108
457,120,63,109
457,114,60,112
451,108,63,117
449,101,62,120
444,94,62,116
440,83,64,122
432,75,64,131
426,72,66,128
417,67,66,127
406,60,69,132
395,57,66,133
381,47,67,135
367,48,67,125
352,45,68,120
337,43,72,125
322,39,70,126
303,37,70,124
288,35,71,121
270,31,70,133
252,26,71,139
239,22,66,150
216,22,71,152
200,20,75,145
181,15,76,145
166,13,80,151
150,12,80,140
139,13,79,148
129,11,81,140
120,10,75,139
105,10,74,136
98,8,75,143
84,14,79,143
78,15,73,145
72,19,72,145
59,25,77,143
55,31,77,141
47,36,78,138
40,41,79,142
38,48,74,136
38,55,70,139
34,63,72,133
25,69,77,135
23,76,73,138
20,86,74,129
17,92,74,130
17,100,73,127
15,107,69,123
13,112,71,117
12,118,69,118
9,124,69,115
11,131,67,116
10,136,66,109
10,137,65,114
10,142,64,109
9,143,65,110
13,146,63,112
10,150,64,113
14,153,63,112
14,157,65,114
13,163,66,106
20,167,63,111
18,171,66,105
20,177,64,100
24,180,62,105
25,184,60,110
27,190,62,111
30,191,63,115
33,201,65,103
31,202,64,106
35,206,66,104
35,206,64,101
40,208,64,104
40,209,66,108
44,213,63,104
44,214,64,105
48,214,63,104
49,215,62,111
49,217,61,106
52,223,62,101
52,227,60,100
52,230,64,95
55,231,61,94
57,232,59,96
59,233,57,95
55,235,61,94
58,235,60,96
60,236,57,94
62,235,57,101
62,236,59,94
62,236,59,95
64,236,57,95
65,239,59,95
66,241,59,94
65,242,58,100
67,242,58,104
66,243,59,103
68,245,57,97
68,247,56,96
67,247,56,102
68,250,58,99
72,253,53,99
72,252,54,102
70,254,54,104
70,255,51,101
73,259,50,94
73,261,50,97
74,263,48,96
74,268,47,90
74,270,48,85
77,271,45,91
77,272,43,95
77,269,44,100
77,269,44,101
77,270,45,101
78,271,43,94
80,275,42,94
80,281,41,89
80,279,42,91
81,282,41,89
82,282,39,90
84,281,35,91
85,281,34,94
88,284,30,91
94,285,26,88
95,286,25,85
95,290,27,83
96,289,27,81
97,292,25,81
97,289,26,84
100,289,24,86
99,292,25,82
99,292,25,82
101,289,23,86
101,289,22,86
101,289,22,86
103,291,21,83
103,291,20,86
102,287,21,89
101,288,21,89
102,290,22,87
103,290,20,87
102,288,18,89
102,290,23,86
101,292,23,82
100,291,21,81
99,292,24,80
98,289,27,83
98,288,22,85
95,290,27,83
94,290,27,84
93,287,28,86
90,285,30,84
86,281,34,89
83,281,35,77
79,287,37,68
80,285,39,72
78,280,41,77
76,277,42,80
72,272,46,81
69,267,49,90
67,260,49,92
65,257,51,92
66,253,52,89
65,247,54,84
64,237,56,90
60,230,59,93
61,223,59,93
60,212,60,97
57,205,64,100
60,197,62,101
58,189,62,104
58,177,64,105
58,171,67,108
57,162,68,113
60,153,65,120
60,147,66,126
64,138,68,133
68,134,66,121
72,131,65,115
77,123,65,122
78,119,67,119
84,112,65,121
91,107,65,126
95,104,68,120
106,102,64,121
117,99,64,123
126,99,66,121
138,99,64,115
147,98,66,119
157,98,66,115
174,101,61,115
187,101,63,115
194,103,67,108
207,103,69,118
220,102,67,116
233,107,69,110
247,109,65,112
256,112,66,110
265,114,64,125
272,115,66,127
280,119,65,131
287,125,64,129
289,131,69,128
294,138,70,129
298,141,67,133
302,151,65,128
304,159,64,122
303,162,64,126
301,169,66,121
301,174,64,115
293,174,71,116
292,179,66,116
287,180,68,116
287,181,65,117
281,184,66,111
279,185,66,112
275,184,65,113
271,187,66,109
272,188,61,108
269,187,61,107
270,188,59,107
268,190,60,106
266,193,58,101
267,194,57,100
266,198,56,96
264,200,58,94
262,203,57,90
261,205,58,90
258,207,58,89
260,207,58,90
258,207,57,90
257,209,59,88
257,212,56,85
255,214,55,84
257,218,56,78
254,219,56,79
253,222,55,72
255,223,54,76
254,225,55,69
251,224,55,73
250,225,54,69
247,228,54,65
248,228,54,65
248,229,55,61
246,225,54,67
243,225,55,63
244,219,53,69
243,214,54,75
241,205,57,82
241,194,57,93
239,183,56,103
240,173,55,110
241,162,56,110
241,153,58,114
243,144,59,125
244,133,58,118
245,127,59,121
247,120,59,130
249,115,61,129
252,110,61,121
256,107,61,127
260,105,63,131
262,102,64,137
266,101,65,125
272,102,66,124
274,99,70,127
278,99,74,133
281,99,73,142
285,102,74,140
286,102,78,151
287,109,77,150
289,112,81,154
286,113,84,164
286,119,87,170
281,128,89,172
273,135,93,174
273,142,89,172
264,155,87,176
257,177,86,157
246,187,92,159
237,197,91,160
227,205,89,160
219,219,90,140
207,221,96,143
205,226,91,143
197,226,92,136
194,221,84,142
189,216,84,136
183,215,88,136
181,206,90,133
176,195,94,139
181,190,92,131
181,182,92,132
183,169,95,134
188,163,94,132
193,152,94,143
201,147,89,141
203,142,88,144
209,136,88,150
220,129,88,162
224,130,87,156
236,124,86,167
246,125,84,169
255,127,88,164
262,131,90,161
277,135,85,165
284,136,88,165
295,142,96,160
313,150,88,161
328,160,85,147
344,164,84,151
357,168,88,143
370,168,80,142
381,165,78,144
395,172,81,132
404,164,81,141
413,165,82,136
420,160,79,137
427,158,78,135
428,153,78,137
432,156,76,127
430,144,77,134
427,143,80,131
420,139,84,131
412,138,81,132
402,128,78,141
389,123,78,142
372,121,83,143
356,118,89,143
334,118,84,141
308,114,88,151
288,110,89,152
263,106,86,152
230,110,94,159
193,113,102,159
160,115,114,155
133,114,106,150
97,120,120,157
75,118,104,161
44,123,116,171
20,120,124,163
9,115,98,165
0,114,93,169
-5,106,77,175
-10,107,73,162
-8,97,67,163
-8,92,66,160
-9,85,72,156
-5,77,76,154
-1,66,79,158
2,62,87,153
9,55,89,143
27,43,85,146
48,39,78,153
61,35,83,146
71,31,86,134
86,24,85,129
108,19,79,139
124,19,81,153
139,16,80,151
155,15,77,150
172,14,73,158
188,10,72,162
202,13,70,160
215,16,74,159
226,18,71,163
242,17,67,170
251,18,69,171
259,23,71,165
269,32,69,150
272,40,71,148
280,50,72,141
288,52,70,150
287,64,75,147
287,75,75,142
291,90,73,140
289,99,74,138
290,108,72,136
289,118,71,137
287,126,73,135
283,134,73,134
284,141,71,135
287,151,67,131
281,157,72,133
284,167,67,130
280,173,71,133
279,181,70,128
281,189,71,126
283,194,70,128
284,200,68,124
285,202,70,125
289,201,69,125
288,206,72,117
291,205,72,117
293,197,75,122
295,193,74,129
299,188,73,128
299,188,73,127
304,181,76,133
305,179,74,131
309,178,72,130
307,175,78,137
310,174,75,138
310,172,78,142
308,173,80,143
306,170,80,155
302,175,85,151
301,179,89,152
289,178,95,154
286,180,92,155
281,181,92,160
270,184,98,145
269,182,92,159
262,182,91,166
248,182,95,171
236,183,97,172
220,187,101,175
207,183,103,179
203,187,98,173
185,190,112,171
171,190,110,166
164,191,107,164
160,196,100,158
156,200,97,157
148,196,94,166
140,200,93,156
140,201,91,151
136,210,89,139
135,213,88,144
133,223,90,133
135,229,88,140
136,233,87,141
137,237,86,143
140,247,86,140
143,250,86,137
144,254,85,136
148,257,85,136
152,256,82,144
153,262,87,136
156,260,89,142
160,263,89,139
159,262,92,141
165,263,88,140
166,264,89,136
172,261,90,140
171,260,91,144
179,261,88,142
180,259,86,146
186,256,88,147
193,248,87,153
200,250,87,155
209,247,88,160
212,246,88,156
216,249,95,151
228,249,93,146
238,241,93,166
254,244,88,158
265,237,91,160
278,240,92,156
288,247,94,142
299,248,94,144
316,251,95,140
334,255,91,133
346,252,95,135
362,251,95,135
375,247,93,137
392,242,90,139
405,240,85,135
417,241,95,129
428,240,93,129
437,234,91,131
445,232,93,133
454,229,89,132
459,216,93,141
462,215,103,143
470,212,93,139
474,202,91,139
473,193,86,138
473,180,84,145
467,170,82,145
456,157,90,149
447,140,91,147
437,124,92,158
423,109,92,163
406,89,96,170
390,71,94,174
371,53,95,185
349,40,95,183
330,27,96,186
304,14,99,186
284,13,99,180
263,8,99,186
241,2,98,196
217,8,101,182
193,10,107,189
176,10,108,192
158,21,111,188
148,33,103,213
135,42,103,214
121,57,108,200
121,80,102,185
117,97,103,175
121,108,93,178
120,122,93,180
123,134,97,181
126,144,98,180
138,159,94,169
144,164,93,173
150,175,91,165
159,182,93,160
165,187,98,150
175,191,94,157
188,196,97,150
200,203,93,140
212,205,91,141
224,205,90,142
241,210,83,139
258,207,80,137
268,205,79,137
276,207,85,135
289,208,82,131
297,209,86,130
309,208,81,128
319,204,79,134
326,197,81,144
336,195,80,143
340,192,77,144
345,188,73,142
346,182,75,150
344,180,73,145
343,179,72,145
340,180,73,137
337,179,73,129
334,176,77,138
328,177,73,131
318,177,75,129
314,178,70,122
310,177,66,119
297,172,69,123
291,168,65,125
285,166,67,125
276,160,69,126
272,156,67,124
267,148,67,131
263,145,65,129
256,141,64,131
249,135,63,127
246,130,66,141
241,125,68,140
234,120,71,133
227,112,70,139
216,110,68,139
213,107,73,131
203,100,82,145
198,96,76,145
187,92,73,156
182,89,69,156
170,84,77,158
153,80,83,171
149,76,80,178
141,77,79,170
127,76,86,173
118,77,82,181
102,87,92,166
92,98,93,150
85,96,85,163
75,104,82,159
63,113,88,153
55,118,88,154
46,118,90,157
35,117,88,159
22,124,94,149
19,125,88,149
13,133,90,140
13,136,82,141
11,144,75,137
9,151,79,129
10,156,77,130
8,164,80,135
10,174,79,129
12,183,80,123
14,190,85,119
17,197,80,113
19,204,82,111
23,206,82,110
27,210,77,107
32,210,75,111
37,212,72,109
43,214,70,107
45,213,68,110
49,216,65,105
50,218,67,100
53,215,66,107
55,214,66,104
56,213,64,108
56,215,64,105
56,215,64,107
57,218,64,102
56,214,63,110
55,222,64,104
55,222,63,101
54,225,65,103
52,228,64,101
50,230,65,100
48,234,65,98
47,233,63,104
45,234,63,103
43,235,62,105
41,232,62,108
38,232,62,105
36,230,63,102
32,230,65,100
31,228,63,104
28,227,65,106
25,228,65,104
27,227,68,106
24,227,66,101
20,228,67,101
19,228,65,100
17,227,62,104
18,226,61,102
16,226,63,100
13,227,63,96
13,224,62,104
10,225,65,99
7,224,64,101
5,222,67,109
4,227,65,102
7,226,67,103
6,228,65,101
4,227,66,111
4,227,66,118
3,228,64,126
4,232,69,122
3,231,68,129
3,235,68,124
4,235,66,128
6,238,67,131
5,238,70,125
6,242,74,122
7,244,72,117
6,244,71,122
6,247,72,120
6,250,74,118
4,250,71,121
8,257,74,112
13,252,69,121
9,255,72,120
13,253,70,127
11,254,71,125
10,256,73,126
9,257,73,127
11,256,76,131
13,254,75,136
9,259,77,135
13,262,74,134
15,262,75,132
14,263,80,129
14,262,77,128
17,265,75,125
19,264,74,134
19,267,79,125
17,265,81,131
12,265,90,145
18,269,85,128
17,266,87,131
19,268,88,124
27,269,78,124
29,265,80,130
33,264,80,132
34,266,82,126
38,262,80,128
41,266,79,116
43,261,79,122
45,258,80,134
46,258,86,135
50,258,88,127
53,256,87,127
56,253,86,120
60,248,86,127
63,245,85,119
66,241,85,126
69,239,85,126
70,239,89,133
74,238,88,148
79,235,84,157
82,231,88,150
82,235,100,155
87,232,100,150
93,231,98,141
101,225,95,163
104,230,98,161
107,225,100,169
112,228,99,169
117,230,103,177
125,228,100,176
138,230,95,166
142,231,91,157
150,228,91,162
155,226,92,163
161,226,96,140
161,226,101,136
167,219,99,135
168,218,102,135
177,212,98,142
174,211,106,133
179,208,107,138
187,204,104,145
196,204,99,147
203,197,90,154
211,194,87,158
214,194,99,160
218,187,90,173
223,191,89,156
234,194,87,145
233,190,83,148
242,189,82,156
245,188,82,151
247,188,83,149
251,190,82,147
253,188,84,143
256,191,80,140
255,189,83,137
257,188,80,137
258,189,79,130
262,186,76,134
261,185,80,133
259,184,81,128
261,185,78,127
260,181,80,128
258,183,83,127
257,179,80,127
257,178,83,127
254,175,86,132
253,172,86,133
252,169,88,132
253,169,87,130
252,164,89,137
253,160,89,141
253,153,88,147
255,151,90,152
254,145,92,159
256,144,93,157
260,144,94,163
259,138,95,161
259,139,103,161
261,139,105,165
264,136,101,165
264,137,107,164
267,138,108,161
265,136,117,165
267,138,117,166
268,135,119,168
270,140,117,169
272,137,120,168
271,136,124,169
274,139,119,169
276,135,125,169
279,134,120,169
283,134,118,172
284,132,120,172
286,132,117,168
294,132,110,169
281,131,121,166
291,126,111,172
293,124,108,169
287,124,119,168
294,122,111,166
292,117,111,168
294,117,107,165
291,116,109,166
288,115,112,164
296,114,103,162
293,114,104,165
291,115,107,160
292,114,102,162
289,113,110,161
290,112,106,162
293,113,101,162
287,112,108,152
291,112,101,153
289,112,105,153
283,118,115,149
291,112,98,155
289,110,103,154
285,109,105,153
288,106,103,155
291,109,99,154
284,109,106,153
287,108,105,157
289,105,103,151
286,105,106,156
288,106,106,155
289,103,104,154
289,104,102,154
285,102,111,149
291,104,104,152
286,110,109,151
292,114,101,153
290,117,98,152
289,121,99,146
291,123,95,148
295,127,92,147
299,132,87,144
303,136,82,139
306,139,78,148
305,145,78,147
306,148,77,151
308,151,76,154
310,152,76,154
312,155,79,152
316,160,80,150
319,170,82,133
324,169,81,140
327,170,83,143
330,168,89,146
339,172,90,142
345,171,99,144
348,170,103,144
355,169,108,149
367,166,104,152
376,160,104,153
390,160,102,158
402,161,107,155
425,154,93,155
436,158,97,139
444,156,100,142
456,155,91,129
458,152,102,125
456,148,105,134
464,145,95,147
465,143,93,154
469,141,93,134
469,142,91,125
463,140,90,127
452,138,95,127
448,136,99,145
433,132,108,158
415,132,118,153
408,130,124,153
388,129,114,161
379,128,114,162
370,121,111,166
357,120,114,169
347,116,114,171
337,120,121,168
329,111,118,172
323,112,124,162
310,107,141,166
305,102,141,170
301,100,137,172
296,101,139,176
292,94,142,178
291,93,143,180
304,93,130,172
295,90,139,187
301,88,132,184
314,84,115,191
317,87,112,184
316,92,118,183
312,94,121,189
307,92,129,188
299,99,139,181
302,98,133,192
288,107,144,194
296,115,128,179
287,121,119,184
285,128,116,178
281,135,110,172
277,141,107,174
273,143,103,179
270,150,97,171
266,159,91,158
258,161,94,157
251,154,92,158
246,158,88,146
244,147,88,156
239,143,88,150
239,131,87,160
234,125,91,158
236,117,89,166
233,105,92,179
230,98,93,177
233,92,90,184
235,85,94,186
238,74,95,197
240,69,95,200
236,64,104,197
239,58,102,190
232,55,107,181
233,50,114,180
229,45,117,180
233,47,116,180
223,46,121,178
218,46,121,172
220,46,116,168
214,52,115,158
210,53,108,145
205,54,98,144
200,53,97,139
195,59,90,127
187,61,95,128
179,64,102,129
177,64,90,128
175,66,93,125
174,63,71,115
172,60,72,111
165,59,82,127
159,61,91,127
155,57,87,131
151,57,94,141
147,54,97,152
148,55,95,146
149,51,92,148
145,53,98,140
145,49,97,144
149,49,94,139
149,50,91,141
151,44,91,145
148,46,97,137
153,46,94,140
153,48,95,140
151,50,97,139
149,48,101,136
149,47,100,141
149,50,104,135
151,50,101,133
153,50,97,137
149,56,103,133
148,54,104,133
144,56,105,131
143,55,104,129
144,53,104,134
144,52,79,133
144,51,83,136
139,55,94,137
137,56,101,129
138,58,102,133
134,54,97,140
131,58,102,138
131,61,99,130
128,64,95,129
128,64,99,150
131,68,98,142
129,71,98,147
127,71,96,148
128,70,93,148
130,73,89,144
129,75,89,145
130,76,86,146
129,77,87,142
130,76,85,139
134,78,80,133
132,76,84,142
130,74,82,130
135,75,76,140
131,74,81,142
134,71,77,154
132,71,79,159
134,71,76,147
134,69,76,150
132,70,79,143
133,67,79,148
134,65,78,149
134,64,80,143
135,63,78,140
137,64,76,145
139,63,76,142
143,67,72,149
142,61,73,146
145,65,71,146
142,61,74,139
143,63,75,141
148,61,71,141
151,59,72,142
153,61,72,143
155,61,74,138
155,60,76,135
157,59,75,136
160,58,74,133
166,59,69,133
168,57,69,131
170,56,68,129
172,54,70,133
173,55,71,130
175,55,71,129
177,51,68,133
178,47,68,141
180,49,69,130
178,51,70,128
180,42,69,142
180,46,67,138
181,45,67,138
183,45,69,137
183,45,66,132
181,43,67,133
182,43,66,133
185,40,64,138
186,41,64,133
187,42,62,131
189,40,64,133
190,40,63,132
191,41,63,126
193,42,63,123
196,42,63,119
197,42,63,127
199,43,64,122
203,45,62,118
204,45,61,120
206,47,61,118
208,48,61,114
210,48,61,120
213,49,56,115
212,50,59,117
213,50,58,115
214,52,58,114
215,52,58,112
217,49,56,113
217,49,57,113
216,50,57,114
217,49,57,112
219,51,57,120
217,48,59,117
217,49,58,113
217,49,59,111
217,49,58,114
219,46,57,114
219,45,56,119
219,46,55,121
218,45,57,121
217,47,54,116
216,47,57,118
213,47,57,115
215,47,56,122
213,49,56,117
212,49,56,116
212,48,55,121
213,48,56,122
211,49,57,119
209,48,57,118
210,47,56,118
211,47,56,118
212,46,56,124
213,47,56,116
214,47,54,120
212,47,56,118
214,46,58,118
214,46,57,118
214,44,58,123
217,45,56,121
218,46,58,114
219,45,60,118
222,44,60,116
221,44,59,126
221,46,64,118
223,46,65,122
225,44,62,124
225,43,62,125
226,40,61,134
228,40,63,135
228,40,62,134
229,40,66,135
230,42,64,133
231,40,65,136
234,40,66,138
235,41,67,144
237,40,65,149
239,47,64,141
243,48,64,143
245,50,66,139
248,49,68,145
248,55,72,136
252,54,72,141
259,55,74,145
260,62,76,141
266,68,75,138
270,71,74,142
277,80,77,146
278,86,78,145
286,91,76,146
291,98,76,142
295,104,76,147
298,112,79,143
302,117,82,141
310,125,77,142
311,130,79,139
314,135,80,143
316,140,78,144
316,145,79,141
321,148,78,141
321,151,75,142
321,155,76,142
318,158,76,140
318,164,76,132
319,165,75,134
316,167,76,137
315,171,76,134
315,171,72,137
312,177,75,133
313,180,71,132
314,185,74,130
311,189,73,128
312,192,71,128
312,196,72,126
313,197,71,129
316,199,71,130
316,201,72,133
316,204,76,129
320,207,76,129
323,209,75,131
324,210,73,134
330,215,74,132
329,211,76,141
336,215,75,135
338,215,77,137
337,213,79,138
341,221,81,129
344,219,81,134
345,217,80,135
344,220,79,132
349,217,79,138
349,217,80,139
347,217,82,135
344,220,81,128
345,220,80,132
342,216,84,136
338,220,88,127
