138,57,39,137
138,55,38,149
139,54,37,154
140,56,37,149
139,54,36,155
139,55,36,148
139,56,36,153
139,59,36,145
140,62,37,143
138,67,38,145
140,72,38,142
139,69,40,145
138,76,40,142
138,83,43,133
139,85,43,128
139,89,45,120
140,91,43,119
137,91,43,126
137,92,44,128
140,92,42,133
143,92,41,131
141,91,44,128
142,91,44,127
143,93,44,124
139,89,47,131
139,88,47,133
138,87,49,137
138,88,53,134
138,86,54,137
136,89,55,131
138,87,54,126
137,85,55,130
138,86,55,119
137,84,59,127
138,82,62,134
137,80,61,140
135,81,67,139
146,78,57,133
144,76,58,135
146,71,53,140
142,70,57,134
143,72,56,136
146,69,52,136
147,68,51,138
145,65,52,136
143,67,52,130
140,69,53,132
142,67,52,130
136,68,53,132
135,68,52,129
133,68,52,134
131,69,48,128
133,52,45,122
126,72,50,125
121,69,53,131
119,68,53,131
114,63,56,133
117,46,53,141
114,67,52,131
116,65,52,125
112,64,50,132
114,62,45,128
115,66,42,128
106,65,52,123
97,66,63,124
96,66,63,124
94,67,68,126
90,73,77,120
101,81,69,113
87,78,88,118
96,77,82,122
93,78,86,124
104,80,77,121
118,83,68,116
125,87,65,109
131,83,66,117
132,82,64,117
132,84,62,117
134,81,61,117
136,80,57,115
138,79,55,102
135,77,63,113
135,73,64,117
130,71,65,121
129,71,70,130
125,70,64,126
127,68,50,113
125,65,43,124
120,65,48,126
116,64,53,131
115,67,50,123
111,64,54,130
106,67,60,127
104,67,60,127
102,66,55,128
99,65,57,132
100,66,55,130
95,61,57,135
95,64,53,130
92,63,53,131
91,63,52,127
90,58,52,133
90,59,52,131
90,60,49,128
88,54,49,137
86,48,48,142
86,44,47,145
85,45,49,127
87,43,47,137
85,42,46,140
88,43,46,139
90,42,44,150
96,40,40,151
97,38,42,155
98,43,43,148
102,40,43,154
103,38,47,158
102,42,51,148
109,41,48,150
117,45,46,144
117,44,44,147
122,42,40,150
124,40,41,155
129,43,37,148
134,43,34,147
134,41,33,149
132,40,33,149
133,41,35,148
132,41,36,151
134,39,33,152
131,34,36,157
132,31,34,161
130,36,37,155
132,34,35,159
126,25,43,166
125,31,46,160
124,32,48,160
125,34,47,155
124,33,47,152
130,35,42,154
136,37,42,157
136,36,44,156
129,33,51,161
126,32,57,162
132,32,50,162
130,35,53,155
132,35,52,160
130,34,58,161
132,33,59,164
134,37,59,164
135,34,55,162
139,39,51,160
141,40,51,159
145,41,50,153
143,41,52,161
145,43,51,161
146,42,50,164
144,45,53,164
147,47,48,163
143,49,56,161
