446,181,29,26
442,172,28,29
441,168,26,29
444,165,22,27
444,163,20,22
443,162,18,23
444,157,18,19
441,155,19,20
440,153,22,21
438,145,21,24
438,145,21,24
443,122,25,27
437,122,28,28
426,127,31,33
433,120,25,27
424,117,29,30
429,110,34,33
427,106,29,33
424,103,28,32
422,98,27,32
422,96,25,32
415,90,31,32
410,89,33,30
403,89,36,33
399,87,36,37
389,85,41,41
378,81,41,42
371,81,43,54
365,82,43,59
356,84,48,63
347,88,50,56
331,98,51,48
331,105,52,45
325,107,44,41
321,115,40,39
319,118,35,39
302,128,35,42
301,138,37,46
301,144,37,41
296,151,27,33
291,156,29,29
284,168,27,26
279,173,28,30
275,177,30,32
275,180,26,32
271,187,26,32
271,195,21,28
272,201,18,25
271,208,20,30
267,210,18,27
263,215,19,24
257,232,21,26
254,233,21,32
253,236,19,31
253,239,18,34
251,244,15,32
248,252,14,35
247,256,13,35
246,260,13,33
244,266,14,31
241,268,14,27
236,274,15,24
233,277,16,21
231,280,16,18
229,281,14,16
227,282,12,13
223,283,11,13
221,282,10,13
219,283,11,12
218,283,11,13
215,282,12,12
212,280,10,12
211,280,10,11
209,279,10,12
207,277,9,13
208,277,9,12
204,275,9,14
204,274,9,13
203,274,9,12
202,272,9,12
201,271,9,11
