686	107	201	161
680	105	200	166
692	113	187	157
682	116	197	161
678	118	197	161
681	113	199	169
674	120	203	164
670	123	201	167
663	128	204	167
663	132	185	164
662	136	178	160
655	139	183	161
649	143	188	162
651	150	182	165
652	149	177	176
650	151	179	177
645	158	182	177
650	167	182	173
649	169	173	177
650	180	174	169
648	173	172	177
647	173	172	180
644	180	172	177
630	180	187	186
627	186	185	186
634	190	171	174
633	196	170	171
628	203	181	169
636	204	176	168
642	209	173	168
633	213	181	168
635	213	186	175
648	216	172	177
648	215	169	180
650	219	168	176
651	225	171	171
652	232	171	165
651	231	175	171
661	235	167	174
655	240	177	168
654	243	178	167
654	249	170	164
652	252	172	159
651	252	175	160
658	255	167	157
658	254	166	158
659	255	165	157
657	260	172	154
664	261	172	160
667	262	173	160
672	264	167	162
676	268	164	161
677	267	164	165
679	269	164	164
679	268	165	173
688	271	160	160
687	267	162	160
693	268	166	155
696	262	171	164
699	262	168	159
701	261	171	159
705	261	173	155
703	262	175	158
703	262	169	160
700	261	176	162
700	261	170	163
699	260	171	164
699	262	168	158
693	260	173	169
693	262	162	166
686	269	162	173
674	271	173	174
676	281	166	166
668	280	176	181
662	287	181	178
664	293	173	172
665	292	176	175
659	295	177	174
656	297	173	179
658	296	167	185
654	300	175	183
656	304	171	178
656	299	173	176
666	300	162	161
665	301	167	159
663	300	170	164
661	294	173	168
661	295	165	167
652	296	170	167
651	298	168	165
648	296	170	168
647	296	169	166
646	296	169	167
648	295	164	163
648	296	163	166
642	293	172	172
648	293	165	172
656	293	157	169
648	295	175	181
650	296	180	177
657	300	177	168
665	301	169	160
666	302	172	159
671	302	165	161
667	301	172	161
672	307	167	159
671	305	170	156
679	304	172	162
682	300	171	167
691	298	161	163
693	294	166	165
697	296	162	157
694	292	165	162
693	293	169	157
692	288	165	163
686	284	167	169
685	285	165	167
676	286	170	164
675	290	164	165
670	292	165	160
664	287	164	164
666	285	172	167
669	275	178	179
677	276	176	178
687	270	181	169
701	264	174	160
710	256	171	174
715	257	171	154
713	249	172	164
707	240	171	174
694	234	171	171
673	236	171	157
642	231	175	159
603	240	181	156
563	257	177	158
530	264	162	168
494	273	168	180
478	282	174	175
474	290	174	170
476	291	171	170
475	291	182	166
483	289	175	168
488	289	176	167
490	284	170	173
489	283	176	170
495	278	164	169
495	276	163	166
491	272	163	164
487	268	163	165
486	269	167	169
493	271	161	159
500	272	165	156
512	275	162	151
520	275	160	147
526	270	164	157
531	270	175	161
542	269	169	159
545	265	176	164
565	265	172	173
581	263	175	182
596	256	174	170
616	252	171	164
627	246	177	165
640	239	168	168
650	239	161	178
645	241	166	167
647	250	161	157
639	255	165	163
632	255	167	163
619	255	168	164
611	261	165	161
596	266	174	166
580	269	174	171
573	275	164	164
571	273	165	170
571	273	167	163
577	268	174	176
587	263	176	158
603	253	170	162
622	247	167	163
644	235	158	150
653	226	163	163
673	218	162	155
690	215	160	147
716	215	149	140
735	215	146	140
742	210	148	134
747	205	153	142
755	208	148	136
748	210	158	144
737	211	154	153
720	226	148	141
688	229	159	149
655	240	171	154
645	246	153	151
629	251	159	157
618	257	151	155
604	261	158	164
602	268	154	150
603	268	153	161
612	277	151	145
619	273	157	156
632	277	150	150
645	278	152	151
652	275	155	158
656	273	168	161
674	279	147	137
671	282	149	136
664	281	160	145
663	285	157	145
655	284	156	151
653	284	152	151
645	284	156	154
640	287	150	157
644	290	144	152
639	290	147	151
642	295	144	147
642	302	141	142
637	302	147	151
635	309	152	150
634	317	152	149
622	322	164	148
618	322	162	154
605	325	177	161
598	330	182	172
586	330	186	173
588	331	168	170
588	334	169	166
587	329	164	173
594	331	159	170
595	327	167	159
604	326	167	151
615	321	165	158
627	321	162	153
653	319	154	142
664	320	168	151
678	322	165	157
688	326	162	156
695	328	162	151
700	331	157	138
703	328	153	150
695	329	157	146
686	329	157	148
677	333	157	150
672	337	155	153
664	337	159	158
657	343	159	158
645	353	169	159
643	358	171	168
641	361	168	176
639	369	171	170
635	370	181	175
632	368	182	178
628	366	179	185
618	370	178	182
620	367	166	178
618	363	166	172
618	357	160	173
617	357	158	162
618	361	160	149
621	356	161	156
629	356	157	158
630	357	164	166
634	360	167	165
633	363	177	168
630	360	182	173
631	362	183	168
631	360	185	174
628	358	180	177
629	356	179	178
631	359	175	167
632	350	169	176
627	347	172	184
623	349	169	176
621	347	168	162
615	346	173	167
620	347	163	159
612	346	172	166
618	347	171	164
623	345	173	169
631	346	180	166
652	340	180	174
669	337	180	186
689	338	169	167
693	334	179	158
701	329	179	161
707	326	171	150
713	324	165	153
707	323	177	157
713	325	171	154
717	322	170	153
727	320	167	158
735	321	169	160
743	323	171	160
751	327	178	154
761	324	193	163
783	321	186	163
811	321	173	159
826	315	178	168
837	314	183	165
851	306	176	175
855	301	170	175
858	297	162	161
850	288	177	153
861	281	165	145
867	279	161	139
868	279	160	127
881	275	156	129
893	277	157	124
908	276	153	125
906	276	151	125
890	275	154	130
886	277	154	132
873	286	151	131
856	288	155	144
812	295	188	168
785	307	180	158
745	319	179	153
693	323	180	157
658	327	168	165
621	333	169	164
593	330	170	168
587	334	169	169
595	331	164	166
616	321	167	163
650	317	161	155
698	309	164	160
750	304	174	158
806	307	170	156
846	310	170	161
868	313	170	166
868	310	170	173
842	306	166	176
793	311	174	162
740	312	184	159
689	311	175	157
643	321	173	159
613	325	165	157
580	322	173	171
556	328	186	189
556	332	182	194
560	328	186	193
574	326	192	191
602	319	202	182
636	317	191	193
671	304	176	187
684	298	190	177
711	284	179	174
723	278	175	165
726	269	171	162
724	265	168	152
717	261	171	157
709	260	170	154
700	266	171	144
685	263	164	151
674	263	162	155
665	271	156	153
652	278	164	156
646	286	168	158
633	286	178	165
623	288	176	167
616	287	175	175
606	286	178	172
598	285	178	175
594	283	171	174
585	281	174	169
589	285	161	164
590	283	162	159
592	279	157	158
596	282	159	156
600	284	156	154
599	286	165	153
598	290	169	153
604	291	162	161
595	293	174	162
596	299	172	172
582	299	180	185
560	311	191	195
543	315	205	197
545	312	201	199
543	311	200	200
539	308	197	199
537	310	206	191
543	306	199	196
556	298	192	196
562	296	187	192
581	293	181	179
595	293	175	178
608	289	173	172
618	294	175	164
627	292	175	164
629	292	172	160
633	290	167	162
635	287	162	159
628	284	167	170
622	287	169	164
613	285	172	169
610	286	176	176
614	290	163	160
607	291	173	166
610	292	173	168
608	290	175	171
611	293	173	167
616	295	170	151
613	291	173	169
621	294	166	156
614	292	179	165
619	288	173	163
617	287	172	156
615	289	169	163
616	287	165	167
615	287	167	162
611	289	174	163
614	291	167	167
611	294	173	160
613	293	171	163
618	298	163	156
615	294	167	168
619	298	164	161
620	299	164	161
623	299	168	168
630	305	160	163
629	308	163	159
635	307	155	156
635	302	159	162
642	301	154	152
643	293	151	152
643	290	153	148
637	288	158	151
625	283	166	159
617	285	162	158
609	284	161	162
597	288	160	147
580	289	170	165
561	296	179	173
553	299	187	194
533	303	207	200
533	304	206	197
536	301	202	200
541	302	198	190
547	293	196	202
552	286	194	224
568	290	175	179
577	284	170	181
580	286	169	166
586	283	161	166
589	281	168	152
592	284	158	152
