33	480	39	38
41	494	33	32
53	502	29	31
65	501	32	25
84	505	31	27
101	507	32	24
116	513	30	22
132	515	33	24
149	520	35	24
165	524	38	25
185	527	36	22
205	525	33	25
220	526	34	27
238	524	34	29
251	520	34	31
259	511	31	32
261	498	31	33
258	489	34	38
256	476	38	37
262	464	37	35
265	456	35	32
267	443	42	36
268	428	39	39
264	412	41	39
259	395	39	39
258	375	41	40
250	356	41	39
244	338	43	38
239	320	41	33
236	304	41	36
229	291	41	34
227	283	39	31
234	275	37	35
233	270	39	34
235	259	39	35
243	250	39	37
252	246	40	37
261	237	40	35
268	233	39	32
277	229	40	33
284	226	39	34
294	227	40	33
302	227	41	34
304	228	39	34
305	230	40	39
311	234	42	43
314	241	44	42
317	248	46	38
320	252	47	41
329	257	50	49
342	263	49	49
352	268	48	47
362	275	46	44
371	283	47	44
375	294	45	40
376	307	47	43
379	320	46	40
383	329	43	45
385	340	43	42
394	352	39	42
400	367	39	46
401	384	40	43
401	408	41	43
404	431	44	42
404	455	44	44
406	480	50	45
409	504	45	45
406	521	47	44
410	532	45	44
418	537	48	41
427	540	45	40
441	543	43	39
455	545	43	47
467	547	45	41
489	550	43	43
505	549	45	42
523	546	42	47
542	539	44	54
559	530	43	52
572	525	43	47
585	517	39	48
597	512	41	43
609	507	41	41
619	502	39	40
630	497	38	43
640	488	37	49
645	482	40	50
652	476	38	45
662	471	43	42
682	465	40	45
699	462	39	37
708	455	38	36
716	455	33	31
724	456	32	32
727	455	34	33
726	450	34	31
723	447	33	30
721	441	30	31
720	434	31	35
720	428	30	42
719	424	32	43
721	419	33	43
723	413	35	36
724	411	38	38
729	408	40	40
737	410	38	38
748	413	37	35
754	412	40	36
766	414	42	35
773	417	41	33
781	420	35	33
787	425	35	35
789	428	36	33
795	432	37	34
803	436	37	34
810	435	36	35
816	434	35	36
823	436	34	35
829	436	35	36
840	437	37	34
851	434	37	35
870	439	37	31
891	441	41	30
910	440	39	32
926	438	41	31
945	435	37	36
962	437	39	34
983	438	39	37
1000	437	38	35
1012	438	38	36
1023	439	38	37
1024	442	36	35
