500	178	87	132
499	181	79	126
500	181	79	134
502	182	81	142
503	182	81	149
504	182	82	158
505	186	83	161
503	188	82	163
504	188	82	158
501	190	84	159
503	190	83	163
502	192	83	158
500	191	84	160
499	191	83	155
499	193	83	143
498	190	83	147
498	191	82	147
494	190	83	155
492	190	85	157
493	188	85	159
490	188	85	168
501	189	83	170
504	194	87	164
505	193	85	161
505	195	84	165
511	196	89	167
523	197	90	164
536	197	86	167
538	201	89	173
530	199	92	179
518	200	94	177
515	204	93	174
504	210	97	179
491	215	99	180
484	222	102	187
483	225	102	187
476	222	102	198
462	214	104	201
457	212	103	207
459	217	105	201
463	227	103	197
462	242	102	199
462	254	104	198
462	259	99	194
459	259	100	195
455	261	100	199
452	258	103	207
460	252	107	202
462	235	107	203
465	219	103	212
459	197	102	225
451	184	104	215
449	178	108	206
448	170	107	196
445	171	107	191
445	168	107	189
437	167	106	185
439	173	109	170
447	181	111	150
458	189	107	160
465	196	108	174
478	208	107	152
491	220	105	163
504	234	103	165
514	245	102	149
531	260	101	140
543	268	100	143
553	273	102	130
552	268	99	120
551	256	95	128
534	245	98	130
509	231	104	130
487	219	101	128
473	210	98	125
464	199	98	133
467	197	98	128
478	192	97	130
477	195	94	125
482	198	92	121
487	202	97	126
502	209	93	123
514	215	95	119
532	219	94	120
552	216	93	122
572	217	90	120
583	221	88	121
587	222	87	120
576	224	91	119
557	223	96	119
545	223	93	116
526	222	98	119
511	221	96	124
502	226	100	126
507	229	99	122
513	227	99	120
514	222	95	121
525	214	99	116
546	204	100	125
568	201	100	121
589	200	96	126
597	203	94	116
607	205	94	124
613	211	93	121
622	215	92	113
628	218	90	116
630	221	92	111
626	218	92	120
622	214	93	115
618	207	94	120
620	196	97	107
623	186	94	111
620	178	95	109
608	172	96	108
593	167	96	110
582	165	93	109
583	160	94	108
582	165	95	106
563	170	101	106
543	183	103	104
537	205	99	101
516	224	101	105
519	234	98	108
543	222	103	103
574	197	107	97
596	170	103	102
601	152	100	97
594	142	103	100
591	144	106	99
604	159	112	99
621	172	107	101
624	174	103	99
631	174	103	94
641	173	107	104
648	166	104	99
642	158	104	98
629	148	103	96
625	139	103	103
639	133	106	100
659	134	108	102
667	141	106	104
659	154	108	102
646	160	106	113
641	163	106	118
635	163	107	99
615	168	113	102
576	181	122	99
543	199	115	100
535	232	112	104
535	251	111	100
536	247	111	98
544	234	112	105
559	228	115	98
582	224	120	100
607	236	118	104
617	261	119	106
613	293	120	107
607	314	118	104
594	320	115	103
590	317	121	105
604	307	119	108
615	298	117	108
625	296	112	107
635	297	116	111
651	295	115	111
672	293	110	112
681	294	112	112
688	286	107	113
694	281	104	113
703	279	109	112
726	279	102	112
734	276	105	113
728	277	102	114
725	285	103	116
711	290	102	118
690	291	104	118
694	291	103	117
714	285	105	117
725	271	108	118
733	256	104	119
739	250	102	121
738	245	100	120
730	246	104	124
731	257	97	129
731	271	97	126
730	279	96	129
736	278	97	128
757	265	93	126
768	264	90	130
760	258	92	126
766	252	90	131
776	254	93	129
799	254	95	133
815	258	91	133
802	262	93	130
765	264	97	129
742	275	93	130
732	291	87	128
715	300	92	130
694	302	92	131
682	305	83	133
683	298	87	133
689	288	87	135
681	279	86	134
676	274	85	137
674	272	85	134
668	267	86	138
657	271	86	137
644	272	87	138
636	259	93	138
627	257	93	138
620	259	90	138
620	258	88	137
616	258	89	137
609	257	90	137
608	261	87	132
624	271	84	127
637	276	92	131
655	282	87	137
670	293	91	133
689	302	87	130
702	305	87	126
709	306	89	128
707	307	86	123
696	307	88	125
687	304	87	126
672	298	87	132
670	301	86	126
678	293	92	124
686	273	90	127
683	249	87	128
680	234	93	128
695	214	86	119
704	202	87	117
703	196	86	114
693	195	91	119
690	205	89	117
694	213	91	115
700	224	94	116
698	231	92	118
700	241	97	115
702	245	96	113
705	244	98	112
707	238	95	108
714	236	92	112
715	241	93	113
714	243	104	115
721	245	99	118
724	245	97	117
724	239	91	114
721	235	101	118
715	228	104	119
712	227	101	125
700	226	110	130
688	222	115	130
680	228	106	130
678	235	112	139
681	235	120	145
692	233	122	150
692	243	136	150
697	248	140	160
707	267	135	155
716	285	136	160
715	293	145	166
719	308	140	163
714	319	151	160
708	333	144	157
702	358	156	147
698	372	153	152
694	382	168	148
703	393	169	156
709	404	169	159
716	411	174	167
714	425	191	159
730	438	194	167
745	454	189	171
752	474	183	158
753	493	173	158
749	516	167	157
742	529	166	155
754	547	156	149
747	549	169	166
760	548	156	145
741	532	156	140
733	514	145	136
704	487	154	145
694	473	146	148
677	462	145	129
666	444	134	124
662	434	127	124
651	431	128	117
657	421	130	126
650	416	130	120
653	407	135	130
652	407	135	129
652	404	145	140
664	400	144	141
673	395	151	136
665	394	162	134
658	386	164	138
665	370	162	144
665	348	170	152
680	336	168	163
673	320	167	175
670	303	166	185
667	298	155	165
660	290	145	166
649	288	144	173
644	298	136	166
638	299	137	174
645	298	125	165
646	298	120	163
643	299	117	157
632	294	115	151
625	284	111	148
617	270	107	151
611	257	105	141
601	247	103	144
589	240	101	139
573	233	103	139
569	230	98	144
573	229	104	136
574	224	105	134
576	219	102	135
575	218	97	137
580	219	97	134
586	217	107	135
584	215	110	133
589	215	107	134
591	208	110	131
584	199	108	138
578	202	113	141
573	192	115	140
560	181	124	145
555	174	119	143
547	165	125	144
542	155	125	154
533	148	126	158
528	150	124	164
528	149	127	171
530	155	131	175
526	155	152	181
535	159	154	187
545	161	160	191
554	169	154	199
557	171	168	206
563	167	180	209
576	169	181	212
591	170	186	218
603	172	191	223
606	175	194	233
608	179	199	233
620	183	190	239
626	185	207	242
629	196	210	238
634	205	207	241
638	212	198	234
641	219	198	239
650	227	191	240
653	233	196	237
651	240	196	237
649	244	195	244
648	252	197	229
645	248	211	238
639	242	212	237
637	241	220	236
634	242	233	223
631	228	234	231
634	215	232	230
642	202	234	229
654	189	243	208
669	174	244	198
680	162	247	205
670	146	250	195
664	135	246	188
656	122	242	184
651	113	244	182
640	108	241	184
621	113	253	176
609	122	255	167
603	130	249	172
592	138	242	163
583	147	244	164
582	155	242	155
584	168	237	153
588	170	237	156
593	185	243	155
597	183	243	154
602	194	239	149
597	186	243	152
593	183	247	141
599	175	245	140
607	176	241	136
607	169	245	135
599	156	234	135
596	156	233	133
599	156	228	131
598	153	224	128
597	148	220	126
593	140	221	129
590	133	214	126
586	122	214	126
582	111	214	127
576	100	206	123
571	92	208	120
562	60	210	127
553	52	208	124
554	49	204	117
546	41	203	122
515	38	211	121
490	47	209	119
490	58	203	107
502	50	193	123
506	63	196	117
504	73	191	115
499	85	197	109
499	94	194	106
509	100	196	103
520	95	203	107
536	93	199	102
549	88	191	102
552	83	192	102
559	77	190	106
571	78	201	107
590	69	199	109
601	65	191	111
597	66	187	110
588	62	189	117
579	68	185	115
546	70	193	112
527	75	189	113
520	77	180	120
529	85	177	118
533	90	172	113
525	92	169	115
518	94	167	113
511	99	169	114
503	100	166	117
499	111	163	116
482	116	165	118
474	116	158	116
472	118	154	118
468	114	153	119
464	116	150	114
460	122	147	112
460	135	147	109
468	139	145	107
484	147	143	107
500	148	141	110
516	150	129	104
526	150	129	105
537	140	124	105
549	128	126	100
559	116	121	101
565	105	120	103
559	95	122	100
551	85	118	100
541	80	117	97
531	73	116	99
518	71	114	99
511	74	113	101
509	77	116	106
512	83	119	108
515	86	120	109
524	94	118	113
533	103	116	114
540	125	118	121
535	137	130	128
527	145	143	144
524	152	145	132
517	157	144	121
516	164	140	109
518	175	142	105
518	177	142	99
522	178	138	100
518	181	141	92
514	178	135	90
503	177	140	90
494	177	138	91
491	180	134	90
490	183	136	87
495	183	131	86
501	183	133	85
503	182	131	85
504	177	128	85
505	178	129	88
508	178	127	88
509	183	127	88
513	188	126	87
513	188	118	91
509	189	112	90
499	188	113	88
498	184	115	85
504	179	106	86
505	171	114	85
507	169	98	83
507	168	94	84
514	167	87	85
529	174	87	78
547	179	83	76
566	188	81	77
583	194	84	78
596	204	85	76
611	211	84	75
625	219	88	75
645	229	83	74
666	240	84	70
685	248	77	70
690	255	74	69
679	257	75	74
658	252	78	71
636	242	81	75
614	244	81	80
588	242	83	77
558	243	84	74
526	243	84	73
507	234	80	76
485	222	80	83
466	215	79	80
460	213	75	79
456	208	74	78
448	196	74	77
447	191	74	77
445	191	75	73
459	193	78	73
477	195	80	75
497	204	85	78
521	216	86	79
546	228	85	76
563	243	83	75
581	263	87	77
607	286	86	81
632	309	88	75
649	320	94	77
672	338	87	75
692	332	83	77
713	309	76	79
727	293	80	83
742	271	83	84
744	240	91	91
742	219	106	90
744	201	109	96
744	186	105	91
742	173	111	95
736	156	110	101
734	141	101	100
718	118	102	101
705	100	100	104
668	93	108	103
631	96	109	110
605	111	112	108
584	131	110	115
563	156	115	114
548	186	110	110
530	210	109	118
519	236	114	112
520	261	112	108
527	283	115	111
539	295	113	111
544	293	115	113
561	286	107	112
574	265	113	114
596	243	120	117
633	235	118	119
668	238	116	117
689	248	108	118
688	270	110	117
692	288	114	107
702	290	114	106
717	289	108	107
721	294	109	106
716	291	107	109
692	298	115	109
640	296	129	111
610	282	123	110
617	260	109	115
623	239	118	116
613	213	116	119
599	188	112	125
588	188	110	119
593	193	116	124
606	200	109	129
614	221	114	131
620	234	106	125
622	230	102	130
643	240	101	131
653	259	99	134
646	273	98	132
640	279	97	130
661	291	98	126
691	304	102	133
722	317	100	129
740	320	88	131
722	325	97	132
697	325	101	131
691	333	99	133
674	341	105	134
633	335	112	134
624	321	102	138
631	307	102	137
630	291	96	137
624	283	95	137
614	271	99	137
613	267	103	139
625	273	97	141
635	281	92	144
632	286	97	143
629	286	95	141
633	285	94	142
648	285	94	143
661	283	93	142
670	267	95	144
680	257	90	141
679	250	93	135
680	244	89	134
705	248	93	126
735	251	90	129
743	257	90	129
739	254	83	132
721	245	91	136
698	245	95	135
691	244	91	130
673	247	92	134
642	239	98	137
622	220	92	130
627	198	96	141
649	192	94	131
668	200	91	135
687	216	97	142
722	245	104	142
766	283	104	135
791	303	95	136
813	310	95	136
839	284	95	139
834	243	94	138
823	203	97	142
833	165	97	139
838	129	99	143
830	104	100	147
827	82	102	145
831	70	98	144
818	61	100	140
774	77	110	145
723	106	117	150
688	134	118	144
649	180	115	155
608	226	113	153
568	260	115	150
536	301	107	148
521	319	102	145
510	328	101	140
505	335	96	141
500	324	96	142
491	306	94	134
479	295	98	134
485	292	99	135
488	290	94	126
487	293	94	128
484	296	94	134
486	297	101	128
492	298	100	134
486	305	97	131
485	314	94	127
489	323	101	128
506	336	104	125
513	338	102	132
517	334	99	127
523	322	99	139
533	310	102	134
551	302	107	133
556	296	99	143
566	296	106	147
577	297	109	153
597	293	115	165
605	288	118	181
590	293	125	187
592	302	131	195
579	319	134	200
568	353	140	203
584	390	135	236
591	421	144	223
600	440	146	202
608	453	140	211
627	434	141	231
636	414	144	234
643	388	152	229
652	344	151	225
650	287	144	241
632	243	152	236
625	204	147	232
622	179	145	217
621	170	137	220
609	173	137	219
613	173	133	211
623	173	135	203
633	171	125	196
631	179	121	183
625	191	123	187
616	202	117	183
604	218	112	177
582	232	107	165
582	230	99	161
579	223	96	159
583	227	99	155
592	217	101	148
607	210	92	141
613	215	92	140
619	227	94	139
619	229	87	135
609	225	89	131
599	225	92	128
598	221	88	127
613	206	87	131
640	203	88	126
657	212	91	125
659	221	90	128
663	236	87	124
670	246	90	119
683	258	88	117
683	257	88	113
693	264	91	114
700	250	98	114
706	222	99	118
714	201	97	120
714	184	97	121
707	175	102	117
708	171	103	113
705	176	107	117
706	184	111	114
704	188	114	119
694	194	121	115
685	198	127	117
686	212	127	112
693	217	134	110
690	225	136	108
683	233	136	115
655	244	148	109
619	242	150	107
585	240	148	109
565	235	146	108
545	233	144	101
535	228	139	100
537	215	139	101
543	201	144	104
561	196	139	102
572	197	137	103
569	202	138	101
571	206	136	101
557	209	139	100
540	219	138	97
534	228	132	97
531	232	130	101
526	233	129	101
523	231	126	111
518	229	125	109
513	229	125	104
510	222	121	105
516	220	124	110
527	219	122	105
526	215	115	105
516	207	117	112
517	204	116	109
511	202	112	109
510	203	115	109
512	200	114	109
521	197	108	112
529	192	111	111
549	182	111	107
559	172	112	101
571	156	109	102
579	142	107	100
585	132	103	99
591	121	105	101
600	112	109	107
603	104	115	106
610	96	113	109
611	99	107	101
614	100	98	94
616	102	91	93
609	107	88	98
598	117	88	95
594	132	86	91
590	152	87	87
583	173	86	89
575	190	81	91
564	205	80	95
559	211	81	94
567	214	79	88
578	214	79	86
576	204	77	93
570	202	78	92
573	198	76	86
580	187	75	83
580	178	74	83
570	173	72	90
560	173	71	90
545	173	74	94
532	174	74	96
517	176	75	97
507	181	72	96
498	181	73	99
495	185	71	104
497	194	75	101
497	198	79	105
513	206	82	102
537	212	84	101
561	218	81	104
569	225	80	104
576	224	80	103
565	219	80	102
556	214	81	105
556	208	78	112
550	209	82	113
539	211	82	114
539	215	81	109
530	218	84	113
524	223	85	119
524	235	85	120
529	249	86	122
532	266	84	118
539	279	82	116
548	286	83	117
554	288	84	122
550	286	81	131
549	281	81	142
547	277	83	142
544	268	85	159
542	250	88	161
547	236	84	158
551	218	88	161
561	197	82	162
571	179	83	166
592	178	83	146
608	180	80	153
602	184	77	160
594	195	79	157
585	212	80	157
569	203	84	165
563	203	78	152
552	210	78	147
547	213	77	152
550	221	77	150
553	229	77	148
554	235	77	152
544	240	81	150
542	252	78	149
545	256	77	149
550	257	77	146
548	251	79	141
546	246	77	148
554	238	76	154
558	225	76	153
559	214	79	153
571	200	78	141
576	186	78	133
570	182	75	122
569	185	79	111
577	181	80	108
591	184	80	112
599	203	78	104
592	218	80	106
582	226	77	103
570	232	84	114
569	244	83	110
568	245	85	108
568	232	88	106
565	225	86	110
567	219	87	112
578	214	91	109
581	212	88	107
581	216	90	105
587	217	88	110
588	214	88	108
582	215	90	108
586	215	85	110
584	209	87	112
575	203	88	109
577	200	86	108
589	199	89	108
596	195	91	107
606	193	88	108
611	188	89	108
623	188	92	104
648	186	92	103
662	189	91	109
662	192	90	110
655	192	94	105
644	190	98	104
624	186	101	109
595	192	107	111
578	198	107	109
571	202	104	108
564	203	107	106
559	203	103	107
551	192	107	110
545	185	109	112
549	189	109	107
545	190	113	104
545	192	115	106
544	196	115	112
540	195	116	104
545	188	122	105
559	182	126	104
576	176	125	103
584	164	122	106
585	159	121	109
591	153	126	110
604	147	124	108
622	138	126	112
637	129	124	113
641	127	125	109
642	128	126	107
644	127	126	104
656	123	127	110
665	121	131	113
656	118	128	108
648	122	127	110
655	128	130	110
668	131	133	108
672	138	130	111
670	151	133	110
677	158	135	106
692	169	134	107
708	172	126	107
721	179	132	108
734	178	131	100
742	163	118	108
745	157	127	108
753	154	128	109
752	150	131	106
750	143	134	108
752	138	135	113
762	139	131	114
764	139	133	112
760	146	127	114
760	151	126	113
760	150	124	115
761	156	125	111
761	162	121	120
758	173	123	119
751	185	123	119
757	209	115	114
754	225	121	117
734	246	126	116
725	272	123	120
731	289	122	118
745	290	117	116
748	282	119	119
741	278	118	120
725	268	117	124
712	255	117	120
707	250	114	122
713	251	112	126
719	245	103	130
715	234	104	132
719	229	103	131
740	221	103	126
751	211	99	135
751	206	95	137
759	202	98	136
777	193	101	140
788	192	100	144
778	193	100	137
749	184	105	136
716	183	101	131
697	181	98	134
712	173	96	138
728	156	101	136
729	146	100	135
735	136	101	135
747	125	106	143
761	111	121	135
782	109	116	140
807	124	117	138
823	137	121	138
819	148	124	136
810	157	123	138
798	165	125	137
791	162	132	134
788	162	133	136
782	154	126	142
767	149	128	144
745	145	139	146
728	134	139	151
706	131	147	151
683	130	145	150
664	128	143	157
646	133	145	159
630	146	150	158
626	156	149	163
617	173	154	165
609	188	154	175
596	209	164	172
593	228	158	174
584	242	168	175
579	252	169	172
574	254	170	173
578	249	165	183
568	242	172	180
561	232	173	181
549	212	169	189
533	203	175	190
523	194	175	192
515	183	174	194
506	178	177	190
494	167	185	207
485	171	184	202
477	163	187	210
486	167	190	208
490	164	200	209
499	166	197	211
507	168	190	210
502	163	193	213
501	163	199	215
505	162	190	212
504	161	196	207
499	157	193	209
497	155	202	209
502	158	196	199
507	160	197	206
513	167	195	204
508	172	198	197
509	174	195	192
508	165	196	204
504	168	193	196
490	167	189	196
481	172	173	186
470	167	186	195
474	176	183	178
480	172	178	178
491	168	169	188
499	169	170	179
512	171	155	178
520	172	151	175
525	171	152	172
539	175	143	170
548	175	142	172
550	175	140	176
556	175	135	179
556	177	131	169
554	170	129	172
560	161	132	170
570	155	132	167
576	145	131	171
566	134	134	181
563	124	132	178
561	122	128	177
561	113	137	180
568	107	130	179
565	106	135	185
556	107	133	181
545	105	144	180
546	102	137	190
545	108	138	187
554	113	137	188
560	120	141	181
573	124	132	176
569	131	134	177
564	140	134	178
563	153	131	172
559	162	129	172
559	170	128	171
562	176	131	167
564	179	128	173
560	185	124	172
549	194	122	166
546	194	127	164
545	194	127	164
546	190	124	166
542	186	130	163
551	183	125	165
549	179	128	163
567	167	123	166
570	162	131	169
584	159	130	166
601	162	125	170
613	162	125	165
626	158	127	163
646	157	125	165
660	150	123	173
668	152	130	174
679	153	128	174
679	153	134	176
685	159	136	175
699	159	128	177
681	163	137	172
670	172	136	174
666	181	131	171
649	193	137	169
631	208	140	165
623	218	142	167
614	228	140	171
606	233	141	171
610	241	143	167
622	250	132	161
629	252	125	164
634	259	129	161
640	265	120	160
641	267	120	157
632	283	121	156
611	303	132	155
628	310	120	152
649	317	118	147
651	323	122	147
659	306	122	146
670	284	121	144
688	272	123	143
709	252	127	141
718	236	125	146
718	236	132	141
714	238	130	135
715	240	131	136
715	248	134	132
713	248	134	131
707	246	139	132
698	255	148	128
698	269	149	128
711	260	145	125
715	249	146	121
682	245	156	124
660	237	153	125
662	231	154	121
655	229	160	120
652	222	151	117
645	211	151	121
634	218	156	123
626	216	158	129
624	211	158	122
621	212	156	120
616	207	158	119
614	198	159	113
625	190	158	130
637	186	158	132
649	179	166	123
671	171	165	125
687	166	164	109
696	155	167	131
697	154	169	115
708	159	165	111
717	167	169	122
731	182	162	103
733	193	164	115
732	206	159	105
720	218	168	104
711	221	166	108
695	230	167	96
683	232	165	93
671	229	159	100
654	232	165	97
636	227	171	105
623	234	155	104
604	236	153	98
595	231	146	111
582	226	146	115
573	219	144	114
563	214	145	110
558	208	149	117
558	197	153	113
558	185	156	109
560	176	158	112
567	170	154	121
574	164	161	106
587	154	163	118
604	156	150	127
608	159	147	113
609	159	143	124
604	164	139	123
608	173	137	118
617	183	142	115
640	195	136	113
651	204	132	124
662	219	127	118
669	233	125	109
678	247	119	115
685	257	118	105
691	264	114	103
692	260	109	106
692	250	106	100
692	227	107	101
698	202	101	102
709	182	102	105
717	160	105	97
727	150	103	94
743	137	97	95
758	124	95	95
763	123	96	95
768	128	99	90
781	130	93	90
787	134	93	90
785	138	93	94
781	137	92	97
784	132	92	90
793	116	97	95
798	97	100	97
791	77	102	102
767	61	108	104
758	42	108	103
748	20	112	111
733	4	114	113
714	-5	121	101
715	0	119	97
712	-15	111	103
698	-1	123	88
670	-8	137	78
682	-2	132	78
688	1	119	80
685	-1	131	89
687	0	127	112
674	8	139	138
679	27	139	136
684	33	141	129
685	38	145	125
678	45	142	132
668	44	147	131
659	44	145	132
651	55	146	132
646	66	151	135
648	73	149	132
648	79	154	136
644	80	159	137
641	81	164	141
651	83	149	143
646	93	148	134
640	95	149	134
637	90	151	138
635	85	147	139
630	87	154	137
631	89	160	143
625	96	163	150
621	108	160	155
620	124	167	158
624	143	173	153
625	165	171	152
633	176	176	153
639	180	167	151
644	179	172	152
654	179	174	153
655	173	174	156
663	179	178	156
668	183	181	160
676	192	178	155
684	195	177	155
687	184	179	160
694	173	182	159
699	163	182	159
698	151	181	164
692	148	183	165
690	143	184	159
685	135	186	164
680	130	188	153
674	132	187	165
657	130	188	175
632	128	194	159
601	131	202	135
575	131	201	132
549	129	201	141
524	126	203	151
504	118	208	163
493	108	202	165
473	111	208	148
463	114	204	142
452	111	211	143
448	104	213	154
451	105	209	147
454	100	203	150
462	100	208	156
469	100	208	161
472	96	201	149
471	94	206	152
471	87	209	153
469	82	211	153
470	75	216	156
463	72	218	163
468	75	221	164
473	83	216	157
476	87	214	155
485	89	208	149
488	80	207	149
489	76	212	147
491	67	208	162
486	66	205	154
482	65	214	158
