611	328	28	28
608	331	26	22
605	333	27	21
601	334	27	23
601	338	25	23
598	346	27	25
595	360	24	25
593	375	23	25
593	391	24	26
593	410	25	26
593	428	24	25
594	420	25	27
595	405	25	26
596	393	26	25
595	381	26	24
597	369	25	25
598	358	25	25
598	349	25	26
597	343	26	25
595	333	25	24
594	325	25	24
592	322	25	24
590	318	25	22
588	312	24	25
585	309	25	24
584	307	24	24
584	305	24	25
582	303	25	25
580	304	25	25
575	306	26	22
572	307	32	25
569	309	37	29
564	309	39	34
564	309	39	34
564	309	39	34
546	336	31	29
543	348	27	29
534	365	27	27
526	381	29	27
519	398	27	28
513	418	28	27
510	420	28	26
508	409	27	25
505	393	27	26
505	383	26	26
506	372	26	25
504	362	27	25
507	351	26	27
506	344	27	27
503	341	28	26
502	336	27	26
499	334	28	26
496	333	28	26
493	333	27	26
489	332	28	26
488	334	29	26
487	335	29	26
487	338	29	25
484	338	33	28
485	337	33	29
488	341	31	28
492	343	29	27
497	345	29	29
498	346	31	31
503	355	33	34
502	358	39	32
502	367	43	29
507	374	43	27
515	384	35	30
515	399	34	28
521	418	27	32
517	439	30	32
514	446	30	31
511	436	29	29
505	420	29	27
499	404	27	29
494	396	29	28
492	387	29	31
490	380	31	27
493	374	30	26
494	372	32	25
497	367	29	25
498	362	32	26
504	356	29	25
509	350	28	27
514	347	29	26
518	341	28	25
520	338	28	25
519	335	31	24
521	334	29	27
523	333	30	27
525	336	32	27
533	340	28	28
536	343	28	26
538	344	29	27
538	348	28	26
534	346	27	25
530	340	25	25
524	332	25	24
515	325	25	24
508	321	26	25
504	313	25	26
503	308	25	26
503	300	25	26
505	291	25	25
507	279	25	26
515	262	27	26
529	247	28	26
545	228	25	26
555	216	27	27
567	206	27	25
580	201	28	25
592	201	28	24
601	201	28	25
609	209	26	24
613	215	26	25
616	222	26	24
621	226	26	24
629	226	26	24
640	228	26	24
652	226	26	24
660	223	27	24
673	218	28	24
684	215	29	24
700	215	26	24
711	214	27	23
723	212	26	24
735	212	26	24
747	215	26	24
760	217	26	26
775	222	27	25
788	228	27	26
804	236	27	26
818	244	28	24
831	253	27	24
844	262	26	25
853	273	29	25
846	271	27	28
837	270	27	27
837	260	27	28
838	253	26	23
837	243	26	24
836	239	26	25
836	234	25	25
834	230	26	25
834	225	26	25
831	224	26	24
831	224	26	25
829	222	26	26
828	224	27	26
825	229	27	24
824	231	25	26
822	237	25	24
820	242	26	25
818	248	26	25
816	256	27	25
814	264	26	26
812	274	26	27
811	285	27	26
809	298	26	27
806	310	28	28
804	324	28	28
800	340	28	28
800	354	28	28
796	369	28	31
793	390	28	28
791	408	28	28
786	430	31	32
783	442	33	39
785	476	27	32
783	502	28	30
780	530	29	29
778	542	28	27
776	524	29	28
772	502	30	31
768	485	29	31
765	468	30	30
765	452	30	31
763	439	31	30
761	426	29	29
756	418	30	28
753	415	29	28
750	416	29	28
748	416	30	28
742	421	31	28
744	430	29	30
741	447	29	29
742	469	28	29
744	492	28	31
745	514	29	34
746	539	30	31
750	530	29	31
752	513	29	31
756	496	29	31
762	481	28	30
769	464	30	32
774	450	30	31
777	441	32	30
778	433	36	31
778	429	35	28
779	426	34	28
781	425	33	28
779	422	33	30
781	425	32	29
781	428	30	30
780	432	33	29
778	436	34	30
779	434	34	30
779	433	31	29
780	432	30	26
780	427	29	28
773	424	31	30
758	428	34	29
734	434	33	31
711	444	32	29
692	454	28	27
670	465	30	27
651	476	29	27
634	489	29	28
615	502	29	29
597	517	30	26
582	530	27	27
573	514	27	28
565	501	28	28
556	487	27	28
549	480	27	25
541	471	27	25
532	463	27	25
528	455	26	26
522	447	26	24
517	441	26	24
515	433	25	25
513	426	25	24
513	423	25	23
511	421	23	23
510	416	23	23
507	415	24	23
501	413	26	23
500	413	25	23
495	410	26	24
493	413	27	23
493	413	25	23
486	413	27	22
486	417	26	22
482	418	26	23
480	423	24	23
474	427	26	23
473	435	25	25
470	443	26	27
473	452	25	28
473	467	24	25
470	477	24	24
467	468	25	25
464	459	25	24
460	450	26	24
454	444	26	23
450	437	26	25
448	433	25	25
448	429	25	25
446	424	26	24
443	419	26	25
440	414	26	25
436	409	30	26
435	403	29	26
429	398	33	27
429	395	29	25
427	389	33	26
430	384	30	27
436	379	28	26
437	376	28	25
438	373	30	24
442	374	28	24
445	373	28	26
445	374	31	27
450	378	30	26
450	381	30	26
454	382	28	26
455	385	28	26
457	387	27	24
456	386	28	24
455	383	27	27
454	377	27	28
452	370	25	27
446	364	25	27
439	359	25	27
434	354	27	27
433	352	26	28
430	352	26	26
431	347	25	24
434	344	25	24
437	335	25	25
445	324	27	24
459	309	28	25
473	294	28	28
487	278	28	27
500	261	28	28
512	244	28	28
526	228	29	28
543	215	29	28
561	205	29	27
576	199	30	25
592	192	29	25
605	186	27	23
617	181	28	25
631	180	27	25
643	175	26	25
651	173	28	25
660	173	27	24
668	171	28	24
678	170	26	23
687	172	27	25
695	174	27	24
709	175	27	25
722	176	26	26
739	182	26	24
755	190	26	23
768	196	29	25
784	204	29	25
800	215	30	25
816	224	30	25
835	236	30	26
853	248	28	27
863	256	26	21
861	249	26	24
856	247	26	25
850	241	27	26
849	240	27	23
846	238	26	22
843	237	25	22
839	237	25	23
835	239	24	22
833	240	24	23
828	245	24	22
824	250	24	22
819	254	23	22
816	258	23	23
815	267	23	21
811	273	23	22
808	282	21	22
808	290	21	22
805	300	22	21
803	310	22	21
799	322	23	22
799	333	22	22
797	345	20	21
793	356	21	22
793	370	21	22
787	385	23	20
785	400	22	20
782	417	21	19
782	433	21	22
779	446	23	23
776	466	22	19
775	484	20	18
773	503	19	20
774	489	19	19
772	476	20	20
773	463	19	19
774	451	20	18
774	439	19	18
770	429	20	19
772	421	20	19
771	412	19	19
771	405	19	18
771	398	19	18
772	392	19	18
771	387	18	17
770	384	19	17
770	379	19	18
771	376	18	18
772	374	18	17
771	374	18	17
770	370	18	17
771	370	18	18
768	370	18	17
769	371	18	16
767	374	19	16
767	375	18	16
766	378	18	17
766	382	17	16
766	388	17	16
766	392	16	17
765	397	17	16
766	402	16	17
763	410	17	16
762	417	17	16
761	424	17	17
761	434	18	15
760	443	17	15
760	455	17	15
759	466	16	16
757	475	16	17
757	470	16	16
755	460	16	16
757	451	15	16
756	446	17	14
754	437	16	17
755	433	15	14
755	429	18	14
754	425	18	18
752	420	18	19
752	417	16	16
752	415	17	14
752	413	16	14
751	411	17	14
752	412	16	15
751	412	15	14
753	412	14	13
753	412	14	13
744	383	17	13
744	383	17	13
744	383	17	13
744	383	17	13
744	383	17	13
744	383	17	13
744	383	17	13
712	417	19	12
712	413	19	15
710	407	19	18
698	404	23	21
687	408	23	20
