346.000,352.000,56.000,62.000
355.619,357.678,55.936,56.137
355.736,353.054,54.732,57.588
355.410,351.136,56.477,59.329
358.956,350.464,57.313,62.376
367.191,351.036,58.014,62.292
378.703,352.827,58.715,60.633
385.492,355.278,55.349,58.706
398.104,358.558,57.893,57.348
404.544,361.292,57.640,56.531
411.159,368.265,57.868,54.949
418.345,371.685,57.819,56.333
424.626,376.431,58.475,56.698
430.737,380.697,56.626,57.309
434.861,389.537,56.471,56.849
436.334,394.466,56.794,54.235
435.523,394.342,54.890,60.829
431.220,391.574,55.301,63.128
420.751,389.810,61.191,61.004
403.515,390.655,57.848,49.374
390.128,398.574,55.835,55.636
385.383,405.533,55.386,65.977
386.979,409.889,58.875,68.980
398.581,419.428,60.354,71.466
408.489,427.167,60.202,70.444
410.070,429.754,60.912,68.069
409.822,425.482,61.230,70.450
410.191,411.369,60.327,71.177
408.519,401.543,61.513,73.176
409.164,396.814,63.015,74.169
410.707,390.444,65.414,75.679
406.397,387.805,67.900,78.080
401.294,393.220,70.425,76.626
398.357,398.218,70.690,76.476
396.775,395.797,72.628,80.094
398.463,395.276,77.265,81.201
402.027,401.419,80.925,82.659
399.394,403.513,83.777,83.221
397.829,402.142,84.488,86.669
400.389,401.513,87.801,88.915
399.398,401.492,90.108,90.085
394.105,396.943,97.712,91.788
384.875,391.769,100.455,97.190
365.771,386.237,108.698,99.948
348.356,379.556,115.294,102.713
339.627,365.174,114.477,104.989
334.867,349.990,121.225,106.974
337.574,346.493,124.929,112.325
335.079,348.318,130.464,112.835
326.717,342.560,134.507,111.409
309.196,332.894,143.732,114.247
292.986,318.569,150.315,112.779
286.985,302.718,152.758,114.298
280.355,293.656,155.863,118.805
278.623,287.402,161.320,116.698
289.831,272.002,162.150,125.798
307.052,264.956,167.681,127.672
318.612,265.397,169.230,128.169
337.456,256.307,171.351,136.051
351.275,258.057,167.521,137.828
367.369,262.116,167.006,145.535
376.098,260.911,164.617,145.034
391.131,260.145,158.309,145.265
406.078,261.540,153.602,147.838
422.505,261.727,155.138,151.373
434.357,264.863,149.979,146.183
448.388,261.725,144.770,145.519
454.366,261.449,144.404,146.480
459.615,261.069,143.470,142.928
454.600,262.040,147.693,140.136
449.249,247.937,151.463,143.171
425.990,244.848,157.431,140.072
412.879,230.800,160.906,142.700
396.094,213.115,158.596,146.660
383.175,195.671,156.562,142.659
373.728,178.659,158.849,145.438
371.482,163.089,155.140,141.610
369.780,150.884,154.073,137.704
366.598,132.745,157.135,142.283
364.131,117.840,157.861,139.600
372.282,113.137,155.621,135.300
376.960,105.094,152.784,138.477
382.367,99.950,153.806,139.315
389.138,109.901,152.307,136.076
400.073,111.232,150.702,133.125
410.110,118.545,150.641,130.667
422.391,123.104,146.137,129.183
431.165,134.957,145.756,134.025
439.624,143.037,148.415,135.148
448.868,149.100,147.016,137.312
458.584,148.999,144.892,138.340
469.453,147.673,145.233,142.693
479.038,146.962,146.080,151.337
494.064,132.623,139.194,173.733
506.000,140.385,147.141,172.255
507.243,159.773,151.677,153.682
505.775,175.598,149.260,144.113
498.911,182.202,147.133,141.248
502.258,189.992,139.099,139.954
491.919,190.245,134.220,137.314
493.511,180.391,129.640,139.610
483.411,184.202,131.566,139.918
478.825,170.490,130.536,143.017
472.419,179.270,129.551,137.355
470.934,162.493,127.620,140.446
465.385,144.024,129.882,150.044
469.901,132.240,126.927,153.989
474.782,118.968,125.849,145.130
475.927,101.260,127.121,154.563
482.008,95.484,130.351,154.268
493.156,94.713,131.219,146.648
508.314,95.153,127.920,132.573
522.474,99.613,128.218,131.931
537.414,103.020,126.908,129.099
546.557,97.918,130.145,134.787
552.295,94.913,129.487,138.740
560.328,95.505,130.414,132.248
561.841,102.303,127.805,136.775
560.838,104.296,130.357,147.604
563.692,106.243,131.961,134.075
565.133,109.044,127.949,132.147
571.859,108.276,128.451,139.344
575.981,111.120,130.664,165.325
591.924,105.803,133.236,141.704
605.851,110.684,131.205,135.719
617.321,110.580,135.306,155.928
623.673,108.185,144.125,169.632
632.105,107.259,132.527,173.199
639.089,116.370,132.375,171.910
647.820,114.316,131.897,148.627
654.739,117.936,132.978,139.098
663.242,116.412,134.484,142.285
670.201,114.921,134.836,141.449
675.258,108.488,136.940,147.925
675.394,107.389,137.181,150.542
675.232,103.198,140.627,155.741
672.875,100.566,145.062,152.606
678.656,95.371,143.031,148.726
687.441,91.517,149.729,141.329
693.157,87.057,159.138,145.791
707.196,78.738,172.136,153.259
721.172,77.731,182.866,179.138
740.630,79.388,187.940,188.851
757.504,75.865,181.637,180.961
774.518,78.876,217.468,187.043
798.686,77.743,214.506,203.853
813.647,74.927,211.331,224.270
832.094,75.376,210.042,233.842
838.480,74.640,217.698,235.675
851.376,80.936,220.854,218.380
883.726,84.179,201.946,196.693
878.741,85.694,204.340,217.865
871.988,84.621,204.835,226.475
873.353,90.398,216.207,226.073
869.260,93.369,209.261,226.290
856.027,95.150,216.352,230.219
839.420,101.392,218.245,238.950
820.894,101.293,219.335,242.673
810.825,97.488,252.820,223.546
799.544,101.726,240.468,244.396
789.089,105.081,242.154,225.779
785.734,104.357,244.636,218.525
782.192,105.625,249.127,225.185
773.725,123.724,257.074,238.938
772.749,121.069,272.455,236.865
757.895,117.881,293.164,284.167
777.191,123.304,291.837,290.960
787.598,132.303,277.067,299.594
784.418,131.391,287.669,266.251
788.242,136.990,305.946,279.715
775.278,142.203,292.422,339.893
769.313,138.246,283.874,348.902
766.680,149.574,294.458,333.958
746.208,155.775,319.296,332.840
729.633,164.016,308.178,380.779
714.123,157.511,320.555,346.285
710.119,162.836,304.001,350.607
692.520,166.991,308.133,336.043
685.729,167.370,354.389,321.241
675.392,159.989,408.190,365.353
656.848,167.176,384.833,444.176
632.833,159.118,388.810,479.144
619.347,172.633,458.236,472.385
616.228,166.414,451.432,508.712
592.009,129.522,432.120,537.593
586.820,119.046,438.576,535.518
579.863,83.411,452.103,537.414
581.934,65.569,458.237,580.711
570.326,53.090,577.660,585.791
546.126,18.159,596.898,596.432
521.491,22.668,584.107,592.276
510.982,12.097,544.985,611.496
500.594,18.323,626.721,609.732
473.289,10.429,688.653,613.012
460.987,23.844,689.694,606.636
466.071,24.585,687.066,598.672
457.335,42.882,684.455,582.181
439.208,46.783,683.283,567.734
442.713,53.623,678.574,576.268
403.021,73.229,675.206,572.823
425.268,91.717,657.105,548.395
464.689,98.435,646.342,527.345
435.671,124.112,626.829,517.489
456.153,114.964,588.160,509.142
447.522,124.953,539.385,503.627
470.979,127.725,532.276,490.558
489.685,132.489,518.689,477.494
499.344,152.072,491.481,484.650
506.150,170.099,455.455,469.005
506.353,180.062,435.404,445.890
504.531,207.804,415.302,424.556
502.944,219.602,381.725,413.391
505.751,203.085,378.016,403.785
489.955,204.958,369.009,390.328
473.727,183.601,348.372,383.907
455.571,180.159,347.447,363.639
442.405,152.552,368.143,355.840
469.977,132.266,361.730,368.322
489.646,127.299,333.313,351.458
508.231,111.784,316.560,338.073
519.735,115.377,304.209,321.358
533.036,112.206,285.839,304.634
546.180,115.533,274.129,301.029
570.141,130.195,268.405,295.943
569.139,141.367,263.597,275.415
540.325,127.046,264.641,274.764
514.163,139.731,258.505,268.799
487.469,156.660,260.326,274.188
481.480,175.759,261.851,270.768
475.907,197.651,259.419,265.489
476.624,213.845,256.078,264.681
483.324,233.808,256.189,264.800
502.050,235.100,257.439,267.730
526.297,244.475,262.919,262.972
547.904,257.065,274.017,268.816
594.612,268.784,261.452,275.849
600.502,260.044,265.061,275.855
606.557,261.026,268.487,280.949
605.758,260.501,272.694,278.571
617.531,267.487,285.269,289.247
638.148,265.155,283.737,299.738
646.447,263.941,288.811,307.625
665.360,257.087,292.236,317.267
688.229,246.010,302.103,318.852
705.237,237.112,301.540,330.549
720.276,236.698,325.469,339.917
742.491,243.497,325.393,349.228
760.490,248.123,338.269,353.173
782.089,252.666,349.648,343.393
790.451,259.392,363.302,334.790
812.746,268.932,367.921,316.720
836.155,257.408,370.776,330.618
848.999,240.735,379.603,347.470
841.624,233.838,376.714,344.805
