216.000,302.000,49.000,49.000
217.994,308.152,48.108,44.935
223.208,310.351,41.854,43.366
222.885,309.765,45.137,44.112
229.036,310.208,43.971,43.937
231.157,311.701,42.806,43.197
235.767,309.126,41.389,41.902
239.606,308.233,43.766,44.325
238.759,306.307,44.783,45.359
235.044,303.492,46.216,46.530
240.632,305.961,48.161,44.784
250.021,305.833,44.995,48.275
254.665,308.421,42.655,43.550
254.005,307.548,45.251,41.744
254.764,308.309,44.612,42.418
253.625,308.651,45.779,41.337
250.552,308.998,46.664,44.830
251.463,309.591,44.012,43.708
252.592,311.335,44.779,43.891
249.895,312.543,44.154,45.728
247.034,313.885,43.617,43.556
243.365,310.827,45.275,42.455
241.442,309.266,44.733,44.266
240.519,309.200,44.785,43.010
241.876,308.936,47.373,46.161
244.686,309.782,44.869,45.412
245.504,311.134,42.847,44.047
241.922,310.719,43.359,44.661
239.289,312.644,42.459,39.669
235.643,314.992,43.842,40.524
238.575,316.440,43.594,38.693
239.307,316.535,43.334,41.069
239.556,319.027,43.154,41.277
241.244,320.481,44.758,39.239
242.941,321.194,40.832,40.779
242.709,320.991,43.748,39.484
243.544,319.417,45.883,40.601
248.554,317.902,44.176,43.090
251.868,318.760,43.958,43.014
252.952,317.581,44.510,42.316
254.449,317.539,44.678,42.025
255.802,317.444,44.260,43.565
255.439,316.318,44.730,42.426
254.448,316.738,45.343,43.474
255.773,315.622,44.912,43.143
260.265,317.207,42.603,42.297
260.735,315.591,43.542,42.501
254.430,314.823,46.156,41.645
250.445,312.556,46.316,43.908
241.395,308.839,49.026,46.178
232.329,303.608,50.369,45.852
221.133,300.782,51.243,47.242
220.921,299.182,45.945,44.755
213.263,297.026,45.930,43.755
210.264,295.143,45.650,42.368
209.518,293.923,43.565,44.003
212.109,293.457,42.349,41.956
213.864,292.807,41.220,43.968
213.667,288.976,42.287,45.919
216.803,293.871,41.486,42.650
219.322,299.502,40.782,41.218
222.733,300.960,42.236,38.500
226.771,302.599,44.459,40.320
232.135,306.842,41.003,40.170
232.200,311.135,39.408,38.427
236.968,312.354,38.773,40.067
238.006,312.411,43.229,42.321
239.587,317.139,41.464,41.007
241.224,320.338,45.038,40.379
240.100,327.604,44.251,40.359
233.744,336.619,43.235,38.644
217.795,346.932,45.763,39.886
208.271,356.242,46.916,43.197
203.412,365.738,45.133,45.430
199.181,377.488,42.719,43.488
192.544,388.368,41.207,42.224
181.019,394.280,41.914,40.278
167.038,389.751,44.839,46.356
157.648,388.401,42.716,51.160
147.264,383.198,54.838,54.268
147.824,370.936,51.917,55.458
142.042,356.305,47.926,53.523
146.700,338.297,45.730,48.592
158.393,325.646,45.202,45.384
172.883,318.979,43.580,43.685
178.124,314.043,42.492,40.356
180.038,303.954,44.359,42.182
183.004,293.078,44.453,45.612
187.784,286.011,44.947,40.802
189.754,285.453,44.938,39.787
187.566,287.064,44.583,39.974
183.766,288.216,45.931,40.214
181.146,290.152,46.544,41.281
183.657,293.880,43.799,42.213
183.535,296.891,44.300,42.361
190.347,302.165,44.623,43.216
198.647,310.750,44.457,41.304
206.255,320.590,44.902,42.858
214.596,330.323,43.575,39.899
229.308,332.982,46.075,46.885
246.738,330.154,44.966,45.291
256.937,324.833,44.738,47.628
268.768,324.125,38.448,45.642
276.115,326.942,38.162,39.944
279.986,331.652,40.423,37.384
284.311,337.131,37.629,39.054
288.001,344.859,36.937,38.546
289.752,353.465,37.926,38.572
294.677,365.339,37.036,33.044
297.282,378.527,37.462,32.261
300.864,391.068,36.995,30.899
303.733,391.336,35.741,36.382
303.719,385.806,36.881,39.816
304.844,380.417,36.375,38.208
311.663,373.732,36.197,37.844
321.012,367.994,36.706,37.092
335.882,361.918,34.325,37.406
346.818,357.830,34.787,37.179
355.490,353.739,34.339,35.626
367.450,347.673,33.208,36.416
377.008,344.005,31.275,34.726
384.165,343.627,32.323,34.089
391.902,341.832,32.061,33.371
396.533,339.096,30.808,32.712
397.580,335.125,31.138,33.577
397.297,332.078,30.432,33.849
394.196,330.797,30.077,31.892
387.277,328.339,29.698,30.753
386.585,326.466,28.275,31.275
389.589,324.179,27.907,30.534
395.864,321.927,28.367,29.236
405.170,317.141,29.014,30.365
414.296,313.622,27.224,29.816
420.003,308.820,27.636,29.500
422.862,302.503,26.991,29.477
424.514,298.940,25.858,29.475
421.571,298.960,27.033,27.862
420.659,298.234,27.200,28.055
422.594,295.080,26.910,27.935
426.853,287.147,25.415,26.899
430.264,283.718,28.715,25.606
436.779,279.192,28.538,27.001
445.438,280.191,25.777,26.259
447.109,281.506,27.164,26.509
452.173,286.111,25.511,26.015
450.946,287.808,26.272,25.662
452.762,291.192,25.544,25.613
451.617,295.735,26.908,25.609
448.254,294.858,29.227,27.157
449.872,299.559,24.475,24.752
449.160,302.040,23.833,23.220
447.402,303.065,24.939,21.931
447.735,305.862,25.101,22.845
451.026,307.778,24.551,23.148
452.281,308.283,23.561,23.416
458.067,307.502,22.999,23.646
455.961,304.790,25.441,28.845
461.867,303.226,23.403,31.910
460.703,307.893,23.942,29.453
467.627,314.883,26.560,23.143
479.088,316.807,24.037,22.725
495.055,319.116,20.084,20.473
500.537,319.513,22.182,21.872
502.836,321.497,25.197,23.103
507.087,321.512,23.310,22.515
513.243,320.326,24.036,22.951
519.576,322.545,23.781,22.006
520.479,319.686,25.696,25.643
526.382,319.535,22.352,25.786
529.167,325.353,18.928,21.477
532.409,325.483,19.342,21.266
534.806,326.822,19.681,21.206
540.446,329.473,16.679,18.939
542.920,331.341,19.354,17.599
545.661,333.333,22.309,17.478
551.881,332.344,19.987,20.177
561.397,330.304,17.803,22.724
570.162,329.693,23.190,25.522
588.522,333.334,20.579,24.512
598.777,333.926,24.153,26.199
613.840,337.857,20.879,22.790
621.425,340.018,20.675,21.794
628.189,342.272,18.768,18.139
632.336,342.590,17.496,20.360
634.524,343.363,22.205,20.860
636.434,344.633,24.150,20.864
643.693,348.174,24.513,19.542
647.910,351.469,25.434,18.427
651.867,353.647,25.704,19.901
655.927,354.124,22.816,20.924
657.285,357.204,21.398,19.194
658.565,358.973,17.419,18.683
657.922,360.623,19.805,19.020
661.066,363.637,20.173,18.779
664.542,365.943,18.266,19.140
668.243,366.817,20.836,18.272
668.623,366.722,20.913,20.024
673.302,367.933,22.187,19.698
679.333,370.215,23.249,18.752
682.916,372.144,27.696,20.421
692.261,373.838,27.652,19.347
693.837,374.042,26.180,18.870
696.783,374.351,25.348,18.144
704.661,375.680,18.880,17.704
709.221,376.212,18.770,16.913
715.380,377.638,18.817,17.670
720.948,377.855,16.321,17.208
727.506,379.425,17.897,18.073
731.617,378.430,18.794,18.568
732.497,376.560,21.127,21.589
733.006,375.040,24.334,25.421
737.450,372.502,25.683,29.142
745.167,370.433,20.652,29.627
747.542,372.095,21.914,27.601
746.328,372.094,24.058,27.438
741.915,371.754,27.745,29.261
739.439,373.346,28.835,29.390
736.813,375.335,29.034,28.840
732.232,376.267,30.147,27.145
726.945,374.729,33.120,30.021
723.718,370.754,35.726,33.824
726.427,363.559,35.903,39.251
724.926,362.535,36.449,39.681
727.123,364.552,42.165,36.392
726.803,362.618,41.932,38.911
724.456,372.948,44.862,31.587
721.498,364.975,44.449,39.059
721.498,364.975,44.449,39.059
749.061,374.888,41.777,28.419
755.059,376.852,41.212,24.388
765.268,373.444,33.544,24.657
787.267,367.000,32.272,25.608
804.191,365.489,37.483,25.777
813.814,371.822,37.691,25.299
816.625,379.750,37.836,28.036
812.879,387.745,38.661,23.736
816.153,391.238,33.330,23.655
816.153,391.238,33.330,23.655
816.153,391.238,33.330,23.655
816.153,391.238,33.330,23.655
816.153,391.238,33.330,23.655
816.153,391.238,33.330,23.655
816.153,391.238,33.330,23.655
816.153,391.238,33.330,23.655
816.153,391.238,33.330,23.655
816.153,391.238,33.330,23.655
816.153,391.238,33.330,23.655
816.153,391.238,33.330,23.655
816.153,391.238,33.330,23.655
816.153,391.238,33.330,23.655
816.153,391.238,33.330,23.655
816.153,391.238,33.330,23.655
816.153,391.238,33.330,23.655
816.153,391.238,33.330,23.655
816.153,391.238,33.330,23.655
816.153,391.238,33.330,23.655
816.153,391.238,33.330,23.655
816.153,391.238,33.330,23.655
816.153,391.238,33.330,23.655
816.153,391.238,33.330,23.655
