904	85	102	98
904	86	102	98
927	77	102	98
951	80	107	102
993	115	102	98
1007	148	107	103
1000	161	107	103
1000	161	112	107
1001	170	117	112
1004	170	117	112
996	169	122	117
987	179	122	117
975	126	119	115
951	94	119	115
926	78	119	115
908	78	119	115
888	95	119	115
874	99	119	115
874	90	119	115
878	91	114	110
885	93	109	105
885	91	109	105
888	95	107	103
892	96	107	103
892	96	107	103
892	97	107	103
892	96	107	103
852	121	107	103
845	87	107	103
845	55	112	108
835	35	112	108
827	36	107	103
819	68	112	108
821	97	112	108
823	95	115	110
822	93	117	113
734	196	122	118
735	209	122	118
738	215	122	118
738	216	128	123
737	218	134	128
739	214	131	126
745	205	125	120
751	200	120	115
756	200	115	111
639	117	113	108
647	121	108	104
647	122	103	99
647	124	99	95
640	122	101	97
639	124	101	97
639	129	97	93
639	131	93	89
638	128	93	89
636	125	93	89
635	126	93	89
632	135	89	86
632	134	91	87
632	130	91	87
638	121	91	87
640	112	91	87
642	97	87	84
659	78	84	80
662	78	84	80
664	83	80	77
664	85	80	77
663	87	80	77
659	88	84	80
653	81	80	77
649	80	77	74
650	83	74	71
657	84	77	74
656	85	79	76
654	87	80	77
655	93	82	79
656	98	82	79
660	107	82	79
666	112	82	79
669	115	82	79
675	113	82	79
679	109	82	79
681	106	82	79
680	100	84	81
678	95	84	81
672	87	84	81
666	83	84	81
666	81	84	81
664	79	86	82
665	75	86	82
668	73	82	79
671	74	86	83
675	73	86	83
675	71	86	83
674	70	86	83
671	69	88	84
666	69	88	84
666	68	88	84
666	65	88	84
670	64	88	84
672	60	84	81
671	61	84	81
672	63	84	81
675	62	88	84
672	64	88	84
670	64	88	84
666	62	92	88
664	59	92	88
664	52	92	88
664	42	92	88
665	40	92	88
666	37	92	88
666	34	92	88
666	29	92	88
663	28	92	88
664	32	94	90
660	38	92	88
659	37	94	90
659	29	94	90
660	26	92	88
660	25	92	88
660	32	92	88
659	37	92	88
657	46	94	90
653	59	90	87
653	59	90	87
655	60	90	87
657	64	86	83
656	70	86	83
653	74	86	83
653	75	90	87
653	74	90	87
