514	199	49	30
514	199	49	30
505	198	49	30
499	184	49	30
504	176	49	30
514	174	49	30
518	169	49	30
522	161	49	30
526	158	49	30
530	158	49	30
527	155	51	31
528	151	51	31
532	148	51	31
529	143	51	31
527	142	51	31
532	143	51	31
541	147	51	31
546	150	51	31
551	149	51	31
559	147	51	31
560	147	51	31
556	141	51	31
555	134	54	33
563	125	54	33
557	121	54	33
547	122	54	33
546	122	54	33
544	120	54	33
539	115	54	33
538	112	54	33
533	112	54	33
532	112	54	33
532	110	56	34
536	110	58	36
545	114	58	36
550	114	58	36
549	114	58	36
549	119	58	36
548	122	61	37
553	121	61	37
553	122	61	37
548	122	61	37
552	117	61	37
555	110	61	37
554	102	61	37
553	95	64	39
560	96	64	39
572	97	64	39
586	91	64	39
596	85	67	41
605	84	67	41
606	86	67	41
601	87	67	41
595	89	67	41
594	91	67	41
598	97	67	41
598	103	70	43
604	112	70	43
606	127	70	43
608	136	70	43
612	147	70	43
615	160	70	43
610	159	70	43
609	154	70	43
610	154	70	43
607	156	70	43
596	156	70	43
585	154	70	43
575	145	70	43
569	139	67	41
563	134	67	41
563	135	67	41
563	140	67	41
562	141	67	41
560	143	70	43
563	150	70	43
562	152	70	43
563	152	67	41
562	153	67	41
563	158	67	41
562	167	67	41
556	181	67	41
557	199	70	43
570	225	70	43
576	245	70	43
588	258	67	41
601	269	67	41
601	270	67	41
590	256	67	41
582	250	70	43
580	249	73	45
586	245	73	45
595	242	73	45
600	245	76	47
599	251	80	49
595	259	84	51
596	271	84	51
597	282	84	51
594	292	84	51
591	294	84	51
597	298	84	51
589	305	84	51
573	296	84	51
567	288	87	53
571	286	87	53
571	279	87	53
572	270	87	53
577	257	87	53
582	247	87	53
588	239	87	53
596	234	87	53
601	232	87	53
604	234	87	53
611	237	87	53
617	242	87	53
626	249	87	53
631	255	87	53
637	262	87	53
637	269	91	56
638	277	91	56
631	282	91	56
633	272	91	56
641	272	91	56
636	271	91	56
642	262	91	56
660	260	91	56
680	265	87	53
685	272	87	53
687	279	87	53
686	280	87	53
686	283	87	53
682	285	87	53
673	280	91	56
668	278	95	58
660	281	95	58
653	280	95	58
652	284	95	58
653	286	93	57
654	287	89	55
651	292	89	55
651	302	89	55
645	311	89	55
627	311	89	55
607	306	89	55
608	308	89	55
608	319	86	52
594	316	86	52
587	309	90	55
586	309	90	55
588	306	90	55
596	308	90	55
598	307	90	55
598	308	90	55
597	309	90	55
594	315	90	55
594	314	90	55
594	307	92	56
595	310	92	56
595	308	92	56
595	306	92	56
595	305	88	54
592	311	90	55
589	316	86	53
583	313	86	53
585	308	82	50
594	310	79	48
599	310	79	48
604	309	82	50
604	303	84	52
614	304	84	52
614	305	84	52
612	309	84	52
611	315	88	54
611	328	88	54
612	337	84	52
605	340	84	52
604	348	84	52
602	349	84	52
604	354	81	49
606	360	77	47
606	368	74	45
605	373	71	44
608	381	70	43
606	392	70	43
599	400	73	45
595	402	73	45
589	405	70	43
590	408	67	41
592	406	64	39
591	411	61	38
587	418	59	36
583	418	56	34
579	416	54	33
578	415	54	33
574	412	55	34
574	413	58	35
579	420	55	34
589	391	53	32
594	390	51	31
596	388	49	30
600	385	46	28
606	386	45	27
616	387	43	26
628	389	41	25
637	394	39	24
644	399	38	23
648	400	38	23
656	389	38	23
663	384	38	23
661	378	36	22
654	370	34	21
647	367	33	20
637	364	33	20
632	358	32	19
629	354	32	19
625	351	32	19
617	351	32	19
609	350	32	19
605	350	32	19
602	353	32	19
598	352	32	19
592	351	30	19
583	351	30	19
573	349	30	19
566	350	30	19
562	353	30	19
559	358	30	19
556	365	30	19
549	371	30	19
537	371	30	19
529	368	30	19
517	359	30	19
503	353	30	19
489	353	30	19
475	356	30	19
463	354	30	19
452	350	30	19
443	348	30	19
428	347	30	19
415	344	30	19
408	342	30	19
402	341	30	19
393	337	30	19
389	335	30	19
386	333	30	19
383	331	30	19
379	328	30	19
378	322	30	19
382	319	30	19
386	319	30	19
381	319	30	19
373	322	30	19
370	323	30	19
377	325	30	19
383	319	30	19
389	313	30	19
393	311	30	19
392	305	30	19
395	299	30	19
400	294	30	19
404	295	30	19
409	298	30	19
412	301	30	19
411	305	30	19
412	309	30	19
412	312	30	19
407	314	30	19
399	314	30	19
389	312	30	19
380	310	30	19
373	306	30	19
365	307	30	19
357	313	30	19
349	314	32	19
345	311	32	19
341	305	30	19
338	294	29	18
330	279	28	17
329	277	28	17
327	277	27	16
323	275	27	16
329	278	27	16
336	281	27	16
341	280	27	16
347	278	27	16
354	274	27	16
358	267	27	16
359	262	27	16
361	258	27	16
367	256	27	16
370	256	27	16
375	257	27	16
382	259	27	16
393	259	27	16
403	258	27	16
410	258	27	16
418	260	27	16
428	265	27	16
424	260	27	16
441	265	26	16
449	266	25	15
451	260	26	16
457	261	27	16
479	267	28	17
479	265	28	17
481	268	28	17
485	270	28	17
489	270	28	17
496	270	29	18
509	269	29	18
520	269	29	18
525	266	29	18
531	262	29	18
540	263	29	18
548	266	29	18
554	268	29	18
559	271	29	18
560	276	28	17
555	284	28	17
549	294	29	18
540	304	31	19
531	308	32	20
526	310	33	20
523	309	32	20
525	309	31	19
525	315	31	19
527	321	31	19
528	331	32	20
530	342	33	21
531	347	35	21
533	349	37	22
538	351	38	23
541	351	40	24
544	351	42	26
549	353	44	27
554	356	46	28
559	360	48	29
566	366	48	29
569	375	50	31
562	393	50	31
560	407	52	32
563	423	54	33
570	439	54	33
574	450	54	33
575	459	54	33
569	468	54	33
601	464	54	33
566	427	54	33
575	425	54	33
588	386	54	33
618	408	54	33
580	453	57	35
560	471	57	35
536	519	57	35
488	542	57	35
493	552	59	36
494	546	62	38
501	557	62	38
519	563	62	38
513	551	62	38
471	513	62	38
510	508	62	38
548	508	62	38
581	509	62	38
529	530	62	38
518	539	62	38
519	544	62	38
524	542	62	38
524	532	62	38
528	508	65	40
570	562	68	42
571	560	68	42
571	545	68	42
577	532	68	42
580	519	68	42
603	511	65	40
617	499	66	41
626	497	66	41
639	499	66	41
678	462	66	41
697	467	66	41
708	474	64	39
714	477	64	39
733	487	61	37
740	484	58	36
752	496	56	34
769	496	54	33
780	498	52	32
790	505	50	31
796	512	48	30
796	515	47	29
797	516	46	28
802	516	46	28
806	515	46	28
812	518	44	27
815	518	43	26
815	516	43	26
819	513	42	26
826	515	42	26
828	524	41	25
825	519	42	26
826	518	42	26
825	518	43	27
823	523	43	27
823	520	43	27
829	513	42	25
826	515	43	27
828	516	43	27
845	527	42	26
840	527	44	27
847	531	44	27
839	529	46	28
838	530	47	29
841	531	48	30
843	536	48	30
847	539	48	30
844	546	51	31
847	551	50	30
848	556	50	30
851	561	50	30
851	565	48	29
851	562	48	29
852	567	46	28
852	569	46	28
852	571	46	28
852	571	48	29
852	571	48	29
852	571	48	29
856	571	48	29
855	578	48	29
857	580	48	29
866	578	47	28
864	591	47	28
855	586	48	29
854	586	48	29
855	586	48	29
852	586	48	29
851	588	48	29
853	589	46	28
849	589	46	28
845	586	47	28
846	591	45	27
842	587	46	28
840	587	46	28
840	583	47	29
840	583	47	29
839	583	47	29
839	580	47	29
839	580	48	29
838	580	49	30
835	583	49	30
839	577	47	29
834	581	47	29
833	580	47	29
830	583	47	29
821	589	49	30
816	593	49	30
818	594	47	29
819	596	46	28
820	597	44	27
821	598	42	26
822	598	41	25
823	597	41	25
823	599	41	25
822	602	39	24
825	596	39	24
827	599	37	23
828	601	35	22
833	600	34	21
832	602	33	20
833	606	32	19
834	607	31	19
832	610	30	19
833	612	29	18
841	608	29	18
841	606	28	17
