484	470	63	60
483	472	61	63
484	475	62	62
488	475	62	66
488	475	65	68
491	473	67	69
495	471	66	69
495	471	66	68
496	467	66	70
501	465	66	70
508	461	67	70
518	454	69	73
526	449	67	72
529	445	69	73
532	441	69	73
537	438	68	73
542	436	70	73
548	433	69	75
554	431	68	74
557	432	66	72
558	432	67	72
559	433	66	71
560	433	65	73
562	433	65	72
565	436	64	69
568	436	64	70
569	438	64	70
569	441	66	72
573	442	65	71
494	416	64	66
513	355	58	62
527	308	56	62
539	267	53	55
551	232	51	49
563	202	48	48
573	176	47	49
583	151	44	43
593	127	43	45
601	106	43	44
609	86	43	43
618	68	41	42
627	58	40	39
636	45	39	38
647	35	37	36
650	33	37	35
638	41	39	37
627	50	39	38
614	60	40	37
599	70	40	38
583	80	41	38
567	88	41	39
550	97	42	38
537	103	42	38
528	109	40	38
518	114	41	39
510	123	39	39
501	128	40	40
493	133	40	39
484	137	42	41
476	139	43	42
467	143	44	43
456	146	46	45
450	155	45	43
444	164	44	42
435	170	44	42
430	175	44	43
426	180	44	44
423	185	44	44
417	188	46	45
411	193	45	45
402	198	47	46
394	202	46	46
386	208	47	47
380	214	47	47
375	219	49	47
370	224	49	47
364	229	52	48
360	236	49	48
356	242	50	48
348	247	51	49
341	253	50	48
338	257	50	43
352	250	54	51
369	246	54	53
389	244	55	51
408	242	52	49
425	239	52	49
440	237	50	47
452	234	49	48
464	231	50	47
476	229	49	47
487	226	49	46
496	224	48	46
502	222	46	46
507	220	46	46
511	218	47	46
515	215	47	46
520	213	47	45
524	211	45	45
527	209	45	45
531	208	44	44
534	206	45	44
536	204	45	43
541	203	45	43
545	201	46	44
551	199	45	43
557	197	44	43
564	195	44	43
571	193	44	43
575	192	44	43
579	192	43	42
582	192	43	42
586	192	42	41
590	192	43	41
593	191	42	41
594	191	43	41
598	190	42	41
601	188	41	41
604	187	41	40
607	187	41	40
609	185	40	40
611	183	40	41
612	181	40	40
614	179	40	40
617	176	41	41
619	173	42	42
621	174	40	39
621	174	38	38
622	174	38	38
623	173	38	38
623	172	39	38
623	170	39	38
624	168	38	38
624	168	39	37
624	167	39	38
624	167	39	38
623	166	37	37
622	166	37	37
621	166	37	36
621	166	37	36
624	167	37	37
625	166	37	37
625	165	37	36
626	164	37	36
627	162	37	36
629	161	37	36
629	160	37	36
628	158	37	36
628	156	37	36
626	156	38	36
625	157	37	35
624	156	36	35
623	154	35	34
621	151	37	36
620	149	37	36
620	147	37	36
620	146	38	37
620	149	38	35
621	151	36	35
623	150	35	35
624	149	36	34
624	150	35	34
624	150	35	34
625	150	34	34
626	150	35	34
627	149	36	34
629	150	34	33
631	150	34	33
633	150	35	33
636	149	36	34
637	148	35	33
638	146	36	34
640	146	35	33
642	146	34	33
645	144	35	34
648	144	34	34
642	137	42	41
637	131	36	33
608	134	38	33
579	138	36	32
556	142	37	33
528	144	38	35
506	149	39	35
486	152	37	34
464	156	36	34
442	158	36	34
420	162	35	32
437	206	40	38
374	167	41	34
349	169	44	35
338	175	39	36
331	181	38	36
320	188	40	36
309	195	40	38
297	204	40	38
286	212	40	38
275	220	41	39
262	227	43	40
247	234	47	44
236	243	46	46
224	255	46	43
211	267	46	43
196	276	49	45
180	286	51	45
165	296	51	47
151	307	52	48
140	318	51	42
159	317	54	47
180	314	55	49
201	313	56	49
223	311	53	48
246	309	53	48
267	308	53	48
288	305	52	48
308	304	53	49
328	303	51	48
346	302	51	48
366	301	51	48
385	300	51	48
403	300	52	48
421	297	50	48
440	295	50	48
458	293	50	49
476	290	50	48
493	289	50	48
509	288	50	48
525	287	49	48
543	285	49	49
559	284	49	48
575	284	48	46
591	283	48	46
608	283	48	46
625	281	48	46
641	281	46	46
643	278	45	46
645	275	45	46
650	272	44	45
653	270	44	45
655	268	43	45
656	266	43	44
658	265	43	44
659	263	45	44
661	261	45	44
664	259	44	45
666	250	43	49
665	248	45	50
665	246	46	49
666	247	45	47
668	246	44	46
670	246	42	43
671	246	42	42
672	244	42	42
674	240	40	42
675	235	42	43
676	228	42	43
678	218	42	44
680	211	44	45
681	214	43	41
683	210	43	43
685	208	44	43
684	208	42	42
683	203	41	41
687	200	42	41
691	199	42	40
694	202	42	40
699	208	40	39
700	210	41	40
704	209	41	40
656	213	44	41
593	218	42	44
528	222	42	41
463	223	47	46
410	231	49	44
351	238	45	41
295	245	46	42
242	247	46	41
188	250	46	41
141	252	49	47
91	260	47	42
36	264	51	41
29	273	49	43
28	285	50	45
27	297	52	48
33	309	53	48
38	323	52	48
38	337	55	44
54	343	58	46
82	345	59	50
108	346	60	52
134	348	59	50
158	350	58	51
186	353	57	50
211	354	60	52
240	356	59	52
268	358	57	51
290	359	58	53
314	361	57	52
338	362	57	51
361	363	58	54
387	365	57	54
410	367	56	53
433	369	57	54
455	370	57	56
479	372	57	54
505	374	58	55
531	376	58	55
558	376	57	55
582	378	58	55
608	381	59	58
633	384	60	58
661	385	60	57
690	387	61	58
718	390	61	58
745	392	61	57
772	396	62	59
798	400	62	57
828	403	58	52
853	406	58	55
875	407	61	60
901	409	61	61
922	411	62	60
944	412	61	59
968	414	62	58
990	413	61	60
1008	415	63	60
1026	416	63	61
1045	416	63	60
1060	415	63	63
1071	413	64	63
1080	413	64	61
1087	413	64	60
1093	411	64	61
1097	407	64	61
1098	404	62	61
1096	401	62	62
1068	355	65	55
1090	395	62	59
1086	388	63	58
1081	383	61	58
1073	380	62	57
1066	375	60	55
1059	369	61	56
1052	363	59	54
1044	358	58	54
1036	351	58	52
1027	344	59	53
1017	337	57	53
1009	331	57	52
1002	325	56	50
994	318	56	50
985	312	56	51
975	306	57	50
964	300	58	51
958	293	53	48
952	287	53	49
944	282	53	46
912	276	59	48
879	269	57	51
847	264	57	49
821	259	54	50
779	242	65	60
760	240	60	62
745	239	55	64
732	238	52	65
720	247	48	54
709	252	45	45
694	253	48	45
683	253	49	44
674	255	47	43
669	255	47	42
664	253	47	42
657	252	46	42
650	251	47	43
645	251	47	43
643	252	46	43
641	252	45	42
638	253	44	42
634	252	43	42
627	250	47	46
624	240	49	57
625	236	50	60
624	245	53	52
619	250	47	47
613	251	48	46
607	248	49	48
601	241	51	57
597	234	48	62
591	232	48	64
582	234	54	64
573	247	50	53
563	256	46	44
555	258	46	43
547	259	46	43
537	259	45	43
528	261	47	43
520	262	48	43
513	262	48	43
505	264	48	43
498	264	47	44
491	264	47	44
484	264	47	44
478	263	47	44
473	262	46	43
513	279	50	46
562	300	57	48
626	324	52	50
688	350	55	51
754	374	59	51
822	402	62	56
894	430	63	57
964	460	66	58
940	475	70	63
924	491	65	59
830	508	75	69
799	514	78	71
941	513	68	62
947	517	73	66
959	522	72	65
969	526	75	70
976	531	76	69
982	534	76	69
990	538	76	70
1001	541	73	67
1010	542	76	71
1023	541	75	71
1038	539	77	71
1055	537	80	73
1070	536	78	71
1079	533	80	73
1087	531	81	72
1091	528	82	73
1097	522	85	76
1099	514	82	72
1095	506	83	71
1084	500	84	73
1071	494	85	75
1062	490	83	71
1056	481	83	74
1048	475	88	75
982	489	84	80
970	474	86	80
958	461	82	78
1011	446	84	76
1004	442	84	76
1001	436	83	75
992	430	84	79
978	424	91	84
963	419	88	81
956	415	82	76
951	410	84	80
949	407	80	77
942	404	80	78
934	399	83	79
929	400	82	78
925	401	86	82
925	402	86	80
928	403	83	76
931	406	84	74
932	411	82	69
930	416	84	66
926	423	84	62
925	430	81	57
918	427	79	59
909	427	79	61
897	424	81	63
887	422	83	65
875	419	82	67
863	417	83	67
855	413	82	70
847	411	82	71
847	406	82	73
848	401	82	73
848	397	82	74
844	391	82	75
840	389	83	76
837	392	84	77
837	400	82	76
834	414	82	79
828	432	82	79
826	448	81	80
827	464	79	80
828	481	78	80
830	492	77	77
835	501	76	75
837	507	76	74
837	510	76	73
837	513	75	72
835	519	74	72
832	520	73	69
829	516	72	70
823	514	70	68
817	514	70	66
813	514	69	66
809	514	69	65
813	512	67	65
815	508	68	64
818	505	68	63
823	503	67	62
823	501	66	60
819	501	65	61
821	507	64	59
828	510	62	58
835	509	63	59
845	510	64	57
855	504	63	58
861	499	62	57
865	496	62	56
866	496	61	56
865	497	61	55
862	498	60	54
863	502	59	54
865	504	59	54
866	506	59	53
870	507	60	53
874	508	58	51
877	505	59	52
882	502	60	52
888	503	60	52
893	507	59	52
898	510	60	52
904	513	60	52
909	515	61	54
914	516	63	54
913	516	60	53
912	515	59	52
913	512	59	52
912	512	60	53
910	513	60	52
906	515	60	52
904	516	60	52
901	515	58	51
899	516	59	51
898	516	59	51
894	515	61	53
890	514	60	53
887	511	61	54
883	504	62	54
881	501	60	52
882	501	58	51
883	500	59	51
884	496	58	52
884	495	58	51
884	495	59	51
886	494	59	51
889	495	59	51
893	497	59	52
896	500	59	53
899	500	58	51
902	499	59	52
905	501	59	53
907	502	59	54
910	503	61	55
914	505	62	55
919	508	62	56
922	510	62	54
927	511	62	55
927	513	63	55
925	513	62	56
927	516	61	55
929	519	62	54
930	521	63	53
930	524	66	57
934	526	65	56
936	527	67	58
938	528	65	54
938	527	64	55
935	528	66	55
930	528	66	55
927	528	62	52
923	528	63	53
921	527	61	53
918	528	62	53
914	527	63	54
910	527	63	54
908	526	63	56
907	525	63	56
896	521	69	60
843	495	71	72
755	468	64	54
685	440	61	66
633	421	80	63
583	418	58	53
527	420	55	53
475	426	60	56
421	444	60	57
380	456	62	59
372	452	62	62
364	453	71	63
358	462	66	63
362	485	58	59
364	479	60	66
374	473	60	61
389	473	61	67
405	470	60	66
421	469	60	63
436	464	60	63
451	458	59	62
464	454	60	63
479	447	60	63
493	442	60	64
506	436	59	61
517	431	57	61
526	429	57	59
531	429	57	58
536	427	57	58
541	425	55	58
542	423	54	56
544	412	57	70
550	420	56	61
551	422	55	61
552	420	55	62
553	421	55	58
553	422	54	55
550	423	54	54
549	423	54	54
553	421	52	54
556	421	51	52
558	421	51	50
557	418	52	51
550	414	52	50
544	408	53	51
538	405	53	51
537	404	52	50
537	401	53	50
537	398	53	50
534	392	53	48
529	383	53	48
525	377	51	46
521	369	52	47
519	361	52	46
522	355	52	47
526	351	52	45
529	348	51	44
533	347	50	43
533	348	49	42
533	348	49	42
533	346	49	42
530	346	50	42
526	345	50	42
525	344	49	42
525	346	49	41
525	347	49	41
524	348	49	40
518	349	50	40
515	350	49	39
512	350	50	39
505	349	49	39
489	352	51	40
469	362	53	43
446	376	55	43
428	384	54	43
410	389	53	42
393	393	54	44
372	399	57	45
352	405	55	43
337	406	54	44
332	405	52	43
333	404	51	43
335	399	50	43
336	395	50	41
336	391	50	42
333	389	49	42
332	389	49	42
331	390	49	41
331	387	49	42
327	382	50	43
323	380	51	43
319	380	51	42
320	378	50	42
326	377	49	41
328	375	48	41
331	375	48	40
337	374	47	40
341	371	46	38
343	366	46	38
343	362	45	38
341	356	46	37
343	350	45	37
342	343	45	38
340	337	46	39
336	332	47	37
334	325	46	38
333	318	46	39
335	311	46	38
333	306	46	37
333	302	46	35
331	298	46	36
330	295	46	36
330	294	46	35
330	291	43	34
330	289	44	35
328	287	46	36
329	290	47	35
332	291	43	33
332	292	42	32
332	296	43	30
334	302	41	28
340	311	33	21
340	311	33	21
340	311	33	21
340	311	33	21
340	311	33	21
340	311	33	21
340	311	33	21
340	311	33	21
340	311	33	21
340	311	33	21
340	311	33	21
340	311	33	21
340	311	33	21
340	311	33	21
340	311	33	21
340	311	33	21
340	311	33	21
340	311	33	21
340	311	33	21
340	311	33	21
340	311	33	21
343	297	62	41
343	297	62	41
340	259	129	77
340	259	129	77
340	259	129	77
340	259	129	77
