699.000,346.000,134.000,97.000
701.446,342.042,126.761,99.081
697.033,357.611,133.437,89.924
698.281,365.397,135.416,85.628
697.507,356.553,141.417,95.186
698.481,360.190,140.640,89.547
697.991,366.739,138.314,86.021
701.084,363.728,136.976,86.350
699.571,366.359,138.465,85.311
699.777,361.494,136.936,89.325
696.623,363.051,138.847,91.334
694.400,361.325,138.767,92.786
694.084,360.606,137.885,92.773
690.556,361.881,138.788,91.722
690.069,361.143,138.590,92.623
687.262,359.193,136.205,92.455
683.261,350.851,139.705,100.946
678.777,356.133,137.716,97.058
674.534,352.531,139.047,96.569
666.464,348.469,142.401,98.969
659.027,356.837,141.159,91.385
654.637,352.714,133.571,96.750
648.668,349.549,131.337,98.672
644.781,353.126,130.071,94.123
642.816,350.754,131.476,95.325
643.689,346.386,133.670,96.147
646.306,345.890,127.045,96.412
649.555,348.745,125.161,94.602
652.727,346.023,124.210,96.496
652.900,347.018,122.026,99.073
656.683,349.888,122.520,97.800
659.952,353.332,115.858,95.064
667.772,350.550,111.507,99.384
672.342,351.740,150.725,102.283
681.827,361.126,127.067,97.713
683.326,349.887,126.682,109.106
692.615,357.575,124.304,105.687
697.816,363.980,121.035,103.699
702.294,358.670,124.778,109.699
706.390,371.312,119.142,102.519
708.426,365.890,118.123,111.074
710.103,365.217,102.209,113.113
714.761,366.793,101.051,115.407
715.874,371.481,99.133,113.104
715.766,367.740,96.306,119.291
714.787,367.466,98.386,122.765
713.509,363.861,102.243,123.503
709.188,364.697,85.128,122.760
706.004,365.709,75.518,125.235
706.627,360.585,75.709,127.977
695.781,364.357,80.135,132.907
683.860,360.566,84.567,139.010
681.338,358.576,88.508,137.662
681.754,325.605,89.506,172.177
666.043,312.988,110.526,178.457
651.166,319.523,130.278,172.959
627.786,318.470,158.400,173.009
614.347,324.564,176.335,163.211
598.422,336.729,192.626,154.757
582.903,342.650,203.690,153.679
579.614,353.313,212.049,149.944
562.028,369.472,212.114,143.919
564.238,373.430,213.264,153.499
555.480,381.428,204.401,160.920
550.123,403.191,199.773,160.435
547.453,393.236,197.202,165.582
537.461,401.185,197.120,160.535
531.566,406.099,197.534,159.041
526.838,406.190,196.049,158.950
522.594,400.146,197.552,163.731
519.772,400.704,196.739,161.545
515.292,403.253,196.400,163.893
510.352,404.159,196.315,164.854
507.763,403.626,190.329,166.229
509.540,401.605,183.893,165.879
511.805,400.565,171.330,168.514
516.751,400.579,155.737,166.676
516.436,396.038,145.510,176.743
528.307,397.732,125.398,171.762
532.788,394.268,120.045,177.141
535.824,380.325,126.837,191.452
538.826,379.715,95.887,189.377
538.237,375.022,91.555,199.489
533.839,367.107,99.972,205.927
527.515,383.223,96.354,193.689
507.056,376.684,129.872,202.299
495.853,372.143,163.873,205.227
491.125,368.532,196.085,201.873
475.794,369.057,227.434,196.430
464.248,367.198,255.978,193.744
459.252,371.957,266.400,188.760
461.068,377.386,269.251,187.502
462.327,383.804,259.220,199.053
465.549,392.580,253.433,193.742
477.892,391.988,251.027,193.282
482.699,401.567,251.655,186.442
489.214,393.305,249.743,195.237
497.652,394.697,249.501,198.951
504.186,399.096,244.336,200.793
510.023,413.709,246.029,196.650
508.518,412.763,254.307,195.957
513.165,406.978,256.752,202.324
521.070,410.921,258.905,199.377
526.600,406.601,263.700,205.341
530.580,408.814,268.659,204.818
531.732,408.617,270.205,207.255
540.680,404.759,276.174,210.656
543.718,406.683,277.231,207.735
547.410,402.508,281.246,215.500
553.524,400.015,276.711,213.915
551.251,396.762,277.864,219.202
544.532,397.890,284.349,221.767
548.983,402.191,281.546,219.813
556.817,407.340,280.947,211.901
561.666,407.731,283.281,211.254
562.722,410.020,282.746,210.915
562.216,408.103,281.352,210.728
556.346,409.601,286.367,209.874
553.029,404.833,286.096,217.273
551.256,402.758,290.713,220.189
553.034,405.228,290.794,216.934
548.744,405.253,292.299,217.239
548.215,407.925,291.407,215.555
541.459,403.397,299.307,221.707
535.132,408.762,303.223,221.291
524.751,401.504,307.565,227.259
521.978,405.217,308.191,225.336
515.835,403.899,311.871,226.556
