872.000,436.000,352.000,268.000
895.903,447.751,342.699,276.703
509.153,183.718,257.488,157.163
433.836,138.810,191.722,146.473
387.942,123.124,192.038,104.374
359.906,113.112,173.335,93.170
328.767,106.376,162.750,87.334
303.178,106.758,148.061,80.698
237.482,98.953,182.168,84.573
239.066,84.359,155.829,103.826
232.114,63.302,131.844,120.558
215.226,62.608,129.638,127.666
194.999,62.459,149.032,134.555
174.886,60.246,168.152,150.887
152.869,81.212,143.391,145.714
105.369,134.391,151.506,136.354
107.129,166.460,134.458,103.606
102.137,207.844,116.970,65.825
99.509,226.432,104.027,58.131
101.356,244.162,88.905,58.135
92.102,263.659,85.527,56.709
84.097,282.908,80.753,56.554
