186.000,273.000,106.000,103.000
194.769,292.349,98.970,91.964
201.316,299.636,96.374,95.001
201.260,295.173,97.593,96.713
203.994,293.080,98.343,96.597
210.230,298.228,95.976,87.729
210.341,305.523,96.741,91.823
209.509,301.348,95.854,87.329
219.182,290.577,98.929,83.164
217.427,293.654,96.854,90.275
215.740,302.963,100.072,86.763
215.202,305.624,102.779,93.842
212.100,312.542,100.021,93.582
209.648,312.541,93.352,85.185
208.442,309.562,99.101,94.890
208.403,304.627,96.308,92.297
200.845,303.084,99.336,102.376
202.420,301.037,93.608,97.593
202.763,306.063,96.379,100.939
199.850,313.597,115.295,101.871
195.117,313.004,112.062,94.856
201.574,306.513,104.824,100.750
203.951,302.299,100.790,103.449
202.530,300.632,96.288,97.736
201.995,302.351,101.912,96.441
203.813,305.845,108.391,104.005
204.779,307.065,99.385,95.391
203.855,306.736,101.908,103.126
205.277,306.288,98.643,99.549
203.331,305.194,94.266,89.997
200.885,300.192,94.124,96.862
205.364,300.364,98.655,105.770
209.544,301.714,94.209,95.331
207.092,304.733,94.731,102.623
211.063,306.005,98.634,98.819
226.514,314.154,98.167,100.899
226.991,316.019,96.921,100.810
230.753,314.908,103.429,100.130
236.906,313.926,94.119,94.995
238.807,320.795,90.058,94.641
232.210,326.427,93.513,101.718
237.608,325.446,96.713,95.111
236.077,323.403,94.367,102.814
232.584,319.697,105.295,100.794
236.352,318.891,93.312,97.282
232.676,318.357,95.868,101.291
225.575,315.605,101.316,101.794
217.376,321.456,100.322,99.660
200.433,330.832,97.631,98.273
183.352,343.859,112.211,99.480
168.874,356.045,102.534,89.582
159.412,367.203,99.251,89.326
152.462,374.598,100.162,86.940
150.113,372.403,99.910,90.063
153.157,371.569,101.968,88.831
163.788,360.863,129.211,96.387
179.951,332.207,140.342,107.956
207.090,316.005,134.932,112.098
235.443,299.314,129.469,116.671
267.680,277.253,129.221,113.772
300.585,263.227,120.383,102.391
323.320,255.055,114.508,111.298
333.340,252.747,110.721,115.258
338.062,251.562,113.473,115.972
335.575,254.974,98.799,115.601
323.182,262.226,111.645,117.022
303.478,271.631,120.531,113.283
286.105,281.341,129.417,114.626
260.251,299.565,136.829,111.918
237.704,318.776,154.860,138.274
218.653,355.280,155.612,136.215
200.067,383.811,155.077,120.417
189.123,405.631,160.929,114.395
189.505,410.984,161.398,107.293
205.024,388.578,158.964,110.771
228.559,362.107,158.176,117.045
253.408,337.201,152.442,124.857
286.015,310.806,146.440,142.376
327.982,288.089,133.407,149.745
357.986,281.350,125.277,149.165
377.437,275.980,118.583,145.021
387.932,269.856,112.353,141.457
388.382,267.216,109.482,131.744
383.294,272.991,111.092,154.468
360.766,279.895,121.215,155.364
335.451,297.215,129.128,152.544
303.533,319.298,138.551,152.475
267.906,343.895,149.947,144.876
238.292,379.874,158.659,134.208
206.170,425.576,163.248,118.764
179.331,475.513,158.547,101.147
170.155,516.223,158.838,100.153
173.625,527.710,160.621,95.968
188.876,509.451,162.140,96.411
207.418,468.604,160.368,105.071
245.045,420.398,157.342,114.121
288.581,361.309,157.139,131.433
350.830,324.201,133.456,120.798
401.015,297.247,110.530,109.825
456.273,278.135,91.696,103.979
500.106,268.669,94.264,121.875
520.919,270.255,88.910,157.595
518.008,272.520,91.140,157.044
506.056,279.837,94.832,157.247
469.837,285.537,105.065,133.445
446.973,299.755,106.949,153.866
403.567,323.375,120.280,150.099
357.249,340.430,130.920,126.811
312.315,366.388,144.310,134.764
273.218,401.099,150.188,134.789
238.026,432.917,153.747,119.878
200.738,473.105,157.498,108.378
169.091,518.028,162.836,104.978
145.541,566.762,167.671,95.766
132.209,621.361,161.760,87.162
127.375,668.193,164.924,82.973
134.206,700.796,163.731,91.966
146.899,722.073,163.987,94.113
163.819,715.380,157.826,93.290
174.516,691.058,161.041,85.311
188.686,639.701,164.911,88.316
204.153,589.035,160.587,86.113
220.801,537.534,152.140,92.408
238.101,499.670,144.934,94.887
246.851,483.892,147.118,103.235
246.199,487.824,146.613,113.186
234.216,509.011,151.040,104.784
217.051,551.128,153.766,101.822
209.740,599.095,155.941,93.246
210.801,650.091,155.749,76.068
214.786,681.882,157.731,79.624
232.913,693.433,154.847,78.966
243.876,671.201,155.859,87.901
249.024,646.477,162.445,75.826
263.489,580.852,155.035,89.866
280.171,513.512,156.181,106.516
303.573,456.574,152.569,122.000
329.346,415.505,137.057,123.603
334.777,407.215,134.703,133.484
325.466,407.649,136.715,127.678
309.947,436.511,143.914,131.430
292.764,479.251,149.004,107.688
279.407,528.832,152.778,97.824
279.617,571.886,159.408,88.825
291.432,588.810,155.981,76.612
306.656,570.431,150.614,84.473
322.425,528.817,140.709,88.925
352.160,472.164,123.482,87.918
388.208,416.203,141.933,114.333
421.591,379.846,131.663,122.361
448.078,353.328,117.040,137.404
455.525,352.462,110.146,134.253
420.924,364.252,119.692,117.013
381.262,392.834,131.814,110.720
350.557,445.673,153.051,119.693
333.632,502.375,157.663,95.260
321.476,553.771,160.107,83.358
326.900,572.135,160.215,73.236
341.618,561.590,147.242,70.691
364.759,522.852,127.649,75.596
391.763,462.166,111.250,77.088
434.886,398.030,109.610,90.481
474.298,357.526,93.897,91.445
509.875,333.134,77.067,116.052
516.628,326.475,65.947,134.199
475.780,321.167,86.518,121.814
419.741,335.947,89.199,95.213
373.857,368.594,108.890,92.925
340.226,413.223,97.688,82.984
329.081,446.079,96.785,72.503
326.661,454.877,100.481,75.302
350.109,425.330,93.194,73.181
384.969,378.732,114.732,87.361
438.916,337.860,110.765,98.235
495.331,299.490,97.726,95.353
557.646,275.307,86.387,91.649
613.586,270.921,66.514,80.440
661.127,277.617,63.280,77.924
685.971,284.931,37.595,85.642
685.971,284.931,37.595,85.642
685.971,284.931,37.595,85.642
685.971,284.931,37.595,85.642
693.346,292.252,29.065,91.036
672.133,274.117,49.408,97.544
628.141,263.395,56.794,103.520
577.458,257.292,63.741,96.825
527.208,261.194,68.207,103.147
473.129,266.892,80.717,99.177
417.172,289.101,94.351,96.692
366.336,324.402,114.659,106.031
319.974,371.690,145.715,120.407
289.060,432.777,159.216,119.582
268.749,501.696,158.192,97.837
264.448,552.587,156.137,82.032
273.873,585.671,160.567,78.374
293.430,599.400,159.725,77.486
313.868,595.255,158.568,81.641
336.129,562.073,157.466,99.740
367.774,513.023,125.002,86.120
395.180,488.546,119.146,107.851
383.733,484.385,117.847,110.835
349.488,499.603,124.361,95.233
307.809,536.740,113.251,82.516
281.362,587.959,100.303,65.878
266.375,634.601,90.148,52.585
269.130,655.426,91.813,45.309
275.677,646.072,93.108,48.190
286.512,613.272,91.554,57.771
299.502,575.320,90.409,68.817
313.290,535.783,91.855,76.642
320.742,503.667,95.198,93.837
321.362,484.252,114.692,108.291
312.098,474.866,124.614,139.733
298.024,471.866,123.882,142.499
283.346,470.479,127.280,136.953
263.975,481.536,135.804,138.219
254.565,493.060,137.298,129.648
239.960,514.083,143.604,114.851
236.215,535.144,148.440,105.221
243.064,542.299,149.221,105.283
259.820,535.739,146.604,102.379
277.507,510.704,145.226,105.609
299.385,475.224,144.395,123.166
324.226,438.695,139.222,129.017
349.481,396.656,131.018,145.726
382.609,353.359,120.952,158.089
415.808,326.268,105.660,153.134
443.253,302.970,93.920,155.602
455.043,288.158,90.343,154.989
452.822,282.120,89.422,157.595
438.477,281.178,96.168,156.086
422.516,292.825,100.838,154.194
401.965,300.508,112.213,155.532
387.296,319.175,121.027,151.942
387.774,328.667,125.851,146.506
409.307,321.157,122.487,148.804
442.123,307.632,114.332,151.100
477.283,294.899,99.798,160.266
518.634,282.980,90.841,162.754
565.350,272.690,87.560,163.354
609.284,269.157,82.455,160.930
647.819,273.153,74.791,160.959
673.410,285.610,49.176,156.751
673.410,285.610,49.176,156.751
673.410,285.610,49.176,156.751
673.410,285.610,49.176,156.751
673.410,285.610,49.176,156.751
673.410,285.610,49.176,156.751
673.410,285.610,49.176,156.751
670.224,298.432,50.194,152.237
624.004,298.699,82.636,122.444
575.101,307.476,72.018,102.844
531.329,318.711,80.321,99.154
491.804,336.031,88.382,102.749
455.501,357.421,103.610,105.927
423.635,386.422,126.022,118.693
398.014,424.157,138.855,120.988
380.017,464.546,144.265,112.686
369.506,500.486,145.077,92.564
382.118,498.487,144.221,100.370
400.007,472.691,112.072,77.938
437.687,443.860,107.481,84.687
481.156,415.023,105.433,89.986
528.065,393.074,95.889,90.490
575.518,384.379,76.240,85.494
604.755,387.134,53.295,104.022
604.890,390.166,46.704,105.353
579.707,393.481,57.579,94.766
535.747,409.185,76.537,104.803
486.218,433.001,106.455,104.632
447.048,467.664,133.802,122.677
419.126,505.686,140.969,111.624
403.802,540.463,144.627,89.189
409.140,548.030,143.609,91.211
419.256,539.426,138.742,91.598
432.615,518.345,137.303,100.730
453.511,481.799,128.120,106.425
480.528,448.231,118.004,113.678
512.651,424.559,104.333,142.833
534.022,406.640,86.938,146.130
534.471,402.692,84.679,148.267
520.331,402.619,83.206,152.754
482.027,409.226,93.069,151.935
435.465,426.948,108.777,142.968
382.168,447.720,125.516,128.303
349.878,490.972,140.030,114.469
310.676,542.426,143.790,90.874
293.643,584.800,148.887,73.450
285.480,596.180,148.538,73.683
285.896,589.877,147.999,74.338
286.778,575.951,146.733,75.785
297.314,532.733,146.170,89.913
314.520,488.772,144.523,116.000
340.022,451.084,131.787,127.288
355.813,421.798,121.281,135.494
363.162,411.240,114.453,137.026
354.017,410.317,112.679,139.347
333.944,418.353,120.951,135.458
310.236,438.712,128.233,133.657
283.112,466.557,139.834,129.493
255.403,506.687,138.056,104.999
228.650,555.245,149.030,88.031
203.145,601.757,151.297,81.172
192.580,646.124,152.851,81.233
190.468,683.883,154.670,94.060
192.578,728.488,145.888,96.412
199.243,751.389,141.467,100.820
195.939,747.990,139.691,108.675
186.540,735.049,138.222,107.675
161.205,700.471,150.213,106.110
132.698,652.031,160.369,89.158
116.748,605.640,160.540,82.403
104.755,566.272,153.246,86.194
91.198,557.355,137.159,82.845
86.423,571.257,154.185,87.474
83.544,615.010,156.084,77.419
93.240,655.181,162.797,94.378
126.253,699.718,150.641,108.892
147.526,729.487,140.105,104.494
168.947,729.350,136.394,104.220
188.744,708.358,133.265,108.436
200.632,668.875,138.901,111.767
214.310,624.485,146.576,97.831
236.810,587.362,145.574,80.876
259.561,544.956,144.192,80.584
288.158,511.677,137.151,93.081
307.291,501.250,130.422,91.485
310.555,508.833,127.401,86.472
304.385,535.411,133.278,88.551
296.834,578.176,133.938,78.387
300.654,611.934,136.588,87.497
302.886,660.874,136.885,93.565
314.993,683.058,130.297,94.372
324.821,681.537,128.878,96.677
322.841,667.577,128.601,98.483
326.188,626.491,118.533,99.974
329.953,577.871,134.794,87.421
338.702,510.530,134.772,87.557
356.228,431.255,126.002,100.853
378.918,366.391,118.844,115.368
399.545,335.471,106.821,127.078
395.443,337.951,105.628,130.355
374.504,354.868,111.916,128.748
357.147,396.168,119.822,114.884
331.782,453.829,127.271,100.369
312.159,519.835,133.422,84.848
301.498,568.791,130.818,81.445
301.441,608.589,129.765,84.794
296.573,628.120,126.555,85.286
292.637,625.278,127.427,85.895
288.456,611.071,126.841,84.671
283.465,581.592,127.482,83.918
280.450,545.650,133.776,80.847
279.434,504.250,132.890,81.999
281.649,475.674,130.260,89.688
283.459,466.032,129.541,91.756
284.433,474.655,129.342,88.741
278.834,495.127,134.427,78.657
278.045,516.734,134.525,77.971
274.996,537.017,135.162,72.160
268.993,565.477,135.582,67.784
264.118,584.020,137.838,73.137
259.186,603.977,134.557,69.030
250.103,623.916,136.961,73.869
248.374,640.150,136.365,75.839
240.842,660.289,133.280,83.037
237.429,681.096,133.732,91.533
236.148,706.241,133.136,92.212
233.372,720.966,129.828,91.847
232.714,722.486,129.113,97.162
234.858,716.746,126.957,103.295
229.118,697.655,126.151,109.563
229.382,660.322,132.243,110.030
237.110,624.279,131.393,94.704
238.968,585.053,137.357,77.856
252.400,525.399,135.380,80.178
270.394,458.164,122.851,82.565
299.959,396.862,120.323,86.959
338.079,350.647,98.194,87.429
384.720,320.007,84.596,87.461
428.873,297.787,65.795,79.759
468.845,289.314,55.849,86.302
503.917,290.610,56.181,94.410
529.390,291.991,55.411,95.671
546.714,296.235,50.183,114.100
554.149,302.321,41.821,101.312
551.779,305.192,40.055,98.083
537.556,306.388,42.139,94.811
511.293,304.288,49.344,92.386
476.640,301.424,57.358,95.874
435.683,300.948,65.084,99.793
389.845,309.764,74.465,98.477
355.535,325.228,80.024,94.055
327.779,341.234,89.970,93.127
307.572,348.743,120.962,118.798
289.958,359.254,126.247,122.746
283.610,361.152,121.989,115.284
284.815,353.790,121.402,120.728
294.184,329.470,111.480,126.034
309.163,312.515,102.359,135.175
336.207,298.804,92.232,136.814
363.446,292.551,81.700,141.502
385.909,291.979,74.082,137.679
406.325,295.327,68.220,138.454
427.774,298.254,62.839,135.019
441.692,304.657,61.273,130.785
451.333,309.590,57.662,125.463
460.635,311.248,54.775,123.600
458.417,314.660,55.725,119.577
447.177,303.672,57.754,122.390
428.021,297.807,56.518,129.583
400.629,294.806,63.821,135.317
361.838,305.400,77.165,140.855
327.722,323.578,87.958,140.306
298.373,348.944,104.140,126.920
275.818,383.559,111.158,109.598
253.592,420.110,121.018,96.822
248.797,466.603,126.507,89.219
241.045,505.283,129.885,81.273
239.543,535.260,132.430,69.959
236.904,550.921,130.976,59.182
249.757,546.054,117.667,60.239
255.422,519.546,99.120,56.327
266.421,476.861,86.527,66.853
288.345,431.502,83.201,77.036
306.433,391.105,87.777,85.485
334.882,357.978,82.177,88.162
365.118,332.371,74.352,92.726
397.966,324.189,70.151,95.979
421.926,322.580,53.979,93.914
442.101,322.148,49.940,105.072
457.110,322.908,56.582,127.143
462.946,328.059,56.043,123.801
464.114,329.627,55.526,124.685
460.077,328.962,46.647,127.034
446.813,323.208,58.811,128.862
419.373,328.979,68.247,138.941
383.773,339.507,84.319,132.209
341.162,362.240,109.386,132.478
310.168,409.653,120.977,100.278
296.426,463.328,122.899,84.865
290.070,510.564,124.185,65.221
292.549,526.542,122.972,70.587
297.264,529.481,122.073,69.506
304.874,512.022,122.578,71.798
316.662,472.168,122.416,75.143
334.835,413.349,116.835,89.271
348.523,353.532,102.613,82.416
375.270,304.305,102.986,112.578
401.633,266.832,90.093,132.045
420.035,238.691,84.371,132.321
428.011,237.490,80.597,127.918
424.064,238.662,77.166,130.805
404.829,243.118,84.237,132.782
368.786,254.582,98.563,132.812
335.174,276.443,109.625,132.030
296.014,308.592,125.441,115.710
263.079,353.496,136.473,104.579
238.957,401.229,140.539,83.589
214.556,444.270,144.310,74.875
201.078,477.529,145.033,79.083
190.592,504.741,140.913,86.401
190.289,510.803,136.121,92.101
179.496,495.060,138.485,99.102
169.097,464.269,145.192,91.755
168.821,419.983,148.215,83.257
172.904,357.360,138.645,96.326
185.966,298.417,127.531,111.690
203.294,258.669,115.882,138.895
216.273,238.637,106.801,150.823
217.654,230.889,98.134,156.169
206.611,227.033,97.569,153.985
180.380,226.831,106.159,157.915
139.303,236.898,121.483,158.653
93.397,258.320,141.925,144.820
49.485,293.283,160.421,131.808
16.139,327.582,167.922,116.845
-1.841,364.091,160.059,108.401
-82.575,403.494,215.880,89.482
-25.543,441.750,148.828,95.323
-15.320,473.549,127.564,90.342
-32.904,498.911,142.144,87.336
-21.733,507.955,131.637,85.285
-9.368,496.312,120.583,85.783
-2.160,465.735,122.612,89.573
0.811,424.986,129.503,95.371
6.610,377.509,137.535,103.881
-9.452,323.373,163.493,106.049
9.270,294.297,158.255,141.216
12.186,288.116,151.704,149.061
7.466,287.814,155.412,150.717
-5.912,314.135,153.436,150.875
14.079,387.358,124.934,124.020
-29.531,442.603,151.531,101.035
-21.650,511.296,145.745,91.522
-5.479,570.166,133.720,91.268
29.565,630.019,119.060,95.857
2.994,691.124,140.688,117.412
33.184,744.910,111.253,101.306
65.132,747.001,111.473,109.996
85.877,754.155,92.033,97.035
94.149,743.511,82.498,85.511
83.736,704.894,84.305,86.953
112.951,634.482,98.418,81.163
125.315,579.527,112.880,89.192
127.366,550.309,109.998,91.566
72.031,535.860,172.270,86.294
77.292,537.125,172.243,86.764
84.038,549.605,172.212,85.809
99.766,573.410,170.604,89.529
118.972,608.770,168.636,98.874
137.447,637.518,173.611,114.773
168.900,674.924,164.730,126.660
197.802,704.505,145.632,123.664
241.456,727.661,130.917,123.530
281.906,735.865,114.792,126.311
311.422,728.814,106.174,125.429
319.209,706.824,111.982,127.959
316.622,678.625,118.034,130.843
302.795,652.705,101.086,120.110
288.524,601.614,116.667,118.723
282.462,553.402,154.020,113.255
278.690,520.996,154.815,96.977
275.243,499.387,154.694,83.307
278.258,492.096,153.792,85.298
273.827,497.113,151.501,81.902
273.538,516.700,153.935,89.434
267.714,553.388,155.878,85.009
267.838,588.363,159.451,98.037
273.369,631.495,148.794,109.518
283.101,668.693,136.734,125.880
299.206,710.846,123.837,124.215
324.337,746.292,112.977,121.437
360.698,756.652,94.745,120.272
371.993,749.353,90.593,124.206
372.181,750.708,86.292,121.418
359.458,742.115,92.142,120.883
320.268,740.765,83.515,115.418
288.667,736.807,84.311,98.357
267.667,712.395,95.305,110.673
253.702,707.420,129.949,114.081
250.628,719.508,133.570,105.855
254.047,728.557,130.055,111.366
271.483,741.277,124.335,122.450
301.588,769.678,110.706,116.548
332.758,781.225,102.137,118.867
365.946,786.896,85.153,120.346
371.417,777.451,83.823,121.051
364.479,763.296,86.017,121.711
340.238,756.583,66.726,112.802
311.282,749.721,68.621,92.299
288.000,723.596,63.091,81.871
270.410,673.619,73.607,82.483
313.115,586.517,88.574,91.202
318.062,528.929,91.913,92.393
318.363,482.989,114.787,88.118
328.233,422.173,129.576,94.797
348.164,363.459,138.193,107.797
387.367,321.038,128.221,115.036
417.591,302.138,117.458,131.487
436.462,298.507,107.729,131.436
433.226,306.322,106.300,126.061
415.730,321.150,118.228,132.640
396.212,353.893,124.694,128.052
373.693,409.415,135.835,107.574
354.072,470.474,143.507,90.453
352.895,516.474,142.271,88.038
358.698,539.120,140.643,90.668
365.165,534.672,136.644,90.017
370.317,515.054,135.627,87.749
377.639,480.076,140.999,81.181
396.341,429.772,138.443,94.140
421.798,370.544,130.300,104.157
449.450,312.266,116.657,115.346
485.337,275.512,93.241,101.268
519.958,253.440,87.655,142.719
536.959,242.453,77.608,141.299
531.083,239.639,76.074,141.277
507.616,247.391,81.887,140.555
466.926,267.843,88.388,103.237
432.655,309.366,104.782,98.228
410.005,357.059,126.479,109.117
397.197,394.015,125.798,88.721
395.769,398.021,130.917,86.916
404.576,370.919,125.776,94.000
421.325,327.008,117.825,98.828
446.548,282.333,110.642,127.671
484.467,236.979,91.734,141.119
520.793,210.996,77.866,148.450
546.185,199.307,69.882,141.177
550.346,206.558,63.684,133.374
545.131,210.580,64.272,134.790
529.718,217.913,67.720,141.237
507.478,235.792,80.513,142.412
490.878,266.453,87.738,136.942
467.096,309.494,102.740,131.406
455.633,359.403,109.164,113.100
443.517,413.279,116.989,84.248
445.254,452.437,118.617,72.303
451.625,453.711,108.278,68.013
468.314,422.764,96.256,72.323
492.350,387.241,86.388,77.474
523.376,355.849,72.555,83.066
554.356,336.798,69.445,99.804
578.812,326.076,65.611,123.745
583.089,328.919,59.334,124.732
571.268,334.008,63.211,125.919
545.044,348.218,72.595,128.258
517.460,369.496,79.987,126.805
485.227,403.310,97.803,117.291
464.179,444.422,104.865,102.512
454.953,484.350,108.597,84.372
456.340,493.549,110.033,75.769
465.149,483.710,107.528,75.740
478.462,456.721,94.434,80.282
493.130,428.163,80.253,76.543
510.144,403.248,69.581,81.290
529.480,387.641,56.941,84.485
534.397,380.518,51.549,82.407
528.662,376.593,55.152,86.824
515.352,373.647,66.936,104.400
487.811,375.843,72.456,92.102
465.872,374.232,76.822,90.880
442.869,372.855,77.323,87.572
421.653,370.313,83.121,91.670
393.880,368.934,86.833,74.647
365.540,378.773,94.422,72.512
340.082,393.868,90.178,64.999
311.874,417.712,87.593,58.399
291.328,441.557,89.399,48.642
282.564,449.593,88.086,43.816
282.732,433.644,76.260,43.892
281.872,397.124,72.449,50.857
286.026,353.617,77.520,61.954
294.617,309.641,83.732,74.667
299.358,269.489,103.192,93.726
308.918,235.888,95.420,102.872
316.678,212.045,90.052,106.830
323.511,199.431,77.090,109.122
319.970,195.743,69.643,109.371
307.330,194.644,71.656,111.639
285.900,202.060,80.592,111.364
257.254,214.096,94.332,111.562
225.809,233.987,113.332,112.486
198.848,257.591,115.903,107.056
171.996,278.134,135.476,113.656
161.139,303.272,142.964,128.817
164.382,303.757,144.809,128.621
173.774,277.915,143.765,131.636
193.903,258.718,133.206,143.312
212.992,240.402,125.985,151.034
232.942,224.307,117.153,158.941
251.966,218.539,101.716,161.666
266.133,218.685,93.779,163.086
264.318,209.875,93.046,165.674
243.414,214.778,103.207,168.336
216.373,222.180,112.943,168.698
183.772,233.108,123.428,170.989
152.241,238.971,135.712,167.087
122.781,260.108,148.704,164.661
101.625,298.190,160.053,154.252
84.261,330.198,160.957,144.540
83.376,348.632,162.424,126.312
90.965,350.119,167.808,118.855
107.919,329.139,163.772,129.408
133.327,304.352,155.426,140.432
152.282,280.798,147.367,151.498
158.715,266.218,143.824,154.328
160.068,257.489,137.807,156.628
147.966,259.747,139.183,166.556
123.454,286.850,148.969,159.503
89.557,313.289,164.014,154.580
58.658,357.215,175.357,139.957
35.471,401.061,176.813,127.127
19.607,449.608,180.574,108.807
17.014,494.651,180.851,93.637
27.384,529.685,179.374,79.752
41.351,540.127,180.846,74.777
64.976,526.059,178.038,81.650
81.046,498.772,176.644,93.211
110.100,455.897,173.002,115.305
134.584,416.463,169.575,120.599
154.331,386.458,161.454,133.047
168.719,378.347,156.114,129.510
173.993,376.650,151.169,133.795
175.230,381.918,153.366,134.919
172.427,403.628,160.209,126.173
163.454,434.569,166.870,116.937
158.302,463.002,168.821,113.723
155.160,505.092,171.434,100.246
157.446,554.930,172.985,87.473
170.804,597.082,171.537,91.276
194.629,633.452,164.015,94.780
220.689,644.669,159.758,96.450
235.046,629.323,156.986,96.618
239.606,600.211,158.994,92.884
242.720,560.761,162.332,83.559
251.219,527.507,161.267,76.859
256.594,493.455,149.886,83.382
268.415,470.318,160.407,100.478
272.384,466.822,158.631,94.914
272.315,475.838,157.975,96.387
268.821,497.440,161.842,88.009
269.726,528.825,160.251,80.092
278.374,570.647,163.265,91.945
296.304,612.624,155.421,109.579
314.193,643.601,149.543,116.217
340.026,660.427,140.333,114.259
365.168,661.718,130.985,115.948
370.535,644.387,121.585,115.443
372.501,617.531,97.640,111.446
366.262,568.116,147.420,111.126
367.746,524.796,157.718,93.488
372.440,490.291,150.666,80.578
380.556,475.439,150.777,73.618
378.994,474.056,152.474,75.657
375.966,490.515,151.993,73.929
384.130,527.867,153.612,73.844
394.330,560.121,147.775,100.257
411.048,593.896,144.829,110.741
438.505,608.443,135.460,112.065
461.597,604.712,128.307,113.160
475.276,592.111,128.999,111.021
484.019,561.237,137.702,110.958
484.972,518.150,139.725,106.014
480.889,475.112,145.050,90.070
477.706,434.768,150.794,77.545
469.526,397.409,146.445,82.658
452.683,372.974,144.352,91.961
428.147,365.214,147.268,93.184
405.010,370.125,146.760,95.753
376.874,392.247,151.773,91.866
352.088,427.003,153.844,81.835
330.952,472.489,150.025,74.697
329.363,515.011,146.425,85.936
330.364,551.051,142.546,94.277
342.252,590.527,126.724,95.875
361.162,602.242,134.599,109.262
391.913,611.103,126.875,111.387
418.106,609.052,121.493,108.619
437.748,594.235,120.599,108.144
451.106,567.866,122.270,105.680
455.095,533.946,127.000,99.417
460.486,492.289,129.000,87.666
467.801,453.159,129.114,76.422
465.034,422.637,135.002,72.053
456.588,409.331,132.850,72.198
443.337,410.062,129.695,78.884
427.873,424.806,127.803,76.091
410.477,458.245,132.985,70.807
405.705,496.363,133.243,76.766
400.953,531.175,127.754,95.170
404.859,571.043,105.687,94.913
422.077,589.991,120.872,99.008
444.249,600.109,114.823,100.748
460.675,598.366,110.256,100.112
471.078,583.639,113.269,94.677
479.733,555.349,116.585,93.677
487.194,518.707,117.634,90.512
492.826,482.689,115.797,74.267
497.265,447.180,116.841,67.688
502.257,403.446,115.049,78.480
502.687,360.893,110.714,92.895
503.066,321.914,102.435,102.680
496.447,287.174,99.483,117.532
490.463,264.189,94.323,120.762
477.343,241.795,95.018,129.884
462.232,225.339,91.942,137.420
450.952,215.515,88.512,141.005
436.606,204.407,88.033,144.484
418.239,207.588,89.563,141.764
395.848,204.148,95.321,144.450
376.621,219.009,99.759,142.442
355.113,238.133,111.698,137.041
346.787,260.547,117.860,126.926
338.023,286.000,127.329,116.466
340.640,304.951,126.042,98.717
350.608,300.587,129.214,104.565
369.481,270.906,122.379,120.269
399.630,239.048,106.743,131.673
423.547,223.065,96.564,139.174
448.034,197.937,81.433,145.583
451.688,194.724,75.697,144.047
438.090,187.012,75.840,146.261
408.579,183.598,77.978,152.319
371.556,177.442,81.905,156.959
328.490,181.868,95.376,157.099
286.248,193.679,105.578,155.113
241.773,209.127,121.543,149.049
203.571,231.808,136.738,143.267
171.151,266.446,146.247,142.485
144.728,308.246,158.316,121.751
138.370,350.347,159.411,105.000
142.721,380.083,158.531,87.392
151.652,386.656,159.282,91.301
165.334,375.616,157.057,92.963
177.103,352.630,154.598,110.340
190.086,316.168,147.150,118.229
194.830,284.612,138.433,133.387
198.302,260.885,126.222,151.685
191.943,244.937,123.116,151.928
168.294,242.661,125.005,157.453
129.015,254.653,143.553,154.505
86.619,291.999,160.716,152.020
51.647,348.777,172.363,131.732
41.076,412.923,170.772,118.513
42.935,468.591,170.496,97.081
55.184,517.063,170.819,88.007
81.407,544.348,167.667,87.640
107.076,554.499,166.236,86.275
131.085,532.166,159.920,86.379
144.548,502.645,163.692,81.792
156.086,457.275,160.866,97.356
165.230,422.373,154.462,113.708
158.090,410.716,156.578,112.631
152.533,410.412,157.229,121.731
131.596,426.495,163.351,114.984
119.533,463.500,166.638,106.590
108.807,514.906,169.588,90.745
113.070,565.686,169.183,88.670
127.958,617.352,170.282,99.194
154.500,662.936,159.264,116.594
191.308,708.772,141.469,117.484
248.876,726.400,130.644,121.291
298.755,732.433,115.305,118.674
334.860,721.669,104.359,113.727
357.598,692.016,111.794,120.566
360.339,651.491,120.416,122.327
357.877,611.353,131.352,116.898
351.253,571.597,142.550,110.016
341.034,538.078,146.369,91.211
325.815,521.666,150.555,76.535
316.513,508.852,148.476,78.454
310.003,515.497,146.848,74.690
300.659,530.994,149.895,76.118
299.146,557.163,148.305,85.727
307.260,595.573,146.784,95.040
318.065,632.144,142.890,104.490
338.725,663.709,110.972,103.558
363.571,687.131,114.714,99.011
393.459,680.530,123.269,109.067
415.265,682.333,116.062,103.314
432.724,657.636,113.985,106.750
441.509,629.840,119.380,108.369
448.968,594.327,126.409,106.799
450.857,552.962,129.091,97.149
449.152,518.145,136.114,82.643
445.657,482.674,129.724,70.620
448.887,441.859,125.092,86.347
446.567,411.851,120.556,101.074
439.390,405.411,119.583,98.584
426.823,415.577,123.718,97.544
417.135,449.265,125.279,79.482
413.924,494.869,129.537,69.276
419.886,532.311,125.351,74.269
430.628,563.970,123.033,83.882
446.321,584.533,123.325,92.521
466.924,596.729,120.194,91.737
478.826,595.894,116.587,85.385
490.636,579.267,113.368,83.792
503.819,552.981,115.473,79.516
509.119,522.709,113.989,64.386
514.999,482.794,111.588,70.431
517.112,438.816,109.456,83.221
520.489,395.773,103.354,103.416
514.350,363.667,96.188,118.891
504.910,344.560,94.515,124.493
487.387,334.723,95.614,124.514
466.330,342.138,101.869,121.882
443.825,363.743,114.208,114.187
429.580,391.733,113.541,98.917
425.531,416.544,113.703,83.092
432.355,420.012,117.359,83.511
445.821,400.928,115.190,89.599
464.585,371.363,110.390,104.650
481.396,341.313,101.439,112.450
500.190,309.929,94.376,123.021
521.794,286.047,86.234,120.517
545.895,271.247,72.850,131.437
568.077,262.408,62.543,125.375
584.880,262.848,55.840,125.505
591.906,268.223,49.629,125.538
594.519,270.946,51.126,128.223
590.303,268.563,47.234,127.849
584.479,271.103,41.833,124.597
567.489,270.702,45.593,125.813
544.545,268.253,56.042,126.481
510.134,271.172,60.449,134.146
478.364,270.988,70.504,138.567
444.558,276.172,81.395,137.176
415.284,286.771,88.625,137.943
382.797,297.229,92.897,121.079
351.777,310.078,93.321,85.315
326.036,332.460,92.138,79.825
297.305,352.055,94.751,77.522
268.455,374.369,96.776,74.633
240.340,403.773,94.632,67.554
212.682,435.000,91.402,66.142
188.835,468.160,91.276,59.310
166.112,502.998,92.079,55.348
149.152,537.945,89.234,53.053
136.999,577.466,88.150,53.751
127.939,619.243,87.633,60.534
126.972,664.719,81.881,68.683
131.812,709.576,75.875,75.283
140.990,755.591,72.990,77.700
158.901,791.372,70.529,78.238
179.460,814.614,72.509,79.538
208.654,789.743,74.676,83.484
201.890,789.791,68.324,108.412
179.622,769.498,75.268,111.278
146.867,766.281,82.682,89.459
104.353,722.379,82.030,90.334
63.114,659.922,90.868,93.920
31.533,594.443,97.558,89.521
77.128,506.713,109.105,92.201
13.605,456.599,145.590,83.786
21.930,403.163,155.290,110.006
25.494,384.564,160.814,136.212
16.763,387.969,161.190,135.451
-0.102,402.310,166.365,130.129
42.043,448.085,118.717,115.115
21.482,488.156,122.538,97.036
-3.774,533.749,133.895,89.197
-3.135,575.335,128.060,89.653
2.666,625.457,121.805,90.260
-19.435,712.661,102.231,89.939
-10.193,754.649,89.899,86.176
0.973,787.640,86.022,88.771
17.792,805.612,84.161,89.859
37.286,816.853,75.187,87.916
48.407,817.103,67.037,83.894
43.336,791.628,68.843,86.682
22.579,754.708,84.708,86.564
8.352,711.144,89.858,85.164
2.366,655.746,91.104,83.526
8.943,598.242,101.546,76.337
20.470,546.140,103.319,66.893
38.288,488.726,104.837,65.964
66.599,435.390,107.360,66.931
89.071,397.142,104.776,74.513
116.730,371.090,107.577,77.954
133.603,366.353,106.235,82.410
140.946,372.702,105.555,76.220
138.407,394.211,106.097,75.361
127.523,433.111,107.795,62.037
126.801,483.187,103.970,59.713
127.665,532.344,94.929,73.128
136.676,580.836,89.014,75.421
150.660,605.682,87.569,72.685
155.368,601.229,87.260,69.775
162.876,572.017,87.616,71.915
163.995,526.170,92.077,74.198
175.905,464.403,96.274,68.824
196.868,399.860,96.261,64.612
224.256,332.922,103.893,77.237
255.899,273.198,111.622,86.727
299.224,223.583,123.664,93.070
342.583,190.715,118.456,99.348
384.680,171.265,114.981,97.995
424.554,152.981,101.781,101.127
458.118,145.116,90.938,106.052
497.569,143.605,91.126,108.555
528.589,144.648,88.161,141.095
549.840,148.157,84.207,155.882
557.326,158.057,78.787,155.248
551.080,163.119,79.078,154.787
530.859,169.247,83.301,154.791
494.789,172.744,91.963,158.628
453.958,177.120,97.737,160.154
406.405,188.025,109.514,159.167
355.019,196.634,123.603,152.789
312.758,220.799,133.444,152.273
273.195,246.793,142.074,145.365
231.699,273.673,157.865,132.545
209.004,310.266,160.848,117.803
193.488,345.831,162.921,106.744
198.173,361.042,159.494,99.739
204.392,354.861,160.888,99.620
226.986,334.655,159.506,109.736
257.313,301.233,152.613,121.271
298.369,258.750,145.611,136.420
346.030,227.876,134.968,143.947
395.448,202.382,115.099,150.385
452.082,188.879,97.757,151.648
490.453,183.270,86.600,150.992
507.864,183.038,81.031,150.311
510.082,184.813,80.585,149.045
502.150,188.195,84.920,151.792
477.948,194.144,94.085,152.511
449.589,209.929,104.937,152.482
414.621,230.310,119.189,141.794
381.695,264.119,135.880,133.245
365.496,314.258,142.181,107.838
357.964,345.824,145.808,89.524
358.670,371.728,137.210,71.641
370.890,371.184,148.629,80.599
387.187,353.204,145.680,79.264
414.354,313.518,143.491,94.871
440.198,280.040,109.162,72.881
473.380,251.476,98.930,77.168
517.690,227.239,95.887,81.940
555.821,203.665,90.680,89.686
599.591,195.548,79.024,94.769
644.359,187.065,77.919,113.791
670.237,189.977,55.398,92.967
678.615,192.882,44.849,95.666
672.483,200.543,48.108,91.004
649.070,207.807,50.548,91.623
613.622,218.804,60.910,93.380
569.237,233.576,75.444,87.008
522.235,258.368,85.713,84.627
483.488,292.534,94.206,77.816
451.802,326.117,84.869,64.866
436.570,354.514,81.047,50.229
427.157,353.790,79.497,48.924
429.852,327.539,73.745,53.099
440.933,288.393,80.459,68.748
457.230,249.117,80.856,79.381
477.059,211.036,85.522,85.114
505.936,183.169,73.793,89.331
531.218,166.285,69.859,92.407
559.872,160.316,66.269,104.764
584.758,162.949,70.053,129.306
600.127,167.521,62.063,126.379
603.910,179.189,55.224,126.901
604.611,185.402,55.140,129.350
596.446,197.917,56.882,129.922
583.073,202.860,59.952,132.239
563.814,213.501,69.519,134.923
536.331,217.990,73.633,135.311
510.762,223.566,79.677,135.725
481.108,226.414,85.799,135.734
441.105,227.400,87.716,94.925
406.105,255.006,91.562,81.893
373.575,281.466,94.404,78.958
340.667,316.629,96.803,69.959
314.315,359.861,101.466,65.548
289.391,405.972,88.871,56.856
277.160,449.367,76.820,57.493
266.846,474.064,78.315,57.607
255.947,466.911,79.094,57.355
239.781,424.408,83.468,60.358
231.766,366.461,93.350,63.697
225.826,302.821,90.133,78.104
222.556,245.495,87.791,88.311
218.586,201.344,90.281,98.549
209.974,166.167,85.650,101.503
198.085,148.390,85.801,105.121
172.910,146.308,93.919,107.780
137.740,159.509,101.155,103.865
100.954,182.677,109.693,105.660
68.774,223.938,104.830,97.285
41.395,273.139,109.866,95.307
21.621,330.671,135.012,90.837
11.193,392.559,155.479,86.386
10.841,455.838,177.763,84.782
17.023,509.405,181.869,100.669
36.776,562.531,171.624,122.806
60.781,628.083,141.323,114.008
94.745,662.662,112.402,114.301
123.733,698.353,82.097,88.850
137.134,703.267,71.784,84.077
123.817,687.090,72.737,83.652
90.941,660.746,86.733,84.026
52.409,628.406,93.187,80.309
15.177,591.250,97.558,79.157
-3.536,561.949,90.634,71.051
-30.917,551.700,101.442,62.445
-24.442,556.526,81.079,59.786
-15.947,566.213,89.435,68.629
-5.772,577.833,123.791,91.727
4.650,618.192,123.864,90.814
-31.290,691.383,114.272,88.454
13.885,736.781,97.491,86.100
63.518,771.021,86.374,84.864
121.342,791.858,78.783,79.376
181.737,795.795,74.832,76.099
229.722,783.524,59.969,75.974
251.739,764.861,48.934,76.209
253.109,726.639,56.091,80.759
228.203,689.198,68.602,87.343
204.011,650.446,78.110,84.073
191.605,618.834,78.896,79.825
187.915,608.765,79.136,75.866
195.547,608.457,78.363,75.723
210.641,621.973,77.926,77.678
232.171,646.766,71.287,80.463
264.436,671.946,74.085,81.508
305.693,701.252,64.590,76.378
353.983,718.745,57.673,71.186
398.393,722.715,52.442,70.718
434.737,728.452,43.331,59.718
457.539,715.824,36.837,60.728
465.141,710.595,35.566,52.924
457.932,694.058,36.142,55.392
429.469,672.985,44.287,56.643
397.691,642.308,51.552,61.302
374.659,603.690,59.537,77.069
363.218,570.150,66.120,77.084
360.803,554.357,69.372,72.886
369.469,556.950,71.552,72.629
390.315,573.158,72.334,73.484
422.241,597.562,61.986,75.140
457.755,631.755,58.400,69.192
495.865,650.519,49.455,63.268
528.883,651.136,43.581,66.008
551.719,652.435,36.907,63.441
557.397,649.176,37.091,59.471
551.049,632.036,38.378,59.824
533.805,602.401,40.754,61.578
515.913,567.544,44.727,65.001
495.163,525.518,51.892,66.925
478.101,484.661,59.112,62.491
468.881,445.132,61.006,59.443
463.339,419.235,68.982,52.723
462.047,412.397,70.927,49.495
463.132,423.131,66.927,51.491
463.110,444.867,63.115,55.681
470.861,480.448,55.872,60.163
481.699,516.124,54.430,67.189
495.490,559.155,48.047,61.927
510.291,578.456,50.230,63.444
523.943,593.812,40.299,60.971
530.483,596.966,37.269,54.587
514.108,570.884,40.793,57.832
506.161,545.035,40.665,58.892
498.723,510.427,42.715,59.713
492.821,465.403,48.481,59.149
492.350,415.796,49.697,57.067
495.152,368.917,56.369,49.502
501.335,328.208,54.951,46.977
509.196,292.064,60.812,51.476
518.581,275.325,62.106,57.425
522.569,277.178,61.296,56.876
524.193,289.616,58.481,58.455
526.336,314.341,60.568,66.061
529.325,348.151,59.688,60.931
532.339,381.665,62.902,44.853
539.200,394.335,64.816,40.247
543.574,385.826,60.861,40.626
550.503,353.492,59.108,46.589
560.351,311.208,60.086,58.211
572.819,269.638,60.539,70.375
584.431,230.887,52.475,71.146
595.964,190.598,48.853,73.005
607.865,155.922,49.118,83.176
618.196,128.486,42.350,93.199
621.403,108.597,38.987,91.747
616.616,94.315,38.600,91.646
601.084,85.628,40.250,91.058
573.965,80.267,45.039,91.390
540.670,78.933,52.520,94.356
503.101,84.526,61.703,95.840
460.433,96.729,71.437,95.511
422.305,120.680,74.870,92.498
392.853,148.954,85.795,89.265
383.083,178.437,83.667,74.936
380.822,181.495,81.203,72.008
387.522,164.460,80.052,78.015
400.602,135.955,82.380,89.842
416.212,107.003,79.070,98.539
437.746,85.524,66.280,100.522
449.988,72.556,59.232,100.092
451.692,61.753,52.331,99.174
439.569,52.685,48.614,102.390
407.892,51.243,54.613,100.010
353.396,55.393,69.722,102.369
290.600,69.864,90.922,108.089
234.549,105.727,98.493,107.931
195.496,138.557,107.283,104.090
171.169,174.493,110.641,97.845
156.160,205.033,130.122,96.356
149.313,240.608,146.584,100.261
151.248,274.691,155.868,89.608
159.753,297.579,157.422,78.785
167.807,291.385,159.352,81.718
169.529,268.029,158.378,87.931
170.151,224.809,149.941,107.107
167.050,182.148,144.015,131.399
168.142,163.662,129.351,150.735
153.342,145.058,122.458,166.128
133.706,132.242,122.367,169.178
89.941,130.849,135.701,168.027
39.928,154.808,157.827,164.206
4.578,186.934,165.603,154.449
13.226,249.124,134.139,125.566
-1.364,292.438,127.696,111.503
-11.217,342.045,125.195,100.325
-15.160,389.485,132.539,94.274
-8.997,427.502,143.753,98.284
-10.303,449.628,166.349,103.760
4.218,451.870,170.640,106.485
13.364,436.885,171.846,106.964
15.082,415.222,179.763,95.716
4.740,386.949,183.969,93.166
-99.058,367.730,218.491,79.251
-93.344,358.859,212.446,80.905
-86.497,369.125,186.225,83.343
-38.651,407.676,162.425,106.810
-3.988,456.273,113.051,108.676
-11.494,506.675,114.313,97.104
-11.507,559.034,122.255,89.248
1.037,605.814,132.965,95.999
-3.989,676.900,117.144,83.466
34.503,700.885,92.007,80.455
66.419,701.183,82.890,79.244
76.450,681.790,80.745,81.291
64.272,645.277,86.104,81.219
42.623,603.478,93.270,78.224
20.287,567.473,101.395,62.241
-6.812,549.151,103.805,53.603
-26.253,542.534,98.560,52.266
-11.342,540.237,132.987,75.058
-27.557,546.042,130.975,94.514
-25.109,573.828,119.873,97.865
-9.259,617.491,104.048,91.457
-8.493,661.498,116.208,90.090
-15.047,701.491,122.537,93.930
-34.061,770.151,123.131,87.986
1.437,795.003,91.351,84.167
33.261,813.686,84.331,80.759
75.666,821.721,81.684,77.436
118.294,820.924,72.060,76.286
158.686,807.704,66.664,78.937
193.382,794.420,65.269,77.878
222.182,768.201,57.125,78.097
240.452,734.052,55.923,78.996
250.031,691.193,61.008,86.372
249.459,650.602,67.675,87.565
245.798,613.393,67.605,82.944
241.608,558.910,73.920,81.935
243.499,503.381,71.993,80.412
248.885,450.360,83.192,70.845
258.692,398.946,86.933,64.852
266.388,345.894,89.516,63.417
281.813,288.523,93.671,72.147
301.997,236.071,94.173,82.909
324.393,190.507,94.341,90.065
347.375,152.685,91.008,102.858
373.363,131.084,84.854,102.617
388.985,121.706,78.467,105.773
389.403,118.996,75.898,105.590
382.821,125.957,80.429,107.586
362.781,136.986,84.109,105.309
329.478,162.668,94.659,103.165
293.648,198.454,104.684,98.499
260.490,252.468,103.715,91.067
232.911,318.006,106.872,80.467
226.151,377.907,132.191,78.726
227.687,419.945,151.198,86.143
238.104,443.490,156.896,85.921
251.570,455.351,154.439,76.143
269.184,432.041,153.589,83.510
290.444,409.606,155.870,80.107
314.122,368.904,161.721,85.401
347.309,328.235,149.688,100.978
381.497,280.568,143.552,121.200
417.090,242.134,129.585,123.510
450.785,212.924,106.594,101.963
485.226,202.514,83.918,99.018
499.320,198.218,69.552,99.747
495.499,203.285,72.573,101.078
478.157,218.563,78.318,97.056
450.506,247.007,89.729,95.468
428.813,292.921,79.235,88.569
407.061,351.716,68.371,78.758
404.351,413.706,82.467,63.874
407.327,463.378,81.155,57.772
420.712,489.441,83.613,50.149
437.676,495.112,83.948,50.303
459.585,482.965,80.306,50.425
483.225,456.197,80.190,50.000
515.310,411.203,70.178,54.197
550.619,360.180,74.563,67.141
584.746,309.922,69.731,74.764
618.929,265.523,73.805,78.747
654.657,228.488,69.569,80.591
685.260,203.886,39.980,73.234
685.260,203.886,39.980,73.234
685.260,203.886,39.980,73.234
685.260,203.886,39.980,73.234
696.013,195.221,25.186,68.769
678.280,210.715,38.147,70.098
636.890,237.303,57.384,77.845
594.749,274.782,66.396,82.435
556.325,323.152,71.935,83.662
519.269,384.141,95.958,79.079
496.789,447.270,125.705,84.491
481.122,498.998,124.270,73.683
474.498,531.827,122.563,72.969
474.829,540.395,122.333,74.982
477.721,534.246,120.926,77.260
481.654,519.330,120.781,72.201
487.479,482.738,120.872,73.585
498.403,431.372,114.682,80.379
513.166,376.192,115.251,98.487
529.190,323.815,105.439,114.665
546.698,283.211,93.758,118.674
561.403,251.671,82.980,125.721
580.128,231.951,75.855,128.657
594.240,217.536,70.742,128.038
605.009,214.849,61.878,124.886
605.702,218.761,63.122,126.292
599.356,226.213,68.357,128.718
581.518,249.954,70.878,126.659
561.014,278.894,77.154,126.832
534.693,311.217,88.163,128.935
509.678,363.984,101.406,124.184
480.664,422.787,111.244,94.071
458.353,485.731,114.356,75.752
447.787,538.712,115.498,68.470
439.077,573.938,119.428,84.286
434.582,611.968,118.617,92.659
432.028,647.380,99.088,94.360
432.781,665.927,71.098,89.771
430.997,662.917,70.783,87.356
419.857,649.557,77.057,91.671
404.368,647.913,74.224,77.487
382.538,626.348,61.792,67.581
358.585,586.376,62.816,65.556
334.783,538.010,59.844,65.207
318.509,485.332,56.143,57.593
311.806,432.453,56.877,53.538
295.461,393.950,77.625,56.666
284.882,348.508,81.356,73.916
281.700,309.740,77.554,82.239
279.498,280.411,79.006,88.364
