205.000,273.000,32.000,54.000
211.606,274.016,24.307,53.083
208.592,266.397,24.846,56.019
204.460,268.621,25.967,54.157
210.468,262.235,27.781,54.765
217.658,258.391,26.769,54.394
212.687,259.628,28.357,55.509
211.295,261.142,29.318,56.915
216.189,268.728,33.358,55.825
213.232,269.015,35.849,56.566
210.325,269.680,38.428,56.422
210.472,270.356,37.018,57.081
207.902,274.000,35.899,57.973
210.883,278.135,34.012,59.097
212.504,282.166,32.959,59.326
215.369,284.239,31.802,59.010
221.870,286.508,30.002,58.504
229.154,286.898,29.109,57.029
233.056,288.260,28.845,56.282
234.580,284.271,27.962,56.419
233.941,279.593,28.961,58.245
240.950,274.073,30.344,59.456
246.274,271.736,30.287,60.304
248.755,272.511,31.584,59.465
253.109,268.070,34.326,60.301
255.702,270.686,33.824,58.892
252.716,267.084,37.122,60.214
255.567,262.900,39.046,62.548
258.208,261.279,38.128,62.819
259.073,259.618,37.043,62.472
263.958,256.441,37.861,63.683
269.630,257.729,37.834,65.794
276.413,260.078,35.940,65.662
284.077,262.435,34.470,64.483
287.312,265.588,36.110,64.386
296.659,264.396,34.491,63.280
306.176,261.279,31.380,64.669
311.400,259.164,30.539,65.861
317.843,259.108,29.476,65.176
324.917,259.747,29.259,66.193
330.186,258.680,32.905,67.974
336.294,256.758,37.708,71.949
343.141,257.062,38.823,71.085
345.031,254.471,39.467,72.233
346.426,256.207,40.257,71.155
353.628,253.379,39.872,70.325
359.533,251.233,38.217,71.230
357.479,252.451,41.036,72.695
361.545,256.221,43.151,71.847
370.547,256.592,37.427,69.735
373.076,254.317,33.545,74.972
377.369,256.105,30.443,71.512
379.680,258.018,30.029,70.944
386.477,259.195,32.754,72.573
392.575,259.994,36.138,71.852
395.214,260.434,37.911,73.472
400.867,260.534,45.968,76.168
404.557,257.541,46.696,77.307
411.968,259.798,46.313,74.007
418.397,260.326,44.899,74.782
439.664,260.616,35.002,79.123
445.142,262.657,40.213,79.472
452.072,263.000,42.840,78.678
456.687,261.895,42.952,79.788
464.753,262.762,41.830,79.451
474.475,264.740,37.502,79.728
473.218,266.240,54.799,79.879
490.157,267.218,43.994,77.864
499.762,269.763,39.558,76.966
504.520,270.560,37.720,76.744
507.282,275.969,42.674,72.760
513.394,273.651,44.221,76.697
518.631,273.336,44.875,77.086
522.093,273.231,44.308,78.199
525.599,275.495,62.537,78.745
533.173,275.150,76.906,80.363
541.298,278.297,65.051,78.810
556.752,277.435,52.743,78.970
562.112,282.304,51.164,76.914
574.411,282.051,43.823,75.727
583.410,280.082,46.081,78.545
585.485,281.944,54.730,76.744
588.245,285.099,62.892,73.997
593.883,285.955,61.814,74.222
595.799,288.312,67.472,72.400
598.506,289.556,72.663,72.404
589.800,284.779,81.596,78.351
614.338,281.935,66.189,80.057
636.027,288.433,50.556,74.047
642.306,287.037,49.784,75.146
645.098,284.546,51.104,79.708
648.976,283.634,53.940,79.924
652.049,284.926,56.319,79.014
652.778,286.836,62.403,78.315
656.976,290.229,64.287,77.907
658.375,287.401,62.373,77.134
671.067,292.740,54.944,72.670
665.134,291.276,64.810,74.071
675.826,290.835,60.990,74.013
676.780,285.002,63.248,78.454
678.322,285.055,62.290,79.306
681.747,284.315,58.806,80.825
684.870,286.210,53.064,77.760
690.606,288.982,45.239,76.799
691.808,288.353,48.441,77.761
694.458,284.264,52.785,79.859
695.028,278.659,59.438,85.073
694.056,283.517,65.114,81.773
694.029,284.272,69.341,79.627
695.465,283.977,70.756,79.747
701.047,286.429,64.690,78.597
706.097,282.542,58.776,81.600
710.396,279.638,49.474,90.394
710.240,281.262,42.647,89.754
712.107,277.463,42.058,85.045
711.398,276.094,39.890,88.208
710.995,274.046,42.578,92.322
710.248,272.248,43.614,95.418
706.568,272.758,44.170,97.428
698.815,275.377,48.738,102.151
690.356,276.444,47.027,99.049
677.263,277.730,49.768,96.273
651.190,276.595,62.885,98.585
637.582,273.864,60.401,98.107
631.725,275.896,50.240,99.073
606.894,272.656,55.084,101.113
604.456,266.239,39.558,100.069
593.999,267.413,37.342,102.134
584.868,265.784,39.180,105.938
574.387,267.759,42.301,109.117
566.034,263.635,41.589,109.137
555.388,262.676,47.252,105.885
552.820,266.720,49.375,103.099
551.462,267.426,49.155,98.179
549.521,266.966,50.455,94.626
551.421,264.924,51.284,95.304
554.203,265.284,49.087,95.791
554.341,264.990,47.549,98.814
551.628,262.009,51.171,103.563
554.078,261.432,50.300,98.513
556.329,265.297,49.983,93.690
559.347,264.891,49.376,96.041
564.255,261.953,48.189,96.769
568.617,261.636,49.172,97.591
568.369,260.648,51.729,101.354
575.704,263.473,49.647,100.269
580.735,263.865,50.504,101.664
586.643,259.898,48.504,106.554
593.199,262.355,47.490,103.850
593.653,259.169,46.430,108.789
595.009,262.484,46.023,106.674
599.555,267.068,47.249,104.957
608.784,268.895,42.587,106.035
612.645,270.635,40.239,105.883
615.720,267.789,41.054,108.538
620.300,271.507,41.029,107.447
620.092,265.660,42.220,111.655
618.113,268.616,45.669,111.214
619.778,270.705,47.905,109.020
623.445,273.048,49.523,108.409
627.100,275.939,49.061,107.126
631.436,276.386,47.807,108.727
635.292,277.131,47.352,108.949
639.280,278.745,46.918,108.380
644.035,280.493,47.250,106.719
646.661,280.575,51.406,109.024
642.232,276.721,57.201,112.548
645.589,273.349,53.931,114.657
640.593,271.428,57.342,116.536
640.036,272.242,61.771,114.933
636.654,268.229,60.235,115.528
637.626,258.316,58.746,121.073
638.350,257.784,52.974,120.191
632.388,261.247,54.313,116.597
626.172,264.221,52.478,113.339
619.752,257.145,56.927,115.252
624.559,253.230,51.620,116.851
620.271,251.165,54.308,119.624
611.861,252.580,60.349,116.948
604.189,248.891,66.675,120.968
608.618,250.915,69.372,120.189
608.326,254.388,70.776,114.087
601.685,259.307,78.241,115.455
600.836,257.499,80.581,115.600
600.373,256.034,77.313,115.356
603.265,255.330,71.789,116.640
609.398,250.474,66.869,117.109
611.619,250.762,58.585,117.986
610.554,255.027,58.454,118.049
614.115,252.147,63.612,118.836
619.830,247.158,64.959,120.539
623.999,246.366,68.091,120.760
634.680,252.333,67.317,115.531
645.496,248.697,60.138,118.938
646.201,251.795,61.610,118.742
655.158,258.742,60.046,117.151
659.852,266.233,59.763,114.194
664.510,273.806,60.442,112.976
670.160,277.679,63.152,115.001
677.577,275.749,61.462,117.699
686.767,278.461,59.126,116.366
694.230,278.427,55.114,115.391
702.117,280.575,53.099,113.195
708.415,282.359,49.643,113.415
700.873,283.631,57.711,110.690
703.486,282.785,62.357,109.450
708.478,282.894,59.819,113.271
710.442,279.706,64.368,112.257
715.211,279.571,66.534,111.483
720.962,279.043,66.585,115.103
730.578,278.855,63.131,113.841
742.900,276.799,60.970,114.843
751.225,276.498,59.928,117.356
749.832,278.115,62.256,116.353
753.863,282.627,66.749,114.509
750.421,285.191,76.889,115.558
749.530,285.228,79.939,114.014
753.788,285.849,82.985,113.642
756.337,285.259,85.834,112.641
764.087,286.527,83.214,108.663
769.557,285.071,79.373,107.865
774.187,284.222,74.620,105.900
779.409,288.278,69.888,102.995
784.918,288.262,64.620,104.731
788.650,287.998,55.597,107.250
790.143,291.164,51.458,105.040
787.074,286.999,46.689,106.227
788.957,283.298,48.764,106.650
785.494,281.702,55.077,110.705
779.032,280.667,62.619,110.093
768.133,280.223,76.609,110.029
763.296,285.793,85.585,103.747
760.837,285.195,87.974,102.931
762.502,285.369,81.033,103.846
762.825,284.500,74.416,102.009
764.720,284.954,63.388,103.254
759.907,283.282,56.560,104.366
766.397,285.369,45.707,105.151
766.783,285.217,43.790,106.322
763.633,285.304,45.939,104.998
760.547,289.008,46.333,102.250
758.079,288.483,47.131,103.148
754.867,288.363,48.808,102.388
745.581,286.841,54.733,102.811
737.399,288.515,60.223,101.446
732.347,293.197,62.055,100.492
730.718,292.057,61.139,101.006
731.833,290.722,58.150,100.422
730.744,291.580,56.821,100.657
731.324,290.869,55.711,99.854
732.837,289.463,53.872,100.983
733.770,287.534,54.267,100.840
734.044,286.446,54.219,102.462
735.496,286.165,52.222,101.587
736.075,284.182,51.941,102.479
736.560,284.143,51.147,101.746
737.732,282.887,48.735,101.761
737.805,282.183,48.552,103.028
737.803,282.985,50.381,102.032
738.770,284.699,51.031,101.010
736.302,283.364,53.526,100.672
734.111,284.988,57.305,101.125
733.250,283.095,69.271,101.157
731.947,281.640,69.235,100.319
734.158,280.227,67.084,100.332
740.275,280.931,63.161,99.015
747.808,282.900,55.119,98.724
756.539,286.270,48.398,99.515
760.387,285.933,46.396,100.636
762.412,286.373,45.222,99.892
760.501,287.694,47.444,98.331
760.213,288.300,48.565,98.030
760.160,289.978,49.343,97.887
766.289,291.308,47.002,95.088
773.093,292.075,43.120,92.697
774.941,290.334,44.150,94.043
777.305,291.259,45.045,93.539
777.336,290.478,46.316,94.410
778.717,290.420,52.020,94.598
782.188,291.439,53.312,92.976
781.171,293.881,53.687,93.047
780.026,293.635,56.084,93.133
782.758,292.622,58.865,95.001
785.495,298.797,59.183,90.656
790.121,297.537,57.440,93.499
798.670,297.246,52.668,94.516
803.194,296.949,49.108,94.338
802.144,300.310,51.681,91.745
804.739,292.689,52.514,99.488
804.197,293.951,56.074,100.627
804.184,300.522,59.712,94.594
809.333,299.001,58.652,96.658
809.826,307.617,62.888,91.258
815.406,304.323,60.218,93.713
818.358,312.975,56.863,85.668
822.225,317.133,54.933,83.396
825.122,318.010,52.748,84.258
826.152,318.131,52.707,84.536
827.350,319.784,52.529,82.764
820.020,318.783,55.686,86.131
818.503,320.541,56.691,87.410
821.336,320.771,51.197,88.346
821.941,317.076,49.282,89.005
822.658,320.667,46.393,86.058
820.116,324.096,47.642,84.973
815.953,322.782,52.703,81.068
815.006,322.412,56.037,81.795
809.740,320.547,61.761,81.816
804.544,318.587,63.177,84.497
802.668,320.949,64.861,82.536
800.468,317.440,65.084,85.922
798.387,321.952,62.800,85.008
801.106,319.510,63.463,85.671
803.721,320.964,56.538,85.284
807.364,318.985,51.274,87.199
810.781,320.661,50.222,84.814
805.766,323.520,50.952,82.570
795.489,323.343,56.130,82.424
788.965,322.574,56.208,84.155
