611	328	28	28
608	330	27	24
606	333	27	20
601	335	29	23
599	339	25	23
597	345	27	25
595	360	25	24
594	374	22	26
592	391	24	26
592	410	25	27
592	428	25	25
595	421	26	26
596	404	26	27
596	392	25	26
596	381	25	25
597	368	27	26
597	359	25	25
596	350	26	26
596	342	26	25
595	334	24	24
593	326	25	24
592	321	25	25
591	318	26	21
587	312	27	25
585	308	25	26
586	307	23	25
584	307	23	25
581	304	25	25
579	305	27	24
575	306	26	24
572	306	28	26
569	310	30	26
564	309	34	31
564	309	34	31
564	309	34	31
545	338	32	28
541	347	27	29
535	365	27	27
525	383	28	25
519	399	27	28
514	418	28	27
509	422	27	25
506	408	28	26
504	394	28	27
504	384	27	25
504	372	27	26
506	362	27	25
505	354	27	26
505	345	27	27
503	339	28	28
502	338	28	25
499	334	29	25
497	333	27	26
493	332	28	26
490	334	29	26
487	334	29	26
488	335	28	26
486	338	28	26
485	336	29	28
487	338	31	29
488	341	31	28
493	342	28	30
495	343	30	31
498	345	31	33
502	354	36	36
501	357	39	33
504	364	43	35
508	371	42	31
516	382	34	36
518	398	31	29
521	421	26	28
517	442	29	28
515	447	29	31
511	436	29	30
506	421	28	28
502	407	26	26
495	396	28	26
492	387	30	31
494	382	30	27
493	376	34	24
494	370	34	25
494	366	33	26
497	363	31	24
504	358	30	26
510	352	29	27
514	346	30	27
518	341	28	26
521	338	28	24
520	334	27	27
520	334	30	27
522	334	30	25
527	335	30	26
531	340	29	27
536	342	28	27
537	345	28	27
537	347	27	27
536	345	26	25
531	339	25	26
523	333	25	23
516	326	26	26
507	320	25	25
505	315	26	25
504	308	25	27
504	300	25	26
504	292	24	26
509	279	25	26
516	263	25	26
528	246	27	25
545	230	25	24
555	216	26	25
568	207	27	25
579	201	29	25
591	202	28	24
602	201	27	24
609	209	28	25
614	216	26	25
616	222	25	25
622	226	26	25
630	227	25	24
642	228	25	24
652	226	25	23
660	222	27	24
674	219	27	25
684	213	28	27
700	215	27	24
712	212	27	25
724	213	27	24
734	214	26	23
746	214	27	23
759	217	27	24
775	224	28	23
787	230	28	24
804	236	27	26
818	245	28	25
832	253	26	24
843	262	28	27
853	274	27	24
846	273	27	26
838	271	29	26
836	261	28	27
837	252	25	26
838	245	26	23
837	239	26	25
835	233	26	24
834	231	27	23
832	226	25	25
830	224	26	26
830	224	26	24
830	223	26	25
827	224	27	26
826	227	26	26
824	231	26	26
822	236	25	25
821	242	26	26
818	249	25	25
816	256	26	25
814	264	27	25
812	274	27	26
810	285	27	26
809	297	28	27
806	311	27	28
804	324	28	29
801	338	29	29
799	353	28	29
798	371	26	29
792	390	29	27
791	408	28	29
788	431	30	31
785	445	32	35
785	477	28	30
781	501	28	29
781	528	28	31
779	539	28	30
775	520	29	31
770	502	30	31
768	486	28	29
765	469	28	30
765	452	29	31
764	439	29	29
762	425	28	30
756	418	31	27
752	415	31	28
750	414	30	28
748	417	30	29
745	423	30	28
743	430	29	30
741	446	28	31
742	468	27	31
743	491	29	32
746	513	27	34
746	539	29	31
749	531	28	31
753	512	27	31
756	496	29	32
762	481	29	31
769	465	30	30
776	454	30	26
777	442	30	29
778	435	36	29
777	430	36	28
778	424	35	30
781	424	33	28
781	424	31	29
779	425	33	28
781	427	31	30
778	432	33	30
778	434	34	31
780	435	33	30
780	434	33	29
780	429	29	29
779	426	30	29
775	426	32	30
758	429	33	30
733	434	34	31
711	440	32	33
692	454	28	28
669	464	29	27
649	477	31	27
634	489	29	28
616	502	28	28
599	517	29	27
581	529	28	26
574	515	27	27
564	501	28	28
557	490	27	27
549	479	26	25
540	470	27	26
534	461	26	26
528	454	26	26
523	446	25	25
519	440	25	24
516	432	25	24
513	427	24	23
512	423	25	23
511	422	23	23
511	417	24	23
505	415	25	23
502	412	25	23
499	413	25	23
498	411	25	24
494	412	27	24
492	412	25	23
488	414	25	23
486	415	26	22
482	417	26	24
481	422	25	23
475	427	25	24
472	434	25	25
470	444	25	27
474	453	24	26
471	468	25	25
470	476	25	25
467	467	25	25
465	459	25	24
459	451	26	23
455	443	26	25
448	437	28	25
449	432	25	25
448	428	24	25
446	424	25	24
444	420	26	25
439	412	26	25
436	408	28	25
436	403	28	26
433	400	27	25
429	393	28	27
429	388	32	26
429	385	32	25
433	379	31	25
439	376	27	24
439	374	29	24
442	373	29	24
446	373	30	26
448	376	29	27
450	378	30	26
451	381	29	27
452	382	29	26
455	385	28	25
456	388	28	24
455	387	29	25
456	384	29	26
453	376	27	25
450	369	25	27
444	363	27	28
440	359	26	29
434	355	29	28
433	352	27	28
431	351	26	28
431	349	25	25
432	342	25	24
437	336	26	24
444	323	28	25
458	308	28	26
474	295	28	27
488	277	28	27
501	260	27	27
512	243	28	29
529	229	27	28
543	216	29	26
561	205	30	26
576	199	30	25
592	192	30	25
606	184	27	25
618	181	26	25
631	180	26	24
644	177	26	23
652	174	27	24
660	173	26	23
668	171	28	24
678	170	27	25
686	172	27	24
696	174	29	23
708	173	27	25
721	178	26	25
739	181	26	25
755	189	27	24
768	196	29	26
783	204	30	26
800	215	30	26
816	224	31	25
835	235	29	24
852	247	27	27
864	255	26	22
859	250	26	24
855	246	26	24
851	242	27	25
849	240	26	23
846	238	25	23
844	238	24	23
839	236	25	23
836	238	24	22
833	241	23	22
828	243	24	22
824	249	24	22
821	253	23	22
817	258	22	22
814	264	23	22
810	273	23	23
808	281	22	23
808	290	22	22
807	301	22	22
804	310	22	22
800	322	22	21
798	335	21	21
797	345	20	21
794	358	21	20
793	370	21	22
788	384	21	21
786	400	21	21
784	416	21	20
781	431	22	21
779	445	24	23
777	467	20	19
776	486	20	19
774	501	19	20
773	490	19	19
772	476	20	21
773	463	19	19
774	450	20	20
774	440	20	18
771	429	20	18
771	421	19	19
772	412	19	20
772	405	19	18
773	398	19	18
771	391	19	18
771	387	19	18
770	384	19	17
772	380	18	17
770	377	19	18
772	375	18	17
771	372	18	17
771	371	18	17
771	370	18	17
768	369	18	17
768	370	17	17
767	373	18	17
767	375	17	17
766	378	18	17
766	384	17	16
766	387	17	17
766	393	17	16
765	396	17	17
765	403	16	17
763	410	16	16
763	417	17	16
761	425	17	17
760	434	19	15
761	444	17	15
759	455	15	16
758	465	15	16
758	475	16	17
756	470	16	15
757	461	16	17
755	453	16	16
755	447	16	15
754	438	17	16
756	433	15	15
754	430	18	14
753	425	19	17
752	420	18	18
752	418	16	16
752	415	17	14
752	414	17	14
752	412	16	14
751	411	16	14
751	412	15	14
753	413	15	13
752	413	14	12
744	384	17	12
744	384	17	12
744	384	17	12
744	384	17	12
744	384	17	12
744	384	17	12
744	384	17	12
713	416	18	13
711	411	20	18
709	405	21	20
700	403	21	22
688	408	21	21
