689	302	105	232
683	302	108	227
689	311	105	234
693	312	96	230
679	308	109	239
677	310	91	249
669	312	94	250
659	309	99	245
659	320	95	248
662	331	102	239
665	318	89	235
641	323	100	247
642	331	95	238
630	334	97	244
623	334	97	234
617	332	98	257
610	326	100	259
603	330	98	256
592	324	101	262
586	319	94	261
580	323	114	262
586	337	102	239
582	342	119	263
587	351	104	266
578	343	114	264
575	332	110	259
584	316	88	264
586	311	82	250
573	303	94	257
574	298	102	281
574	295	112	282
573	294	102	265
569	280	101	275
568	282	110	275
579	266	93	265
583	274	99	284
578	268	121	287
579	274	118	282
586	276	123	287
589	271	119	276
592	275	129	273
596	276	125	294
616	277	118	313
631	287	103	302
632	300	100	294
633	289	102	296
632	287	113	272
635	304	115	269
638	299	122	302
643	286	119	316
627	303	126	303
640	319	108	289
633	295	107	305
629	294	111	298
621	290	107	327
623	293	106	320
622	267	102	342
621	241	102	350
619	227	109	346
630	229	116	312
648	224	112	327
668	228	119	330
685	242	125	321
709	247	128	314
722	242	117	314
731	252	112	294
726	261	113	306
714	269	113	320
698	286	116	332
696	305	112	337
689	308	106	315
671	305	106	297
651	296	116	293
647	280	114	308
647	261	109	322
655	245	96	322
659	235	97	306
661	209	100	299
649	207	106	286
646	188	103	291
637	175	130	320
628	157	118	322
620	141	116	327
620	150	117	320
617	151	113	289
604	151	117	307
611	151	118	338
618	147	129	347
623	162	136	342
643	216	117	327
648	200	117	323
651	251	115	294
649	257	122	314
646	261	117	320
638	247	119	332
642	232	115	335
645	232	103	298
647	222	101	302
641	223	110	323
641	223	111	350
642	213	111	338
649	202	111	339
660	204	109	326
670	205	120	291
682	222	117	296
694	226	120	307
699	241	112	313
700	239	113	296
701	233	102	308
699	235	99	287
704	232	96	287
704	241	105	305
708	244	100	324
707	244	118	317
714	261	113	314
722	260	109	300
726	248	110	279
722	238	120	291
718	229	110	318
721	213	104	314
725	210	101	313
722	196	105	316
721	192	104	284
724	191	97	303
727	186	104	317
724	195	101	339
720	195	113	329
725	211	118	342
728	204	124	311
728	206	127	316
735	205	115	342
737	211	129	351
746	232	126	359
754	223	126	349
762	237	111	319
770	242	114	312
779	251	115	333
779	248	130	359
776	248	127	371
785	241	121	363
784	238	123	374
790	245	123	325
784	251	141	346
800	259	128	372
811	253	133	377
818	246	124	378
826	246	115	379
816	239	130	363
824	248	127	335
819	250	129	352
816	254	129	383
810	231	130	380
801	239	132	384
799	227	130	387
801	221	133	363
808	238	141	378
827	241	128	400
836	255	120	400
849	262	120	392
861	278	130	383
866	274	132	354
876	270	129	365
873	279	135	385
878	249	135	422
879	239	135	432
886	253	127	424
883	255	136	392
884	257	136	368
893	262	136	395
911	258	125	408
919	248	136	416
922	241	142	410
922	250	149	396
922	254	166	370
939	276	155	380
935	262	177	403
939	264	143	428
948	269	142	424
951	264	141	423
937	254	191	401
941	249	214	408
951	259	192	414
956	266	195	441
967	274	187	418
960	262	173	420
959	260	178	418
958	253	195	397
966	259	190	419
974	253	181	427
967	254	155	461
960	227	189	457
952	240	195	453
949	226	198	443
947	244	212	442
966	250	193	471
976	255	201	513
993	246	207	508
1017	242	166	482
1014	248	163	470
1021	256	178	440
1028	260	195	464
1045	264	189	482
1066	277	177	519
1080	277	167	535
1078	286	182	512
1088	282	196	490
1114	301	199	495
1129	315	206	517
1152	311	188	537
1180	308	168	520
1191	308	187	501
1188	288	240	531
1201	255	255	522
1238	285	229	523
1232	337	261	498
1239	321	275	559
1280	355	221	527
1276	325	220	512
1266	337	244	451
1305	366	220	467
1305	357	244	514
1329	332	238	538
1332	337	232	536
1327	317	233	531
1294	306	279	524
1354	329	244	478
1361	345	278	519
1377	339	277	551
1393	319	236	600
1415	332	203	596
1415	332	203	596
1504	356	174	568
1469	364	224	597
1474	354	228	652
1450	382	245	675
1481	381	196	653
1481	381	196	653
1482	394	259	611
1479	402	274	595
1475	406	309	642
1468	404	276	652
1443	392	259	648
1464	382	257	681
1453	362	285	682
1415	351	346	682
1455	345	338	697
1467	336	362	715
1496	321	316	751
1473	317	306	754
1509	294	322	761
1540	291	271	707
1508	294	372	651
1513	279	406	671
1521	270	408	702
1468	248	394	761
1428	227	363	778
1495	230	298	765
1450	241	358	688
1421	231	378	675
1424	222	384	697
1446	227	328	722
1384	234	335	748
1406	257	295	769
1373	206	328	787
1352	215	372	730
1365	244	415	595
1408	267	396	599
1429	248	343	639
1439	254	284	720
1470	236	267	712
1459	218	306	668
1467	232	311	612
1500	207	306	581
1540	186	278	596
1552	189	252	633
1539	182	247	659
1549	190	270	678
1520	168	299	691
1521	169	294	621
1517	167	309	522
1520	179	299	512
1526	164	256	551
1532	166	209	589
1541	147	194	563
1522	142	205	521
1524	140	192	469
1504	134	213	478
1491	126	205	503
1458	122	197	549
1467	122	183	571
1450	166	205	542
1413	183	246	556
1395	194	256	517
1385	207	263	443
1431	210	206	452
1440	218	210	478
1475	225	160	494
1486	240	162	479
1493	255	168	435
1506	267	173	411
1516	282	184	388
1533	316	174	372
1541	334	163	399
1555	343	160	413
1569	333	168	421
1583	326	166	437
1601	316	161	416
1609	298	180	372
1647	309	161	346
1675	309	164	374
1699	313	162	382
1733	291	152	397
1757	298	139	393
