1005.000,618.000,121.000,238.000
1005.368,617.292,122.828,242.721
1042.354,603.861,133.568,278.626
1055.803,597.743,176.332,320.012
1116.943,587.068,176.769,361.807
908.063,720.202,146.509,273.107
1294.566,604.979,202.455,401.727
1372.912,504.187,279.053,521.570
1331.078,446.052,310.696,504.751
1361.043,289.121,209.860,559.817
1286.126,174.017,220.936,611.440
1162.848,162.195,196.286,474.922
1099.495,283.350,218.712,324.365
1359.028,529.126,272.646,455.177
1424.099,421.680,338.825,501.270
1537.332,307.493,301.961,403.406
1669.652,118.161,211.566,486.619
1516.044,36.891,274.699,451.530
1542.262,86.931,263.842,379.822
1272.298,172.107,173.632,359.245
1324.824,150.480,151.574,266.584
1299.668,129.414,152.372,260.711
1290.177,102.322,158.662,245.759
1266.527,87.657,164.707,218.922
1196.369,101.217,142.861,203.313
1069.782,133.742,161.850,178.415
1008.894,165.904,132.786,191.467
941.829,206.994,126.091,174.645
903.482,252.666,112.480,164.798
883.331,293.747,99.996,157.072
879.315,305.801,91.284,145.604
891.553,315.458,79.931,136.370
889.232,313.723,75.663,130.234
889.232,313.723,75.663,130.234
889.232,313.723,75.663,130.234
889.232,313.723,75.663,130.234
1016.483,90.207,83.032,122.761
1052.343,375.694,121.741,131.854
1188.717,553.821,127.512,161.807
856.683,379.807,141.708,291.470
873.241,414.765,159.758,288.336
864.555,442.693,173.413,283.292
969.082,454.823,193.625,302.582
988.414,447.310,173.986,324.161
988.414,447.310,173.986,324.161
1018.393,487.023,144.940,357.144
1018.393,487.023,144.940,357.144
1018.393,487.023,144.940,357.144
1018.393,487.023,144.940,357.144
1018.393,487.023,144.940,357.144
908.244,586.661,158.311,266.513
922.179,594.189,162.737,277.959
936.996,612.653,185.688,288.516
919.373,624.228,132.585,249.079
908.615,609.495,116.374,241.886
903.699,619.927,137.833,248.770
887.279,605.196,146.910,256.867
883.801,611.910,162.113,260.930
881.304,604.196,180.613,271.154
886.301,612.832,198.169,274.334
953.147,640.385,165.652,241.685
1005.991,674.267,128.982,224.562
1011.721,701.504,124.336,204.809
1037.253,757.016,136.236,164.297
1063.330,733.235,135.781,205.795
1092.703,723.100,136.704,220.041
1116.898,693.285,135.955,228.947
1132.937,684.252,133.877,233.939
1129.577,702.863,140.637,234.674
1117.859,724.156,148.931,235.782
1127.794,744.428,160.996,247.067
1153.659,747.878,164.364,242.938
1188.773,725.798,162.353,265.835
1236.929,712.378,157.570,244.500
1266.705,704.579,154.781,243.312
1279.933,680.011,164.947,249.301
1294.325,686.967,168.737,232.122
1260.981,691.811,175.383,240.465
1232.862,689.075,166.707,246.911
1202.560,682.916,157.800,254.339
1176.262,670.691,150.191,265.859
1165.072,660.309,139.722,260.953
1145.366,644.580,140.527,264.748
1106.090,640.669,134.314,246.587
1117.361,627.688,132.509,258.329
1111.370,621.531,131.460,260.230
1113.218,600.712,160.874,266.764
764.666,701.593,174.988,301.100
466.665,938.725,235.309,244.970
1114.758,564.338,157.858,283.158
1128.749,550.560,123.692,275.048
1141.676,547.746,121.834,295.109
1143.504,552.712,169.647,286.126
1171.502,548.966,165.942,304.088
1174.673,550.301,148.259,335.805
1131.249,565.320,209.767,289.888
1118.337,568.341,211.432,282.916
1159.401,577.813,202.337,394.908
1140.174,559.693,209.472,377.848
1558.269,578.838,159.467,437.168
1559.596,542.042,143.281,426.332
1540.573,461.368,147.932,388.359
1506.631,423.332,141.438,350.673
988.565,419.917,136.793,234.028
948.834,424.872,144.980,217.021
941.824,411.504,143.838,209.706
953.062,408.083,149.122,192.482
931.716,403.695,147.993,186.862
933.993,387.117,146.177,182.566
947.557,364.112,137.557,179.091
963.150,373.896,132.756,172.705
940.033,367.070,132.658,171.350
898.630,384.202,128.988,174.261
811.680,422.912,177.290,228.668
828.155,414.247,148.497,230.972
798.234,397.280,165.782,217.808
803.219,390.303,188.234,209.040
783.429,385.009,204.061,216.283
771.626,365.258,211.217,232.224
771.626,365.258,211.217,232.224
771.626,365.258,211.217,232.224
404.766,597.460,177.112,155.846
419.024,608.468,175.673,159.178
439.189,612.943,175.400,152.027
439.189,612.943,175.400,152.027
439.189,612.943,175.400,152.027
499.611,648.088,180.960,152.020
499.611,648.088,180.960,152.020
499.611,648.088,180.960,152.020
499.611,648.088,180.960,152.020
499.611,648.088,180.960,152.020
499.611,648.088,180.960,152.020
499.611,648.088,180.960,152.020
748.297,533.553,107.998,163.002
748.297,533.553,107.998,163.002
755.063,544.949,101.756,157.257
755.162,545.841,104.207,155.480
749.376,550.266,99.983,150.816
759.827,562.947,98.450,147.577
775.075,577.695,96.324,142.099
775.935,594.624,92.555,137.460
784.597,607.818,95.452,137.549
774.688,611.053,100.985,172.987
750.998,645.054,110.175,234.820
728.580,665.091,111.939,227.648
720.900,679.411,104.295,222.030
734.210,680.669,100.496,234.698
726.168,697.757,103.104,248.524
721.233,720.902,99.656,255.003
719.025,729.315,96.669,261.056
704.112,732.768,106.380,267.604
680.995,740.799,123.864,278.231
668.509,727.982,146.529,287.611
635.384,730.069,167.526,305.987
635.384,730.069,167.526,305.987
635.384,730.069,167.526,305.987
635.384,730.069,167.526,305.987
635.384,730.069,167.526,305.987
635.384,730.069,167.526,305.987
635.384,730.069,167.526,305.987
635.384,730.069,167.526,305.987
739.809,539.022,131.925,222.974
739.809,539.022,131.925,222.974
565.492,714.265,105.276,170.488
546.079,764.270,87.833,104.322
527.632,776.544,80.355,63.998
502.087,772.016,79.274,54.144
492.310,775.343,72.540,55.058
471.887,756.101,72.384,59.104
430.785,737.565,79.311,62.029
400.771,723.255,76.683,63.747
359.086,713.979,79.338,64.655
327.473,690.358,72.961,71.974
284.320,664.566,75.516,70.070
251.977,660.545,68.864,70.256
222.299,663.904,68.607,75.202
191.032,636.982,67.096,77.191
159.933,611.847,67.925,76.271
138.827,584.873,67.218,79.601
117.000,543.718,64.732,83.383
92.437,503.485,64.339,80.965
68.047,478.295,63.639,72.817
48.395,462.394,60.608,70.532
13.344,431.899,58.813,73.154
307.050,377.005,37.297,62.702
285.241,371.838,33.914,60.369
251.897,368.419,35.217,61.428
233.050,344.551,34.834,57.924
188.644,342.307,37.020,59.979
173.108,336.977,32.884,58.381
138.765,302.818,30.045,58.574
102.751,276.338,29.292,58.768
83.335,242.794,30.218,54.799
57.453,235.442,28.895,54.319
25.525,226.501,27.665,54.430
-5.675,207.472,30.959,55.779
