111,98,25,101
111,101,25,101
109,104,25,103
110,106,25,103
108,105,25,103
108,106,25,103
108,109,25,101
106,112,25,101
104,114,25,103
102,117,25,103
98,120,25,103
94,120,25,103
90,118,25,103
87,114,25,103
86,113,25,103
88,111,25,103
88,112,25,103
87,111,25,103
89,112,25,103
91,113,25,103
93,114,25,103
94,112,25,103
97,110,25,103
97,110,25,101
99,110,24,98
102,112,24,98
104,116,24,98
105,117,24,98
106,115,24,98
106,110,24,98
106,105,24,98
104,103,24,98
102,103,24,98
102,103,24,98
104,105,24,98
104,105,24,98
104,107,24,98
105,106,25,101
103,104,25,103
103,101,26,105
102,100,26,105
101,98,26,105
101,98,26,105
100,102,26,105
98,101,26,105
95,102,26,105
91,102,26,105
86,98,26,105
82,95,26,105
80,93,26,105
79,97,26,105
79,100,26,105
79,101,26,105
81,105,26,105
80,106,26,105
83,106,26,105
86,107,26,105
92,103,26,105
95,100,26,105
99,98,26,105
103,98,26,105
104,99,26,108
104,100,26,108
104,100,26,108
107,101,26,108
112,94,27,110
114,84,27,110
114,82,27,110
112,88,27,110
109,96,27,110
109,98,26,108
105,96,26,108
102,81,26,108
99,78,26,108
95,78,26,108
93,80,26,105
89,80,26,105
83,82,25,103
110,105,25,103
108,109,25,103
107,108,26,105
103,107,26,105
103,104,26,105
102,99,26,105
103,94,26,105
105,92,26,105
108,92,26,105
109,92,26,105
113,95,26,105
114,97,26,105
118,97,26,105
123,99,26,105
125,98,26,105
128,100,25,103
128,100,25,103
130,101,25,103
129,102,25,103
129,104,25,103
129,105,26,105
127,105,26,105
126,104,26,105
123,99,26,105
122,95,26,105
122,93,26,105
121,93,26,105
121,93,26,105
122,94,26,105
119,91,26,105
117,89,26,108
116,86,27,110
114,83,27,110
110,78,27,110
107,75,27,110
103,74,27,110
100,79,27,110
99,86,27,110
98,89,27,110
96,91,27,110
93,95,27,110
91,95,27,110
94,94,27,110
98,94,27,110
100,95,27,110
103,95,27,110
108,98,27,110
109,99,27,110
113,103,27,110
115,104,27,110
116,102,27,110
118,101,27,110
119,102,27,110
122,106,27,110
123,107,27,113
125,110,27,113
126,115,27,113
126,118,28,115
127,120,28,115
127,118,28,115
126,118,28,115
126,118,28,115
125,121,28,115
125,122,28,115
126,124,28,115
126,122,28,115
128,123,28,115
128,123,28,115
127,121,28,115
127,117,28,115
128,116,28,115
129,115,28,115
129,115,28,115
132,113,28,115
133,112,28,115
132,108,28,115
129,104,28,115
128,101,28,115
126,97,28,115
126,94,28,115
125,95,28,115
124,99,28,115
126,102,27,113
132,105,27,113
135,105,27,113
136,104,27,113
136,102,27,113
137,102,27,113
137,102,27,113
137,104,27,113
138,107,27,113
139,110,27,113
137,113,27,113
136,112,27,113
135,109,27,113
133,106,27,113
129,106,27,113
127,108,27,113
130,111,27,113
130,114,27,110
127,114,27,110
128,116,27,110
128,117,27,110
128,114,27,113
129,111,27,113
127,110,27,113
118,112,27,113
118,114,27,113
114,112,27,113
112,111,27,113
110,109,27,113
108,105,27,113
110,101,27,113
114,98,27,113
117,98,27,113
118,100,27,113
122,103,27,113
126,106,27,113
129,106,28,115
132,104,28,115
132,101,28,115
132,98,28,115
130,99,28,115
131,102,28,115
136,106,28,115
141,108,29,118
140,112,29,118
142,112,29,118
142,112,29,118
140,110,29,118
140,113,29,118
142,116,29,118
144,117,29,118
147,117,29,118
144,121,29,118
143,125,29,118
143,129,29,118
138,132,29,118
135,135,29,118
133,135,29,118
126,135,29,118
126,139,29,118
126,143,29,118
127,142,29,118
125,140,29,118
124,136,29,118
120,129,29,118
120,127,29,118
117,121,29,118
112,117,29,118
113,118,29,118
113,118,29,118
112,118,29,118
108,120,29,118
108,119,29,120
109,117,29,120
109,113,30,123
105,108,30,123
99,102,30,123
96,98,30,123
99,96,30,123
107,101,30,123
110,103,30,123
115,104,30,123
119,103,30,123
118,102,30,123
117,102,30,123
116,102,30,123
116,103,30,123
119,105,30,123
118,109,30,123
122,113,31,126
124,116,31,126
126,116,31,126
130,117,31,126
130,117,31,126
131,119,31,126
129,120,31,126
130,122,31,126
131,124,31,126
134,125,31,126
135,126,31,126
136,128,31,126
136,129,31,126
136,130,31,126
132,131,30,123
122,136,30,123
118,140,30,123
119,142,30,123
118,140,30,123
119,139,30,123
118,137,30,123
115,135,30,123
114,132,30,123
114,129,30,123
117,127,31,126
114,130,31,126
110,129,31,126
111,128,31,126
110,127,31,126
107,128,31,126
106,125,31,126
105,125,31,126
105,126,31,126
107,130,31,126
107,132,31,126
110,135,31,126
112,134,31,126
115,134,31,126
115,135,31,126
109,133,31,126
107,132,31,126
111,136,31,126
113,139,31,126
115,141,31,126
113,140,31,126
112,140,31,126
108,140,31,126
105,143,31,126
108,142,31,126
110,140,31,126
110,141,31,126
107,144,31,126
107,142,31,126
107,138,31,126
105,137,31,126
101,135,31,126
97,131,31,126
92,130,31,126
