84,53,62,70
86,52,62,70
89,53,62,70
89,53,62,70
91,53,62,70
92,53,62,70
92,55,60,68
92,54,60,68
91,53,60,68
91,53,60,68
89,52,60,68
88,52,60,68
86,52,60,68
85,52,60,68
84,52,60,68
82,52,60,68
81,53,60,68
80,54,60,68
78,55,60,68
77,57,60,68
77,57,60,68
76,57,60,68
76,57,60,68
76,57,60,68
77,56,60,68
78,56,60,68
80,57,59,66
81,56,59,66
82,56,59,66
83,55,59,66
84,55,59,66
85,54,59,66
86,54,59,66
88,54,59,66
89,54,59,66
90,54,59,66
91,54,59,66
93,54,59,66
94,54,59,66
94,53,59,66
95,54,59,66
95,54,59,66
96,54,59,66
97,53,59,66
97,54,59,66
98,54,59,66
98,55,59,66
99,55,59,66
99,55,59,66
99,55,59,66
99,56,59,66
99,55,59,66
98,55,59,66
98,55,59,66
98,56,59,66
98,55,59,66
97,55,59,66
96,54,59,66
96,54,59,66
95,54,59,66
95,55,59,66
94,54,59,66
93,54,59,66
93,54,59,66
92,55,59,66
91,55,59,66
90,55,59,66
90,55,59,66
89,55,59,66
88,54,59,66
87,55,59,66
87,55,59,66
86,55,59,66
85,54,59,66
85,55,59,66
85,55,59,66
85,55,59,66
84,54,59,66
84,55,59,66
83,55,59,66
83,55,59,66
83,54,59,66
83,55,59,66
83,55,59,66
83,55,59,66
82,54,59,66
82,55,59,66
82,55,59,66
82,55,59,66
82,54,59,66
82,55,59,66
82,54,59,66
81,54,59,66
82,54,59,66
82,55,59,66
81,54,59,66
81,54,59,66
81,54,59,66
81,55,59,66
81,55,59,66
81,55,59,66
82,54,59,66
82,54,59,66
82,54,59,66
82,54,59,66
82,54,59,66
82,55,59,66
83,55,59,66
83,55,59,66
83,54,59,66
83,55,59,66
84,55,59,66
84,55,59,66
85,54,59,66
85,55,59,66
85,55,59,66
86,55,59,66
86,55,59,66
86,55,59,66
87,55,59,66
87,56,59,66
87,55,59,66
87,55,59,66
87,55,59,66
87,56,59,66
88,55,59,66
88,55,59,66
88,55,59,66
88,56,59,66
88,55,59,66
87,55,59,66
87,55,59,66
86,55,59,66
86,55,59,66
85,55,59,66
85,55,59,66
84,56,59,66
84,55,59,66
84,55,59,66
83,55,59,66
84,56,59,66
83,55,59,66
84,55,59,66
84,55,59,66
85,56,59,66
85,55,59,66
86,55,59,66
86,55,59,66
86,55,59,66
87,55,59,66
87,55,59,66
87,55,59,66
87,55,59,66
86,55,59,66
86,55,59,66
86,54,59,66
86,55,59,66
85,55,59,66
85,55,59,66
84,54,59,66
84,55,59,66
83,55,59,66
83,55,59,66
82,54,59,66
82,55,59,66
81,55,59,66
80,55,59,66
80,54,59,66
79,54,59,66
79,54,59,66
78,54,59,66
78,54,59,66
78,54,59,66
78,54,59,66
78,54,59,66
77,53,59,66
77,54,59,66
78,54,59,66
78,55,59,66
78,54,59,66
78,54,59,66
79,54,59,66
80,55,59,66
80,54,59,66
81,54,59,66
82,54,59,66
84,55,59,66
85,54,59,66
87,55,59,66
88,55,59,66
90,56,59,66
91,55,59,66
92,56,59,66
94,55,59,66
94,55,59,66
96,54,59,66
96,54,59,66
97,54,59,66
97,54,59,66
96,53,60,68
96,53,60,68
95,53,60,68
94,53,62,70
92,51,62,70
90,51,62,70
90,50,62,70
87,51,62,70
86,49,63,71
83,49,63,71
82,49,63,71
80,49,63,71
79,49,63,71
77,50,63,71
76,51,63,71
75,50,63,71
75,50,63,71
74,49,63,71
74,49,63,71
73,48,64,73
73,48,64,73
73,48,64,73
74,47,64,73
74,46,64,73
75,46,64,73
76,46,64,73
77,45,64,73
77,45,64,73
80,44,64,73
81,45,64,73
84,44,64,73
86,45,64,73
90,45,64,73
93,45,64,73
97,45,64,73
101,45,64,73
107,47,64,73
113,46,64,73
118,47,64,73
125,47,64,73
130,46,64,73
137,46,64,73
142,45,64,73
147,45,64,73
152,46,64,73
157,46,64,73
162,45,64,73
166,45,64,73
169,44,64,73
174,45,64,73
177,45,64,73
180,45,64,73
182,45,64,73
183,45,64,73
186,44,64,73
187,45,64,73
187,44,64,73
189,45,66,74
189,45,66,74
189,44,66,74
189,45,66,74
187,45,66,74
187,45,66,74
186,44,66,74
185,45,66,74
183,45,66,74
181,46,66,74
179,45,66,74
177,46,66,74
174,45,66,74
171,46,66,74
167,46,66,74
163,47,64,73
160,48,63,71
156,48,63,71
151,48,63,71
146,48,63,71
141,49,63,71
137,49,63,71
131,48,63,71
126,48,63,71
122,49,63,71
116,49,63,71
112,49,63,71
108,50,63,71
103,50,63,71
100,49,63,71
97,50,63,71
94,51,63,71
91,51,63,71
89,49,63,71
87,50,63,71
86,51,62,70
84,51,62,70
83,51,62,70
82,51,62,70
80,50,62,70
80,51,62,70
79,51,62,70
79,51,62,70
79,50,62,70
79,51,62,70
79,51,62,70
80,51,62,70
80,50,62,70
83,51,62,70
83,51,62,70
85,51,62,70
88,51,62,70
89,51,62,70
93,52,62,70
97,52,60,68
100,52,60,68
103,53,60,68
107,53,60,68
111,53,60,68
115,54,60,68
119,53,60,68
124,54,60,68
129,54,60,68
134,54,60,68
139,54,60,68
144,54,60,68
148,54,60,68
152,55,60,68
157,55,60,68
161,55,60,68
165,55,60,68
170,55,60,68
174,55,60,68
178,55,60,68
181,55,60,68
184,55,60,68
186,55,60,68
190,55,60,68
193,55,60,68
195,55,60,68
197,55,60,68
199,55,60,68
200,55,60,68
200,55,62,70
202,55,62,70
201,54,62,70
202,54,62,70
202,54,62,70
203,54,62,70
201,53,62,70
201,54,62,70
200,54,62,70
199,53,62,70
197,53,62,70
197,53,62,70
195,53,62,70
193,53,62,70
192,52,62,70
190,52,62,70
187,52,62,70
186,52,62,70
183,51,63,71
179,51,63,71
178,50,63,71
175,51,63,71
172,50,64,73
168,49,64,73
166,49,64,73
163,49,64,73
160,49,64,73
157,48,64,73
154,49,64,73
151,47,64,73
149,47,64,73
146,47,64,73
145,47,64,73
142,46,66,74
139,46,66,74
137,46,66,74
135,45,66,74
133,46,66,74
132,46,66,74
130,46,66,74
129,45,66,74
128,46,66,74
127,46,66,74
126,46,66,74
126,47,66,74
125,46,66,74
125,46,66,74
126,46,66,74
126,47,66,74
126,46,66,74
126,46,66,74
127,46,66,74
128,45,66,74
129,46,66,74
130,46,66,74
132,45,66,74
134,45,66,74
137,46,66,74
139,44,66,74
142,45,66,74
145,44,66,74
148,44,66,74
150,43,66,74
154,43,67,76
157,42,67,76
160,41,69,78
165,41,69,78
169,40,69,78
173,40,69,78
177,40,69,78
180,40,69,78
184,40,69,78
189,39,69,78
190,38,70,80
195,38,70,80
198,39,70,80
202,38,70,80
205,38,70,80
207,37,72,81
210,37,72,81
213,37,72,81
215,38,72,81
217,37,72,81
219,38,72,81
221,38,72,81
221,38,72,81
222,37,72,81
223,38,72,81
223,36,74,83
222,36,74,83
222,36,74,83
222,36,74,83
221,36,74,83
220,35,74,83
219,35,74,83
218,34,74,83
215,35,74,83
214,35,74,83
210,34,74,83
208,34,74,83
205,34,74,83
201,34,74,83
197,33,74,83
194,34,74,83
190,32,74,83
186,33,74,83
182,32,74,83
177,32,74,83
173,32,74,83
169,32,74,83
165,32,74,83
160,32,75,85
155,31,75,85
151,31,75,85
147,31,75,85
143,31,75,85
141,31,75,85
137,31,75,85
134,31,75,85
132,31,75,85
129,32,75,85
127,32,75,85
125,31,75,85
125,31,75,85
123,32,75,85
123,32,75,85
123,33,74,83
123,34,74,83
123,35,74,83
122,34,74,83
123,35,74,83
124,36,74,83
125,37,74,83
127,37,74,83
128,37,74,83
129,38,74,83
131,38,74,83
133,38,74,83
135,39,72,81
137,40,72,81
139,41,72,81
140,41,72,81
141,42,72,81
143,42,72,81
144,42,72,81
145,43,72,81
147,45,70,80
147,45,70,80
147,45,70,80
148,45,70,80
148,45,70,80
149,47,69,78
149,46,69,78
149,46,69,78
149,48,67,76
149,48,67,76
147,47,67,76
147,47,67,76
146,47,67,76
144,48,67,76
143,47,67,76
141,48,67,76
139,48,67,76
137,48,67,76
135,48,67,76
132,50,66,75
130,51,66,75
128,52,65,73
126,52,63,71
123,52,63,71
119,53,63,71
116,53,63,71
113,54,63,71
111,54,63,71
107,55,63,71
105,55,63,71
101,56,63,71
98,56,63,71
97,56,63,71
94,57,63,71
93,57,63,71
91,57,63,71
90,57,63,71
88,58,63,71
86,57,63,71
85,58,63,71
85,58,62,70
83,58,62,70
84,60,60,68
84,60,60,68
83,59,60,68
83,59,60,68
83,60,60,68
84,61,59,67
84,60,59,67
85,61,59,67
86,60,59,67
86,60,59,67
87,60,59,67
87,60,59,67
88,60,59,67
90,60,59,67
91,59,59,67
93,60,59,67
94,59,59,67
96,59,59,67
99,60,58,65
100,59,58,65
101,59,58,65
104,59,58,65
106,59,58,65
109,59,58,65
111,59,58,65
112,59,58,65
115,59,58,65
118,59,58,65
120,59,58,65
123,60,58,65
125,60,58,65
128,59,58,65
130,60,58,65
133,60,58,65
136,60,58,65
137,61,58,65
139,61,58,65
141,61,58,65
142,60,59,67
144,60,59,67
145,60,59,67
146,60,59,67
147,60,59,67
148,60,59,67
149,60,59,67
150,61,59,67
150,60,59,67
151,60,59,67
151,60,59,67
150,61,59,67
150,59,59,67
149,60,59,67
149,59,59,67
148,60,59,67
148,58,59,67
146,59,59,67
145,58,59,67
145,58,59,67
143,57,60,68
141,57,60,68
140,55,60,68
139,56,60,68
136,55,62,70
134,54,62,70
133,54,62,70
131,53,62,70
130,53,62,70
128,53,62,70
127,53,62,70
126,53,63,71
125,52,63,71
124,52,63,71
122,51,65,73
121,51,65,73
121,51,65,73
120,50,65,73
119,50,65,73
120,51,65,73
120,51,65,73
120,50,65,73
121,50,65,73
121,51,65,73
122,51,65,73
123,50,65,73
124,50,65,73
126,50,66,75
128,50,66,75
129,48,68,76
130,48,68,76
132,48,68,76
135,47,68,76
138,47,68,76
141,46,68,76
144,46,68,76
145,46,68,76
149,45,68,76
152,45,68,76
156,45,68,76
159,45,68,76
163,43,68,76
167,44,68,76
169,44,68,76
172,43,69,78
176,42,69,78
179,42,69,78
182,42,69,78
184,42,71,80
187,42,71,80
191,41,71,80
193,42,71,80
195,40,72,82
197,40,72,82
200,40,72,82
202,42,71,80
204,40,72,82
206,40,72,82
206,40,72,82
208,40,72,82
209,39,72,82
210,39,72,82
210,39,72,82
211,39,72,82
210,40,72,82
211,39,72,82
211,39,72,82
211,39,72,82
210,39,72,82
209,38,74,83
208,38,74,83
207,37,74,83
205,38,74,83
204,37,74,83
203,37,74,83
201,37,74,83
200,39,72,82
198,38,72,82
195,37,72,82
192,38,72,82
188,37,72,82
186,36,72,82
182,36,72,82
179,36,72,82
176,36,72,82
173,35,72,82
169,36,72,82
165,35,72,82
161,33,74,84
157,33,74,84
152,33,74,84
148,33,74,84
145,32,74,84
141,32,74,84
138,32,74,84
135,32,74,84
132,32,74,84
128,32,74,84
125,32,74,84
122,31,76,85
119,32,76,85
115,31,76,85
113,31,76,85
112,31,76,85
109,32,76,85
107,31,76,85
106,32,76,85
104,31,77,87
102,31,77,87
101,31,77,87
103,32,76,85
101,31,76,85
101,32,76,85
100,31,76,85
101,32,76,85
102,31,76,85
101,32,76,85
103,31,76,85
103,32,76,85
104,31,76,85
105,32,76,85
107,31,76,85
108,31,76,85
109,31,76,85
110,32,76,85
112,31,76,85
114,32,76,85
116,31,76,85
117,32,76,85
119,33,76,85
121,32,76,85
122,33,76,85
124,34,76,85
126,35,74,84
128,36,72,82
129,37,72,82
130,37,72,82
130,37,72,82
131,38,72,82
131,38,72,82
130,39,72,82
131,39,71,80
131,39,71,80
130,39,71,80
129,39,71,80
128,39,71,80
127,40,71,80
125,39,71,80
123,40,71,80
121,40,71,80
118,40,71,80
115,40,71,80
112,40,71,80
108,40,71,80
105,41,71,80
101,41,71,80
97,41,71,80
93,42,71,80
89,42,71,80
84,42,71,80
79,43,71,80
77,44,69,78
72,43,69,78
68,44,69,78
64,45,69,78
61,45,69,78
58,45,69,78
56,44,69,78
53,45,69,78
52,45,69,78
49,45,69,78
48,45,69,78
46,45,69,78
48,46,68,76
47,47,68,76
46,46,68,76
46,46,68,76
46,46,68,76
47,47,68,76
48,47,66,75
50,48,66,75
50,48,66,75
52,49,66,75
54,48,66,75
56,48,66,75
58,48,66,75
60,49,66,75
63,49,66,75
66,49,66,75
68,50,66,75
71,50,66,75
74,50,66,75
77,50,66,75
81,51,65,73
84,52,65,73
88,52,65,73
92,52,65,73
95,53,65,73
98,53,65,73
101,53,65,73
104,53,65,73
107,54,65,73
110,55,65,73
112,55,65,73
114,56,63,72
116,56,63,72
118,57,62,70
119,57,62,70
120,57,62,70
121,58,62,70
122,58,62,70
122,58,62,70
123,58,62,70
122,59,62,70
122,59,62,70
123,59,62,70
122,59,62,70
122,59,62,70
121,59,62,70
120,59,62,70
119,59,62,70
119,60,62,70
119,60,62,70
119,61,61,68
119,61,61,68
118,62,61,68
118,62,61,68
117,63,61,68
118,63,61,68
118,63,61,68
119,62,61,68
119,62,61,68
120,62,61,68
121,63,59,67
123,63,59,67
125,64,58,66
126,64,58,66
127,64,58,66
129,63,58,66
131,63,58,66
133,63,58,66
135,63,58,66
138,63,58,66
140,62,58,66
144,62,58,66
147,62,58,66
150,62,58,66
154,62,58,66
158,62,58,66
162,62,58,66
165,61,58,66
169,63,58,66
173,62,58,66
176,62,58,66
180,62,58,66
183,63,58,66
185,62,58,66
188,62,58,66
191,61,58,66
194,62,58,66
196,62,58,66
197,62,58,66
199,61,58,66
201,62,58,66
202,62,58,66
203,62,58,66
204,61,58,66
205,62,58,66
205,62,58,66
205,62,58,66
205,61,58,66
204,61,59,67
204,61,59,67
203,61,59,67
203,60,61,69
201,60,61,69
199,59,61,69
198,59,61,69
196,59,61,69
195,59,61,69
192,58,62,70
190,57,62,70
187,57,62,70
185,56,62,70
182,56,62,70
179,54,62,70
176,53,62,70
174,53,62,70
170,53,62,70
168,52,63,72
165,52,63,72
162,52,63,72
160,52,63,72
157,51,63,72
154,51,65,73
152,50,65,73
150,50,65,73
149,49,65,73
147,49,65,73
146,48,66,75
144,48,66,75
143,47,68,77
142,46,68,77
142,46,68,77
141,46,68,77
142,47,68,77
141,46,68,77
142,46,68,77
142,46,68,77
143,47,68,77
144,46,68,77
144,46,68,77
144,45,69,78
146,45,69,78
147,43,71,80
147,43,71,80
149,42,71,80
150,41,71,80
151,40,73,82
153,40,73,82
155,40,73,82
157,39,73,82
159,38,73,82
159,36,74,84
161,34,74,84
163,35,74,84
166,34,74,84
167,32,76,86
168,32,76,86
170,32,76,86
172,32,76,86
173,31,76,86
174,30,78,88
175,29,79,90
178,30,78,88
178,29,79,90
178,27,79,90
179,27,79,90
179,27,79,90
179,27,79,90
179,27,79,90
178,26,81,92
178,25,81,92
176,25,81,92
175,25,83,94
173,24,83,94
171,24,83,94
169,24,83,94
166,24,83,94
163,24,83,94
160,23,83,94
158,23,83,94
153,22,83,94
150,21,83,94
145,21,83,94
141,21,83,94
137,21,83,94
134,21,83,94
129,22,83,94
126,21,83,94
122,21,85,96
119,20,85,96
116,21,85,96
113,20,85,96
111,21,85,96
109,20,85,96
108,21,85,96
106,20,85,96
105,22,85,96
105,22,85,96
104,22,85,96
103,23,85,96
104,24,85,96
105,25,85,96
105,27,85,96
106,27,83,94
107,28,83,94
109,31,81,92
110,31,81,92
112,33,79,90
113,33,79,90
113,33,79,90
115,35,78,88
116,36,78,88
116,35,78,88
115,35,78,88
116,35,76,86
115,35,76,86
114,35,76,86
113,35,76,86
112,35,76,86
111,36,76,86
110,36,76,86
109,36,76,86
107,36,76,86
105,36,76,86
106,39,74,84
103,40,74,84
101,39,74,84
99,41,73,82
98,41,73,82
94,41,73,82
92,41,73,82
89,42,73,82
87,43,73,82
84,44,73,82
82,45,71,80
81,46,70,79
79,46,70,79
77,49,68,77
75,48,68,77
74,49,68,77
71,49,68,77
70,49,68,77
69,49,68,77
67,49,68,77
67,49,68,77
66,49,68,77
65,49,68,77
65,49,68,77
64,49,68,77
64,49,68,77
64,49,68,77
65,49,68,77
65,48,68,77
66,49,68,77
67,49,68,77
71,51,67,75
71,50,67,75
74,51,65,74
76,51,65,74
78,51,65,74
81,52,65,74
84,51,65,74
88,52,65,74
91,52,65,74
95,53,65,74
99,52,65,74
103,53,65,74
108,54,65,74
112,53,65,74
116,53,65,74
120,53,65,74
125,54,64,72
129,55,64,72
133,55,64,72
136,55,64,72
139,55,64,72
142,56,64,72
145,56,64,72
148,56,64,72
151,56,64,72
153,56,64,72
156,56,64,72
158,56,64,72
160,56,64,72
163,57,62,70
164,57,62,70
166,56,62,70
167,57,62,70
169,56,62,70
170,57,62,70
171,56,62,70
171,57,62,70
173,56,62,70
173,57,62,70
174,57,62,70
174,57,62,70
175,56,62,70
175,57,62,70
175,57,62,70
176,57,62,70
175,56,62,70
176,57,62,70
175,56,62,70
175,56,62,70
175,55,62,70
174,56,62,70
173,55,62,70
173,55,62,70
172,53,64,72
171,53,64,72
169,51,65,74
168,51,65,74
166,51,65,74
163,50,67,75
162,49,67,75
161,48,67,75
158,47,68,77
156,46,68,77
154,46,68,77
154,46,68,77
153,46,68,77
152,46,68,77
151,45,68,77
151,45,68,77
150,46,68,77
150,45,68,77
149,44,68,77
149,44,68,77
149,44,68,77
149,44,68,77
150,43,68,77
150,44,70,79
149,44,70,79
150,43,70,79
150,43,71,80
151,42,71,80
153,42,71,80
154,41,73,82
156,41,73,82
158,41,73,82
158,41,73,82
161,40,73,82
163,39,73,82
166,39,73,82
169,39,73,82
171,38,73,82
174,37,73,82
176,37,73,82
180,36,73,82
182,35,73,82
185,34,73,82
187,33,74,84
189,32,74,84
192,32,74,84
194,31,76,86
197,31,76,86
199,31,76,86
202,30,76,86
204,30,76,86
207,29,76,86
208,29,76,86
209,29,76,86
210,28,76,86
211,28,76,86
211,28,76,86
210,27,78,88
210,27,78,88
209,27,78,88
208,26,78,88
205,26,80,90
203,26,80,90
202,26,80,90
199,26,80,90
197,26,80,90
194,26,80,90
191,26,80,90
188,26,80,90
185,27,80,90
182,27,80,90
177,26,80,90
173,27,80,90
169,26,80,90
164,27,80,90
160,26,80,90
154,26,80,90
150,27,80,90
144,27,80,90
139,26,80,90
134,25,80,90
129,25,80,90
123,25,80,90
119,26,80,90
114,26,80,90
110,26,80,90
105,26,80,90
102,27,80,90
98,27,80,90
94,27,80,90
92,27,80,90
88,27,80,90
86,28,80,90
83,27,81,92
80,27,81,92
79,27,81,92
80,29,80,90
78,29,80,90
78,30,80,90
77,30,80,90
78,32,78,88
78,33,76,86
79,33,76,86
80,34,76,86
80,35,76,86
81,36,76,86
82,37,76,86
84,37,76,86
85,37,76,86
87,38,76,86
88,39,76,86
90,40,76,86
91,40,76,86
92,41,76,86
93,42,76,86
94,41,76,86
94,42,76,86
94,41,76,86
95,42,76,86
95,41,76,86
95,42,76,86
95,41,76,86
93,41,76,86
94,41,76,86
94,42,75,84
93,43,75,84
91,43,75,84
89,43,75,84
88,43,75,84
85,44,75,84
83,45,75,84
81,45,73,82
78,45,73,82
75,45,73,82
73,47,71,81
70,48,70,79
66,48,70,79
65,49,70,79
62,49,70,79
60,51,68,77
57,50,68,77
55,52,68,77
53,53,68,77
51,54,67,75
48,54,67,75
48,55,65,74
47,56,65,74
46,55,65,74
46,56,64,72
47,56,62,71
46,56,62,71
48,57,61,69
48,57,61,69
49,56,61,69
50,56,61,69
51,57,61,69
53,57,61,69
55,56,61,69
58,56,61,69
60,56,61,69
64,56,61,69
67,56,61,69
70,57,61,69
74,57,61,69
78,57,61,69
82,58,61,69
86,58,61,69
93,59,60,68
97,60,60,68
102,59,60,68
106,59,60,68
110,60,60,68
116,61,58,66
119,61,58,66
123,61,58,66
126,61,58,66
129,61,58,66
131,61,58,66
132,61,58,66
135,61,58,66
136,61,58,66
138,61,58,66
138,61,58,66
139,61,58,66
139,61,58,66
140,61,58,66
139,61,60,68
138,61,60,68
137,61,60,68
136,60,60,68
135,61,60,68
132,60,60,68
130,61,60,68
128,60,60,68
124,60,60,68
121,59,60,68
118,60,60,68
114,59,60,68
110,58,60,68
106,58,61,69
100,56,62,71
96,54,62,71
91,53,62,71
87,53,62,71
83,52,62,71
79,52,62,71
75,51,62,71
72,51,62,71
68,50,62,71
64,50,62,71
60,49,62,71
58,49,64,72
54,49,65,74
51,48,67,76
48,47,67,76
46,47,65,74
45,48,65,74
44,48,65,74
43,48,65,74
43,48,65,74
43,48,65,74
43,48,65,74
43,48,65,74
44,48,65,74
44,48,67,76
45,46,67,76
46,47,67,76
47,46,67,76
50,47,67,76
52,45,68,77
54,45,68,77
57,45,70,79
59,44,70,79
62,43,70,79
64,43,70,79
67,41,70,79
71,41,70,79
74,40,70,79
78,40,70,79
81,38,71,81
85,38,71,81
86,38,73,83
90,37,73,83
94,36,73,83
97,37,73,83
99,37,75,84
102,36,75,84
104,36,75,84
106,35,76,86
108,34,76,86
111,34,76,86
112,34,76,86
113,34,76,86
115,34,76,86
117,33,76,86
118,33,76,86
118,33,76,86
118,33,76,86
118,33,76,86
119,32,76,86
119,32,76,86
118,31,76,86
118,31,76,86
118,31,76,86
116,30,76,86
116,29,76,86
114,28,76,86
113,28,76,86
110,28,78,88
108,27,80,90
107,26,80,90
106,25,80,90
105,25,80,90
103,25,80,90
104,25,80,90
103,25,80,90
102,25,80,90
101,24,80,90
102,24,80,90
102,24,80,90
102,23,80,90
103,23,80,90
104,23,80,90
105,23,80,90
106,23,80,90
107,23,80,90
109,23,80,90
111,22,80,90
114,22,82,92
117,21,82,92
121,23,82,92
126,23,82,92
131,23,82,92
135,24,82,92
140,25,82,92
146,24,82,92
152,25,82,92
157,24,82,92
163,25,82,92
168,24,82,92
173,24,82,92
176,24,84,94
179,24,85,97
183,24,85,97
186,23,85,97
190,23,85,97
192,23,85,97
194,23,85,97
197,24,85,97
198,24,85,97
199,23,85,97
200,24,85,97
201,24,85,97
202,25,85,97
203,25,85,97
203,26,85,97
204,26,85,97
203,27,85,97
202,27,85,97
203,29,85,97
202,30,85,97
202,32,85,97
203,34,84,94
205,36,82,92
203,39,82,92
204,39,80,90
205,41,78,88
205,43,77,86
205,45,75,85
205,45,75,85
204,45,75,85
205,45,75,85
207,45,73,83
209,45,73,83
210,46,73,83
212,46,73,83
213,46,73,83
215,46,73,83
218,46,72,81
219,46,72,81
221,47,72,81
223,48,72,81
225,48,72,81
227,48,72,81
230,49,72,81
234,49,70,79
235,51,72,81
236,50,72,81
236,50,72,81
237,51,72,81
237,51,72,81
236,50,72,81
236,50,72,81
236,51,72,81
234,51,72,81
233,51,72,81
231,51,72,81
228,52,72,81
226,52,72,81
223,52,72,81
221,53,72,81
217,53,72,81
212,52,72,81
208,53,72,81
204,52,72,81
199,53,72,81
194,54,72,81
188,53,72,81
183,53,72,81
178,53,72,81
172,52,72,81
167,52,72,81
163,51,72,81
158,52,72,81
152,51,72,81
148,50,72,81
145,51,72,81
141,50,72,81
137,49,72,81
134,50,72,81
130,50,72,81
127,50,72,81
124,50,72,81
121,50,72,81
121,50,70,79
117,50,70,79
115,50,70,79
113,50,70,79
111,49,70,79
110,48,70,79
107,46,70,79
106,46,70,79
104,45,70,79
103,45,70,79
100,44,70,79
98,45,70,79
96,44,70,79
93,45,70,79
92,43,70,79
90,42,70,79
88,41,70,79
86,41,70,79
85,41,70,79
82,41,70,79
80,41,70,79
78,41,70,79
76,41,70,79
74,40,70,79
71,40,70,79
69,40,70,79
67,40,70,79
65,41,70,79
62,42,72,81
59,41,72,81
56,41,72,81
53,43,72,81
50,43,73,83
47,43,75,85
44,44,75,85
41,43,75,85
38,45,75,85
35,45,75,85
33,45,75,85
31,45,75,85
28,45,75,85
