1.0
598.976110836922,489.5223938362032,69.3296308235395,89.03400544226307
597.8474414199135,491.8894005191759,67.95583047485816,88.78778669791193
597.9159029990537,490.1687297156429,67.05726231547057,88.04064099950588
597.2522633802321,485.60125094599607,66.47571382654654,90.8128735355935
599.2103040068489,493.12963488802717,67.40153754373974,89.03869300369215
600.2652217675,491.5765293415414,65.35918443303704,90.58804356168241
603.2377916854423,490.4936370233845,63.875889315436524,91.95410341793993
605.7863553368061,490.5472904298472,60.06716867627603,94.04561242095991
608.5098843247828,492.62277607956594,58.088987089488285,95.8158179167256
608.7548329087352,495.6765614015186,57.87259789991805,94.66246987511755
610.5263138450952,496.89951858462905,57.927060680667196,93.79029291565028
612.3568805778397,497.25418756715106,57.207432352796104,94.51274336552765
608.4375780318945,500.82028919741975,59.59135370874049,91.37526182438559
605.5438874132888,506.35211164536594,62.15772453029574,87.60432469773387
606.5020231348494,507.759452853263,60.03723122515641,87.20594007962237
604.4684957380952,515.9364528009655,61.193714107501364,82.2249196333689
603.1464825670193,518.898230541432,60.91761403868007,78.57188618023963
604.9463711112696,518.5926894778693,58.70728354258607,78.10621655799416
602.9118559666296,521.9689981391377,60.42733292504808,74.07172272471428
602.1046704475247,525.7685997370584,61.60696614261153,71.04019082776608
605.0629816972221,522.9650442499824,59.76771412070927,72.04025818262548
602.2597921628386,524.6872794957973,63.38503940710197,69.09149293688844
601.4311787926482,527.2928918489506,66.10009285648069,66.86203141430255
602.1209875381252,523.6646723987883,62.9257911441896,71.2319905543918
600.9293106642416,515.8685981924347,59.805356270961475,76.76598225436018
597.8611228147047,516.6048772657305,60.78767390807714,79.44037231737755
597.0075066363275,515.3441758386333,61.19987099212459,81.34420493827717
595.2602427817756,511.5798519344417,62.6068569497518,83.17748956061442
596.115602579069,507.1616015654602,62.73519436097529,86.01131707246587
597.2175665979787,507.03327631078747,62.3094856147419,87.81255069386465
600.8878910307895,505.7815320979685,63.849491831000975,88.69935948582511
599.6833145198591,507.157615099368,66.20341981047444,87.24358565440562
597.6921874566567,507.76485483675754,67.60217987173182,87.2832120121211
599.1415135417236,505.68970568145795,69.80852819237106,87.39966894097245
599.252332021073,507.0173441374651,73.44980646353339,87.10797335939132
601.5008987225937,505.20655536123576,76.52308942675418,89.33557118103853
600.6260967170859,503.4029524810442,78.7159527867928,91.35907454256554
601.0177348028134,504.2097326524026,80.94539386607114,90.45287731332488
601.5651972330554,501.66478523932966,82.59337860518312,92.66273404270792
605.0666596246388,501.5829296461711,83.21257935543727,94.91433557815574
605.5271175020403,501.6567487432408,84.62171750187181,94.85953815543137
605.0442540775547,502.21521321563205,86.36762257645714,95.18370968187466
609.3381790891773,504.60256021135126,84.56473464805877,96.10657313998334
608.1200337363132,510.9369581019639,84.39369416087521,93.34279423071348
606.053193588192,513.3712036514578,85.88247302014048,89.38736106114416
611.554535572418,518.2120240215997,83.93365448285027,88.97259833991743
608.6224458490825,520.4003115092557,81.03183080642786,87.05987786840873
604.8836653680186,525.4595520842075,80.97160291410702,83.80961322146835
602.0875978414913,529.3825142213097,80.6556621255794,79.09992967644222
606.0631429548403,538.5958115551795,78.75922642476209,74.4357124852514
611.555128809424,538.1399077319003,81.48460296348168,70.71689071575194
608.3645700355485,537.611687337967,82.1593780252542,70.12428466100404
600.8433630143015,534.3107734317296,77.08370387035606,72.04265882326345
597.0875838845518,542.0201290720464,79.34455843125663,67.95846755475864
593.9572430074783,549.9888514482535,79.93858973043726,67.15858160663115
591.7969747614625,559.6850992039131,79.60903190466529,67.3559470381982
590.1412675474155,563.2907539617196,79.72482809602782,67.3189843838865
585.3330252741192,554.1945548570202,79.78839711413328,67.20385078914298
584.2311517016998,554.4426615073324,79.8179599524097,67.17148388287161
584.904881717969,552.9827650004419,79.81635453916043,67.17900278650872
587.8012202009965,550.9182808817392,79.87296823782664,67.10713430370876
595.4426810236159,550.9804220166467,79.9333227931728,67.06680370718696
610.2506591785261,547.3093099801549,80.06982059711399,67.0430673177167
612.5162843015088,543.9103743448424,80.16039398344535,67.04164779602402
613.5228008109938,542.585453447041,80.46682276491421,67.0031811192959
594.4634268801684,532.817699535909,80.51567897514136,67.0075174153571
592.4793746407753,536.6326077804576,80.69017508549867,67.03932943771561
602.5785902244448,542.3512550911823,80.78077295655456,67.09039051219425
617.2832580686977,551.9675973680534,80.78940290859984,67.09649874349148
618.442769759103,560.6830502986483,80.84624780870612,67.13610070426633
613.6360946180357,564.8005661899394,80.854053959827,67.20567371639832
622.4445138575674,567.9506661932575,80.82996051340841,67.21951163145988
625.3889482997544,560.2071400948859,80.87860245950795,67.43090361207143
626.2182863185877,550.7822830685125,80.95728952501317,67.75898890185265
622.4084648095926,537.6817038314932,81.02131903079089,67.79044687126412
638.4774040639015,539.0335358561508,81.0682055676364,67.76526417809147
637.6755349929243,543.2794384283897,86.61533846605558,62.835821110728965
650.4529439143361,548.4272843316323,86.57439437222757,63.612732006947226
643.5650417797439,543.7816677274697,94.34442101279438,59.501849472709424
649.6325819689142,546.8753084150743,96.70700747732718,59.665401369626416
663.1532523550092,551.5610603146109,97.70793601426448,61.723338515227525
685.8045038422639,561.9770018519572,92.79699476216665,67.60072186001929
693.2278525191974,555.9341438623165,91.07447224647771,71.40327328034672
706.0803584129865,564.8682093215748,89.74397509012366,73.38135504249928
706.7192500775953,556.0154668787031,87.94957400296215,77.17166957479866
672.2386722143632,544.7545926688719,88.22931192698147,80.06362690718925
673.5583596895395,545.7164992904279,91.09092622589054,83.30043032479159
651.9810331940026,534.9753581359124,95.20330280469753,84.24341290500402
619.744306175118,529.942962208569,101.23182250052706,79.36838604462805
2.0
0
0
0
0
1.0
791.8584965033142,523.7981344734831,79.4471354752949,95.41318457195814
795.7217394758808,523.707630489709,84.50745944418227,95.02540787057644
801.8340973766361,527.6124145090469,86.70207675202373,95.16225964940654
806.1773876179739,526.5428526937434,85.5145820879143,98.88160810855119
812.344526171359,524.6797620677967,84.49169763593278,100.3597387178546
819.2209499558682,523.6915607192643,82.73149260373572,101.80322691797615
822.4135847266496,521.3836292540627,81.55911363328322,101.63949027619373
828.8373013198561,523.7738638745019,80.25959005731525,102.36308365810268
833.7966907518303,521.5261580463082,79.137131104245,104.48605108830196
836.4828372240734,522.278929906302,79.37413872007403,105.30757582416923
838.4900619893583,524.023697887414,80.97935096647268,104.57566684083531
836.8353913623139,526.7096594909027,81.92239752052713,101.59505448943096
837.4233712620909,527.9019453301263,81.53565680262078,99.1846342072218
836.549312282816,531.1120219448721,82.745293387068,95.58452014654941
837.5230668119041,531.1720754560495,83.08036487243031,95.45284525159676
836.9963988055924,532.2571475762163,83.05880500849749,96.56838373710289
838.5658590911297,530.4738173035445,81.59150141133684,102.20568059553419
839.3047933168278,529.8854493420665,79.15934971099979,105.0011110908915
838.4367056754429,530.0068771985939,79.23218929272831,106.2748372812146
832.8868939272285,531.0196102654518,82.32909925052324,103.8417634689282
830.2780600087586,526.9655378409078,81.09476326359358,103.57921325559913
826.0261276636229,523.7592130203819,82.10880391131668,105.18559101574012
822.3473686274638,518.9252312869878,82.6632478096957,106.12569209347271
814.7450897057959,523.1490966296805,84.24547273141295,101.12481016165205
807.7905502361331,518.680450809791,85.20036492590981,100.48046326363624
800.9692569664111,520.190450763746,86.34210146754,96.64211204866693
797.5342957103987,517.8517445442332,88.43470790455333,93.58248086146061
787.8412127130986,514.8620072507993,90.40635842858882,93.38315359875396
777.4202601871439,511.67849355716135,92.68638590277683,92.22420693671688
770.5802721638127,507.68650109691765,97.1623090525715,92.65870436174791
766.6283138450552,501.43852769468543,95.2440409409297,94.43416321543684
770.3245367543253,494.7973050046527,90.99004514272613,97.06484556973038
766.6799062072828,486.23204815607403,88.16908507842787,98.25440900574148
764.7599722361184,479.17264734041595,91.65626252568318,95.74028087753132
763.6689228663549,475.72828640416355,91.48314360329238,99.05646301608472
756.4576861521697,464.356970937207,92.34821588562423,99.59527418741787
755.6946916258626,459.1633395191245,93.39040946070406,101.15810659105564
753.416202031155,447.93846643768336,95.2179658944936,99.22807073854929
745.4723496408951,439.15305864896783,100.55168280204079,94.24667207461196
732.6416826595698,432.9562898702354,107.60436773617315,92.39528111918487
731.7821618050767,424.267768798021,105.70937368751471,95.58948075416569
727.0417157454234,415.0559434140716,105.91066409524205,97.47744551405832
