443	205	191	440
431	200	211	446
449	213	188	434
451	225	188	411
456	233	186	393
463	218	180	409
473	211	177	402
481	202	174	399
494	191	175	396
508	183	166	400
518	177	160	388
525	167	155	379
530	166	153	363
534	167	151	350
543	164	145	341
546	161	150	335
550	154	150	335
568	156	132	335
573	150	129	332
583	153	128	329
591	150	127	324
593	152	125	310
598	147	119	312
597	150	121	304
600	156	116	297
600	167	117	291
600	166	117	296
599	180	124	272
601	182	113	277
598	185	113	276
599	190	106	268
591	191	111	263
589	189	108	265
592	188	102	259
584	185	115	254
593	184	102	245
596	186	101	237
598	178	100	237
600	177	100	233
609	173	93	233
607	171	96	229
611	178	91	225
610	180	94	226
612	187	95	220
617	192	91	214
619	198	91	211
625	206	87	210
623	215	87	199
624	219	93	202
628	226	95	187
637	227	89	194
642	230	85	192
637	235	86	189
636	240	86	188
641	241	81	189
641	236	78	195
646	234	73	190
650	236	75	180
653	232	77	178
654	228	77	176
656	226	78	174
659	215	74	180
662	213	69	185
666	216	71	184
667	221	74	177
669	227	71	173
668	233	72	169
667	237	71	169
666	242	72	169
664	251	74	162
663	257	76	165
663	268	74	154
661	269	69	154
660	276	65	150
660	272	60	156
655	271	58	156
646	270	60	154
638	268	62	151
631	264	59	153
625	262	57	148
620	258	57	148
620	252	54	150
617	249	55	150
614	248	58	143
614	244	58	144
614	241	56	142
613	239	57	144
614	235	55	149
615	236	53	149
616	233	53	153
615	239	54	149
615	241	53	151
609	240	59	155
609	259	57	139
612	268	55	139
616	274	53	136
621	276	55	136
627	279	54	135
631	281	53	138
637	288	55	132
638	290	55	127
638	283	60	132
636	283	58	124
640	281	55	119
640	271	56	123
638	266	54	125
641	266	48	123
639	272	47	116
639	267	47	123
641	263	48	129
641	265	48	131
643	273	49	126
642	280	50	122
641	288	50	118
641	290	49	114
638	285	46	118
634	285	45	123
635	285	43	121
637	282	44	120
640	282	43	119
642	279	40	120
640	278	41	116
632	272	44	116
625	273	42	113
618	265	41	116
616	260	43	113
613	257	43	110
612	254	43	104
611	253	42	100
614	254	39	95
612	256	40	92
615	266	37	88
623	275	33	85
627	292	33	74
628	312	36	62
634	317	34	60
638	319	35	63
639	327	31	56
634	335	30	48
624	340	32	44
615	336	30	50
604	343	33	46
595	349	39	46
598	353	39	44
594	356	39	41
596	353	36	46
593	351	37	42
589	348	39	40
584	342	32	40
579	339	31	39
572	335	31	39
562	332	32	38
554	312	35	41
542	289	38	47
539	299	37	57
529	291	42	69
519	285	41	78
513	280	41	84
509	280	43	88
507	282	43	86
502	283	41	86
496	284	42	87
494	285	41	87
490	282	40	88
486	283	41	90
485	282	40	88
480	278	41	88
477	275	42	88
478	271	42	88
480	260	44	94
485	260	44	91
489	254	43	94
492	247	42	96
491	241	43	101
493	239	43	98
492	238	47	100
493	246	51	93
493	258	49	83
496	262	41	80
497	267	41	81
497	270	38	83
494	274	38	87
496	277	39	86
500	286	39	90
497	293	44	83
493	299	48	75
487	307	39	70
491	314	39	74
496	317	41	76
506	322	40	78
514	322	39	79
521	320	39	78
531	312	36	77
535	303	35	81
541	289	35	80
550	276	36	78
557	263	34	82
565	256	36	78
572	249	37	80
577	248	34	77
578	251	34	77
578	254	34	78
575	258	33	78
570	260	33	77
562	261	34	76
557	265	32	78
553	266	34	77
551	268	35	78
551	270	33	79
549	277	34	77
548	278	37	78
548	281	35	75
549	282	34	75
550	277	32	76
548	273	33	75
546	268	33	78
543	263	32	76
541	258	33	75
537	257	30	72
532	249	36	74
524	243	38	76
518	242	37	76
515	241	38	74
513	245	36	74
509	247	36	78
509	253	36	80
512	261	33	77
513	265	32	76
510	274	33	76
511	282	33	74
511	287	37	75
516	292	33	74
516	293	33	76
511	298	33	76
508	301	30	75
510	312	33	71
514	319	32	66
520	325	27	60
522	325	29	60
523	323	28	58
526	316	27	61
526	311	28	62
528	292	29	72
528	283	27	75
530	279	26	73
530	275	27	70
530	271	26	69
527	268	26	71
523	269	25	71
519	270	26	71
514	266	28	76
511	267	27	72
505	264	27	74
500	266	29	72
493	262	27	70
484	264	27	71
480	262	27	71
479	262	26	74
477	268	27	72
467	276	29	72
463	280	27	71
454	285	27	72
447	287	28	72
442	289	28	72
435	289	28	70
424	283	32	71
422	279	27	70
419	270	29	72
416	264	34	72
409	258	46	72
412	252	51	72
412	252	51	72
412	252	51	72
414	238	46	73
414	237	42	72
414	235	35	76
418	240	34	76
419	242	34	78
421	251	37	73
419	257	44	75
415	262	36	76
415	269	31	74
414	271	30	74
411	275	31	74
407	276	32	76
403	280	30	77
398	286	30	76
396	291	32	78
394	295	34	78
390	298	32	76
386	292	34	80
382	284	34	81
380	281	31	78
376	268	35	80
379	262	34	80
380	256	33	79
379	251	34	79
379	252	37	82
381	251	35	81
377	252	36	83
375	252	36	83
374	257	36	85
377	261	36	85
378	264	38	87
379	272	38	85
377	273	36	86
368	274	37	86
362	278	37	89
355	280	38	87
353	281	38	90
349	283	41	88
348	280	40	88
347	279	40	89
345	273	41	92
345	265	42	91
340	259	45	95
340	251	44	97
341	245	43	94
342	237	43	95
345	237	41	91
347	233	44	96
350	233	47	97
357	240	44	97
361	241	47	97
369	246	43	98
373	253	44	99
376	261	43	101
375	265	42	103
375	274	43	101
377	283	44	99
381	290	46	102
385	299	48	102
390	311	46	105
395	321	45	104
399	329	47	107
405	334	47	107
413	341	50	106
421	338	48	104
423	329	47	107
420	322	47	108
421	315	45	110
415	304	46	110
410	301	46	107
409	299	46	109
406	301	45	111
403	303	46	113
402	310	45	114
398	317	47	116
396	327	47	116
396	335	45	118
394	342	45	121
392	350	46	122
391	357	44	120
391	361	45	120
393	362	42	123
395	363	45	126
391	362	45	123
386	359	45	124
380	356	46	127
376	344	46	127
377	338	48	124
380	332	46	125
381	320	47	127
386	314	44	126
388	306	45	128
394	302	45	124
402	302	45	129
410	306	47	125
417	308	46	127
423	309	46	129
432	313	44	128
436	318	46	129
439	325	49	129
445	330	46	130
451	335	47	131
454	344	49	132
461	350	46	134
467	360	47	135
472	369	48	132
476	369	48	134
476	369	49	134
472	361	49	136
471	353	49	138
474	344	49	137
475	332	50	142
478	325	48	138
482	316	51	141
489	309	50	141
496	305	51	141
499	301	55	143
499	304	50	143
498	305	51	144
491	304	52	145
489	307	55	144
488	307	53	146
491	308	51	151
493	310	53	152
492	316	53	152
492	321	56	152
496	325	52	153
493	335	54	151
493	341	58	154
496	347	54	157
492	347	56	157
485	348	60	156
476	346	64	164
469	339	63	161
461	332	64	160
455	327	68	161
455	330	65	156
455	317	64	153
456	321	68	152
456	315	70	153
