447	153	39	36
447	155	33	32
447	155	33	31
446	156	29	33
445	158	30	32
447	159	29	31
445	159	29	32
442	160	30	33
441	162	30	31
442	163	30	31
444	162	29	31
446	162	29	32
447	160	28	30
446	160	28	31
445	158	27	31
446	158	28	31
446	156	29	33
444	157	29	31
440	153	31	33
439	154	30	35
434	154	32	37
431	153	34	39
430	159	34	37
434	169	31	31
437	170	30	33
436	170	28	33
435	172	29	32
435	173	29	31
436	171	29	32
433	171	29	31
431	171	29	32
431	173	28	32
431	175	29	32
431	176	29	31
430	175	29	31
426	174	30	32
423	171	31	32
422	172	31	31
420	170	31	31
418	171	31	31
417	168	32	32
416	169	30	32
416	168	31	32
417	170	30	33
418	169	30	32
417	170	31	31
419	171	29	31
421	172	30	31
424	173	30	31
427	174	30	31
430	175	31	33
447	181	33	30
452	183	31	28
448	185	32	27
443	193	32	26
438	203	34	31
436	206	32	36
430	209	34	41
425	213	34	39
421	219	35	36
414	225	35	37
407	229	37	37
402	234	35	37
395	238	35	38
392	242	37	39
389	246	36	38
387	248	35	39
388	250	36	40
390	256	37	41
389	259	39	40
391	266	38	41
393	268	37	42
396	274	38	42
397	277	38	41
399	280	37	41
399	284	39	43
400	289	38	44
399	292	40	44
398	295	39	43
400	297	41	44
403	299	40	44
403	301	41	43
404	301	41	44
407	303	40	44
412	302	41	45
416	303	43	45
419	303	44	46
423	303	42	47
427	302	44	47
432	304	44	46
433	300	43	49
436	304	44	47
437	306	45	49
438	309	44	47
442	311	43	50
443	315	46	49
450	319	44	51
452	322	46	54
453	326	44	53
454	331	44	51
457	336	44	50
455	341	46	52
456	346	48	52
458	352	49	52
457	356	47	55
451	360	50	55
444	364	52	58
443	368	50	55
440	371	51	57
425	373	54	59
409	375	56	61
395	373	59	60
385	368	57	61
377	356	59	61
369	339	56	58
356	322	58	57
343	314	58	56
333	309	56	54
328	306	57	53
333	301	56	55
343	298	56	58
358	302	58	60
376	304	59	58
395	308	58	56
409	313	55	54
425	317	52	54
433	326	52	53
441	329	50	54
445	325	51	52
445	315	50	53
444	302	51	53
444	289	49	51
445	280	49	52
452	274	49	49
466	264	51	50
476	255	48	50
479	236	49	50
477	217	48	48
481	207	49	49
495	203	49	47
509	197	49	46
524	198	48	45
526	195	47	47
514	199	47	47
504	201	45	46
494	208	47	45
490	208	45	44
486	208	44	46
481	212	45	47
474	209	44	45
470	212	44	44
468	213	44	44
470	202	43	45
471	183	45	47
473	159	45	47
470	139	44	48
471	126	45	47
472	111	44	48
476	103	47	47
485	98	44	47
491	96	43	47
489	100	45	50
482	108	46	47
481	121	45	49
482	137	46	49
479	155	46	49
473	173	47	49
473	190	47	46
471	186	45	48
462	176	46	48
451	168	49	49
451	160	48	49
455	140	49	51
453	128	48	51
446	124	50	52
440	121	51	50
442	123	50	52
442	133	51	51
449	149	53	54
465	165	53	51
479	177	51	52
491	190	51	51
505	200	53	49
522	197	51	50
532	195	52	52
539	196	53	49
553	191	52	50
565	193	54	50
581	188	54	52
598	177	57	53
606	162	55	56
602	158	53	52
589	153	53	51
575	148	53	51
572	148	49	52
572	151	51	52
576	156	51	52
579	162	50	51
584	166	49	51
590	167	50	51
597	171	50	52
599	176	49	52
603	182	48	49
604	183	48	49
608	186	49	51
614	196	50	46
626	196	49	46
638	199	47	47
638	205	46	47
627	211	46	46
617	201	46	48
616	179	47	50
612	156	47	51
607	132	46	50
609	119	46	47
610	111	43	47
607	116	46	47
606	123	44	46
603	126	44	47
601	136	43	47
599	146	45	43
597	149	43	44
590	147	45	44
580	148	45	43
572	153	44	44
571	160	45	44
575	168	43	42
578	174	44	41
580	177	44	43
583	180	42	42
588	178	41	42
594	176	43	43
598	177	42	41
603	174	41	41
610	175	39	40
617	175	40	40
623	175	41	40
621	177	39	39
620	176	38	40
621	177	40	40
625	179	39	38
625	175	40	41
626	174	41	40
628	172	38	36
630	168	37	39
625	164	40	39
621	163	38	39
617	166	38	39
608	170	40	40
598	176	41	39
583	176	41	43
564	183	43	42
552	188	41	40
546	182	39	41
540	173	38	40
528	165	41	42
516	160	41	40
502	149	40	42
500	138	39	43
494	129	40	40
491	121	38	39
483	116	39	39
478	111	37	39
478	107	37	40
483	110	38	40
486	118	38	40
493	125	37	41
499	133	35	39
503	144	34	37
505	149	35	36
506	154	35	34
503	155	34	37
500	155	33	36
497	155	34	35
497	151	34	35
500	141	34	34
495	136	33	35
494	133	33	34
499	134	32	33
505	136	31	34
511	141	33	32
513	140	32	35
514	140	32	33
510	135	32	33
508	120	33	35
504	120	32	32
496	110	33	32
486	105	34	32
479	100	35	33
471	94	33	33
465	95	33	33
459	87	34	34
451	79	33	32
444	79	31	31
443	77	32	35
455	101	35	36
467	125	36	39
484	148	37	44
509	183	42	46
534	213	40	43
525	219	42	45
507	218	47	49
483	215	50	49
460	198	53	51
428	171	54	56
395	149	57	53
358	141	58	52
323	137	57	50
287	138	58	54
255	146	60	55
225	158	58	54
193	170	58	55
164	181	58	55
146	188	54	54
138	192	50	53
137	193	49	51
146	193	53	50
159	192	51	50
174	191	50	53
188	194	50	48
201	193	49	52
218	194	50	50
235	195	49	50
250	191	47	51
262	193	48	52
276	198	47	53
283	200	45	51
288	202	46	49
293	205	45	50
296	207	46	50
304	210	47	52
318	214	46	48
329	215	46	49
338	220	49	47
353	227	47	42
362	229	45	40
368	231	44	38
372	234	44	34
379	234	43	34
388	232	44	34
395	232	47	35
407	238	45	38
414	239	45	40
421	242	44	45
429	245	44	44
431	247	43	47
429	245	43	45
431	242	44	46
432	243	45	49
438	244	46	50
442	248	45	50
445	249	46	50
446	252	46	50
445	253	47	51
449	254	47	52
457	255	47	52
461	255	49	54
465	256	48	53
465	257	49	53
467	255	49	52
471	251	48	50
472	243	46	53
474	239	49	54
472	236	49	53
467	236	49	54
464	234	50	55
463	236	49	53
457	239	51	53
452	242	51	51
443	247	52	57
438	254	51	58
431	261	52	58
424	267	53	60
418	278	52	54
409	282	54	58
408	291	53	57
404	295	54	58
402	296	53	55
395	292	52	57
387	290	54	57
386	287	51	57
387	284	53	58
392	286	54	53
394	283	54	53
391	278	55	57
387	276	54	56
383	272	56	59
382	270	56	59
390	270	55	59
394	272	56	58
399	272	55	55
404	272	54	55
411	270	53	54
418	269	55	58
427	267	51	56
431	267	53	56
434	265	53	54
436	263	51	53
433	260	51	53
427	258	52	55
416	255	54	55
406	250	54	53
405	245	51	53
409	235	51	54
414	219	52	56
422	207	51	55
425	194	50	54
427	183	50	55
426	173	49	52
426	168	48	51
426	172	49	51
427	180	48	50
425	191	48	48
419	203	48	49
412	212	47	48
405	215	48	50
407	219	47	46
406	220	46	46
403	220	45	47
400	216	46	47
405	214	46	48
409	210	46	47
408	203	45	47
407	201	46	45
409	202	46	46
410	205	45	48
412	207	46	47
413	208	47	47
414	206	46	46
420	200	44	44
428	192	47	47
439	187	47	46
449	182	45	46
452	176	46	46
453	166	44	46
443	162	47	47
433	149	48	47
429	138	44	49
423	133	46	46
421	135	45	45
419	137	44	45
416	139	44	47
422	141	45	45
435	144	47	46
448	147	48	45
461	153	45	45
467	159	46	45
478	167	46	46
490	170	45	46
503	174	47	46
516	172	48	46
528	167	46	45
540	162	48	48
560	154	50	49
576	146	46	45
578	144	46	46
575	136	46	45
575	133	44	45
584	136	46	45
604	140	50	47
626	150	52	46
642	156	49	45
653	158	46	45
667	160	46	45
677	161	48	43
693	162	49	44
709	166	48	44
722	173	49	43
735	182	47	43
735	192	44	42
732	198	46	42
734	200	43	41
739	201	43	40
741	198	47	41
746	194	46	41
748	187	46	41
746	178	42	42
737	169	42	42
726	161	44	42
721	156	43	42
717	153	43	39
713	156	42	40
704	164	46	40
699	171	41	40
690	178	41	39
684	185	41	39
682	190	39	39
682	191	40	39
679	189	40	38
679	190	41	39
675	193	42	40
676	194	42	38
688	195	38	37
691	195	41	38
698	200	39	38
700	204	40	39
701	207	41	39
700	214	39	38
697	216	40	38
693	214	40	38
692	209	40	37
689	200	38	39
681	192	41	40
673	183	41	40
663	173	43	39
651	162	41	40
631	156	44	41
618	153	42	39
610	156	41	39
608	165	40	38
606	172	38	37
605	175	37	38
602	181	38	37
600	182	40	39
601	180	41	40
601	183	43	42
608	184	43	39
616	194	42	39
623	210	39	39
629	214	41	40
640	212	40	39
646	214	38	37
642	224	38	41
642	247	38	44
643	268	39	42
646	287	37	38
648	299	38	37
646	305	37	38
641	318	39	38
633	328	38	39
623	343	41	40
620	359	39	39
622	373	39	38
622	382	40	38
626	390	41	37
632	395	38	37
637	395	38	36
643	391	38	36
641	381	37	36
632	361	39	40
618	353	41	38
597	354	45	38
577	353	45	37
553	359	45	38
534	373	45	39
520	380	41	39
505	387	42	41
491	395	43	39
471	396	44	40
452	403	44	37
432	406	44	39
417	407	41	40
402	410	40	38
397	409	40	38
453	385	42	43
504	369	41	42
562	358	39	39
613	341	38	37
660	330	40	35
708	321	36	33
751	313	34	41
787	298	31	35
821	292	30	32
856	278	30	27
887	267	30	27
906	259	30	27
917	247	32	27
903	250	29	26
903	250	29	26
903	250	29	26
903	250	29	26
903	250	29	26
903	250	29	26
903	250	29	26
903	250	29	26
903	250	29	26
903	250	29	26
903	250	29	26
861	268	34	29
861	268	34	29
861	268	34	29
861	268	34	29
792	225	29	30
793	232	31	29
796	235	29	29
795	245	30	29
800	251	29	28
806	253	30	28
810	258	29	28
794	264	32	30
785	268	31	31
785	268	31	31
785	268	31	31
785	268	31	31
785	268	31	31
785	268	31	31
785	268	31	31
785	268	31	31
785	268	31	31
785	268	31	31
785	268	31	31
785	268	31	31
785	268	31	31
785	268	31	31
