291	496	54	31
317	500	55	28
342	502	57	26
368	503	50	27
391	504	52	24
413	503	53	25
436	505	49	26
450	508	51	25
464	509	51	25
478	511	50	23
486	510	52	25
494	512	50	24
500	514	50	27
524	516	47	25
593	516	50	26
656	514	51	25
719	513	52	25
781	513	50	25
842	511	49	25
901	511	48	25
951	513	51	25
1004	512	52	23
1054	511	53	24
1099	513	53	24
1099	513	53	24
1072	514	54	29
1006	523	55	29
943	533	53	34
877	539	54	28
811	527	52	28
750	510	49	26
701	495	50	28
660	485	47	23
621	475	45	21
582	466	44	26
556	463	45	23
534	456	46	21
517	449	44	21
501	441	44	21
481	431	43	21
466	422	41	20
455	412	41	19
446	405	39	20
432	399	44	20
417	395	44	20
402	390	44	19
387	386	44	18
387	386	44	18
443	390	40	19
502	404	37	19
553	418	36	21
604	433	37	21
653	449	38	22
698	460	40	24
742	474	43	21
783	484	47	23
823	494	48	25
865	505	50	26
903	516	50	25
934	515	51	23
954	504	48	27
979	492	52	23
1007	479	53	24
1030	469	53	25
1057	457	51	25
1074	444	55	30
1099	436	58	32
1101	430	58	29
1124	421	49	25
1139	412	47	21
1127	421	48	22
1104	437	51	24
1073	440	50	23
1034	424	48	22
1001	412	47	23
973	399	48	24
948	390	46	23
923	382	50	21
899	371	47	22
881	365	45	23
865	362	46	21
853	354	43	22
839	350	40	21
832	349	41	18
827	348	38	18
824	343	39	21
825	341	44	21
825	340	41	19
787	339	41	19
730	340	38	25
685	339	35	23
637	339	35	22
589	342	38	24
545	343	37	18
501	343	39	18
464	344	40	17
426	342	40	18
388	342	42	17
415	340	41	21
482	350	38	19
482	350	38	19
482	350	38	19
482	350	38	19
482	350	38	19
482	350	38	19
482	350	38	19
482	350	38	19
482	350	38	19
482	350	38	19
482	350	38	19
482	350	38	19
482	350	38	19
482	350	38	19
482	350	38	19
482	350	38	19
482	350	38	19
482	350	38	19
482	350	38	19
482	350	38	19
482	350	38	19
482	350	38	19
482	350	38	19
482	350	38	19
482	350	38	19
482	350	38	19
482	350	38	19
482	350	38	19
482	350	38	19
482	350	38	19
482	350	38	19
482	350	38	19
482	350	38	19
482	350	38	19
482	350	38	19
482	350	38	19
482	350	38	19
482	350	38	19
482	350	38	19
482	350	38	19
482	350	38	19
533	385	39	21
489	382	40	23
447	382	44	21
409	382	44	21
367	382	47	21
330	379	48	18
289	376	46	22
245	378	46	21
205	377	46	20
205	378	48	21
223	382	50	24
243	386	48	27
263	393	44	22
268	396	46	22
264	397	49	21
251	398	52	23
242	399	52	23
232	400	52	24
224	404	52	26
218	406	51	23
215	409	50	24
208	410	54	25
209	411	51	25
207	410	50	24
207	410	52	25
210	409	51	25
211	405	51	25
250	397	50	26
312	390	48	25
373	386	47	24
433	380	49	26
491	379	45	21
542	377	43	20
580	374	43	21
621	375	43	19
659	371	42	21
691	368	43	21
709	364	43	19
721	359	45	21
736	354	45	21
757	349	42	20
778	343	41	19
796	337	42	18
817	331	43	20
776	332	44	19
776	332	44	19
776	332	44	19
776	332	44	19
776	332	44	19
776	332	44	19
776	332	44	19
776	332	44	19
776	332	44	19
839	303	46	27
839	303	46	27
922	311	43	33
922	311	43	33
922	311	43	33
922	311	43	33
922	311	43	33
922	311	43	33
922	311	43	33
922	311	43	33
922	311	43	33
922	311	43	33
922	311	43	33
837	401	36	25
850	413	43	24
863	415	48	25
878	418	50	26
903	422	50	24
929	424	52	26
956	426	56	27
969	437	56	26
943	444	54	28
913	436	49	31
893	429	50	27
873	419	52	27
861	411	51	25
856	399	56	26
865	387	51	28
868	375	49	27
871	366	50	25
880	360	52	24
896	351	52	24
907	344	49	23
915	335	45	23
908	325	44	26
897	317	50	27
892	315	47	24
882	313	47	25
865	309	47	27
848	308	45	24
830	307	45	26
815	305	44	21
801	307	43	21
788	307	45	21
772	312	43	18
759	314	43	18
749	318	42	18
745	323	44	18
710	325	44	19
656	325	40	18
601	326	39	18
549	322	39	19
503	319	42	18
458	315	40	19
413	313	40	20
375	311	41	21
419	316	42	20
486	323	39	20
553	328	33	23
621	335	27	22
621	335	27	22
621	335	27	22
621	335	27	22
621	335	27	22
621	335	27	22
621	335	27	22
621	335	27	22
621	335	27	22
621	335	27	22
621	335	27	22
621	335	27	22
621	335	27	22
621	335	27	22
621	335	27	22
621	335	27	22
621	335	27	22
621	335	27	22
621	335	27	22
621	335	27	22
621	335	27	22
621	335	27	22
621	335	27	22
621	335	27	22
621	335	27	22
621	335	27	22
621	335	27	22
621	335	27	22
621	335	27	22
621	335	27	22
621	335	27	22
621	335	27	22
621	335	27	22
621	335	27	22
621	335	27	22
621	335	27	22
621	335	27	22
576	340	32	25
590	338	38	25
610	335	41	24
625	332	42	26
639	329	42	22
652	324	43	21
663	317	43	20
677	316	41	19
687	309	41	20
702	308	39	19
722	303	39	20
750	302	37	18
768	300	38	18
719	290	34	20
674	284	40	18
636	278	37	20
606	272	32	17
576	265	35	17
550	256	36	17
530	248	37	17
516	250	36	16
497	249	39	20
479	252	37	16
459	255	36	17
439	256	33	18
410	257	38	18
386	258	39	18
355	263	38	16
345	265	34	19
339	272	36	18
340	277	31	19
346	291	34	20
350	304	37	21
354	318	41	20
368	334	43	21
382	350	43	21
390	363	43	24
400	382	47	24
410	400	49	25
423	413	49	27
436	427	51	29
449	443	49	30
462	457	54	30
472	462	53	29
474	459	54	28
474	456	53	27
477	454	53	27
480	449	52	28
484	443	52	27
488	440	51	27
487	438	50	27
492	438	49	26
495	438	52	25
504	435	52	25
513	431	51	26
517	429	48	27
520	428	49	26
529	429	47	26
535	429	50	27
548	428	48	27
560	428	47	27
567	427	48	27
574	429	49	27
588	430	47	27
600	430	48	27
612	430	47	26
622	432	48	28
633	433	47	27
645	434	47	28
658	436	48	28
666	437	48	27
674	438	49	26
677	435	48	26
680	435	46	26
621	429	48	25
560	429	49	23
497	422	49	26
442	419	47	25
382	412	48	26
327	410	48	23
279	405	48	24
225	403	47	25
207	411	46	29
232	444	50	25
264	474	52	24
310	454	50	27
353	436	50	24
390	417	46	24
421	400	46	23
449	383	45	24
472	366	43	23
497	354	40	22
513	344	42	22
528	334	41	20
543	329	41	20
557	323	38	19
571	319	38	17
577	311	39	18
587	304	38	18
595	298	36	18
608	290	34	17
621	281	36	19
634	277	35	21
642	276	34	22
647	278	37	23
654	281	37	22
659	284	40	23
666	286	42	26
671	286	43	28
679	288	43	29
679	287	45	32
687	292	42	33
685	289	47	32
686	290	46	33
685	292	47	32
685	291	48	33
685	293	48	33
685	293	49	32
680	293	49	32
713	305	40	24
746	311	35	18
776	313	35	18
798	315	37	17
821	316	36	17
843	318	37	16
865	320	33	17
885	322	33	16
900	325	36	17
909	325	37	16
915	322	38	17
928	319	39	18
940	316	38	17
947	317	37	18
913	316	38	20
902	271	42	19
902	271	42	19
902	271	42	19
902	271	42	19
902	271	42	19
902	271	42	19
902	271	42	19
902	271	42	19
902	271	42	19
902	271	42	19
902	271	42	19
902	271	42	19
902	271	42	19
902	271	42	19
902	271	42	19
902	271	42	19
902	271	42	19
902	271	42	19
902	271	42	19
873	293	37	21
910	302	35	15
946	302	34	18
981	302	32	16
1019	302	34	20
1041	303	40	19
1041	303	40	19
1041	303	40	19
1041	303	40	19
1041	303	40	19
1041	303	40	19
1041	303	40	19
1041	303	40	19
1041	303	40	19
1041	303	40	19
1041	303	40	19
1041	303	40	19
1041	303	40	19
1041	303	40	19
1041	303	40	19
1041	303	40	19
1041	303	40	19
1041	303	40	19
1041	303	40	19
1041	303	40	19
1104	271	38	23
1137	329	39	21
1132	328	39	21
1127	330	40	20
1126	330	40	20
1122	330	40	18
1118	330	40	18
1117	328	40	19
1119	328	38	18
1118	326	38	19
1117	326	39	19
1116	327	39	17
1117	327	37	18
1116	329	36	16
1093	329	36	17
