347,135,19,18
345,134,20,17
346,134,20,17
347,135,20,17
346,133,21,18
347,133,21,17
346,140,22,18
346,149,25,22
347,163,27,21
346,163,26,21
346,163,26,21
346,163,26,21
346,163,26,21
342,216,23,17
341,219,21,18
342,218,20,18
341,219,20,19
339,217,23,19
340,217,24,19
339,218,22,18
341,217,20,19
339,218,21,19
339,218,20,19
338,217,22,21
337,216,20,20
336,216,21,20
338,216,19,22
337,216,21,22
336,218,21,21
337,219,21,19
337,219,23,20
335,220,24,19
337,216,22,19
338,209,22,20
338,209,22,20
341,177,25,22
342,161,24,24
343,161,25,26
339,144,28,25
339,133,26,19
338,124,22,19
337,121,21,17
335,122,20,17
335,120,19,18
335,124,19,18
335,128,19,18
335,135,20,16
334,143,19,16
334,149,19,15
333,149,19,16
333,152,19,17
332,153,20,16
332,151,19,16
333,149,19,16
331,147,20,17
331,147,20,19
330,146,20,18
329,146,20,17
329,146,21,17
329,143,20,19
327,144,20,19
328,145,20,18
327,146,20,17
328,144,19,18
327,144,20,19
326,146,20,17
326,147,20,18
325,147,22,18
326,152,21,16
325,152,21,18
325,152,21,19
326,152,22,18
324,150,24,16
325,150,23,16
329,146,22,17
330,142,22,18
330,142,20,19
332,149,24,20
332,160,26,22
331,159,26,22
330,176,28,18
331,192,23,19
329,204,23,20
324,218,22,19
323,226,19,19
321,225,19,19
319,228,20,20
317,226,20,20
315,225,20,19
316,226,21,20
316,226,22,20
316,228,21,19
317,227,21,21
318,227,22,21
317,226,22,20
318,226,21,20
317,227,22,21
318,227,22,21
318,228,22,21
318,228,23,21
319,229,22,20
321,232,22,20
321,232,21,20
320,231,20,19
319,233,22,21
319,233,21,21
320,233,22,21
319,235,22,21
318,231,25,20
319,232,25,21
320,223,25,21
323,210,23,19
324,193,21,21
323,178,25,22
325,165,25,26
321,163,28,26
322,153,29,26
323,144,25,28
322,138,28,24
321,136,27,21
321,137,26,20
323,137,24,20
324,142,21,18
323,149,21,17
320,158,22,16
321,164,22,16
322,164,21,16
322,164,21,16
323,164,21,16
321,161,21,17
319,160,21,17
320,159,21,16
320,157,21,17
320,157,20,16
321,157,20,17
320,155,21,17
320,155,20,17
319,155,21,17
320,154,21,17
318,155,21,18
319,154,21,19
320,154,21,18
318,156,22,18
319,156,22,19
320,160,22,18
319,160,22,17
321,161,21,20
320,162,21,19
319,161,23,19
318,160,24,17
322,156,23,18
321,155,22,18
323,151,22,18
324,148,22,18
326,148,25,20
325,152,26,20
324,160,29,23
324,160,29,24
327,173,28,21
326,187,30,18
326,206,30,16
328,217,28,17
325,227,28,21
324,227,28,20
324,234,26,20
320,236,25,19
320,234,22,21
319,234,21,21
319,234,22,21
318,233,22,22
319,231,22,23
318,231,22,23
320,231,23,23
319,232,22,22
319,233,22,21
319,232,21,22
318,233,22,21
320,233,21,21
320,233,21,22
321,234,20,21
321,233,20,21
321,232,21,23
321,234,21,22
321,233,22,22
320,234,20,21
322,234,21,21
321,233,21,21
320,235,21,21
321,233,20,22
320,234,22,21
320,234,22,21
322,236,22,21
319,238,24,21
318,237,23,22
319,238,24,22
318,239,25,20
319,238,25,21
319,235,24,24
321,232,24,22
321,232,23,22
324,221,22,24
326,204,21,22
326,183,26,20
327,163,26,25
325,146,27,25
325,145,26,23
324,131,26,22
324,128,24,19
323,127,23,19
322,131,22,18
320,138,22,18
318,138,23,18
319,145,21,17
319,152,22,19
319,158,21,18
318,158,22,17
318,157,23,16
320,158,22,17
319,154,20,17
319,153,21,17
318,151,20,18
318,149,19,19
319,150,20,20
318,149,20,19
318,148,21,19
318,148,21,19
318,148,20,19
319,148,20,18
318,148,21,18
318,149,22,18
319,150,22,18
319,150,22,18
319,150,22,18
321,151,21,19
321,154,22,18
321,154,22,18
321,156,22,19
320,158,24,18
321,158,24,17
321,154,24,18
324,150,23,18
322,149,24,19
326,146,24,19
327,145,23,19
330,148,23,20
332,154,24,20
328,163,29,23
327,159,32,27
328,172,30,26
329,186,27,28
332,205,25,23
327,221,24,23
326,231,24,22
325,230,24,21
325,233,21,22
325,233,22,21
324,232,21,21
323,231,22,21
323,233,21,21
324,232,21,21
322,232,23,21
322,232,23,21
323,231,22,21
324,232,21,22
323,231,23,21
324,231,21,21
325,232,22,21
325,232,20,20
325,231,21,20
325,233,21,20
326,232,21,21
326,233,20,20
324,232,22,21
326,233,20,20
324,233,21,21
325,234,21,20
325,234,21,19
324,235,22,20
325,235,21,18
326,234,22,20
326,233,21,21
330,232,23,20
334,223,20,24
334,224,21,23
338,213,21,23
342,199,25,25
344,188,23,25
345,176,22,23
345,166,21,23
345,166,21,22
342,161,21,24
340,159,22,23
337,160,21,20
335,161,22,21
334,165,21,22
335,164,21,20
333,167,22,19
334,169,24,21
342,170,22,21
346,174,21,20
350,175,19,20
350,176,20,20
350,177,20,19
349,172,21,20
349,167,19,21
347,166,20,21
347,164,22,20
346,162,24,21
344,164,24,20
343,164,21,20
341,166,24,19
342,168,23,19
346,169,22,20
347,171,21,20
350,170,21,23
352,174,22,23
352,173,21,22
351,173,20,21
351,169,18,23
351,170,18,22
349,169,19,22
346,168,22,21
345,166,22,21
343,168,21,19
342,168,22,20
343,170,22,22
344,171,21,21
347,172,21,22
350,175,21,20
352,176,21,20
354,179,21,21
354,178,21,21
354,178,21,22
353,177,21,21
351,174,20,20
349,169,19,19
348,169,20,20
349,170,20,20
347,168,21,21
346,170,20,20
349,171,20,21
352,171,21,20
353,174,21,20
353,174,22,20
355,175,22,21
353,176,22,22
351,174,21,21
351,174,21,20
350,171,19,21
349,170,19,20
347,169,21,20
345,168,21,20
343,167,22,21
343,168,20,21
342,169,19,20
341,171,21,20
343,175,20,19
344,176,19,19
346,178,19,20
346,180,21,19
348,183,19,19
348,182,19,20
350,184,17,20
349,183,17,20
347,182,18,19
346,179,19,20
343,174,20,19
342,176,20,19
341,173,20,20
341,171,20,19
338,171,22,20
339,171,21,20
337,170,24,22
337,170,24,20
342,172,21,20
346,174,20,21
351,176,20,21
350,176,20,19
350,176,20,20
351,175,20,19
351,173,19,20
350,172,20,20
349,172,19,19
349,171,20,19
348,170,22,20
347,170,22,20
347,171,22,21
348,174,23,20
349,177,20,20
352,178,20,19
353,178,21,21
354,179,20,21
353,178,20,22
352,179,21,21
352,177,21,21
350,175,21,19
350,169,20,21
349,168,19,22
347,168,22,22
345,167,21,22
344,166,22,23
345,168,22,21
346,169,21,21
348,170,21,20
350,171,19,21
354,175,21,20
354,176,21,20
355,176,21,22
355,177,21,22
357,177,21,21
354,175,22,22
354,177,21,21
353,176,21,21
353,175,22,20
352,175,21,18
351,173,22,20
351,175,19,18
348,173,21,19
349,171,20,21
347,175,21,19
349,176,20,19
349,176,20,19
351,178,21,19
353,179,21,21
356,179,20,20
356,180,20,21
355,178,22,22
356,179,20,22
355,177,21,22
353,176,21,19
352,171,22,19
350,168,21,20
349,167,20,20
348,168,20,19
346,167,20,20
344,167,21,18
342,166,19,19
342,166,20,18
342,166,19,18
345,166,18,19
344,165,18,20
345,166,18,19
343,163,18,22
344,163,18,20
345,162,17,19
345,161,17,18
344,161,17,18
345,161,18,19
343,160,18,21
344,160,19,20
344,160,20,20
345,161,19,19
346,163,19,19
349,165,18,21
351,167,18,21
351,170,18,21
351,176,19,22
351,175,20,19
350,178,20,20
350,182,19,20
345,181,21,22
340,184,22,21
336,181,23,22
336,183,23,23
334,179,21,23
332,176,22,24
329,174,21,23
326,172,22,23
322,172,26,21
319,170,30,21
319,171,30,19
317,170,27,17
316,169,23,19
313,170,19,18
312,169,22,20
312,169,21,20
338,163,21,22
303,169,19,23
303,173,18,23
301,175,18,22
303,173,18,24
302,174,19,25
300,174,19,23
301,174,19,21
304,171,18,23
307,168,17,22
310,168,19,20
339,163,19,19
338,162,21,16
312,168,21,19
339,161,19,20
304,170,22,24
306,171,20,22
306,170,19,23
305,173,18,21
306,178,18,21
307,177,18,21
306,177,20,21
308,173,19,23
307,173,19,24
306,172,23,26
315,168,22,21
318,168,22,19
318,167,21,19
317,167,22,19
315,166,23,17
317,166,23,18
317,167,24,18
316,166,23,17
317,166,23,19
319,167,21,19
318,167,21,18
319,166,20,18
320,168,21,17
319,169,19,19
314,170,18,21
309,170,21,23
309,171,24,22
310,172,22,22
309,172,25,21
309,171,26,22
310,168,29,22
316,168,24,19
318,168,23,18
317,166,23,19
317,167,22,20
318,168,23,17
316,169,21,16
313,172,18,18
314,170,16,20
310,172,19,18
310,173,20,22
311,173,20,21
312,173,19,22
313,170,17,22
315,169,16,21
316,167,19,19
316,166,20,20
319,165,19,19
319,166,19,19
318,166,19,18
318,166,20,16
318,167,19,17
317,168,19,16
314,171,18,20
310,173,18,21
310,173,18,21
311,173,19,21
309,173,19,22
311,173,21,24
311,170,22,25
313,172,22,23
315,170,23,23
313,172,18,21
316,172,18,22
317,170,16,23
317,172,16,22
317,172,16,24
315,173,16,22
314,172,17,23
311,173,20,23
310,173,20,22
307,171,22,25
308,169,22,24
306,168,24,29
304,168,26,28
303,166,29,31
303,167,33,30
301,167,33,26
307,169,26,21
308,168,24,22
308,168,22,21
310,169,21,21
315,168,18,21
317,167,17,21
317,167,18,20
318,165,19,19
317,165,19,19
317,166,19,19
317,166,18,20
318,168,18,21
309,168,21,22
308,170,21,22
308,168,21,23
309,169,21,23
312,169,18,22
311,169,20,20
312,168,19,20
315,167,17,19
316,168,15,18
318,165,15,19
319,163,16,20
318,161,18,22
317,161,19,20
318,160,18,21
318,161,17,19
316,160,18,22
313,162,17,21
312,163,18,22
312,164,20,21
309,162,20,22
312,164,18,20
311,163,18,20
311,160,17,20
309,155,21,22
309,153,19,23
309,153,22,22
311,152,20,22
311,152,20,23
308,152,20,25
308,155,21,26
307,156,22,25
306,155,22,28
307,156,21,27
306,157,21,25
307,159,22,22
307,159,23,20
308,158,22,19
309,157,20,22
309,156,20,23
308,158,20,24
309,160,20,21
308,162,18,23
307,169,20,20
308,175,21,20
308,177,22,20
310,182,25,21
312,189,27,23
309,145,21,26
321,193,22,23
322,199,24,21
321,197,24,22
324,195,24,24
325,193,25,23
329,186,23,26
330,176,22,23
328,163,26,23
329,162,26,24
328,156,29,22
330,149,28,20
330,141,28,22
327,136,31,24
327,137,31,24
328,136,30,24
330,138,27,24
331,141,28,24
329,150,27,23
330,162,24,22
329,174,25,21
330,174,24,21
327,191,28,20
332,211,22,23
332,229,20,24
333,223,20,22
335,213,20,22
334,213,20,21
335,204,20,22
334,197,22,21
335,192,23,21
336,186,23,22
336,185,22,22
336,185,22,20
336,189,23,21
340,193,22,22
341,195,21,22
340,199,22,22
340,198,22,22
340,198,21,22
339,198,23,22
339,194,22,24
337,191,26,21
335,185,27,22
337,179,24,22
337,178,24,23
337,168,24,22
337,161,24,22
335,154,24,23
336,142,23,25
334,133,25,26
335,132,24,25
335,125,23,24
332,120,26,24
329,119,30,22
330,118,30,23
328,118,32,26
329,119,30,26
328,121,30,26
329,127,26,28
329,143,24,23
328,159,24,20
330,177,24,23
333,178,20,23
332,200,21,23
331,222,21,22
331,215,21,23
331,203,22,22
333,193,22,23
332,193,22,23
334,185,21,22
335,177,20,23
335,172,20,24
334,168,24,26
335,167,23,25
335,168,24,25
336,170,23,25
337,170,21,24
336,170,23,23
335,171,23,22
333,167,24,21
333,167,25,21
331,165,25,21
332,164,25,20
331,160,25,23
329,158,24,21
331,157,23,22
332,157,23,20
330,157,23,22
335,156,23,24
332,155,23,23
333,154,22,22
332,152,22,19
331,152,22,20
333,150,20,18
332,148,20,17
334,147,19,16
335,145,18,17
334,145,19,20
335,143,17,22
294,140,19,20
334,143,19,25
334,143,20,25
335,142,20,26
335,143,18,27
334,143,18,28
333,145,20,26
333,147,20,29
331,148,19,28
329,151,19,29
327,154,22,29
326,154,22,30
322,157,25,29
320,158,26,32
320,163,25,30
321,162,27,27
319,160,26,27
320,161,26,28
319,159,25,26
320,156,25,27
322,157,24,26
321,160,25,27
320,163,25,26
321,165,25,24
321,166,25,27
320,169,24,28
320,170,24,26
320,169,24,26
319,164,24,28
320,166,24,25
320,162,24,27
320,158,23,26
320,154,24,25
321,151,22,26
321,149,23,23
319,148,24,23
319,148,23,24
319,148,24,25
316,152,26,23
316,153,25,24
314,155,27,22
314,154,27,24
316,149,25,27
320,147,22,30
320,145,21,29
322,141,21,29
323,140,21,28
323,140,20,29
324,141,19,27
322,141,21,27
321,141,21,28
321,142,21,28
320,147,21,27
319,148,21,27
321,152,22,26
318,156,25,23
316,155,27,23
316,154,27,25
314,151,29,22
317,150,28,21
315,148,27,24
314,147,27,25
313,148,27,25
312,149,28,22
312,150,26,24
312,150,27,24
311,152,27,25
311,153,27,27
309,154,27,25
309,158,29,23
310,160,28,24
310,160,26,25
312,161,24,25
313,165,24,25
312,167,25,25
313,168,25,24
314,169,26,28
314,170,26,27
315,168,25,31
312,166,28,31
313,165,29,31
313,167,30,30
314,168,29,30
314,168,28,30
316,167,27,29
317,162,25,25
317,153,27,22
318,139,28,24
318,129,27,26
318,129,27,24
319,120,26,23
317,112,25,24
317,111,25,24
316,112,25,26
318,116,23,25
319,116,21,24
317,122,21,23
317,135,24,22
318,152,23,23
316,169,25,25
317,190,24,24
317,191,24,20
317,216,23,20
317,221,21,21
318,209,23,20
319,195,22,21
320,184,20,22
318,184,21,24
319,178,22,23
321,171,23,24
318,167,25,27
318,169,26,24
318,169,26,24
319,169,26,24
319,169,25,25
318,170,26,27
317,170,25,25
318,174,25,24
317,177,24,25
316,177,25,25
318,179,23,25
317,180,23,24
316,175,24,26
317,169,22,22
315,159,24,20
316,160,26,20
317,145,26,22
316,135,26,22
317,126,25,22
317,117,25,26
316,116,26,24
315,116,26,24
316,114,26,25
315,119,25,24
316,124,24,25
315,135,25,24
316,148,24,26
316,148,24,27
316,168,26,21
317,191,25,22
316,214,24,22
314,218,24,23
315,206,23,23
315,206,23,22
316,195,22,22
317,185,21,22
318,177,19,23
317,170,19,25
318,167,19,23
317,167,19,23
316,166,21,23
314,166,21,23
314,167,23,22
312,166,25,22
313,165,24,22
314,166,24,21
311,165,26,22
312,166,26,21
313,168,26,19
313,169,25,20
312,171,27,20
311,170,28,21
312,170,29,22
310,170,28,28
309,168,31,32
307,168,34,35
307,166,35,35
306,167,35,35
306,163,36,38
304,142,37,40
305,146,37,46
305,146,37,46
305,146,37,46
305,146,37,46
305,146,37,46
305,146,37,46
305,146,37,46
305,146,37,46
317,135,31,36
319,136,24,34
322,135,22,30
321,137,22,25
324,142,19,21
323,143,20,22
322,144,21,23
323,144,19,22
320,143,19,23
319,149,19,21
320,152,19,22
318,156,21,21
318,155,23,21
317,156,23,21
314,152,24,21
315,150,23,21
314,147,23,23
315,147,22,22
315,146,25,21
315,145,26,24
315,149,27,24
318,149,25,25
317,151,25,26
317,152,25,24
317,153,26,26
317,153,27,24
318,154,25,24
318,157,26,24
319,160,25,23
319,161,25,23
317,161,25,25
319,162,26,26
318,161,26,26
316,161,26,25
315,157,28,25
319,156,24,21
319,151,22,24
319,149,22,26
321,147,22,22
322,146,20,26
323,146,20,24
324,148,19,21
323,146,19,22
323,146,18,20
324,145,19,22
325,147,18,19
326,146,17,23
325,145,19,24
323,144,19,26
324,144,20,26
323,147,20,25
324,148,18,23
320,150,20,25
318,152,21,23
317,155,23,23
317,155,23,22
318,156,23,23
317,154,23,23
317,152,23,21
317,150,25,19
315,148,26,24
316,143,26,28
313,138,29,31
314,138,28,31
316,138,29,34
317,139,29,33
317,138,31,36
315,137,30,36
318,137,29,35
318,137,28,34
320,137,28,34
319,138,27,31
320,140,27,28
319,138,26,29
320,140,26,27
318,139,27,28
319,140,26,29
318,145,24,28
319,149,24,26
320,149,23,27
321,151,24,29
322,153,23,29
323,149,24,31
322,152,25,28
323,151,29,27
322,151,32,26
321,150,34,25
322,146,35,26
323,143,35,27
331,143,28,27
336,139,25,31
336,140,24,30
337,136,23,31
339,134,23,28
341,129,21,26
341,127,22,23
339,123,21,21
340,122,20,21
337,117,20,21
332,113,22,22
329,112,21,20
329,113,20,20
328,112,17,20
329,111,17,22
328,112,15,19
320,117,16,17
322,117,15,18
326,115,13,17
307,115,14,17
306,116,16,18
328,117,18,20
326,114,17,23
321,114,21,25
318,114,23,26
292,115,23,23
294,116,19,20
293,117,21,20
292,119,22,22
291,120,20,22
289,122,21,24
291,123,21,24
291,124,21,23
291,126,21,22
295,128,19,24
295,129,22,25
296,135,24,21
300,136,22,21
302,137,22,19
303,139,22,21
305,138,23,22
308,139,22,23
310,139,21,22
313,139,22,23
313,139,23,23
318,139,22,23
320,138,23,23
324,138,21,25
327,137,21,24
329,136,23,23
329,136,23,25
331,135,22,22
336,133,22,22
337,129,22,23
339,125,21,22
341,121,20,21
339,120,20,21
340,115,20,22
337,114,22,21
334,113,25,20
332,113,25,21
331,116,26,25
333,115,24,26
324,116,29,22
321,119,34,24
321,119,34,24
321,119,34,24
321,119,34,24
321,119,34,24
321,119,34,24
321,119,34,24
321,119,34,24
286,121,34,24
286,122,33,22
291,123,28,21
288,122,26,22
289,123,26,22
291,124,24,24
291,124,22,25
292,125,21,23
290,125,23,23
293,125,21,24
292,125,23,24
295,125,23,24
300,126,21,25
303,128,21,23
302,127,19,21
304,129,22,23
309,131,22,23
311,133,25,23
314,135,23,22
316,137,22,24
315,135,22,25
