305,356,671,243
296,322,656,303
314,337,638,306
309,328,663,318
318,327,652,304
314,345,630,282
310,328,656,312
310,336,643,271
321,334,647,300
318,342,638,277
328,328,632,279
328,337,636,306
318,322,646,320
326,340,646,301
308,335,651,311
317,328,655,293
334,318,630,324
318,313,631,341
314,318,625,335
310,321,658,329
321,306,678,337
303,350,669,287
310,350,664,266
297,331,654,319
339,317,630,317
322,329,646,299
319,313,645,315
322,322,651,326
312,320,649,315
328,311,604,310
340,347,640,287
306,335,653,319
311,345,639,290
309,333,653,303
317,320,641,302
321,337,633,286
317,317,631,300
333,348,637,275
324,331,639,298
308,325,636,282
325,355,653,280
322,335,640,291
312,318,626,318
321,319,640,329
308,327,651,309
316,330,659,338
312,322,666,340
320,331,665,302
312,332,645,304
298,321,655,337
323,321,623,302
314,316,619,298
319,358,633,274
324,336,633,287
314,323,637,297
315,347,635,289
313,338,629,293
310,338,640,306
307,323,655,307
316,321,630,318
321,313,635,327
326,318,639,337
307,324,641,310
318,341,631,282
306,335,632,307
323,342,632,298
315,331,638,280
321,320,633,302
338,317,635,325
311,326,636,308
314,334,618,279
315,334,651,304
316,323,647,297
306,346,645,279
320,336,643,269
304,329,640,308
313,330,641,292
338,337,657,293
293,330,670,307
308,339,656,286
319,334,642,295
314,335,637,297
314,323,644,312
320,335,628,310
315,332,645,302
308,331,650,298
332,326,632,314
324,328,645,330
314,335,664,281
316,329,637,310
331,332,627,298
312,311,644,315
330,330,629,311
318,323,633,303
328,320,639,312
308,319,668,332
329,315,625,321
328,315,627,324
317,335,653,312
311,332,645,303
312,336,629,294
319,336,641,290
314,329,633,294
316,330,624,284
324,344,635,279
325,341,654,275
299,340,692,281
306,321,655,319
313,330,645,319
317,331,629,304
310,339,646,285
316,331,645,305
311,337,639,310
304,318,668,315
330,311,639,329
317,333,622,299
310,338,640,290
324,338,636,291
312,349,633,284
316,337,651,272
310,339,624,249
327,336,638,290
319,321,624,312
318,341,640,276
326,330,644,280
299,345,645,297
315,344,635,281
315,338,650,282
317,321,624,309
323,327,625,294
319,318,637,308
317,318,630,332
317,327,631,305
312,321,633,312
324,322,610,305
333,325,628,296
304,322,634,302
330,343,647,289
331,332,627,297
315,322,616,292
322,316,643,324
310,349,641,253
305,350,653,237
313,349,656,250
298,333,670,319
333,325,632,300
319,337,629,295
319,340,640,268
314,325,638,308
316,332,633,315
317,334,651,305
307,322,652,294
310,337,648,302
315,329,654,313
318,337,632,287
323,331,639,290
311,330,638,317
312,324,658,318
308,349,642,292
318,351,657,274
320,348,660,277
311,345,629,274
324,343,673,272
305,335,652,279
315,323,660,326
318,331,637,284
316,339,627,280
324,336,638,269
321,325,625,313
311,335,655,298
318,329,641,313
301,320,650,310
321,325,638,317
314,320,642,331
305,331,651,297
322,335,648,306
313,328,650,320
319,324,650,293
321,320,637,301
311,330,620,304
318,336,634,283
310,330,644,275
319,350,665,298
310,334,670,302
314,344,661,287
324,324,626,302
324,335,635,287
331,329,619,269
307,332,655,317
315,334,638,288
318,327,641,310
318,347,621,314
302,335,550,266
315,341,495,228
316,353,485,213
316,353,485,213
305,361,485,241
306,357,550,284
305,353,474,270
303,362,455,279
316,354,547,283
309,357,573,283
321,349,644,274
311,338,641,279
320,320,628,300
306,350,664,263
326,340,622,254
304,334,665,318
332,315,638,326
307,328,643,308
322,323,637,312
298,339,633,307
320,340,658,298
311,333,654,315
314,334,652,321
318,317,652,332
324,309,632,343
332,309,623,338
315,330,632,290
319,337,635,284
321,328,635,290
337,309,619,334
328,328,636,314
318,334,636,286
329,323,642,310
309,327,654,304
297,325,633,323
328,330,620,310
331,327,634,302
306,336,641,306
319,334,657,313
312,324,664,327
316,331,645,280
327,320,638,307
335,319,642,303
313,337,649,269
325,324,651,315
314,338,649,298
324,332,626,303
313,334,639,300
313,329,652,305
314,331,631,324
324,327,658,314
314,336,668,312
302,326,667,324
314,329,630,291
323,321,626,298
312,321,654,344
327,314,639,318
323,311,649,334
328,332,632,283
317,331,645,282
312,341,634,273
322,314,644,322
334,322,641,308
327,328,652,298
315,333,627,294
324,327,657,305
304,331,639,295
317,342,628,300
307,324,657,322
306,329,648,318
303,329,646,315
325,325,632,286
326,322,624,310
326,329,622,320
299,340,644,300
312,336,653,291
311,328,661,321
312,327,664,310
298,332,669,305
318,325,648,324
315,331,648,281
317,332,643,301
309,339,639,295
321,342,634,282
311,338,647,275
316,325,630,303
307,324,629,316
323,354,635,264
321,350,646,265
302,334,652,326
315,327,647,312
319,324,626,328
309,327,659,313
299,340,655,314
299,332,668,308
323,331,629,297
328,326,624,321
314,317,646,322
322,334,645,306
315,322,648,317
311,325,640,316
303,324,636,321
313,327,651,337
322,323,660,321
314,326,654,326
313,322,657,309
317,340,631,286
317,340,645,283
307,334,648,299
319,331,643,321
324,317,659,321
301,326,640,307
313,323,663,312
311,324,634,304
313,335,636,269
321,339,636,319
309,327,656,311
314,335,649,324
300,325,685,314
305,320,639,339
331,324,650,325
316,318,653,331
320,324,633,322
313,322,638,329
321,324,635,320
326,332,614,304
316,328,638,296
331,323,632,331
324,322,652,324
309,332,652,302
324,336,653,298
309,333,646,296
311,333,659,293
320,322,627,317
327,331,640,317
315,329,656,301
316,311,632,332
324,323,620,303
314,320,639,298
323,338,646,279
334,320,620,302
325,347,649,270
311,341,656,300
313,336,658,289
325,320,629,313
311,331,644,325
332,326,624,306
312,325,635,283
333,345,654,307
322,341,635,261
310,344,648,303
324,336,643,313
308,307,641,328
325,315,615,313
320,323,617,299
321,361,624,248
307,343,648,258
319,344,648,284
329,332,636,281
316,326,633,310
345,337,621,280
319,325,627,311
312,330,653,305
326,337,640,313
315,328,647,284
329,322,644,298
330,332,634,291
316,328,647,306
311,326,654,295
305,342,651,283
318,333,649,299
313,335,632,309
310,327,652,308
327,322,633,330
309,331,640,300
315,336,629,279
322,322,633,319
307,325,641,320
324,324,639,312
306,339,645,280
318,332,646,309
310,325,652,306
318,340,625,279
324,324,647,312
335,332,648,297
308,326,652,300
303,344,635,271
329,327,640,288
325,335,640,300
323,320,636,305
328,326,634,313
321,329,655,328
320,332,654,293
319,316,629,319
330,335,622,285
339,316,635,289
308,340,662,318
301,335,670,289
316,333,613,305
301,322,651,301
333,349,632,271
312,354,648,260
308,343,657,287
298,323,637,310
301,327,645,306
319,332,640,303
323,342,645,304
319,320,648,311
309,331,617,296
319,330,631,290
325,325,637,300
336,333,642,306
316,332,639,301
316,336,643,276
319,334,647,296
316,336,657,307
314,318,641,340
324,337,656,282
305,338,652,294
314,332,648,301
308,330,665,317
313,324,668,299
324,335,615,275
316,318,641,332
322,323,624,301
335,337,610,247
309,356,667,292
316,338,652,284
327,327,609,275
319,330,657,313
309,325,645,312
332,343,631,300
329,342,652,280
313,308,658,357
326,358,654,271
313,341,657,281
315,332,631,272
322,328,652,336
320,333,648,297
317,328,636,296
316,324,630,321
318,320,645,325
325,336,642,312
319,335,640,277
327,321,641,312
318,321,621,311
331,316,607,314
319,328,612,263
323,350,635,284
321,340,637,283
312,336,644,273
302,331,651,297
316,322,628,320
308,347,628,280
311,337,652,279
317,337,630,277
328,333,647,303
309,330,647,308
324,329,617,323
317,330,631,323
323,342,654,299
323,335,635,316
305,336,659,289
311,331,635,285
326,323,629,294
318,341,628,258
307,336,660,287
306,350,656,283
318,338,654,290
317,327,638,295
315,326,634,279
317,355,637,279
318,344,636,269
314,327,630,294
314,331,628,288
322,329,629,292
332,327,650,330
304,339,652,279
309,332,664,315
318,332,640,303
322,333,635,318
297,340,659,280
316,342,670,294
318,326,647,313
318,332,642,314
310,330,633,320
311,339,649,279
305,348,653,260
309,337,671,286
315,325,640,310
312,329,633,286
323,329,618,282
324,333,643,303
322,325,636,306
323,329,666,326
316,337,644,293
321,340,644,293
325,331,615,290
318,339,643,278
323,321,621,300
328,322,623,283
323,330,631,298
322,332,642,293
310,325,644,300
337,329,639,304
306,331,652,314
295,328,650,317
319,330,639,301
310,338,650,292
313,329,641,304
312,329,617,305
310,327,649,320
323,329,621,293
317,320,639,319
319,340,648,290
312,342,630,283
315,341,641,289
312,342,653,259
307,311,643,320
309,327,626,297
322,337,639,276
318,328,642,296
302,329,649,314
319,335,619,280
312,337,630,280
328,323,647,294
325,325,629,289
319,322,633,316
325,319,626,310
330,320,659,327
315,314,660,337
317,340,665,312
309,329,661,290
329,327,637,316
316,335,634,289
312,336,641,271
310,325,651,322
308,323,631,299
331,343,651,293
304,328,650,312
321,330,632,310
317,323,647,292
311,337,645,310
312,341,654,272
306,329,640,306
307,330,652,296
300,330,633,281
302,326,668,320
322,320,628,317
325,322,631,328
309,340,645,289
318,331,635,290
326,335,644,299
312,332,644,302
326,337,619,290
319,333,633,288
326,327,649,319
325,321,644,308
306,329,647,298
307,316,621,301
316,347,640,287
317,341,637,288
313,335,649,289
329,323,623,305
317,326,634,319
315,334,643,278
307,324,628,277
312,340,646,307
293,352,641,277
310,336,669,294
309,334,664,315
325,316,653,325
322,336,633,289
319,338,639,271
317,332,641,300
317,329,649,305
316,319,637,316
322,326,626,305
315,318,627,313
323,325,615,310
316,314,640,329
329,308,648,350
324,322,654,336
303,339,670,303
323,331,646,300
309,331,653,294
301,345,629,293
311,329,650,310
313,335,655,326
303,340,635,278
325,337,633,260
320,337,635,308
314,335,650,293
305,326,671,329
303,336,656,296
325,331,632,305
303,324,644,317
314,333,648,323
329,329,650,295
325,332,643,296
309,324,627,290
326,329,652,328
307,336,641,285
315,323,645,308
338,305,611,350
323,308,621,326
330,312,637,346
326,320,649,307
323,330,637,305
323,338,634,293
320,338,644,278
328,342,656,253
309,347,644,271
323,340,652,289
323,327,634,327
316,337,647,273
332,301,633,340
328,334,627,290
320,311,635,320
317,320,614,331
319,316,646,304
315,344,627,290
321,328,648,319
319,314,641,326
337,316,609,309
316,325,631,309
316,329,636,291
302,334,639,278
324,349,648,243
313,332,659,305
304,338,622,300
314,338,640,287
315,327,646,301
310,322,642,342
322,315,655,327
317,346,633,259
300,329,662,318
307,331,656,306
300,330,642,327
288,336,662,306
322,327,642,304
304,328,646,290
326,324,647,309
309,332,634,291
321,321,644,322
310,328,651,308
305,340,636,285
319,328,651,315
322,326,644,312
333,327,649,316
308,331,669,298
317,332,640,301
320,324,654,319
330,331,638,312
318,335,629,283
316,323,643,305
330,341,662,286
311,328,665,312
309,334,649,297
312,334,655,298
319,329,625,309
315,319,649,312
312,327,626,309
320,329,644,302
327,334,632,290
307,330,629,290
331,333,638,290
318,335,619,285
325,335,634,273
310,343,649,251
317,344,664,311
300,345,649,290
309,329,661,320
314,336,663,318
315,325,670,321
304,327,670,318
303,324,671,289
307,329,637,316
330,327,618,310
322,327,642,316
316,334,643,285
309,322,628,309
331,339,647,318
307,334,643,277
303,314,633,324
314,318,621,321
332,337,639,313
318,331,654,303
311,328,641,282
313,316,660,334
308,324,677,319
312,334,658,311
297,326,668,301
334,302,614,344
327,321,623,296
319,336,642,320
312,324,649,305
305,321,648,320
299,329,636,313
315,329,646,320
318,328,650,304
313,327,634,283
324,345,664,315
310,334,667,306
313,325,641,290
316,326,645,301
340,325,653,341
321,342,642,282
311,322,626,325
322,319,642,344
305,328,645,302
321,331,636,287
296,324,636,290
317,335,674,315
305,333,659,280
312,348,651,265
315,333,646,281
316,338,627,259
314,335,660,303
315,316,650,320
318,302,631,344
335,327,649,313
308,316,658,323
324,294,641,358
299,330,657,310
315,332,647,293
326,314,636,331
316,335,652,289
319,323,625,310
336,322,654,337
299,345,658,289
310,330,656,318
317,319,659,304
299,318,647,309
329,323,635,318
312,337,663,294
309,324,645,323
318,309,634,340
311,320,623,301
331,323,629,289
325,327,639,338
318,334,651,301
308,333,650,317
316,325,636,308
316,340,643,299
315,331,624,303
313,341,646,292
310,331,643,299
323,325,636,308
309,323,646,332
302,325,669,349
312,335,664,303
312,336,635,293
304,337,662,310
303,328,669,317
320,307,627,348
302,323,629,311
324,322,662,330
320,319,642,307
313,333,633,299
322,342,638,261
330,331,635,306
320,328,624,305
310,327,622,305
338,341,631,279
301,310,648,329
324,317,618,331
328,324,618,327
323,336,650,316
308,336,670,276
313,325,629,289
316,336,565,320
312,345,606,312
314,340,561,300
312,355,488,293
318,360,483,291
315,362,442,278
317,360,383,293
317,358,389,269
313,348,371,303
313,349,370,287
309,348,395,296
336,309,432,274
310,353,402,288
390,274,446,275
318,341,383,283
417,256,446,331
337,336,465,293
364,269,498,283
310,340,410,296
315,355,375,252
311,352,375,283
305,357,350,299
306,343,354,302
314,351,318,307
310,345,338,326
311,340,342,294
314,354,341,302
318,352,300,289
310,352,314,304
323,354,293,286
306,352,305,295
312,369,307,250
307,348,349,249
302,363,295,276
316,342,286,283
316,342,286,283
593,164,297,349
578,215,316,317
555,220,340,300
561,212,320,315
566,220,305,305
596,296,332,267
541,232,355,295
588,328,378,279
579,304,379,276
457,265,455,299
502,341,472,261
526,348,445,245
503,308,455,261
498,323,484,263
519,235,406,298
540,242,404,319
534,220,350,282
541,224,360,285
544,187,358,320
546,160,337,335
537,171,342,331
523,125,373,351
481,150,401,356
453,154,444,366
439,229,532,350
453,320,523,294
346,321,622,307
318,326,645,274
328,321,636,285
316,329,624,292
315,335,638,300
312,339,649,300
312,338,643,296
307,331,649,294
315,322,640,312
329,324,623,314
305,325,653,319
303,332,657,290
297,328,632,280
321,333,656,301
332,329,647,251
288,354,678,198
312,282,579,229
303,303,590,224
308,417,547,228
316,373,611,289
310,357,645,314
314,360,643,271
318,369,635,277
317,354,648,262
325,337,655,284
318,332,653,308
325,329,649,292
327,335,641,305
321,329,665,300
316,327,658,315
325,333,642,301
319,316,642,346
321,324,657,306
322,338,646,300
327,344,627,284
326,322,628,312
317,323,630,320
318,331,643,320
327,329,649,309
322,334,625,295
309,338,628,305
313,333,655,324
317,331,667,304
310,332,647,324
319,325,638,315
312,337,642,314
321,329,649,324
312,338,645,287
318,334,632,285
319,327,638,298
322,339,640,297
310,336,633,272
323,344,623,274
327,344,615,278
320,343,617,278
313,336,641,304
315,330,634,305
302,320,642,328
308,321,640,330
314,321,624,313
324,309,621,323
322,307,622,341
317,324,628,306
335,319,633,306
316,314,639,335
307,329,624,306
315,331,647,293
314,331,638,299
322,337,631,291
313,332,635,291
311,309,653,349
295,329,662,308
316,329,647,316
308,328,642,309
319,315,635,324
315,331,608,301
318,332,633,292
314,332,630,270
309,327,658,311
306,336,650,287
325,323,620,318
319,328,638,301
319,332,621,309
316,342,648,291
315,327,642,293
310,319,636,282
333,330,649,326
330,324,652,309
307,325,663,324
314,320,636,302
336,301,637,356
305,324,629,295
335,333,650,270
311,307,650,352
307,334,640,308
327,351,650,287
312,326,650,312
325,331,636,313
299,323,652,306
334,337,637,304
305,339,662,293
324,326,619,306
325,312,644,344
308,329,642,286
320,335,632,263
299,339,674,296
328,335,640,292
325,326,625,296
313,319,621,307
338,321,604,272
310,339,650,297
309,336,655,278
330,314,658,329
311,326,635,305
339,342,625,268
324,322,642,323
308,326,661,307
308,326,640,316
316,328,646,304
299,344,633,302
317,346,641,288
310,330,656,317
308,327,653,288
310,314,627,295
332,334,642,315
314,326,654,290
306,354,656,274
309,339,655,273
323,312,642,310
307,324,645,312
326,321,637,302
325,302,632,309
303,351,646,299
320,334,628,288
304,316,629,316
318,324,627,329
325,323,655,331
329,325,640,315
316,330,643,315
321,314,627,314
321,327,629,313
313,324,643,314
301,320,636,319
315,317,638,332
308,324,639,314
337,319,622,293
318,322,644,308
321,318,612,306
320,327,638,308
319,335,642,314
317,330,654,307
316,315,652,314
318,315,636,325
321,311,635,329
333,306,650,315
316,329,635,306
330,327,635,313
310,337,653,294
321,327,640,305
311,332,635,310
311,329,645,307
310,320,652,325
312,315,645,351
317,323,660,321
297,338,645,309
314,325,647,326
308,326,654,319
324,334,653,304
319,321,639,322
311,331,636,300
299,330,643,291
318,324,624,291
318,344,653,313
322,343,611,258
317,336,672,320
302,331,663,301
295,329,650,306
309,326,651,314
327,331,611,309
319,324,631,316
307,324,646,320
326,316,625,315
341,302,647,352
340,340,658,310
307,340,660,305
328,330,638,301
312,322,634,296
324,325,629,274
309,342,656,303
314,340,655,290
309,317,638,309
348,321,621,301
320,323,628,318
309,329,631,294
312,326,639,287
325,328,637,304
313,341,634,280
306,344,664,269
319,315,629,323
310,332,624,295
312,335,652,279
328,334,637,285
328,319,642,303
315,316,621,315
336,310,625,310
304,341,644,299
313,323,641,304
307,331,649,308
311,326,635,289
328,325,640,330
319,324,657,334
319,329,639,302
305,331,651,301
330,341,627,282
310,328,641,276
321,349,656,302
323,349,628,283
310,329,652,315
306,312,650,314
311,335,665,303
314,341,640,268
315,336,652,293
317,328,639,306
310,317,657,320
317,324,633,319
322,331,642,315
315,334,641,302
318,336,638,295
308,338,636,285
313,324,648,311
303,335,631,300
336,336,622,286
307,313,637,328
322,329,619,296
325,325,636,285
321,349,665,308
315,339,643,283
311,330,639,288
340,327,645,289
306,343,674,304
308,324,660,309
333,313,631,329
318,349,635,277
318,320,648,300
294,345,646,278
325,324,641,306
322,325,652,329
313,339,655,303
316,325,654,302
315,327,646,302
316,333,624,298
317,339,666,284
321,330,642,282
319,336,625,276
319,328,648,304
309,318,663,304
334,323,658,330
317,324,646,307
318,322,633,326
328,332,633,309
313,322,638,314
322,314,627,327
324,329,645,317
318,328,651,303
304,343,651,283
324,326,633,312
323,332,630,299
323,330,633,311
322,326,645,331
313,324,653,295
299,339,632,279
310,332,665,293
293,330,660,312
327,318,633,317
320,319,626,305
313,326,634,274
307,346,654,316
312,346,648,275
313,336,655,300
301,334,652,297
317,331,646,319
324,330,639,296
316,329,619,314
324,329,643,307
314,316,650,324
331,315,620,336
315,328,651,308
313,320,644,310
319,328,623,300
333,311,636,347
321,313,638,341
330,307,629,323
320,314,625,323
326,326,630,311
323,330,624,309
311,339,649,262
318,326,655,311
317,317,665,333
316,323,656,315
320,320,635,316
319,334,655,310
304,331,653,307
312,318,643,327
315,316,642,341
316,323,634,331
300,330,653,312
330,337,629,296
318,321,645,337
321,324,636,310
313,320,615,320
308,327,659,313
315,338,644,306
316,331,656,331
319,324,650,321
315,321,643,330
320,330,625,306
304,334,652,306
318,338,628,283
318,327,613,303
318,329,628,282
318,331,650,323
307,345,646,267
319,335,665,302
312,327,657,296
331,315,642,337
316,343,629,283
308,330,657,305
311,342,633,270
320,334,634,294
324,330,631,298
332,333,631,301
312,327,632,315
336,342,636,296
317,319,636,328
317,324,631,333
320,321,637,315
302,325,629,315
319,333,640,294
315,333,645,292
315,326,638,321
325,320,636,308
301,315,631,324
314,318,627,340
306,325,649,304
307,308,630,329
306,334,636,287
310,331,639,292
317,331,634,294
328,333,632,303
315,330,644,309
323,326,621,317
309,342,639,288
305,347,655,301
313,341,631,280
310,353,646,254
303,326,676,326
315,334,630,283
326,321,616,310
344,324,662,331
302,327,671,316
330,324,620,321
307,339,629,304
325,329,634,327
329,335,648,296
316,326,660,315
319,327,644,302
322,352,625,273
310,345,639,284
302,333,644,298
312,327,661,314
309,332,650,300
317,329,625,295
326,334,633,288
319,322,623,322
309,318,658,320
320,322,638,333
310,334,584,269
314,345,555,231
316,349,497,274
303,353,559,300
313,360,543,306
306,357,537,326
314,330,571,334
300,345,574,351
312,355,514,307
315,358,485,308
311,371,469,298
308,356,475,298
312,366,444,284
308,349,468,293
310,365,442,298
317,357,454,298
317,354,456,298
322,365,459,289
308,365,479,293
313,370,476,282
313,361,467,294
317,364,481,290
309,346,537,312
320,358,533,295
311,365,556,297
319,362,550,297
313,366,548,300
300,368,578,299
317,350,572,325
304,367,581,294
299,369,602,298
311,370,548,287
309,364,572,303
308,331,591,340
318,330,570,336
323,332,562,324
322,340,555,314
307,351,598,302
314,351,578,282
313,344,582,313
312,344,562,307
312,351,571,311
312,357,585,283
309,348,568,319
308,354,568,296
300,346,585,309
303,350,559,292
308,356,578,290
312,350,569,310
306,346,581,311
304,350,564,291
315,352,557,275
307,351,555,289
303,353,542,295
310,355,524,303
309,364,520,292
311,366,492,303
317,353,543,313
305,356,559,308
316,359,554,297
303,360,581,307
299,367,560,286
303,320,579,329
312,328,559,331
318,336,557,332
314,352,545,316
302,364,541,299
317,359,531,290
302,353,555,295
309,360,568,292
301,355,581,309
313,363,557,270
308,350,562,284
305,348,578,301
302,350,574,295
301,347,600,309
311,344,589,300
311,343,592,296
318,346,587,285
320,343,577,294
321,338,580,295
313,335,574,306
311,343,587,299
318,340,596,288
316,341,575,297
308,339,606,295
314,331,605,308
323,335,579,292
310,351,595,274
324,341,597,275
308,350,585,291
311,341,589,282
308,344,600,295
319,342,569,301
312,338,575,298
316,351,575,289
309,338,592,305
314,341,597,301
325,337,570,305
311,334,592,304
316,341,583,301
314,343,576,303
322,352,584,271
312,318,587,326
325,329,569,317
316,338,566,300
325,338,567,294
308,339,578,276
318,327,565,332
328,331,554,318
315,333,559,309
309,351,575,299
300,354,595,296
309,337,571,310
316,347,561,318
310,352,549,303
302,357,579,291
303,365,572,279
305,365,557,279
312,359,512,288
308,359,538,292
314,365,555,283
310,378,573,267
305,377,567,270
301,369,575,272
302,360,571,282
306,373,514,277
292,373,503,264
283,380,497,258
288,377,448,257
290,371,396,254
276,379,402,249
285,377,408,271
264,397,433,224
257,387,467,252
257,387,486,251
256,392,502,230
251,385,513,240
260,393,504,246
246,387,518,253
251,388,515,257
259,367,512,305
242,348,527,312
256,343,516,324
267,356,495,310
253,365,504,287
262,365,494,288
254,362,489,290
256,363,496,302
261,358,489,317
259,365,493,289
266,374,502,279
254,367,495,294
284,350,523,323
282,360,525,321
303,335,505,317
344,291,482,304
341,258,516,303
359,242,523,308
345,245,528,347
355,177,539,365
364,151,565,370
360,95,574,409
359,66,601,420
316,158,651,474
342,63,667,417
327,139,751,501
144,104,821,559
19,127,887,529
-16,48,990,602
119,64,913,510
61,24,945,549
343,20,831,529
406,174,745,469
382,20,630,499
417,31,574,489
409,28,593,530
397,7,583,530
400,24,576,509
379,23,621,535
381,19,599,501
368,22,595,521
346,12,625,494
360,17,598,523
354,15,625,528
325,22,668,517
319,-2,608,556
300,20,631,520
276,13,623,505
289,12,604,502
268,20,616,474
263,19,637,485
242,9,619,467
241,18,649,437
245,12,631,437
200,15,658,436
213,-6,604,449
240,6,617,430
229,7,602,425
225,6,669,444
262,16,588,433
283,14,579,440
289,28,585,428
290,27,571,434
305,21,559,442
297,17,561,448
270,23,596,434
281,22,572,439
283,28,573,445
281,23,584,457
282,31,562,435
290,36,565,422
292,33,573,440
285,36,572,444
290,34,557,433
308,31,544,427
318,53,538,427
313,36,540,427
317,38,534,429
316,47,558,434
328,36,519,433
327,52,548,418
329,25,528,453
333,33,511,425
333,50,520,423
323,44,527,425
312,33,538,446
318,35,555,429
332,44,539,431
320,31,570,473
305,33,566,441
295,37,573,444
301,45,570,438
306,44,541,433
310,40,553,440
340,40,529,438
337,39,552,450
335,25,549,485
339,45,539,465
344,36,534,477
348,43,536,461
357,50,535,464
349,31,546,506
354,40,535,459
356,40,523,473
376,39,512,471
369,42,522,462
390,59,516,456
379,51,505,457
369,51,540,472
381,66,516,454
381,57,519,450
372,71,534,481
382,41,526,535
376,56,530,489
386,46,521,491
372,59,532,453
382,58,537,478
376,54,537,514
376,36,514,520
368,42,541,516
366,33,544,543
367,52,526,470
369,48,528,504
357,37,532,543
367,23,537,578
359,46,558,574
368,19,565,607
359,36,570,573
348,32,570,526
351,45,552,489
355,41,541,510
345,33,534,482
339,57,566,494
355,49,519,463
348,26,542,492
346,44,543,494
347,29,541,484
350,29,532,504
332,28,572,520
352,43,555,500
340,36,578,520
334,44,559,496
342,34,564,530
350,26,551,559
338,14,572,531
363,49,546,487
344,29,587,523
353,31,570,522
370,34,566,519
374,46,598,535
400,36,576,621
412,46,613,644
385,32,652,636
410,32,626,679
411,53,630,616
415,56,607,608
405,84,624,611
418,63,599,614
412,50,609,644
424,65,607,624
418,74,602,601
435,102,585,527
448,95,577,574
439,94,574,548
429,98,569,595
422,98,590,582
442,122,569,552
429,101,582,565
426,102,587,596
426,79,567,599
419,109,557,567
429,80,569,587
433,99,545,570
404,98,562,539
404,92,557,587
403,84,561,536
411,86,547,488
412,92,537,496
426,55,534,499
399,22,546,560
395,23,538,538
382,39,529,488
385,7,532,513
397,29,511,502
389,22,498,520
396,13,509,515
403,34,497,485
414,23,487,516
419,29,505,512
403,12,500,522
416,36,488,484
417,48,496,499
412,29,499,503
411,31,503,540
407,25,494,505
403,54,507,477
406,36,492,479
408,52,504,474
409,32,498,488
410,46,507,483
410,47,487,467
411,18,504,520
409,21,501,520
407,20,522,513
411,21,507,512
421,25,514,481
432,20,522,498
429,35,527,492
446,13,493,516
446,27,484,470
458,41,507,465
444,20,506,489
444,26,517,472
450,24,500,506
459,12,520,502
452,18,513,459
435,23,520,473
450,24,514,446
449,15,507,471
453,1,517,496
451,-12,517,548
451,-10,510,535
454,8,514,482
459,20,505,458
455,14,506,475
453,16,503,478
462,25,491,450
462,27,486,455
446,10,503,471
450,21,495,449
454,27,503,457
440,32,514,463
436,22,528,485
442,49,510,451
424,15,535,507
428,40,528,493
421,46,532,500
422,57,525,495
430,58,508,523
441,46,494,502
425,64,507,494
419,58,518,477
424,56,502,447
419,49,513,468
418,44,526,517
427,30,505,584
426,41,513,517
414,59,526,490
410,41,508,484
411,41,522,507
423,39,508,553
428,50,515,485
418,66,525,460
417,44,527,514
407,57,527,481
414,49,508,463
419,37,536,489
410,45,537,474
380,52,577,480
355,77,592,479
309,105,605,465
295,159,607,438
269,151,650,435
233,172,683,410
210,191,730,391
206,183,723,391
180,121,736,462
196,136,692,445
190,163,707,402
164,160,693,430
153,164,660,414
147,167,669,411
150,153,615,430
125,153,654,477
115,81,668,550
97,109,751,562
102,137,831,539
109,144,898,539
74,150,846,513
78,140,840,521
74,190,825,505
29,186,867,493
34,252,791,426
54,239,707,423
36,258,645,395
75,272,637,398
61,270,683,402
72,294,647,382
105,298,647,376
114,290,641,388
57,301,667,364
43,291,683,376
62,302,708,338
65,297,713,311
91,282,762,313
133,285,751,281
130,280,739,278
151,268,790,272
204,282,858,213
224,241,698,249
260,161,626,291
292,130,603,325
292,147,599,314
280,118,608,347
311,265,587,327
316,163,576,309
295,223,578,234
320,142,563,313
334,116,551,352
300,132,603,315
298,118,601,333
298,161,581,290
291,120,616,334
287,131,618,310
281,108,623,377
301,122,599,338
298,118,593,330
277,135,627,308
279,125,643,317
363,121,544,285
435,326,485,310
429,363,504,277
381,358,551,276
381,358,551,276
216,399,482,202
216,399,482,202
216,399,482,202
216,399,482,202
216,399,482,202
216,399,482,202
216,399,482,202
216,399,482,202
297,473,466,232
297,473,466,232
297,473,466,232
297,473,466,232
297,473,466,232
297,473,466,232
297,473,466,232
324,53,473,277
381,137,490,308
324,11,497,340
338,22,487,440
328,32,560,564
340,13,604,623
351,6,624,635
346,15,628,641
333,9,608,651
335,25,629,632
335,19,653,613
355,18,590,637
350,27,632,603
341,39,630,619
320,46,619,595
330,18,593,664
318,16,605,586
302,22,612,585
359,14,547,589
366,26,547,585
391,42,538,563
406,50,517,568
406,45,521,600
419,46,516,595
428,39,502,613
437,54,518,580
427,62,519,578
426,60,528,576
426,79,519,555
433,78,507,547
424,70,508,562
437,60,499,589
425,37,503,613
418,18,526,633
419,45,512,600
410,39,509,607
418,34,511,627
412,19,542,619
393,70,539,563
421,53,514,593
421,49,520,607
421,25,520,630
412,15,513,644
429,12,508,639
434,17,513,637
407,4,547,634
427,8,539,648
429,-21,519,655
413,-2,543,649
439,18,517,649
416,-8,540,650
415,72,529,595
411,13,533,660
381,1,588,651
401,10,549,629
393,18,535,637
371,22,570,625
379,18,542,649
384,-9,565,668
390,43,548,609
388,20,559,639
384,54,551,605
371,69,591,575
342,46,605,582
344,44,604,563
347,20,615,613
320,12,638,617
300,10,666,612
315,9,641,623
255,22,666,564
264,20,605,581
259,1,558,594
295,-18,534,586
341,13,454,555
364,0,501,547
442,-11,462,526
442,-11,462,526
442,-11,462,526
442,-11,462,526
442,-11,462,526
74,247,486,437
209,297,532,400
166,281,573,408
210,267,609,397
258,278,607,410
300,292,580,420
300,292,580,420
300,292,580,420
300,292,580,420
300,292,580,420
300,292,580,420
300,292,580,420
300,292,580,420
278,264,700,405
78,272,734,437
432,163,761,479
57,169,885,477
62,276,1030,409
305,250,920,461
407,159,841,552
427,206,789,499
408,161,719,567
439,14,622,689
451,-5,638,698
459,-2,547,644
453,-3,538,640
437,-11,541,700
430,-14,563,729
426,-14,528,710
416,-2,549,711
402,-2,533,681
388,0,550,696
385,-2,555,692
385,-11,540,629
429,-5,536,520
442,11,541,485
434,11,522,484
433,12,522,471
450,0,486,494
