137,320,233,191
117,317,257,195
112,316,260,201
110,319,258,196
105,321,256,197
104,322,248,201
102,324,255,191
98,325,249,200
106,327,237,199
99,329,243,202
94,327,250,201
96,321,246,211
96,327,243,207
102,328,233,215
91,329,241,213
94,332,242,213
96,337,244,204
96,339,233,208
104,337,236,209
100,344,239,199
114,341,231,215
106,340,235,214
104,335,236,217
97,336,242,214
100,340,235,218
98,343,240,209
101,345,238,217
108,346,232,215
110,344,233,225
109,345,241,220
117,354,237,205
112,350,245,221
113,347,248,224
114,342,238,242
111,349,244,213
107,346,247,222
120,349,239,215
108,349,247,215
113,347,245,201
114,343,241,203
113,334,239,217
122,337,236,219
110,328,235,219
116,330,244,211
111,323,239,209
109,322,244,213
106,317,245,206
106,313,241,222
113,315,231,208
106,313,238,218
101,311,240,209
91,306,248,219
92,298,242,222
84,299,244,212
81,292,244,231
76,295,245,216
77,297,243,213
70,298,240,208
70,294,242,222
64,298,245,224
70,300,239,212
67,301,242,215
70,302,238,221
63,299,246,220
68,304,243,208
65,303,246,217
71,306,240,225
68,305,244,214
66,312,248,213
65,309,247,210
76,311,238,217
72,313,244,207
76,312,241,212
80,314,234,210
79,310,234,224
75,310,236,225
77,314,241,220
80,314,243,220
85,323,239,209
78,319,244,202
82,320,233,210
81,316,240,221
81,312,242,229
85,321,245,211
85,318,241,224
89,318,244,213
100,318,235,217
93,316,236,225
97,316,238,223
97,317,243,219
101,317,236,221
97,319,248,218
103,323,237,209
92,318,249,202
92,317,242,203
96,314,241,211
94,309,239,223
95,309,237,218
91,310,234,226
97,310,229,223
93,312,223,221
99,305,212,230
91,306,215,232
88,306,212,230
85,315,231,227
83,315,236,215
82,318,220,213
82,307,209,223
87,300,198,244
81,307,186,238
74,294,156,234
82,293,138,225
77,292,144,229
81,293,137,220
81,290,130,226
78,283,136,238
77,286,134,236
77,288,131,228
78,299,132,215
77,303,135,210
83,301,123,210
88,294,114,227
82,295,119,226
86,292,112,233
83,295,116,238
81,293,114,248
83,293,114,254
81,285,111,265
74,285,116,242
70,287,120,233
70,288,114,224
61,287,119,209
64,288,112,197
54,282,121,180
60,280,123,200
79,299,103,192
99,333,96,168
103,331,85,154
39,262,88,149
108,343,80,145
106,359,92,122
106,345,89,130
104,345,93,130
105,341,90,131
100,344,94,126
103,354,94,113
104,365,92,103
103,370,92,98
105,375,88,91
104,378,83,85
103,386,83,76
99,387,82,71
97,381,80,77
95,380,85,76
95,377,78,70
87,375,58,73
91,365,47,81
54,267,50,88
46,265,55,94
35,268,65,91
25,269,73,93
17,273,79,90
5,280,90,91
5,280,90,91
5,280,90,91
5,280,90,91
5,280,90,91
5,280,90,91
5,280,90,91
5,280,90,91
5,280,90,91
2,281,91,89
5,279,89,89
2,274,93,96
2,270,96,98
0,270,100,98
4,268,97,101
4,267,98,102
4,270,98,102
0,266,102,109
2,265,102,110
3,264,101,105
2,262,101,108
4,260,102,114
3,258,100,112
6,259,96,113
4,259,101,115
2,255,105,119
2,251,103,125
2,249,105,120
0,245,103,124
2,249,102,126
2,246,98,126
4,246,97,127
4,248,98,124
2,247,99,126
2,249,101,124
4,246,98,126
4,244,101,131
2,239,106,140
2,237,109,132
2,238,113,137
2,232,114,139
3,230,120,145
0,233,124,139
1,227,125,143
2,228,127,136
6,228,125,138
3,226,132,142
5,223,133,139
9,224,129,144
4,221,136,147
7,218,136,151
8,221,139,149
6,217,140,148
4,219,145,149
0,220,148,144
8,222,141,143
1,220,149,146
0,222,150,148
2,223,150,152
2,231,154,139
7,231,148,142
2,233,153,139
12,231,144,145
2,231,156,146
4,233,154,141
0,235,162,133
7,230,151,143
11,231,147,147
-1,232,162,142
-2,232,164,140
-2,231,162,142
0,228,159,144
3,230,154,140
3,229,155,143
-3,230,160,142
1,229,154,141
-1,227,155,144
11,228,143,141
-2,224,158,141
-2,228,157,140
-1,227,157,139
5,229,149,139
7,226,145,137
2,221,149,144
2,228,151,141
0,224,153,139
1,224,151,140
1,222,152,141
0,224,154,137
8,223,144,144
9,225,145,141
8,228,150,135
3,229,158,134
2,231,159,134
1,228,165,139
7,230,160,137
6,236,164,131
15,236,162,134
4,236,171,133
10,238,171,134
8,238,175,138
0,236,190,135
8,237,181,141
6,238,188,133
3,235,193,140
7,234,190,133
6,236,192,139
14,240,188,141
6,237,198,140
15,239,192,141
13,247,199,132
8,249,207,126
11,250,208,134
16,251,205,130
24,250,200,135
7,245,217,135
10,246,224,136
2,242,230,150
3,245,231,143
5,246,233,140
-3,247,240,143
5,248,237,138
3,249,237,137
8,247,234,143
7,242,234,148
12,245,226,149
12,243,225,154
12,245,226,149
10,246,229,148
8,246,230,142
3,243,234,152
1,250,242,146
0,247,245,148
2,249,246,147
5,249,244,148
0,248,251,151
6,251,244,149
8,250,245,154
0,247,254,161
0,250,257,154
11,249,251,153
0,246,264,159
6,246,259,159
11,245,256,163
12,248,260,157
14,252,259,150
26,251,252,148
15,250,264,149
29,251,259,152
25,253,263,150
18,249,272,149
19,248,275,145
7,254,288,144
16,255,282,149
23,254,277,151
24,258,278,160
28,252,268,153
44,257,263,157
50,254,249,152
47,252,266,161
36,252,276,161
40,257,275,157
37,256,270,162
34,252,282,152
50,257,267,159
39,250,276,164
35,255,278,164
14,250,304,169
36,250,279,173
34,253,284,177
24,249,291,178
27,249,290,172
41,252,276,168
67,253,249,170
69,259,251,166
51,255,273,167
71,260,246,164
60,258,263,162
73,257,252,167
88,267,241,164
96,265,227,173
72,263,253,172
50,265,286,157
63,268,277,156
68,269,266,160
61,266,283,154
67,269,276,156
59,265,283,163
62,265,283,170
55,269,297,156
50,265,309,160
63,271,295,162
75,271,279,166
56,268,298,164
57,276,315,153
89,277,283,155
93,277,288,154
119,282,256,159
121,279,253,161
124,282,249,158
123,286,270,155
107,282,277,162
118,283,282,151
121,283,275,152
124,285,273,156
121,284,271,156
121,286,274,157
120,284,291,149
114,286,294,153
102,283,307,157
96,279,314,164
92,282,320,163
88,283,316,162
87,281,323,166
87,281,321,163
94,283,326,161
90,282,310,165
117,277,298,165
107,285,303,163
117,290,299,161
114,289,303,157
115,288,310,159
129,291,297,164
128,289,300,163
132,295,299,158
134,296,301,149
132,292,309,156
141,286,289,163
132,291,310,159
133,294,314,154
138,287,301,157
135,283,308,155
133,290,318,150
134,292,316,148
130,292,320,152
131,285,319,159
134,288,313,152
127,288,325,154
124,282,332,152
131,283,321,145
136,281,315,146
130,281,325,154
129,286,332,140
125,289,333,141
124,291,333,140
117,293,339,140
131,293,323,137
116,290,345,146
125,288,333,144
113,291,342,134
106,292,348,136
105,294,346,135
138,292,319,146
164,291,293,142
181,290,285,151
193,292,262,143
191,298,272,144
197,295,266,149
204,292,249,142
193,292,268,142
199,287,256,145
196,292,260,134
188,292,274,140
184,285,275,149
177,287,287,145
184,287,273,146
174,291,287,142
163,290,302,151
130,290,338,150
132,288,334,146
130,290,347,135
136,288,334,142
150,292,322,146
164,287,308,144
204,294,274,145
196,295,285,146
197,290,293,143
198,292,291,142
196,291,288,144
202,286,282,140
198,286,279,140
192,289,291,135
202,292,280,137
195,287,291,135
198,290,286,140
203,295,284,134
204,298,283,127
217,301,271,133
218,293,265,143
215,299,269,133
214,295,267,136
220,302,263,138
214,296,269,137
220,297,263,135
206,298,278,136
214,300,268,133
207,295,276,133
201,297,281,137
191,303,296,118
194,298,288,135
185,295,299,128
176,295,305,131
153,296,325,140
139,295,347,136
155,300,328,131
169,296,323,132
158,297,330,124
152,296,335,133
163,291,324,132
169,287,316,141
176,290,319,137
179,289,319,141
186,290,307,138
189,287,297,138
200,292,290,128
184,284,307,132
194,282,300,133
190,284,307,127
204,286,300,137
218,280,278,138
229,287,276,131
226,285,278,134
241,294,271,130
236,296,273,126
235,298,279,130
245,300,270,135
253,302,269,133
247,307,280,130
249,316,286,125
257,311,279,132
258,322,282,126
265,322,279,129
266,324,283,125
263,323,291,125
268,328,274,127
269,332,269,118
269,329,271,123
263,330,288,119
264,328,280,119
241,322,305,122
235,319,311,126
220,314,316,128
207,316,332,126
198,312,351,128
204,306,339,127
197,308,356,124
195,312,340,118
193,304,363,126
186,303,360,133
182,297,345,136
179,290,341,139
169,292,370,132
164,288,372,138
160,292,376,136
155,289,364,147
152,289,376,134
148,288,392,135
148,285,370,136
140,284,381,139
146,286,372,139
140,278,374,137
142,282,400,137
127,281,404,136
135,286,394,140
115,283,398,139
128,287,388,141
132,291,381,144
157,292,367,139
140,296,366,129
187,295,323,141
184,297,330,136
188,295,314,135
192,301,301,135
187,300,332,139
155,303,357,139
192,299,322,132
188,300,327,135
192,301,316,133
189,303,330,132
162,300,350,139
154,294,358,141
133,300,384,138
128,297,408,142
125,294,416,140
120,302,426,139
117,295,424,147
130,292,417,148
131,290,416,147
152,291,391,146
158,293,371,148
172,293,360,144
159,294,373,143
165,290,366,145
172,292,356,145
171,292,348,140
170,296,345,138
175,293,354,143
165,292,365,141
166,291,370,134
167,288,361,142
159,290,376,138
157,295,367,144
165,292,372,138
153,288,394,145
153,288,402,143
149,289,409,143
147,296,401,135
138,287,413,131
140,287,391,139
137,288,395,138
137,286,389,135
148,294,367,138
175,285,369,135
125,291,407,128
123,292,415,132
137,281,389,129
135,296,419,124
135,287,413,130
140,297,413,127
147,288,387,139
141,290,396,135
137,285,404,142
140,287,392,140
143,288,399,146
145,289,407,142
147,287,403,146
155,286,395,144
159,285,375,150
159,287,390,144
158,290,395,141
156,287,379,147
165,285,370,143
158,288,377,141
164,281,379,139
162,282,350,149
167,284,355,148
173,283,343,153
171,291,345,142
174,289,351,142
172,294,340,142
176,294,351,142
175,295,338,146
174,298,336,146
171,299,350,142
170,303,341,141
165,305,338,141
162,305,374,138
151,299,399,143
147,297,397,150
148,300,398,151
140,306,399,143
142,301,410,135
135,302,400,140
130,308,399,133
161,301,379,134
126,298,405,136
120,294,409,144
115,296,416,144
124,295,402,141
116,297,434,134
127,294,417,138
134,300,413,134
141,304,423,130
145,297,416,128
142,305,408,132
155,298,384,129
145,308,388,132
152,297,391,128
145,300,401,137
148,303,406,134
149,305,394,131
151,306,401,129
152,301,401,128
149,306,397,136
149,304,409,141
150,302,405,142
150,306,402,131
151,305,398,136
144,301,405,151
141,297,412,140
139,300,405,144
135,301,396,148
140,297,405,144
132,297,408,152
140,299,404,155
137,301,412,152
131,297,416,150
135,300,407,149
136,301,405,150
186,315,352,138
187,313,346,136
175,312,361,140
170,309,371,136
160,318,371,135
164,306,366,143
165,309,347,143
167,304,347,145
177,301,337,145
172,300,334,148
159,295,341,166
173,274,313,177
182,286,302,159
197,276,284,170
197,286,283,162
202,284,273,166
204,276,274,175
185,275,288,177
194,268,275,187
195,277,281,179
198,268,278,186
199,263,275,198
198,271,265,184
201,272,268,185
216,260,254,192
223,260,247,198
223,257,235,203
221,259,244,201
227,259,234,203
221,253,240,210
233,258,231,209
221,263,239,205
230,261,227,208
225,259,227,205
227,265,222,204
220,261,232,211
215,264,234,211
220,263,227,208
217,260,223,208
220,257,220,208
227,264,216,207
221,259,218,210
218,261,214,204
224,266,213,212
220,264,211,206
218,268,213,210
218,269,213,205
215,264,211,212
215,264,209,216
215,261,209,219
210,261,216,218
203,269,222,207
215,260,203,218
212,257,199,216
215,258,194,222
210,263,201,217
210,267,199,215
208,271,196,208
209,267,194,215
205,265,200,223
204,270,196,211
200,276,199,210
196,274,205,211
198,271,198,211
203,275,192,215
212,277,185,219
200,286,196,205
206,282,191,208
204,288,199,204
205,286,194,207
210,292,194,202
213,291,187,195
208,297,198,196
215,300,191,196
217,309,195,185
217,302,196,193
211,303,202,186
205,305,214,180
200,311,228,172
210,310,216,170
217,317,212,171
219,318,206,169
212,324,224,166
216,321,221,166
216,319,213,168
205,316,229,168
217,327,221,169
210,318,224,163
210,325,226,168
206,315,233,173
211,321,224,170
203,319,235,162
204,315,231,161
213,316,223,155
209,314,227,166
205,316,234,159
213,321,223,150
210,314,224,155
203,318,233,157
206,311,231,158
205,314,234,154
203,313,234,157
211,315,229,158
205,312,238,161
208,320,227,141
208,320,229,152
198,317,244,154
214,319,227,154
219,323,221,149
211,320,230,159
208,322,235,145
207,322,234,151
208,320,231,147
209,322,230,147
206,325,236,144
208,324,238,152
207,326,239,146
201,325,245,150
206,329,240,144
209,333,242,148
215,336,235,150
208,332,243,152
215,336,237,148
209,339,245,146
216,340,240,147
201,341,255,145
210,334,250,150
212,340,244,151
203,343,259,143
212,346,248,151
202,344,254,147
208,335,243,147
213,327,237,158
220,334,236,159
207,321,247,171
207,317,247,167
213,316,239,172
208,314,244,166
208,318,241,165
216,312,233,170
216,299,229,181
219,299,229,187
210,302,235,185
210,299,236,192
215,296,229,191
212,297,231,192
212,297,226,192
206,294,228,193
211,300,232,193
205,298,232,189
213,300,219,187
208,302,228,184
216,300,219,190
210,303,226,188
203,299,231,189
211,301,226,188
207,302,231,190
200,299,234,187
198,301,240,186
209,296,224,189
206,298,224,187
199,295,233,190
199,291,235,200
205,295,228,195
217,300,216,191
218,302,217,188
211,300,220,185
212,296,220,192
208,300,229,186
209,297,227,192
216,299,217,193
214,298,214,195
208,296,224,199
197,292,231,196
205,295,222,195
211,299,212,185
196,296,225,184
210,295,210,191
203,299,210,188
198,298,215,188
197,294,214,198
196,298,212,190
192,296,212,188
195,296,207,193
193,301,205,185
183,298,214,190
173,297,224,194
176,292,215,202
177,300,215,186
165,302,225,181
173,300,216,185
167,296,211,185
177,304,204,187
165,300,213,190
174,300,205,191
172,296,199,188
176,297,199,192
165,298,208,191
168,301,205,187
164,295,201,186
165,295,199,189
172,294,191,191
172,300,196,191
164,294,201,186
165,298,201,199
163,295,199,195
165,298,200,191
163,297,202,190
156,297,212,193
160,295,209,198
165,292,198,195
153,290,211,189
171,299,197,189
162,287,199,197
167,287,190,202
167,289,193,198
163,290,199,189
161,287,200,193
159,289,206,193
159,290,202,186
156,284,203,189
160,288,202,192
164,287,194,193
167,287,187,190
164,292,195,186
158,286,196,187
160,293,201,185
159,289,201,183
158,288,200,188
152,286,209,186
162,287,202,193
152,283,209,197
153,286,210,187
162,283,200,189
158,284,205,184
155,283,208,180
162,284,203,183
154,283,210,183
158,283,212,186
159,284,206,188
161,291,214,183
154,283,209,188
168,287,204,194
158,285,207,190
166,296,206,186
169,292,202,192
163,294,209,187
162,290,205,183
168,294,210,191
161,292,214,189
165,293,212,192
174,291,199,195
170,293,203,189
167,285,204,191
169,287,204,188
177,293,199,188
168,293,210,183
171,290,208,188
175,292,206,189
173,301,209,184
175,293,203,189
185,299,198,188
182,293,195,190
183,297,199,188
179,299,203,181
179,299,205,190
170,293,207,186
183,301,201,182
178,300,208,186
172,295,210,187
179,300,210,181
174,292,203,182
179,298,206,184
172,291,206,191
170,292,209,188
171,289,202,183
175,290,200,189
167,293,209,181
167,289,208,192
165,285,206,194
162,292,211,186
161,291,202,183
162,297,207,182
153,291,208,182
160,289,203,188
159,294,203,190
149,293,211,184
158,297,207,180
160,284,196,200
158,288,201,184
156,283,200,188
157,287,202,189
151,283,203,181
153,287,206,178
149,283,210,186
148,283,214,188
151,283,210,188
148,279,208,193
156,284,201,191
153,276,198,194
154,284,205,182
154,285,200,187
143,286,216,190
146,282,208,188
157,280,196,197
153,286,202,190
157,289,192,185
153,289,195,182
154,292,192,186
153,288,190,185
157,296,193,184
152,290,193,180
160,284,180,188
166,286,174,191
158,285,183,194
165,288,178,195
160,289,182,190
165,289,175,189
166,288,173,195
170,292,172,194
165,290,175,198
162,289,178,196
159,290,178,198
169,290,169,194
173,288,160,203
172,290,163,201
175,289,155,201
176,288,157,206
164,291,168,202
165,290,164,200
167,287,161,210
159,289,164,211
155,289,164,207
153,289,165,209
150,293,171,206
135,296,181,203
138,294,181,205
132,292,186,212
117,289,200,214
103,294,212,204
94,294,223,202
91,295,226,208
89,293,222,210
86,292,229,204
87,290,220,203
86,292,224,207
75,288,235,214
75,287,231,219
78,287,227,211
72,281,232,218
66,283,237,218
67,285,239,217
75,283,235,216
77,287,248,218
89,286,244,213
88,289,254,209
100,289,249,212
96,286,260,218
97,285,267,226
93,288,276,207
96,291,280,207
87,290,293,202
95,293,286,195
102,289,287,209
120,294,265,198
122,297,268,191
118,290,279,194
127,297,275,200
136,298,272,196
129,295,279,189
140,292,273,199
127,289,286,189
136,290,270,196
121,287,294,196
132,282,277,205
131,284,285,218
123,283,291,217
134,286,277,219
137,293,285,199
125,291,295,207
125,294,295,209
119,290,304,215
114,289,304,215
120,285,294,216
114,290,302,204
127,293,284,211
120,287,290,208
116,292,300,203
116,302,287,183
115,294,297,200
121,300,299,189
123,301,295,190
130,306,299,192
115,301,310,198
120,304,314,175
131,302,291,196
125,308,307,195
128,306,304,210
124,314,319,198
138,314,297,211
140,308,297,209
137,315,296,214
135,311,303,215
129,320,315,208
130,318,309,195
130,318,308,199
128,323,314,204
131,313,311,216
127,307,318,217
117,305,330,217
128,304,311,215
134,304,312,214
134,306,311,218
130,306,315,214
121,306,324,213
121,312,329,214
135,293,303,237
128,297,318,226
128,305,320,222
126,302,316,224
139,309,297,213
129,295,312,230
119,304,315,218
110,291,326,233
111,293,323,229
139,300,299,224
141,301,294,219
137,303,294,214
139,310,292,203
129,313,302,206
128,303,302,215
119,307,319,214
128,307,312,223
124,306,307,212
124,312,316,210
111,308,326,209
113,316,325,199
122,309,303,207
122,313,299,193
122,310,305,203
116,308,312,202
112,306,310,199
107,302,320,206
108,304,315,197
118,289,301,219
102,291,316,208
98,301,321,198
103,295,310,208
95,285,321,212
99,294,318,200
93,282,323,212
106,297,308,202
89,293,330,210
90,292,325,211
80,292,335,211
101,303,316,199
94,293,317,208
102,288,306,203
94,296,321,204
98,293,316,207
103,293,312,209
114,299,304,199
101,301,314,205
113,302,307,210
115,297,301,206
113,294,310,215
118,301,302,214
113,300,312,209
123,293,303,213
109,306,318,201
119,299,312,214
115,303,312,206
106,298,324,210
114,291,315,224
114,296,320,224
112,292,329,224
113,298,310,216
112,301,321,220
123,302,312,219
128,300,303,217
120,296,312,217
112,289,312,223
111,293,313,227
115,291,309,229
110,286,315,233
108,298,318,210
119,283,306,234
117,298,311,218
124,294,313,216
118,293,318,222
125,289,320,235
129,294,314,226
125,293,322,227
127,297,320,224
124,296,317,218
131,295,312,223
124,285,323,233
134,295,315,216
142,293,307,221
130,291,324,215
135,291,317,217
157,295,294,218
159,292,291,220
149,295,303,214
155,294,294,216
155,296,292,218
146,292,306,218
145,294,299,214
143,300,305,209
137,300,314,210
149,292,294,223
147,293,301,226
147,297,301,228
144,305,299,216
151,292,293,225
158,303,294,226
148,299,308,222
164,292,281,220
165,294,287,225
157,291,304,222
164,295,302,212
158,293,315,212
160,287,311,225
167,297,308,218
163,290,317,223
162,288,323,227
164,284,314,223
158,278,327,232
162,283,323,226
146,276,337,232
151,283,334,231
131,281,359,233
118,278,381,235
110,274,393,242
119,280,377,236
128,274,366,233
114,282,388,227
135,280,381,228
124,275,416,235
120,284,414,228
118,270,433,240
111,282,444,238
118,281,422,246
126,280,402,229
131,276,392,237
125,274,407,246
134,274,385,246
133,276,385,243
133,280,404,237
125,286,417,238
120,291,421,227
128,296,399,225
131,293,426,227
135,289,396,239
136,298,392,219
140,295,410,214
132,300,421,209
128,305,431,200
127,313,428,203
129,305,447,202
129,317,453,192
142,320,428,202
145,306,412,201
145,305,426,207
144,304,429,208
136,310,443,192
150,312,400,194
144,298,432,207
148,300,431,207
135,302,434,199
134,290,434,211
139,295,431,201
137,298,430,195
152,297,404,200
132,302,428,192
133,302,428,189
139,306,419,185
166,305,385,192
170,305,365,194
216,306,332,197
221,290,315,213
223,296,318,199
224,297,320,198
220,297,325,197
215,292,328,202
217,286,321,204
207,287,342,205
221,287,311,206
219,285,323,209
212,286,328,209
215,295,320,194
215,288,323,200
202,294,340,206
211,298,332,199
206,287,338,213
214,293,318,201
219,290,321,207
208,293,328,203
211,292,332,204
215,289,319,202
214,293,324,197
218,297,320,190
220,294,314,193
213,288,324,199
215,292,323,194
219,297,315,187
213,293,327,191
225,285,317,205
224,294,320,192
231,284,307,204
223,280,318,206
221,277,320,210
228,284,310,218
226,290,318,206
218,285,320,209
208,286,333,203
216,286,320,204
219,297,327,194
222,289,314,202
228,289,309,203
225,286,314,200
219,297,327,194
226,286,317,211
215,298,328,194
225,287,315,206
223,294,317,197
221,289,318,203
226,287,319,203
212,298,335,200
227,291,322,201
217,292,329,199
224,289,320,199
226,291,325,200
215,286,333,209
229,286,316,197
228,280,320,205
232,290,316,204
231,273,305,208
226,292,320,196
233,281,313,199
233,279,318,208
230,285,318,202
230,285,321,198
231,286,313,191
234,278,313,210
233,281,311,200
218,278,327,210
225,278,317,207
223,280,317,201
208,285,327,194
201,286,333,193
213,277,319,209
223,281,307,196
204,278,328,197
187,275,342,194
192,274,341,200
170,281,364,198
151,282,378,191
138,279,403,197
140,283,388,191
144,285,394,186
130,289,412,188
115,290,415,188
110,286,417,194
111,288,423,194
108,291,425,189
107,299,426,181
113,285,405,196
117,284,403,197
105,288,422,192
101,282,423,197
96,295,427,188
92,290,425,192
81,288,441,190
73,281,444,194
79,288,438,190
83,283,432,196
75,281,443,194
87,285,422,193
111,286,401,190
94,276,422,196
119,276,396,193
180,283,337,183
193,276,312,197
196,268,316,200
193,265,320,212
194,274,309,198
194,270,311,196
200,271,309,199
200,265,310,205
192,263,316,201
193,263,316,207
198,269,320,201
199,265,307,201
191,270,320,196
198,268,312,198
195,264,317,195
205,277,305,191
200,268,315,198
194,259,329,214
183,266,342,204
187,280,335,186
204,257,311,219
187,268,324,207
187,257,328,203
202,252,314,216
195,260,318,206
200,258,317,211
203,236,307,226
196,225,320,245
192,229,320,236
184,227,331,239
182,221,332,246
182,220,321,248
187,218,322,251
190,218,314,247
189,217,321,250
180,217,333,248
185,238,303,223
182,228,319,238
187,225,315,243
181,226,317,242
173,232,338,235
164,241,339,222
182,237,311,234
185,230,303,238
182,229,304,245
173,240,312,229
182,236,310,229
178,243,318,230
179,246,310,218
178,246,314,224
182,241,306,228
180,261,314,207
184,253,312,211
187,252,312,219
185,252,322,212
186,251,314,224
195,249,299,212
193,246,312,221
186,251,312,226
194,251,310,227
196,246,306,224
169,256,333,216
131,266,374,202
120,271,401,202
131,261,394,209
163,253,339,218
147,256,363,211
149,250,358,215
139,258,370,206
153,267,344,199
144,257,373,205
150,256,358,211
150,251,354,210
170,252,338,215
174,249,318,219
172,245,336,231
171,248,333,222
167,240,335,229
193,245,308,238
188,249,312,222
188,249,314,229
199,242,303,227
194,249,310,229
201,244,304,245
197,243,304,241
207,251,293,239
207,253,298,233
208,250,284,233
209,250,284,240
213,253,267,238
204,262,286,229
208,257,283,231
202,257,287,234
199,265,297,224
195,262,296,216
195,257,297,226
187,262,312,216
182,264,320,221
175,261,317,224
170,259,321,224
165,264,320,216
142,253,345,228
140,261,359,221
138,253,354,225
157,271,334,216
140,261,345,215
108,271,382,207
120,269,358,210
120,265,373,220
127,261,359,225
108,252,372,229
132,261,351,225
112,268,369,207
114,259,358,223
143,260,333,227
128,254,348,227
106,261,374,221
120,255,355,237
123,269,354,215
124,260,338,217
124,270,353,204
121,265,347,217
123,264,346,213
119,262,346,218
119,265,345,204
129,257,329,221
130,255,333,219
116,256,353,212
124,254,341,211
127,256,339,207
118,257,349,209
132,251,331,219
146,248,324,225
122,253,346,208
128,253,336,200
145,254,327,210
162,250,312,223
168,244,305,232
176,248,295,232
179,251,298,219
190,247,280,231
188,260,300,207
187,260,296,213
192,251,285,220
189,264,296,205
193,267,294,203
199,255,286,220
198,268,296,208
196,264,295,204
194,263,293,212
197,266,281,203
196,265,281,210
194,265,291,217
189,265,306,204
183,268,298,207
186,263,308,224
180,264,318,213
177,267,305,215
177,266,311,211
167,276,323,199
169,266,307,209
163,276,323,198
166,271,320,202
158,275,327,200
160,280,326,196
161,280,308,204
153,283,332,193
156,279,353,199
140,268,361,204
142,274,339,207
136,264,366,210
147,269,346,200
139,270,366,197
136,268,331,207
137,272,310,211
132,267,340,211
121,266,360,207
126,269,369,223
122,273,351,215
120,274,351,204
113,271,358,207
114,271,379,212
98,273,396,199
96,274,398,202
96,270,402,205
85,272,416,208
85,275,416,202
87,273,395,207
68,269,435,203
69,272,442,203
68,261,424,220
53,268,445,202
44,271,465,200
41,274,470,201
41,268,442,211
38,265,447,210
21,262,442,213
14,263,410,218
1,256,422,207
35,253,404,212
-9,261,411,202
-7,260,384,207
7,265,363,205
12,272,352,207
20,261,338,217
27,270,328,211
29,274,316,209
25,277,313,203
13,273,320,193
10,271,314,196
14,276,305,190
13,275,302,198
12,275,300,199
44,276,263,209
46,279,253,209
33,273,260,208
62,272,224,212
66,270,218,223
71,272,208,217
67,276,214,206
70,278,206,204
72,278,201,205
72,275,202,209
74,278,203,211
74,276,204,218
77,286,202,203
73,277,196,210
78,278,198,214
72,282,207,203
78,278,199,206
83,282,199,207
84,282,198,211
88,285,199,203
90,286,194,196
90,285,205,197
91,282,200,205
94,280,201,205
96,281,199,200
94,279,200,201
96,274,200,205
101,275,203,210
100,272,208,210
87,272,225,218
101,274,201,208
107,267,198,225
104,268,202,218
109,259,192,222
105,259,199,223
107,261,199,220
108,260,196,216
109,255,195,230
103,262,207,213
117,263,197,232
114,260,201,232
114,267,202,224
112,263,203,230
116,270,203,229
118,267,201,234
117,268,208,234
113,273,213,222
118,279,211,217
127,272,198,227
112,270,216,226
115,272,211,223
114,276,217,219
121,273,205,228
117,276,212,219
114,273,220,227
117,279,217,221
116,273,222,231
117,280,221,221
118,277,226,224
113,280,235,224
116,276,240,227
118,271,235,232
127,272,237,239
117,273,250,229
127,273,244,227
126,276,244,227
132,275,238,226
132,277,239,223
110,275,259,224
115,273,252,230
113,278,252,221
114,281,249,221
106,276,249,235
92,279,265,228
102,270,246,241
99,266,247,245
99,266,243,248
113,269,223,237
118,262,208,240
120,261,206,250
119,259,201,249
122,264,199,238
111,257,205,249
121,256,190,255
117,262,198,241
121,265,198,239
117,266,205,231
114,268,210,226
121,272,204,225
118,271,210,223
120,273,207,217
120,274,212,218
116,274,219,223
121,273,212,226
124,280,212,204
118,279,222,208
124,285,218,205
123,280,219,208
131,285,215,204
126,286,227,203
126,290,238,200
125,290,236,194
134,291,222,192
137,290,226,199
139,296,223,191
141,296,227,192
139,300,233,187
143,307,231,178
139,298,239,184
135,304,252,182
133,303,248,179
134,304,252,184
132,303,252,184
135,301,232,180
132,300,238,189
132,304,238,183
130,309,241,179
125,302,253,184
131,302,239,187
131,303,235,188
124,305,246,183
131,304,235,179
122,308,252,177
125,308,252,177
127,308,250,175
131,311,253,173
126,314,261,168
134,315,255,167
136,319,254,160
139,319,248,161
135,319,256,162
133,319,258,162
135,328,258,155
134,329,259,154
132,330,260,149
138,337,265,142
131,331,264,148
133,332,264,141
140,338,256,141
127,336,278,145
120,337,284,147
130,339,271,143
134,340,267,143
128,342,266,142
136,345,266,141
132,347,264,149
130,351,265,145
128,351,270,145
131,354,263,141
122,351,284,139
124,349,274,142
133,348,273,136
128,343,281,142
141,346,273,139
130,341,292,143
130,341,293,142
129,340,296,145
120,345,305,148
129,341,299,153
132,345,301,144
142,349,294,134
139,350,299,135
127,355,314,137
131,353,313,141
135,358,315,136
129,362,329,133
135,363,320,136
135,364,322,134
133,362,319,139
132,364,329,131
134,362,322,137
140,361,317,130
138,363,307,132
121,361,329,134
128,363,323,139
147,361,302,132
133,364,319,127
147,363,313,125
139,362,325,124
135,362,329,127
137,361,323,134
129,359,343,132
126,360,347,130
118,360,355,136
124,361,357,138
110,359,354,135
110,361,366,135
115,362,355,139
136,361,329,144
129,361,333,141
141,358,323,135
138,364,317,129
125,362,339,123
130,359,335,131
131,357,331,140
106,358,354,140
133,357,327,135
148,360,311,138
141,363,314,134
140,362,326,133
115,359,347,135
124,362,355,133
111,362,355,141
101,357,363,131
115,361,348,132
137,363,328,134
111,364,357,138
101,361,357,137
122,364,340,135
130,365,323,133
125,368,330,131
125,365,326,131
131,366,320,134
123,365,328,130
127,364,322,131
134,362,317,130
134,362,316,130
131,362,323,138
141,363,309,135
124,362,333,136
126,364,325,134
133,362,317,136
120,364,332,133
131,360,314,142
148,361,297,136
141,359,304,128
150,360,286,131
140,359,307,137
153,359,294,135
151,359,281,142
142,353,290,140
137,358,301,138
141,357,288,142
139,349,294,149
131,350,297,152
136,352,289,152
135,346,294,152
120,353,308,151
134,349,285,150
141,350,285,151
134,348,287,155
147,350,268,146
140,346,282,149
135,347,292,147
134,348,285,154
129,345,294,148
130,346,291,153
137,350,279,151
141,343,277,153
148,343,258,151
149,339,258,154
140,351,269,141
134,343,276,152
134,352,273,142
146,344,265,154
125,340,289,161
129,346,284,144
133,346,277,148
135,348,271,146
124,349,279,146
133,348,269,150
123,353,269,146
131,345,262,152
137,354,247,141
131,351,256,146
129,348,259,152
128,352,257,147
132,356,250,143
118,354,263,149
114,349,269,150
124,353,251,149
124,350,253,154
119,350,260,152
100,351,281,148
114,354,265,152
112,352,268,145
116,348,264,152
116,346,265,151
116,344,266,152
119,349,264,146
115,343,263,151
116,339,265,155
105,335,275,158
108,337,272,157
114,340,255,153
108,331,268,160
108,336,267,150
110,334,262,152
112,336,262,149
109,337,259,147
109,331,259,155
104,337,267,147
102,333,268,152
103,328,270,161
100,338,275,149
90,332,280,150
98,330,267,153
107,331,262,152
109,334,253,149
101,332,266,149
104,336,265,148
93,335,278,151
98,338,272,151
84,330,283,158
91,328,276,168
99,335,271,151
93,331,279,152
94,332,278,158
99,335,278,156
108,333,266,159
112,338,262,153
114,341,261,151
110,338,263,158
109,340,265,156
103,342,268,153
110,346,262,151
104,346,269,153
105,341,270,159
111,336,261,166
106,329,264,172
113,329,255,170
110,323,252,178
104,317,256,188
120,316,232,185
110,313,238,179
115,306,227,192
104,303,232,196
103,295,226,210
94,292,232,216
94,294,226,219
87,294,223,219
98,303,213,211
95,297,211,219
98,306,208,219
88,307,214,221
88,312,216,224
90,314,216,227
91,319,219,210
88,320,221,209
94,320,221,207
91,324,228,198
97,320,227,208
106,325,224,194
106,322,229,199
108,319,231,195
105,314,235,197
96,315,244,195
110,318,231,191
110,312,238,198
107,309,234,198
113,313,233,191
118,306,232,197
114,311,244,190
111,305,249,197
116,300,244,203
113,305,260,200
108,305,268,198
112,305,265,200
106,304,269,198
117,310,266,192
112,308,273,190
124,304,261,198
114,307,281,197
112,305,287,199
117,301,281,205
120,307,282,196
125,305,286,205
143,303,273,210
134,302,292,209
135,299,299,221
140,289,293,216
148,300,292,222
157,295,285,217
150,295,304,231
162,294,283,235
169,287,277,231
173,283,280,217
171,286,279,219
175,296,284,223
172,283,291,222
172,288,301,231
178,285,293,236
184,293,287,228
192,288,283,238
185,294,297,237
178,299,309,221
178,293,314,232
200,289,293,251
191,293,302,231
213,298,277,241
216,296,278,237
214,300,295,230
208,304,314,220
217,304,314,221
212,307,332,227
222,311,321,220
216,307,336,220
219,298,330,235
209,299,345,233
229,301,318,230
238,302,312,219
234,300,309,225
224,297,319,220
241,297,305,236
236,295,313,232
239,287,312,231
226,289,328,232
227,297,321,227
239,290,310,230
236,288,308,240
234,292,313,240
228,296,328,240
232,293,319,247
227,298,320,235
226,307,324,213
239,305,309,229
235,312,306,215
232,304,314,230
227,313,315,225
229,307,312,223
229,297,304,229
237,308,295,232
226,302,305,227
227,277,314,258
226,292,309,245
226,304,293,227
232,305,305,234
223,311,309,219
233,314,300,211
233,305,314,228
230,294,322,236
244,301,289,237
242,299,307,229
243,293,293,229
243,284,300,237
241,292,314,237
244,293,305,238
248,290,302,240
259,287,296,246
262,288,308,242
267,305,275,226
275,282,279,242
275,293,282,228
273,294,274,231
291,301,260,229
280,296,267,236
282,309,259,224
283,325,245,212
288,304,273,225
270,291,272,239
278,299,273,225
284,294,291,242
267,304,282,226
270,313,269,224
284,312,253,220
279,303,253,228
279,297,264,229
287,280,301,251
276,276,349,256
190,296,362,238
227,285,329,242
223,287,336,245
195,300,355,226
207,274,393,254
204,294,368,235
200,289,365,237
214,310,328,220
257,305,288,223
264,316,269,215
290,289,252,246
274,293,268,238
264,293,282,238
276,303,264,227
268,313,259,219
279,293,269,233
277,276,293,249
212,312,313,211
257,307,275,214
260,309,282,215
273,318,263,217
275,318,255,213
270,301,281,226
265,270,321,259
242,311,289,216
249,302,307,225
268,285,293,238
281,280,269,241
274,283,267,240
272,275,292,248
235,300,321,227
256,263,334,257
201,296,328,229
229,280,361,242
218,289,348,237
250,281,291,242
249,265,331,260
217,291,308,227
254,291,287,230
256,267,323,252
256,287,277,242
268,275,283,246
260,268,312,248
257,287,303,235
258,278,300,245
248,263,358,260
216,283,347,230
215,270,394,252
198,294,338,228
233,292,298,229
243,283,341,245
219,291,312,225
250,278,337,247
194,307,354,218
202,295,352,232
166,314,355,208
214,300,328,221
231,285,340,247
171,291,382,247
143,310,377,217
160,292,378,242
178,308,344,227
138,312,365,214
186,285,399,236
127,300,426,235
150,303,382,237
162,296,373,236
133,300,389,238
161,298,350,238
160,297,329,241
166,308,310,224
155,309,316,221
168,303,310,227
182,296,324,234
185,282,344,245
122,308,339,212
155,289,380,238
132,286,409,241
113,298,378,228
93,305,359,223
131,292,331,247
160,291,334,239
155,285,310,242
196,299,273,233
191,296,272,232
198,300,262,228
192,296,267,227
193,297,263,218
189,302,266,213
203,304,265,224
222,301,238,222
223,303,237,212
226,299,245,228
235,291,237,235
231,289,247,231
240,289,243,234
252,296,238,226
254,277,238,243
251,289,252,231
270,267,227,257
268,275,238,248
271,269,230,245
286,263,223,255
293,274,214,244
306,262,211,243
302,254,212,253
304,258,219,249
306,253,213,253
321,250,201,256
315,252,213,259
319,253,207,256
316,250,211,252
287,248,240,260
262,242,270,271
255,262,277,252
248,260,285,250
243,262,285,251
252,265,269,249
250,265,269,248
259,259,260,263
252,259,274,252
250,276,273,242
260,271,263,251
255,266,267,251
258,269,260,246
266,267,248,248
264,267,260,253
263,263,264,262
254,258,273,254
263,266,258,242
267,263,261,250
257,268,273,242
267,259,260,260
272,256,256,266
275,261,258,264
281,268,252,254
270,257,271,268
272,246,274,281
260,265,276,266
272,273,266,246
265,265,275,248
265,258,277,258
258,258,286,265
263,270,279,254
267,261,276,264
259,268,288,252
263,270,281,249
265,260,280,268
252,276,296,252
253,275,321,246
243,266,363,251
240,260,384,246
242,269,348,253
241,261,365,259
234,272,362,238
238,255,408,267
237,275,421,231
228,260,433,250
224,273,430,235
225,275,402,240
223,269,320,253
225,278,312,246
254,251,317,269
242,249,356,274
218,255,319,272
232,268,301,255
246,249,287,277
262,261,276,261
275,243,268,269
230,283,296,221
270,248,261,257
284,254,253,250
296,246,242,268
285,235,242,280
280,249,257,259
293,251,245,262
283,245,252,270
282,274,243,238
300,246,234,269
286,237,244,276
296,267,243,244
286,249,249,259
291,247,240,269
285,254,247,255
305,252,235,263
297,254,241,254
287,245,242,264
284,248,257,257
287,256,245,251
299,246,233,260
314,248,211,269
314,250,216,271
315,253,220,257
290,244,250,271
275,270,244,243
297,251,236,265
269,254,264,261
303,261,234,263
287,256,251,252
304,259,231,253
280,258,257,248
277,254,255,252
291,262,241,251
304,261,226,261
309,258,210,266
298,261,226,262
272,261,260,252
282,254,249,262
288,259,234,258
285,264,241,243
302,263,227,248
311,259,204,258
299,258,222,251
302,249,217,266
307,249,214,268
303,254,211,255
294,259,223,250
299,258,220,255
301,251,214,273
294,246,221,274
294,253,221,255
305,252,219,266
307,254,210,261
304,252,219,261
285,248,231,265
286,248,236,272
259,254,259,255
251,253,267,260
236,266,287,243
236,255,287,264
243,269,279,251
254,273,268,246
253,265,268,248
258,273,266,250
252,271,271,249
243,268,283,245
250,270,271,238
259,272,263,246
262,260,262,255
258,274,269,251
251,269,276,250
259,261,269,265
259,264,270,253
252,262,280,266
251,266,278,253
260,268,266,255
256,279,274,239
249,289,282,232
247,261,281,256
248,270,279,255
243,265,283,252
255,259,273,271
251,261,280,271
245,260,282,265
237,261,285,263
236,261,284,260
236,257,281,262
217,261,303,256
241,266,277,247
227,270,290,251
216,269,299,251
202,266,313,249
200,266,314,245
207,271,307,246
224,265,290,254
199,286,314,228
195,274,322,241
193,272,322,249
213,269,304,253
222,282,285,236
224,272,297,249
197,286,313,247
206,269,321,246
196,270,311,245
185,270,331,250
203,267,349,249
205,262,313,255
200,267,311,247
208,266,303,254
211,264,311,252
200,270,315,245
210,266,306,248
210,261,306,250
208,263,317,252
212,257,299,267
215,265,296,254
222,264,289,249
235,258,280,264
205,279,310,238
227,258,289,261
212,279,302,235
213,270,312,243
198,270,317,244
197,266,317,254
220,265,331,256
208,267,312,259
234,274,275,252
240,265,274,257
219,260,296,266
197,266,308,257
215,262,296,257
232,273,282,249
220,266,292,250
233,265,282,257
215,266,299,264
211,258,300,268
192,272,321,250
214,274,333,252
195,270,324,265
203,275,306,253
216,276,327,249
211,279,300,255
233,271,274,257
210,268,295,265
218,276,290,253
210,289,301,241
227,281,281,251
215,268,294,262
205,286,302,239
216,277,294,256
209,277,304,253
221,283,287,245
221,284,292,236
223,267,295,264
227,276,289,258
234,279,284,250
247,283,270,248
252,283,264,244
270,280,250,254
268,268,251,276
265,270,247,262
264,275,257,257
259,273,258,259
257,282,260,251
251,281,264,247
262,282,251,247
259,271,262,258
251,279,263,256
246,293,267,237
244,299,272,232
238,311,279,215
244,310,276,211
246,300,264,225
242,298,276,226
242,299,275,235
242,301,275,227
242,297,280,238
236,304,291,214
237,296,296,233
233,291,297,238
233,291,291,240
235,295,293,225
232,287,302,237
226,301,301,218
223,289,309,237
211,301,321,215
230,284,305,243
211,297,317,237
220,295,309,227
204,310,329,204
217,306,310,215
216,304,318,228
200,309,339,229
208,302,402,212
193,283,448,239
196,300,407,229
197,313,397,214
191,323,382,199
181,324,387,203
188,322,407,197
182,320,424,218
180,319,418,218
177,320,417,218
190,314,423,233
188,308,436,241
188,310,427,242
211,297,421,247
187,319,429,223
202,298,422,245
181,313,429,228
201,324,397,224
215,310,398,231
228,298,412,255
189,302,433,242
181,310,432,223
180,318,421,224
177,307,436,233
178,305,450,234
189,304,427,237
186,291,432,248
184,293,426,246
184,293,434,238
175,298,446,230
172,299,442,240
162,304,431,225
162,292,455,242
161,302,439,226
164,303,424,229
171,290,438,245
159,299,441,238
175,299,419,239
182,312,382,220
235,285,376,248
181,293,419,235
186,282,429,253
184,297,421,229
215,296,377,234
170,301,416,226
161,298,445,232
158,297,431,229
153,306,403,220
173,287,428,243
184,295,437,237
172,303,453,224
184,301,434,230
188,296,431,231
183,294,421,238
199,295,403,239
180,303,417,228
178,301,430,237
177,301,406,233
188,300,389,236
177,296,403,231
185,304,391,223
193,291,408,248
206,283,410,252
196,296,399,242
201,290,422,242
200,304,394,227
186,310,395,218
191,311,386,222
215,298,388,227
207,303,393,226
211,314,381,213
208,324,355,205
213,318,352,213
210,313,374,215
205,321,358,204
212,314,355,207
198,320,367,197
209,316,357,214
193,321,355,206
197,317,373,209
189,317,352,212
186,311,381,211
175,323,374,210
165,319,394,205
160,306,402,217
161,308,351,224
164,314,359,210
161,310,360,225
162,304,363,230
156,301,348,244
158,311,353,225
160,310,351,231
157,300,361,239
148,296,352,248
155,301,343,250
160,310,341,235
154,313,361,225
156,306,362,231
166,321,337,219
158,315,346,223
155,311,356,224
159,329,358,204
146,332,367,204
161,331,355,211
162,329,349,225
175,323,342,219
167,331,347,215
155,336,368,206
166,331,364,221
160,343,356,205
155,335,364,213
157,333,363,211
155,338,362,195
163,333,363,207
149,352,376,194
158,355,364,190
150,351,383,187
151,347,387,188
150,344,379,194
164,348,368,195
156,340,365,201
153,343,378,190
162,341,369,200
145,346,391,191
150,343,381,195
153,340,375,194
143,347,383,190
172,343,359,209
147,346,369,206
140,344,386,203
139,345,393,196
143,340,379,208
137,335,388,211
137,327,385,234
132,329,382,235
135,328,372,230
129,323,380,231
125,325,387,232
130,324,378,234
141,325,349,238
141,329,369,226
152,322,351,238
147,327,351,231
151,318,347,242
144,322,353,236
139,329,364,225
151,325,350,231
157,324,350,237
162,323,345,233
150,328,356,227
160,323,338,225
155,323,345,235
168,326,330,231
172,310,327,257
169,320,335,244
157,331,354,225
159,337,339,205
177,318,321,238
175,326,325,227
168,329,331,217
186,339,310,197
182,334,308,213
178,345,329,205
189,313,323,234
200,330,303,221
168,332,334,221
157,342,344,198
159,340,352,209
145,349,364,200
150,338,363,208
159,336,343,205
164,336,340,210
165,325,348,222
152,334,354,218
142,331,364,214
148,327,356,212
136,339,366,209
127,331,380,215
150,326,357,222
121,332,386,219
144,319,365,238
123,332,382,216
159,329,358,231
154,328,352,227
196,332,295,222
226,345,271,211
215,325,285,231
219,334,274,229
219,325,275,239
208,334,293,232
208,329,289,225
218,336,272,227
214,330,286,233
205,339,291,225
201,338,306,219
197,335,312,223
199,341,311,222
202,348,312,223
198,345,309,216
203,346,299,223
212,348,293,223
209,345,293,220
211,344,286,218
213,344,293,221
209,355,299,195
209,347,298,210
212,350,297,202
214,352,290,215
206,350,299,219
211,357,293,202
215,357,296,211
206,354,297,211
213,362,297,190
206,351,301,216
207,362,306,202
202,365,309,200
203,363,311,206
204,361,303,208
213,351,280,214
210,357,290,206
208,358,289,208
201,357,302,210
206,360,298,214
201,351,296,203
206,359,300,202
210,357,292,210
205,360,293,202
204,356,298,207
203,352,299,213
200,352,296,207
198,354,305,207
195,351,310,213
190,350,316,205
194,353,312,212
198,355,301,207
200,353,301,207
190,349,309,214
198,349,297,206
196,345,300,215
198,344,280,207
197,343,289,213
196,334,285,231
196,348,286,216
194,336,286,220
193,340,288,221
192,325,296,239
187,326,287,237
185,327,292,244
177,332,299,237
168,326,315,248
167,322,298,247
167,329,295,238
170,329,282,243
168,330,290,243
173,329,282,249
163,333,310,232
168,329,306,240
159,335,321,242
168,339,308,232
162,339,329,225
175,347,304,211
171,342,322,218
169,339,301,224
171,344,320,218
169,332,304,229
171,340,308,219
174,337,316,231
156,338,335,220
149,345,326,211
169,348,311,216
173,340,314,225
169,347,314,223
164,342,324,221
187,351,303,209
178,348,327,219
191,352,315,218
182,350,321,213
204,359,306,212
189,350,310,215
194,361,318,214
184,358,329,222
193,355,331,236
193,354,326,258
194,347,330,267
154,353,385,243
109,324,420,280
131,330,391,274
119,325,414,275
123,324,411,275
118,315,424,281
124,316,420,287
125,319,416,291
135,322,406,296
145,325,411,289
176,333,400,293
161,328,411,275
190,322,402,287
193,339,393,275
170,327,412,279
211,339,383,275
245,359,365,249
264,366,337,235
267,367,348,235
278,371,338,243
308,368,299,250
304,374,325,236
308,381,348,234
303,369,359,240
306,365,345,246
317,366,353,240
323,354,363,261
321,352,381,249
300,350,411,255
276,344,442,273
268,344,445,261
295,342,434,264
288,349,437,252
306,343,426,253
287,342,450,267
308,339,429,254
334,359,427,250
364,363,408,247
414,354,359,246
421,361,349,240
424,381,337,227
427,371,366,227
418,379,378,227
430,377,374,212
418,376,397,213
435,370,392,224
435,370,395,225
440,377,385,219
469,379,366,225
489,378,344,226
503,382,347,223
512,379,333,224
520,362,339,231
513,378,369,223
525,376,375,222
515,377,406,214
513,371,416,226
508,368,424,234
521,380,421,216
528,367,414,233
544,368,405,217
551,374,425,212
552,372,406,215
610,362,359,231
583,372,395,223
576,363,400,224
639,376,368,217
644,375,362,207
654,376,381,210
644,371,396,221
629,375,413,217
599,374,468,213
590,380,473,213
606,378,468,217
605,380,449,213
607,375,456,219
628,380,439,217
656,374,408,223
656,375,417,217
627,379,456,223
677,367,399,220
713,367,362,216
718,371,357,213
742,373,333,217
748,371,334,222
755,366,330,227
763,361,329,226
784,358,315,225
777,362,317,231
758,358,334,231
785,354,303,229
797,351,295,232
793,352,294,231
788,354,305,226
804,354,292,227
815,352,276,230
835,349,253,232
855,347,229,227
845,343,241,232
848,337,229,233
849,339,230,232
850,324,226,244
847,326,226,236
854,321,212,241
837,313,225,247
845,306,211,255
837,303,214,255
839,307,201,250
823,304,217,254
817,302,227,258
815,309,222,244
799,312,236,243
800,308,242,251
807,312,230,244
813,313,222,242
830,318,211,233
833,306,200,243
833,314,201,231
841,309,192,234
852,315,188,230
842,310,197,233
847,312,195,230
852,305,188,237
864,305,182,242
867,302,171,249
868,304,185,249
867,306,178,245
883,303,172,244
895,305,155,244
897,305,156,239
906,304,147,232
903,308,160,229
909,306,150,240
911,304,146,251
915,304,149,238
907,302,158,239
907,303,163,236
906,308,161,235
912,305,155,231
915,301,154,230
908,303,163,236
919,303,153,214
919,302,155,223
920,297,152,229
924,296,152,226
922,289,156,233
922,294,158,223
923,292,160,227
929,287,153,232
928,283,155,226
925,279,158,224
929,276,154,238
926,271,157,242
921,277,167,226
917,269,174,240
922,270,167,229
922,269,168,236
920,264,167,250
921,266,168,231
922,264,165,256
921,261,166,251
915,267,177,239
909,265,186,249
915,266,180,241
912,274,179,227
914,283,174,213
913,278,179,220
911,274,181,232
911,276,185,224
903,279,194,218
906,285,193,211
907,285,187,219
909,288,193,217
906,280,197,226
912,295,186,221
896,278,207,233
917,295,193,209
902,284,212,229
910,292,216,225
897,295,236,214
906,309,231,203
917,298,225,212
908,302,240,212
912,303,232,214
917,304,229,203
890,303,256,199
886,297,258,202
896,295,254,203
908,300,253,195
898,296,264,203
897,301,271,208
905,298,260,214
903,299,261,216
881,295,292,209
878,290,293,219
861,297,308,204
871,296,298,206
872,290,305,215
887,281,293,227
874,277,309,234
888,282,285,227
872,276,303,220
867,278,308,222
867,282,301,219
868,282,305,214
842,284,325,206
851,291,315,198
835,289,335,193
798,282,370,209
791,272,369,216
777,258,387,227
768,242,380,253
762,245,389,249
751,244,398,259
753,241,405,266
748,243,425,274
752,236,404,273
749,235,410,279
748,240,412,260
736,233,413,266
746,229,400,275
745,235,364,251
745,235,362,245
743,240,371,244
735,234,387,243
730,242,398,232
735,246,401,225
741,241,367,238
738,242,377,226
735,246,386,223
736,250,380,214
732,245,391,226
738,238,375,233
745,236,356,241
736,249,360,217
743,241,366,231
737,233,380,233
738,238,387,233
737,229,366,237
729,245,372,209
730,240,375,221
740,234,367,225
720,238,397,218
732,235,365,221
731,236,360,221
731,236,367,222
721,246,370,207
714,248,371,205
722,243,366,217
727,246,349,220
734,239,336,222
729,246,335,205
736,244,324,211
738,241,314,212
732,245,332,206
728,245,331,205
733,236,331,225
724,239,336,216
731,237,321,220
733,244,327,212
731,256,330,195
722,260,335,185
715,259,342,186
723,259,332,190
714,256,344,199
719,253,333,201
717,259,341,194
719,259,333,193
704,256,348,195
718,257,328,191
706,259,337,190
704,260,338,190
702,256,347,192
692,257,351,189
705,244,340,208
705,237,337,217
713,241,328,213
707,241,332,215
700,236,333,217
707,241,335,221
699,245,343,207
697,248,339,201
694,244,343,201
686,240,356,204
704,236,333,205
709,238,325,208
701,233,332,205
711,240,325,204
725,237,313,206
706,248,331,195
694,243,345,195
689,246,356,195
700,242,335,203
695,252,341,195
684,241,360,200
685,241,352,199
688,246,353,200
678,249,357,194
690,243,339,199
685,245,343,203
697,239,321,204
691,248,333,196
702,237,307,204
711,246,302,199
703,238,308,204
718,235,289,209
701,247,310,191
710,248,296,201
729,238,284,212
737,238,279,208
725,237,279,198
719,238,282,197
724,242,287,204
721,241,296,203
690,244,337,206
708,249,314,201
702,255,316,181
691,247,341,189
683,254,345,193
694,257,358,196
709,247,330,201
706,254,332,200
697,258,343,190
699,256,326,178
689,257,338,189
698,260,354,193
696,252,342,200
695,252,345,194
693,249,345,197
696,246,345,199
689,240,353,208
692,252,353,190
676,251,372,199
694,248,348,202
689,249,351,198
674,243,362,200
657,250,400,194
679,241,371,209
656,243,387,198
675,242,373,205
662,233,366,202
652,239,395,197
648,230,381,206
658,225,366,198
646,229,367,190
644,231,380,196
625,227,384,189
620,232,394,191
621,230,375,190
627,232,376,195
620,219,374,210
620,222,366,208
611,226,368,200
617,226,358,201
609,224,369,205
606,220,369,207
606,226,361,195
620,228,335,198
604,229,360,202
620,227,346,197
602,230,360,203
599,230,362,201
612,228,341,204
592,223,359,209
597,228,356,200
590,231,364,199
592,237,364,198
588,237,373,201
608,236,349,192
608,240,345,191
593,242,359,188
622,245,337,185
618,243,336,192
617,238,343,193
606,230,370,192
582,233,396,205
573,226,407,213
573,223,417,204
574,217,416,213
550,227,458,208
561,231,427,207
551,233,417,198
545,231,403,193
567,237,383,196
557,218,411,214
589,211,430,209
558,210,452,220
553,209,472,221
546,219,491,216
553,214,480,212
549,216,489,209
542,216,490,209
510,215,527,212
506,215,524,217
532,215,488,208
528,209,491,218
543,206,466,216
517,208,493,215
527,205,468,224
526,205,462,220
550,182,429,243
517,210,458,211
540,188,424,235
514,221,433,198
518,229,429,197
510,214,443,213
496,214,455,205
529,216,424,206
520,215,431,213
531,223,420,193
536,226,408,197
528,235,416,187
514,232,440,190
533,231,414,189
546,233,401,193
533,228,414,189
546,238,397,186
525,235,419,179
529,234,419,177
537,222,419,196
532,225,420,195
548,229,406,186
536,224,415,201
536,224,415,196
519,230,434,191
541,230,405,188
536,233,411,184
517,231,422,185
525,226,411,192
512,229,430,193
510,233,429,183
525,227,412,190
515,239,417,182
516,236,415,189
508,231,425,194
476,231,453,196
483,233,441,196
499,232,427,192
493,228,430,201
503,224,416,207
496,228,422,199
497,223,424,196
477,231,459,193
454,228,474,196
452,233,479,190
473,232,460,201
461,232,473,201
450,231,484,200
448,228,484,209
438,230,490,199
483,234,454,203
494,235,444,200
468,246,470,189
476,239,478,195
478,240,468,199
490,241,452,199
493,243,449,202
481,245,459,199
494,246,442,204
501,252,440,199
476,248,459,202
506,249,429,203
503,254,434,202
499,256,440,199
510,256,434,203
482,256,469,196
489,258,453,194
505,259,438,192
506,255,441,188
464,254,477,196
500,256,436,194
501,257,438,191
500,256,445,200
508,254,431,204
500,250,439,203
512,260,427,196
506,250,444,206
504,255,442,209
500,248,446,220
493,245,456,229
493,252,455,224
489,253,460,213
452,261,503,211
511,270,442,213
503,267,444,213
511,265,446,221
510,264,437,221
529,272,427,211
504,276,454,209
494,268,471,218
497,275,458,210
497,281,465,210
505,283,451,210
501,291,460,204
485,284,479,205
505,284,460,209
495,285,465,207
470,288,500,212
442,278,522,206
472,269,492,225
507,283,463,223
483,267,489,223
467,277,503,218
507,274,465,223
487,275,493,220
493,280,475,220
516,283,457,217
489,268,482,224
499,279,466,224
473,270,494,227
495,280,473,220
474,271,496,212
467,279,508,221
434,266,528,246
431,267,544,236
429,264,544,233
430,266,541,231
424,267,545,220
437,266,535,218
438,266,522,225
457,266,493,234
436,270,521,220
433,271,528,218
421,266,536,217
468,269,493,219
445,271,511,225
424,271,536,217
452,262,501,227
450,266,510,225
447,270,507,223
424,269,539,222
461,262,490,229
419,274,534,212
430,269,514,216
464,264,490,227
499,279,454,216
474,272,477,224
496,274,464,225
434,266,509,201
420,271,525,205
419,267,542,208
411,265,538,209
418,267,526,193
404,269,541,212
392,270,562,219
408,265,552,225
398,267,563,225
400,273,553,204
415,273,542,214
403,272,547,213
436,275,529,215
447,277,515,214
494,289,459,237
455,282,506,215
441,287,523,209
473,294,491,205
472,295,492,214
491,300,466,219
486,290,475,198
468,302,496,199
507,306,460,185
439,286,531,207
402,280,561,215
406,279,552,206
424,277,540,218
407,279,560,212
402,275,560,214
423,272,536,229
413,279,556,216
417,277,554,214
423,280,546,213
431,279,526,212
421,274,541,224
428,280,535,215
463,285,491,212
493,292,478,213
499,291,477,204
470,286,509,202
504,312,472,186
484,296,491,190
452,284,513,208
446,290,512,214
489,297,489,202
434,293,539,200
459,293,512,212
484,298,487,197
461,292,498,206
491,308,473,208
473,294,481,205
485,299,478,207
461,296,501,200
428,284,536,219
386,287,574,203
405,282,555,206
405,279,564,210
407,285,553,206
396,279,552,211
441,280,518,223
466,287,495,221
475,287,494,213
458,286,514,220
448,282,520,232
434,273,523,232
435,279,533,217
425,282,541,213
440,283,530,219
467,284,495,222
485,288,487,222
450,283,528,222
438,280,536,229
441,284,529,225
416,277,550,220
427,274,543,220
462,276,507,228
489,278,488,233
438,279,522,227
441,277,530,222
462,274,507,230
485,277,492,240
480,274,486,235
509,277,457,239
484,271,492,234
437,274,529,216
429,274,544,217
456,265,512,222
461,272,508,236
452,267,526,237
449,271,535,221
491,275,480,230
499,276,461,229
488,278,481,214
465,270,506,213
493,279,471,230
465,263,513,226
431,269,539,231
450,270,514,234
435,267,527,234
450,266,511,239
430,271,536,230
426,268,543,237
431,268,534,228
441,267,517,232
438,271,516,227
447,273,514,226
447,276,521,220
463,279,491,233
459,282,504,234
441,277,502,225
441,274,503,219
456,280,495,217
463,279,486,226
443,277,487,219
441,278,498,219
437,285,498,209
435,276,500,211
439,279,489,204
437,278,466,203
454,275,448,218
467,274,424,217
462,278,411,213
422,283,444,202
450,280,419,215
469,285,415,225
476,276,396,232
490,277,385,231
501,288,388,229
482,279,396,225
494,295,409,212
481,289,422,220
463,287,438,209
499,289,411,217
507,299,402,222
483,295,426,210
482,280,428,242
509,297,397,225
514,299,397,217
511,292,398,220
505,300,424,200
487,287,447,214
488,292,438,234
482,290,449,227
432,284,507,222
445,282,487,219
426,291,497,212
453,291,476,219
470,287,464,213
510,296,415,213
531,298,382,218
533,281,376,229
521,280,401,241
520,285,413,236
527,291,389,232
532,287,388,242
532,282,391,242
514,281,414,242
525,284,401,241
522,294,395,227
533,285,370,233
529,286,385,235
528,297,392,218
523,283,408,232
531,309,394,198
522,289,411,221
515,295,405,212
525,298,402,210
520,284,397,224
540,305,378,213
529,302,387,215
527,290,395,229
544,308,385,216
538,309,374,198
550,328,394,181
532,309,385,208
546,311,370,207
545,316,361,203
548,316,357,203
550,319,354,200
537,323,383,185
552,325,345,182
555,319,352,186
543,319,374,179
536,316,380,178
541,314,367,187
538,316,367,180
538,315,374,185
537,314,369,184
531,314,394,183
527,308,384,194
537,305,363,202
535,312,369,189
534,314,371,188
533,312,362,191
537,312,365,196
534,313,376,195
535,310,372,202
532,313,363,193
540,314,365,197
542,311,349,197
538,307,360,197
527,310,376,190
531,310,379,188
535,310,367,192
536,317,369,181
536,312,369,192
532,309,383,196
531,309,385,192
531,311,377,192
531,319,383,184
538,321,372,182
535,320,370,187
537,321,372,179
526,324,392,179
530,319,376,183
532,320,369,185
526,321,391,185
527,321,378,186
532,320,361,192
543,323,363,184
534,321,369,183
533,329,361,174
533,323,363,182
527,327,377,177
531,323,370,184
531,322,370,181
526,321,376,193
528,326,372,188
530,325,369,185
528,321,365,191
527,323,374,188
529,321,364,191
534,323,365,187
535,327,357,184
533,324,350,192
534,323,356,193
521,321,385,190
529,318,367,197
529,322,357,191
522,318,374,195
521,319,380,195
524,320,359,189
515,318,379,190
530,319,364,197
529,320,360,191
530,313,361,193
526,316,365,192
524,314,355,190
528,311,356,192
522,314,365,194
539,316,355,193
530,314,351,206
521,312,373,198
513,305,379,212
518,296,373,222
518,301,382,215
508,298,377,230
523,312,358,210
507,299,366,225
514,307,374,215
496,312,386,204
485,298,400,216
510,304,381,223
508,312,379,212
503,308,381,208
502,305,391,218
498,300,391,221
506,306,377,225
510,302,377,224
493,299,407,215
496,299,391,224
501,294,392,242
494,295,397,238
501,291,387,238
505,288,381,239
503,301,402,227
488,286,406,234
506,296,398,225
510,292,385,235
507,301,385,233
492,295,387,230
496,303,396,231
496,303,399,215
484,297,409,223
502,309,391,220
500,306,377,221
482,293,405,219
483,313,392,217
489,301,393,242
490,298,395,235
484,293,396,233
489,300,399,229
460,310,432,212
477,303,425,218
454,305,450,214
473,296,429,226
489,308,397,217
484,302,405,220
498,316,392,215
478,305,422,219
474,314,416,219
443,303,460,221
417,309,474,226
426,313,462,222
421,309,473,216
425,309,467,217
427,312,462,213
428,308,466,205
409,304,488,215
431,317,457,217
408,310,496,216
423,315,473,222
415,312,483,221
416,310,493,233
425,309,475,227
424,314,483,217
419,312,478,210
409,319,496,210
416,313,481,228
412,313,484,224
407,314,492,225
406,311,503,231
411,313,495,234
395,312,521,237
393,318,525,229
386,317,532,227
395,315,515,228
395,312,512,232
401,313,501,231
407,319,498,226
400,318,494,215
399,316,491,231
447,313,454,242
389,313,502,223
405,318,485,235
400,315,499,219
387,315,519,215
414,315,476,226
407,315,483,215
406,317,500,228
395,315,499,218
393,316,513,233
388,314,528,225
394,312,518,236
387,312,518,226
388,313,518,237
393,317,511,227
408,322,499,227
421,317,481,225
403,323,498,213
413,314,478,228
410,320,493,237
399,312,503,244
386,317,537,224
388,320,524,230
386,314,520,232
380,312,538,258
412,311,502,269
398,316,522,259
402,321,519,241
397,320,514,225
372,322,538,230
417,311,491,249
402,318,507,231
415,326,498,235
396,317,523,235
391,321,526,238
423,323,495,250
419,323,493,236
412,323,504,223
398,321,503,224
395,322,514,210
388,324,521,221
386,321,512,220
397,321,505,215
422,328,473,213
379,322,510,206
384,330,509,216
414,328,480,217
366,319,523,225
361,314,526,220
