598,421,84,47
596,417,82,54
589,417,94,53
594,419,94,53
598,418,92,54
600,420,93,55
605,420,93,54
603,421,95,54
608,420,90,54
606,422,94,50
607,421,98,51
608,420,102,51
615,419,98,52
614,420,101,52
617,419,103,53
627,421,94,54
629,423,97,54
631,427,98,55
632,430,96,55
631,435,96,54
625,440,100,56
622,442,97,55
610,445,101,49
602,447,107,51
599,448,102,51
591,446,105,54
589,447,107,51
588,439,102,49
598,426,89,53
600,422,89,52
607,420,87,49
611,417,88,50
614,414,88,54
615,412,91,54
617,410,91,54
615,409,97,57
607,407,108,54
611,411,106,54
623,409,94,54
627,409,91,54
627,412,92,52
629,413,87,53
629,415,85,54
629,413,84,55
630,416,85,55
628,419,86,56
621,420,90,56
620,425,88,55
617,427,92,56
617,428,92,54
621,429,89,54
622,430,90,56
622,429,94,56
627,429,88,53
624,431,97,55
629,428,89,55
632,429,88,53
631,429,89,51
631,426,87,54
625,427,92,53
629,426,86,55
625,423,88,55
620,421,91,55
619,422,89,53
619,422,82,52
617,422,80,53
611,419,80,57
606,417,81,56
601,418,81,55
599,416,81,56
595,417,79,55
589,418,85,53
584,418,87,54
581,417,86,56
578,418,87,58
576,422,85,55
574,421,84,56
568,423,88,55
565,423,90,56
568,419,87,60
574,418,82,58
576,415,78,55
580,413,78,52
578,410,82,51
579,406,81,50
581,401,81,50
584,395,83,49
585,390,82,48
588,384,85,49
595,380,81,46
600,375,81,47
601,374,81,45
606,371,78,48
603,374,81,48
602,377,82,47
598,380,85,46
599,381,83,45
593,384,91,48
598,385,86,51
602,386,88,50
603,388,87,47
604,391,87,45
602,391,92,42
607,390,86,44
611,386,82,47
614,381,84,49
614,381,84,49
621,379,85,47
621,379,85,47
621,379,85,47
621,379,85,47
633,373,77,47
635,370,74,48
642,373,63,40
642,373,63,40
642,373,63,40
642,373,63,40
642,373,63,40
642,373,63,40
642,373,63,40
642,373,63,40
642,373,63,40
642,373,63,40
642,373,63,40
642,373,63,40
642,373,63,40
642,373,63,40
642,373,63,40
642,373,63,40
662,299,70,42
654,303,76,44
647,304,81,40
648,305,82,45
640,310,88,42
629,312,100,47
627,315,103,47
628,319,106,49
634,323,102,49
640,329,100,52
641,334,104,49
641,337,107,50
644,341,106,52
647,348,106,53
650,351,105,51
652,357,105,53
653,362,107,55
653,367,111,56
651,371,104,53
647,374,103,53
644,378,101,54
635,388,108,49
634,390,107,51
630,389,108,52
628,388,104,51
625,384,106,56
620,384,106,51
617,375,108,54
611,373,109,50
607,369,112,54
610,363,108,53
605,359,115,51
605,359,114,50
609,360,111,52
613,362,109,51
614,366,111,55
617,370,111,54
618,375,110,52
615,384,112,51
619,392,113,52
618,397,113,55
618,405,110,54
618,416,110,52
618,426,109,51
620,436,101,53
619,444,105,52
618,453,101,53
614,460,103,56
608,467,107,56
605,475,107,57
602,485,97,55
605,491,95,54
608,502,101,51
614,510,93,51
615,519,99,50
620,522,102,51
624,527,109,49
628,530,115,53
639,537,106,48
651,539,101,49
660,541,101,46
675,545,94,51
681,546,93,48
687,544,100,48
685,537,91,54
685,537,91,54
685,537,91,54
685,537,91,54
685,537,91,54
690,543,96,60
690,543,96,60
690,543,96,60
690,543,96,60
672,547,104,67
642,542,122,68
632,539,123,69
621,538,131,77
616,546,136,70
604,548,154,66
591,546,166,72
587,546,147,73
582,556,130,63
581,554,124,70
571,555,130,66
568,553,130,64
566,551,132,65
562,544,135,71
568,545,136,65
569,539,142,68
573,536,139,70
581,535,135,67
590,532,132,68
599,530,128,69
607,528,129,69
616,529,132,68
624,531,130,68
632,532,134,67
640,532,132,74
647,530,132,80
653,537,138,76
664,541,133,72
673,543,134,74
684,542,132,77
691,543,137,79
701,548,139,77
716,549,134,79
721,552,140,76
729,548,143,80
740,549,143,79
749,548,142,82
755,550,145,77
762,546,143,82
766,540,146,84
770,536,144,85
767,536,143,85
763,532,149,83
759,527,149,82
752,519,148,84
739,513,151,87
731,506,146,87
717,500,148,87
705,494,152,86
701,487,152,85
702,477,149,88
697,469,152,85
690,456,157,86
686,443,156,87
681,432,155,85
676,418,155,89
667,408,159,89
666,396,156,85
665,384,154,88
655,368,162,95
655,359,162,94
658,351,159,92
651,343,167,98
651,339,169,99
645,341,177,101
653,347,171,93
649,350,171,94
649,352,174,94
652,355,176,92
651,347,178,95
654,346,183,96
657,343,187,93
650,335,174,87
651,327,184,88
645,312,176,90
649,312,177,86
645,293,168,101
643,290,163,124
643,290,163,124
643,290,163,124
643,290,163,124
643,290,163,124
643,290,163,124
643,290,163,124
658,281,154,103
650,296,163,94
643,300,160,88
646,307,168,87
644,313,166,86
639,319,170,86
622,319,184,81
621,320,174,80
619,324,177,76
616,317,179,83
612,314,174,80
609,311,175,80
611,304,161,86
604,297,164,88
598,297,164,87
594,295,162,85
590,293,164,84
598,292,158,83
598,292,155,83
598,291,149,82
594,296,149,81
597,298,142,81
592,300,146,83
600,303,139,79
601,306,140,78
602,308,135,78
595,312,145,79
590,313,144,80
592,311,132,78
588,309,134,78
585,310,132,76
586,306,128,75
582,307,129,75
591,304,125,73
589,297,128,76
592,290,131,75
599,284,124,74
604,284,123,69
600,279,129,71
608,276,120,72
601,271,127,73
608,271,115,71
604,272,120,69
601,270,119,72
596,273,119,71
590,275,122,70
591,278,116,71
583,285,122,71
577,288,119,72
569,290,122,77
566,294,114,75
559,302,112,73
551,308,117,68
547,309,116,68
545,309,114,69
539,312,114,72
531,313,115,68
525,309,116,71
524,304,115,71
523,301,115,72
524,295,112,72
528,288,108,69
527,281,111,70
528,275,116,71
530,268,116,74
530,263,115,74
535,258,111,72
540,255,111,72
551,251,109,75
552,245,116,74
565,240,112,81
577,241,106,80
586,240,111,79
598,239,108,81
608,244,111,80
623,243,107,81
632,247,108,79
638,244,110,87
645,244,109,83
647,246,111,80
650,248,110,80
655,247,108,82
655,246,109,82
656,249,112,80
657,249,111,83
655,250,116,83
654,254,113,82
656,256,112,85
658,263,109,80
658,262,111,85
658,267,112,84
656,267,114,82
655,264,111,87
653,267,108,88
648,268,110,87
643,270,109,89
637,274,116,89
640,272,108,94
635,272,113,96
634,271,110,101
635,275,110,99
634,278,110,99
633,283,108,99
629,288,110,102
627,296,107,95
621,298,110,101
614,304,110,101
606,311,110,98
596,317,108,101
585,321,108,102
587,330,105,101
590,336,102,99
594,342,99,96
592,346,100,97
591,351,109,99
597,355,103,102
600,370,99,94
600,373,98,98
604,384,98,95
606,391,99,98
609,401,98,94
612,409,101,93
613,420,97,88
606,425,100,90
601,428,98,88
593,432,95,83
586,436,96,80
578,440,95,73
573,445,94,69
572,443,90,68
567,441,92,66
564,431,90,65
562,421,89,63
556,415,89,59
552,408,91,58
558,398,87,57
566,388,88,54
579,382,89,52
592,379,85,52
602,378,85,49
610,378,84,51
616,382,84,49
625,386,81,48
630,392,84,47
642,397,79,46
654,402,77,44
665,408,76,43
666,414,80,43
671,421,81,41
678,423,77,39
679,427,79,41
682,430,78,38
681,430,80,37
683,428,78,37
681,425,75,39
675,424,74,37
669,424,75,34
664,420,73,36
657,415,72,36
654,412,70,36
653,412,72,32
658,409,70,32
659,407,74,31
667,407,70,32
669,407,70,32
670,408,70,33
670,409,72,31
672,410,71,32
679,412,71,34
687,416,69,32
695,415,68,32
701,415,67,33
706,417,67,32
712,419,65,31
716,423,65,32
719,429,64,31
722,434,68,29
726,441,68,30
728,447,67,31
732,450,63,30
732,455,63,29
732,456,60,28
729,453,63,29
728,450,62,28
728,447,61,28
724,438,63,28
724,429,62,27
719,416,60,28
718,402,61,27
714,389,65,27
716,378,60,25
715,368,62,29
719,353,61,34
721,345,59,40
723,333,54,50
725,328,52,55
710,340,62,45
699,352,64,33
697,367,61,38
697,367,61,38
697,367,61,38
697,367,61,38
697,367,61,38
697,367,61,38
697,367,61,38
697,367,61,38
697,367,61,38
697,367,61,38
697,367,61,38
697,367,61,38
697,367,61,38
697,367,61,38
697,367,61,38
697,367,61,38
697,367,61,38
697,367,61,38
697,367,61,38
697,367,61,38
697,367,61,38
697,367,61,38
697,367,61,38
802,335,53,38
800,331,49,32
798,329,46,33
794,336,48,29
786,344,50,30
781,352,57,30
777,363,57,27
768,373,57,27
758,385,61,26
752,398,55,27
746,408,53,28
741,419,50,27
731,432,52,29
725,440,51,32
721,451,49,29
714,461,49,27
705,468,55,27
701,471,52,28
697,480,53,28
692,485,55,27
691,480,53,28
692,471,47,32
688,462,46,31
683,450,47,34
682,445,54,33
682,439,56,30
686,433,53,31
689,426,50,32
690,423,51,28
690,417,56,30
701,409,49,33
704,405,52,33
705,399,56,31
704,393,61,34
704,391,67,33
707,389,73,33
707,389,73,33
707,389,73,33
707,389,73,33
707,389,73,33
707,389,73,33
707,389,73,33
707,389,73,33
707,389,73,33
707,389,73,33
707,389,73,33
707,389,73,33
707,389,73,33
707,389,73,33
707,389,73,33
707,389,73,33
707,389,73,33
707,389,73,33
707,389,73,33
707,389,73,33
707,389,73,33
707,389,73,33
707,389,73,33
707,389,73,33
707,389,73,33
736,363,62,48
736,363,62,48
736,363,62,48
736,363,62,48
720,374,56,53
718,379,52,52
716,384,52,51
715,386,49,49
715,386,49,49
707,390,56,49
707,392,54,49
707,392,54,49
711,394,51,50
716,400,50,51
714,404,52,49
717,405,52,51
719,411,52,50
720,416,47,48
721,418,47,49
721,421,51,49
720,426,49,51
722,431,44,47
720,432,51,50
718,436,46,47
721,437,36,48
723,441,38,47
721,442,43,49
725,445,38,48
732,449,42,47
729,452,42,46
732,454,34,50
733,459,31,50
734,466,31,49
735,474,32,49
736,481,31,47
735,486,31,49
731,492,29,49
727,495,33,51
724,501,32,52
724,505,31,50
722,506,33,51
722,512,33,49
719,512,33,51
720,515,31,51
720,517,32,51
718,525,34,49
722,525,30,49
721,528,31,49
723,532,33,49
720,530,37,51
716,531,39,52
718,531,36,51
714,532,39,51
716,532,35,51
712,532,40,50
714,530,36,50
715,530,33,51
716,530,32,48
713,526,34,50
712,527,37,50
710,527,37,51
709,528,34,51
710,529,33,51
708,531,38,49
705,531,39,51
708,531,34,50
707,531,34,51
705,529,37,50
700,531,41,48
701,530,38,51
699,530,37,51
701,531,33,50
696,532,33,50
696,533,34,48
693,534,34,49
689,536,34,48
686,535,35,52
684,540,34,49
681,541,38,50
675,546,36,49
671,547,35,50
675,551,35,51
679,554,34,51
684,556,38,49
685,556,34,49
686,556,34,50
690,558,31,49
692,560,32,52
693,567,33,52
693,574,33,51
695,580,31,52
700,590,32,51
704,599,33,56
709,611,33,54
712,620,38,54
713,632,35,52
711,637,33,58
705,646,34,56
704,651,35,56
703,660,35,55
703,663,35,55
695,671,40,52
695,677,37,43
700,678,42,37
699,681,48,36
688,679,50,35
676,678,48,34
676,676,57,33
674,671,53,30
667,667,52,30
667,663,53,33
671,665,50,31
676,666,45,33
677,673,42,36
679,676,42,39
674,685,53,34
661,689,47,27
663,698,44,21
657,703,39,23
677,689,31,28
677,689,31,28
677,695,27,25
671,693,26,27
671,690,26,31
677,680,26,28
645,695,31,25
645,688,32,23
646,680,30,24
642,675,31,25
637,677,31,23
631,678,33,26
629,685,32,26
626,694,31,24
620,699,30,22
612,703,33,20
605,706,31,20
629,686,27,24
623,689,26,29
618,688,28,32
619,687,27,33
620,689,28,31
617,691,27,28
612,696,27,31
612,696,27,31
606,697,27,33
606,696,27,34
601,693,30,28
595,692,30,28
592,690,29,28
590,692,28,29
587,694,28,26
585,700,30,24
585,700,30,24
585,700,30,24
585,700,30,24
585,700,30,24
540,657,29,26
528,691,29,29
502,655,33,29
483,676,34,29
466,689,35,29
446,691,35,28
427,683,36,27
406,669,36,26
384,650,36,27
374,683,33,34
359,657,31,37
345,637,30,36
335,623,30,40
326,611,30,37
318,601,30,39
311,594,30,39
307,589,30,38
304,587,29,38
301,584,30,39
302,582,30,38
304,581,30,39
303,579,31,39
304,579,30,39
304,579,30,39
305,575,30,41
306,574,31,40
308,573,30,38
312,570,30,38
317,566,30,40
318,565,30,39
322,564,30,38
326,561,30,38
331,559,30,39
338,556,30,40
346,555,31,40
351,553,31,39
361,554,30,37
368,554,30,39
376,553,31,38
385,554,32,37
396,553,31,37
404,549,31,36
413,546,32,37
419,544,31,37
426,544,29,34
435,543,29,37
445,542,30,36
451,539,30,37
457,539,31,35
462,539,30,35
469,537,31,38
476,536,31,39
479,532,31,38
482,530,31,36
485,524,31,38
488,519,30,37
487,513,31,38
486,507,31,38
483,498,31,38
485,489,31,37
488,481,31,34
495,472,32,37
499,465,31,35
504,455,32,34
507,447,30,33
513,440,31,37
517,437,32,35
522,434,32,36
530,436,31,37
534,435,31,36
539,432,30,31
541,425,29,33
544,421,28,36
550,416,29,36
555,413,30,36
556,411,30,36
557,409,29,35
561,406,30,35
563,404,28,33
566,401,28,35
566,397,28,36
566,393,28,37
568,390,28,35
572,387,28,33
574,385,27,32
579,380,27,36
581,378,27,33
587,375,27,35
592,372,27,39
598,369,28,42
603,365,28,44
609,361,28,43
616,357,28,47
621,354,27,49
626,353,28,50
635,351,28,53
642,348,28,55
649,347,28,53
656,345,26,48
660,342,27,48
666,342,28,51
673,340,28,52
678,337,27,51
683,337,27,50
689,339,27,50
695,337,25,51
703,335,26,52
710,336,27,52
716,334,27,53
725,334,26,52
733,333,26,51
741,331,28,50
750,331,27,52
759,331,29,49
765,330,27,51
771,330,27,50
775,331,27,47
780,328,27,54
784,324,29,56
789,322,25,58
792,320,26,53
792,317,28,55
796,313,27,51
797,312,28,51
799,307,27,54
800,306,28,54
801,306,28,53
802,306,27,53
803,306,27,53
804,305,27,51
802,303,28,51
803,301,28,51
801,299,29,53
798,297,29,53
798,298,28,50
797,296,28,51
796,296,29,51
794,295,28,50
793,296,28,48
793,297,27,49
791,296,27,53
791,296,28,48
791,298,27,50
789,296,28,50
788,297,27,52
787,299,27,52
786,299,28,51
786,298,27,50
785,299,27,52
782,300,28,48
782,302,27,52
782,302,28,51
780,302,27,51
780,304,27,52
779,302,28,53
777,305,28,53
776,308,28,48
773,309,29,51
774,311,29,52
776,312,29,51
778,314,28,50
777,313,29,50
778,316,28,51
777,316,28,48
778,317,27,52
780,318,28,49
781,317,29,49
781,319,28,48
783,320,26,49
783,318,27,52
783,318,28,50
784,321,28,51
785,322,28,49
786,323,27,48
787,324,28,51
788,322,27,53
789,324,29,50
791,322,30,51
792,324,28,53
793,327,28,52
795,329,28,52
793,330,28,52
794,333,28,53
793,338,28,52
792,344,28,50
791,349,27,53
792,357,28,49
791,361,28,54
790,369,29,48
791,373,29,49
791,376,27,52
790,380,28,53
789,384,28,52
789,388,28,49
790,392,27,52
791,394,27,54
790,395,28,51
790,396,27,50
789,398,28,51
790,400,28,48
790,400,27,51
791,401,27,52
791,402,29,55
792,405,29,52
794,408,29,50
795,406,27,55
795,406,30,53
798,409,29,53
800,410,28,52
803,413,28,51
804,412,27,52
806,410,28,53
806,407,29,51
808,399,29,52
816,396,30,53
824,393,29,54
829,385,29,52
830,389,29,53
829,396,28,54
817,399,28,51
815,400,28,51
811,399,29,51
813,397,29,53
820,400,30,54
824,402,28,52
826,404,28,51
829,406,27,52
829,403,28,53
830,402,29,55
830,404,30,51
833,402,27,53
834,404,28,53
835,407,29,56
839,411,27,55
839,414,27,53
839,415,27,51
839,417,29,52
840,420,28,54
839,421,28,52
842,422,28,53
844,424,28,54
845,425,30,51
850,423,29,51
852,425,28,50
878,430,31,57
879,429,32,58
903,434,32,63
924,443,33,66
927,440,36,68
958,445,36,72
984,451,40,78
983,450,41,83
1001,457,44,81
1022,454,47,85
1017,449,47,86
1032,462,48,88
1023,475,51,86
1039,487,52,89
1062,501,54,93
1065,514,53,92
1070,532,53,88
1072,531,53,98
1070,537,51,105
1071,543,56,104
1073,549,55,106
1079,558,51,100
1081,568,55,98
1083,572,57,100
1086,577,54,99
1093,581,54,97
1096,586,53,98
1102,600,55,94
1108,604,55,84
1121,625,56,84
1132,630,55,82
1144,634,57,85
1159,643,58,76
1174,652,57,67
1189,667,54,57
1206,672,52,54
1222,681,51,49
1240,689,41,49
1263,704,38,45
1238,611,43,45
1237,624,45,42
1247,635,47,38
1247,635,47,38
1247,635,47,38
1247,635,47,38
1247,635,47,38
1234,538,47,43
1187,529,42,34
1210,552,38,24
1229,581,37,22
1245,609,35,21
1259,641,32,21
1259,641,32,21
1254,635,30,29
1229,596,30,35
1240,631,31,37
1252,672,29,38
1252,672,29,38
1252,672,29,38
1252,672,29,38
1252,672,29,38
1252,672,29,38
1252,672,29,38
1252,672,29,38
1252,672,29,38
1252,672,29,38
1252,672,29,38
1252,672,29,38
1252,672,29,38
1252,672,29,38
1252,672,29,38
1252,672,29,38
1252,672,29,38
1252,672,29,38
1252,672,29,38
1252,672,29,38
1252,672,29,38
1252,672,29,38
1252,672,29,38
1252,672,29,38
1252,672,29,38
1252,672,29,38
1252,672,29,38
1252,672,29,38
1252,672,29,38
1252,672,29,38
1252,672,29,38
1252,672,29,38
1252,672,29,38
1252,672,29,38
1252,672,29,38
1252,672,29,38
1252,672,29,38
1252,672,29,38
1252,672,29,38
1252,672,29,38
1252,672,29,38
1252,672,29,38
1252,672,29,38
1252,672,29,38
1252,672,29,38
1252,672,29,38
1252,672,29,38
1252,672,29,38
1252,672,29,38
1252,672,29,38
1252,672,29,38
1252,672,29,38
1252,672,29,38
1252,672,29,38
1252,672,29,38
1252,672,29,38
1252,672,29,38
1252,672,29,38
1252,672,29,38
1252,672,29,38
1252,672,29,38
1252,672,29,38
1252,672,29,38
1252,672,29,38
1252,672,29,38
1252,672,29,38
1252,672,29,38
1252,672,29,38
1252,672,29,38
1252,672,29,38
1252,672,29,38
1252,672,29,38
1252,672,29,38
1252,672,29,38
1252,672,29,38
1252,672,29,38
1252,672,29,38
1252,672,29,38
1252,672,29,38
1252,672,29,38
1252,672,29,38
1252,672,29,38
1252,672,29,38
1252,672,29,38
1252,672,29,38
1257,686,33,36
1257,686,33,36
1202,686,42,34
1202,686,42,34
1202,686,42,34
1159,690,47,37
1084,691,44,45
1038,652,49,39
1080,675,45,44
1066,591,49,53
1047,537,46,52
1020,496,45,51
984,458,44,50
943,420,44,53
906,404,44,59
885,412,44,56
878,414,44,48
866,414,44,45
847,412,42,48
827,402,41,47
817,387,41,45
818,364,38,45
820,318,39,57
826,298,40,51
837,254,41,47
846,198,37,48
861,150,39,49
872,84,40,50
879,18,41,54
879,18,41,54
879,18,41,54
879,18,41,54
879,18,41,54
879,18,41,54
879,18,41,54
879,18,41,54
879,18,41,54
879,18,41,54
879,18,41,54
879,18,41,54
879,18,41,54
879,18,41,54
879,18,41,54
805,111,50,56
781,76,54,66
739,51,71,69
722,34,78,67
704,28,78,67
704,28,78,67
704,28,78,67
704,28,78,67
704,28,78,67
704,128,62,81
642,229,72,77
631,293,88,69
640,342,100,61
654,370,101,61
654,370,101,61
678,526,92,70
678,526,92,70
678,526,92,70
678,526,92,70
678,526,92,70
633,666,96,57
657,671,96,71
655,693,88,71
655,693,88,71
655,693,88,71
655,693,88,71
655,693,88,71
655,693,88,71
655,693,88,71
597,660,72,63
598,658,69,62
598,658,69,62
598,658,69,62
732,683,69,59
732,683,69,59
732,683,69,59
732,683,69,59
732,683,69,59
732,683,69,59
732,683,69,59
732,683,69,59
732,683,69,59
732,683,69,59
632,657,74,64
632,657,74,64
632,657,74,64
632,657,74,64
632,657,74,64
632,657,74,64
632,657,74,64
632,657,74,64
632,657,74,64
632,657,74,64
632,657,74,64
632,657,74,64
632,657,74,64
632,657,74,64
632,657,74,64
632,657,74,64
632,657,74,64
632,657,74,64
632,657,74,64
632,657,74,64
632,657,74,64
632,657,74,64
632,657,74,64
632,657,74,64
632,657,74,64
632,657,74,64
632,657,74,64
632,657,74,64
632,657,74,64
632,657,74,64
632,657,74,64
632,657,74,64
632,657,74,64
632,657,74,64
632,657,74,64
632,657,74,64
632,657,74,64
632,657,74,64
632,657,74,64
632,657,74,64
632,657,74,64
632,657,74,64
632,657,74,64
632,657,74,64
632,657,74,64
632,657,74,64
632,657,74,64
632,657,74,64
770,663,81,62
770,663,81,62
770,663,81,62
863,671,93,53
897,686,79,50
926,680,68,60
937,679,66,61
937,679,66,61
937,679,66,61
931,674,79,66
931,674,79,66
947,679,73,72
947,679,73,72
947,679,73,72
947,679,73,72
971,676,80,68
975,674,88,68
975,673,92,52
978,684,83,55
989,680,76,61
998,679,67,65
1010,685,75,57
1033,685,69,51
1014,683,79,61
1032,683,80,55
1022,680,84,63
1026,666,87,55
1014,672,86,61
1010,672,88,68
999,667,84,70
975,662,80,83
945,653,79,86
907,658,87,66
842,674,85,67
809,669,90,53
753,689,74,48
726,678,68,56
705,675,68,47
693,678,65,44
679,676,67,52
681,664,74,57
700,660,73,59
716,665,74,57
732,662,71,59
746,667,68,63
758,673,70,65
770,670,74,75
767,674,68,66
766,671,60,74
811,669,56,73
852,655,62,64
888,645,66,73
840,649,68,73
893,655,77,66
851,663,80,58
845,623,71,68
835,590,70,77
850,570,66,86
868,559,68,84
893,543,67,81
922,526,71,80
970,511,64,87
1014,493,65,80
1056,478,66,79
1085,465,69,83
1119,449,72,93
1169,432,70,94
1221,404,60,90
1221,404,60,90
1102,271,57,104
1159,219,51,101
1214,160,58,103
1258,96,61,89
1258,96,61,89
1215,154,65,102
1215,154,65,102
1215,154,65,102
1073,133,75,97
1122,109,74,90
1186,89,87,82
1224,84,91,64
1224,84,91,64
1060,4,97,56
1125,10,86,60
1125,10,86,60
1125,10,86,60
1125,10,86,60
1125,10,86,60
1125,10,86,60
1125,10,86,60
1125,10,86,60
1125,10,86,60
1125,10,86,60
1125,10,86,60
1125,10,86,60
1125,10,86,60
1125,10,86,60
1125,10,86,60
1125,10,86,60
1125,10,86,60
985,115,97,67
985,115,97,67
985,115,97,67
985,115,97,67
985,115,97,67
985,115,97,67
985,115,97,67
985,115,97,67
857,0,97,60
857,0,97,60
857,0,97,60
857,0,97,60
857,0,97,60
857,0,97,60
857,0,97,60
857,0,97,60
857,0,97,60
857,0,97,60
857,0,97,60
857,0,97,60
