229,184,48,131
234,173,46,146
235,175,51,142
243,181,42,136
244,178,40,135
244,171,46,144
242,176,49,140
245,180,50,137
252,181,45,135
249,177,48,136
253,173,45,139
258,177,46,135
260,177,46,134
257,171,48,141
262,169,46,142
266,164,39,143
267,167,41,141
266,163,41,144
264,161,44,141
265,162,44,140
266,164,43,139
264,161,45,140
266,165,44,138
269,167,45,135
272,163,45,137
272,159,44,137
274,158,47,143
276,152,49,142
277,145,52,145
277,144,58,149
280,151,52,139
283,142,68,146
281,127,65,158
281,123,65,159
285,120,73,159
286,134,71,142
288,148,81,132
282,138,95,136
282,130,92,143
282,130,92,143
282,130,92,143
300,112,79,152
296,103,79,165
299,97,81,172
85,139,80,164
92,154,72,148
293,120,88,153
304,99,74,169
303,94,79,169
300,96,77,169
303,93,72,172
80,144,76,148
92,157,65,131
94,151,60,140
95,145,61,145
95,144,63,145
101,150,59,139
106,149,59,138
107,159,60,132
104,150,64,139
104,150,64,139
110,151,64,139
107,150,69,136
112,152,67,132
114,155,64,129
116,149,62,134
120,148,62,135
120,150,60,132
120,150,60,132
123,142,63,134
122,141,68,136
133,145,56,134
133,145,56,134
137,140,52,135
135,144,55,135
142,145,49,131
154,142,37,131
147,139,43,134
125,150,55,132
125,150,55,132
125,150,55,132
125,150,55,132
125,150,55,132
125,150,55,132
125,150,55,132
125,150,55,132
125,150,55,132
125,150,55,132
125,150,55,132
125,150,55,132
125,150,55,132
125,150,55,132
125,150,55,132
125,150,55,132
125,150,55,132
125,150,55,132
125,150,55,132
125,150,55,132
125,150,55,132
125,150,55,132
125,150,55,132
125,150,55,132
125,150,55,132
125,150,55,132
125,150,55,132
125,150,55,132
125,150,55,132
284,129,73,138
269,115,105,138
281,113,95,147
281,113,95,147
281,113,95,147
281,113,95,147
102,64,120,151
102,64,120,151
274,103,108,152
280,98,100,163
282,97,95,167
286,96,90,173
277,94,100,172
283,103,97,159
279,102,102,159
281,92,94,174
286,106,96,162
287,102,94,167
287,102,94,167
295,107,95,169
296,99,96,178
297,100,93,177
296,113,88,163
298,121,79,159
298,123,75,156
302,125,72,153
304,124,63,157
302,129,69,153
305,128,62,159
302,129,77,159
305,134,77,153
306,136,72,153
305,135,70,155
297,138,70,154
299,135,73,157
298,140,81,155
293,141,75,158
292,139,84,159
293,145,72,151
297,144,65,153
300,143,58,153
297,138,68,154
294,143,70,150
295,144,81,149
284,148,98,138
284,148,92,141
304,150,73,141
305,149,73,144
308,149,69,144
308,154,69,141
301,163,70,133
303,165,69,127
311,171,61,124
308,165,64,125
305,171,65,122
303,172,70,117
296,165,73,128
298,159,69,129
307,155,64,136
297,158,73,135
299,161,75,132
293,156,77,138
303,157,71,136
294,159,73,134
302,162,69,125
305,161,62,128
306,160,61,128
309,160,56,130
300,163,64,125
305,161,62,125
301,158,65,131
298,160,74,128
300,155,73,138
292,158,79,135
301,158,68,126
300,157,70,130
299,155,72,135
305,161,65,132
298,162,71,129
300,157,72,137
306,156,69,139
305,157,70,136
305,166,66,124
303,158,68,135
304,155,72,138
306,160,68,140
304,158,67,136
303,161,72,127
310,158,63,135
306,159,64,134
305,160,70,130
302,165,66,126
314,158,48,132
308,164,57,122
308,162,57,121
313,162,51,123
310,163,53,121
316,158,49,130
316,156,50,134
315,155,49,135
314,158,51,135
317,152,48,140
317,157,48,139
311,163,54,133
309,166,54,125
309,164,58,130
320,166,59,130
320,165,61,130
320,164,63,133
320,159,63,138
320,161,62,136
318,163,65,133
318,161,63,137
316,161,65,135
319,161,61,139
309,162,65,137
313,171,65,129
309,166,66,130
312,170,65,128
306,162,68,138
313,167,62,134
305,161,74,136
299,164,76,132
303,157,76,138
299,159,76,136
303,165,70,133
305,178,71,117
304,182,72,113
308,177,64,115
306,164,64,132
301,161,69,143
304,161,71,135
302,166,67,132
303,166,72,130
300,172,71,123
304,164,70,128
302,170,65,131
301,171,72,122
303,167,68,125
303,171,65,128
305,166,67,129
305,165,66,137
303,161,75,134
301,168,68,131
306,164,68,132
301,168,67,132
305,161,69,133
304,167,64,131
304,160,67,136
303,162,66,138
307,161,62,132
300,164,69,132
307,162,65,134
307,163,65,133
309,166,71,131
310,165,72,128
319,169,55,122
316,158,61,132
319,153,55,135
323,158,54,136
325,154,50,135
323,157,52,131
325,150,48,134
322,146,53,135
326,149,50,137
329,144,49,127
329,148,50,130
326,144,50,137
328,145,47,133
332,141,52,135
324,139,59,132
328,139,55,128
331,143,56,131
333,145,55,126
336,140,55,129
335,139,58,127
340,138,58,127
345,139,55,126
346,130,55,134
343,125,52,136
344,122,52,138
343,126,53,133
341,120,54,138
343,121,56,136
346,121,53,136
349,118,51,136
361,113,55,140
359,115,59,136
361,117,58,134
361,113,61,138
364,113,63,144
369,113,64,140
367,116,68,136
362,112,70,140
367,114,65,139
359,103,71,151
361,118,68,141
360,121,69,131
359,123,70,131
360,120,66,134
359,124,67,128
358,117,68,135
358,118,66,131
353,117,73,135
352,116,74,136
351,117,73,132
353,111,79,139
354,114,73,140
355,116,70,134
355,116,70,133
354,118,70,132
355,111,76,142
353,117,75,135
356,116,68,134
355,117,70,131
356,114,70,136
357,115,72,135
356,115,79,134
360,118,84,131
363,117,78,134
369,115,75,136
371,116,77,135
376,111,74,140
375,115,73,138
375,110,72,140
371,111,77,137
371,113,78,134
373,115,76,132
372,110,78,141
374,114,76,135
373,109,76,141
371,114,79,133
373,113,74,135
375,113,70,137
374,113,73,139
373,116,73,131
379,120,59,126
377,118,61,124
380,119,56,125
377,118,64,127
379,117,59,129
377,120,62,121
378,120,60,124
379,120,57,124
379,118,56,124
383,117,54,130
381,113,53,136
378,113,53,136
376,111,56,132
373,106,57,139
369,107,59,137
370,110,58,132
368,110,52,133
372,111,54,138
371,108,57,137
371,110,61,134
373,111,59,135
369,109,65,135
368,105,69,140
370,104,61,142
370,101,63,146
370,106,65,140
367,103,60,144
369,110,58,134
369,103,55,143
369,105,57,140
370,101,55,145
367,105,59,140
363,106,64,132
357,97,75,141
360,102,76,144
364,103,73,140
365,102,74,142
368,97,70,148
375,100,70,140
378,106,71,138
378,104,71,141
378,104,71,138
378,107,72,135
377,104,70,138
379,105,69,136
380,102,66,141
378,100,72,142
378,101,74,141
379,105,68,138
377,104,70,140
375,101,74,143
378,103,70,143
377,102,71,140
380,104,68,139
377,101,69,142
380,108,72,136
375,101,76,143
377,108,73,136
377,104,71,141
376,105,74,142
377,109,73,134
379,105,71,137
378,104,71,140
379,105,68,141
379,102,70,144
377,107,74,137
377,103,71,143
374,109,65,131
379,108,60,133
377,104,66,143
384,105,58,140
386,110,55,141
380,111,60,135
380,113,61,135
380,112,63,133
374,107,67,142
379,113,67,136
376,107,68,147
374,106,71,153
369,111,78,146
368,114,79,142
365,116,78,140
370,115,76,135
376,122,74,136
373,129,77,135
380,134,72,129
381,134,70,133
378,128,74,138
378,133,78,135
378,135,79,129
370,132,84,135
369,134,90,132
367,136,94,128
365,137,89,133
361,137,87,137
361,141,93,133
355,140,89,140
351,137,102,143
345,129,93,151
343,130,97,150
336,136,99,147
342,134,109,150
332,131,117,153
330,133,108,156
325,128,90,155
332,135,116,156
310,135,104,149
325,152,110,135
318,160,81,127
328,160,64,129
327,161,57,126
328,158,55,132
324,162,57,126
323,159,53,133
323,152,52,143
324,155,51,140
320,157,53,138
318,150,55,142
310,150,62,144
309,146,60,148
307,142,62,152
309,136,60,158
309,140,60,155
307,138,61,156
311,138,58,157
311,132,55,160
311,134,59,158
311,135,60,158
314,132,56,161
309,141,63,155
313,138,59,155
310,137,61,159
305,141,68,153
305,135,69,159
295,130,80,162
295,127,78,165
289,137,78,156
291,138,71,150
288,141,68,153
286,134,63,158
290,127,62,164
282,129,69,166
279,134,73,156
279,130,70,162
272,141,69,149
270,150,63,142
269,152,65,137
267,160,66,131
271,149,59,143
268,155,63,136
259,159,73,135
270,153,57,138
269,153,61,140
254,155,77,137
260,160,68,135
257,156,65,136
261,156,59,137
259,157,62,135
256,156,61,136
252,156,66,132
246,155,67,135
256,153,52,129
254,154,51,128
249,149,55,135
250,151,57,127
246,149,60,127
247,148,61,122
248,142,59,132
248,138,57,133
250,133,56,139
252,136,44,132
252,133,46,136
257,141,47,127
256,138,42,130
257,134,41,133
256,134,44,130
257,132,44,131
257,131,44,132
259,129,46,134
260,125,46,136
260,122,47,136
259,121,50,137
253,123,59,135
255,121,59,132
251,123,65,130
251,121,66,134
255,122,59,135
259,120,57,135
259,121,56,134
262,119,56,137
255,117,62,142
256,115,61,148
260,117,59,145
264,117,57,144
261,123,61,143
256,124,61,141
251,136,70,132
253,137,63,135
253,138,60,132
251,138,60,135
253,141,56,135
251,143,56,133
251,145,53,131
244,146,55,130
247,143,45,136
245,143,47,137
243,144,50,137
239,141,47,142
238,147,44,135
235,144,48,138
227,137,49,142
226,137,50,143
221,141,54,140
217,144,58,131
224,142,65,142
222,141,65,144
222,143,63,141
224,143,64,142
223,145,65,140
222,148,67,137
222,155,65,131
222,156,66,135
222,155,69,138
211,161,76,147
211,164,79,149
211,166,78,150
209,177,64,138
209,177,56,135
205,178,56,136
210,181,52,131
204,177,56,129
204,177,56,135
206,179,56,134
205,180,57,133
206,180,55,130
205,182,54,121
205,180,56,132
206,180,53,134
206,184,60,134
203,184,62,133
208,183,65,138
214,180,63,140
220,184,58,136
216,180,62,138
228,181,54,135
240,179,59,142
240,177,61,142
227,183,62,136
234,184,54,135
240,187,54,128
247,184,48,131
253,182,48,132
258,179,50,136
248,178,64,142
242,176,72,144
245,173,67,146
247,176,65,142
248,177,63,141
258,183,64,133
255,186,60,132
247,186,63,133
248,186,55,132
246,186,54,131
242,183,57,134
237,182,64,128
238,178,66,136
247,179,56,135
252,180,54,133
249,178,53,138
252,178,55,136
245,180,59,133
244,177,63,138
243,181,65,134
240,181,69,136
232,181,67,133
241,184,68,138
239,188,67,130
240,189,59,131
238,188,62,132
224,185,71,132
219,184,68,134
219,180,61,140
215,182,55,133
212,182,54,140
212,179,52,141
213,183,41,142
215,180,35,146
215,180,35,146
215,180,35,146
215,180,35,146
215,180,35,146
214,0,51,128
218,6,53,124
218,1,55,112
219,0,54,125
217,6,56,121
216,1,59,115
221,-1,56,121
220,1,52,122
219,-2,54,124
216,3,56,117
222,2,50,118
222,2,50,118
222,2,50,118
222,2,50,118
222,2,50,118
222,2,50,118
222,2,50,118
222,2,50,118
222,2,50,118
222,2,50,118
222,2,50,118
238,-11,54,108
223,20,46,105
265,-29,53,101
261,-6,60,83
258,0,69,75
218,3,61,78
276,0,58,75
292,3,45,73
295,2,41,75
302,0,37,76
304,4,42,75
306,8,44,73
313,3,46,77
318,2,43,78
320,5,41,76
326,10,43,75
330,12,53,75
333,3,55,82
327,8,65,89
331,11,65,95
331,21,70,105
337,13,65,119
334,16,81,121
335,22,77,118
331,17,76,120
336,22,67,114
331,14,69,119
335,9,63,117
339,7,56,122
346,9,48,113
357,7,44,116
361,10,42,112
371,22,40,97
368,29,44,90
380,25,38,91
385,32,28,77
382,31,37,82
375,26,45,85
372,25,48,83
375,29,47,80
371,30,57,86
369,34,57,78
369,31,61,85
369,29,57,85
358,29,71,83
364,30,69,78
361,34,73,74
361,27,69,77
360,31,65,79
372,28,58,80
376,30,58,79
381,24,53,79
380,26,52,75
382,25,47,75
381,26,48,79
385,36,40,78
385,57,41,76
383,65,41,75
384,74,43,77
383,75,46,81
383,67,49,84
378,63,51,86
386,64,43,80
391,71,44,84
385,75,52,87
376,73,61,86
379,71,62,83
375,69,62,72
380,73,63,63
378,69,62,67
388,64,56,68
375,63,59,65
377,65,60,67
381,58,53,70
381,52,48,76
384,42,41,84
383,39,40,86
382,35,42,90
383,32,43,93
384,32,43,92
382,28,52,97
382,28,47,92
383,29,46,89
383,28,42,88
388,29,53,88
300,99,61,81
364,31,67,86
364,30,70,84
367,25,81,90
316,60,71,118
115,98,79,131
117,94,78,132
121,97,75,129
136,95,59,130
143,81,53,139
146,84,54,133
141,80,59,137
145,80,55,132
142,72,60,140
142,65,59,143
147,65,49,141
149,68,54,139
147,65,55,141
149,64,57,146
155,54,52,151
155,57,54,149
160,61,51,149
157,74,62,142
161,85,55,134
164,94,58,130
162,98,64,133
166,103,62,133
169,102,58,135
170,103,58,140
172,109,60,140
175,110,59,142
179,115,58,143
184,119,54,140
183,123,62,141
186,132,60,135
191,126,60,139
193,127,55,142
194,131,57,141
198,133,57,139
204,131,56,140
208,131,52,139
210,132,52,140
212,133,54,136
219,134,47,132
220,139,50,130
218,139,56,128
219,142,57,129
227,141,50,129
226,140,54,129
229,139,61,130
232,137,55,133
241,131,56,138
249,128,49,139
245,132,56,139
247,133,67,134
254,131,64,137
256,132,64,138
257,119,52,151
259,113,53,159
261,120,57,150
263,117,55,148
267,127,58,143
275,126,57,143
277,131,59,135
282,131,56,134
261,128,70,141
260,133,72,138
258,135,73,133
260,131,70,137
261,133,69,134
253,131,70,138
254,133,67,137
250,134,69,135
249,129,67,143
250,135,68,134
243,135,71,135
243,130,70,139
235,137,76,132
233,140,83,125
244,135,83,132
240,129,79,139
238,133,74,133
234,125,81,145
231,128,84,144
227,114,86,155
222,107,80,161
219,116,95,154
215,123,98,146
212,132,96,137
213,130,94,138
213,128,95,139
216,127,84,142
214,127,83,144
212,119,81,153
206,132,85,135
211,133,72,134
211,132,78,138
215,122,65,143
225,126,47,144
231,128,47,137
234,130,45,136
244,128,43,138
245,125,46,142
257,122,40,146
257,122,45,147
267,134,45,136
263,140,55,131
270,144,57,127
268,133,63,135
262,129,68,141
262,138,69,131
261,135,69,135
260,135,70,134
261,138,69,131
263,139,69,133
272,126,61,136
271,127,55,132
278,127,48,132
276,120,53,140
267,113,55,141
262,112,58,141
256,110,66,141
254,108,64,146
263,101,61,153
277,93,62,159
278,98,62,156
289,103,55,147
294,97,56,154
286,109,66,146
290,111,64,140
291,108,61,147
285,102,66,152
277,112,67,138
282,106,70,147
280,112,73,143
284,116,66,136
289,115,74,136
285,106,78,147
288,102,73,150
287,105,71,150
290,118,70,134
288,109,74,143
291,108,71,147
284,96,88,156
289,102,79,153
284,95,81,160
280,80,73,174
277,94,73,166
276,90,72,171
276,90,81,174
281,75,76,185
279,81,79,182
281,77,77,186
281,79,68,183
280,101,72,162
277,91,81,172
282,88,72,174
280,90,72,176
278,93,72,171
277,100,77,162
277,98,81,163
273,101,84,164
275,90,80,171
279,93,80,169
279,109,75,156
278,94,79,169
280,100,75,163
282,103,72,156
280,92,69,160
283,85,58,165
283,88,57,158
281,88,69,154
281,86,65,154
271,92,74,149
269,86,74,156
273,81,70,161
283,78,61,162
290,86,56,152
299,91,53,147
304,98,55,142
303,99,51,137
300,100,56,140
304,95,52,141
296,88,55,144
297,74,44,153
291,84,50,141
294,87,49,137
287,82,62,140
288,102,73,121
280,78,76,143
299,73,82,143
299,78,84,143
292,77,79,142
296,82,72,138
300,77,74,139
302,76,69,143
304,76,57,136
296,76,72,143
287,74,82,147
273,78,99,137
263,77,109,138
257,75,112,140
235,87,126,129
243,79,127,132
213,81,150,135
253,66,132,151
240,82,128,136
255,74,132,136
259,83,111,128
261,76,111,144
277,73,101,140
282,73,100,142
288,71,89,146
291,69,84,146
289,69,87,146
289,72,81,152
289,70,83,153
285,71,95,144
287,85,73,134
288,89,70,136
287,75,74,143
288,77,55,140
281,81,50,141
273,82,52,134
259,80,50,139
252,77,53,138
233,86,60,132
208,79,62,136
203,75,56,140
214,81,47,136
211,79,46,137
211,78,50,138
212,72,57,142
210,79,60,135
210,77,60,138
209,71,60,144
215,71,58,141
215,67,58,149
214,71,58,143
216,72,36,145
214,74,37,150
205,83,40,135
220,94,39,133
213,91,41,130
168,136,48,117
167,143,55,110
222,106,44,118
227,91,35,122
232,107,31,117
230,119,37,107
231,128,40,96
232,139,43,86
233,141,33,84
189,129,39,86
242,42,50,86
237,37,51,88
241,33,45,70
256,33,34,79
274,-10,44,85
274,-10,44,85
276,31,44,89
276,30,36,89
286,28,29,87
286,29,33,88
285,31,37,86
274,39,46,86
276,41,53,89
293,58,46,83
291,80,49,74
298,97,50,73
304,107,52,78
306,136,57,68
300,149,53,62
304,165,50,68
313,258,59,80
306,237,51,88
306,242,39,93
310,222,34,89
312,270,38,84
311,257,31,83
301,238,38,86
300,232,31,88
292,225,33,82
290,208,36,80
280,197,43,85
281,194,48,88
291,191,43,92
294,157,44,110
297,148,60,117
300,149,57,134
300,136,56,145
297,130,61,151
298,135,61,152
286,142,80,140
289,145,83,135
288,142,73,136
295,138,72,140
298,135,67,143
299,132,62,146
309,119,46,148
305,120,48,151
305,131,62,137
306,112,48,150
303,123,49,145
303,132,53,133
301,133,64,130
306,131,55,130
308,126,47,137
305,124,58,140
306,119,59,146
306,110,57,149
302,105,57,160
301,115,65,149
299,117,72,144
305,109,58,155
307,108,58,158
303,107,62,158
307,110,57,153
305,120,55,143
297,112,62,152
298,110,61,155
300,106,57,162
305,109,56,155
298,107,61,154
299,111,64,150
304,110,61,150
304,110,57,148
305,108,53,152
294,114,64,148
291,116,66,146
295,114,62,148
296,113,62,150
298,106,60,155
293,103,66,165
292,104,68,161
291,102,69,165
289,97,75,171
279,99,77,171
278,104,79,169
274,111,77,162
275,126,72,144
280,130,81,136
278,132,84,132
280,134,78,128
278,132,79,130
280,133,80,127
281,136,74,124
277,136,80,122
280,132,80,128
280,136,81,124
282,139,73,122
281,134,77,129
279,139,79,122
273,133,79,129
269,132,76,128
261,138,82,134
258,139,70,131
259,138,64,134
258,144,57,129
254,138,59,132
258,145,49,129
260,141,48,134
254,135,65,138
250,138,72,137
246,138,75,140
247,136,78,138
250,135,71,143
260,139,57,137
255,142,55,134
257,141,55,139
254,139,53,138
255,149,56,134
252,148,61,136
255,149,56,134
256,144,47,135
251,140,47,135
259,133,40,140
262,128,44,141
267,121,49,145
270,117,55,148
276,121,48,139
277,125,54,137
284,117,47,137
289,113,47,142
290,107,59,145
291,104,65,145
292,103,66,142
296,104,58,142
299,104,61,140
296,107,59,138
305,105,48,140
307,103,46,141
307,105,43,135
305,99,45,141
300,101,51,138
306,101,48,137
306,100,45,132
300,94,53,142
303,91,55,140
299,92,55,134
303,93,57,134
302,86,58,140
293,85,68,143
292,85,67,140
287,83,73,145
300,92,93,140
297,85,100,113
289,101,109,126
281,94,114,126
288,89,105,142
264,86,125,138
257,92,129,127
266,85,122,139
260,84,127,139
259,82,128,139
259,87,128,132
258,83,127,136
271,76,118,141
270,76,115,144
265,74,118,148
273,71,112,144
264,72,119,143
270,69,112,145
264,77,117,136
277,67,103,144
277,60,89,152
287,62,76,151
287,62,80,151
289,59,82,154
289,59,82,154
298,59,80,152
284,52,81,151
288,52,79,152
297,56,73,145
296,56,70,147
299,59,70,147
300,62,69,140
303,61,63,144
307,66,61,135
300,58,64,145
310,60,57,139
301,63,64,136
308,69,60,130
308,68,59,130
302,65,67,128
309,66,65,130
298,64,73,133
305,65,72,133
305,70,72,128
301,73,77,127
307,71,71,131
310,69,69,138
313,68,65,140
308,70,60,138
308,70,52,139
310,73,50,140
308,74,48,142
302,73,58,139
301,76,58,137
314,77,46,133
316,77,42,139
314,80,46,139
311,79,49,143
305,81,55,145
302,72,60,148
299,86,63,135
298,86,68,137
298,87,77,132
291,88,99,132
297,86,89,135
297,84,86,134
293,88,94,135
297,90,93,127
297,93,94,133
303,104,91,121
303,99,91,128
306,103,92,126
307,96,96,124
309,92,97,132
316,91,97,136
321,87,96,130
327,86,93,136
330,83,97,133
340,90,84,121
347,86,69,125
353,84,61,127
356,82,58,127
363,78,57,128
367,75,53,127
376,71,53,132
372,63,58,127
430,68,56,102
318,116,54,103
412,78,59,102
326,86,70,108
358,81,58,109
361,88,59,101
362,77,72,110
417,74,63,99
364,75,80,115
367,70,77,120
366,70,85,123
363,65,73,126
363,70,69,128
362,67,61,137
412,60,62,129
388,68,65,124
376,73,66,123
348,80,88,126
330,80,106,123
330,78,118,125
329,71,117,134
324,57,130,144
340,62,104,137
332,60,104,142
325,59,117,145
338,56,111,150
329,66,115,138
324,56,114,147
339,58,106,147
316,64,124,142
306,64,134,142
294,54,147,150
305,70,129,139
295,69,116,142
315,76,115,137
286,74,126,134
302,72,111,144
326,75,102,132
326,71,113,143
311,70,112,147
319,78,100,134
338,65,84,150
328,75,84,133
345,65,80,142
344,65,72,139
343,68,62,143
345,70,74,134
325,67,86,141
333,71,92,138
339,70,106,136
325,68,97,146
340,68,85,138
337,82,84,122
321,75,90,133
323,68,87,135
313,66,91,140
305,51,91,158
315,39,91,160
304,78,95,143
310,89,84,131
310,90,79,129
307,97,82,128
314,106,82,117
313,97,83,125
321,78,72,140
313,81,82,146
310,86,88,146
315,76,77,159
317,82,75,159
317,84,87,157
319,73,88,167
314,65,108,179
302,51,101,189
291,85,83,172
306,92,67,167
303,121,84,140
307,132,77,126
297,140,91,116
301,135,86,118
293,136,92,120
301,128,84,132
305,123,70,141
311,129,56,132
312,127,54,135
311,130,59,127
326,149,66,116
226,113,65,121
374,145,74,103
383,150,66,104
377,143,70,114
400,142,60,110
391,144,64,112
401,147,51,106
400,145,55,106
386,152,64,98
400,153,53,93
397,146,53,104
400,152,55,95
403,146,50,105
402,145,50,105
403,140,54,112
402,143,51,105
403,146,51,102
395,143,50,108
397,137,60,112
377,133,65,115
374,140,62,109
367,136,68,110
365,139,72,111
360,141,65,110
369,142,64,115
356,133,68,120
354,137,75,123
346,131,66,123
352,134,63,130
345,133,63,119
348,142,80,117
346,135,65,117
346,132,72,125
343,135,70,118
345,132,67,123
342,133,69,119
345,138,80,120
345,136,65,114
350,140,66,118
346,139,65,111
347,140,70,119
342,135,67,119
348,136,64,122
344,132,62,120
349,136,60,116
342,136,65,117
343,132,63,121
345,136,64,119
342,140,67,114
343,136,64,117
344,134,65,120
341,134,69,120
342,131,67,123
339,131,68,124
343,134,67,120
342,136,67,117
340,134,68,121
338,140,72,111
343,142,69,110
345,143,66,109
345,139,65,117
346,142,63,110
345,142,65,111
346,135,63,118
341,133,66,122
335,134,66,120
329,132,69,119
327,133,65,121
320,129,69,124
315,133,71,120
310,135,80,116
305,131,71,124
299,130,76,123
300,132,78,121
293,131,79,120
303,132,73,121
304,128,71,126
301,126,74,127
304,119,65,134
302,118,65,137
303,122,60,133
301,107,61,142
301,108,59,141
302,106,52,143
292,103,51,138
290,103,54,136
284,110,56,128
290,109,55,129
292,109,58,125
284,114,64,121
273,118,76,114
270,136,73,103
277,134,67,109
277,134,67,109
277,134,67,109
277,134,67,109
277,134,67,109
254,97,69,137
283,100,49,133
119,145,61,133
116,143,68,134
114,146,68,136
115,144,68,131
118,145,65,134
121,144,60,135
116,143,63,134
111,142,71,132
109,150,76,132
108,154,72,124
110,153,73,129
109,153,72,130
107,149,74,135
109,154,74,128
111,152,72,129
117,151,65,132
110,147,73,141
111,144,70,140
113,149,71,137
115,148,67,137
114,149,70,135
115,147,66,138
115,148,68,137
111,147,72,140
110,150,72,134
108,149,75,133
106,152,78,138
109,153,73,135
109,149,71,140
106,150,76,137
114,147,65,139
120,141,58,148
119,139,57,155
118,141,58,152
120,145,59,142
119,148,67,136
122,145,61,135
120,142,63,139
123,138,56,138
120,137,52,135
116,136,51,131
112,133,52,138
110,137,53,128
108,136,55,128
105,129,48,133
112,131,50,131
119,136,48,127
123,132,48,129
129,126,47,130
122,130,59,129
120,126,59,139
117,127,60,137
118,126,61,139
116,122,62,143
121,135,68,131
123,131,63,136
125,125,61,143
123,129,74,137
123,143,83,119
122,142,78,120
125,146,73,115
124,135,71,125
126,126,77,135
123,116,85,146
128,103,78,162
124,105,89,164
126,99,94,168
127,105,91,163
126,101,91,164
129,103,88,160
123,96,95,176
123,111,91,154
124,119,82,155
126,127,84,140
127,121,75,151
126,126,81,144
129,117,70,152
139,117,60,154
142,125,58,145
155,115,51,153
162,123,48,146
166,119,52,151
171,119,51,149
174,122,52,149
186,124,48,145
188,122,52,149
195,121,46,144
200,117,48,149
208,118,48,146
214,128,46,141
212,127,53,143
222,140,55,131
224,138,51,138
228,126,43,148
234,138,39,138
228,138,43,134
230,137,43,138
226,145,50,130
229,147,46,127
225,138,54,135
226,133,53,139
230,130,46,143
227,119,49,154
229,125,46,148
229,115,48,155
227,114,52,157
219,122,58,150
211,120,66,156
211,123,69,154
208,127,72,152
209,133,74,147
213,148,71,136
222,147,65,138
226,154,63,135
232,154,67,131
232,157,68,132
226,164,79,129
223,148,81,141
229,143,79,157
228,142,83,157
231,149,79,155
230,150,80,155
230,157,86,150
233,162,86,151
219,160,106,147
214,160,103,150
214,159,109,156
220,162,97,152
220,163,97,148
219,157,94,154
215,166,108,144
213,167,103,145
215,171,114,139
219,167,106,144
215,176,114,134
215,166,124,144
217,161,123,151
219,173,138,142
212,178,126,135
210,183,118,125
209,170,116,140
208,159,111,158
212,163,111,154
208,163,116,153
212,162,108,153
221,164,97,152
209,162,108,150
207,161,107,151
215,165,117,149
200,159,123,158
202,170,122,148
206,163,112,147
209,174,113,139
205,176,124,131
204,171,112,147
198,162,109,146
190,159,121,153
196,167,121,148
198,160,111,150
206,159,102,155
199,163,107,144
208,177,95,134
211,177,92,135
208,175,88,135
207,187,91,124
209,183,91,132
207,182,98,130
199,182,103,131
201,179,100,133
198,184,121,129
194,174,111,134
193,176,114,131
200,182,109,124
204,174,95,135
204,166,103,140
227,149,96,158
208,152,116,154
208,148,139,159
204,150,137,158
206,157,151,152
194,153,165,154
202,149,153,155
205,153,150,151
233,154,139,155
225,157,124,143
229,165,132,142
232,143,136,165
227,129,138,175
227,117,152,188
229,111,153,194
220,100,142,207
263,104,151,214
210,89,153,214
208,96,138,206
215,94,152,205
228,96,165,209
198,93,146,196
191,95,160,202
201,95,133,211
205,91,103,225
