766,139,77,119
764,145,75,117
770,145,68,119
767,145,71,116
769,142,71,123
766,139,74,123
768,142,70,116
766,142,73,118
766,142,70,118
769,139,68,117
768,138,69,117
760,136,74,113
757,127,73,124
761,129,70,121
756,126,71,124
754,126,74,124
754,123,70,125
753,121,69,126
754,120,71,132
754,119,66,130
751,118,69,135
751,115,66,139
750,115,66,139
746,114,69,139
745,111,70,142
746,111,69,143
747,112,68,144
742,111,74,143
743,112,71,146
745,109,68,146
746,112,66,145
743,111,70,150
746,114,66,148
744,115,68,142
741,113,71,148
741,111,73,156
737,112,70,151
739,110,70,155
741,113,71,147
733,112,73,148
739,116,67,145
733,114,68,142
731,121,63,132
730,121,64,129
725,122,68,125
720,124,74,111
722,129,70,100
718,131,75,98
722,131,71,96
720,135,69,95
718,136,72,91
717,138,73,93
716,141,71,94
718,140,70,95
711,146,73,94
716,145,69,94
714,150,68,94
714,150,68,92
715,150,66,95
711,154,72,93
709,155,73,92
712,162,72,90
709,163,74,97
710,160,72,99
715,166,69,102
711,169,76,97
712,174,75,99
717,173,71,100
716,173,70,101
719,175,64,107
711,177,70,107
710,173,67,115
704,172,70,119
700,172,71,114
700,171,70,116
697,168,76,117
695,166,74,123
694,166,74,122
698,167,70,121
695,164,73,123
693,166,75,122
693,160,69,124
687,160,72,130
686,165,75,118
688,162,69,125
685,161,72,125
684,160,72,134
679,155,76,139
681,158,75,130
676,155,79,137
674,154,80,135
671,154,80,136
671,152,78,141
671,154,79,135
667,150,82,137
670,151,78,136
663,149,84,138
664,150,82,139
666,151,79,137
654,152,93,130
656,153,92,132
652,151,100,133
647,151,97,137
652,153,97,133
644,153,94,124
648,150,91,135
643,155,98,133
645,149,88,150
644,151,93,145
644,150,94,133
641,151,103,137
639,152,109,136
638,152,102,138
641,152,95,151
639,154,101,146
637,151,110,144
634,158,105,150
635,151,106,140
637,155,101,145
633,153,101,164
634,153,102,167
631,157,91,161
628,166,92,162
631,169,83,154
629,169,77,161
629,172,76,154
626,174,76,155
627,175,75,153
621,178,77,146
625,177,76,152
625,177,76,149
622,177,77,138
620,182,80,127
621,184,80,127
617,184,79,131
620,184,76,136
615,181,78,138
616,186,77,123
608,183,93,123
610,182,86,134
608,180,86,131
608,181,86,122
604,178,89,119
604,177,88,123
601,174,90,123
598,175,94,116
596,171,92,115
594,171,95,119
593,168,93,123
591,170,92,110
591,168,99,119
589,165,96,119
588,165,93,113
587,165,96,114
586,161,100,114
589,162,96,116
586,162,98,112
586,160,97,120
588,160,98,114
588,161,98,110
589,158,97,117
592,156,95,128
584,156,102,121
585,155,101,124
583,155,103,130
585,153,100,141
587,153,101,149
586,154,102,144
580,155,107,154
579,156,107,158
582,156,106,153
580,156,106,151
579,156,104,155
580,156,105,151
576,157,107,158
577,158,104,157
574,159,106,166
577,157,106,170
574,157,110,182
577,160,112,172
575,160,106,175
567,166,112,176
561,171,112,168
569,171,99,180
565,177,107,166
566,178,105,168
561,182,105,170
562,184,103,161
556,187,109,160
559,187,107,143
558,185,105,166
553,189,112,149
552,191,114,149
554,190,113,150
554,187,113,150
556,188,115,152
555,187,117,151
556,189,116,148
554,187,112,145
555,185,112,151
555,188,113,146
554,187,113,146
552,184,118,140
551,184,123,142
553,180,116,141
553,184,117,133
556,178,115,132
557,181,116,129
557,177,115,133
554,178,117,128
552,177,119,135
554,175,118,132
554,173,121,125
554,176,118,127
552,168,117,132
551,173,119,125
549,170,122,133
551,170,122,137
557,165,118,152
551,169,128,146
553,171,121,137
557,166,119,145
558,170,120,138
554,170,124,133
556,167,124,137
553,169,128,137
551,171,133,139
553,168,132,150
556,166,129,156
551,165,139,164
555,166,133,164
553,165,139,165
556,171,146,161
559,167,131,169
556,166,130,176
553,172,128,174
552,171,128,171
553,171,124,179
555,172,119,188
557,173,118,194
557,176,119,187
558,178,116,184
549,181,121,193
544,184,126,189
543,186,125,198
551,185,118,203
539,193,124,188
539,193,121,189
536,199,122,187
543,204,116,174
532,204,127,161
531,209,129,161
532,211,128,162
528,213,136,156
533,214,131,161
533,217,131,160
536,211,130,162
539,211,129,169
539,212,130,160
536,211,135,158
534,212,140,159
537,206,135,162
533,206,141,161
540,200,130,174
533,201,149,166
535,199,136,174
536,193,145,172
535,194,138,173
542,189,138,177
536,188,142,175
538,189,148,175
542,184,146,183
541,181,151,176
540,181,154,180
540,172,152,181
541,180,150,173
539,176,150,165
538,179,149,160
541,174,145,171
544,173,146,167
543,173,144,168
548,169,137,182
551,171,137,177
549,170,140,163
553,178,141,167
543,172,151,157
542,178,149,153
549,175,159,152
544,177,158,153
545,175,154,156
552,178,141,173
554,172,138,185
561,179,133,208
556,179,146,202
563,178,140,207
561,181,143,206
559,185,144,210
556,186,163,206
561,186,149,220
561,192,176,213
558,194,190,218
562,194,203,226
561,196,214,228
568,202,213,223
570,208,220,220
573,213,199,221
579,212,187,229
576,212,179,229
579,219,163,219
586,220,139,218
590,222,137,212
581,227,149,198
580,233,157,198
579,228,152,209
592,234,142,195
589,236,145,195
587,236,148,188
592,233,148,183
594,236,153,184
596,235,151,182
597,239,144,181
596,238,161,188
594,232,164,191
597,234,159,185
602,230,159,191
600,234,168,184
599,226,162,183
597,231,163,177
598,227,164,177
597,226,166,178
594,226,173,183
589,221,184,188
596,220,185,190
604,217,177,183
600,221,181,185
603,219,176,179
604,218,170,177
606,218,170,179
606,221,169,169
607,220,173,174
607,221,174,179
609,223,173,176
603,227,187,192
610,221,179,188
614,230,179,176
608,230,183,167
604,234,182,174
608,235,189,186
619,237,185,184
601,237,196,171
620,232,177,192
615,241,190,182
604,247,200,192
612,245,221,197
606,250,245,190
607,244,242,201
610,247,251,194
605,250,254,197
608,254,234,204
611,256,212,228
619,254,173,223
624,261,164,255
616,266,178,249
611,261,176,256
623,268,172,253
609,268,189,251
610,277,182,239
614,269,178,253
602,284,195,229
603,285,195,230
603,284,199,226
599,285,195,224
599,295,205,209
600,289,193,206
601,291,193,212
598,289,202,208
604,289,199,211
602,291,201,207
605,279,197,220
604,287,203,210
598,283,200,213
598,271,202,227
589,268,216,218
595,272,214,214
588,264,215,213
591,263,207,197
590,253,207,207
589,257,204,196
583,239,201,210
585,246,219,217
580,245,220,205
582,241,210,199
573,230,224,208
578,230,226,214
574,220,233,214
574,224,249,219
571,211,245,222
575,212,238,224
565,209,235,216
565,210,245,192
575,207,229,212
565,209,240,238
575,207,221,246
572,205,247,227
561,206,246,204
556,200,233,200
562,202,240,206
557,203,231,201
551,203,245,223
564,200,231,261
560,196,236,273
557,196,237,275
561,195,232,268
557,197,242,251
561,198,228,279
561,195,239,284
564,192,225,296
562,190,218,300
557,198,216,272
561,193,212,294
554,202,226,285
552,201,224,286
558,208,216,280
552,205,221,278
559,210,218,276
549,213,229,272
559,219,221,265
555,216,220,262
566,213,213,273
552,209,231,273
554,228,232,251
553,211,234,258
552,217,246,244
544,219,262,236
561,214,265,249
555,211,260,250
554,202,278,256
555,197,274,262
563,194,271,250
562,193,261,248
567,192,249,257
586,196,227,227
586,191,230,208
583,190,220,208
589,179,225,208
587,176,220,213
577,170,236,212
574,170,242,209
564,166,248,202
566,164,263,201
556,159,269,206
556,156,274,198
553,148,265,193
549,149,271,196
548,141,269,193
542,141,278,201
523,129,305,209
528,138,309,204
535,137,300,228
529,128,310,266
530,127,316,297
531,119,320,307
538,120,295,305
545,119,274,303
548,126,265,282
552,131,271,276
559,141,267,269
549,135,279,283
594,140,243,287
624,147,210,283
615,143,217,296
609,154,233,281
608,146,214,302
604,155,225,286
594,163,223,287
602,160,216,293
580,175,232,290
581,170,233,302
567,179,238,298
568,186,250,296
560,181,256,300
538,190,281,299
555,191,276,288
544,193,276,284
556,190,281,284
541,188,293,284
537,187,305,287
536,190,310,280
540,187,298,287
541,190,306,285
536,191,312,285
533,187,304,284
531,173,296,301
542,182,288,296
536,167,320,312
545,170,312,313
480,129,363,267
506,145,355,304
515,149,353,316
512,141,349,328
505,136,373,337
496,118,375,347
511,115,361,344
493,112,361,331
522,139,330,305
507,137,340,313
514,133,306,321
473,127,353,322
503,131,323,314
490,142,305,311
531,137,263,313
518,152,255,299
512,145,257,262
488,150,272,234
483,144,275,273
513,152,250,259
515,156,230,276
485,159,264,252
472,159,265,293
488,162,253,282
488,158,245,294
446,163,288,284
453,163,292,292
428,166,313,298
410,165,317,317
417,176,316,321
422,191,300,315
412,183,298,322
447,194,267,309
440,195,264,310
432,198,282,304
421,202,285,296
399,197,309,302
369,196,342,296
362,192,364,305
368,199,364,294
366,187,347,304
385,199,342,297
387,203,351,288
380,202,344,288
386,197,341,299
393,214,339,290
402,215,331,287
363,202,381,314
361,210,396,305
368,211,395,306
353,223,412,285
342,216,409,274
341,213,428,258
337,219,417,249
365,225,389,241
341,206,407,255
358,216,412,270
352,196,420,285
360,204,420,287
355,198,459,303
352,206,467,296
369,213,424,273
359,216,401,266
368,223,398,257
356,206,373,268
357,225,388,268
328,214,430,275
349,222,395,273
338,237,392,279
340,232,414,271
345,239,412,263
345,246,408,269
359,240,403,275
353,247,432,276
354,238,411,280
354,247,402,281
357,251,422,272
345,268,471,267
340,270,451,278
342,277,440,275
347,277,391,299
367,281,346,279
388,290,310,306
417,299,282,311
433,291,273,308
443,309,251,299
433,302,262,317
444,310,260,308
442,323,265,286
440,324,265,280
402,327,298,278
431,328,278,281
437,332,260,271
449,339,268,263
405,336,300,274
392,335,320,272
393,337,334,272
379,344,333,259
381,346,342,247
382,340,341,250
391,340,340,254
392,331,346,269
393,330,359,254
408,326,338,272
395,327,337,257
395,322,352,255
401,324,349,258
376,320,383,245
389,313,406,259
400,306,385,284
391,303,421,299
384,301,434,299
358,296,448,282
368,302,448,281
422,297,394,301
423,295,382,297
367,287,435,297
330,281,465,266
363,289,451,273
351,280,428,279
360,278,424,270
361,277,405,261
368,283,387,244
370,270,395,254
367,275,379,242
352,275,392,240
377,273,373,239
369,277,377,244
376,273,369,246
347,264,405,268
364,272,395,260
361,277,413,253
355,281,445,253
361,273,425,267
375,283,393,271
397,281,405,262
384,277,422,268
379,289,431,270
430,284,385,277
438,274,320,319
480,292,276,295
496,294,264,295
517,302,246,291
514,299,233,294
543,313,196,291
538,306,217,291
536,307,216,301
558,318,185,288
577,327,183,278
585,331,166,276
608,336,155,265
613,339,144,259
646,342,139,252
644,342,132,259
486,322,156,238
447,319,191,231
453,323,193,230
470,312,205,238
505,312,214,228
504,311,211,233
523,310,215,227
522,305,225,230
528,303,239,216
525,300,241,230
532,293,261,224
488,282,302,238
475,279,309,230
498,276,313,227
493,273,341,231
488,268,342,236
489,265,375,228
494,267,361,222
504,261,387,284
468,245,413,283
504,254,395,282
533,255,354,289
490,256,401,280
524,262,376,281
521,253,320,276
522,264,314,257
518,261,306,248
503,265,330,243
481,263,362,241
483,258,353,244
510,265,336,247
489,261,333,251
487,258,348,262
535,267,320,256
530,276,303,270
510,265,318,271
500,274,321,268
532,277,287,273
553,282,264,273
545,285,266,258
534,290,268,264
545,294,274,262
548,295,269,261
508,306,307,257
538,305,268,282
541,307,260,288
501,313,296,285
522,321,282,275
513,327,285,264
523,328,277,259
488,339,314,247
482,328,314,262
503,333,296,257
492,334,297,251
468,334,329,242
480,337,319,254
478,349,318,251
474,342,320,250
497,344,291,248
475,344,322,242
452,333,344,254
485,331,322,262
479,332,317,263
449,326,352,258
474,336,324,243
451,332,329,246
455,323,337,237
444,329,344,221
440,320,366,219
429,318,345,222
452,302,326,231
440,314,349,218
440,319,354,217
431,301,363,223
422,279,352,241
424,284,365,242
440,294,339,225
431,294,348,222
410,296,369,224
415,286,380,231
421,292,363,224
403,292,375,227
422,291,365,228
423,299,352,214
407,295,372,221
403,291,368,234
430,301,350,250
422,306,363,217
403,299,375,219
418,300,368,239
417,309,382,235
413,311,372,231
396,302,395,236
396,305,432,238
402,304,432,270
408,309,397,263
427,313,371,271
422,317,390,256
411,318,343,262
414,319,319,274
399,323,355,272
426,322,321,281
415,325,324,271
436,334,293,265
439,339,288,277
441,337,276,275
434,341,277,280
439,349,273,273
429,353,280,284
441,352,274,294
445,365,260,275
445,367,262,273
452,361,256,287
446,379,260,269
436,390,269,257
432,388,281,259
409,384,294,256
396,384,310,259
382,394,344,240
386,379,335,256
397,385,333,246
377,396,360,234
384,388,344,249
378,378,363,247
387,391,360,242
396,392,364,240
387,372,367,244
398,372,333,257
408,376,333,245
422,383,333,235
416,375,339,236
403,371,361,249
415,369,342,252
394,350,404,260
409,354,413,271
412,355,398,271
385,343,440,267
387,334,423,287
399,318,404,300
396,311,392,292
398,308,418,295
400,308,396,298
396,302,399,306
390,298,445,316
386,300,420,292
374,293,409,274
374,296,401,277
357,297,422,273
354,297,430,283
356,291,441,304
352,282,414,292
361,296,398,275
361,296,399,276
369,296,380,268
390,298,352,268
363,305,368,259
368,298,384,263
341,316,408,262
326,311,455,265
339,291,453,288
335,302,449,270
343,304,455,270
384,298,417,281
334,304,418,285
353,314,413,270
328,308,423,279
336,303,402,292
336,319,380,284
338,326,388,281
335,322,365,287
335,325,358,287
336,320,382,300
331,327,375,279
325,332,382,281
324,351,393,267
338,326,357,280
342,336,361,264
327,334,375,279
329,330,381,265
337,334,372,268
349,333,367,259
340,334,380,267
344,337,386,257
350,339,380,273
341,324,387,274
345,313,371,289
347,320,371,272
346,321,376,274
354,314,376,284
348,316,397,287
354,304,409,294
347,312,431,291
344,303,425,292
351,304,433,302
348,305,466,314
343,295,476,323
348,295,466,340
342,280,481,351
327,285,493,337
334,287,465,334
327,294,481,327
328,297,499,325
332,294,478,315
332,289,489,332
345,291,477,326
348,298,463,330
348,296,422,347
356,302,410,330
344,307,424,334
342,308,415,266
343,303,383,257
338,304,374,244
335,308,381,261
333,309,386,250
323,315,397,247
325,312,393,243
325,308,401,285
338,309,397,270
337,304,371,307
341,307,366,302
335,309,399,298
341,307,388,299
340,309,407,293
346,302,393,302
356,308,385,307
353,306,398,303
357,312,376,300
359,316,361,302
352,336,363,293
352,334,354,294
352,339,348,292
360,335,345,302
357,336,341,300
345,341,366,277
369,344,339,283
359,340,334,283
345,352,387,245
361,355,346,245
362,358,346,258
365,360,341,262
369,358,373,255
367,365,349,251
370,360,338,261
364,355,355,256
373,364,363,250
377,354,349,244
379,366,347,257
379,368,372,249
395,355,328,270
394,367,323,250
410,368,323,244
396,362,347,249
405,368,330,238
403,360,342,251
403,355,352,253
402,366,360,239
408,349,357,257
399,345,357,267
410,337,406,282
401,330,435,291
393,328,449,289
392,322,455,306
383,327,463,283
389,318,447,297
397,314,441,290
407,314,417,318
402,296,445,321
408,304,456,319
406,287,442,346
419,282,445,351
434,303,444,333
440,302,357,309
427,300,381,322
424,306,387,329
436,299,381,332
472,310,328,326
440,313,355,325
461,319,342,296
444,314,331,310
453,315,326,306
463,325,336,280
455,320,336,278
448,330,353,261
457,341,359,264
457,329,343,266
471,330,313,271
481,335,319,272
487,338,308,275
479,339,336,266
478,338,347,260
496,342,333,257
487,348,318,263
488,342,310,269
519,352,309,270
496,339,316,277
486,338,334,277
498,336,318,276
488,340,353,264
486,334,330,273
501,334,310,267
502,345,324,266
509,341,304,272
519,335,288,279
514,341,300,265
520,334,305,274
526,344,298,261
537,350,293,257
514,323,322,282
528,324,303,281
526,329,323,273
545,335,291,271
525,303,325,306
534,325,337,275
561,342,292,265
554,299,292,300
564,334,297,266
583,333,277,258
584,337,286,264
587,337,293,249
586,334,295,260
598,328,296,263
580,304,309,279
583,309,303,275
569,278,333,302
570,297,353,254
561,292,346,260
576,285,377,283
585,286,347,274
603,291,335,263
606,291,305,249
624,290,291,246
610,289,325,247
616,292,296,240
638,291,327,270
645,283,338,281
652,284,322,274
639,284,349,277
660,277,326,298
660,274,318,286
658,273,319,288
679,275,314,269
691,269,308,282
690,280,333,289
683,264,321,276
701,255,304,277
706,261,282,279
716,266,312,267
725,270,281,263
725,270,281,263
725,270,281,263
725,270,281,263
725,270,281,263
725,270,281,263
557,223,299,183
558,229,303,162
552,239,260,169
557,238,249,179
558,242,244,180
556,248,260,178
556,242,257,186
563,251,254,184
563,249,257,190
557,251,257,194
583,252,237,212
573,256,244,211
557,257,259,199
577,265,258,232
577,266,246,230
585,273,236,231
596,278,232,226
604,288,224,226
599,290,236,223
575,287,267,224
559,293,268,227
562,295,276,233
551,309,301,234
525,329,290,223
521,327,276,220
533,345,262,226
537,347,248,212
531,352,224,208
517,358,250,207
516,351,247,214
512,349,271,212
513,352,258,218
517,356,272,212
511,357,296,213
515,356,262,213
503,347,283,219
501,348,279,222
503,355,297,213
506,355,296,217
511,353,299,225
498,329,269,247
500,333,296,247
482,317,290,257
485,289,267,290
495,316,253,250
503,313,256,242
496,316,259,234
494,307,255,233
500,311,265,224
509,311,247,236
498,300,262,237
483,295,293,250
477,291,289,246
479,279,303,255
488,273,289,281
495,270,293,282
486,268,298,279
486,271,315,274
484,249,274,282
491,271,285,259
497,260,263,271
499,266,263,269
492,262,272,263
495,267,289,268
507,262,286,274
506,275,333,261
506,267,350,277
502,264,319,281
510,271,305,267
503,270,334,275
516,270,295,282
521,273,280,278
531,258,232,309
535,274,210,263
535,279,197,235
549,270,160,247
547,276,187,252
566,282,151,232
563,279,145,217
565,276,144,225
588,282,132,213
586,282,130,205
607,284,116,207
612,273,109,192
618,275,97,185
625,285,99,180
630,281,94,182
636,285,74,164
641,296,72,149
643,294,65,143
644,296,52,132
643,295,48,130
732,385,52,107
676,324,53,98
680,340,64,90
540,316,71,93
539,315,72,97
537,323,82,108
537,314,85,129
533,292,83,146
533,301,95,160
533,303,95,161
530,322,112,152
532,331,115,147
533,326,114,156
535,333,128,153
533,331,126,152
535,339,137,143
540,340,140,142
537,336,132,149
542,337,144,167
541,343,140,172
543,337,149,187
543,328,153,200
542,321,154,208
543,325,158,200
541,309,157,224
543,310,157,214
540,312,167,199
544,317,164,201
548,304,165,226
544,303,173,224
552,296,176,235
558,294,172,235
569,291,153,235
574,293,161,230
570,294,165,222
581,280,152,240
568,285,166,213
578,280,159,215
567,276,169,210
562,284,172,185
551,277,183,191
567,244,178,227
543,238,203,240
562,234,189,235
558,232,196,236
561,227,189,243
557,224,193,244
559,227,204,238
561,225,198,234
572,228,184,237
580,225,182,236
591,230,176,245
583,229,179,251
595,230,165,254
596,231,167,261
601,232,165,262
602,235,156,253
617,243,144,239
607,238,149,245
611,240,148,251
620,253,136,225
615,255,140,216
616,258,139,216
613,264,136,208
613,261,135,211
620,266,125,204
615,276,131,196
610,266,148,206
611,276,144,198
617,281,135,193
622,269,139,211
622,269,136,213
617,267,150,214
622,262,150,223
623,254,166,233
616,242,158,240
612,247,170,240
605,257,202,202
600,263,205,207
596,278,206,170
596,273,213,184
598,286,210,161
603,278,212,169
586,289,230,162
581,274,235,170
572,280,242,174
580,264,237,191
587,278,232,190
580,324,239,155
572,327,243,142
575,343,245,139
578,337,236,163
580,337,222,152
579,342,222,162
580,349,220,155
579,347,179,130
583,352,150,114
595,349,137,119
597,351,134,115
597,350,131,119
601,348,131,117
603,344,131,124
602,339,133,127
608,339,131,127
605,339,129,125
608,326,110,144
609,326,119,151
607,322,118,151
612,324,104,148
609,322,105,152
613,319,105,159
620,312,101,169
617,312,99,162
621,311,90,161
619,306,99,175
618,306,97,178
619,303,94,179
623,306,94,181
624,306,91,182
626,306,88,182
637,306,80,183
640,319,86,172
634,318,98,173
638,310,99,179
637,304,101,181
650,318,109,166
647,323,95,160
654,305,112,163
652,320,102,147
652,336,92,134
657,332,87,127
665,328,84,121
657,326,78,125
665,329,81,110
665,334,62,105
665,334,62,105
665,334,62,105
665,334,62,105
665,334,62,105
665,334,62,105
665,334,62,105
665,334,62,105
665,334,62,105
771,359,78,95
771,359,78,95
771,359,78,95
771,359,78,95
771,359,78,95
771,359,78,95
771,359,78,95
771,359,78,95
771,359,78,95
771,359,78,95
771,359,78,95
771,359,78,95
771,359,78,95
771,359,78,95
939,345,81,96
782,365,74,90
950,352,67,86
955,346,75,98
955,346,75,98
955,346,75,98
846,374,83,95
846,374,83,95
846,374,83,95
846,374,83,95
846,374,83,95
846,374,83,95
846,374,83,95
879,386,97,87
888,393,83,83
888,393,83,83
888,393,83,83
895,401,87,81
901,398,83,87
909,398,74,91
913,404,81,84
916,420,79,72
913,411,91,80
926,409,87,85
946,412,84,85
941,414,93,82
955,423,91,77
957,420,93,81
970,426,83,83
974,420,85,85
979,428,80,82
978,431,86,77
976,430,95,78
985,441,87,72
1001,436,92,82
1001,433,91,85
1015,433,90,87
1010,435,98,83
1025,441,97,81
1024,442,101,78
1033,451,84,74
1037,461,76,61
1034,463,87,58
1045,456,93,69
1051,456,99,75
1060,454,88,79
1066,467,84,70
1068,468,83,68
1076,466,91,71
1076,465,90,71
1085,471,84,68
1085,480,78,58
1087,476,82,63
1095,477,82,65
1105,479,91,61
1108,472,85,69
1115,484,76,60
1117,482,74,62
1125,481,75,63
1125,484,71,61
1132,486,77,62
1133,484,74,63
1135,486,70,61
1142,484,74,64
1151,475,88,73
1149,482,71,68
1157,487,77,63
1159,489,76,58
1167,492,83,58
1163,493,81,58
1171,492,81,62
1172,493,78,63
1174,495,77,61
1178,498,77,61
1183,496,72,57
1182,499,64,54
1190,498,50,54
1194,498,46,52
1214,508,45,57
1198,501,52,52
1204,502,50,53
1202,503,50,54
1202,502,51,56
1208,504,52,49
1212,507,48,51
1214,505,50,54
1218,508,52,54
1221,508,51,54
1224,507,51,57
1223,509,51,57
1227,507,52,56
1230,507,50,55
1229,509,50,56
1231,510,48,57
1238,509,39,56
1241,510,39,56
1247,510,31,58
1248,509,31,60
1251,511,26,57
1251,511,28,58
1252,513,27,58
1255,513,24,59
1256,512,24,60
1259,514,23,57
1262,518,21,57
1256,517,24,57
1262,519,19,59
1269,503,27,63
1269,503,27,63
1266,518,30,58
1266,518,30,58
