23,226,612,228
23,221,642,229
15,218,652,239
27,215,645,235
19,214,674,237
35,217,661,233
48,219,664,213
39,212,679,209
80,214,645,223
103,209,622,229
129,207,617,227
135,213,610,211
173,209,584,221
181,215,586,215
224,207,550,214
236,200,540,214
253,210,547,204
250,208,548,206
268,205,544,203
272,215,562,190
273,222,546,186
305,209,533,204
295,216,543,196
281,233,555,179
325,233,527,187
346,237,484,185
347,249,478,187
342,257,475,185
326,244,485,190
337,245,467,181
313,243,485,178
300,234,483,181
291,234,481,174
288,211,475,181
268,210,535,181
255,203,504,190
268,208,500,179
239,193,517,199
233,201,488,197
231,207,494,200
234,220,534,186
234,229,542,188
261,237,491,200
288,254,481,181
309,256,464,185
324,260,458,180
331,249,458,184
348,238,462,181
359,225,429,183
369,218,424,175
367,212,419,177
360,205,430,174
362,208,424,164
368,200,407,173
357,205,416,184
344,205,405,194
369,217,404,184
384,225,373,187
386,236,366,173
358,247,401,157
347,252,417,160
330,259,427,154
334,257,421,172
330,242,417,178
338,256,410,164
337,247,408,160
349,239,397,155
355,238,394,151
364,245,381,147
370,236,378,151
358,244,383,148
379,245,360,155
370,249,376,153
389,249,353,170
389,251,352,169
383,257,374,169
383,265,400,167
392,278,365,155
397,293,378,142
403,296,363,149
421,300,349,143
451,299,336,145
457,304,335,138
463,295,339,145
481,284,325,141
477,279,335,140
477,271,328,136
470,258,338,151
494,257,317,143
486,261,317,137
462,255,339,148
445,261,333,148
435,261,348,150
454,257,347,150
438,259,364,149
436,262,373,149
431,266,380,156
503,263,335,159
503,264,310,138
487,268,306,135
525,261,272,132
539,248,253,134
551,245,239,132
554,236,229,130
551,229,231,130
556,225,219,125
550,220,219,129
550,221,217,118
538,215,222,117
545,221,218,112
537,227,212,119
541,223,225,120
531,230,242,123
526,224,239,129
526,236,246,133
540,237,230,129
551,251,222,137
556,260,232,131
553,276,239,125
564,287,245,127
576,288,246,129
585,295,244,127
617,282,233,138
626,271,245,129
641,265,234,128
665,245,220,127
669,228,217,138
682,232,204,110
687,224,186,133
673,223,200,126
675,230,183,107
666,236,179,86
650,238,181,95
633,240,187,110
628,249,185,99
620,266,179,75
606,274,184,93
599,281,191,97
590,287,194,88
579,297,197,79
565,297,210,84
567,297,208,86
568,298,193,79
565,289,199,90
561,287,196,82
562,282,188,80
558,278,191,84
559,272,193,87
561,265,199,90
559,267,201,85
559,260,201,86
566,260,200,83
567,262,200,78
595,255,178,87
599,258,179,83
600,256,179,85
598,260,187,83
598,261,190,82
605,262,189,88
608,265,191,81
594,266,204,87
606,271,195,81
623,275,185,78
642,271,168,86
632,276,182,84
627,270,189,92
630,270,188,84
622,267,195,89
617,268,201,86
621,268,203,80
642,267,181,81
646,268,176,77
646,270,177,75
648,270,173,77
670,267,155,76
664,273,153,68
664,276,150,69
661,278,149,69
660,279,145,66
658,278,146,67
658,277,149,69
656,275,152,76
655,277,148,72
654,284,147,71
653,285,153,74
656,281,151,75
664,289,139,72
663,296,138,66
659,296,144,67
660,294,145,69
662,292,144,73
659,293,146,73
665,295,138,73
657,291,151,75
650,291,155,74
659,288,147,76
654,288,149,74
652,284,156,76
651,278,163,81
662,280,154,77
664,276,151,77
662,274,157,78
660,273,158,77
664,271,156,75
664,269,158,72
667,268,155,71
672,262,152,74
680,260,147,69
696,256,133,73
700,252,131,71
699,254,139,68
711,249,131,70
711,247,127,69
720,243,127,67
728,242,119,59
736,241,123,60
739,241,124,61
746,238,124,53
758,239,119,45
767,237,110,46
777,237,108,47
776,235,104,42
781,232,100,46
783,232,97,44
783,231,95,46
782,232,95,47
776,234,103,48
780,232,90,55
779,231,87,55
775,234,96,57
773,234,94,58
769,236,96,52
770,237,92,48
767,237,90,46
766,239,93,49
761,240,90,49
762,242,83,46
763,241,81,48
760,238,84,54
761,239,82,58
760,244,86,53
758,244,83,51
759,245,85,50
757,245,89,51
756,247,82,51
754,247,78,51
755,252,79,47
755,251,79,48
754,254,78,47
754,256,79,49
755,253,77,54
755,260,80,45
754,261,82,47
757,263,77,49
755,266,81,45
753,269,79,44
752,270,84,47
752,274,80,46
748,275,85,48
748,280,85,48
745,283,86,47
742,285,87,47
739,290,89,48
738,293,81,46
732,299,92,45
732,299,90,52
727,307,97,46
725,303,86,52
725,313,80,48
721,317,83,45
717,319,87,48
717,322,84,51
714,324,68,51
713,326,67,50
709,330,67,47
704,333,70,46
702,336,66,42
699,347,71,32
695,344,72,39
692,348,70,50
694,350,63,42
690,356,70,33
684,363,74,29
681,359,74,37
683,357,68,47
683,355,68,47
679,357,72,51
680,358,72,35
671,364,79,37
670,369,79,28
669,357,80,36
672,365,74,35
670,367,74,31
671,368,72,39
668,368,75,43
668,367,76,35
663,367,76,37
666,367,73,44
669,358,66,56
664,357,70,49
666,357,69,60
671,355,59,56
670,360,65,56
669,355,60,59
663,350,66,62
658,348,67,63
662,350,62,59
659,348,62,52
656,343,68,50
650,350,69,39
651,348,69,37
647,351,71,32
642,348,76,34
639,347,77,35
642,344,72,31
638,342,73,32
633,339,76,35
632,336,75,35
636,334,68,26
630,329,71,32
626,325,76,33
626,318,75,40
627,313,70,38
622,311,74,36
624,304,71,38
625,301,68,29
627,300,67,26
631,294,61,25
632,293,60,20
611,257,56,25
616,249,53,33
637,281,53,33
635,277,53,25
619,236,49,31
631,271,58,30
635,266,55,28
633,267,55,29
633,265,58,22
637,261,55,25
640,262,52,22
614,220,49,24
614,220,49,24
614,220,49,24
635,260,52,29
639,251,56,38
641,245,55,37
641,240,54,30
635,240,60,32
641,240,57,38
634,233,62,39
634,233,62,39
635,225,61,46
635,224,60,45
634,220,61,45
632,219,60,44
627,213,65,43
628,209,66,38
629,204,61,32
625,205,64,24
633,199,59,25
635,196,54,23
636,193,51,25
638,190,49,21
650,188,50,25
639,185,47,20
653,190,48,18
614,145,48,21
658,188,47,28
648,176,39,31
643,169,36,23
638,160,33,24
635,153,31,24
630,152,32,21
628,151,32,24
630,154,30,24
634,156,29,23
635,160,29,22
640,162,25,21
640,162,25,21
654,170,21,22
654,170,21,22
664,184,23,21
671,191,24,19
674,198,27,19
683,200,26,20
689,200,26,20
694,201,26,21
698,197,26,18
703,193,23,19
703,186,22,19
704,183,23,19
704,178,21,20
705,177,20,20
707,175,19,19
706,176,19,18
707,177,19,17
707,178,19,18
705,183,22,17
706,186,20,18
705,192,20,17
705,199,19,19
702,206,19,18
700,215,20,19
696,228,21,18
693,240,21,19
689,255,21,18
688,272,20,16
686,287,20,16
687,302,19,17
691,313,20,18
698,319,21,19
706,320,21,18
717,312,21,19
725,304,21,18
737,290,22,17
750,275,21,19
758,263,25,19
771,251,22,18
784,245,24,23
798,235,22,21
811,233,21,19
828,231,18,18
842,229,18,17
858,230,17,17
873,230,18,17
887,231,18,18
903,233,19,20
922,236,17,21
938,237,18,18
958,236,17,20
973,236,18,21
993,236,18,21
1010,232,19,18
1029,232,18,18
1045,228,16,19
1057,227,19,19
1069,226,19,19
1080,225,17,17
1085,223,19,19
1090,222,19,18
1089,218,20,17
1088,213,21,19
1085,210,20,20
1078,207,21,18
1070,202,20,20
1059,198,20,19
1046,198,18,18
1032,196,19,18
1017,196,20,18
999,198,19,18
983,201,18,18
969,204,18,17
951,208,17,17
935,214,16,17
918,219,17,17
905,226,16,16
888,231,16,16
874,238,15,16
858,242,15,16
845,246,15,17
832,252,16,16
819,255,18,15
809,256,16,15
798,259,16,15
791,261,15,15
782,264,15,15
774,262,15,16
766,263,15,15
759,265,17,15
754,264,20,15
749,264,21,17
747,265,22,22
747,264,22,22
750,264,26,25
752,264,26,23
759,265,25,22
767,265,25,24
776,263,22,25
785,262,24,27
794,261,23,28
806,256,29,26
814,245,27,29
816,232,34,27
817,216,39,27
822,204,36,27
824,196,34,28
821,191,37,30
822,189,40,31
817,187,40,32
817,184,37,31
814,180,36,30
811,174,36,31
808,169,36,29
801,159,36,29
795,150,39,30
785,141,37,31
775,132,36,28
764,119,36,27
749,107,36,27
730,89,37,29
707,72,37,29
675,49,37,30
637,18,36,27
574,69,44,27
634,38,36,27
684,61,36,31
684,61,36,31
684,61,36,31
756,131,34,29
721,173,35,32
738,162,43,34
738,162,43,34
760,197,51,42
783,236,55,48
811,243,60,60
811,243,60,60
811,243,60,60
811,243,60,60
761,136,63,51
791,150,59,53
825,161,45,56
825,161,45,56
825,161,45,56
825,161,45,56
825,161,45,56
896,194,44,54
896,194,44,54
896,194,44,54
915,241,48,53
915,241,48,53
944,257,42,68
944,257,42,68
931,288,53,61
931,288,53,61
931,288,53,61
932,282,60,69
932,282,60,69
950,283,52,66
950,283,52,66
947,269,47,75
947,269,47,75
926,284,42,85
925,291,38,83
917,306,39,84
905,334,44,76
886,345,41,77
865,355,45,81
865,355,45,81
865,355,45,81
826,362,41,81
826,362,41,81
808,360,36,83
803,352,41,90
800,350,44,96
796,349,39,99
792,347,33,92
789,351,28,88
789,351,28,88
795,358,39,85
795,346,37,94
795,338,49,109
810,337,54,122
810,340,42,106
812,344,43,103
812,344,50,104
821,346,44,106
823,350,50,108
828,356,48,105
832,363,53,106
835,360,47,107
842,370,56,107
844,373,65,120
848,373,66,140
844,363,73,160
847,360,78,158
852,382,97,136
848,398,95,111
841,413,107,109
844,406,111,127
849,398,111,118
838,414,106,121
824,424,117,116
829,429,106,112
816,431,110,121
808,445,104,106
793,442,113,110
787,435,108,122
764,448,108,131
773,452,87,115
762,472,75,114
727,499,90,111
723,508,95,116
709,533,91,110
719,558,71,99
717,583,58,91
722,605,42,89
710,625,38,85
715,624,44,96
663,623,45,96
712,617,46,102
695,632,53,88
701,642,47,81
699,647,46,74
693,652,53,67
703,657,46,63
704,662,37,57
710,667,34,53
712,674,34,45
651,669,38,45
651,669,38,45
598,679,39,39
598,679,39,39
598,679,39,39
598,679,39,39
598,679,39,39
598,679,39,39
598,679,39,39
622,675,36,42
622,675,36,42
691,649,30,45
691,649,30,45
691,649,30,45
728,674,27,39
728,674,27,39
728,674,27,39
728,674,27,39
728,674,27,39
728,674,27,39
728,674,27,39
728,674,27,39
728,674,27,39
728,674,27,39
728,674,27,39
728,674,27,39
728,674,27,39
728,674,27,39
728,674,27,39
694,679,28,39
633,678,34,40
633,678,34,40
629,683,38,37
626,684,36,36
625,685,34,34
625,685,34,34
639,661,26,39
639,661,26,39
639,661,26,39
639,661,26,39
636,671,22,37
635,672,25,31
634,677,23,25
635,680,22,28
636,682,23,29
636,684,23,33
639,687,23,32
639,688,23,29
642,691,22,28
644,693,20,26
647,694,18,25
649,695,17,24
655,694,17,25
658,695,19,23
664,695,20,24
667,694,20,26
672,696,20,24
676,695,22,24
682,695,21,25
688,693,21,24
692,692,21,27
696,693,24,26
703,691,22,27
707,691,23,29
713,688,23,32
719,688,23,31
723,687,24,31
729,687,24,32
734,687,25,33
739,687,24,33
744,683,24,36
750,684,23,36
752,684,24,35
757,682,24,38
760,680,24,39
763,680,22,38
767,679,23,39
768,679,20,38
769,678,22,38
772,678,22,37
773,678,20,40
775,677,20,41
775,677,20,41
775,676,18,42
775,677,20,43
774,680,23,41
771,679,22,40
770,678,22,36
769,682,23,35
768,682,22,37
764,683,20,34
760,685,25,33
758,689,22,31
752,688,22,32
749,687,22,32
744,690,21,29
743,691,21,28
737,695,20,26
736,694,16,24
730,697,19,23
727,698,18,21
725,696,18,22
721,698,16,20
718,700,17,18
716,701,16,18
714,702,16,16
712,704,15,16
711,704,16,16
710,703,15,16
709,703,15,15
707,703,16,16
705,704,16,16
705,703,16,16
707,703,16,18
709,702,16,18
710,701,17,18
711,701,17,19
712,699,17,20
714,701,16,19
717,700,18,18
718,700,17,19
720,698,17,19
725,698,16,20
726,697,17,21
730,697,17,22
734,696,18,22
738,697,17,22
743,697,17,22
745,697,23,20
748,696,21,21
751,697,18,23
754,696,19,22
757,696,18,22
760,698,20,22
765,698,18,22
768,697,17,22
770,699,17,20
774,700,16,19
777,700,17,19
779,701,17,18
783,702,17,17
785,702,17,17
788,702,17,17
791,703,17,16
793,703,16,16
794,704,16,15
797,705,14,15
799,705,14,14
802,707,15,12
803,707,15,13
806,707,17,12
807,708,16,11
808,709,15,9
810,708,17,10
812,708,17,10
815,709,16,9
816,709,18,9
817,709,16,9
820,709,12,10
824,709,13,11
824,708,13,11
826,708,15,11
826,707,14,11
831,707,11,11
832,708,10,11
833,707,10,11
832,707,10,11
834,708,10,10
835,709,12,9
833,708,11,10
833,708,11,9
832,708,10,10
833,710,11,10
831,711,9,8
829,711,9,8
825,711,11,8
824,713,9,7
824,713,9,7
824,713,9,7
824,713,9,7
824,713,9,7
824,713,9,7
824,713,9,7
824,713,9,7
824,713,9,7
824,713,9,7
824,713,9,7
819,693,10,7
819,693,10,7
819,693,10,7
819,693,10,7
819,693,10,7
819,693,10,7
819,693,10,7
819,693,10,7
819,693,10,7
819,693,10,7
827,689,10,7
825,684,11,9
820,685,13,9
820,685,13,9
820,685,13,9
820,685,13,9
820,685,13,9
806,680,12,9
799,677,13,8
798,677,12,9
795,674,12,9
795,674,12,9
791,671,11,9
791,671,11,9
791,671,11,9
791,671,11,9
781,663,11,8
777,661,13,8
775,658,13,8
776,656,13,8
774,653,11,7
773,652,11,7
772,648,12,7
772,648,12,7
772,648,12,7
769,640,12,5
771,639,12,4
770,634,11,3
770,634,11,3
768,626,11,4
768,626,11,4
769,619,12,5
769,619,12,5
769,619,12,5
769,619,12,5
769,619,12,5
769,619,12,5
769,619,12,5
769,619,12,5
769,619,12,5
769,619,12,5
769,619,12,5
769,619,12,5
769,619,12,5
769,619,12,5
769,619,12,5
769,619,12,5
769,619,12,5
784,634,11,4
783,633,10,5
784,632,8,5
784,632,8,5
786,631,9,4
786,631,8,3
788,631,7,4
790,632,7,4
790,631,7,4
791,632,6,4
792,633,7,5
793,632,8,6
794,634,7,5
796,636,7,4
796,635,7,4
798,635,7,4
801,635,7,3
802,634,6,3
806,632,6,3
808,630,5,4
812,628,4,4
816,626,4,4
820,624,4,3
824,623,4,3
826,619,4,4
831,618,4,4
836,615,4,4
840,613,5,4
844,610,5,4
848,609,4,4
855,609,4,4
860,610,4,4
864,610,4,4
866,610,4,3
869,611,4,4
871,613,4,4
872,615,5,4
874,617,5,3
875,622,5,3
875,625,5,4
874,630,5,4
874,633,5,4
872,638,5,4
872,641,4,3
868,646,4,3
866,651,5,3
863,656,5,3
859,659,4,3
855,664,5,3
851,670,4,4
847,675,4,3
844,680,4,3
840,685,4,3
836,691,5,3
832,697,5,3
827,704,5,3
821,707,5,4
818,710,6,4
816,711,6,4
811,712,6,5
810,716,6,4
810,716,6,4
810,716,6,4
810,716,6,4
810,716,6,4
810,716,6,4
810,716,6,4
810,716,6,4
810,716,6,4
809,712,6,4
809,712,6,4
809,712,6,4
809,712,6,4
809,712,6,4
809,712,6,4
816,706,5,6
816,706,5,6
816,706,5,6
810,705,5,6
807,704,6,8
807,704,7,9
803,703,9,8
800,701,8,10
808,687,8,9
808,679,8,9
805,674,9,10
805,674,9,10
799,679,9,10
794,677,9,12
791,673,11,13
786,672,14,11
784,674,13,9
777,674,15,9
776,674,13,8
768,675,12,7
765,676,14,7
761,676,14,7
757,675,14,7
752,675,15,8
750,674,15,7
746,676,15,7
742,675,14,9
740,674,13,8
735,674,15,8
734,674,14,6
731,673,15,8
730,672,15,8
729,672,15,9
726,671,15,7
726,667,14,9
726,666,14,7
727,666,14,7
728,664,13,6
726,662,14,6
726,659,15,5
727,656,16,8
730,653,15,8
733,651,14,9
734,647,14,9
735,649,13,7
735,648,14,5
735,648,15,5
736,646,16,6
735,645,15,8
737,643,15,10
736,642,15,10
735,643,16,9
732,646,17,6
732,647,16,6
731,648,15,6
729,649,15,6
726,647,16,8
727,649,14,9
724,648,14,9
719,651,16,8
719,653,15,6
713,654,16,5
712,656,16,6
709,656,16,6
707,657,15,8
703,655,15,9
699,658,16,7
696,659,16,7
696,659,17,8
693,661,16,7
691,662,15,7
688,664,16,7
688,662,15,9
686,663,15,10
685,666,16,8
684,668,15,7
682,668,16,8
681,671,16,6
680,672,16,7
679,672,16,8
678,674,17,7
678,676,15,5
679,676,16,6
679,679,16,7
678,682,16,6
678,684,15,5
679,686,15,7
680,687,15,6
680,687,17,8
679,689,16,7
679,693,16,7
679,695,17,6
680,697,16,6
681,699,15,5
683,700,15,5
683,702,15,5
686,704,15,6
687,706,15,7
687,705,17,9
688,705,17,10
690,708,17,10
690,709,15,10
692,709,14,8
695,711,14,7
696,713,14,6
695,714,15,7
697,715,15,8
695,715,14,10
696,717,13,9
696,717,13,9
696,717,13,9
696,717,13,9
696,717,13,9
696,717,13,9
696,717,13,9
696,717,13,9
696,717,13,9
696,717,13,9
696,717,13,9
696,717,13,9
696,717,13,9
696,717,13,9
679,715,15,9
679,714,14,10
676,710,14,8
674,711,14,8
672,708,15,9
670,707,13,10
667,703,15,11
665,703,15,11
666,700,14,11
665,699,14,11
664,697,14,11
663,695,15,9
663,693,14,8
661,694,15,6
661,692,14,7
661,691,14,5
659,686,15,6
659,689,14,5
658,688,15,5
656,686,16,5
656,684,15,6
655,684,15,6
655,682,15,5
653,682,16,6
653,681,15,6
653,680,15,5
652,679,14,5
652,678,14,4
650,677,14,4
649,677,15,3
647,676,14,5
646,676,15,3
645,676,15,3
646,676,14,4
645,675,14,4
644,674,14,3
643,673,14,3
642,672,14,4
641,672,14,4
640,672,15,4
640,672,15,3
638,671,15,5
639,671,15,5
640,671,14,6
640,671,13,6
640,671,14,6
640,671,14,6
639,670,14,6
638,672,14,5
638,671,15,7
640,672,14,7
638,671,15,9
639,673,15,6
638,675,15,5
639,676,14,5
638,676,14,4
640,678,14,3
638,678,14,3
639,680,14,3
639,681,14,4
638,682,14,4
639,684,14,4
639,687,14,3
639,686,14,5
640,690,15,6
640,691,15,6
642,693,15,5
643,696,15,3
643,697,14,4
646,699,15,4
645,702,15,3
648,703,14,3
651,705,14,3
652,707,15,4
656,708,15,4
659,708,15,6
664,709,13,8
669,708,15,8
676,711,15,8
681,712,15,8
688,711,14,7
695,711,13,7
701,711,14,7
711,712,13,7
719,711,14,7
726,712,14,7
733,711,13,7
742,709,14,8
748,710,15,8
758,710,14,7
766,706,13,9
774,705,13,8
781,705,14,9
787,704,15,9
793,701,15,9
800,698,14,10
803,697,15,8
809,694,14,10
811,690,14,10
814,688,15,9
818,687,15,9
820,681,14,9
820,679,15,9
821,675,14,10
818,672,15,9
816,670,16,7
814,667,15,6
812,666,15,6
806,662,15,5
804,660,15,5
798,656,14,5
792,652,14,5
788,651,15,4
781,648,14,3
776,643,15,4
772,640,15,4
766,637,13,6
759,636,14,4
754,633,14,5
749,631,14,5
743,628,14,6
737,627,15,7
733,625,14,6
726,623,15,6
719,623,16,7
717,621,14,8
712,622,14,6
708,618,13,8
703,619,13,9
700,619,13,9
695,621,14,7
692,621,14,7
688,622,14,7
688,623,14,6
684,624,15,4
685,624,15,5
683,624,15,7
685,624,13,9
684,625,14,7
688,626,13,9
690,627,14,7
692,629,14,7
694,631,15,6
698,632,15,6
702,631,14,7
704,633,16,6
710,633,14,5
716,635,13,5
720,636,14,5
726,636,14,5
731,634,14,6
735,635,15,6
742,636,14,8
747,636,14,7
752,636,15,6
759,635,14,4
763,634,14,5
767,632,14,7
770,632,15,7
774,630,15,8
776,631,15,7
778,630,15,6
779,630,15,6
781,628,14,6
782,628,15,7
781,625,14,7
783,624,15,7
783,623,15,8
784,624,14,6
784,623,14,7
782,623,14,5
781,623,14,3
779,621,15,4
777,620,15,5
776,621,16,5
775,620,16,5
774,619,16,6
774,620,15,5
772,620,15,5
772,620,15,4
773,620,15,5
772,619,14,4
771,620,14,2
772,619,14,3
770,619,14,3
771,616,13,4
770,615,14,5
770,616,14,7
769,615,15,6
768,615,15,6
769,613,16,6
770,613,14,7
768,612,15,6
767,611,16,6
766,610,14,6
764,608,14,6
763,609,14,7
760,607,14,6
759,608,16,6
756,608,14,7
753,606,14,6
752,606,15,7
747,607,15,6
745,607,15,6
740,608,15,6
736,606,15,8
733,607,15,7
728,609,16,6
725,610,15,5
719,611,16,7
716,610,15,8
712,611,15,9
708,613,15,8
705,614,14,9
700,616,14,9
695,616,14,10
693,618,14,10
689,619,15,10
685,623,14,7
684,622,15,9
681,624,14,10
680,628,15,11
677,628,14,10
676,629,13,9
675,631,14,10
674,633,15,10
672,634,15,10
672,639,14,8
672,640,14,7
672,642,15,8
672,645,15,7
672,649,14,7
670,651,14,6
669,653,15,6
670,658,15,6
669,661,15,6
669,664,15,7
669,668,16,7
668,671,14,7
669,676,15,6
667,680,15,6
667,683,15,5
666,687,14,6
664,691,16,6
663,695,16,6
663,697,16,7
661,701,16,8
663,702,15,10
661,705,16,10
661,708,14,11
660,712,15,8
657,714,14,7
656,713,16,8
656,713,16,8
656,713,16,8
656,713,16,8
656,713,16,8
656,713,16,8
656,713,16,8
656,713,16,8
656,713,16,8
656,713,16,8
656,713,16,8
656,713,16,8
656,713,16,8
656,713,16,8
656,713,16,8
656,713,16,8
656,713,16,8
656,713,16,8
656,713,16,8
656,713,16,8
656,713,16,8
656,713,16,8
656,713,16,8
656,713,16,8
656,713,16,8
656,713,16,8
656,713,16,8
656,713,16,8
656,713,16,8
656,713,16,8
656,713,16,8
656,713,16,8
656,713,16,8
656,713,16,8
656,713,16,8
656,713,16,8
656,713,16,8
656,713,16,8
656,713,16,8
656,713,16,8
656,713,16,8
656,713,16,8
656,713,16,8
656,713,16,8
656,713,16,8
656,713,16,8
656,713,16,8
656,713,16,8
656,713,16,8
656,713,16,8
656,713,16,8
656,713,16,8
656,713,16,8
656,713,16,8
656,713,16,8
656,713,16,8
656,713,16,8
656,713,16,8
656,713,16,8
656,713,16,8
656,713,16,8
656,713,16,8
656,713,16,8
656,713,16,8
656,713,16,8
656,713,16,8
656,713,16,8
656,713,16,8
675,713,18,6
675,713,18,6
675,713,18,6
675,713,18,6
675,713,18,6
675,713,18,6
675,713,18,6
675,713,18,6
675,713,18,6
675,713,18,6
675,713,18,6
675,713,18,6
675,713,18,6
675,713,18,6
675,713,18,6
675,713,18,6
675,713,18,6
675,713,18,6
675,713,18,6
675,713,18,6
675,713,18,6
675,713,18,6
675,713,18,6
675,713,18,6
675,713,18,6
675,713,18,6
675,713,18,6
675,713,18,6
675,713,18,6
699,712,17,7
702,707,16,8
701,707,19,9
702,700,17,11
703,696,18,12
703,699,18,15
700,688,21,19
704,683,21,21
707,683,26,22
706,674,29,25
703,669,34,28
704,665,35,26
703,660,35,26
706,658,34,25
706,654,33,25
707,647,36,24
707,643,37,27
708,638,36,29
710,636,35,25
710,631,35,24
709,628,36,26
713,623,35,26
711,621,34,26
712,615,37,26
711,613,36,25
711,607,36,25
714,606,35,24
713,602,33,27
710,597,37,26
709,594,36,27
711,590,35,29
710,587,35,27
707,584,35,28
704,581,35,27
702,579,34,24
700,575,36,27
698,571,35,26
695,572,35,25
692,567,35,23
687,565,36,24
687,564,35,26
682,562,38,23
679,561,40,26
677,561,34,25
675,560,36,26
671,559,34,28
670,561,35,23
665,559,36,27
664,560,35,26
661,561,35,24
661,560,34,25
659,560,33,25
657,563,35,26
656,563,35,25
654,565,35,25
655,564,35,26
653,561,35,29
653,567,35,28
652,568,35,27
654,568,34,27
652,568,36,30
652,569,38,28
651,571,38,27
654,572,35,26
657,574,35,28
657,576,37,25
659,578,36,25
663,580,33,25
662,585,35,21
664,581,36,25
665,582,36,28
669,584,35,26
671,582,33,29
672,586,34,28
670,586,38,30
675,592,37,23
676,593,36,25
680,592,33,28
679,590,34,30
682,593,38,29
686,592,35,34
688,592,32,35
689,602,35,29
694,605,31,24
696,608,33,23
698,607,33,26
698,610,30,25
702,611,27,25
707,611,31,28
705,616,33,24
706,616,37,26
708,616,34,24
711,616,33,27
710,616,36,28
714,620,34,26
714,619,35,26
714,619,36,28
716,621,35,26
719,623,34,23
719,621,34,27
719,619,36,29
720,617,36,31
721,616,38,30
723,618,35,28
724,624,36,22
725,625,35,23
726,624,36,23
728,624,36,24
728,623,36,23
728,624,36,22
731,623,37,23
731,621,36,24
732,622,35,24
734,621,35,24
735,623,34,22
735,620,36,23
737,621,36,23
737,622,37,22
737,621,37,22
739,621,35,22
738,620,36,23
738,621,36,22
741,620,37,22
740,621,36,23
739,621,37,24
739,619,36,26
741,619,36,25
740,621,37,24
740,619,37,25
739,620,37,24
740,620,36,24
742,621,35,23
739,621,36,26
741,622,35,25
740,623,36,25
741,623,36,26
740,624,36,25
739,624,36,28
738,624,38,29
740,628,36,27
742,630,34,26
739,632,36,22
740,634,36,22
741,634,34,24
741,634,34,23
741,635,35,23
740,636,36,23
740,634,36,27
740,633,36,28
741,637,34,25
741,638,35,24
741,638,36,26
741,642,36,22
741,643,36,22
743,643,35,22
743,643,35,26
743,646,35,23
744,647,34,20
745,649,33,21
745,650,35,22
744,650,33,21
744,651,36,23
744,652,37,21
744,654,35,20
745,654,35,21
745,655,36,20
746,656,35,19
744,656,37,20
746,658,37,19
745,658,37,21
745,658,37,23
748,658,36,22
747,660,37,21
746,658,38,25
749,660,35,22
750,662,37,20
752,663,35,22
751,663,35,21
753,664,35,21
752,662,37,20
753,663,37,21
754,661,37,23
755,663,36,23
756,661,36,23
756,662,36,21
757,660,36,24
758,663,36,24
759,662,37,23
760,661,37,22
762,663,37,22
761,662,37,23
763,664,38,21
762,663,39,23
762,663,38,21
765,662,37,23
765,661,37,22
767,663,36,22
768,663,38,20
768,663,37,22
769,663,37,22
770,663,37,23
769,662,37,24
770,663,39,22
772,664,36,22
772,663,37,22
774,664,36,23
774,664,37,22
774,665,37,22
774,666,37,23
774,666,37,22
775,665,37,23
776,667,37,24
776,667,36,23
776,668,38,24
776,670,37,22
777,669,39,22
777,669,37,22
777,671,36,21
778,670,37,20
777,671,38,19
777,670,38,20
777,671,37,22
779,672,36,23
777,673,37,23
778,672,37,22
777,673,38,22
778,676,36,21
778,675,37,23
777,676,37,23
778,674,37,25
777,676,37,23
779,677,37,23
778,676,37,22
779,676,35,23
780,678,37,22
780,677,36,22
781,677,36,24
780,678,36,23
781,678,37,21
781,678,36,20
782,677,36,22
782,677,36,22
783,677,37,23
782,678,37,21
783,678,38,22
784,678,37,22
784,679,37,21
785,678,37,24
785,678,37,24
785,677,38,23
787,676,37,25
786,675,37,26
788,677,36,26
787,677,37,25
787,676,37,24
788,678,37,24
789,676,37,25
789,675,37,26
789,677,37,24
789,676,38,26
788,675,38,25
790,677,37,22
789,679,36,24
792,678,35,25
790,678,37,26
790,677,36,24
789,679,36,24
788,677,37,26
788,679,39,25
787,678,39,26
787,679,40,23
788,680,37,23
789,680,37,23
788,679,35,28
786,679,38,25
786,680,38,24
785,681,38,23
787,682,37,23
785,682,39,23
786,683,37,24
786,682,38,21
785,683,37,25
783,682,39,24
783,684,37,23
784,684,38,23
783,684,38,24
782,678,37,30
781,684,37,31
780,683,38,35
781,677,38,40
780,681,39,37
779,682,38,37
779,678,38,39
778,682,38,37
778,676,38,41
777,676,39,41
776,671,37,47
775,672,39,46
774,676,39,43
773,670,36,49
773,671,37,48
772,669,38,49
773,673,37,47
774,665,35,55
771,666,41,52
773,665,36,49
772,660,38,52
772,661,42,56
769,656,39,61
772,655,38,64
767,645,40,69
769,649,43,66
768,646,41,66
767,644,42,73
769,641,36,69
767,637,41,67
769,638,43,68
771,637,39,62
770,633,43,68
770,628,41,67
772,624,38,67
772,621,38,73
771,621,40,67
771,617,40,67
770,614,42,70
767,611,43,69
768,609,43,65
772,607,43,66
774,604,39,65
775,601,40,68
772,597,42,69
773,597,40,63
775,593,40,66
774,590,39,74
775,589,39,66
776,585,39,68
773,582,42,67
773,579,45,69
773,576,42,69
774,577,41,67
778,576,36,62
777,574,36,63
778,572,38,64
777,573,37,61
776,571,39,65
777,571,37,66
779,568,35,63
777,565,38,61
779,562,35,71
779,564,37,64
780,561,33,74
780,563,34,69
780,563,40,68
780,569,39,65
780,566,37,67
781,564,34,70
780,570,41,67
780,571,40,66
781,575,38,64
783,572,35,66
784,577,37,65
780,576,39,71
782,585,38,63
783,585,38,64
784,587,37,72
785,591,34,68
785,593,36,68
784,600,35,63
785,606,34,63
785,610,39,66
785,618,37,64
785,622,35,60
786,628,33,53
786,637,38,58
786,644,34,58
784,653,40,61
785,657,37,59
780,667,42,52
777,676,44,45
785,689,38,33
784,700,37,30
784,708,41,31
784,708,41,31
784,708,41,31
784,708,41,31
784,708,41,31
784,708,41,31
784,708,41,31
784,708,41,31
847,638,33,24
847,638,33,24
843,648,36,24
841,652,35,22
839,653,31,25
838,657,32,23
842,658,27,24
843,661,23,22
841,664,24,21
840,666,25,20
839,669,23,20
837,669,23,19
834,667,25,21
835,666,24,22
831,666,26,24
827,663,29,26
830,665,27,20
830,661,24,22
830,660,23,23
829,657,23,24
830,658,22,23
829,654,22,22
827,652,22,22
827,647,21,24
826,645,23,22
825,642,22,22
827,641,21,21
827,636,21,22
828,633,21,23
824,628,24,22
825,625,22,21
825,620,23,22
826,616,23,24
826,612,22,22
825,608,22,22
825,604,23,23
825,599,23,21
825,596,23,22
825,592,23,21
825,587,23,21
825,582,23,22
826,576,23,24
826,572,22,24
827,569,21,22
828,567,21,21
828,564,22,20
828,560,22,22
829,557,22,20
829,553,21,22
832,550,22,21
831,547,22,22
831,543,24,23
834,540,22,23
838,541,24,20
838,540,23,19
842,536,22,22
845,534,21,21
848,534,21,20
849,532,23,20
853,531,22,20
857,530,24,21
861,528,22,24
866,528,22,23
871,530,23,21
875,529,23,21
879,527,23,23
886,527,23,23
889,528,22,23
896,529,23,23
900,528,22,23
907,530,22,22
912,531,24,22
919,531,22,23
924,533,22,21
930,534,23,22
934,533,23,24
941,536,23,24
944,536,24,23
948,539,25,22
953,538,24,22
959,541,23,21
963,543,22,20
965,543,25,23
967,543,25,23
973,545,23,22
975,544,23,25
977,547,25,22
980,549,24,22
982,548,24,23
984,550,24,20
986,550,25,20
988,549,25,22
991,550,23,22
993,550,24,22
993,550,24,21
996,549,22,22
998,549,24,21
1000,549,24,21
999,550,26,21
1000,550,26,21
1004,548,24,20
1005,550,24,20
1007,549,25,19
1009,547,24,21
1010,545,24,23
1012,544,25,24
1011,544,27,22
1013,542,26,21
1014,541,26,22
1015,541,25,19
1014,540,27,20
1015,537,25,23
1014,539,26,21
1013,536,27,22
1014,539,26,20
1014,540,24,18
1013,536,23,21
1011,537,23,19
1009,537,24,20
1007,538,25,22
1007,536,24,23
1004,536,24,23
1003,537,23,22
1001,540,24,21
998,542,25,20
997,544,25,19
997,543,24,21
994,547,24,20
993,548,25,19
992,550,26,18
992,549,24,21
990,549,24,23
987,551,24,22
987,554,24,20
985,558,24,18
985,560,26,17
985,559,26,19
984,559,25,19
983,560,25,20
982,561,25,21
981,564,27,20
980,564,26,20
977,566,27,21
977,568,28,20
979,567,26,20
978,568,25,21
975,569,28,22
975,570,28,21
975,570,29,22
976,570,27,22
976,573,27,20
974,575,26,18
973,575,28,18
974,576,27,19
972,574,27,19
970,576,29,19
972,575,26,19
970,576,27,20
967,574,30,21
968,574,28,21
966,572,30,20
963,573,31,18
967,571,28,20
966,568,27,21
965,567,28,21
963,566,28,21
965,564,25,20
963,563,28,19
962,561,28,20
960,559,30,19
957,557,30,18
956,553,30,21
958,552,29,19
957,550,26,19
957,550,24,19
954,547,25,18
950,545,27,18
950,542,26,19
949,540,25,19
947,542,25,17
944,539,26,18
943,539,27,17
940,535,25,20
938,536,25,19
935,535,27,18
934,533,24,20
933,534,24,18
928,532,26,19
928,531,25,18
924,529,26,19
924,531,24,17
921,531,25,17
920,529,25,17
916,527,26,19
916,526,26,18
913,526,29,18
913,525,26,19
911,523,26,19
910,522,26,20
908,521,26,20
906,520,24,20
903,518,26,20
902,517,26,22
902,517,25,20
901,517,24,20
900,516,24,18
897,515,25,19
895,514,25,21
894,513,25,21
894,513,24,20
892,511,24,20
888,512,27,20
887,514,26,20
885,512,26,22
885,513,26,21
882,512,27,21
881,514,26,20
879,513,24,21
877,515,25,20
876,512,25,21
872,511,26,24
870,514,27,22
869,515,26,21
866,516,25,21
865,516,26,21
863,518,25,20
858,519,25,21
856,521,26,21
856,517,25,23
855,519,25,22
851,520,24,22
849,522,24,21
847,526,26,19
846,528,25,18
842,528,26,20
841,530,26,20
838,530,27,21
837,532,27,20
835,532,27,20
834,535,25,20
833,536,25,19
832,537,24,21
831,537,26,22
830,540,26,20
831,543,24,17
831,543,24,18
829,543,25,22
829,544,25,21
830,543,24,21
830,549,25,17
829,550,25,19
830,550,25,19
828,552,26,19
829,552,26,19
831,554,24,19
831,556,26,19
830,555,26,19
830,555,26,20
831,558,28,19
832,559,28,19
832,558,28,18
831,559,30,18
832,559,32,19
833,559,31,19
838,560,29,18
840,559,29,19
841,558,30,20
846,557,26,21
846,557,28,20
851,559,26,18
853,557,26,20
854,556,28,19
860,554,25,21
865,555,25,20
866,553,26,20
871,551,25,21
874,551,26,19
879,549,25,20
883,548,25,21
885,549,26,20
891,548,24,19
895,546,27,22
903,547,26,19
905,544,27,22
913,544,25,22
918,543,25,21
922,545,27,21
928,543,26,18
937,542,25,19
941,544,26,19
946,542,25,18
951,544,25,17
956,544,25,17
960,545,25,16
964,543,25,17
967,542,26,18
969,540,25,19
972,542,26,18
973,543,26,16
976,542,25,17
975,541,26,18
974,541,27,17
975,541,26,17
975,543,23,16
972,542,24,17
970,543,25,17
967,542,25,18
964,542,26,18
960,543,26,18
957,543,26,18
952,544,25,18
947,542,25,18
944,543,27,20
939,544,26,21
936,544,26,22
932,545,27,22
925,546,28,21
927,550,25,18
924,552,23,17
922,553,24,19
919,554,25,20
919,557,25,19
915,556,27,18
914,558,26,18
912,560,26,18
913,560,25,18
910,561,27,19
912,560,26,19
912,561,26,21
911,565,26,18
912,566,27,18
913,568,26,17
914,566,26,19
912,566,27,19
914,567,27,17
916,567,26,17
917,567,26,18
916,566,27,19
917,567,26,20
918,568,24,17
917,567,25,19
917,568,26,18
917,566,26,18
916,567,27,18
918,567,26,17
918,565,26,18
918,565,25,18
918,564,26,20
917,564,26,20
917,563,26,19
918,563,27,18
917,563,27,19
917,565,26,18
918,563,25,19
917,565,26,17
917,563,26,20
917,563,26,20
917,564,27,19
917,564,28,20
917,564,26,20
918,565,25,19
917,565,26,20
917,566,28,19
917,567,27,19
916,565,28,21
914,565,30,22
915,566,30,22
918,568,28,22
918,568,26,21
919,569,27,22
919,568,26,24
920,571,26,23
920,570,25,22
920,570,26,23
920,573,25,23
921,575,26,21
918,574,28,22
920,574,27,22
919,577,29,22
922,576,27,22
923,576,28,23
925,575,23,25
925,574,23,24
925,576,26,24
925,578,25,23
926,579,26,21
926,581,24,20
929,580,24,20
928,581,25,19
927,578,27,22
927,580,26,21
928,581,25,19
927,583,27,20
928,583,28,20
930,580,24,21
931,580,23,21
930,580,26,22
930,581,25,21
929,582,25,20
927,583,28,20
926,582,27,22
926,583,28,21
928,583,25,21
927,582,27,21
929,581,24,23
930,583,24,21
928,584,24,21
928,585,26,21
927,582,25,22
928,583,26,22
928,583,26,22
928,584,26,23
927,583,25,22
927,583,25,23
927,584,26,23
928,583,26,22
929,584,26,22
930,584,25,22
930,585,25,22
931,586,26,21
932,585,26,21
930,585,28,22
931,586,27,20
931,586,28,20
932,586,30,21
928,586,33,21
931,584,31,21
933,585,30,20
930,583,32,23
935,583,29,23
938,583,27,23
937,582,27,20
938,584,28,20
940,583,25,20
941,584,25,20
942,583,26,18
941,586,27,18
944,585,26,18
943,583,27,20
941,582,29,20
944,582,26,21
946,583,25,19
948,584,25,19
947,584,27,19
948,581,26,20
949,585,26,18
949,585,26,18
950,584,26,18
951,584,26,19
951,581,26,22
952,583,26,21
951,582,25,22
951,584,26,22
950,585,26,21
949,584,28,22
949,585,29,21
952,586,26,22
952,587,26,22
952,586,25,22
952,588,27,20
953,587,26,21
955,589,25,20
955,588,24,21
956,589,25,20
956,590,26,19
958,591,25,18
958,590,25,19
960,592,26,19
959,590,27,19
958,590,29,20
959,592,27,19
961,592,27,18
963,592,27,19
966,591,25,18
965,591,26,19
966,592,27,18
967,590,27,18
968,592,26,17
966,591,28,18
970,589,27,19
971,589,26,19
973,588,25,19
973,586,26,20
974,585,26,19
975,585,26,19
976,583,26,20
976,581,27,21
978,582,26,20
978,583,26,18
979,581,25,18
979,580,26,19
981,579,24,19
978,579,28,20
981,578,26,20
980,578,26,19
982,578,26,19
981,576,26,18
981,575,26,19
984,576,26,18
983,575,27,18
984,574,26,19
984,574,26,18
984,575,25,17
987,572,26,19
986,570,27,21
986,572,26,19
985,571,26,21
989,574,23,17
989,573,24,17
988,575,25,16
987,574,28,17
989,571,24,18
987,570,23,18
985,570,23,20
987,570,24,19
986,568,25,19
983,567,26,20
982,567,26,20
982,565,26,20
980,567,25,18
979,566,25,18
975,560,27,21
975,560,26,22
969,560,27,21
967,559,27,20
965,558,26,19
961,556,26,21
956,557,26,19
952,555,27,19
948,554,27,20
943,552,28,20
939,548,26,21
936,548,26,20
929,546,27,20
925,543,27,22
919,544,26,20
915,543,25,18
909,541,26,18
905,539,25,17
898,536,25,19
894,535,25,19
888,529,25,22
881,529,27,21
876,527,27,18
872,523,24,21
866,525,25,19
862,520,24,20
856,520,24,18
853,519,23,18
847,519,24,18
843,518,25,17
837,514,25,17
832,512,24,18
827,511,25,18
824,509,24,18
822,507,24,20
815,507,25,18
815,505,24,18
810,503,24,18
808,501,24,20
806,501,23,20
801,497,24,21
799,497,24,23
799,495,22,22
796,495,23,21
796,493,23,22
793,495,25,21
794,495,23,19
791,494,25,18
792,494,24,19
794,495,23,16
793,495,24,17
791,494,24,17
793,494,24,16
792,495,25,16
794,494,22,17
796,495,22,16
796,495,23,17
798,494,23,18
799,493,23,18
798,494,25,19
799,494,25,20
802,494,23,19
804,496,23,18
805,495,25,18
807,495,25,19
808,497,24,18
809,497,24,19
811,498,23,19
812,497,24,21
814,498,23,21
815,496,24,22
816,498,25,23
817,500,25,19
817,502,24,19
819,502,23,18
821,504,24,17
823,505,24,17
823,501,24,20
822,504,27,21
821,506,29,19
827,503,25,22
828,505,26,21
830,505,27,22
834,506,26,22
834,506,27,20
836,511,27,17
841,509,24,18
840,511,26,18
846,511,25,17
846,513,27,18
849,511,26,19
851,512,27,21
853,513,27,20
857,512,27,19
861,514,25,20
864,515,26,19
868,515,24,18
872,515,25,19
871,515,27,19
876,517,26,17
882,518,24,18
884,518,25,18
886,518,24,18
889,518,24,18
893,519,25,17
894,520,25,19
896,519,26,19
901,519,26,21
906,520,24,20
906,524,25,17
912,523,24,17
913,524,25,17
914,523,27,19
916,525,28,18
921,527,28,18
922,525,30,19
925,526,28,18
931,528,26,17
933,528,27,18
933,526,28,19
934,528,31,20
937,528,30,21
939,529,30,21
944,528,28,21
950,531,27,19
952,533,26,19
951,531,28,19
954,531,28,18
958,533,28,19
957,535,29,17
962,534,27,18
964,533,25,18
967,534,26,18
967,535,26,16
968,535,26,17
968,535,31,17
972,534,29,19
976,537,26,18
975,535,26,19
978,535,26,19
977,534,26,18
979,536,26,20
979,537,27,18
981,535,26,18
983,536,25,18
985,537,26,17
987,536,26,17
986,537,27,18
990,534,25,20
990,537,25,18
992,536,26,18
995,536,25,19
994,537,26,19
997,537,27,19
1000,538,25,17
1000,539,26,15
1002,539,26,17
1006,537,26,18
1009,539,25,18
1007,537,26,19
1013,539,25,19
1015,538,25,20
1017,539,25,18
1022,540,24,19
1024,537,25,20
1028,537,24,21
1030,537,25,22
1032,537,26,23
1037,537,24,22
1040,540,26,19
1042,543,27,20
1047,544,25,18
1052,544,25,18
1054,544,25,20
1057,544,27,20
1061,544,26,21
1063,545,26,22
1068,544,25,22
1072,545,25,21
1073,545,26,22
1075,550,27,19
1080,549,26,17
1083,550,27,18
1085,550,27,20
1087,550,26,19
1089,552,25,19
1092,549,21,21
1095,552,25,19
1095,552,27,19
1097,553,26,19
1096,554,26,17
1099,556,25,17
1099,553,26,20
1101,553,26,19
1101,552,27,22
1101,554,27,21
1102,551,26,23
1102,556,27,19
1102,557,28,18
1102,554,26,19
1103,552,27,22
1102,557,28,19
1105,556,27,19
1106,554,27,21
1104,555,28,21
1107,553,25,22
1106,551,27,25
1107,555,26,21
1106,557,25,19
1108,555,27,20
1109,557,26,19
1110,557,27,17
1110,558,27,18
1110,558,28,18
1113,559,26,18
1112,559,26,17
1116,559,26,17
1115,558,26,19
1115,558,27,21
1117,557,27,21
1119,558,26,20
1121,560,25,20
1122,560,26,21
1124,562,26,20
1125,562,25,20
1128,562,27,21
1127,563,22,19
1128,566,22,17
1131,567,26,16
1131,566,24,17
1132,567,23,16
1135,569,20,15
1137,567,16,14
1137,568,15,16
1139,567,13,13
1141,568,13,13
1144,567,16,15
1143,567,18,13
1143,567,18,13
1143,568,17,14
1143,568,17,14
1143,568,17,14
1143,568,17,14
1143,568,17,14
1140,567,20,17
1140,567,20,17
1140,567,20,17
1177,572,18,17
1174,572,20,17
1177,575,21,16
1181,575,18,16
1179,575,21,15
1179,573,23,17
1177,574,25,17
1180,576,26,16
1179,575,27,18
1181,576,27,19
1184,575,26,19
1184,575,28,21
1187,578,27,19
1189,579,27,18
1192,577,26,22
1190,580,28,19
1191,582,29,18
1193,582,30,17
1194,584,30,18
1198,583,27,18
1201,585,27,19
1201,583,29,19
1204,584,29,20
1207,585,27,19
1208,587,27,18
1210,584,29,22
1213,584,29,23
1216,586,29,21
1217,587,30,20
1221,585,29,23
1225,589,30,20
1227,589,29,19
1233,589,28,19
1235,590,29,19
1237,591,31,20
1243,591,31,19
1246,592,30,20
1249,588,30,24
1255,588,26,25
1260,589,21,25
1263,590,20,26
1267,591,17,25
1267,591,17,25
1267,591,17,25
1267,591,17,25
1267,591,17,25
1267,591,17,25
1267,591,17,25
1267,591,17,25
1267,591,17,25
1267,591,17,25
1267,591,17,25
1267,591,17,25
1267,591,17,25
1237,639,16,23
1236,629,20,25
1233,629,23,27
1233,629,23,27
1233,629,23,27
1233,629,23,27
1207,584,24,31
1207,584,24,31
1207,584,24,31
1207,584,24,31
1236,628,29,28
1236,628,29,28
1236,628,29,28
1236,628,29,28
1236,628,31,28
1235,628,34,26
1235,628,34,26
1178,570,34,24
1178,570,34,24
1178,570,34,24
1178,570,34,24
1183,571,36,17
1183,571,30,16
1191,570,25,19
1194,573,23,16
1199,573,23,16
1201,572,25,16
1205,573,24,17
1210,577,23,15
1214,575,23,18
1219,576,23,17
1223,576,25,19
1230,578,24,19
1234,579,24,18
1241,582,25,17
1248,582,28,17
1253,582,26,19
1260,583,22,17
1266,586,23,18
1266,586,23,18
1266,586,23,18
1266,586,23,18
1260,579,19,23
1260,579,19,23
1260,579,19,23
1260,579,19,23
1260,579,19,23
1223,572,19,19
1231,571,18,15
1221,568,21,15
1221,568,26,16
1223,568,30,16
1228,567,31,17
1232,569,31,21
1233,569,32,20
1239,568,32,26
1242,569,36,22
1242,569,36,22
1250,569,30,23
1252,573,28,26
1252,573,28,26
1252,573,28,26
1252,573,28,26
1252,573,28,26
1251,528,28,27
1199,507,30,28
1204,507,30,27
1247,510,33,28
1208,516,39,19
1211,518,38,15
1214,519,40,14
1215,522,41,13
1219,521,41,14
1223,520,40,15
1227,518,39,14
1230,520,40,14
1234,518,42,14
1237,516,42,14
1242,514,36,14
1246,513,34,14
1249,515,30,13
1254,512,26,14
1260,512,25,12
1263,508,25,13
1258,507,21,12
1249,504,24,10
1256,501,23,12
1239,501,22,14
1246,496,20,15
1238,496,22,15
1237,480,17,16
1201,515,15,21
1204,511,19,16
1207,511,15,15
1173,482,13,12
1173,482,14,10
1175,483,15,10
1160,495,15,13
1163,493,17,15
1140,476,20,14
1142,478,24,18
1166,490,26,20
1147,475,29,20
1151,473,29,20
1153,473,27,23
1157,472,28,21
1157,472,29,21
1161,472,29,21
1161,471,31,21
1161,469,30,21
1164,470,29,20
1167,468,30,20
1168,469,31,23
1169,467,31,30
1171,466,30,33
1174,462,29,36
1173,463,29,34
1177,462,29,34
1177,459,32,36
1180,457,30,35
1184,459,27,32
1187,458,26,33
1188,454,28,36
1191,453,26,37
1191,454,30,34
1195,450,29,37
1197,448,28,38
1201,451,29,37
1203,451,29,34
1206,450,29,34
1211,448,26,34
1212,447,25,35
1215,448,26,33
1219,444,28,36
1222,444,28,35
1226,444,27,36
1229,441,26,37
1232,441,24,38
1233,442,27,35
1238,440,30,34
1242,441,33,35
1243,441,36,34
1247,438,32,37
1251,438,30,36
1254,438,27,37
1259,431,23,41
1261,430,20,40
1263,433,18,37
1268,436,17,36
1267,437,12,35
1271,432,15,35
1274,433,19,36
1256,455,23,33
1257,452,23,33
1252,447,29,38
1245,452,33,34
1246,450,32,34
1251,445,31,39
1252,440,28,48
1253,439,27,50
1253,436,27,52
1257,433,23,56
1257,437,24,52
1262,439,19,51
1263,443,23,47
1265,446,29,44
1252,436,28,48
1265,440,33,51
1226,508,43,51
1226,508,43,51
1226,508,43,51
1233,583,47,42
1243,519,45,39
1243,519,45,39
1237,520,46,38
1237,516,51,43
1234,526,52,37
1234,524,51,37
1242,526,56,35
1246,528,63,32
1250,530,71,31
1220,614,61,27
1230,614,51,30
1232,616,45,31
1232,619,45,27
1232,617,47,30
1238,618,42,30
1248,617,38,31
1254,623,31,32
1254,623,31,32
1254,623,31,32
1254,623,31,32
1254,623,31,32
1248,695,33,32
1248,695,33,32
1248,695,33,32
1248,695,33,32
1248,695,33,32
1248,695,33,32
1237,641,31,38
1237,641,31,38
1237,641,31,38
1237,641,31,38
1237,641,31,38
1237,641,31,38
1237,641,31,38
1237,641,31,38
1237,641,31,38
1237,641,31,38
1237,641,31,38
1235,626,30,37
1235,648,35,35
1235,648,35,35
1235,648,35,35
1235,648,35,35
1161,611,34,34
1095,655,33,36
1082,656,36,34
1077,660,42,30
1074,656,45,34
1072,645,50,45
1073,640,50,49
1071,642,55,49
1073,646,55,45
1072,638,59,52
1073,644,64,45
1071,639,60,50
1074,644,67,47
1073,647,74,44
1078,650,72,51
1073,639,68,51
1072,635,71,56
1073,634,69,57
1073,634,70,57
1073,632,69,59
1075,634,67,58
1074,637,71,54
1074,635,71,55
1074,636,71,54
1073,637,72,56
1074,637,70,55
1074,631,74,60
1074,627,73,65
1076,620,65,72
1075,618,60,72
1075,612,54,80
1079,606,47,84
1079,620,50,80
1075,631,62,63
1074,631,67,60
1075,631,61,60
1075,629,58,60
1075,629,64,61
1075,621,59,70
1076,622,50,71
1074,613,52,80
1076,619,64,74
1075,633,68,61
1074,633,66,60
1076,634,62,60
1074,633,60,59
1075,632,63,59
1074,633,70,58
1076,634,66,58
1078,634,58,58
1075,634,72,57
1073,638,70,54
1076,636,66,57
1073,635,67,57
1075,637,57,55
1074,638,62,54
1073,637,63,56
1073,636,70,59
1072,634,74,58
1075,636,73,58
1074,634,75,56
1075,635,71,57
1074,635,67,57
1076,636,61,57
1076,634,65,59
1075,636,65,58
1075,636,73,59
1073,636,79,59
1076,634,70,55
1073,635,74,57
1073,634,73,59
1076,636,71,55
1076,634,68,58
1077,634,62,58
1076,636,61,56
1073,637,70,55
1074,634,70,59
1076,632,67,61
1074,637,70,56
1074,636,73,58
1074,634,70,58
1076,635,64,58
1073,636,67,58
1074,635,69,57
1075,634,73,57
1074,635,75,57
1072,632,77,61
1075,631,74,62
1074,632,73,61
1073,630,75,61
1075,634,72,58
1075,632,73,60
1075,629,69,63
1075,628,68,65
1074,633,76,58
1075,633,65,59
1076,634,63,58
1074,635,70,57
1075,636,70,56
1075,635,68,58
1075,634,65,60
1075,635,67,59
1075,634,67,60
1074,635,64,59
1074,636,67,56
1074,635,65,57
1075,635,68,57
1075,636,66,54
1076,636,61,56
1076,636,65,56
1075,637,74,55
1074,634,73,58
1077,634,68,59
1073,632,65,60
1075,631,64,60
1076,634,64,59
1076,635,64,58
1075,634,69,58
1074,635,62,56
1075,636,67,56
1074,636,66,57
1074,636,66,59
1073,635,70,59
1077,632,66,62
1075,630,68,62
1075,621,65,70
1076,629,63,62
1077,637,62,54
1074,634,60,59
1074,635,67,57
1076,634,60,59
1076,634,57,58
1075,635,65,57
1075,636,65,57
1076,634,71,60
1074,635,72,58
1077,635,72,58
1075,633,70,61
1076,636,66,57
1075,636,69,57
1076,635,63,57
1077,634,60,57
1075,633,66,57
1076,634,67,57
1073,636,69,56
1075,637,66,56
1076,635,66,57
1073,636,68,57
1075,635,69,59
1075,633,73,60
1074,630,75,65
1076,631,68,62
1073,637,67,56
1074,636,75,58
1075,633,65,59
1074,633,69,58
1075,634,64,58
1076,635,67,57
1074,636,68,57
1076,634,62,58
1075,635,65,57
1072,636,70,57
1074,634,76,56
1072,633,71,60
1075,629,67,64
1076,628,67,62
1075,634,67,56
1075,633,66,58
1077,631,64,60
1074,634,73,58
1075,634,73,58
1073,633,74,60
1076,633,72,59
1074,634,73,59
1076,631,66,60
1074,633,72,58
1073,629,74,63
1075,636,71,56
1074,637,73,55
1075,634,69,57
1076,634,67,58
1075,634,71,58
1073,633,69,59
1075,627,63,65
1076,633,69,58
1073,633,68,58
1072,631,64,61
1076,633,68,59
1077,632,65,60
1074,636,64,55
1073,637,62,56
1075,637,66,57
1076,634,67,55
1074,637,64,54
1076,634,64,56
1077,635,58,56
1076,634,67,57
1077,634,56,58
1075,635,67,56
1075,634,68,60
1075,634,70,56
1073,636,69,57
1075,635,65,58
1075,634,64,57
1075,630,59,60
1074,637,65,53
1074,634,66,57
1074,632,61,60
1073,631,65,61
1073,638,73,53
1074,638,73,54
1072,635,79,59
1072,635,78,59
1070,640,91,53
1074,634,88,60
1074,632,97,62
1074,622,87,70
1074,619,95,70
1073,624,106,65
1073,629,100,62
1074,619,93,73
1072,614,73,80
1073,613,63,79
1076,629,57,66
1074,633,64,59
1073,639,70,52
1074,637,73,56
1074,635,75,58
1072,638,74,52
1075,634,74,58
1074,637,58,55
1075,639,47,52
1073,641,44,50
1074,639,46,53
1075,636,48,54
1073,638,44,51
1075,638,43,52
1075,640,44,53
1074,637,45,53
1074,640,50,52
1075,637,55,54
1076,637,59,55
1075,636,59,56
1077,636,61,55
1078,637,65,54
1077,636,70,57
1075,635,73,58
1076,635,73,57
1076,636,77,55
1076,637,75,55
1077,636,78,55
1075,637,86,53
1075,638,91,51
1075,635,93,55
1076,629,95,60
1075,633,91,56
1076,638,81,52
1075,641,75,50
1077,638,68,51
1076,638,64,53
1076,637,70,54
1077,635,68,57
1077,636,63,55
1077,635,65,56
1076,636,66,55
1077,636,63,55
1075,636,70,55
1077,635,66,57
1074,635,66,57
1075,634,69,56
1076,635,65,55
1074,632,66,58
1076,635,68,55
1074,636,65,56
1076,635,61,56
1076,635,64,56
1077,636,63,56
1077,635,64,55
1074,635,62,56
1075,634,65,57
1076,633,65,58
1076,630,60,61
1076,627,62,62
1076,632,64,59
1076,632,67,57
1074,636,70,54
1075,634,68,57
1076,632,66,58
1076,639,74,51
1074,635,75,53
1075,624,77,66
1076,614,89,76
1077,619,111,71
1077,619,123,68
1078,610,116,72
1075,617,121,71
1074,605,124,81
1075,606,136,83
1070,618,160,68
1078,620,161,65
1072,615,164,69
1074,615,161,72
1061,609,183,77
1065,617,179,68
1073,615,170,74
1067,617,171,72
1071,599,165,85
1069,610,162,76
1066,604,171,82
1071,600,164,86
1071,606,167,79
1069,619,169,68
1067,627,174,57
1069,623,166,66
1068,616,168,75
1075,617,166,71
1071,608,169,79
1074,611,163,77
1071,599,170,91
1078,599,161,90
1075,612,163,75
1076,602,162,87
1078,617,162,73
1079,604,159,87
1078,589,157,99
1077,599,160,97
1079,575,157,118
1077,568,160,122
1080,565,152,130
1086,566,146,138
1079,566,149,129
1083,565,145,133
1079,565,152,145
1079,564,148,138
1078,567,156,133
1078,565,153,140
1081,566,147,124
1078,566,157,131
1074,567,154,145
1078,564,152,134
1076,565,157,149
1078,566,153,134
1080,564,149,127
1075,565,160,134
1087,564,141,128
1077,569,158,127
1077,568,158,130
1080,566,152,131
1076,570,164,135
1077,568,159,128
1081,569,146,125
1078,567,162,137
1077,568,159,126
1076,568,162,141
1084,566,151,138
1078,566,159,140
1084,566,151,131
1078,567,158,146
1080,567,153,134
1080,567,152,126
1080,567,150,140
1078,568,156,128
1073,566,170,148
1078,565,171,139
1077,564,190,144
1077,563,186,143
1077,566,197,135
1076,563,204,136
1075,573,192,122
1077,567,184,129
1071,567,192,126
1072,564,207,146
1070,568,211,143
1070,571,214,144
1072,570,211,144
1073,576,197,137
1071,572,201,139
1073,567,186,136
1076,568,170,123
1075,567,167,137
1081,567,150,126
1083,565,153,124
1077,568,160,127
1075,566,161,127
1079,563,159,128
1076,567,163,123
1075,563,166,128
1074,567,162,127
1074,561,165,130
1076,575,164,122
1085,559,151,126
1085,553,147,139
1080,573,155,120
1076,589,166,101
1074,585,169,105
1079,595,186,91
1078,587,161,101
1075,592,167,96
1076,598,161,90
1076,604,158,82
1075,600,163,86
1078,594,153,92
1082,582,157,105
1074,578,162,112
1078,570,156,118
1081,568,156,123
1078,570,154,121
1077,571,154,122
1077,588,157,106
1087,569,151,121
1081,566,156,125
1087,565,147,127
1078,580,158,115
1085,576,148,109
1076,573,160,116
1077,571,161,119
1080,569,155,122
1078,576,161,118
1080,575,155,119
1078,574,155,117
1078,573,155,122
1078,576,155,117
1076,579,158,110
1079,575,156,113
1078,575,154,111
1076,581,160,116
1078,573,158,119
1079,572,155,117
1077,573,159,119
1078,571,154,120
1078,571,157,121
1076,575,155,110
1073,571,158,118
1081,573,153,118
1076,575,155,111
1075,568,158,122
1074,570,161,126
1075,570,159,119
1081,569,153,125
1077,575,159,112
1075,592,159,101
1074,591,159,100
1074,600,159,90
1079,575,146,114
1077,574,157,122
1076,574,160,113
1074,587,160,107
1078,580,156,110
1076,577,156,118
1074,581,162,107
1073,575,162,116
1073,572,151,113
1078,571,159,119
1073,572,160,115
1073,571,159,120
1077,571,155,115
1076,576,162,117
1071,575,166,115
1074,574,163,128
1076,574,153,116
1075,577,160,116
1075,581,160,106
1070,577,164,112
1074,576,157,113
1073,575,159,111
1080,573,154,117
1074,573,155,115
1079,572,155,119
1074,576,161,112
1074,574,161,115
1072,571,158,120
1074,569,160,118
1075,573,160,124
1073,574,162,114
1073,573,161,113
1076,578,161,114
1075,577,161,110
1075,575,161,112
1075,574,161,112
1075,582,163,106
1071,579,163,106
1074,579,160,102
1071,579,169,120
1073,575,165,115
1075,576,162,107
1074,573,163,121
1073,572,166,115
1074,567,180,127
1071,570,169,114
1074,574,166,126
1080,560,149,135
1081,561,150,136
1079,567,150,143
1081,565,149,132
1073,563,154,134
1076,562,156,130
1076,560,158,137
1077,569,157,125
1073,565,158,131
1076,562,154,132
1075,559,152,137
1073,562,158,134
1075,562,154,132
1077,563,156,136
1071,566,169,128
1075,578,164,111
1076,592,162,99
1072,585,160,103
1075,577,157,110
1072,575,162,116
1073,572,162,127
