529,55,49,134
526,71,51,134
523,73,52,143
521,79,50,148
518,80,47,149
514,88,48,152
513,91,46,151
512,96,43,155
504,110,49,141
501,111,51,146
499,121,53,140
499,116,47,145
498,105,48,156
494,109,52,155
494,120,50,145
492,119,50,145
494,124,49,138
491,126,50,138
491,128,48,141
493,132,47,134
492,138,49,128
492,133,48,128
496,138,47,126
494,133,49,127
496,138,48,120
496,142,51,123
505,137,50,138
502,134,49,137
507,131,46,136
508,134,47,130
509,140,48,131
511,138,50,130
515,133,47,133
523,130,44,137
522,133,48,133
526,131,47,131
529,128,49,138
529,128,50,133
530,126,53,133
531,125,51,133
532,120,51,135
532,125,49,128
534,126,48,124
537,115,48,124
537,112,46,125
542,117,44,125
545,115,44,122
544,109,45,128
544,120,50,121
544,127,47,113
545,122,48,112
548,120,47,114
550,120,46,113
543,125,49,113
551,122,47,106
544,126,50,109
543,126,46,108
546,130,47,104
552,133,44,105
552,145,42,106
550,145,43,101
551,146,42,99
552,148,43,97
552,142,36,102
550,146,43,99
546,147,45,98
547,152,46,96
551,152,44,98
547,154,43,102
547,160,43,97
546,160,43,93
546,161,42,94
547,167,41,96
548,170,40,95
548,173,39,99
550,179,40,98
548,176,39,104
546,182,40,101
546,184,40,99
549,188,40,100
548,190,39,98
548,197,40,97
548,202,40,93
548,201,38,98
549,201,40,98
543,203,48,96
547,202,42,94
545,206,44,96
546,199,45,97
543,201,49,96
539,205,50,95
542,201,46,97
539,201,48,95
538,197,49,96
538,200,51,97
533,199,49,98
538,201,47,96
539,199,41,97
540,203,39,99
539,204,39,99
538,208,41,98
538,208,43,97
539,210,45,97
539,210,44,99
535,212,46,99
537,215,43,96
535,216,45,98
537,217,44,96
541,216,43,97
538,218,44,96
541,223,42,97
542,220,43,96
543,222,42,97
544,223,42,95
545,226,42,98
543,223,43,99
544,226,42,99
545,227,41,101
545,230,43,97
546,230,42,97
548,231,40,97
548,234,41,95
548,234,42,96
545,235,46,96
548,237,43,95
551,242,40,90
554,240,39,93
553,242,41,91
552,244,39,91
553,246,40,89
551,242,42,94
552,242,42,95
552,241,42,95
553,243,42,96
554,244,42,95
554,243,41,98
553,242,41,97
554,243,42,95
552,242,40,97
553,242,39,97
551,241,40,97
550,245,42,95
549,243,42,98
551,244,41,95
551,243,42,97
552,244,41,97
552,246,41,95
552,247,42,94
553,247,42,96
552,246,41,95
552,246,42,95
550,245,44,98
552,245,41,99
552,247,41,97
551,244,41,100
548,246,43,100
554,247,41,100
556,248,38,99
556,245,39,100
557,244,39,101
554,247,42,100
553,247,43,99
553,249,44,96
552,249,44,96
553,246,44,98
552,247,43,95
553,251,43,92
553,250,42,93
552,250,44,92
552,249,44,95
552,251,46,93
551,251,45,95
551,249,45,92
551,248,45,96
552,248,44,95
553,244,42,99
552,243,43,96
556,242,41,98
553,236,43,101
552,238,46,99
550,236,47,99
551,234,45,96
552,234,45,94
551,225,46,100
551,225,50,97
553,224,47,97
550,224,49,96
552,219,49,97
551,217,51,99
551,216,49,100
554,213,48,97
555,211,46,96
555,210,47,95
557,207,44,99
555,202,45,102
556,202,48,100
556,200,47,99
556,198,47,101
559,193,45,103
560,193,43,99
562,195,41,98
559,190,44,100
561,189,44,101
560,191,46,99
560,188,45,101
561,193,43,96
558,190,49,100
560,189,47,101
556,189,49,101
559,185,45,101
560,190,46,97
559,189,44,99
559,192,42,97
558,192,42,97
558,192,43,98
557,190,41,99
556,190,42,99
556,189,41,102
557,187,41,101
556,186,41,101
554,190,42,100
553,187,44,101
548,187,46,101
550,192,42,96
550,187,42,99
545,189,46,100
548,190,43,99
547,195,43,91
546,193,44,95
547,188,43,100
548,190,42,96
545,192,44,97
544,190,45,97
544,192,44,94
543,190,43,99
544,188,43,102
540,188,45,102
541,188,46,102
542,189,43,100
545,193,42,97
546,195,40,94
546,196,40,93
546,192,41,98
547,192,44,98
548,195,41,94
548,191,40,98
547,186,43,102
547,184,45,101
547,180,45,107
548,186,42,100
548,189,40,98
550,192,38,93
550,193,39,94
551,187,37,100
551,181,39,105
550,184,38,101
551,183,39,103
552,180,38,105
548,179,41,105
548,181,41,101
547,178,41,103
550,180,38,102
548,177,41,102
549,177,43,100
547,177,44,103
548,176,42,102
548,173,44,106
550,174,44,106
549,181,44,98
550,186,44,93
550,187,42,92
551,180,42,99
552,180,42,100
552,181,42,97
553,179,41,100
556,180,39,99
553,185,43,93
553,182,42,97
555,182,39,95
555,184,40,95
555,185,40,94
556,190,41,88
559,193,39,86
557,191,39,87
558,192,38,86
560,187,37,91
560,189,36,89
561,188,38,89
563,187,37,89
559,188,41,87
562,182,39,95
560,181,42,95
559,181,43,94
557,181,46,94
557,174,43,103
559,163,42,113
558,164,43,111
559,163,43,111
558,168,44,107
557,163,42,110
555,170,46,105
556,164,40,108
557,172,40,102
553,171,44,105
552,170,42,105
551,171,44,105
550,165,42,111
552,162,42,116
552,167,41,108
551,178,40,100
549,173,43,103
549,174,42,102
550,173,41,103
551,183,41,92
549,188,42,92
547,186,39,95
545,185,40,94
548,182,38,97
547,189,40,95
545,190,41,93
547,188,39,95
546,190,39,94
547,189,39,95
549,190,38,97
547,186,42,99
548,189,40,98
548,190,40,97
547,192,41,97
548,196,39,93
548,194,41,92
548,197,40,93
549,195,39,96
547,198,40,95
547,195,41,100
547,198,40,98
548,197,42,99
549,200,40,96
551,198,37,102
549,198,39,105
549,204,39,100
549,198,37,106
549,200,38,105
546,210,40,96
548,214,39,94
546,215,40,94
545,214,42,96
544,214,42,97
544,213,44,97
546,214,41,97
545,212,41,97
546,210,41,100
548,218,43,94
550,218,43,95
549,218,44,97
549,218,44,97
551,219,43,96
551,219,43,98
553,218,41,98
554,221,42,99
554,220,41,101
554,224,41,99
555,224,42,99
556,224,41,100
554,232,44,93
557,236,44,89
560,239,42,87
559,233,42,95
561,235,40,93
564,235,41,95
562,235,41,93
563,232,40,96
565,234,41,94
565,231,42,99
566,233,41,96
564,230,45,101
565,230,47,101
565,227,46,104
567,224,43,107
569,218,40,113
570,211,39,122
569,204,44,129
569,206,43,130
569,204,44,130
567,214,50,121
566,215,53,120
570,203,47,126
570,205,46,128
570,205,43,127
571,206,37,126
573,213,39,123
567,226,47,111
569,233,45,102
570,233,45,100
570,241,44,96
572,245,46,92
573,242,45,97
573,245,46,97
575,244,43,98
576,254,45,90
580,250,40,94
580,250,42,96
577,251,44,97
581,251,40,97
583,254,39,98
582,255,39,96
584,254,39,96
583,260,43,93
582,260,44,93
581,253,45,95
584,245,42,100
583,235,43,103
583,232,45,103
584,226,45,102
585,223,46,100
586,219,45,99
589,215,43,97
590,210,43,97
591,200,45,104
594,196,44,100
594,194,46,97
594,190,48,99
596,183,48,99
596,177,50,103
598,174,50,106
597,174,54,100
600,166,51,101
601,165,51,103
599,165,54,103
603,162,56,102
599,158,57,102
599,151,60,109
602,152,55,106
603,154,54,106
602,156,53,102
604,154,50,105
604,152,50,107
604,157,53,101
603,158,53,100
600,159,55,100
609,164,52,95
611,168,49,92
612,166,48,96
609,170,49,95
610,169,49,104
611,184,49,100
613,195,49,96
615,198,48,103
615,207,49,101
615,215,51,96
612,214,56,103
617,225,55,98
617,224,54,96
614,229,60,97
611,229,63,99
609,230,61,103
606,230,69,107
605,229,69,110
602,234,74,102
603,233,75,108
597,235,78,103
594,234,80,105
595,234,80,109
594,241,81,100
594,239,81,107
596,238,77,106
595,240,79,109
593,244,81,107
591,242,88,107
589,244,89,107
593,249,82,105
592,252,87,100
590,250,90,101
593,251,91,101
593,250,92,102
591,248,95,105
593,250,92,103
596,252,91,101
599,249,85,105
597,252,90,103
598,253,88,105
601,252,89,104
603,255,87,102
606,256,84,101
606,256,84,101
606,253,84,104
606,255,86,102
606,257,87,104
611,254,84,105
612,256,82,105
617,257,78,107
612,253,80,109
613,253,82,110
619,257,80,107
617,258,83,107
617,260,84,102
613,257,89,102
620,258,83,103
624,257,81,107
621,257,86,106
620,259,86,101
632,254,77,104
624,257,78,100
626,257,80,104
623,257,86,106
624,257,85,106
621,255,88,110
622,259,86,101
630,258,78,102
634,255,75,107
639,256,73,107
637,259,74,102
640,258,74,103
639,257,75,103
641,254,76,103
638,257,76,100
642,258,72,101
640,256,77,101
641,255,75,101
646,255,75,101
644,254,73,103
646,253,73,103
647,254,74,104
645,252,79,104
645,254,81,101
647,255,79,98
655,251,76,102
653,252,77,101
652,250,76,102
652,250,79,105
652,253,80,99
654,249,78,102
655,251,76,105
659,249,73,103
658,249,75,99
662,246,70,101
663,245,71,103
663,243,75,104
664,241,73,103
667,241,71,101
662,239,77,101
669,239,72,104
666,240,72,104
675,235,68,105
668,234,73,104
674,232,73,105
669,234,76,101
661,232,84,105
661,231,85,104
665,228,83,106
672,227,80,108
669,225,79,104
672,219,75,106
671,216,77,108
667,211,77,104
669,208,72,107
671,207,71,106
667,202,73,102
667,194,70,109
667,188,72,106
669,187,68,99
672,184,62,103
670,183,65,99
669,182,67,98
667,182,69,99
667,181,67,99
665,181,68,101
661,184,73,101
659,187,76,95
661,188,71,98
661,189,71,100
660,191,69,102
665,202,65,103
662,218,69,99
666,229,64,101
669,244,61,99
674,255,58,101
670,265,61,98
668,277,65,95
671,277,63,100
666,284,64,102
674,288,58,102
669,293,63,100
665,295,66,99
675,297,54,100
667,297,62,99
663,300,64,96
664,300,63,99
655,301,71,97
659,302,67,100
654,301,71,102
655,302,68,103
650,304,74,100
654,303,72,100
653,302,69,101
651,305,71,98
656,306,65,98
656,304,61,98
655,304,64,100
658,304,58,98
654,302,60,99
658,305,57,95
655,302,58,95
655,304,61,93
653,300,62,92
655,299,61,95
655,296,63,95
656,291,63,99
659,290,62,98
661,289,59,96
666,289,53,93
664,285,55,96
659,281,60,101
659,276,59,101
661,271,56,104
658,264,59,105
657,258,61,110
659,254,61,111
660,258,59,103
661,256,59,100
665,256,57,97
664,249,55,102
670,250,51,101
673,248,47,102
676,249,46,98
675,250,44,98
667,242,52,104
672,242,50,100
674,240,47,102
665,239,56,101
667,234,55,105
668,232,55,111
664,232,60,105
665,234,59,105
664,232,60,103
667,231,59,102
666,234,60,102
667,235,57,95
659,225,64,105
658,226,64,100
663,230,56,96
665,225,53,100
663,227,54,94
667,221,52,98
666,227,52,96
665,224,53,96
667,226,52,94
671,224,50,94
674,224,50,97
669,222,50,98
666,211,48,99
664,217,47,97
668,208,46,101
670,209,44,106
668,206,46,105
676,198,45,110
679,199,42,113
677,198,47,118
681,196,48,119
682,190,49,121
690,188,52,125
689,193,54,123
683,198,60,120
686,188,61,131
689,189,64,133
691,190,62,131
694,189,64,132
695,187,65,136
696,185,66,140
700,178,64,139
698,178,64,143
696,178,68,144
697,177,66,145
707,172,66,147
704,168,67,152
703,164,68,154
692,162,77,159
704,146,78,162
695,146,82,170
694,131,84,170
695,128,79,170
694,125,80,176
695,108,84,176
692,93,86,192
688,85,88,193
690,84,89,188
683,83,95,190
684,76,88,184
677,74,91,182
672,74,95,184
675,69,91,193
677,69,89,193
675,69,86,190
672,72,88,187
676,70,89,185
666,69,88,188
666,71,88,189
661,71,89,179
668,67,85,188
657,66,89,191
663,69,86,189
658,70,86,189
661,74,83,189
652,67,88,193
648,70,85,191
649,86,79,186
645,90,82,192
648,98,82,184
642,106,82,180
639,111,83,179
633,110,83,186
640,115,78,182
641,119,72,175
642,114,72,177
629,120,81,177
636,113,78,182
629,108,79,186
635,105,77,185
627,110,77,184
627,114,80,180
625,107,76,185
621,103,83,187
613,107,84,178
616,108,80,179
613,105,78,181
607,106,80,181
602,96,84,190
606,95,82,189
604,101,79,185
600,96,85,186
597,98,89,182
593,100,90,176
600,95,88,179
596,95,91,184
597,93,93,179
594,95,91,181
596,96,92,181
599,94,89,186
600,96,89,183
596,96,91,178
601,94,87,180
599,90,87,184
600,87,88,188
601,88,86,189
605,92,84,186
596,91,94,185
597,90,91,184
594,87,94,189
596,86,93,187
591,84,96,191
594,84,96,184
589,80,101,180
589,78,103,184
589,74,100,189
594,72,94,190
594,70,94,191
595,69,94,190
599,67,88,196
601,66,89,193
596,68,90,185
579,74,110,180
576,69,112,184
577,64,106,187
586,60,101,192
589,56,95,188
591,53,92,193
592,57,93,186
591,62,93,180
593,61,90,181
587,55,96,185
594,57,90,182
593,60,93,174
592,59,94,181
592,57,97,182
592,60,102,179
592,59,102,181
594,58,101,187
594,55,101,180
603,51,94,183
606,53,92,185
607,54,93,184
604,60,93,180
609,58,94,183
614,64,92,179
611,57,97,187
619,63,93,185
623,55,91,193
618,60,95,188
616,58,105,189
611,58,106,193
614,58,107,186
628,66,94,187
631,65,91,181
633,65,86,181
632,64,92,185
637,65,88,186
641,61,87,190
641,60,86,191
641,61,87,186
642,60,83,191
646,55,90,183
647,62,83,184
647,61,85,185
651,66,83,182
653,62,82,186
654,69,83,178
655,68,81,178
656,66,82,176
658,61,81,181
662,58,78,183
658,57,82,183
658,55,84,184
663,50,82,189
663,45,79,194
666,48,80,183
666,48,80,184
669,47,79,186
670,43,84,183
668,42,85,185
671,36,81,190
673,27,77,193
673,30,80,189
673,26,79,190
672,31,80,180
673,32,77,179
671,25,85,186
670,25,85,184
672,26,84,182
671,22,85,180
668,17,89,185
674,23,82,178
671,19,85,180
671,18,87,178
669,15,87,180
667,14,88,181
668,13,87,179
668,9,87,180
668,6,87,174
666,8,93,178
661,6,94,186
658,4,94,189
657,4,90,182
651,15,92,183
655,3,97,184
648,7,102,196
654,-1,95,195
653,5,96,184
654,9,98,182
648,5,103,188
648,10,101,184
644,15,104,174
645,10,106,188
644,6,108,195
640,10,112,185
646,10,108,188
642,10,109,183
644,12,109,189
637,20,116,183
641,16,114,188
633,25,126,189
641,18,117,191
630,26,126,183
633,25,122,184
635,29,116,187
635,37,117,184
638,41,115,182
639,45,110,184
640,45,110,184
639,44,114,188
644,50,108,187
646,50,105,189
644,56,108,184
643,53,110,186
641,61,104,183
641,62,105,181
646,66,97,179
642,66,107,177
642,64,108,175
636,64,114,186
638,69,111,180
641,65,104,183
636,69,105,174
637,76,100,179
634,69,108,184
634,72,96,185
636,68,98,182
639,77,97,185
633,69,96,191
634,69,93,183
633,65,95,193
633,63,98,195
632,59,95,198
632,63,95,195
630,61,96,192
625,65,95,189
626,56,96,192
627,69,97,186
624,67,95,181
625,70,94,183
624,75,97,184
622,70,97,189
622,66,101,196
619,67,99,191
619,68,99,191
617,67,99,190
620,60,95,201
619,59,95,198
616,64,98,193
619,59,96,198
620,55,91,200
618,64,94,195
613,70,96,187
619,63,87,192
617,64,90,191
616,58,94,198
616,55,92,201
608,59,93,196
613,62,92,193
612,62,91,192
609,70,91,185
604,63,96,195
610,65,91,194
608,62,89,192
603,65,91,191
605,62,92,192
605,61,90,194
606,58,86,193
608,48,85,196
608,55,86,193
608,55,85,194
604,54,85,195
602,49,89,197
606,53,85,191
608,52,89,195
609,53,86,192
604,52,92,193
608,54,90,192
606,51,91,196
610,55,85,194
606,43,89,199
606,50,91,193
607,51,87,194
608,52,86,193
607,51,87,195
608,51,89,198
608,54,89,193
609,50,88,194
609,48,86,193
609,47,92,195
613,49,90,197
617,51,91,189
618,50,91,192
622,51,87,190
623,49,92,187
627,52,87,193
626,51,90,184
629,45,93,192
631,45,94,199
629,46,98,192
631,45,97,196
630,50,95,190
631,48,98,192
631,47,98,193
636,48,94,195
621,58,105,189
630,52,98,192
631,49,96,194
631,50,97,198
638,51,89,195
641,49,88,196
635,50,94,196
635,52,99,194
636,47,95,197
642,42,88,198
643,44,89,198
638,45,92,196
639,40,90,199
639,42,93,201
640,40,90,194
643,41,86,199
641,42,91,189
637,43,96,202
636,47,97,197
639,50,92,195
638,49,96,194
638,45,98,199
639,58,94,187
637,48,94,195
640,50,88,194
636,47,93,197
635,49,97,193
636,48,93,193
637,44,96,197
634,45,99,197
637,51,97,191
635,49,95,194
639,55,93,195
638,60,93,186
636,54,92,193
635,58,95,187
637,57,94,191
634,56,97,197
637,59,92,199
626,67,99,190
628,65,97,192
625,58,95,204
624,66,95,198
622,66,97,200
620,66,95,202
622,75,96,197
620,71,99,206
621,64,96,213
622,65,95,215
623,66,93,216
619,70,96,213
619,74,97,207
620,73,90,206
619,78,94,207
619,78,100,208
616,77,98,208
614,82,108,207
615,82,102,205
612,80,102,211
612,85,109,204
613,86,106,206
609,83,109,209
614,89,105,206
611,93,107,199
613,85,107,210
616,82,104,215
610,81,111,218
609,72,112,223
612,70,104,228
619,72,93,219
621,78,92,215
617,78,94,216
619,74,92,217
620,72,93,218
620,72,93,222
620,77,95,208
623,79,92,208
616,70,99,212
615,64,97,214
614,66,99,216
610,70,101,215
610,66,100,214
606,69,99,208
607,75,98,205
607,71,95,208
606,81,97,202
611,66,90,211
606,53,93,229
604,57,94,225
602,55,94,216
604,59,94,223
603,54,91,227
599,52,90,221
599,55,88,221
596,61,92,212
595,48,90,219
594,54,91,206
595,53,88,215
592,47,89,215
591,49,89,217
590,53,93,212
589,55,90,202
590,61,90,200
590,60,92,206
589,53,88,211
586,47,90,212
589,57,90,205
588,46,92,220
591,44,89,218
587,38,96,224
587,38,97,222
584,38,98,222
591,42,91,217
592,42,91,219
590,33,90,228
592,46,94,211
591,31,91,225
590,40,97,215
591,40,91,208
587,46,96,208
586,44,97,209
588,46,91,210
594,44,82,209
588,55,87,199
591,53,85,199
594,42,83,220
589,47,88,218
589,53,85,206
595,46,85,220
593,42,81,229
593,39,80,225
596,45,77,222
593,45,85,224
589,44,87,222
590,59,85,207
595,50,81,213
592,44,78,220
594,47,80,219
590,49,81,222
588,46,87,223
594,57,87,215
594,46,81,220
594,60,85,214
594,73,86,204
597,63,84,214
595,65,85,214
598,58,84,217
603,66,85,223
600,60,91,223
606,71,86,216
607,66,86,220
611,68,81,212
614,72,83,215
613,72,85,212
615,73,90,214
616,76,87,212
617,73,83,212
612,78,90,212
617,65,87,220
614,74,90,208
611,67,90,217
611,61,94,213
606,59,95,213
605,43,100,223
603,33,105,225
605,27,104,235
606,29,101,235
605,24,99,239
600,26,109,246
595,36,108,232
593,34,109,236
593,28,107,239
589,30,111,239
578,32,118,241
584,15,109,258
587,15,102,253
584,26,99,250
582,27,103,244
580,19,105,249
585,28,103,239
583,26,94,245
582,36,101,243
582,32,99,241
583,39,100,242
582,38,103,238
576,42,107,234
579,46,97,234
582,50,98,242
586,43,92,249
586,52,95,258
592,53,90,261
588,54,94,260
588,68,95,256
600,55,92,258
592,67,92,256
596,76,92,256
600,70,91,253
600,67,94,260
599,76,97,251
600,83,95,246
600,88,97,242
602,85,100,250
605,83,96,245
599,90,96,246
600,93,99,252
602,97,104,236
606,97,103,237
602,102,107,248
608,102,99,247
611,94,100,254
612,89,104,264
609,96,104,254
612,104,102,241
615,95,102,264
614,87,102,265
616,100,103,246
617,94,105,252
611,93,113,255
615,90,107,262
616,96,107,253
617,101,111,250
619,98,106,249
620,102,107,248
622,104,114,245
623,104,108,246
622,112,115,241
629,115,106,236
629,103,107,244
630,119,110,231
632,108,110,243
629,102,118,240
633,112,111,241
628,120,121,227
633,113,116,238
637,118,118,232
644,121,111,229
648,106,109,243
647,108,104,238
650,115,108,229
658,104,102,243
652,109,110,236
662,106,99,234
657,104,107,243
656,105,113,239
650,96,118,244
658,98,111,240
658,98,114,245
658,98,115,243
657,95,113,247
660,99,112,244
660,98,113,244
660,96,109,243
660,108,111,232
663,88,105,251
661,87,105,248
661,86,103,248
663,91,100,241
668,87,96,246
663,78,101,254
662,83,104,251
660,86,108,245
662,87,110,242
664,89,111,243
669,97,110,236
669,89,111,247
675,90,110,247
672,96,113,240
672,95,118,249
673,107,120,235
676,116,115,221
680,121,114,217
679,124,114,217
678,120,120,229
683,122,118,231
681,126,123,234
675,121,127,233
677,122,130,237
678,130,126,232
682,124,118,239
681,138,118,229
684,128,124,239
683,133,121,235
675,128,125,247
670,132,127,241
670,139,128,229
678,141,115,231
679,136,112,238
674,137,115,235
673,135,111,243
672,137,111,246
672,146,111,226
665,137,113,242
659,141,118,230
654,137,118,240
658,133,107,243
657,140,108,238
655,139,105,235
655,131,103,241
651,139,106,224
651,136,104,231
653,133,104,230
647,135,110,223
645,134,110,227
645,133,107,227
646,133,106,227
647,130,102,223
646,124,100,226
646,124,102,225
645,128,99,219
647,114,95,234
648,118,97,229
640,106,104,234
642,107,100,232
644,97,94,240
643,92,96,247
643,100,99,234
643,95,98,237
636,95,105,232
640,97,100,229
635,99,104,223
632,100,108,222
634,94,111,223
631,91,106,229
630,92,106,230
626,92,108,223
631,93,103,223
627,90,108,231
627,86,103,241
635,83,100,247
635,79,99,246
638,67,95,255
636,73,99,249
636,70,103,248
631,69,105,250
630,73,104,246
632,66,104,253
632,68,110,249
637,62,101,256
638,48,100,264
638,42,97,259
633,35,105,258
638,31,100,254
638,24,100,250
633,20,108,246
640,18,103,243
640,20,108,238
642,13,106,249
645,12,107,247
647,15,106,242
644,7,112,246
646,15,114,241
648,18,112,237
651,35,110,222
651,34,111,218
653,47,109,209
656,35,108,221
653,13,115,252
647,36,122,235
650,54,126,224
654,46,117,244
660,56,110,239
660,61,108,240
654,79,110,231
654,83,108,234
652,84,103,242
646,91,104,235
639,96,108,236
637,96,104,246
633,99,108,247
624,107,113,242
617,107,119,248
615,118,120,240
615,117,119,249
612,128,122,244
613,130,118,247
607,132,120,241
612,134,118,239
607,146,121,231
597,144,129,228
600,139,127,238
601,140,124,244
602,141,125,236
598,150,129,232
604,147,125,229
602,149,135,232
593,157,143,219
594,162,147,218
603,163,142,213
610,166,138,207
606,149,138,231
612,154,142,221
613,157,136,230
614,148,134,234
620,154,129,232
624,156,125,232
618,142,130,238
621,158,128,225
623,147,127,228
616,138,138,237
629,149,124,225
640,149,117,236
638,143,120,231
640,141,113,237
644,140,109,232
643,136,110,238
633,133,120,228
617,127,136,240
639,135,113,222
628,122,128,239
624,113,134,251
623,114,132,250
627,112,127,248
626,111,129,250
628,120,129,236
634,113,125,243
628,114,131,241
625,118,132,234
623,97,130,254
623,88,131,265
632,96,129,259
630,98,127,246
634,100,124,252
633,108,127,232
632,98,126,242
633,100,132,244
634,92,134,250
640,92,130,243
639,101,130,241
648,97,124,242
643,101,132,234
645,108,134,224
648,113,128,227
653,115,122,226
651,106,125,232
652,109,124,229
650,98,126,238
646,91,135,251
656,85,127,256
653,97,125,238
659,100,119,239
666,95,110,245
666,106,115,238
672,95,107,249
669,99,108,244
672,105,106,239
661,106,103,242
655,96,109,250
648,95,109,250
635,98,118,249
644,85,121,263
643,89,114,265
652,76,106,279
652,90,107,281
643,81,115,285
644,80,115,286
643,87,117,275
646,72,116,290
640,79,118,287
631,89,122,273
640,72,114,293
638,80,114,283
639,83,117,279
637,75,117,287
631,80,124,277
637,83,117,273
636,76,112,287
635,73,107,298
639,87,107,280
636,75,107,291
634,82,110,296
629,72,108,299
634,83,106,317
640,70,108,317
639,69,104,316
629,86,108,311
644,82,104,308
647,70,105,315
642,73,109,315
638,75,106,303
638,68,112,293
642,76,115,289
639,67,112,308
635,60,113,314
634,71,117,305
626,61,118,291
626,65,114,279
623,68,118,280
624,74,112,267
626,76,120,298
626,64,111,312
627,59,114,320
617,66,115,312
623,59,113,324
620,56,114,325
621,55,121,323
620,72,113,293
620,76,112,297
620,68,113,319
621,67,111,310
619,55,110,335
618,58,117,342
611,74,123,311
614,82,123,293
622,74,117,305
624,82,119,315
628,83,116,311
627,82,114,308
632,94,110,294
634,101,112,285
633,105,119,288
637,113,121,291
637,101,117,303
636,105,121,303
634,100,126,297
628,109,134,301
633,112,127,304
629,101,135,294
633,107,130,278
639,115,129,283
639,100,128,281
644,114,119,295
641,98,127,327
638,97,134,311
643,99,126,277
638,113,126,266
634,107,130,274
636,103,128,272
641,107,125,283
644,100,123,285
640,106,124,291
640,112,121,280
640,110,119,270
648,115,113,274
649,117,118,261
647,114,115,261
644,118,116,262
641,115,123,258
637,110,127,270
644,114,126,268
645,119,129,258
641,126,131,245
644,126,129,249
653,129,119,243
655,129,119,249
653,130,121,230
652,133,129,231
657,130,123,237
660,134,117,237
658,133,126,232
658,122,123,238
658,120,124,241
659,128,120,233
671,120,115,242
667,126,115,230
670,119,118,245
669,122,116,234
669,108,117,255
670,95,114,274
667,84,114,289
663,86,119,298
664,79,115,300
657,88,127,296
657,76,128,294
662,81,118,302
668,88,113,284
661,80,117,285
660,84,115,274
659,86,120,277
655,86,123,260
657,91,119,270
656,90,119,282
654,92,119,292
652,86,121,304
647,87,122,324
643,95,125,279
639,96,121,284
631,92,127,299
628,92,131,312
630,97,128,299
628,98,122,315
623,90,125,307
622,93,129,290
623,95,126,295
625,93,120,308
622,95,127,304
620,98,127,302
624,84,120,314
624,93,123,343
620,91,127,335
618,89,125,340
620,92,123,345
623,88,122,324
620,95,126,302
616,92,128,320
615,87,135,318
613,96,136,305
615,99,131,290
615,100,133,299
614,103,135,282
601,88,150,315
608,90,140,311
616,105,138,297
620,95,133,291
625,97,131,298
620,94,138,281
620,86,140,293
622,87,135,287
621,87,138,279
612,95,147,280
601,99,163,276
600,97,161,267
616,110,146,256
616,93,152,276
609,93,156,281
608,87,158,311
610,93,155,315
603,94,163,310
605,90,154,318
604,90,156,319
608,92,148,314
605,96,153,314
614,97,141,327
611,103,149,301
613,107,142,284
605,103,146,295
614,97,141,290
606,101,148,290
616,93,141,315
611,94,142,302
615,98,142,305
618,97,137,301
617,97,141,300
621,82,134,283
625,85,138,282
623,79,135,298
627,76,128,290
627,69,130,293
627,67,127,291
627,64,132,281
632,59,128,312
627,40,129,309
628,32,133,321
629,46,125,297
636,40,123,294
631,32,129,306
634,32,130,289
637,22,126,311
641,13,126,329
640,13,124,323
639,24,118,311
637,18,126,306
637,14,128,306
636,17,130,298
638,24,134,302
642,23,122,302
638,18,129,308
643,34,127,286
642,41,129,284
649,44,124,282
646,50,132,281
651,53,126,273
656,54,125,281
654,56,126,281
648,58,135,270
654,58,131,285
657,63,131,285
661,62,128,282
664,64,128,300
663,74,134,277
660,72,137,295
667,79,137,298
664,81,138,290
668,89,143,293
678,90,131,292
676,93,139,295
672,90,141,292
680,99,131,293
682,100,138,295
679,100,141,282
682,96,135,294
672,98,151,287
668,91,156,306
690,105,141,277
699,105,126,276
704,109,124,270
710,106,124,285
714,113,119,277
717,113,114,284
713,106,120,294
708,114,129,281
708,113,128,286
714,120,126,281
705,120,134,276
704,111,132,276
710,116,124,288
715,106,123,287
721,111,117,284
719,122,120,277
723,122,121,273
720,125,122,267
724,128,121,267
724,129,115,270
725,129,116,277
720,127,117,275
714,122,125,277
719,119,121,286
719,119,118,284
719,114,121,291
717,119,125,283
718,117,121,267
726,121,120,267
730,117,123,278
734,117,114,288
734,121,119,281
736,121,116,288
736,125,123,281
738,119,121,290
736,115,120,291
738,121,123,285
742,118,116,302
740,123,118,290
742,119,114,290
746,118,116,293
746,126,120,284
746,108,123,302
748,110,125,318
735,123,137,294
739,120,136,300
756,123,122,288
751,123,128,286
748,125,127,294
750,126,129,288
753,126,123,295
757,119,119,297
756,128,117,285
758,126,114,303
752,124,124,302
752,125,124,317
755,116,120,318
754,123,123,307
759,133,121,300
758,131,125,304
761,125,122,310
769,130,123,307
765,129,119,307
764,126,121,314
764,125,126,313
777,127,112,313
776,124,119,321
773,117,121,321
766,133,128,303
776,127,129,315
773,136,132,307
777,120,120,320
779,137,120,307
782,142,124,303
782,133,121,317
787,143,119,305
792,143,116,310
792,156,115,294
791,138,123,314
796,131,118,319
793,120,120,332
799,124,118,324
798,133,122,313
798,142,124,307
798,130,126,315
792,131,129,312
798,134,130,307
795,135,128,305
793,130,127,312
791,136,132,303
790,136,132,308
791,147,129,296
796,136,120,296
800,138,116,293
792,121,121,316
798,132,117,309
794,145,115,290
796,122,118,315
796,131,114,302
792,125,118,313
794,128,118,302
795,124,113,321
783,121,126,319
778,129,133,303
777,113,132,321
771,114,133,320
765,117,139,321
775,115,132,325
772,115,135,319
782,120,125,302
783,127,128,327
785,113,126,324
790,115,119,326
790,126,122,319
784,116,129,314
794,119,121,321
794,121,122,323
791,118,122,312
798,126,114,309
801,121,114,318
802,108,113,339
794,112,123,327
802,120,116,309
801,115,116,315
792,125,127,296
802,122,117,310
798,118,119,320
792,118,133,299
794,128,124,298
798,119,120,313
790,128,133,292
789,132,136,273
792,129,126,276
797,133,129,268
801,130,122,290
801,125,124,291
802,131,126,287
800,125,127,298
799,133,131,289
800,139,130,273
804,129,127,287
804,136,123,277
803,125,124,295
799,128,130,308
796,132,129,308
792,119,132,316
791,125,129,314
793,121,123,323
796,128,125,304
795,121,126,300
798,133,128,285
801,134,127,286
800,131,130,288
805,132,127,289
806,125,127,294
805,122,126,300
807,121,129,300
808,128,127,299
812,132,121,298
809,118,122,312
815,120,120,304
813,120,119,299
807,110,128,310
809,106,131,314
806,109,131,309
806,103,128,313
808,112,133,303
803,108,138,309
813,114,130,308
805,112,136,313
809,111,132,312
804,116,136,305
799,118,149,307
804,111,141,306
809,116,139,312
799,115,149,290
805,118,140,301
794,118,150,309
792,111,148,291
796,125,141,287
796,116,138,292
801,122,134,294
798,115,135,302
796,115,137,306
780,114,154,314
775,115,153,315
774,125,153,302
777,127,159,292
779,127,152,287
787,119,146,307
778,118,155,310
767,123,164,312
749,151,180,274
740,128,196,301
752,132,176,286
767,132,169,295
769,127,160,303
750,119,175,312
748,126,183,305
753,135,178,299
756,122,175,303
748,128,184,299
746,129,187,302
748,135,186,309
751,136,182,302
757,139,170,292
763,135,166,302
760,141,165,311
757,143,174,306
762,143,169,304
759,147,170,306
761,148,168,298
765,150,159,301
759,146,170,304
763,143,165,310
764,141,161,313
765,145,164,318
758,148,172,311
756,149,174,308
765,148,164,310
758,142,171,309
759,138,166,313
771,139,159,330
763,138,165,324
757,143,170,312
766,132,158,321
769,141,155,316
766,136,160,305
760,130,165,314
774,140,151,308
762,137,161,314
776,129,153,317
755,124,168,329
760,141,164,311
770,139,157,307
777,132,149,316
764,135,158,311
768,129,160,317
770,130,155,321
774,138,150,309
765,131,162,302
766,138,163,294
767,121,164,321
769,131,158,303
770,128,156,303
768,121,159,303
770,124,161,313
770,122,156,312
775,120,153,310
777,119,149,313
774,122,159,309
777,124,151,310
769,126,161,299
774,117,156,313
777,128,147,304
771,122,157,308
764,122,159,322
760,128,164,308
758,125,161,311
763,143,161,294
759,136,159,307
761,137,155,315
747,138,172,308
751,146,171,298
756,136,159,318
752,137,157,316
751,138,166,310
755,146,168,304
755,145,158,308
761,134,152,315
753,129,158,321
765,139,153,323
765,152,150,306
759,149,158,311
764,145,154,313
763,152,155,318
750,148,172,306
743,186,174,282
730,198,186,273
758,160,162,311
776,158,152,313
785,161,149,312
786,162,146,319
792,153,144,310
803,156,136,320
815,166,129,311
810,159,134,321
813,168,132,322
823,171,124,337
832,171,121,338
835,165,124,335
836,161,126,341
837,177,132,317
841,205,129,287
845,196,136,281
847,219,141,277
849,193,139,290
852,204,139,292
855,199,145,294
860,198,138,298
871,197,128,294
871,203,131,289
874,198,134,297
877,201,134,296
876,209,137,281
878,208,133,297
877,207,129,288
884,213,129,292
864,199,148,316
866,204,151,308
873,204,151,296
882,205,144,300
877,202,154,297
894,201,138,336
895,207,133,319
873,205,161,293
884,202,152,315
900,209,137,338
880,210,158,335
890,215,147,331
882,208,154,343
890,211,147,326
894,216,144,321
879,217,158,312
892,212,144,334
903,212,139,311
899,213,144,316
891,211,157,297
891,202,159,290
894,220,154,283
902,210,144,289
902,217,142,289
892,216,150,278
896,213,142,275
885,208,144,291
892,208,144,290
886,211,146,287
891,218,135,282
885,213,135,282
878,216,142,287
875,215,142,290
877,217,138,279
880,196,134,297
881,209,136,293
875,203,140,291
874,209,141,291
863,201,146,288
868,203,141,288
861,200,143,302
861,202,142,311
865,195,135,309
862,198,141,305
859,199,145,315
858,197,152,318
862,195,147,312
864,196,145,310
856,198,153,321
865,202,146,303
862,216,150,289
857,211,154,281
858,212,166,293
854,202,165,320
857,198,163,320
856,197,168,334
853,208,171,309
859,199,163,308
854,213,167,291
856,207,167,307
855,203,163,296
860,210,161,287
856,216,165,278
865,215,158,284
869,212,168,283
863,206,166,283
866,198,168,292
869,210,176,275
863,198,177,292
862,194,176,305
862,187,180,305
865,191,177,296
871,201,169,285
859,186,191,298
856,183,182,290
871,176,172,301
872,180,166,288
882,177,161,306
875,169,171,306
872,160,168,311
872,154,166,323
876,154,166,307
866,151,169,303
864,142,183,295
871,154,166,286
855,138,172,301
858,141,172,296
868,149,159,289
870,139,152,303
858,139,165,306
857,133,158,309
856,142,163,302
850,143,165,288
841,133,167,295
853,141,155,288
855,136,148,293
858,130,144,308
859,135,144,300
851,132,153,308
858,128,145,310
853,134,154,301
855,134,152,304
865,138,148,303
857,139,154,303
863,147,148,294
865,149,148,286
873,143,136,301
871,142,138,305
872,148,145,301
875,147,138,297
877,144,140,294
873,144,144,291
873,134,149,299
876,134,145,304
883,131,138,314
885,134,140,310
881,140,142,309
871,143,152,299
882,138,142,310
878,139,147,321
879,134,144,334
883,134,140,347
881,143,141,326
879,146,140,311
877,144,141,315
875,139,144,324
872,145,147,337
875,150,143,324
879,144,139,334
867,143,147,333
878,149,129,327
874,143,136,328
872,152,145,319
872,138,138,334
876,148,136,332
876,132,132,347
876,149,132,327
876,140,133,331
879,139,125,339
876,140,129,338
881,140,127,326
873,141,128,337
880,137,130,345
880,139,128,342
880,142,121,340
872,156,132,313
874,158,125,308
877,136,122,332
871,130,130,347
880,140,130,349
866,146,143,338
871,145,143,338
871,142,144,338
866,142,144,347
864,138,147,338
873,139,139,341
868,139,149,360
866,145,148,338
865,133,144,341
861,132,145,345
863,130,143,344
862,134,145,333
854,141,155,332
855,136,146,333
847,137,146,359
847,140,141,351
834,144,148,329
833,161,140,315
828,156,144,329
822,148,146,334
823,135,144,345
823,134,152,348
819,135,150,345
816,139,145,340
812,123,147,355
815,131,143,348
795,116,158,354
800,116,153,355
796,120,148,356
794,122,148,350
791,114,144,350
785,112,150,340
784,109,148,351
789,115,145,346
784,120,144,337
786,127,151,332
787,124,145,334
786,130,146,329
787,117,133,340
788,125,139,336
787,133,138,324
790,125,138,332
795,118,136,334
795,106,132,340
797,130,129,324
801,115,127,338
802,132,133,322
802,123,133,334
807,126,129,329
807,123,135,335
808,115,141,335
806,122,143,332
809,127,142,330
804,126,151,326
811,126,146,330
816,129,144,319
818,135,146,316
820,137,145,308
827,131,135,327
828,135,136,319
823,138,136,308
826,138,137,315
826,137,135,331
821,136,147,327
822,132,142,335
827,137,143,319
828,132,141,330
818,136,157,317
819,152,155,304
822,141,153,308
826,143,146,311
825,142,146,313
829,143,144,314
824,147,148,307
819,144,154,314
825,149,145,313
832,151,143,307
829,151,151,291
834,170,151,284
841,163,146,287
836,156,153,297
848,158,144,298
844,156,147,300
852,168,146,292
846,159,147,297
850,155,146,304
844,156,146,304
849,149,145,304
854,145,140,308
846,147,152,303
846,143,152,313
855,143,141,309
854,141,146,312
851,133,149,321
861,133,139,315
861,132,141,318
858,136,142,313
855,135,143,307
854,130,144,309
861,136,143,298
855,135,147,306
853,131,147,301
840,137,155,297
852,135,148,308
848,129,149,316
846,130,153,320
848,128,149,333
850,128,145,326
848,130,151,326
835,132,161,327
851,145,143,311
853,143,140,319
852,133,147,331
850,142,144,315
848,139,139,329
844,144,142,311
838,149,148,310
843,143,138,309
847,143,133,314
846,139,146,319
845,142,146,306
851,140,146,310
849,144,151,304
852,164,151,283
853,146,148,296
848,140,148,301
851,156,155,288
847,144,156,318
852,153,154,330
850,129,143,340
851,141,153,334
844,132,155,348
848,143,153,330
854,131,150,349
847,128,155,352
846,147,159,332
853,126,146,354
862,132,143,345
855,130,150,337
855,131,144,340
854,127,149,342
852,127,150,342
850,131,147,332
848,121,141,347
848,133,141,336
852,121,147,347
850,131,146,334
854,130,132,332
851,108,132,351
842,122,142,337
842,128,141,328
843,124,137,336
840,118,135,339
835,122,140,337
834,132,138,332
834,124,135,336
837,121,128,341
830,119,131,338
826,132,134,326
825,113,132,345
822,101,129,353
813,116,136,341
815,112,132,334
818,100,130,344
811,100,138,334
807,102,144,342
814,93,137,351
809,94,142,339
808,89,137,343
805,86,137,348
808,92,142,344
806,104,145,331
806,92,139,341
808,93,144,343
808,95,138,342
808,95,139,336
804,103,143,334
813,89,134,338
811,101,140,317
812,86,140,332
810,106,144,311
812,90,144,326
810,83,147,334
806,93,151,320
806,79,154,336
809,80,150,335
816,80,145,331
806,81,149,332
808,83,154,326
817,79,143,330
815,74,139,339
808,72,146,335
813,82,142,315
815,80,139,326
815,89,139,319
807,95,147,310
814,85,137,323
816,90,140,321
807,100,148,314
809,98,150,314
815,100,140,314
801,100,155,315
804,98,152,318
802,98,153,324
813,104,146,307
806,96,152,321
802,99,154,319
815,116,148,300
813,113,156,309
813,108,159,313
805,104,170,324
809,98,171,324
811,104,174,323
811,107,177,326
818,115,169,319
821,114,166,323
823,105,166,330
823,115,170,319
821,119,170,325
812,130,181,316
809,144,183,294
814,131,174,311
814,121,177,337
808,144,181,308
820,135,164,324
833,126,162,337
807,127,190,349
821,127,182,341
818,144,183,340
806,128,198,376
792,147,216,352
796,136,214,342
807,151,201,366
799,165,206,358
795,144,220,356
772,157,241,373
772,177,236,348
753,174,270,355
744,171,266,363
757,159,255,385
739,160,267,389
753,180,261,367
743,168,259,376
740,180,263,365
716,170,295,372
709,176,295,362
713,178,286,367
691,177,299,374
685,164,311,384
679,177,319,359
677,166,314,386
672,173,319,370
672,169,316,379
681,171,306,403
655,171,338,389
625,168,373,381
628,174,367,374
619,158,373,395
615,186,372,365
605,174,397,393
608,191,393,381
623,199,383,366
610,196,393,374
628,190,373,377
614,195,405,371
597,194,444,379
611,209,444,360
609,215,448,359
615,220,483,364
625,225,457,367
665,224,456,373
652,218,487,375
653,241,469,360
670,218,490,395
688,227,473,381
706,222,473,379
692,235,513,370
706,242,501,364
737,229,496,385
730,219,503,375
722,248,497,358
714,238,528,371
724,254,539,369
732,229,527,384
723,238,530,358
724,255,528,362
734,246,551,377
734,234,527,355
732,251,540,361
743,229,536,378
732,250,534,355
730,235,557,358
701,256,563,343
712,241,556,339
632,249,627,325
574,251,685,319
579,245,682,334
574,243,680,339
599,256,669,329
584,239,673,331
559,237,692,334
594,255,664,317
582,243,649,325
608,250,640,314
598,252,652,311
592,245,656,324
593,248,623,320
585,241,634,328
573,229,659,331
591,249,643,315
591,247,653,316
588,242,662,328
598,245,630,323
570,237,679,325
602,257,656,302
585,234,643,333
606,236,639,330
578,221,605,340
597,242,604,317
585,249,632,323
600,232,635,328
582,236,626,316
582,233,642,322
572,236,651,318
567,237,655,323
569,234,666,334
561,243,634,310
560,248,641,308
571,252,655,321
561,246,668,314
555,240,677,324
554,244,689,318
545,234,693,333
563,241,646,320
546,251,676,313
540,233,690,330
527,236,680,331
554,228,625,334
536,239,616,322
522,235,573,325
541,224,609,332
557,236,580,326
548,238,617,323
533,240,618,314
564,243,600,312
571,230,639,340
523,238,661,317
539,236,683,344
569,238,680,340
520,242,696,321
552,231,706,329
508,235,737,342
514,232,726,338
514,232,744,335
529,223,710,343
542,224,682,333
574,214,666,348
558,211,706,344
558,197,709,352
583,204,631,343
595,207,583,334
566,188,569,330
547,197,593,329
526,185,587,336
516,187,595,323
518,189,564,323
501,193,565,316
490,187,525,330
504,186,496,334
469,186,532,338
451,177,541,354
417,182,566,351
383,201,614,313
318,195,684,321
351,197,609,332
359,195,605,329
338,183,600,339
348,198,611,319
314,188,602,329
302,204,626,317
305,199,633,334
301,203,645,333
286,219,627,303
285,196,611,331
281,207,651,331
285,214,653,325
269,225,646,308
293,209,591,341
273,214,634,342
285,206,606,341
284,214,615,334
273,199,589,350
266,225,635,313
258,214,618,335
252,225,613,325
263,225,619,337
249,210,609,355
253,212,606,344
258,234,600,328
245,219,589,334
254,226,612,340
263,207,587,368
271,229,564,337
256,230,582,334
259,244,627,320
258,242,610,335
271,247,587,320
277,250,550,313
288,240,549,323
297,253,552,311
289,251,597,320
281,256,584,311
289,250,592,324
289,255,621,320
288,247,575,331
282,260,589,315
293,259,579,315
298,240,552,335
298,259,572,308
291,252,549,305
302,260,575,304
293,263,597,318
287,259,583,323
303,257,564,321
293,265,577,299
303,275,580,294
297,258,628,321
297,242,614,347
313,258,609,320
305,259,606,308
305,259,612,308
314,250,575,329
304,253,584,319
300,260,591,305
296,264,596,303
313,237,545,328
304,258,598,312
301,267,574,296
298,254,578,310
292,263,557,300
288,256,568,301
278,260,598,309
279,242,608,319
279,258,584,307
280,261,557,300
280,235,547,317
271,251,547,302
278,256,545,292
321,224,505,310
292,240,522,304
272,225,534,312
253,223,574,317
269,232,556,314
248,214,542,339
253,192,531,340
228,177,543,349
228,166,553,381
217,174,530,356
201,171,571,362
164,143,601,399
133,158,610,374
112,171,629,369
42,174,721,344
22,152,763,357
-21,191,781,325
-26,184,759,326
-34,220,791,306
-40,209,768,328
-53,224,720,351
-91,223,703,292
-95,218,635,304
-115,214,569,307
-40,180,480,344
100,157,507,338
260,65,552,352
453,-14,582,318
625,5,506,278
764,6,498,255
882,-6,407,256
978,-16,339,243
1037,-102,257,264
1106,-83,197,224
1125,-94,151,221
1109,-6,168,173
1090,3,185,168
1071,34,201,181
1052,55,229,195
1008,80,242,183
953,98,242,189
908,119,250,182
851,138,253,156
801,168,268,161
746,199,240,165
696,215,230,167
643,225,236,144
601,234,226,149
568,229,233,172
539,229,231,178
519,235,205,221
505,243,224,266
483,227,242,301
468,233,267,301
462,239,252,298
456,215,258,304
447,242,238,294
440,237,231,308
412,235,244,298
403,232,261,302
404,227,316,296
380,237,344,291
379,230,320,305
373,229,360,296
364,235,387,296
365,237,401,288
348,236,425,299
356,225,518,302
337,235,599,272
334,238,606,276
333,246,594,277
333,238,593,283
346,236,553,290
332,224,555,304
342,234,524,288
333,230,525,286
342,206,493,347
343,229,492,305
347,228,485,290
356,244,459,263
349,234,449,264
344,230,451,271
360,233,424,259
351,229,426,272
357,240,434,250
342,235,442,242
347,234,419,237
360,228,397,242
358,243,394,224
362,249,398,217
365,239,392,223
366,248,371,211
373,237,376,213
369,249,371,201
365,255,375,192
374,254,374,198
372,243,376,201
364,254,380,187
374,253,383,187
376,256,391,187
380,257,349,186
376,253,374,179
375,254,317,186
381,258,293,177
385,272,293,167
393,271,285,161
387,277,287,149
378,286,298,145
385,280,296,157
383,282,303,154
373,286,300,148
376,287,300,159
376,289,307,153
382,286,307,153
371,292,316,156
363,291,336,161
366,287,343,161
366,285,336,167
365,286,326,154
367,291,335,150
365,289,338,152
362,288,342,152
364,282,348,161
369,285,333,156
387,283,317,155
402,281,287,149
416,269,284,164
423,280,297,151
402,282,316,147
423,274,298,158
430,277,298,154
429,279,292,152
443,284,285,149
438,271,302,156
433,272,320,155
435,274,306,152
447,281,303,148
444,267,316,157
447,275,312,155
452,269,314,156
454,268,317,156
456,272,308,153
458,270,325,154
457,266,338,161
463,265,342,161
463,266,333,165
462,263,362,166
464,262,359,171
469,262,356,164
463,269,349,159
469,263,317,171
473,265,329,160
467,254,287,182
478,258,270,170
479,260,266,164
489,262,257,156
476,258,270,171
481,266,258,162
487,266,251,158
479,261,260,161
489,258,249,167
488,263,250,159
488,263,249,161
482,260,254,164
489,263,259,167
487,260,247,168
486,267,243,159
490,261,241,168
495,259,243,167
494,257,238,166
497,268,229,160
499,262,220,167
498,261,227,174
505,258,214,176
506,262,218,175
508,263,209,162
506,264,208,166
507,263,212,173
507,264,209,174
518,261,199,175
519,262,199,175
521,260,196,173
525,263,191,170
529,266,186,174
536,270,180,164
538,264,180,170
542,270,177,166
543,270,171,162
544,267,171,170
548,269,171,171
548,268,171,164
554,267,165,162
554,270,162,164
554,270,168,164
557,267,159,165
559,268,159,161
562,267,160,162
562,270,154,155
566,264,143,159
567,260,139,159
571,258,129,160
567,254,131,161
569,251,124,157
571,249,110,164
567,250,118,155
566,245,121,163
567,244,122,148
568,240,118,157
567,238,119,157
560,237,124,152
561,231,120,163
560,230,114,154
554,231,115,160
552,229,115,148
555,227,108,149
553,226,115,144
547,223,120,151
543,219,116,145
543,216,117,150
544,215,114,156
535,213,122,150
530,206,123,161
529,205,124,158
534,209,112,138
533,204,110,148
531,203,116,158
528,201,114,145
530,201,109,152
527,201,108,153
526,199,112,150
521,201,115,149
519,197,112,142
519,199,114,148
523,197,104,151
519,198,109,149
516,198,105,154
517,195,111,143
515,196,107,145
514,195,110,147
515,194,109,145
514,192,109,149
512,192,106,156
515,193,109,145
513,192,107,145
512,191,112,150
512,187,108,154
509,187,112,152
509,185,113,159
507,185,114,154
508,185,114,144
511,185,110,137
511,182,110,141
511,184,107,131
511,183,107,133
510,183,106,141
514,182,104,138
512,182,98,135
518,179,98,125
516,180,100,130
523,183,81,136
525,176,79,140
526,177,83,140
529,174,74,145
534,174,57,142
534,176,56,142
534,172,57,150
535,171,57,147
537,174,64,152
537,170,56,156
538,168,64,159
539,170,64,155
540,171,65,149
542,170,63,149
542,168,64,148
543,168,65,146
542,169,65,151
544,167,64,144
545,166,61,146
544,161,64,147
543,165,65,146
543,163,63,152
543,158,64,161
543,160,65,154
543,161,64,153
543,157,67,157
540,158,68,149
542,159,66,144
543,157,65,161
545,156,66,156
542,153,65,148
544,156,65,153
543,150,63,154
544,152,65,153
545,151,65,163
545,150,64,162
544,151,67,161
546,153,62,160
548,156,62,158
550,156,63,151
548,156,64,152
546,155,66,153
544,163,70,157
542,160,72,159
542,163,69,154
546,164,65,158
545,168,66,144
546,173,65,148
549,176,66,156
548,174,67,150
539,179,66,151
541,179,64,144
543,178,65,146
537,181,65,146
537,183,65,140
537,181,67,143
534,179,70,155
531,174,73,167
528,176,72,177
529,171,77,171
523,174,81,172
524,174,77,167
525,168,74,166
521,169,67,162
526,166,67,174
525,161,74,186
524,163,71,194
520,161,83,200
522,161,85,191
522,160,79,201
521,164,72,201
527,163,84,197
528,167,87,201
527,175,82,206
529,169,83,210
525,176,89,223
523,178,86,226
520,178,93,218
522,181,96,228
523,178,105,236
523,178,94,242
517,176,102,252
513,170,119,248
514,173,107,260
514,169,96,273
514,167,112,270
512,169,102,261
517,163,107,261
513,161,117,263
511,165,119,273
513,156,127,289
513,156,130,286
515,153,126,271
505,152,136,276
501,148,141,288
493,145,143,293
502,142,142,300
499,136,144,290
488,136,146,316
494,130,143,314
495,131,143,350
489,124,152,326
488,121,151,309
481,118,150,334
482,109,162,325
477,105,158,341
477,99,167,349
472,89,169,376
474,87,174,360
463,84,186,395
464,77,181,380
468,74,184,388
449,68,197,384
455,61,190,395
450,59,201,393
445,48,208,422
446,53,215,425
450,47,196,408
443,47,204,416
449,47,210,419
443,48,225,454
432,51,239,455
444,44,226,461
440,48,206,419
446,51,200,417
444,53,208,397
445,47,205,405
451,47,198,430
450,45,195,437
448,47,180,437
449,52,184,387
465,51,172,376
445,48,198,391
458,40,185,414
460,45,183,377
457,42,191,402
453,47,200,428
458,44,207,414
452,41,207,450
444,39,213,432
456,33,210,409
458,46,197,410
449,46,202,439
455,48,206,393
455,44,195,403
460,54,195,413
458,60,192,408
453,63,202,393
460,65,187,412
457,68,188,438
462,74,200,419
451,78,207,404
456,78,207,387
464,78,191,426
463,87,199,403
456,89,202,391
457,89,196,396
462,90,194,415
460,93,197,390
462,102,196,359
463,97,190,375
461,104,188,369
464,100,193,402
466,102,185,379
465,119,184,357
469,113,177,369
469,111,182,394
468,116,179,394
472,117,185,396
466,122,193,389
473,125,189,376
474,129,181,364
474,143,182,348
474,135,183,367
477,135,182,386
478,136,182,376
482,149,185,355
485,150,170,365
483,150,173,364
483,153,181,365
482,148,182,376
484,151,187,359
484,154,180,370
486,159,193,336
487,165,177,319
483,156,180,360
487,173,178,337
488,163,185,358
487,162,181,333
491,176,181,317
486,175,175,338
489,173,175,349
494,173,169,334
492,178,182,333
486,187,185,316
497,184,169,324
492,178,178,339
490,185,181,331
493,183,177,328
494,178,190,344
510,173,179,335
503,183,189,338
505,183,177,329
507,183,180,331
508,177,186,348
513,179,180,333
521,181,176,342
515,181,181,357
519,184,176,330
515,185,182,317
522,185,172,316
515,183,178,339
517,177,179,331
524,181,174,324
518,180,177,323
515,176,181,301
521,181,181,276
527,186,178,267
529,186,171,287
519,173,191,314
517,176,189,340
524,169,188,318
514,174,197,336
526,171,190,347
525,177,188,312
516,183,197,325
522,187,198,295
531,192,189,268
531,193,192,249
533,194,192,258
534,198,198,236
534,210,200,235
544,211,194,233
544,217,199,233
542,219,200,232
542,225,200,227
550,225,195,233
553,228,185,224
556,240,176,213
559,241,177,220
545,243,189,222
528,255,200,213
536,254,191,222
548,255,184,230
550,254,178,218
538,268,184,201
537,267,181,197
537,267,178,207
536,263,178,211
534,266,176,201
526,268,181,216
538,270,170,209
535,274,171,202
536,281,170,188
516,277,188,212
533,259,178,219
540,260,172,219
527,265,175,209
543,257,160,231
544,258,162,265
537,261,172,280
532,263,170,288
540,259,166,275
539,256,159,290
538,260,164,271
536,254,160,273
541,265,152,267
552,258,143,254
546,264,142,262
543,266,140,241
546,263,136,257
547,263,135,247
549,261,133,236
548,259,133,231
552,259,127,225
552,259,125,235
545,259,127,235
547,266,129,218
545,272,126,226
537,268,134,222
537,273,127,214
530,275,126,205
516,279,120,204
496,278,115,202
459,283,112,201
420,284,116,190
396,293,114,189
376,298,112,196
351,298,110,189
334,303,104,180
313,307,102,181
288,310,100,175
264,315,102,182
233,313,101,181
209,310,101,188
176,318,105,175
147,319,104,178
