817,542,108,116
815,540,107,123
810,549,114,116
802,551,103,112
778,550,103,116
765,551,116,121
750,553,98,123
737,553,94,125
717,548,91,124
684,532,110,138
670,522,120,136
646,519,97,121
597,516,107,118
568,492,125,129
541,479,121,127
512,473,115,122
482,468,133,126
462,471,119,111
440,471,123,117
424,475,126,118
409,487,128,117
405,497,135,123
405,514,120,110
430,529,108,112
451,546,100,102
484,550,88,101
534,553,85,92
594,557,83,83
655,561,80,69
713,557,85,58
773,541,88,57
831,525,81,60
880,513,74,61
923,506,61,65
944,501,58,63
945,504,56,60
938,510,55,60
914,516,62,59
891,529,61,62
856,542,63,64
816,548,66,68
773,568,70,57
728,573,78,54
682,570,75,54
639,553,75,53
601,536,70,51
572,521,65,47
551,494,57,47
533,468,52,46
515,447,50,48
494,427,49,51
472,408,49,49
452,395,50,51
437,386,48,50
423,381,47,47
413,375,47,49
405,370,48,49
402,365,46,48
403,364,43,46
404,359,43,45
405,355,44,44
408,349,43,40
418,341,43,41
431,328,42,41
451,309,44,44
478,287,42,46
514,267,43,46
551,244,40,45
593,225,43,46
639,205,44,53
714,201,48,47
772,207,58,47
826,223,50,52
857,242,52,52
876,270,58,44
882,295,58,43
881,315,59,49
877,336,54,47
864,357,55,48
844,373,58,52
830,390,56,53
803,405,65,54
785,419,63,56
764,435,62,51
744,445,60,55
736,457,49,53
731,458,45,53
731,458,45,53
680,489,42,56
675,484,44,60
668,485,38,60
653,487,39,57
648,488,36,53
645,493,36,46
643,493,35,44
642,494,34,42
640,493,36,43
643,492,35,45
645,494,34,42
648,494,34,43
650,491,37,46
655,500,39,38
661,501,37,32
665,501,35,32
669,498,32,37
671,498,30,37
671,493,30,43
672,492,30,45
672,492,30,45
672,492,30,45
672,492,30,45
675,490,24,48
675,486,23,52
675,486,23,53
678,482,22,55
677,482,22,56
676,484,23,56
675,485,22,54
676,481,20,58
676,481,20,58
676,481,20,58
675,481,25,57
675,481,25,57
675,481,25,57
675,481,25,57
675,481,25,57
675,481,25,57
675,481,25,57
675,481,25,57
719,462,27,62
724,449,30,57
729,460,32,48
738,469,33,40
746,471,35,38
753,469,38,41
761,467,35,43
767,466,38,43
774,469,38,39
779,461,36,45
782,449,37,48
785,441,38,52
792,440,36,48
796,428,40,54
802,434,36,48
804,425,42,46
804,418,47,50
809,412,50,54
816,406,50,51
823,402,49,49
832,398,51,49
841,393,49,47
843,387,51,47
855,382,48,47
860,372,48,48
864,368,48,47
866,365,49,46
865,360,53,43
865,355,50,44
868,355,46,44
860,355,50,40
855,357,48,39
846,359,47,39
837,362,46,37
828,367,45,38
809,378,48,38
791,389,47,40
776,396,42,44
759,401,44,45
750,401,39,48
742,400,38,48
735,399,40,49
728,394,40,49
723,391,39,48
720,390,40,43
718,390,39,40
718,392,41,41
717,402,42,41
715,414,40,40
710,422,39,43
709,436,38,42
704,453,38,43
699,471,38,45
689,491,39,46
682,511,40,42
672,527,39,45
664,549,40,44
651,565,43,42
639,579,39,39
627,586,37,37
614,583,36,39
600,571,37,38
586,549,38,40
571,520,36,43
561,489,37,47
550,465,36,43
541,439,35,44
529,420,38,41
520,400,37,40
511,387,37,38
505,376,37,36
493,369,40,34
487,362,38,35
480,357,36,35
473,356,36,35
463,354,40,40
456,364,38,36
452,372,36,36
451,380,34,38
454,394,36,38
467,415,36,40
487,439,32,45
507,465,37,43
534,489,41,50
562,525,45,46
601,548,41,42
647,562,39,37
690,555,36,35
723,525,34,43
737,467,38,50
750,406,34,50
750,359,32,46
754,306,34,39
753,258,35,38
755,210,33,38
754,168,34,36
753,130,34,33
749,97,33,31
744,67,34,30
738,44,33,30
727,24,34,32
718,13,36,32
709,6,33,35
698,3,34,36
686,5,36,33
674,11,35,35
663,20,36,34
652,38,36,32
642,58,35,32
629,84,36,31
622,117,33,32
611,158,34,31
604,209,32,33
598,271,28,36
594,332,33,37
589,399,33,40
585,465,33,44
576,512,38,45
571,511,35,42
564,485,36,45
553,441,34,48
543,397,34,43
533,355,35,39
524,318,34,41
517,281,34,38
508,254,35,37
511,257,34,36
519,289,35,37
536,342,34,37
547,396,36,33
565,459,36,38
579,504,33,44
579,520,36,36
577,506,39,40
570,472,38,43
560,432,33,47
550,399,34,41
541,367,33,39
532,340,33,36
525,310,35,34
516,284,33,38
510,267,34,34
511,274,33,34
521,299,33,35
531,332,34,39
543,378,33,39
557,420,31,38
569,468,35,46
579,508,35,48
586,537,36,39
586,544,35,36
580,533,36,38
571,511,35,43
561,486,36,46
549,461,37,45
539,442,36,42
529,423,31,39
520,406,31,37
510,392,32,38
498,381,34,36
490,373,33,36
483,368,33,34
475,365,34,35
469,365,33,33
463,368,33,33
457,372,35,37
450,379,35,37
447,388,34,39
447,402,32,37
453,419,32,35
471,451,36,38
495,479,38,41
527,515,38,41
565,544,43,47
606,558,42,38
657,544,35,35
694,501,39,43
716,440,44,53
732,372,37,59
747,279,41,67
759,226,41,66
775,170,37,58
779,118,34,47
778,75,34,43
769,47,33,37
756,24,34,37
738,8,34,38
719,1,34,35
698,0,36,32
679,0,35,32
654,5,35,32
634,18,35,32
608,32,35,33
586,54,35,36
563,83,35,38
537,117,36,38
513,161,36,41
488,212,38,43
464,269,36,48
447,327,37,46
437,394,32,42
435,460,30,41
442,496,33,44
463,532,30,36
484,534,30,33
484,534,30,33
484,534,30,33
484,534,30,33
484,534,30,33
484,534,30,33
484,534,30,33
484,534,30,33
484,534,30,33
484,534,30,33
484,534,30,33
484,534,30,33
484,534,30,33
484,534,30,33
484,534,30,33
484,534,30,33
484,534,30,33
484,534,30,33
484,534,30,33
484,534,30,33
484,534,30,33
484,534,30,33
484,534,30,33
484,534,30,33
484,534,30,33
484,534,30,33
557,544,37,31
531,575,42,36
497,591,41,36
460,597,33,34
419,588,32,38
386,569,38,38
367,538,36,42
363,494,33,39
367,449,32,43
378,410,34,38
395,370,34,38
411,335,35,34
425,302,36,32
440,271,33,35
454,250,34,34
466,232,35,32
482,219,32,31
497,237,32,28
512,273,30,33
528,321,30,33
545,368,28,34
558,414,28,34
571,460,29,37
596,503,30,34
624,505,35,33
668,489,37,35
709,470,35,30
751,449,31,30
785,421,28,30
809,394,29,31
824,367,26,31
830,346,25,30
829,328,25,30
824,311,26,28
820,300,26,28
817,293,25,26
802,298,27,27
783,319,25,27
759,351,27,30
733,384,24,31
710,429,25,30
685,462,29,35
665,499,31,35
651,524,27,31
642,525,25,26
637,500,24,32
633,472,23,30
627,431,22,31
622,393,20,28
616,357,23,27
610,322,25,31
603,289,27,29
597,264,24,25
592,244,24,24
585,234,24,25
577,229,24,25
570,229,24,25
562,234,26,24
557,240,25,26
552,255,24,26
548,272,24,25
544,293,23,28
542,321,23,26
544,356,22,26
548,399,21,25
559,447,20,22
572,487,21,28
608,534,26,26
653,553,25,25
695,546,21,28
720,525,25,31
740,486,29,34
751,441,29,33
758,402,25,33
763,358,25,33
768,324,25,29
773,291,25,28
777,263,25,27
776,239,25,23
777,218,25,25
777,201,24,25
774,187,26,23
773,175,25,25
773,168,25,24
770,161,26,24
767,158,26,23
761,161,26,25
756,169,26,26
747,179,27,26
739,195,26,24
729,215,26,26
720,240,24,26
707,270,25,25
692,303,25,26
674,343,24,25
655,384,26,23
631,424,26,24
591,461,29,26
549,476,36,30
507,486,38,28
473,486,38,27
445,481,35,28
432,472,31,27
421,462,25,26
414,456,23,24
411,452,24,22
416,454,24,24
425,457,21,23
441,467,22,28
456,480,25,26
480,489,30,27
508,497,37,32
552,492,37,36
591,480,41,35
623,449,38,40
655,413,34,37
670,375,26,36
664,343,26,31
646,320,27,31
618,308,30,26
588,315,30,27
562,336,28,28
541,368,25,32
533,416,25,32
543,469,21,35
567,516,28,35
613,549,26,28
663,554,29,31
711,519,31,36
740,478,27,32
753,420,24,29
745,363,21,32
714,316,25,27
672,276,28,29
622,254,29,28
570,247,28,26
521,252,28,22
475,272,29,22
437,302,29,25
412,343,27,29
402,387,25,31
412,437,26,28
443,486,26,33
480,516,32,31
542,535,25,26
594,534,27,21
648,517,29,28
697,459,23,26
719,406,27,31
723,348,23,34
714,289,22,34
689,245,24,30
658,207,25,26
620,175,26,25
577,153,25,23
535,142,25,22
490,141,25,22
448,145,26,20
407,161,26,22
372,182,26,24
344,211,26,27
321,249,26,26
304,291,27,29
301,336,25,32
306,381,28,33
322,426,29,34
349,466,28,36
378,495,33,34
415,520,31,31
460,536,29,27
501,542,27,28
538,537,22,25
571,523,26,30
600,506,27,30
621,488,32,31
640,467,27,32
657,447,27,27
670,425,25,29
680,408,25,27
687,393,23,29
695,381,25,25
699,369,26,25
705,360,24,26
710,352,25,26
715,349,26,26
720,346,25,27
724,345,24,26
729,346,24,26
733,350,24,27
736,354,22,25
740,364,23,27
744,374,23,30
748,385,23,31
751,397,23,29
752,409,23,28
753,418,24,29
753,429,24,29
751,434,24,29
748,438,25,26
745,435,25,27
745,430,24,27
745,422,24,26
745,410,25,27
745,401,24,28
746,394,24,26
742,387,24,26
738,384,23,25
733,384,22,23
726,384,22,25
716,388,25,25
705,392,25,24
693,400,24,24
680,407,23,24
669,414,21,23
656,423,19,22
643,432,21,24
629,440,22,24
616,455,21,27
601,464,26,29
586,474,28,29
569,484,30,30
554,493,30,27
540,503,26,27
525,511,25,27
507,515,28,29
494,516,29,28
486,515,26,27
480,515,26,26
480,514,25,25
481,512,25,25
485,510,25,27
493,512,28,27
506,512,29,26
527,512,27,26
548,511,27,26
575,501,31,28
599,486,32,30
628,465,27,29
658,439,26,23
678,408,25,23
697,375,23,25
705,340,23,27
703,309,23,26
688,286,24,25
668,266,22,24
646,256,24,24
620,253,25,23
595,255,24,23
571,268,25,23
551,289,25,24
536,313,23,29
529,344,24,26
535,382,24,26
546,414,26,25
568,447,23,25
597,472,26,31
626,484,30,31
654,493,35,31
688,491,33,31
711,485,33,29
733,477,30,27
752,466,23,23
761,451,24,23
767,444,25,24
769,436,24,23
768,430,24,24
763,429,23,24
758,430,24,26
751,432,23,26
736,437,25,24
722,447,29,28
706,454,30,29
685,465,33,29
658,472,33,29
629,473,28,27
593,459,28,26
567,436,24,26
542,406,24,26
529,370,22,25
527,335,21,24
533,297,22,23
548,267,22,20
571,243,22,20
600,226,23,20
628,217,24,21
658,219,24,22
688,231,24,22
712,250,22,22
728,279,22,22
736,311,22,23
737,346,22,24
726,386,23,26
702,421,25,23
674,447,24,23
632,468,27,27
595,473,31,28
561,469,32,27
536,458,27,31
513,441,26,28
499,423,24,26
489,406,24,26
479,392,25,25
472,378,24,25
465,366,25,25
460,357,25,25
456,352,24,24
454,349,25,24
453,350,25,23
451,351,25,24
450,354,26,25
453,358,26,24
457,364,24,24
465,369,24,24
470,378,24,25
476,387,25,26
483,399,24,26
495,412,22,24
505,425,23,25
526,440,19,24
547,456,21,21
568,470,24,26
592,480,29,28
620,482,33,29
653,481,34,29
680,471,34,30
705,451,29,32
733,429,26,29
748,404,23,28
756,374,23,29
759,348,23,26
755,322,24,26
750,296,23,25
740,274,23,25
724,255,24,23
705,240,25,21
689,225,24,24
672,213,22,23
654,203,23,24
634,197,22,25
613,199,24,24
591,207,24,22
571,224,24,22
554,248,23,24
538,276,23,26
528,309,22,30
523,351,22,27
524,394,22,27
534,446,24,24
552,487,29,29
591,527,26,30
629,547,30,29
686,561,27,29
750,547,24,25
774,544,25,28
808,519,25,31
831,495,28,32
846,468,26,36
856,446,28,29
863,423,26,31
865,404,27,29
869,387,25,28
871,371,26,29
871,356,25,28
874,347,25,27
872,338,25,26
873,335,25,25
872,331,25,22
871,331,24,24
869,334,25,23
869,339,24,24
866,347,25,23
865,354,26,22
863,365,24,25
859,377,25,25
855,390,25,25
847,404,26,25
840,419,25,24
832,434,24,24
818,448,25,23
800,461,21,24
774,472,23,27
735,483,26,31
697,494,33,29
656,501,31,25
614,490,35,28
588,463,29,33
570,428,25,30
564,392,23,29
568,361,24,29
582,337,27,30
603,320,27,31
625,305,31,29
648,300,35,29
661,301,34,32
689,304,30,32
712,311,25,28
729,320,26,31
745,335,23,33
756,355,25,32
765,375,25,32
770,398,26,31
770,418,24,33
763,438,25,29
754,452,25,27
747,457,25,28
744,451,25,24
744,443,24,24
750,428,25,27
753,406,23,27
757,383,25,28
755,356,25,28
751,330,22,29
736,304,23,30
718,288,25,26
696,276,24,28
677,274,25,29
659,276,25,29
644,286,25,28
632,299,26,28
629,318,25,28
628,336,24,28
633,357,26,31
644,381,25,33
656,398,29,35
671,419,31,31
695,436,26,27
714,440,26,31
734,441,25,28
752,440,24,24
760,436,23,27
767,431,22,28
771,425,22,27
775,421,24,28
779,417,24,28
784,413,25,28
788,411,23,26
789,406,26,27
788,402,25,28
789,399,26,27
788,397,25,27
787,395,23,27
785,394,22,26
782,395,23,26
776,396,23,26
771,397,22,26
764,399,22,26
755,405,23,26
746,408,23,27
734,413,23,25
720,419,24,26
708,426,23,25
694,430,25,26
680,431,24,26
663,433,28,24
649,432,26,25
638,429,24,27
626,430,25,25
614,424,25,28
607,420,24,30
598,418,25,26
593,414,25,25
590,412,24,25
591,409,25,24
591,404,25,27
596,402,24,27
600,401,23,27
609,401,23,26
617,401,23,27
625,403,25,26
634,404,25,27
647,408,23,27
659,415,24,24
671,420,24,24
685,427,24,25
700,435,23,26
710,441,19,25
710,441,19,25
710,441,19,25
710,441,19,25
710,441,19,25
710,441,19,25
710,441,19,25
710,441,19,25
710,441,19,25
710,441,19,25
710,441,19,25
710,441,19,25
710,441,19,25
710,441,19,25
710,441,19,25
710,441,19,25
710,441,19,25
710,441,19,25
710,441,19,25
710,441,19,25
710,441,19,25
710,441,19,25
710,441,19,25
686,474,24,22
686,474,24,22
686,474,24,22
686,474,24,22
686,474,24,22
686,474,24,22
736,463,30,23
720,459,26,23
703,455,25,21
686,451,23,22
663,450,27,24
647,447,25,25
629,442,27,27
615,439,24,27
605,436,24,24
592,434,26,24
584,434,25,25
577,436,27,23
571,437,30,24
566,440,29,24
566,442,28,25
569,440,30,25
572,439,29,25
576,439,28,25
581,436,26,29
582,434,29,31
587,438,28,26
590,438,27,27
596,442,25,27
598,445,26,27
599,448,25,27
603,450,26,26
606,453,25,28
605,457,25,28
607,461,25,29
607,463,26,27
603,463,26,26
598,463,26,26
591,465,27,28
582,465,27,28
572,466,25,27
558,464,25,29
543,457,19,28
525,442,21,26
506,422,25,24
496,395,26,23
494,363,26,26
499,329,28,25
510,296,26,27
529,269,28,24
549,245,28,25
571,224,28,25
592,208,28,24
616,195,30,24
636,186,29,25
658,180,30,27
681,177,29,28
699,180,29,26
719,187,26,25
735,197,30,25
752,210,30,28
765,223,27,28
777,241,28,26
788,259,28,28
796,278,28,30
802,302,29,25
808,321,28,27
809,345,29,27
809,367,28,27
804,388,30,28
798,406,28,26
789,417,27,31
778,425,30,29
766,427,30,29
757,428,31,28
750,428,28,29
748,426,28,30
751,419,28,31
754,413,29,31
764,403,31,32
776,390,32,30
787,378,33,27
799,355,31,29
807,328,33,27
812,297,31,27
807,263,33,26
797,227,33,29
783,193,32,31
760,164,33,30
735,138,36,29
705,115,37,33
676,99,36,31
646,90,37,30
609,89,38,28
571,99,36,30
529,124,37,33
487,163,38,37
448,226,37,40
425,310,33,42
425,310,33,42
425,310,33,42
425,310,33,42
425,310,33,42
425,310,33,42
425,310,33,42
425,310,33,42
425,310,33,42
425,310,33,42
425,310,33,42
425,310,33,42
425,310,33,42
425,310,33,42
425,310,33,42
425,310,33,42
425,310,33,42
425,310,33,42
425,310,33,42
425,310,33,42
425,310,33,42
425,310,33,42
425,310,33,42
425,310,33,42
425,310,33,42
425,310,33,42
425,310,33,42
425,310,33,42
425,310,33,42
425,310,33,42
425,310,33,42
425,310,33,42
425,310,33,42
425,310,33,42
425,310,33,42
425,310,33,42
425,310,33,42
425,310,33,42
425,310,33,42
425,310,33,42
425,310,33,42
425,310,33,42
425,310,33,42
425,310,33,42
425,310,33,42
425,310,33,42
425,310,33,42
425,310,33,42
425,310,33,42
425,310,33,42
425,310,33,42
425,310,33,42
425,310,33,42
425,310,33,42
425,310,33,42
425,310,33,42
425,310,33,42
425,310,33,42
425,310,33,42
425,310,33,42
425,310,33,42
425,310,33,42
425,310,33,42
425,310,33,42
425,310,33,42
425,310,33,42
425,310,33,42
425,310,33,42
425,310,33,42
425,310,33,42
425,310,33,42
425,310,33,42
425,310,33,42
425,310,33,42
425,310,33,42
425,310,33,42
425,310,33,42
425,310,33,42
425,310,33,42
425,310,33,42
425,310,33,42
425,310,33,42
425,310,33,42
425,310,33,42
425,310,33,42
425,310,33,42
425,310,33,42
425,310,33,42
425,310,33,42
425,310,33,42
425,310,33,42
425,310,33,42
425,310,33,42
425,310,33,42
425,310,33,42
425,310,33,42
517,238,35,41
491,261,38,37
468,296,38,38
461,345,33,37
468,389,33,39
484,432,41,44
512,460,44,48
548,481,43,43
585,496,41,35
620,495,37,33
649,485,37,32
719,533,33,28
720,535,29,27
720,534,29,27
722,541,29,22
720,541,31,20
722,543,31,17
723,544,29,16
723,543,28,16
724,543,29,16
723,542,30,17
726,544,28,17
725,542,29,17
726,543,29,16
726,542,30,16
726,543,29,17
727,542,30,17
727,543,29,17
726,543,29,17
727,542,29,17
726,543,30,17
726,543,29,17
724,543,30,17
725,542,29,17
724,543,29,16
722,543,29,15
722,543,30,15
720,543,30,15
719,542,29,16
719,543,29,17
716,543,30,17
718,542,29,16
718,543,29,16
717,542,30,16
716,544,30,15
716,543,29,16
717,544,29,16
715,543,29,15
716,544,30,16
716,543,30,16
716,542,29,17
715,544,30,16
716,543,31,16
715,544,30,16
716,543,30,16
714,543,31,16
715,543,30,17
714,542,30,18
715,542,30,18
753,525,31,21
728,539,26,23
716,542,28,19
715,542,29,18
713,542,30,17
713,543,29,18
714,542,28,17
714,543,30,16
713,542,30,18
714,543,31,18
713,543,31,18
712,543,30,17
713,542,30,18
712,543,30,17
713,544,29,17
713,543,30,16
712,543,30,17
711,543,31,17
711,542,31,17
711,543,31,17
711,542,30,17
710,544,30,17
710,543,29,17
711,543,29,16
710,543,30,17
711,544,30,17
710,542,30,18
710,543,29,17
710,544,30,17
710,544,29,16
710,543,29,17
711,543,29,17
711,543,29,17
711,543,29,16
711,545,31,17
709,542,29,17
710,543,29,17
710,544,29,17
711,544,28,18
711,543,29,17
711,544,29,16
709,543,29,17
708,544,31,18
709,542,31,18
709,544,30,17
709,544,30,17
710,544,31,17
709,545,32,17
712,545,31,17
710,546,32,16
711,546,31,16
712,545,31,17
711,544,32,17
712,546,31,17
712,544,31,18
711,545,30,16
712,544,31,16
711,546,32,17
711,545,32,17
712,546,30,16
712,545,31,17
711,547,31,16
711,546,30,16
710,546,31,16
711,546,30,17
710,546,31,17
712,547,30,17
710,548,31,17
710,546,31,17
711,546,31,17
712,547,31,17
711,549,32,16
710,548,31,17
710,547,31,19
711,549,33,19
712,549,32,18
712,551,33,17
710,554,31,18
712,556,30,19
710,558,32,19
710,561,30,18
710,564,31,18
710,566,30,18
710,568,31,18
710,571,29,18
710,572,29,18
711,576,29,18
709,577,31,17
711,576,30,18
711,577,29,17
711,579,31,17
712,578,29,17
711,577,30,17
712,577,30,17
710,577,31,17
711,578,30,16
710,578,30,17
711,576,31,18
710,576,30,17
711,577,30,16
710,576,30,17
710,577,30,18
711,576,31,18
710,577,31,16
709,576,31,17
710,577,30,16
709,576,30,17
711,576,30,17
709,577,31,16
711,576,30,17
709,577,31,16
712,576,29,16
711,577,30,17
709,576,31,16
711,576,31,16
709,576,31,16
711,578,30,15
709,577,30,16
711,576,30,16
711,576,29,16
710,577,29,17
710,576,29,18
709,575,31,18
709,575,31,18
709,576,30,18
709,576,31,17
708,574,31,19
709,575,31,19
710,576,31,18
709,576,29,18
709,576,29,18
709,576,29,16
709,576,30,17
706,576,30,17
707,576,30,16
708,575,29,16
707,576,30,16
704,575,30,16
703,577,29,16
700,576,29,16
694,575,30,16
687,575,30,15
680,576,30,15
672,576,30,16
662,575,31,16
653,575,32,16
641,575,31,16
631,576,32,15
620,576,31,16
611,575,30,16
603,576,30,16
592,575,30,16
585,575,30,16
576,576,31,16
568,575,31,16
558,576,30,15
549,575,30,15
541,575,31,15
533,576,30,16
526,576,30,16
518,576,32,15
513,575,31,15
505,575,31,15
501,575,31,15
495,575,31,15
488,575,31,17
482,574,32,16
477,574,30,16
470,574,31,15
465,574,30,17
463,575,30,16
462,574,29,16
462,575,30,16
461,574,30,16
459,574,30,17
461,573,29,16
461,573,29,16
461,573,30,16
462,574,29,16
461,574,28,17
461,572,29,17
460,573,30,17
461,574,29,17
460,573,30,17
462,573,29,18
461,574,29,18
460,574,29,17
461,574,29,17
460,573,29,16
461,573,29,17
460,573,29,17
461,574,30,17
462,574,30,16
463,573,29,16
461,573,30,17
463,573,29,17
465,574,28,16
465,573,29,16
465,572,29,18
465,573,29,17
465,572,30,18
464,573,29,18
463,573,30,17
465,574,28,17
465,573,29,17
464,573,29,16
464,573,29,16
464,572,28,17
462,573,30,17
463,574,29,16
464,573,30,16
463,572,31,17
463,573,30,16
462,572,30,16
463,572,29,17
463,572,29,17
463,573,30,16
464,573,29,16
464,572,29,16
464,571,29,17
465,573,29,16
467,573,28,16
466,571,29,17
466,572,29,18
467,572,29,17
467,571,28,17
468,571,30,18
469,572,29,17
468,572,30,16
469,573,31,16
471,573,30,16
473,573,30,16
473,571,29,17
474,572,29,17
474,571,29,17
473,572,28,16
475,572,29,16
474,572,30,17
474,572,30,16
474,571,29,16
475,570,30,16
474,571,30,17
476,572,29,16
474,571,30,16
475,570,31,16
475,571,30,16
476,571,30,17
476,571,31,17
476,571,31,17
476,571,29,18
476,571,29,17
477,570,30,17
476,570,30,17
476,569,31,17
475,569,31,17
477,570,29,16
477,571,30,17
477,572,30,16
476,572,31,16
477,570,29,17
477,570,29,17
476,571,30,16
476,570,30,17
476,571,31,16
476,570,30,17
476,571,30,16
476,572,30,16
474,571,32,16
474,570,31,18
475,571,31,16
475,570,30,17
475,571,30,17
474,571,29,17
473,571,31,17
473,570,30,17
471,570,29,16
467,571,29,16
463,571,29,16
459,571,30,17
453,571,30,17
448,571,30,16
442,571,31,17
435,570,32,17
431,571,30,17
422,571,30,17
415,571,30,17
406,572,31,16
397,571,31,17
383,572,32,16
372,573,30,15
360,572,29,15
346,572,31,16
328,572,32,16
313,572,31,16
296,572,32,15
279,571,31,16
265,572,31,17
251,572,31,16
238,574,30,15
224,574,32,15
210,573,32,16
197,573,32,17
184,573,32,17
174,574,32,16
165,574,29,16
158,574,30,16
152,574,29,16
148,573,29,16
144,573,30,16
142,573,29,16
140,574,30,16
139,575,30,15
140,574,31,16
138,573,31,16
140,573,30,17
138,573,31,17
139,573,29,17
138,573,29,16
138,572,31,17
138,572,31,16
137,573,30,17
138,574,30,16
137,573,31,16
136,572,30,16
137,573,30,17
137,573,30,17
137,574,30,16
136,573,31,16
136,573,32,17
135,574,32,17
135,572,33,17
132,573,31,17
133,572,31,17
132,573,32,17
131,571,31,18
130,571,29,17
130,573,29,16
128,573,31,16
128,573,32,17
126,572,31,17
125,572,32,17
125,572,32,17
125,572,32,16
125,572,31,16
125,573,32,16
124,572,32,16
125,573,32,16
125,572,32,17
125,572,30,16
124,571,32,17
125,572,31,17
126,573,30,16
126,571,30,16
125,572,29,16
125,571,30,16
126,572,31,16
126,571,31,16
125,572,31,16
127,572,30,16
127,571,31,15
127,571,31,16
128,572,30,16
127,572,31,16
127,572,31,16
127,571,32,17
127,570,30,17
129,571,31,16
129,572,30,16
128,571,30,17
130,570,31,17
130,570,31,17
130,571,30,17
131,570,30,17
131,571,29,16
131,571,30,17
131,571,31,16
131,570,31,17
132,570,30,16
133,570,30,16
132,570,32,17
134,571,29,16
134,570,31,16
135,570,31,17
134,569,31,18
135,568,30,17
135,569,32,17
136,569,31,16
138,569,30,16
138,569,30,16
140,567,30,16
143,567,30,16
144,568,30,16
145,565,31,18
151,566,30,17
153,566,31,17
157,566,31,17
160,564,31,17
164,562,29,17
169,562,30,17
172,560,31,17
177,559,31,17
183,557,30,16
188,555,30,16
195,551,29,17
199,547,30,17
205,547,30,15
210,543,29,16
215,541,29,17
219,540,29,15
220,539,30,15
223,538,30,16
223,536,31,17
223,537,30,16
225,535,30,16
225,535,30,17
225,534,30,17
225,536,31,17
224,534,30,18
226,534,29,17
226,534,30,17
226,534,29,17
227,534,29,17
228,535,29,16
228,536,30,17
228,536,29,16
226,536,30,17
228,535,29,16
228,534,29,17
228,535,29,16
228,536,29,16
227,535,30,17
229,535,30,17
228,536,30,17
229,535,30,16
229,536,30,16
229,536,30,17
230,536,30,16
230,537,29,16
229,535,29,17
229,534,30,18
230,535,30,17
229,536,30,17
229,536,31,17
230,536,31,18
230,536,30,18
229,535,30,18
229,537,31,16
230,535,31,17
230,535,30,17
229,536,31,17
230,536,31,17
231,536,30,17
229,535,32,18
228,536,31,17
229,536,31,17
230,538,32,15
229,537,32,16
230,536,32,17
229,537,31,16
229,536,32,16
230,536,31,16
231,537,31,16
231,537,32,16
230,537,30,17
231,537,32,16
232,538,31,16
232,536,31,17
232,537,30,17
234,538,30,16
236,537,31,17
240,538,31,17
246,538,30,16
257,539,32,15
273,537,32,16
290,538,32,16
304,538,31,15
315,538,31,15
328,538,30,15
339,538,29,15
349,538,30,15
360,539,30,16
369,538,31,16
376,537,32,17
384,538,31,17
393,537,31,17
401,538,30,16
410,539,29,16
421,538,31,16
433,539,31,17
447,538,29,16
460,537,29,16
471,538,32,16
486,538,33,16
499,539,31,16
513,539,29,15
528,538,30,16
541,539,29,15
553,537,31,17
564,538,34,17
576,537,33,18
587,538,32,18
600,537,31,16
613,538,29,15
626,539,30,15
640,539,32,15
655,539,31,15
671,539,30,14
685,539,29,15
701,539,30,16
712,538,31,16
723,539,30,15
732,540,29,15
742,539,31,14
753,538,31,16
766,539,30,16
779,539,30,15
792,538,30,15
804,539,33,15
818,539,30,15
832,539,32,15
847,538,32,16
862,538,31,16
878,538,30,15
892,538,29,16
905,538,30,15
912,539,30,14
917,539,30,16
921,539,31,15
926,539,29,15
930,539,30,16
932,538,30,16
936,539,31,16
938,538,31,16
938,538,30,16
939,537,30,16
940,538,30,16
939,538,30,16
939,538,32,17
938,536,31,17
938,537,31,17
937,537,30,17
937,537,31,17
935,537,31,17
930,538,30,16
917,537,31,17
899,536,32,16
876,537,33,16
854,538,33,16
832,537,32,16
814,537,32,15
800,537,31,16
790,538,32,15
780,537,30,17
774,538,31,17
768,538,31,18
764,539,29,16
761,539,29,16
760,537,29,16
759,539,31,16
758,539,29,16
756,538,30,17
752,538,31,17
752,537,31,17
749,537,30,16
746,538,30,16
746,537,29,17
744,539,30,17
743,537,30,17
743,537,30,17
743,537,31,16
743,537,31,16
743,538,30,16
743,539,31,16
742,538,30,17
743,539,29,16
743,538,30,16
743,538,30,17
743,539,31,16
745,539,30,17
744,538,31,17
744,537,30,18
744,538,30,17
744,539,31,16
745,539,31,17
745,537,30,17
745,538,30,17
744,538,30,17
743,538,32,18
743,538,31,17
745,538,30,17
744,539,31,16
745,539,29,16
744,538,31,17
744,539,30,17
744,538,30,17
744,540,30,16
745,540,31,17
745,540,30,17
746,542,30,17
746,541,30,16
746,545,31,16
746,547,31,17
745,551,30,17
746,555,30,16
745,558,30,16
744,562,31,18
746,568,30,17
745,570,29,17
746,572,29,17
744,573,30,17
745,573,29,18
746,575,29,16
743,576,32,16
743,574,32,17
744,574,30,17
743,575,30,16
743,575,29,16
743,574,29,16
743,576,29,16
741,575,28,16
740,574,29,16
741,574,28,16
740,575,28,15
739,575,29,16
740,576,28,16
739,576,29,15
738,576,29,15
736,575,30,16
736,574,29,16
736,574,30,15
737,575,30,16
736,576,30,16
736,576,30,16
736,575,30,16
736,575,30,16
735,576,30,15
734,575,30,16
734,575,30,16
736,576,29,15
735,575,29,15
733,575,28,15
734,575,29,15
733,574,30,16
733,575,30,15
733,575,31,16
734,575,29,16
732,574,29,16
733,575,29,15
732,576,29,15
731,574,30,16
732,574,30,16
731,575,31,16
730,575,30,16
730,575,29,16
728,575,30,16
726,574,29,16
723,574,29,16
720,574,29,16
715,574,30,16
711,575,29,16
706,574,30,16
701,576,30,15
697,575,31,16
696,575,30,16
695,575,31,17
693,575,30,17
691,576,30,16
689,574,29,16
688,575,29,16
687,576,29,16
683,574,31,16
681,576,30,16
680,575,30,16
678,576,29,16
675,575,29,16
672,574,30,17
670,576,30,16
669,576,30,16
668,575,30,16
670,575,29,15
667,575,29,16
666,576,31,16
665,575,30,16
665,575,30,16
664,575,29,16
662,575,29,16
663,576,29,16
661,575,28,17
659,575,28,16
657,575,29,16
657,575,30,16
655,576,30,17
653,577,30,15
653,576,30,15
651,577,31,16
650,576,29,16
649,575,31,16
648,575,29,17
644,575,29,16
645,576,30,16
644,576,29,16
642,576,31,16
641,575,31,16
640,575,31,16
641,576,31,16
641,577,30,16
640,577,32,15
640,576,32,17
639,577,32,16
639,577,32,17
638,577,30,17
639,578,28,16
636,579,30,16
637,579,30,16
636,581,31,18
636,582,30,18
635,584,30,17
637,588,29,17
636,588,30,16
636,589,30,17
636,590,31,16
637,591,30,16
636,593,30,16
636,593,29,16
637,594,29,16
638,593,28,16
639,594,28,15
638,594,30,16
638,593,28,16
636,592,29,16
637,593,29,17
636,593,30,16
636,593,30,16
637,594,29,16
636,593,30,16
636,593,30,17
636,593,29,16
637,593,28,17
637,593,29,16
636,592,29,16
637,593,28,16
637,593,28,17
637,593,29,16
637,594,28,16
637,592,30,17
637,593,30,17
636,593,29,16
636,592,29,17
637,594,28,16
636,594,29,15
636,594,30,15
636,595,31,15
637,593,30,15
637,594,30,16
638,595,28,15
638,592,28,16
636,594,30,14
636,594,31,15
638,594,30,15
636,592,30,16
637,594,30,16
638,593,28,16
637,592,30,16
638,593,30,18
638,592,28,17
638,594,29,17
638,593,30,17
638,593,29,16
637,592,31,18
638,593,29,16
638,592,29,16
636,593,30,16
637,593,29,16
637,593,29,16
636,593,30,16
637,593,29,16
636,593,29,16
636,593,31,16
636,594,30,16
636,594,30,16
634,594,30,16
632,592,30,16
626,592,31,17
620,593,29,16
614,593,30,16
607,593,30,16
598,594,30,15
591,594,30,15
580,594,31,16
572,594,32,15
563,593,32,16
558,594,31,15
555,593,30,17
552,592,31,16
550,594,31,16
550,593,30,16
550,594,30,16
547,593,31,16
548,593,29,16
548,594,30,16
547,594,30,16
547,594,29,16
548,593,30,17
547,593,30,16
547,594,29,16
547,593,29,17
548,593,27,16
548,592,27,16
547,592,28,18
546,592,29,17
547,592,29,16
546,594,30,15
546,592,29,16
546,593,30,16
545,592,30,16
545,593,29,16
544,592,29,16
544,592,30,16
545,593,30,15
543,591,31,16
544,592,30,16
543,593,31,16
543,593,32,15
543,593,31,15
543,592,32,16
544,591,31,16
542,591,32,16
543,592,31,16
542,592,31,16
543,593,31,16
543,591,31,16
543,592,31,16
542,593,30,16
543,592,30,16
542,593,30,15
542,593,30,16
543,593,31,16
542,592,32,16
543,592,31,16
542,593,31,15
542,592,30,17
542,592,30,16
544,593,29,15
543,592,30,15
542,593,31,15
542,592,32,16
541,592,33,16
541,592,32,16
541,591,32,15
543,592,31,15
543,593,30,16
544,593,29,16
542,592,31,15
542,591,31,16
541,592,32,16
542,592,30,16
544,592,29,15
543,592,30,16
543,592,30,15
542,591,31,15
542,591,31,15
542,591,31,15
543,592,29,16
542,592,31,16
544,592,30,16
543,591,30,15
544,591,30,16
544,591,30,16
544,590,30,16
543,592,29,16
544,590,30,16
544,591,29,16
543,591,29,17
544,591,28,16
543,591,29,15
544,590,30,15
542,590,30,16
543,590,30,15
544,590,29,16
542,590,30,16
542,591,29,16
544,591,29,16
544,591,29,16
544,591,30,16
543,592,29,15
543,591,29,16
543,591,30,15
544,592,29,14
543,592,30,15
543,591,29,15
543,590,28,15
544,591,28,15
543,592,29,15
543,592,29,15
543,591,30,15
545,591,28,15
545,592,28,15
543,591,29,16
545,591,29,15
543,590,29,16
543,591,29,15
544,591,29,15
544,592,29,16
543,591,29,16
544,591,29,16
543,591,30,16
543,591,29,16
545,590,29,16
543,591,30,16
543,592,30,15
544,591,29,16
545,592,30,15
545,591,29,16
543,590,29,16
545,591,28,16
544,589,28,16
543,591,28,16
544,590,30,16
541,591,31,16
544,590,29,16
544,592,29,15
545,591,29,15
543,589,30,16
545,591,29,15
543,592,30,16
545,591,30,16
544,590,29,16
544,591,30,16
543,590,28,16
545,590,29,16
544,589,29,16
543,591,30,16
544,590,29,17
544,590,29,16
544,591,28,15
545,591,28,16
544,591,29,16
543,591,29,16
544,591,30,16
544,590,30,15
544,591,30,15
543,590,29,15
544,591,29,15
544,591,29,15
543,590,30,16
543,591,30,16
543,591,31,15
543,592,31,15
544,591,30,15
543,591,30,15
544,591,30,15
544,590,29,15
543,590,29,16
544,590,30,16
544,590,30,15
543,590,30,16
544,591,30,16
543,591,30,16
543,591,30,16
543,590,29,16
542,590,30,17
543,591,29,16
543,591,30,16
542,590,31,17
542,591,30,17
543,590,29,16
543,591,29,15
543,592,29,15
543,592,29,16
542,592,29,16
543,591,29,16
542,590,30,16
543,592,30,16
543,592,30,16
542,592,30,17
543,591,28,16
543,591,28,16
543,592,28,16
544,591,28,17
544,592,28,16
544,592,28,16
543,591,28,16
543,590,27,17
543,591,28,18
542,591,30,17
542,590,29,17
542,592,30,17
543,591,31,17
543,590,29,18
543,590,29,17
541,591,30,16
542,592,31,16
542,590,31,17
543,592,30,17
542,591,30,16
542,592,30,16
542,592,30,15
542,592,30,16
544,592,29,16
543,590,29,17
542,592,30,16
543,592,31,16
543,592,30,16
544,592,29,16
544,592,31,17
542,591,30,17
544,591,30,16
544,593,29,16
543,592,30,17
543,592,31,16
542,592,30,16
543,593,29,16
542,591,30,18
543,592,30,16
544,594,30,16
544,595,30,15
544,595,29,16
543,595,29,15
543,594,29,16
542,595,31,16
543,595,30,15
543,595,31,17
544,595,31,17
542,595,31,17
543,596,31,16
543,599,30,16
543,600,31,17
543,603,31,16
543,607,30,16
541,611,31,16
541,613,31,16
542,614,31,17
542,617,31,16
543,618,31,15
543,620,31,16
543,620,30,16
542,621,29,16
544,623,29,16
544,624,29,16
543,624,29,16
543,624,30,17
541,623,31,17
543,625,31,16
542,623,30,16
543,623,30,16
542,623,30,16
544,624,30,16
543,625,31,15
543,625,31,15
543,623,31,15
541,623,31,16
542,624,31,16
543,623,30,15
541,624,31,15
542,624,31,15
542,622,31,16
543,624,30,16
542,623,29,15
542,623,30,16
542,624,30,16
540,622,30,16
542,622,29,16
541,623,30,16
541,623,29,15
540,622,29,17
541,623,27,15
539,623,28,16
537,623,30,16
535,623,29,16
532,623,30,15
528,622,31,16
528,624,31,14
525,623,32,16
523,624,30,15
520,624,29,16
518,624,29,16
517,624,30,16
516,624,30,16
514,624,30,16
515,623,31,16
514,623,29,16
516,624,29,16
514,623,30,16
516,623,30,15
516,624,30,15
514,624,31,16
515,624,31,15
515,623,31,15
515,623,31,15
515,622,31,16
515,622,30,15
514,622,30,16
514,623,31,17
515,623,30,16
514,622,30,16
516,622,29,16
516,621,28,17
515,622,29,17
515,620,28,17
515,621,29,17
514,620,28,17
516,620,29,17
515,621,30,16
515,620,30,16
515,621,31,16
514,619,30,17
515,621,29,17
515,619,31,17
515,620,30,16
516,621,30,16
514,619,30,17
514,619,31,16
516,619,30,16
516,620,30,15
514,620,30,16
516,618,30,16
515,620,31,16
515,620,31,16
514,618,31,16
516,619,31,17
514,618,31,17
515,619,30,17
516,619,30,17
517,620,29,16
515,618,31,17
514,619,31,16
516,618,32,16
514,619,34,16
515,618,31,17
516,618,30,17
516,619,29,15
516,618,29,16
517,618,29,16
515,618,28,16
515,618,30,16
516,619,29,16
515,618,30,16
516,618,28,15
515,618,29,15
515,618,29,16
516,617,29,15
515,616,29,16
515,616,29,16
515,617,29,16
515,617,28,16
515,616,30,15
515,615,30,16
514,614,30,17
514,616,29,16
513,614,29,17
512,614,30,17
510,613,30,17
509,612,30,17
506,612,30,17
503,612,31,18
500,612,29,16
498,609,29,17
495,610,29,17
493,610,28,16
490,609,29,17
488,609,30,17
486,609,30,16
483,609,30,15
481,608,29,16
480,608,30,17
477,607,31,16
478,608,28,16
477,607,29,17
476,606,30,17
475,608,30,17
475,606,29,17
476,608,29,17
475,607,30,17
475,608,31,16
477,607,29,16
477,607,31,16
475,606,31,16
475,608,31,16
475,608,32,16
476,608,30,16
476,606,31,17
475,607,31,16
476,607,31,16
476,608,32,16
476,607,33,16
476,606,32,17
476,608,31,16
476,608,31,17
477,607,31,16
477,608,30,16
476,608,30,16
477,606,29,17
477,608,29,16
477,606,31,16
478,608,30,16
477,607,30,17
478,607,29,16
477,607,30,16
477,607,30,16
475,606,32,17
476,607,32,16
476,607,30,16
477,608,30,16
478,607,30,16
478,607,28,15
478,606,29,16
477,606,30,16
476,606,30,16
476,607,30,15
476,607,30,15
476,606,30,16
477,607,30,16
476,607,29,16
476,606,31,16
476,607,30,15
475,607,31,16
476,606,31,16
475,606,31,16
476,607,31,16
477,607,30,16
477,607,30,16
477,607,31,15
476,607,30,16
477,607,29,16
477,607,30,15
478,606,30,16
477,608,31,15
478,607,30,16
478,607,30,15
477,606,31,16
477,607,31,15
479,606,29,16
478,608,30,15
477,608,31,15
477,608,31,15
479,607,30,16
478,608,30,15
479,608,30,16
477,607,30,16
479,607,29,16
479,608,29,16
477,606,31,16
477,607,30,16
478,608,30,16
478,608,31,16
478,607,31,16
479,608,30,16
478,607,31,16
478,607,30,16
478,608,30,16
478,608,30,16
478,607,30,16
479,608,30,15
478,608,30,15
479,607,30,15
479,607,29,15
479,607,29,15
478,608,30,16
477,607,30,16
479,608,30,16
478,607,30,16
478,607,31,16
478,607,30,16
477,607,30,15
478,608,30,16
478,608,29,16
479,607,29,16
477,607,30,16
476,607,31,16
476,606,31,16
477,608,30,16
477,607,31,16
476,607,31,16
475,607,31,16
476,606,30,16
476,606,29,17
477,608,29,16
475,607,29,15
475,607,29,15
477,608,30,16
477,607,29,16
477,608,30,16
475,607,30,16
477,607,30,16
476,608,30,16
475,607,31,16
476,606,31,16
476,608,30,15
477,608,29,16
476,607,31,16
477,607,29,16
476,607,29,16
476,607,29,16
477,608,29,15
476,608,31,16
475,606,31,16
475,608,31,15
476,608,30,16
475,607,31,15
477,606,30,16
476,608,29,16
476,608,30,16
477,607,30,16
477,606,30,16
477,607,31,17
476,607,30,16
477,608,30,16
476,607,30,16
475,606,29,17
475,607,30,18
475,607,29,17
474,607,30,16
474,607,30,16
474,606,30,18
471,607,30,16
468,607,29,16
464,607,31,16
462,607,29,16
458,608,31,17
453,606,30,16
450,607,30,17
445,607,30,16
443,607,30,17
442,606,31,17
442,608,29,17
442,607,30,16
443,607,30,16
442,607,31,16
442,608,31,17
442,608,31,17
442,608,31,17
441,607,30,17
441,607,30,16
440,607,31,16
441,607,30,16
441,608,30,16
442,609,30,16
442,608,30,16
442,608,30,16
441,607,30,16
441,607,31,16
442,608,30,16
442,608,31,16
441,608,31,17
441,607,30,16
443,607,30,16
442,607,30,16
443,607,30,17
442,609,30,16
441,608,31,16
443,607,31,16
442,607,30,16
442,609,30,16
442,608,29,16
443,608,30,16
442,609,30,15
444,608,30,16
443,608,30,17
443,608,30,16
443,608,30,16
443,609,30,16
443,608,30,16
442,608,30,16
444,607,29,16
444,608,29,16
443,608,30,16
442,607,31,17
444,607,29,17
443,607,31,17
441,607,30,17
443,608,30,17
443,608,30,17
440,609,30,16
439,610,30,17
437,611,29,16
437,610,29,16
437,610,29,16
437,610,30,16
438,609,30,17
439,608,30,16
439,608,31,16
440,609,30,17
440,608,30,16
440,608,30,16
440,608,31,17
441,609,29,17
440,608,30,17
439,607,30,16
441,608,30,17
440,608,31,17
440,609,30,17
441,608,31,16
441,607,31,17
440,608,31,17
440,607,30,18
441,608,31,17
440,608,31,17
439,608,31,17
439,607,30,17
440,608,29,16
440,608,29,15
440,607,30,17
438,608,31,17
439,607,31,16
438,608,31,16
439,608,30,17
436,608,31,16
437,607,31,16
437,607,31,16
435,608,29,16
433,609,29,15
431,609,29,15
424,607,31,17
421,608,30,15
418,606,30,17
416,607,31,16
415,609,31,16
413,608,31,15
413,608,32,16
412,609,31,16
412,608,30,16
413,608,29,15
413,608,30,15
413,609,31,17
413,607,30,17
412,608,30,15
412,608,30,16
410,609,30,16
410,609,30,15
408,608,28,16
404,609,30,15
401,608,31,16
400,607,30,16
396,609,31,16
395,609,30,16
392,607,30,16
389,608,30,16
383,608,31,16
377,606,31,18
368,606,30,18
361,607,31,17
350,607,32,16
341,605,30,16
332,605,31,16
321,602,31,15
311,600,32,15
303,599,30,15
294,595,29,15
288,593,30,15
282,591,30,15
279,588,31,16
279,584,30,17
277,579,30,16
275,572,30,18
274,566,30,18
273,561,31,18
271,559,32,17
270,558,30,16
270,558,31,16
268,555,30,17
266,554,30,18
264,554,30,18
263,555,30,17
262,555,27,17
259,554,29,17
253,555,30,16
250,555,30,17
244,555,29,16
237,554,31,16
231,555,31,17
228,554,30,17
224,556,31,17
224,555,30,17
222,555,30,17
220,554,30,17
219,555,30,17
217,556,30,16
215,555,31,17
214,555,31,16
213,555,31,16
211,556,30,17
211,556,30,16
209,555,30,16
209,555,31,17
209,555,30,16
208,556,29,16
207,556,30,17
205,556,30,17
206,555,31,17
206,555,31,17
206,554,30,17
206,556,29,15
205,556,30,15
204,555,30,16
207,556,29,16
206,556,30,16
205,554,29,17
206,556,29,16
207,555,29,16
206,555,29,16
206,555,29,16
205,554,30,16
205,554,30,16
206,553,30,16
205,553,29,16
204,551,31,16
203,550,29,16
201,547,30,16
203,546,30,16
201,544,31,18
200,545,30,17
199,545,30,16
197,544,31,16
194,546,30,16
192,543,31,18
190,544,32,18
187,546,31,16
185,546,32,17
182,547,32,18
177,549,32,19
175,551,32,18
172,552,33,18
168,555,33,17
164,555,34,19
161,556,32,18
158,558,32,18
155,559,34,18
151,562,34,18
147,563,34,18
143,564,33,20
140,566,33,20
134,567,35,20
130,568,35,20
126,570,33,19
122,573,36,18
117,572,35,19
112,575,37,19
105,577,37,20
99,578,38,21
92,580,38,20
87,580,37,20
79,582,38,20
74,584,38,20
69,585,39,20
65,587,39,20
60,588,39,21
56,588,38,21
50,592,40,21
45,592,40,22
41,593,39,22
38,595,40,23
33,596,41,22
27,598,42,21
24,600,40,22
18,601,41,22
13,604,42,22
9,606,42,22
3,608,43,22
1,610,40,23
-2,612,39,23
-5,615,37,24
-8,616,34,25
-8,621,30,22
-13,620,30,21
-17,623,29,20
-25,625,31,17
-25,625,31,17
-25,625,31,17
-25,625,31,17
-25,625,31,17
-25,625,31,17
-25,625,31,17
-25,625,31,17
-25,625,31,17
-25,625,31,17
-25,625,31,17
-25,625,31,17
-25,625,31,17
-25,625,31,17
-25,625,31,17
-25,625,31,17
-25,625,31,17
-25,625,31,17
-25,625,31,17
-25,625,31,17
-25,625,31,17
-25,625,31,17
-25,625,31,17
-25,625,31,17
-25,625,31,17
-25,625,31,17
-25,625,31,17
-25,625,31,17
-25,625,31,17
-25,625,31,17
-25,625,31,17
-25,625,31,17
-25,625,31,17
-25,625,31,17
-25,625,31,17
-25,625,31,17
-25,625,31,17
-25,625,31,17
-25,625,31,17
-25,625,31,17
-25,625,31,17
-25,625,31,17
-25,625,31,17
-25,625,31,17
-25,625,31,17
-25,625,31,17
-25,625,31,17
-25,625,31,17
-25,625,31,17
-25,625,31,17
-25,625,31,17
-25,625,31,17
-25,625,31,17
-25,625,31,17
-25,625,31,17
-25,625,31,17
-25,625,31,17
-25,625,31,17
-25,625,31,17
-25,625,31,17
-25,625,31,17
-25,625,31,17
-25,625,31,17
-25,625,31,17
-25,625,31,17
-25,625,31,17
-25,625,31,17
-25,625,31,17
-25,625,31,17
-25,625,31,17
-25,625,31,17
-25,625,31,17
-25,625,31,17
-25,625,31,17
-25,625,31,17
-25,625,31,17
-25,625,31,17
-25,625,31,17
-25,625,31,17
-25,625,31,17
-25,625,31,17
-25,625,31,17
-25,625,31,17
-25,625,31,17
-25,625,31,17
-25,625,31,17
-25,625,31,17
-25,625,31,17
-25,625,31,17
-25,625,31,17
-25,625,31,17
-25,625,31,17
-25,625,31,17
-25,625,31,17
-25,625,31,17
-25,625,31,17
-25,625,31,17
-25,625,31,17
-25,625,31,17
-25,625,31,17
-25,625,31,17
-25,625,31,17
-25,625,31,17
-25,625,31,17
-25,625,31,17
-25,625,31,17
-25,625,31,17
-25,625,31,17
-25,625,31,17
-25,625,31,17
-25,625,31,17
-25,625,31,17
-25,625,31,17
-25,625,31,17
-25,625,31,17
-25,625,31,17
-25,625,31,17
-25,625,31,17
-25,625,31,17
-25,625,31,17
-25,625,31,17
-25,625,31,17
-25,625,31,17
-25,625,31,17
-25,625,31,17
-10,624,29,20
6,625,33,21
15,627,37,21
28,630,41,21
42,633,45,22
55,634,48,23
71,635,48,24
83,638,47,24
96,642,46,23
117,642,48,24
136,643,50,25
158,645,52,26
187,646,50,25
225,647,54,25
266,649,60,24
313,647,64,26
360,648,65,27
409,649,61,28
445,648,66,30
481,650,56,28
511,648,55,30
535,648,59,30
562,650,59,29
591,644,56,32
615,645,56,37
642,640,51,40
668,647,53,29
691,645,54,27
719,646,53,25
745,643,53,25
771,644,53,24
801,642,52,23
827,641,52,24
859,640,51,24
888,640,51,23
919,638,54,24
953,636,53,25
990,636,54,24
1027,637,56,23
1070,635,56,25
1108,635,57,25
1152,636,56,25
1194,636,57,25
1239,635,53,27
1239,635,53,27
1239,635,53,27
1239,635,53,27
1239,635,53,27
1239,635,53,27
1239,635,53,27
1239,635,53,27
1239,635,53,27
1239,635,53,27
1239,635,53,27
1239,635,53,27
1239,635,53,27
1239,635,53,27
1239,635,53,27
1239,635,53,27
1239,635,53,27
1239,635,53,27
1239,635,53,27
1239,635,53,27
1239,635,53,27
1239,635,53,27
1239,635,53,27
1239,635,53,27
1239,635,53,27
1239,635,53,27
1239,635,53,27
1239,635,53,27
1239,635,53,27
1239,635,53,27
1239,635,53,27
1239,635,53,27
1239,635,53,27
1239,635,53,27
1239,635,53,27
1239,635,53,27
1239,635,53,27
1239,635,53,27
1239,635,53,27
1239,635,53,27
1239,635,53,27
1239,635,53,27
1239,635,53,27
1239,635,53,27
1239,635,53,27
1239,635,53,27
1239,635,53,27
1239,635,53,27
1239,635,53,27
1239,635,53,27
1239,635,53,27
1239,635,53,27
1239,635,53,27
1239,635,53,27
1239,635,53,27
1260,635,44,24
1220,637,49,20
1176,637,54,20
1133,637,57,22
1100,636,53,22
1067,637,53,22
1046,635,49,24
1033,636,47,24
1021,636,45,23
1006,636,47,22
991,636,48,23
973,636,47,23
946,636,48,22
916,638,49,22
879,636,53,24
845,635,53,24
804,636,53,26
751,637,58,24
700,637,61,25
653,635,58,29
610,637,56,24
574,637,52,25
558,637,48,23
548,637,47,24
534,636,49,24
522,636,47,25
506,636,48,24
492,636,49,23
481,636,48,24
481,636,45,25
481,636,45,24
479,637,47,24
477,635,46,25
471,636,46,24
458,635,48,24
438,636,50,23
413,636,47,23
385,635,49,23
352,635,50,25
316,636,52,25
280,637,51,24
244,637,52,24
207,638,51,24
169,637,54,25
139,638,52,23
112,640,49,22
97,638,46,23
91,639,48,24
82,639,48,24
77,638,47,23
71,639,46,26
66,638,45,25
64,639,47,24
63,638,47,24
63,639,47,23
63,640,48,24
62,640,48,23
63,638,48,25
62,638,47,25
64,638,47,24
63,638,49,25
64,638,47,26
65,637,47,25
66,638,47,25
66,638,48,24
68,640,48,23
69,640,47,23
69,639,48,24
71,638,47,25
75,640,48,24
78,638,47,25
83,638,48,25
89,636,49,25
98,637,48,24
109,636,46,26
121,637,47,24
131,636,48,24
140,637,48,23
147,637,47,23
152,636,49,23
159,635,48,25
164,635,49,24
169,635,47,25
174,634,48,26
176,632,47,25
182,632,47,24
187,631,46,24
191,628,47,25
195,627,46,24
199,625,46,23
206,624,46,24
210,620,45,24
215,619,44,25
220,617,43,24
224,616,44,23
228,613,44,23
231,611,43,22
236,610,43,22
240,609,44,22
242,605,43,23
247,603,42,24
250,603,42,23
252,600,42,22
255,598,42,22
260,598,40,22
262,594,40,22
265,594,39,21
268,592,39,21
272,590,38,20
275,588,39,20
277,586,38,20
279,584,40,20
283,583,38,20
286,581,40,20
289,580,38,21
291,578,37,20
294,576,38,20
296,574,37,21
300,575,36,19
302,572,35,19
305,570,36,19
307,568,35,19
309,568,35,19
311,567,35,18
314,565,35,19
315,564,36,18
317,562,34,19
317,561,34,19
318,560,33,19
317,561,34,20
317,561,34,19
317,561,34,19
315,561,36,18
315,560,36,18
314,561,35,18
314,561,36,18
313,561,35,18
313,561,35,18
312,560,35,18
311,561,35,20
312,563,33,18
311,562,34,18
312,563,32,18
310,563,34,19
309,562,34,19
309,562,35,19
309,562,35,19
310,564,34,19
309,563,34,19
309,564,33,18
308,563,35,19
308,564,35,18
306,562,36,19
308,563,35,18
307,564,35,19
307,563,36,19
307,562,34,20
307,564,35,18
306,564,36,19
306,563,36,20
306,563,35,20
307,563,35,20
305,563,36,20
307,564,33,19
306,564,34,19
306,564,35,19
306,563,35,19
305,563,35,18
304,563,35,18
305,564,35,18
304,563,34,18
304,563,33,19
305,564,33,19
304,562,34,18
304,563,34,19
304,564,34,19
303,562,36,19
303,564,35,18
303,563,34,18
301,563,34,19
300,564,35,19
298,562,35,19
295,563,34,19
292,563,34,19
289,564,34,18
285,563,34,19
280,562,35,20
274,563,36,20
269,564,34,19
266,565,35,18
263,563,35,19
261,564,34,19
258,565,34,18
254,565,33,18
250,563,35,19
250,565,36,19
247,564,36,19
246,565,34,19
245,564,35,20
243,565,35,19
243,565,36,18
241,564,35,19
240,564,36,19
239,564,36,19
240,564,35,19
240,564,35,18
240,564,34,19
238,563,34,19
240,565,31,18
239,563,33,19
239,565,34,19
237,564,34,20
237,564,34,19
237,564,34,19
236,564,35,18
234,565,35,18
234,565,34,18
233,565,34,19
231,564,34,19
231,565,35,19
229,564,35,18
228,565,35,19
225,564,35,19
223,564,35,19
221,565,34,18
219,565,34,19
215,564,35,19
211,565,36,19
209,564,36,19
206,565,34,19
202,564,35,19
200,564,35,19
199,564,35,19
196,565,35,19
196,565,34,19
194,566,34,19
192,564,34,20
190,564,34,19
188,565,35,19
187,564,34,19
186,566,34,19
185,564,34,19
183,564,35,20
182,565,34,19
179,566,35,18
177,565,36,19
178,565,35,18
178,566,34,18
177,566,34,19
175,566,34,18
175,565,34,19
174,565,35,18
175,565,35,18
175,565,35,18
175,565,33,19
176,565,33,18
174,565,34,19
176,565,34,19
176,566,35,19
176,566,36,19
176,566,35,19
178,566,34,19
177,566,35,19
176,568,36,19
176,569,36,19
177,570,37,19
177,570,36,19
179,571,35,18
178,570,35,18
179,570,36,18
179,570,35,18
179,571,35,18
180,571,35,19
178,571,36,19
181,570,35,18
183,571,33,18
181,571,35,18
182,570,34,18
181,571,35,18
184,571,35,19
183,570,36,18
186,570,35,18
187,569,36,19
189,571,34,20
189,571,36,18
192,570,36,19
195,568,35,20
196,570,34,19
199,570,35,19
201,570,35,18
202,571,35,17
202,570,36,18
202,569,36,18
202,569,36,18
203,570,35,18
205,569,34,19
204,570,34,19
204,569,36,19
204,571,35,18
205,570,35,18
207,569,35,19
208,569,37,18
211,569,34,18
213,569,34,17
218,569,34,18
221,570,35,18
225,569,34,19
229,570,35,18
235,569,34,19
