908	382	42	43
883	396	47	41
868	415	49	45
854	437	53	47
835	459	58	49
813	479	63	54
796	496	67	62
782	514	70	63
790	519	72	62
803	508	77	63
799	495	88	68
790	485	102	72
786	460	115	77
773	433	105	79
747	411	105	88
734	390	99	81
719	379	85	75
697	353	80	77
669	335	77	80
640	315	76	74
627	291	69	69
618	280	67	63
608	271	65	63
608	266	65	58
603	259	73	54
621	260	74	56
634	271	73	54
645	276	65	49
652	275	62	46
655	277	59	44
659	276	56	44
662	276	54	43
659	280	51	38
652	285	46	36
644	283	43	33
636	277	42	32
628	272	42	32
627	265	37	28
628	250	35	28
621	239	36	29
621	239	36	29
621	239	36	29
