1025	277	49	54
1028	282	42	47
1035	292	46	50
1003	298	53	54
1051	285	50	49
1051	285	50	49
947	289	59	50
947	289	59	50
1061	266	61	37
1044	326	56	39
1044	326	56	39
1044	326	56	39
1044	326	56	39
1044	326	56	39
1044	326	56	39
1044	326	56	39
1044	326	56	39
1044	326	56	39
1044	326	56	39
1044	326	56	39
1044	326	56	39
1044	326	56	39
1044	326	56	39
1002	408	45	47
1002	408	45	47
1002	408	45	47
1002	408	45	47
1002	408	45	47
1002	408	45	47
1002	408	45	47
1002	408	45	47
1002	408	45	47
1002	408	45	47
1002	408	45	47
1002	408	45	47
913	356	47	42
913	356	47	42
913	356	47	42
913	356	47	42
913	356	47	42
913	356	47	42
913	356	47	42
913	356	47	42
913	356	47	42
860	411	44	33
860	411	44	33
860	411	44	33
860	411	44	33
860	411	44	33
860	411	44	33
860	411	44	33
860	411	44	33
934	364	45	39
934	364	45	39
934	364	45	39
934	364	45	39
934	364	45	39
934	364	45	39
