349	229	114	183
331	234	125	177
317	240	124	183
312	248	123	192
311	264	122	193
296	274	132	210
268	284	162	223
261	287	174	229
280	284	150	248
290	281	149	244
303	288	142	233
303	274	151	260
308	263	142	270
290	251	171	292
296	236	161	316
296	237	167	325
294	229	190	329
306	216	187	342
315	228	175	350
312	233	180	362
317	242	177	368
320	245	190	366
332	255	188	367
343	265	186	361
346	261	195	379
359	263	190	360
366	269	193	380
376	280	188	366
383	277	181	376
389	276	183	357
396	273	182	363
402	273	180	355
416	270	171	341
421	262	176	349
437	259	163	354
443	267	171	338
456	271	164	343
467	281	178	333
484	275	164	347
500	272	160	354
511	282	159	359
535	291	142	358
548	305	124	332
565	282	127	332
578	333	177	313
574	338	193	373
550	332	211	365
527	332	234	340
526	341	222	359
595	334	180	334
623	338	162	316
640	339	149	271
652	347	162	239
666	351	159	216
678	346	156	222
690	338	151	222
698	333	157	221
708	333	183	213
720	326	204	214
733	328	216	236
753	326	249	282
770	317	252	278
788	319	243	267
795	319	251	258
819	313	231	250
815	310	250	237
836	303	237	238
834	298	255	229
841	293	252	223
835	288	269	224
837	283	262	215
845	280	246	205
850	276	242	194
854	269	242	197
854	265	236	198
844	269	247	189
851	276	241	185
865	278	225	186
851	280	243	175
850	280	230	169
862	276	218	175
869	275	217	175
873	268	218	171
883	266	211	183
890	268	213	189
901	270	213	195
918	274	199	202
930	277	197	207
943	274	189	216
959	277	178	216
957	276	152	218
961	277	141	216
961	284	123	219
967	285	112	223
958	289	118	201
953	290	120	209
953	291	114	206
947	290	115	203
938	295	119	211
937	302	111	204
932	297	109	207
928	302	111	212
929	304	106	217
928	306	101	226
908	310	107	206
900	314	105	188
890	309	106	186
881	312	111	175
868	315	127	161
849	313	98	171
839	321	98	173
819	315	101	192
800	312	105	203
787	308	99	215
769	313	107	207
754	313	99	200
737	312	104	202
726	313	107	194
717	309	110	199
712	305	106	188
715	308	101	177
720	311	98	161
724	316	100	153
730	315	101	165
739	318	94	175
745	318	87	160
743	325	88	163
738	326	88	167
736	323	82	168
733	329	72	163
720	328	75	168
703	326	81	165
683	323	91	172
666	323	97	168
662	316	93	173
647	309	92	181
642	308	91	182
639	308	86	185
634	312	81	190
614	320	97	188
605	327	101	193
597	327	97	209
575	334	106	187
567	336	101	193
552	332	100	193
535	330	102	204
525	321	94	224
499	320	100	222
468	316	108	223
430	312	126	216
406	312	128	206
372	302	138	212
355	297	134	222
335	290	133	214
315	282	135	209
307	287	128	199
301	287	123	202
298	292	121	188
292	288	125	184
295	293	130	182
305	294	116	188
296	296	124	208
294	306	124	208
278	309	139	231
270	299	155	268
268	289	159	282
266	279	159	296
273	269	155	302
276	251	159	297
288	241	154	277
292	221	163	290
301	203	166	316
304	172	177	328
301	148	191	369
309	152	186	348
307	161	200	358
305	168	208	391
322	191	199	376
335	216	196	367
324	229	217	376
351	247	198	343
366	256	229	320
376	255	263	356
373	251	236	372
383	240	220	410
354	252	263	373
411	237	212	406
425	235	210	400
431	242	221	377
437	249	212	372
434	251	208	366
437	262	195	363
436	261	199	385
446	266	194	384
446	277	204	376
450	288	203	369
456	294	211	355
460	289	234	366
465	291	232	360
465	283	242	362
473	279	243	367
488	286	259	385
498	283	255	379
516	293	244	348
538	292	201	311
552	281	187	305
562	281	169	280
562	267	185	283
576	269	193	276
585	244	207	274
593	230	216	261
601	220	234	291
615	227	251	339
614	224	298	338
629	235	277	320
630	252	303	320
639	280	290	296
639	302	303	301
652	317	298	284
676	333	298	272
687	341	306	269
714	354	298	258
729	371	296	238
725	363	307	233
738	369	300	219
757	366	284	213
766	370	280	197
791	367	254	197
803	363	251	184
805	356	253	176
825	350	238	183
788	334	257	188
820	327	251	192
837	302	234	187
801	277	273	176
814	244	248	197
812	220	229	212
798	203	242	222
794	188	242	237
799	171	227	251
826	155	178	256
836	135	141	245
845	129	122	253
846	125	118	250
842	120	122	245
845	115	120	244
845	107	117	242
829	96	128	244
822	87	134	254
823	77	128	252
814	75	133	264
801	76	133	252
793	88	136	262
779	98	136	237
757	106	126	224
731	135	139	216
705	128	142	241
680	139	160	264
665	148	183	277
649	167	205	260
627	182	212	260
617	189	204	262
616	201	194	254
613	205	193	250
603	204	196	249
592	212	192	249
585	225	183	233
576	234	181	227
572	232	185	236
570	239	186	228
561	247	180	221
550	256	167	224
539	270	168	211
520	272	170	220
510	287	168	214
513	299	146	198
525	302	117	190
539	304	96	180
547	303	95	172
544	301	96	159
544	299	93	160
535	294	97	160
528	288	96	175
522	283	89	183
509	280	97	175
502	275	98	176
501	272	94	194
493	269	100	218
494	271	97	215
497	269	94	219
492	268	99	217
489	264	102	221
496	259	98	213
489	255	106	218
493	252	104	212
492	253	102	190
485	249	101	203
471	246	100	208
460	229	97	204
415	222	128	200
394	213	128	185
378	211	123	176
365	210	120	164
344	210	126	164
329	218	125	156
321	221	118	154
316	220	112	141
315	220	108	135
320	217	100	128
335	210	89	139
355	205	79	134
364	199	75	133
370	192	72	126
372	185	71	129
365	173	78	140
363	170	80	141
363	158	81	148
365	154	82	158
367	153	84	170
371	160	83	178
362	163	97	184
355	171	105	179
356	175	103	203
350	171	116	228
328	193	141	245
307	218	170	269
309	202	181	288
310	183	192	347
325	177	192	361
341	167	189	369
359	158	184	389
369	148	188	395
370	133	193	413
384	119	184	396
399	114	181	385
413	104	182	382
428	105	190	360
437	101	208	377
469	88	200	382
490	96	200	394
508	110	205	369
526	106	197	375
542	121	191	387
554	126	199	366
565	127	193	375
572	135	188	369
578	160	201	366
587	177	226	359
606	186	210	359
610	198	227	369
614	189	234	381
619	191	239	373
629	182	239	383
636	187	251	371
645	190	252	359
661	193	253	355
669	186	233	362
683	211	231	332
648	176	246	315
639	171	256	340
635	169	257	336
638	164	233	325
641	165	231	321
635	150	230	325
627	144	232	331
630	150	234	318
629	141	243	321
633	143	238	300
631	139	247	308
644	140	237	287
654	125	232	301
668	120	226	287
687	117	213	274
689	106	229	275
703	99	231	275
715	103	236	254
742	112	224	250
747	106	239	239
768	120	234	223
788	129	220	216
797	136	225	207
803	141	227	205
795	144	228	208
793	151	229	199
785	172	221	182
774	177	234	196
775	185	220	197
774	187	222	195
779	180	221	195
790	166	222	201
800	153	226	202
816	138	220	211
835	114	195	222
853	100	161	220
881	77	124	216
888	63	113	208
895	43	106	221
889	30	128	220
917	23	127	211
914	22	106	219
905	29	115	240
897	33	118	250
880	44	125	263
853	49	140	286
826	47	159	296
804	70	189	288
791	93	192	284
768	121	203	268
745	149	209	251
741	160	196	249
737	164	201	252
737	163	204	247
741	176	200	243
741	174	199	239
741	175	192	242
739	180	198	242
739	179	200	244
734	190	208	237
736	191	199	245
736	208	197	244
739	207	198	249
746	211	186	241
744	211	185	238
735	210	183	233
720	207	177	235
701	208	173	220
694	202	168	222
675	194	186	221
670	194	191	217
662	187	192	218
672	192	174	203
667	193	179	204
660	193	175	199
657	200	166	202
654	203	147	201
644	213	141	197
636	211	130	206
630	218	124	219
600	225	126	223
589	231	118	214
592	228	118	221
599	219	102	217
597	210	105	228
594	202	109	230
599	194	104	234
602	183	101	240
602	169	98	239
598	167	99	237
596	163	98	237
590	165	99	234
584	171	101	229
574	177	105	240
568	183	102	232
553	192	108	215
538	202	115	195
526	209	116	217
515	221	117	215
502	228	118	202
490	232	115	199
481	238	107	193
468	238	102	187
440	248	124	170
426	246	125	172
420	245	123	183
411	242	118	200
407	235	112	210
398	239	111	222
387	237	114	237
373	236	127	246
358	235	138	266
347	230	138	280
336	227	138	288
320	224	156	290
315	215	154	292
302	208	170	291
305	198	181	307
296	187	213	339
303	189	191	326
298	177	220	352
301	160	203	358
302	146	200	363
315	139	196	382
317	137	195	388
327	133	194	383
356	130	171	343
370	126	168	336
393	127	167	324
408	126	180	333
429	130	171	334
449	134	168	328
469	140	175	360
500	140	161	346
504	143	175	350
520	153	173	327
537	152	160	323
532	163	186	352
544	162	192	364
585	171	171	335
592	185	177	348
605	187	169	333
608	207	174	330
613	209	177	325
627	216	177	318
641	226	170	310
654	227	160	330
663	238	157	335
687	259	129	298
699	269	144	289
721	285	128	279
744	291	177	262
753	288	186	282
754	296	202	291
735	294	235	338
714	311	282	406
693	322	326	394
701	282	316	412
676	282	337	423
673	277	318	436
668	263	327	451
663	248	338	455
655	246	343	461
654	238	343	463
666	227	331	478
661	217	337	483
658	217	341	485
665	216	341	484
662	214	348	489
656	205	369	505
674	202	324	508
671	214	328	494
700	217	296	482
712	228	288	480
701	234	309	475
722	248	296	456
744	264	278	437
742	280	300	429
756	293	290	421
760	294	298	420
781	303	273	416
800	305	256	412
812	304	238	405
815	299	223	405
809	296	221	418
795	291	216	410
783	284	261	423
768	282	325	431
756	279	375	439
782	295	382	426
734	244	415	427
758	229	501	500
803	278	441	450
718	193	570	534
598	106	581	455
655	165	632	436
552	170	655	381
639	142	620	414
746	137	542	370
676	149	470	307
702	173	432	261
723	187	341	240
780	167	286	269
821	170	233	266
834	175	198	251
829	169	193	255
826	172	158	251
820	181	143	242
805	186	130	232
795	181	135	238
783	184	144	239
770	179	152	239
748	186	168	250
717	192	189	243
