561,311,22,51
558,311,19,51
553,312,20,50
550,312,22,51
545,314,23,52
540,315,23,52
538,315,24,51
533,316,24,51
529,317,23,52
527,317,22,52
523,316,23,52
519,317,23,51
516,317,24,53
509,317,25,52
506,316,23,53
504,316,24,52
501,315,23,54
498,317,23,51
496,316,22,53
493,317,21,51
489,317,21,54
487,317,20,53
482,317,22,52
479,318,22,51
477,319,22,52
474,317,21,52
471,317,22,53
469,317,21,53
466,317,21,53
462,317,22,53
459,315,22,54
456,316,22,52
452,315,23,51
451,315,23,51
448,315,23,49
447,317,22,48
445,316,22,48
442,316,21,47
439,315,21,46
438,317,21,46
434,318,19,47
434,323,20,48
428,318,20,46
425,318,19,46
423,319,17,46
421,319,18,46
417,320,19,48
413,321,20,49
411,323,19,48
407,322,19,48
403,323,19,51
401,325,20,50
397,325,20,49
394,326,20,48
392,328,20,47
388,329,21,49
382,330,22,48
381,330,22,48
376,332,20,47
371,334,20,48
370,333,21,49
366,332,20,47
361,332,21,49
359,332,21,49
354,332,22,50
349,333,24,51
346,333,24,50
342,332,22,51
338,331,22,53
337,331,21,52
334,330,21,52
330,329,21,53
328,328,23,56
324,328,22,57
320,330,22,53
317,330,22,53
313,329,23,55
309,328,23,56
308,328,23,55
304,326,23,52
301,327,23,52
300,327,23,52
296,326,24,52
293,326,23,54
291,325,23,53
287,324,23,53
284,325,23,54
283,323,22,54
280,324,22,52
277,322,23,53
276,323,23,52
273,324,22,53
270,324,22,52
267,324,23,52
263,325,23,53
258,325,23,53
257,326,23,53
253,326,24,54
250,325,23,52
249,325,22,52
244,325,22,51
241,325,22,52
238,324,23,52
235,325,21,52
231,325,22,52
228,324,22,52
224,324,23,53
221,324,22,53
219,325,23,53
216,325,22,54
212,325,22,55
210,325,21,55
205,326,22,54
202,325,21,53
200,325,21,53
197,324,20,54
192,325,21,54
190,325,21,54
187,324,21,55
183,323,21,54
180,322,22,54
177,323,21,53
174,322,23,54
171,322,24,53
167,323,24,52
163,325,24,52
162,325,24,51
157,326,24,52
154,325,23,54
152,324,23,55
148,322,23,55
144,322,25,55
143,321,25,56
138,323,24,55
135,323,24,55
133,323,24,55
127,323,25,54
122,322,24,52
121,322,24,52
116,321,27,52
113,322,26,52
111,322,25,52
107,322,27,54
104,321,25,56
102,322,25,56
99,321,25,56
95,319,26,53
94,319,27,55
92,320,25,54
87,320,26,51
86,321,25,51
79,321,25,49
76,321,26,51
75,320,26,51
73,317,26,53
69,317,26,52
69,319,26,51
66,317,27,52
63,316,27,51
62,315,28,52
59,317,28,51
57,317,27,51
55,317,28,51
53,319,27,50
49,318,27,48
47,317,28,49
43,317,29,51
43,317,29,52
41,316,29,53
41,315,27,53
41,315,27,53
39,314,26,53
36,315,26,53
35,316,28,52
35,317,28,52
33,315,28,54
33,316,28,53
33,314,26,53
35,316,25,51
34,315,24,51
34,315,24,51
34,318,23,50
36,315,24,53
35,316,25,52
35,316,24,52
35,316,24,52
36,315,23,52
36,315,23,52
36,315,24,52
35,315,23,52
34,315,24,51
33,317,24,50
32,317,24,50
33,319,24,49
32,319,24,48
33,318,24,49
32,318,24,49
31,318,26,49
32,319,26,50
33,318,26,50
32,315,27,51
33,314,26,52
33,314,27,52
32,314,27,52
32,314,27,52
32,313,27,52
31,314,27,51
32,313,26,52
32,313,27,51
32,314,26,51
31,313,26,51
32,314,27,51
32,313,27,51
31,315,27,50
31,316,26,49
31,314,26,51
32,314,27,51
32,313,27,50
33,313,27,50
32,314,27,50
33,312,26,50
34,313,26,50
33,313,27,51
33,313,28,51
32,315,28,50
33,313,28,51
34,311,29,53
34,312,28,53
34,312,28,53
33,312,29,53
33,311,28,53
33,313,28,52
33,312,29,52
33,311,27,52
33,313,28,52
32,314,27,51
32,313,26,51
33,312,27,53
33,312,26,51
33,313,26,52
34,312,26,52
34,313,26,52
34,312,26,53
34,312,25,52
35,312,25,51
34,313,25,51
35,312,25,52
35,312,25,51
34,312,25,52
35,311,25,53
34,312,25,53
33,312,25,52
34,312,25,53
34,311,26,53
34,310,26,53
35,311,27,52
34,311,26,52
34,312,26,52
34,311,26,52
34,311,26,51
34,311,27,51
35,311,27,51
34,311,27,50
34,311,26,51
34,311,27,51
34,310,27,51
35,310,26,50
35,311,27,50
34,310,27,51
35,310,27,52
35,310,27,52
35,311,28,51
35,312,28,52
35,312,26,53
35,311,28,53
35,311,28,54
36,311,29,55
35,313,29,53
34,312,28,52
34,313,27,51
34,313,29,51
32,314,29,52
31,315,29,51
31,317,30,50
32,317,30,52
29,318,31,50
30,320,31,50
31,322,30,49
29,321,31,49
28,321,31,50
29,322,31,49
29,322,30,50
29,322,30,50
28,320,31,50
28,322,30,49
28,321,30,49
27,321,31,49
26,321,30,49
27,321,30,49
27,320,31,50
27,319,31,49
24,319,31,50
25,319,31,50
28,318,29,50
27,318,28,53
23,317,28,52
22,315,28,52
22,315,27,51
20,313,27,51
19,313,27,52
19,310,28,55
18,312,27,54
17,311,27,53
15,310,28,51
14,311,29,53
14,311,28,52
12,311,30,52
12,313,30,50
11,313,30,49
10,313,30,48
9,312,30,48
8,313,30,47
8,313,29,47
8,315,29,46
8,315,28,46
6,315,27,46
6,314,28,46
6,314,28,47
6,315,29,46
5,315,28,47
4,315,29,46
4,316,27,45
4,316,28,46
5,315,29,46
2,316,30,47
2,316,29,46
2,316,29,46
3,316,28,46
2,316,28,46
2,315,28,46
1,315,27,46
2,314,28,48
1,313,28,47
-1,312,29,48
-3,310,30,51
-2,310,29,52
-3,310,27,50
