176,75,47,102
174,79,49,99
171,84,49,98
171,87,47,97
170,88,47,99
168,91,48,99
166,96,49,97
165,95,50,99
163,93,48,101
159,89,50,104
150,83,51,105
149,84,50,104
148,84,46,102
147,81,43,104
144,71,43,108
142,67,44,109
141,64,43,108
141,65,42,103
139,63,40,102
139,64,40,98
137,64,41,100
136,66,42,101
135,69,42,103
135,73,41,104
137,82,39,99
138,82,40,102
138,84,39,101
139,76,39,104
138,68,39,104
137,64,41,102
134,54,44,102
133,54,46,100
132,54,45,97
132,50,42,98
135,56,39,93
135,55,42,93
136,57,41,93
137,59,39,94
136,65,39,96
136,65,40,98
135,69,40,100
136,72,40,99
137,86,40,96
138,83,39,100
138,87,40,97
136,81,41,102
136,72,41,111
135,69,42,115
135,65,39,117
134,64,40,115
131,64,42,117
130,64,41,117
129,65,40,118
129,70,42,115
129,65,43,118
130,68,42,116
132,66,41,116
134,60,41,119
135,63,45,115
135,69,47,107
134,70,50,106
136,67,50,111
141,57,49,116
145,55,47,117
148,54,48,112
151,54,48,111
159,49,45,110
159,46,48,109
160,45,49,110
160,46,52,110
163,49,52,113
166,49,50,114
169,50,48,113
171,49,47,115
174,52,48,111
176,52,46,115
178,53,45,114
180,59,43,114
181,67,43,114
181,71,45,111
181,75,46,109
185,69,41,112
188,57,38,117
188,54,39,117
187,54,39,115
186,55,42,114
184,55,42,113
181,52,44,117
177,57,48,112
175,56,48,113
170,52,50,111
170,52,48,109
170,53,48,106
171,55,47,103
170,54,47,105
170,53,48,104
169,52,48,107
170,50,47,112
169,54,48,111
169,57,47,110
169,62,48,109
170,65,47,107
168,69,47,101
165,69,48,100
163,68,48,99
160,61,48,105
153,49,49,110
150,45,49,108
147,43,51,108
146,42,49,108
143,38,46,112
142,40,46,112
142,42,45,112
141,44,44,113
140,54,45,112
141,62,43,110
142,70,42,107
144,71,43,110
144,64,46,111
142,55,46,113
140,44,48,114
138,38,48,113
135,38,50,106
134,32,48,109
134,33,47,108
134,37,47,108
136,39,46,107
136,41,48,106
136,43,46,105
135,49,48,104
135,57,44,108
135,61,44,109
135,64,43,112
153,59,44,112
162,66,43,110
154,73,41,109
138,63,47,120
139,56,48,123
143,50,48,129
146,48,47,130
147,48,47,132
148,52,48,126
149,54,51,127
150,55,50,126
153,58,50,123
153,56,51,129
155,53,53,134
156,57,55,130
159,53,53,133
162,53,52,129
162,50,55,133
162,48,56,136
162,50,56,136
163,50,56,137
166,43,57,137
170,42,55,134
171,42,56,132
174,36,55,135
177,29,55,135
178,29,55,141
179,29,54,145
180,29,55,142
182,32,54,138
184,31,52,140
186,34,49,138
187,32,50,138
187,35,52,138
189,43,51,136
190,46,52,133
190,51,50,133
187,54,54,133
187,47,52,139
188,40,48,143
187,42,48,137
185,43,49,134
184,42,49,135
183,43,50,137
181,42,52,137
175,37,52,139
173,41,54,132
172,44,54,127
174,44,51,125
175,45,50,122
176,42,49,126
176,42,50,126
176,41,50,126
177,41,50,128
177,42,50,129
178,46,49,126
178,49,52,126
179,56,53,124
178,58,53,125
178,61,51,121
176,59,52,123
168,50,53,126
165,48,53,124
162,43,52,125
159,37,51,127
152,34,52,126
149,36,54,122
147,39,53,120
147,39,50,121
145,44,47,126
142,49,50,128
141,54,50,124
143,62,47,122
147,69,48,119
149,63,46,120
148,50,46,126
147,38,48,132
146,34,49,122
145,31,48,122
142,29,51,120
143,30,47,117
142,33,51,116
144,37,47,115
143,39,49,115
144,44,49,113
142,48,49,118
141,53,47,120
140,59,47,117
139,67,46,115
139,73,46,114
140,73,45,116
138,72,45,117
