167,69,24,127
168,69,24,126
168,69,25,126
170,70,24,126
170,69,24,128
171,68,24,128
171,69,25,129
172,69,25,129
173,69,25,128
174,70,24,127
174,70,25,125
175,70,24,125
177,73,23,122
177,73,24,121
177,72,25,124
178,75,23,122
178,76,24,122
175,73,25,129
174,74,25,134
172,73,26,136
169,76,27,134
172,77,23,130
177,75,24,126
177,76,23,124
179,77,23,124
179,74,24,127
179,77,23,125
183,75,23,123
182,74,23,125
182,73,22,125
184,70,22,126
186,69,20,126
186,67,21,124
186,67,21,125
186,68,20,122
185,68,21,125
185,71,20,122
186,71,19,121
187,73,20,123
187,70,21,123
188,72,21,121
188,69,21,124
188,69,22,123
189,69,22,125
189,67,22,128
191,69,20,128
191,70,21,124
193,69,20,129
192,68,21,125
192,68,21,127
193,67,21,128
194,69,20,127
195,69,21,126
196,69,20,127
197,69,20,125
196,68,21,127
196,67,21,129
195,66,22,123
193,65,22,124
192,65,23,125
191,67,24,122
190,67,23,119
190,70,24,121
189,70,24,121
189,73,23,119
190,75,23,118
190,76,24,117
188,77,24,115
188,77,24,116
185,76,25,120
185,76,24,120
184,76,24,120
182,77,24,118
181,76,24,119
179,77,26,123
179,72,26,131
181,75,25,125
182,73,25,129
180,79,25,125
182,76,24,125
182,74,25,125
181,78,25,122
184,74,24,120
183,75,23,122
184,77,23,116
184,76,24,115
184,70,23,121
185,67,23,118
186,66,23,120
186,64,24,121
188,61,23,123
188,59,24,123
189,58,23,131
190,58,23,133
191,61,22,133
191,65,22,129
193,64,22,127
193,67,21,122
192,69,22,121
191,70,23,123
192,67,23,121
192,67,23,120
192,66,23,120
192,66,22,126
192,64,22,125
191,67,22,124
190,63,24,127
190,66,24,124
190,63,23,124
190,65,23,121
189,65,23,122
189,63,24,124
188,67,23,123
188,68,23,123
188,69,24,123
188,65,25,124
188,64,25,125
189,62,25,125
189,62,25,123
190,61,24,122
191,65,24,122
190,62,24,121
189,61,25,124
188,60,26,128
188,60,25,129
188,60,25,127
188,60,26,128
188,60,25,128
188,61,26,125
188,63,25,124
188,63,25,127
188,63,26,125
188,65,25,125
188,63,25,128
188,62,25,124
188,62,26,125
190,62,25,123
191,60,24,126
190,62,24,130
191,62,24,130
193,60,25,127
194,61,25,127
195,63,25,127
196,66,25,124
199,65,23,124
200,65,23,124
201,65,23,124
200,64,24,121
195,72,25,121
197,70,25,124
199,68,24,125
199,69,24,119
199,69,24,125
198,68,24,125
198,70,24,125
197,70,24,124
197,75,23,124
200,78,22,120
190,70,24,116
211,76,22,114
208,78,24,129
204,77,23,117
207,70,24,119
208,68,24,120
206,70,26,122
205,69,26,123
203,69,25,125
202,70,25,126
201,70,25,126
203,70,24,124
201,70,25,126
201,70,25,125
203,70,26,122
205,72,25,122
205,73,25,117
207,74,25,115
214,76,25,116
219,76,24,117
219,75,24,120
219,76,25,122
220,75,26,124
222,74,25,125
222,76,24,121
225,75,23,122
222,72,24,127
225,71,23,129
226,72,23,125
226,72,24,122
228,73,25,123
228,75,24,124
226,78,25,121
225,81,26,120
224,85,26,120
222,83,27,121
218,80,28,123
223,87,28,117
223,88,27,116
220,87,27,119
220,84,27,120
220,84,27,121
218,83,27,123
217,81,26,122
218,79,26,122
217,77,26,121
215,74,25,124
214,74,25,126
212,73,25,126
211,72,27,130
209,72,25,130
207,69,25,135
205,67,25,140
203,68,26,137
201,66,26,141
200,67,26,140
197,67,26,142
196,67,27,145
195,68,27,142
194,69,26,141
194,66,26,146
195,69,24,138
193,68,25,140
192,67,25,143
192,68,25,141
190,66,26,143
189,66,25,144
188,67,25,141
187,67,25,140
187,65,25,143
187,67,25,139
183,66,27,141
184,67,27,142
185,65,26,140
185,66,27,138
183,71,26,133
184,70,26,135
188,72,24,132
190,72,24,129
190,70,25,128
194,72,23,125
196,74,24,126
194,70,25,125
197,72,24,126
201,72,23,125
203,74,23,127
202,74,23,124
203,75,22,125
202,76,22,122
201,75,23,123
199,71,24,132
199,68,26,135
199,71,25,129
201,71,23,131
204,72,22,129
202,71,25,128
206,73,23,120
206,74,23,118
202,74,25,121
210,70,22,118
208,70,23,122
208,70,22,121
206,70,23,125
207,70,22,127
206,69,23,128
204,68,25,129
204,68,24,129
207,67,22,129
204,67,24,125
206,70,23,122
206,71,24,117
203,70,24,120
203,69,25,121
205,71,23,119
203,74,24,118
204,72,23,118
203,73,23,121
202,72,23,122
201,73,24,122
202,73,23,119
202,75,22,120
201,75,23,117
201,76,24,115
202,76,23,115
205,77,22,115
205,79,22,113
201,78,21,113
205,77,21,115
202,76,23,117
203,72,22,120
202,70,23,123
201,68,24,129
200,66,25,130
202,68,23,129
203,71,22,123
203,71,23,122
203,71,24,117
205,76,22,113
201,76,24,110
204,75,23,111
207,76,23,107
204,77,25,107
209,77,23,104
212,78,22,106
210,75,24,109
211,79,23,111
211,77,23,111
210,75,23,113
210,75,24,114
211,76,24,112
210,76,24,115
210,76,25,115
210,74,25,116
212,73,23,118
210,76,25,116
212,75,25,115
213,77,25,114
214,77,25,114
218,79,25,109
219,80,24,108
220,80,24,111
223,78,24,111
220,78,27,113
222,75,25,115
223,74,25,117
225,74,23,119
227,70,23,123
227,71,24,120
227,73,25,121
227,72,24,120
228,74,22,119
228,73,21,118
228,73,21,117
227,72,21,118
227,73,21,117
225,72,22,116
225,74,23,116
224,72,24,117
224,74,24,117
222,76,26,115
222,74,25,116
223,74,26,115
226,75,25,114
243,77,25,111
240,76,25,114
240,75,26,111
243,78,24,111
241,83,28,110
246,90,27,108
246,92,26,105
246,88,26,111
248,90,25,107
245,91,26,106
245,90,25,105
242,88,26,110
241,89,26,110
240,89,26,109
240,92,27,109
241,93,27,105
245,92,26,104
244,86,25,110
243,87,24,107
244,86,25,111
239,82,24,112
237,78,25,118
239,77,24,117
236,76,24,113
235,71,24,117
228,71,25,117
223,70,25,118
217,69,26,117
216,69,25,116
212,69,25,116
211,72,24,114
210,69,24,117
210,70,23,116
208,72,23,114
204,72,23,112
204,73,23,115
200,73,23,112
198,73,23,113
199,76,23,112
198,76,24,113
194,77,24,115
193,77,25,115
185,82,23,115
186,80,24,117
185,78,25,118
186,76,25,119
187,76,25,121
183,72,25,125
182,73,24,126
180,70,25,130
178,65,25,135
175,65,25,137
175,65,24,134
174,63,24,135
170,62,28,137
175,65,23,134
173,67,25,128
173,70,25,127
171,69,27,132
171,71,27,126
170,72,28,127
171,72,27,124
172,73,26,122
173,75,27,122
174,75,26,119
174,75,27,119
176,76,25,119
176,76,25,123
174,74,25,123
175,74,25,123
176,74,25,127
176,76,25,124
178,77,23,120
179,81,22,117
179,77,23,119
179,75,23,122
180,74,22,121
181,74,22,122
181,77,22,119
180,77,23,119
180,77,23,121
181,76,23,122
181,77,23,120
181,75,24,121
181,73,24,122
181,73,24,123
181,70,23,126
181,70,24,128
181,70,25,126
181,70,25,125
182,70,25,126
182,68,25,131
183,68,25,128
185,69,23,128
185,71,23,124
186,71,25,124
185,67,26,128
184,66,29,130
186,68,26,128
186,70,26,123
186,71,25,122
188,72,25,118
187,70,25,123
187,69,25,122
187,70,25,124
188,70,24,123
189,70,24,122
189,70,24,122
190,70,25,123
191,70,24,122
191,71,24,121
192,71,23,122
193,70,24,124
193,69,25,126
194,68,25,126
195,70,25,126
196,71,25,123
197,70,25,124
198,69,25,127
198,69,25,126
199,68,25,126
200,67,25,130
200,66,25,130
202,69,24,127
203,68,24,128
204,71,24,123
204,69,23,127
205,70,24,124
205,70,24,126
206,72,24,124
207,69,24,126
207,69,24,125
207,69,24,126
208,71,23,123
209,71,23,125
209,70,24,124
210,72,23,123
210,73,23,122
210,71,24,124
211,72,23,121
212,72,23,121
212,71,23,124
212,72,23,121
212,71,23,124
212,72,24,121
213,73,23,121
212,73,23,121
213,74,23,117
212,72,24,119
211,71,26,117
213,72,25,115
216,73,23,113
217,73,22,114
218,73,22,114
218,73,22,115
218,72,22,117
219,72,21,118
219,72,21,120
218,70,22,120
217,70,23,119
217,70,23,120
217,72,23,118
217,70,23,119
217,71,23,119
217,71,22,117
217,71,22,117
217,73,22,115
218,72,21,118
217,72,22,116
217,73,23,116
216,73,23,116
217,73,22,117
216,73,24,116
217,74,23,115
218,76,22,114
216,73,24,116
217,73,23,117
217,73,23,118
217,70,24,118
216,72,24,119
217,74,23,118
216,73,24,116
216,73,24,117
216,73,24,117
216,71,22,123
214,68,24,123
211,68,24,120
212,67,23,119
211,69,24,117
211,68,23,118
213,67,23,120
214,70,23,119
214,69,22,119
214,70,23,119
214,70,23,118
214,70,22,118
214,71,22,116
214,72,22,116
214,70,22,114
214,70,22,117
214,72,21,115
213,71,22,115
214,69,22,114
214,71,22,111
214,70,22,111
214,69,23,108
212,72,22,111
211,71,22,109
211,73,21,108
211,74,22,109
210,74,23,113
211,73,23,113
211,74,22,112
210,73,23,115
210,73,23,114
211,70,22,116
211,71,22,117
213,69,21,113
214,70,21,111
214,69,22,114
214,68,23,118
214,68,22,118
213,66,22,120
212,66,23,120
213,66,23,118
213,62,24,119
212,64,24,122
213,66,24,120
215,68,22,116
214,72,22,114
216,71,21,112
216,73,22,111
217,76,22,107
216,78,23,103
217,79,23,104
215,77,25,104
217,81,22,102
217,80,23,106
215,79,25,106
216,79,24,105
216,81,24,105
216,80,23,105
215,78,23,108
215,79,22,107
215,80,22,105
214,78,21,105
214,78,20,107
213,77,21,113
214,79,20,111
214,81,21,110
216,85,20,107
215,81,20,107
214,81,20,108
215,83,19,107
214,80,19,106
214,77,19,110
215,78,18,111
215,74,18,113
214,73,18,113
215,75,19,112
215,75,18,112
214,72,19,113
215,73,20,113
216,74,20,110
215,73,19,112
215,73,20,111
216,75,19,109
215,74,20,112
216,75,20,107
217,76,19,103
217,76,20,104
216,75,20,106
216,75,20,106
215,75,20,108
214,76,20,109
215,76,20,104
214,76,20,107
213,74,20,110
215,76,20,105
213,78,20,105
212,76,21,108
212,76,21,110
212,74,20,108
211,74,20,110
210,73,21,112
209,74,22,116
207,75,21,115
207,77,21,114
206,76,22,116
206,79,21,112
204,77,21,113
204,79,20,114
203,81,20,112
203,80,20,115
202,78,20,116
202,78,21,117
202,77,20,117
203,78,21,117
203,77,20,118
203,75,21,119
205,80,21,116
203,77,21,116
204,75,21,121
204,76,22,118
204,76,22,117
204,74,21,116
204,78,21,114
205,74,21,118
206,75,21,118
206,70,20,119
206,72,21,118
206,71,22,119
207,71,21,121
208,68,21,125
208,68,22,123
209,68,22,122
211,70,22,122
212,71,22,119
213,72,22,123
215,72,22,121
213,72,24,121
213,73,23,120
212,73,24,118
212,76,23,117
209,76,25,116
209,77,23,113
209,80,24,113
207,80,23,111
203,78,23,111
201,80,23,109
198,81,24,109
191,79,25,109
190,81,24,108
185,81,25,110
180,80,26,111
174,80,26,112
173,82,25,110
171,81,25,110
167,82,26,113
166,83,26,109
166,85,27,109
164,88,28,114
165,86,28,117
164,88,27,116
161,87,29,112
164,87,27,113
166,84,29,115
167,86,27,112
170,85,27,111
172,89,26,109
175,87,25,110
177,87,25,110
177,84,25,109
179,83,23,110
180,82,23,108
180,83,22,106
180,79,23,108
182,79,21,109
182,77,22,111
183,76,21,110
184,75,21,110
185,76,21,111
185,77,22,112
185,78,22,110
186,79,22,109
187,77,22,109
189,77,21,110
189,76,22,110
190,76,23,109
192,77,23,110
194,77,22,109
195,76,22,108
196,75,23,109
197,78,22,110
198,77,23,108
200,77,22,107
201,78,22,104
201,78,22,105
202,78,21,106
203,78,22,106
204,79,21,107
205,79,22,108
206,79,22,110
208,80,22,106
207,78,23,107
207,75,24,106
208,77,24,110
208,77,24,110
208,80,23,108
209,81,24,109
208,81,25,107
208,82,25,107
207,82,24,105
208,80,23,113
206,79,24,115
204,80,24,115
205,83,23,118
203,80,26,120
203,80,25,121
204,79,25,122
204,77,26,127
205,76,25,128
206,78,25,125
206,77,26,127
207,77,27,128
208,77,25,128
208,79,25,126
207,81,26,124
206,83,25,121
206,82,25,119
205,81,26,120
205,81,26,121
206,81,26,125
206,82,26,123
206,82,25,125
206,83,26,122
206,87,25,119
208,85,23,117
210,87,22,115
210,87,21,114
208,89,22,112
209,88,21,111
208,89,21,113
209,89,21,112
207,88,22,112
209,89,22,111
