264,311,37,69
266,311,36,66
266,312,35,64
268,310,34,64
267,307,35,64
270,305,35,64
269,300,38,69
272,305,36,64
270,305,36,63
271,305,35,64
269,304,35,66
267,307,36,63
264,305,38,64
263,303,39,65
263,301,40,65
261,299,40,64
258,301,41,64
256,301,42,63
253,304,44,61
253,299,41,64
250,300,43,63
250,296,40,64
249,297,42,63
249,294,41,63
246,284,41,67
243,288,42,66
242,287,41,68
243,289,39,65
240,288,42,68
239,286,42,68
237,291,43,69
236,294,44,67
237,286,42,69
236,283,43,69
233,284,46,69
237,287,42,67
231,283,41,67
229,284,41,66
229,287,40,64
227,280,43,67
226,281,44,68
227,283,44,67
222,278,44,70
223,276,43,73
226,281,38,68
224,280,44,72
225,279,45,72
232,282,39,70
229,281,43,71
231,284,44,70
232,285,39,70
231,286,42,70
228,290,41,73
228,290,42,73
232,293,40,72
232,290,40,76
235,289,40,77
237,292,39,78
237,291,40,77
238,289,40,77
237,286,41,79
233,276,39,70
232,273,39,72
232,272,38,69
231,272,40,71
230,273,40,70
228,275,40,70
227,278,41,69
227,279,40,67
228,279,39,66
228,278,39,66
226,277,39,64
225,281,37,62
225,281,38,62
226,275,36,65
226,273,37,67
226,277,36,65
226,276,36,66
224,275,38,67
222,276,39,66
222,275,37,67
219,280,39,64
217,279,39,63
217,280,38,67
217,284,38,68
218,286,37,69
218,288,37,66
218,284,36,65
218,281,38,64
221,281,37,64
223,282,37,64
223,283,37,63
223,281,35,64
224,283,36,66
225,285,35,64
226,285,37,64
227,290,36,60
229,288,36,62
231,289,36,60
232,288,36,62
233,292,38,60
235,291,37,62
236,292,37,62
237,293,36,61
237,294,35,61
239,294,36,60
241,292,35,62
244,292,34,62
244,292,34,62
244,291,36,68
245,293,38,65
247,292,38,64
249,291,38,64
249,290,39,65
250,291,34,57
250,293,35,59
249,291,37,60
251,293,37,64
250,289,36,65
249,288,37,70
248,286,37,71
249,289,37,71
250,290,34,68
251,290,34,66
251,291,34,66
250,291,34,64
251,290,33,67
253,289,34,68
254,288,33,71
253,291,35,70
254,288,35,70
256,286,34,67
254,288,37,67
254,293,37,63
254,293,37,63
254,295,37,62
254,296,36,64
256,297,36,64
255,298,36,63
256,296,36,65
258,294,35,69
258,294,35,71
258,293,35,74
258,295,35,72
258,294,34,70
257,293,33,69
256,291,34,70
255,292,36,67
254,291,34,67
252,290,36,68
250,293,38,69
250,293,37,68
251,294,37,69
251,295,36,69
252,294,34,69
251,294,33,68
251,293,33,68
252,292,33,71
253,294,32,71
254,294,32,71
255,294,33,71
255,290,35,73
256,291,35,71
256,290,36,72
257,291,36,70
258,291,37,72
258,292,36,72
258,294,38,70
260,294,37,69
260,298,38,68
261,299,36,66
263,297,34,68
264,299,33,67
264,291,34,73
265,295,34,72
267,293,32,73
268,293,31,70
269,292,31,70
269,293,32,68
269,294,33,68
269,293,35,68
270,295,34,67
269,300,34,67
270,302,33,66
272,298,32,68
270,306,31,66
270,303,31,64
271,306,30,63
270,304,31,64
270,306,31,62
270,306,31,64
271,303,30,65
272,306,31,63
270,305,32,64
270,306,33,64
270,304,33,64
269,306,36,65
268,306,35,64
269,306,35,65
268,306,35,64
267,309,34,62
266,309,35,61
266,310,34,62
264,307,35,59
264,308,35,58
266,308,33,59
267,311,32,61
268,311,32,62
268,313,33,62
269,312,33,61
270,314,33,61
270,312,35,61
269,311,35,61
269,310,36,61
269,314,36,59
268,315,37,60
269,318,36,59
270,314,35,61
271,315,34,59
272,318,33,57
272,313,34,58
274,315,33,55
274,316,33,58
276,315,33,58
277,318,33,59
276,320,33,60
278,314,34,60
278,311,34,60
277,312,34,60
275,311,35,61
273,316,34,60
272,314,36,60
273,313,34,59
272,314,34,58
271,309,36,59
270,308,34,57
269,311,32,57
269,308,32,57
267,309,32,58
267,307,31,61
270,305,31,63
269,302,32,62
267,301,32,61
267,297,34,62
268,293,33,61
269,292,34,60
266,292,35,63
268,296,34,60
269,297,34,61
263,291,33,61
260,290,33,60
253,285,33,60
248,286,33,60
246,284,33,59
247,288,34,58
249,288,33,60
250,288,33,62
249,287,34,62
248,287,34,62
244,285,36,61
244,287,35,63
243,286,35,62
240,285,36,63
240,288,36,63
241,289,36,62
242,288,35,60
241,289,36,59
242,292,37,61
242,294,34,57
240,292,35,56
240,290,34,60
239,291,33,60
238,290,33,62
239,289,34,64
238,291,32,61
239,293,32,61
240,294,32,59
236,291,35,61
235,293,34,61
234,294,34,61
233,295,34,61
231,294,35,61
229,294,36,61
230,296,36,61
230,292,36,63
229,289,36,61
229,291,36,61
228,287,36,62
228,285,36,63
231,282,33,64
231,281,35,67
230,282,35,65
229,280,37,66
232,276,35,68
233,273,37,70
234,272,36,69
234,271,37,70
235,273,37,70
237,273,36,69
238,273,35,68
241,271,35,67
243,273,34,67
246,275,35,66
248,278,33,65
251,277,32,68
255,276,32,71
258,275,31,71
261,273,34,71
265,276,35,70
269,274,35,70
274,276,34,70
278,277,35,69
282,278,36,69
284,276,34,70
285,279,35,68
284,280,34,68
282,278,35,69
284,281,33,68
284,281,34,68
286,279,33,66
285,280,34,66
287,275,35,69
288,274,34,69
291,274,34,70
291,275,34,70
289,275,35,70
288,276,35,69
289,274,35,69
289,273,35,69
289,276,35,68
287,273,36,70
288,271,35,67
284,272,36,69
283,270,35,67
282,271,35,67
278,268,36,67
276,272,35,71
273,280,35,71
277,286,36,73
283,286,34,72
288,283,34,71
287,284,35,71
282,288,37,73
280,291,37,71
275,285,38,73
274,278,38,72
272,278,37,69
268,285,36,67
264,285,35,67
262,284,36,67
258,287,35,66
256,290,34,66
254,289,35,67
253,290,38,67
254,293,37,66
254,297,35,66
253,297,34,67
252,297,35,69
252,297,36,68
253,299,37,66
254,298,37,68
252,301,38,65
249,300,38,66
248,301,38,67
247,298,37,67
246,298,37,67
243,299,36,66
239,303,36,65
233,301,36,66
229,303,36,64
222,299,37,64
215,296,37,65
214,298,36,66
211,301,36,68
210,307,37,69
211,312,36,69
210,315,36,68
209,316,37,68
208,319,39,69
208,321,38,67
205,319,38,68
203,320,37,67
200,320,37,68
197,320,38,68
194,324,38,66
190,325,38,66
188,325,37,66
186,334,37,65
182,335,38,63
182,333,37,63
182,333,38,62
180,336,39,63
179,341,38,64
178,339,38,64
176,342,38,65
175,346,38,64
173,345,39,66
171,347,39,64
169,347,39,66
166,349,40,67
165,353,38,65
164,355,38,64
163,355,39,64
163,353,39,64
164,353,39,63
164,355,39,62
167,357,37,62
168,352,38,61
170,348,38,64
173,346,37,65
173,350,37,64
174,351,37,65
176,346,37,67
179,343,38,66
183,341,38,66
186,337,38,67
190,336,37,64
196,334,38,65
201,331,37,66
204,330,37,65
206,330,37,64
207,332,35,63
209,332,35,63
210,332,35,62
210,331,35,61
209,331,35,61
210,330,35,62
211,332,35,61
212,334,34,61
213,334,34,61
214,335,34,60
215,334,33,63
215,331,36,64
214,331,36,62
214,330,37,63
214,328,37,63
212,329,37,63
210,329,37,61
210,331,37,61
209,331,37,61
208,330,37,59
206,332,38,59
206,332,38,58
208,332,37,59
208,331,35,61
209,329,36,63
210,331,34,62
210,332,36,63
208,331,37,65
208,332,37,65
209,330,37,65
210,331,38,64
210,330,38,65
211,331,38,66
211,330,39,65
211,330,39,64
209,331,40,64
209,329,40,64
210,331,37,61
209,331,37,61
209,328,37,63
210,328,38,60
211,331,38,59
213,329,38,59
217,326,37,59
218,328,36,59
218,330,36,58
218,329,36,59
217,328,37,59
218,329,36,59
217,328,36,59
217,328,36,60
217,329,36,60
217,327,36,61
215,328,36,59
213,328,37,61
212,327,38,60
213,329,37,58
210,327,39,60
211,332,38,60
214,328,37,61
214,329,36,61
213,326,38,62
212,330,37,60
211,328,37,61
211,328,38,61
212,328,39,62
213,330,39,60
215,329,39,61
215,330,39,61
216,332,38,58
217,330,37,59
218,328,36,60
220,329,37,56
220,328,38,57
221,328,38,56
222,325,37,57
221,325,37,56
222,325,37,57
221,324,39,58
221,327,38,58
222,331,38,58
224,335,38,57
224,337,37,56
226,337,37,55
225,335,38,58
225,330,40,61
225,332,39,61
223,335,38,60
221,337,38,58
221,338,37,57
219,337,37,57
218,335,38,57
217,337,37,55
217,336,38,56
216,334,39,56
217,335,38,57
218,334,37,56
218,333,36,58
218,331,37,58
219,334,36,58
219,334,34,58
220,334,34,59
218,336,34,58
215,336,36,60
216,335,34,60
215,335,35,60
214,334,35,61
214,335,34,60
212,335,34,61
209,335,37,61
208,337,37,61
204,335,38,63
206,335,38,62
204,334,40,64
203,333,40,64
204,335,41,62
204,329,40,64
205,328,41,63
206,326,40,63
206,326,40,64
204,326,39,62
203,327,41,62
202,328,43,61
200,329,42,61
201,330,42,62
202,329,40,64
200,329,41,64
199,329,39,63
198,329,40,62
197,327,39,64
197,329,40,62
196,331,39,61
196,329,38,61
195,329,38,61
195,329,35,61
195,332,36,59
196,328,35,60
197,329,35,60
199,330,35,61
199,330,36,62
198,330,36,63
196,331,37,63
196,331,36,64
195,332,36,65
195,333,36,65
193,334,36,66
192,334,35,67
190,335,37,66
191,332,36,70
191,331,36,69
191,329,35,71
190,332,36,69
191,329,37,70
192,325,36,72
191,327,36,71
191,327,37,71
192,325,37,72
194,320,36,74
195,318,36,76
195,321,37,72
195,319,36,75
193,320,36,74
194,322,36,72
195,320,36,74
193,315,36,77
194,319,37,73
193,314,37,76
192,315,35,78
188,319,37,75
186,317,37,77
185,319,37,76
183,318,38,78
182,322,37,75
179,320,37,78
178,322,38,76
178,319,37,76
177,318,37,76
176,320,38,74
177,318,37,74
178,321,37,74
176,321,37,73
177,322,37,72
177,320,36,73
177,321,36,73
177,322,36,73
176,322,35,73
176,325,35,72
176,326,36,73
175,327,35,72
175,328,34,72
175,329,34,72
172,327,35,72
172,328,34,72
172,329,34,70
170,330,34,70
169,330,34,70
170,332,34,68
171,330,34,70
173,332,34,69
175,332,33,68
180,335,33,66
184,335,33,65
189,332,33,66
191,331,31,66
193,329,31,66
195,331,32,66
193,330,31,66
193,330,32,64
191,327,31,64
189,326,32,63
188,323,31,64
187,324,31,63
187,323,31,63
188,320,31,63
187,314,31,66
183,314,32,65
180,312,32,65
176,308,31,66
171,307,31,67
169,315,31,65
169,316,31,66
170,317,30,65
167,320,31,66
170,318,31,66
170,315,31,67
168,319,30,66
169,320,30,68
169,320,31,68
172,323,30,67
172,321,29,69
171,322,31,68
173,324,30,67
171,324,30,68
172,325,30,69
172,325,30,68
172,327,31,68
170,329,31,68
173,329,30,66
172,328,31,66
173,328,30,64
172,329,30,63
174,327,29,63
174,325,29,62
174,327,29,61
176,322,28,60
177,319,28,60
177,319,27,60
178,317,27,60
179,313,26,60
180,315,25,58
179,316,26,58
178,319,25,59
180,321,24,58
181,322,24,57
184,327,25,58
185,332,25,57
182,335,24,57
179,337,24,56
176,335,24,55
176,334,24,54
175,334,24,52
176,329,23,53
175,327,24,53
174,327,24,53
175,331,24,52
175,328,24,54
178,324,24,55
178,326,24,54
178,329,24,53
178,329,24,55
180,331,24,55
179,329,24,54
178,329,24,55
176,328,24,56
176,328,23,53
176,329,24,56
175,328,24,56
172,327,25,55
172,325,25,55
172,324,24,58
172,323,24,58
172,323,25,58
175,322,23,60
176,321,23,60
176,324,25,61
179,324,23,59
177,326,25,62
177,326,24,63
179,327,25,65
180,328,25,62
179,330,25,66
176,328,25,64
176,327,24,64
172,324,25,66
166,322,26,68
162,316,26,69
162,314,27,68
160,309,28,68
159,309,26,67
155,308,27,69
154,308,28,66
154,308,28,67
156,306,29,70
158,307,29,73
160,310,30,73
165,311,31,75
168,304,32,76
172,300,32,81
173,298,34,80
186,298,34,78
199,295,35,79
201,275,34,83
198,279,35,79
180,277,35,80
170,275,36,83
169,277,36,86
162,280,35,83
148,284,36,84
143,291,37,84
143,291,37,88
144,292,37,92
147,298,39,94
146,297,40,93
146,301,40,93
147,301,41,96
149,298,40,97
149,300,41,96
149,302,41,96
149,298,41,97
148,298,41,96
146,297,41,94
144,300,41,95
143,300,42,99
142,305,42,100
140,302,42,99
142,310,43,102
142,305,43,103
141,304,44,100
141,306,44,102
141,307,45,101
143,304,46,104
144,305,45,102
146,306,45,104
146,302,46,104
149,304,45,103
148,305,45,104
151,304,44,105
152,305,46,105
155,307,45,108
154,311,46,106
153,313,47,105
155,313,46,108
150,315,48,105
153,316,46,109
151,319,48,109
155,322,48,110
155,316,48,111
151,314,50,109
149,306,48,109
146,300,49,108
147,294,49,110
145,291,48,111
136,287,50,111
134,285,51,110
138,280,51,110
143,279,49,110
143,274,48,108
147,272,49,107
148,274,50,109
148,278,52,106
141,264,49,107
141,268,49,108
140,268,51,109
143,274,50,108
144,276,50,106
141,274,49,106
140,280,50,106
138,277,48,106
134,278,49,106
136,274,48,107
132,275,49,106
130,277,48,107
128,281,47,106
127,283,47,105
128,286,48,105
129,286,47,104
127,286,46,104
126,292,47,105
126,294,46,104
124,297,46,103
124,297,45,103
125,298,44,101
128,300,44,100
128,300,45,103
126,303,46,101
125,304,47,102
126,302,46,102
126,301,47,101
127,300,47,105
124,303,47,104
125,302,47,106
124,305,47,104
124,304,46,104
126,304,47,102
126,307,46,103
125,307,46,104
126,304,47,103
127,300,47,101
126,298,47,105
126,297,47,103
123,301,47,100
123,297,46,100
125,296,46,102
126,293,46,101
126,296,47,100
126,296,46,100
126,297,48,100
127,296,49,102
130,294,47,102
130,296,48,103
129,299,47,101
129,302,47,100
127,298,46,99
130,298,46,101
132,303,46,100
132,301,46,100
134,300,48,102
135,302,48,102
138,304,47,101
140,306,48,104
144,303,47,103
146,306,48,104
146,303,48,105
146,302,50,107
144,300,49,106
143,297,48,105
141,294,48,106
140,294,48,107
138,300,48,110
139,304,49,109
136,309,49,112
133,317,48,111
130,321,49,111
128,319,49,111
127,315,49,109
129,314,49,110
129,312,50,109
128,311,50,110
126,313,50,109
127,312,50,109
128,315,50,105
129,321,51,104
130,323,51,103
134,325,51,105
136,326,52,104
141,328,51,106
140,335,52,106
144,336,51,109
144,343,51,109
140,350,51,110
138,353,49,109
135,352,51,109
129,352,51,111
128,354,49,113
124,356,51,113
124,358,49,112
120,358,50,113
117,361,49,114
112,367,51,114
111,372,50,116
111,380,52,111
110,383,51,112
113,379,53,116
117,373,51,113
122,371,50,114
121,370,52,114
122,369,53,114
123,363,54,115
126,360,54,115
134,359,53,113
135,358,54,113
135,361,54,111
137,357,51,107
132,358,57,112
132,360,53,111
131,363,52,110
129,364,53,111
132,363,51,108
132,361,51,107
130,360,52,109
128,360,52,108
131,361,51,109
130,359,51,109
133,360,50,105
137,357,49,107
136,360,53,107
142,357,53,109
145,351,53,108
152,346,53,113
159,346,53,110
162,341,52,110
162,344,52,107
171,348,53,108
176,353,54,111
177,363,55,111
174,371,53,107
175,380,51,105
179,383,50,107
186,375,51,108
195,369,51,106
202,369,51,106
207,369,51,106
213,367,50,107
218,366,51,107
225,363,53,105
235,363,52,104
240,363,52,105
248,359,51,108
254,356,50,104
252,352,50,104
249,351,52,108
248,346,50,105
246,346,51,106
239,346,53,104
232,343,51,106
227,348,51,103
223,346,49,105
220,343,47,105
214,343,51,104
211,340,49,103
206,344,50,101
205,344,51,105
205,343,49,105
201,344,51,104
201,348,51,105
202,347,50,103
201,345,51,105
202,346,52,109
202,346,53,110
206,343,51,108
209,346,50,108
209,346,50,106
209,346,51,105
210,344,52,108
210,342,50,105
209,344,51,107
208,344,50,107
208,345,50,107
209,345,51,108
209,346,52,106
208,347,52,107
210,344,52,104
212,344,50,103
214,344,50,105
218,342,51,107
221,341,52,106
223,339,51,106
225,340,53,106
229,337,51,107
231,337,52,110
231,338,51,106
230,340,53,110
228,338,52,107
226,338,52,107
222,336,52,108
222,333,52,108
220,335,52,110
219,336,52,108
219,335,52,108
218,333,52,106
219,336,53,107
220,333,53,109
216,334,54,108
213,336,53,106
212,337,53,105
213,337,53,105
214,336,52,105
213,335,54,108
212,334,53,108
210,336,54,109
209,339,54,107
208,338,54,106
206,339,56,109
205,341,55,107
206,338,54,107
207,339,54,107
206,341,56,107
205,340,56,108
209,338,55,107
210,336,55,106
211,335,56,107
214,335,56,107
217,331,54,106
219,333,55,106
219,332,55,106
219,334,55,106
218,335,57,109
219,331,54,105
218,328,55,107
219,326,53,103
218,323,54,104
216,322,53,105
216,322,53,108
214,324,54,108
213,322,53,104
212,324,54,103
211,327,55,103
213,327,54,105
213,325,55,107
214,323,53,106
215,321,55,105
220,319,55,105
221,318,55,105
220,315,55,106
221,313,55,105
218,314,54,104
219,313,53,106
214,312,54,104
214,311,54,106
212,309,54,104
213,306,51,102
208,310,54,106
205,314,54,107
195,316,56,108
192,317,53,107
191,320,52,106
185,322,54,106
185,323,52,106
181,325,54,106
180,327,53,105
180,329,54,109
180,328,54,107
178,329,55,106
179,329,56,109
181,322,54,105
184,321,54,105
185,317,54,108
186,314,53,106
189,309,52,105
189,311,54,109
191,309,54,108
192,306,54,110
195,303,54,108
194,303,55,110
193,301,53,108
195,300,54,106
196,300,53,107
192,303,54,108
192,302,54,106
192,299,53,107
190,298,52,108
186,296,53,106
186,293,53,104
187,291,51,103
187,293,53,105
185,295,53,107
184,292,52,104
188,294,53,106
188,292,54,105
188,294,54,107
188,293,54,105
188,292,54,107
188,296,55,107
188,297,55,106
187,296,53,103
186,297,54,105
185,299,55,103
186,298,54,104
183,303,55,104
183,304,55,107
180,306,54,104
180,305,52,106
178,307,55,107
175,305,56,108
174,306,56,108
173,306,54,108
172,303,54,106
172,304,54,106
172,303,53,107
173,304,54,109
173,301,54,106
171,302,54,106
169,304,55,105
171,302,53,104
173,301,54,105
173,299,52,104
172,301,54,104
173,299,53,104
172,302,54,106
171,303,53,105
172,302,54,106
174,303,52,106
174,305,53,106
175,302,52,105
175,302,53,108
175,302,53,105
176,301,51,106
177,301,53,106
177,297,52,106
176,299,53,106
176,299,52,107
175,299,51,106
171,305,54,107
172,304,53,107
171,302,53,105
169,302,52,101
169,304,52,104
169,302,54,104
172,302,54,103
169,301,56,103
173,296,54,104
173,293,55,107
173,297,55,109
176,299,55,110
179,297,55,109
184,295,53,113
187,301,56,114
192,300,55,113
196,303,56,112
201,307,55,110
204,306,56,111
205,313,59,108
207,314,57,106
205,313,58,106
204,317,60,106
204,322,60,104
204,319,57,105
203,317,57,105
206,321,55,102
206,320,56,103
206,318,55,102
208,326,53,100
209,325,54,99
212,325,55,98
213,327,54,98
214,330,52,98
214,332,54,98
218,335,53,95
219,333,54,96
221,334,54,97
223,331,51,95
221,334,54,95
221,337,55,97
222,337,55,97
220,341,56,98
219,338,58,98
220,343,56,96
222,345,53,96
221,344,53,96
221,347,54,96
219,346,56,95
219,347,57,94
219,349,59,93
219,344,57,93
219,347,56,91
220,349,57,89
223,347,56,87
224,347,55,87
226,349,56,85
228,351,54,84
229,350,56,86
232,356,55,85
233,356,53,83
237,353,53,84
240,360,52,83
243,365,51,82
245,367,50,80
250,365,51,80
254,363,53,80
256,359,54,81
261,358,54,81
266,356,54,81
267,357,54,81
273,355,55,82
280,359,56,80
287,358,55,82
297,360,56,82
304,363,58,82
307,363,57,82
310,366,57,82
317,367,57,85
320,363,58,83
323,364,58,82
324,367,59,83
327,364,59,83
330,365,61,83
332,367,60,81
330,367,61,81
330,369,62,82
329,368,63,86
331,366,64,86
334,363,62,87
334,361,65,89
335,357,63,87
335,357,62,83
334,354,64,84
335,350,62,81
338,344,61,81
337,346,62,87
334,348,64,91
329,349,65,91
327,347,66,89
326,342,66,91
324,342,65,90
320,343,65,92
318,335,64,89
317,335,64,89
315,329,66,96
316,324,64,96
318,323,62,96
316,319,65,97
313,317,65,101
310,315,65,102
308,311,65,103
304,309,65,103
299,308,65,102
295,309,63,102
292,306,63,101
288,300,64,102
287,301,60,102
284,297,61,104
285,294,63,100
286,292,61,100
286,291,61,100
288,287,59,100
291,287,61,100
294,288,59,98
293,289,60,96
300,287,60,95
306,294,58,96
309,295,57,96
312,304,56,97
317,302,56,96
320,303,56,96
318,304,57,99
318,309,57,97
322,307,56,97
320,311,57,97
316,314,60,96
309,312,62,99
302,312,60,96
299,309,60,98
295,310,59,100
291,320,61,102
292,314,62,104
292,319,64,107
293,324,62,107
294,326,65,108
298,328,65,106
299,334,68,106
298,336,68,105
298,332,67,106
300,333,66,104
299,341,66,103
302,341,66,102
306,342,64,101
308,342,63,102
310,345,59,100
310,344,61,100
315,341,61,97
318,341,62,96
322,344,62,97
323,349,64,100
330,344,60,98
333,346,59,97
332,352,61,99
332,350,62,99
331,344,61,100
324,352,64,99
320,348,63,101
315,345,62,103
310,343,61,104
305,342,62,106
301,343,63,109
298,343,60,111
295,339,61,108
292,343,63,109
291,343,63,110
289,348,61,112
290,347,61,109
293,347,63,111
293,345,64,111
295,342,64,111
298,340,65,109
301,340,64,108
302,338,64,107
305,340,62,107
307,338,62,108
311,343,60,103
312,341,60,106
313,341,60,107
310,342,61,106
306,342,62,106
304,341,60,107
300,341,61,108
296,348,59,106
291,347,59,105
283,346,62,107
277,345,63,107
270,343,64,109
263,341,68,110
259,343,66,106
253,344,67,106
245,343,68,108
240,349,69,105
232,343,73,108
231,346,71,107
229,345,67,106
226,349,69,105
227,349,68,104
227,350,67,103
225,357,67,98
226,351,63,103
224,358,66,102
223,353,65,104
221,357,65,100
217,358,65,101
216,360,65,100
218,360,61,94
214,361,61,96
212,362,62,96
207,375,62,94
202,374,65,100
197,377,68,104
198,377,66,106
196,376,66,108
193,374,69,104
189,378,71,103
190,378,70,99
193,379,67,96
194,380,64,94
195,379,64,95
197,378,65,91
202,382,65,93
207,381,63,92
211,383,63,91
214,381,64,92
218,380,65,93
222,376,64,93
225,376,68,92
230,375,68,96
235,378,68,96
238,379,69,98
239,380,70,99
243,380,71,98
246,378,70,99
250,372,70,105
255,375,69,99
258,375,67,99
259,375,66,97
259,377,69,97
259,378,68,96
258,376,68,96
256,375,70,99
253,380,71,97
250,377,70,97
247,378,68,93
246,379,69,95
244,379,71,94
243,380,68,91
242,378,66,88
240,377,64,88
239,378,63,88
239,378,64,88
236,378,65,90
236,376,63,89
236,375,65,88
236,374,65,88
235,372,64,88
234,366,66,90
239,364,68,89
240,364,66,84
235,365,68,88
234,360,69,91
232,356,68,88
231,351,71,89
229,351,72,91
228,351,72,93
225,347,72,96
225,345,72,98
221,345,74,98
220,343,74,98
219,344,75,95
217,343,76,98
213,344,80,101
215,344,75,101
215,342,73,99
215,342,74,101
215,339,75,104
216,338,74,101
218,334,74,99
219,331,72,101
222,326,72,97
228,326,71,98
230,325,70,100
232,322,72,101
239,321,68,103
245,323,68,102
249,322,70,99
255,322,70,102
263,322,69,102
266,323,70,103
269,329,71,104
270,332,68,99
273,329,71,101
277,328,72,102
278,331,69,102
278,327,73,103
280,325,75,104
280,328,70,103
280,334,69,102
279,333,70,107
282,331,70,108
280,333,70,104
281,332,68,101
280,333,68,99
277,335,72,98
281,334,69,98
277,337,72,96
274,335,73,96
269,337,75,93
268,335,73,92
265,330,74,90
264,333,74,95
261,336,73,94
261,341,69,93
264,336,69,94
262,334,73,92
265,331,72,98
265,335,71,98
266,335,73,102
267,338,77,100
269,334,75,99
271,329,76,96
273,331,76,99
271,338,77,98
270,340,79,98
272,340,81,96
279,342,80,96
277,344,78,100
277,339,80,97
277,346,83,100
274,346,76,97
272,341,80,101
273,339,80,104
275,342,78,108
270,340,78,111
269,344,79,111
268,351,78,107
262,347,79,110
260,351,81,111
257,349,80,112
253,354,80,113
246,354,81,114
246,359,77,109
246,357,79,111
245,357,78,113
247,357,79,110
251,355,74,109
249,349,77,115
252,354,73,109
256,352,73,115
259,344,74,118
264,343,70,118
263,347,73,121
269,344,74,122
266,347,74,119
265,349,73,119
267,347,72,117
266,349,74,116
266,349,75,119
260,352,78,115
258,350,77,115
259,348,76,117
260,349,73,115
255,349,74,111
251,348,75,112
250,349,72,114
247,346,74,117
244,349,76,118
244,350,76,119
241,350,78,120
242,353,74,117
241,351,76,117
245,354,76,115
251,357,73,112
255,360,71,108
259,356,70,110
264,357,68,106
268,359,70,106
271,361,69,104
273,363,69,105
270,363,68,103
271,365,66,103
274,362,65,107
273,364,66,110
273,362,65,111
274,363,63,110
273,363,64,108
268,362,64,109
265,364,63,107
265,359,63,108
261,360,63,108
257,360,64,108
255,360,65,106
249,362,66,105
243,366,66,104
241,361,68,105
240,363,66,106
235,362,67,107
230,362,68,108
226,360,68,108
220,365,66,114
216,364,66,113
215,360,66,115
212,361,64,116
208,364,67,115
203,364,67,114
198,363,68,114
195,364,64,114
191,364,64,113
187,362,64,110
181,364,62,109
176,367,62,110
169,362,66,108
167,361,66,106
161,359,68,105
157,360,64,109
155,358,62,110
153,354,63,110
149,355,63,113
149,351,63,110
146,350,64,117
145,346,63,114
139,344,65,116
137,344,66,118
131,345,65,116
126,349,69,116
125,349,67,115
118,346,70,116
116,349,71,116
110,350,72,116
107,352,72,115
101,357,74,115
98,354,77,117
94,351,77,120
88,353,79,118
88,355,78,119
89,355,75,117
87,357,75,119
85,355,76,121
87,354,72,119
87,359,71,117
84,361,70,115
84,360,66,105
86,358,71,106
86,356,72,113
85,353,73,115
85,350,75,116
87,349,75,117
89,353,74,113
92,346,74,113
98,344,74,112
103,346,74,112
103,344,70,109
107,344,71,111
106,341,71,115
110,351,68,112
116,352,66,115
118,341,69,123
119,347,68,117
119,343,72,124
117,345,70,121
116,344,71,120
112,348,69,118
115,347,68,120
112,341,70,123
108,345,72,121
103,338,73,119
97,337,77,122
90,338,76,122
89,334,79,126
81,330,80,124
81,332,77,123
76,329,80,122
72,323,79,123
68,324,80,122
67,324,77,123
63,319,80,123
66,319,79,122
65,318,79,122
66,321,78,122
64,317,81,122
64,312,78,121
66,317,80,121
66,312,81,121
67,316,82,123
68,315,81,124
66,315,82,122
70,313,82,120
68,315,81,124
71,318,79,125
71,316,81,127
72,309,84,128
72,308,83,130
70,307,81,129
66,308,79,131
67,309,80,130
65,304,81,133
66,303,82,131
67,297,82,132
63,298,77,129
58,301,76,127
57,297,78,133
56,294,79,134
54,292,81,135
54,290,82,134
49,289,82,135
48,291,85,131
45,292,83,132
43,292,84,130
43,294,87,128
40,296,84,127
36,298,84,128
36,297,83,129
37,299,81,128
35,299,83,128
31,298,82,128
35,293,82,127
36,295,83,128
37,289,83,128
36,289,84,127
40,285,80,127
37,288,83,127
42,283,81,127
45,279,83,127
48,275,84,125
46,274,79,126
47,271,81,129
46,267,81,130
46,269,82,131
45,269,80,129
43,269,80,132
39,271,82,133
41,271,82,133
39,272,82,130
38,272,80,132
36,277,77,126
33,276,76,127
33,276,75,125
29,277,80,129
23,281,78,127
23,282,79,128
21,283,79,127
18,282,80,126
20,281,80,126
20,282,78,124
22,280,78,122
24,277,80,123
22,272,77,123
23,271,77,124
19,270,80,124
22,271,81,125
21,263,80,127
22,264,79,125
20,266,81,127
18,262,83,129
17,261,83,130
18,258,83,130
23,261,83,128
22,257,80,129
21,257,80,127
23,252,78,124
22,248,78,132
21,250,78,128
20,249,78,129
18,247,77,128
