347,58,103,251
347,58,101,253
346,58,102,250
345,58,99,250
344,60,97,248
342,60,92,245
339,61,92,245
330,64,89,238
327,68,87,233
321,71,88,228
319,74,89,224
315,81,87,215
306,81,91,208
304,80,90,209
292,84,99,202
293,82,100,204
287,73,102,214
282,72,102,216
276,74,99,216
281,77,97,210
278,75,98,209
263,74,96,208
276,82,102,197
273,85,103,196
264,91,103,195
246,95,98,198
260,97,102,195
281,89,103,195
307,83,103,199
301,88,98,198
311,76,96,203
304,72,96,205
300,58,95,211
281,70,98,201
279,59,100,204
286,54,96,208
289,59,97,210
299,63,97,205
281,63,102,205
290,70,104,199
285,73,104,209
291,73,103,211
308,79,103,205
307,76,106,207
332,84,98,197
336,83,99,193
338,83,99,196
346,80,96,202
346,82,97,207
348,75,95,210
344,66,94,215
344,65,95,213
351,69,100,208
351,66,103,212
356,66,105,214
357,67,105,209
359,64,105,215
355,60,109,220
356,57,108,216
363,53,105,221
353,48,114,230
353,48,113,231
357,47,109,229
358,43,107,231
359,49,102,226
351,54,104,221
343,48,99,221
340,40,96,224
328,37,95,234
327,34,93,238
324,41,95,233
319,43,94,229
316,45,95,228
316,45,96,224
304,44,103,230
301,49,104,226
296,50,106,223
299,50,101,212
287,54,107,213
294,50,99,204
297,60,94,199
297,65,94,196
296,57,94,198
289,60,99,198
292,56,101,211
301,50,96,208
300,44,97,217
295,43,104,235
296,49,104,233
298,53,106,235
300,52,107,224
302,53,108,221
296,63,113,216
294,62,117,219
290,66,121,216
291,62,121,216
315,62,114,215
312,56,114,216
309,53,111,213
307,52,111,214
300,49,113,216
300,45,113,221
293,43,109,219
291,41,106,219
288,39,100,219
286,40,99,215
292,41,90,211
292,41,90,211
285,42,89,207
282,42,90,205
276,42,95,213
276,40,94,220
278,32,89,230
278,30,87,231
275,29,89,229
279,26,89,224
280,29,92,217
284,29,89,212
291,32,88,212
295,28,88,209
300,37,91,214
303,37,92,214
309,34,92,221
312,38,93,224
319,32,98,239
321,31,100,244
326,40,97,230
327,41,98,233
335,43,92,227
335,49,94,233
335,49,94,225
336,50,93,226
333,48,96,232
334,46,97,230
332,43,95,226
334,39,94,221
327,37,92,212
330,36,93,208
327,34,88,209
327,29,84,206
322,36,82,197
324,32,79,193
317,26,82,195
310,30,88,197
306,31,91,193
303,30,90,185
302,36,92,193
300,32,93,189
306,33,88,200
309,28,85,196
290,48,85,204
289,44,88,211
293,54,82,207
286,60,85,206
286,55,90,202
292,65,86,197
294,56,95,201
301,56,94,201
303,43,95,203
301,44,95,200
299,53,94,199
301,50,92,199
303,42,95,202
298,36,97,196
300,34,100,202
302,27,103,196
315,27,94,192
320,33,91,191
327,23,86,186
335,24,82,188
333,27,84,193
340,27,82,199
340,36,83,204
338,27,85,197
338,28,90,197
337,34,88,203
342,23,84,202
347,24,82,202
352,22,83,206
355,26,81,203
350,33,85,195
359,32,83,193
355,24,90,188
355,29,89,188
356,35,84,193
352,43,78,194
354,46,77,196
353,36,79,193
352,39,83,192
360,37,79,190
357,42,84,191
349,44,88,203
360,40,80,199
360,45,79,197
360,43,81,200
361,40,80,206
363,28,81,205
356,30,87,193
355,22,86,188
358,28,83,193
337,43,87,184
338,34,81,176
356,30,77,180
355,61,80,190
357,52,80,196
357,66,80,194
358,65,79,193
355,65,82,191
336,53,82,184
318,65,77,173
349,50,79,182
348,65,80,177
351,58,78,178
347,45,82,181
349,34,82,190
352,46,79,188
350,54,81,187
353,54,80,177
348,73,82,178
343,81,85,173
342,77,85,168
336,81,85,163
336,82,81,163
331,94,79,161
333,95,78,159
297,65,81,167
299,62,80,167
314,67,79,163
305,62,79,163
354,74,74,164
371,77,70,167
374,77,66,167
369,70,71,174
366,60,75,172
364,56,76,172
364,56,75,187
357,63,79,179
352,53,77,167
350,55,78,163
355,63,77,173
355,66,79,175
342,56,86,173
332,53,92,177
333,57,85,171
334,51,82,172
334,52,79,180
330,59,78,188
323,66,76,181
320,56,74,184
319,61,75,176
323,61,75,181
329,64,70,181
331,63,69,180
320,51,73,189
313,62,78,185
313,51,82,179
314,45,81,172
307,46,87,170
304,48,86,176
300,34,85,165
298,44,87,170
302,51,83,172
302,57,80,170
304,67,81,172
308,64,77,173
305,66,82,179
307,64,84,177
302,58,87,184
302,50,87,183
321,50,83,174
310,48,81,168
272,68,82,180
263,76,83,183
253,83,85,177
251,84,83,173
244,95,82,173
247,84,80,172
246,86,77,177
248,83,75,180
305,71,79,165
301,79,78,167
260,88,85,173
263,91,84,168
269,98,85,163
274,94,84,164
272,94,87,165
280,86,86,166
285,85,81,167
293,81,75,168
300,89,71,162
301,84,71,165
308,77,66,161
309,79,69,169
314,71,68,167
316,73,67,168
318,65,66,183
316,66,67,180
315,88,68,166
314,99,69,162
309,72,72,170
309,89,71,173
307,87,71,179
305,108,74,166
294,104,85,170
290,102,88,173
289,85,89,179
278,76,95,182
265,58,98,180
262,67,96,173
258,72,93,167
260,55,97,167
256,77,97,164
263,76,96,160
248,96,91,171
239,99,92,179
245,88,86,179
279,87,91,164
292,82,86,169
298,86,80,170
295,89,77,168
297,79,78,164
295,69,82,163
296,74,79,167
289,74,80,166
289,73,81,163
285,72,79,167
283,74,80,170
281,72,82,185
283,66,80,183
288,72,82,194
283,57,84,190
282,50,79,179
285,56,83,183
284,56,84,184
290,64,92,192
291,62,90,185
290,63,93,185
289,63,94,183
289,68,97,188
284,63,100,186
282,66,101,189
281,74,100,186
278,70,100,189
285,70,95,189
280,74,94,186
279,80,89,181
277,81,89,182
277,87,89,182
276,92,90,191
273,89,88,184
273,86,88,183
276,91,86,185
273,96,87,179
271,101,87,178
266,97,94,175
263,99,95,177
261,101,98,179
266,100,96,176
267,90,91,179
268,88,88,176
265,79,87,181
265,77,87,184
258,67,90,194
261,60,94,203
262,70,97,201
261,65,102,201
262,67,101,204
266,67,100,205
269,64,102,209
274,74,98,202
280,67,97,202
274,61,106,209
282,81,107,205
289,75,107,209
300,79,103,204
306,69,103,213
313,65,98,216
313,65,98,220
315,52,100,216
312,62,98,214
321,66,94,200
321,71,97,203
327,77,96,202
328,78,96,205
329,78,96,201
327,75,96,201
324,68,92,207
322,65,91,208
320,55,92,215
319,57,94,215
316,52,99,217
317,58,99,217
302,61,111,214
300,60,113,209
285,50,119,225
272,43,120,229
277,37,126,233
279,38,124,229
271,35,114,240
265,43,115,234
270,47,109,230
272,47,106,227
264,50,113,227
266,55,111,227
267,56,113,227
273,53,113,232
282,43,106,235
284,51,102,221
272,56,103,214
267,54,99,214
260,72,98,201
254,80,103,192
251,82,105,189
246,83,108,187
235,80,111,193
233,83,107,193
231,71,98,202
225,60,99,213
222,53,96,224
214,45,100,228
215,53,95,230
218,58,92,228
215,64,92,220
211,69,92,214
210,68,95,210
207,73,98,208
205,69,103,216
203,66,105,217
203,56,101,226
202,50,101,222
200,59,99,219
201,63,101,214
203,83,101,207
202,86,101,201
202,90,101,198
200,88,102,198
192,80,106,204
191,78,104,205
193,76,99,210
194,66,98,217
198,61,99,226
196,57,100,224
200,60,101,219
206,73,100,212
213,87,102,199
220,91,99,193
223,97,97,185
222,95,99,186
216,93,101,187
215,95,101,188
218,100,100,183
212,105,104,181
209,104,109,181
207,109,109,178
203,111,107,180
206,111,104,178
205,116,106,176
221,109,101,177
209,111,100,181
223,108,98,178
260,91,92,179
274,81,94,179
289,77,93,177
292,75,94,179
290,70,100,179
294,73,98,178
294,73,97,182
297,72,98,182
295,80,95,180
290,75,97,182
299,83,95,179
301,82,97,180
307,81,99,179
