443	284	25	22
442	285	23	20
445	288	22	20
444	288	23	21
443	289	23	22
443	290	23	22
444	289	23	22
444	292	24	20
444	292	24	20
444	290	23	22
444	292	24	21
445	292	24	22
445	293	23	22
445	291	21	24
444	294	23	23
444	296	24	22
445	296	23	24
443	297	23	23
445	298	23	23
445	299	23	24
444	298	24	28
442	299	26	27
441	302	28	24
439	304	31	23
440	303	29	25
440	305	29	25
442	304	28	27
440	305	29	25
442	305	29	27
440	305	29	29
440	309	30	27
442	310	28	26
442	311	28	26
444	312	28	29
442	313	30	30
442	314	30	30
438	316	33	28
438	317	34	26
439	318	34	28
438	318	33	29
440	321	32	29
438	322	33	30
440	324	32	29
438	325	33	29
437	328	34	27
437	329	34	28
438	329	34	30
439	330	34	31
441	333	33	31
441	333	33	34
440	332	33	35
441	336	33	35
442	338	32	34
441	341	33	33
440	342	34	34
441	343	33	36
442	344	32	40
440	345	32	43
438	349	35	40
440	349	34	41
441	350	33	41
441	351	36	37
440	351	38	40
440	348	40	44
437	355	43	41
438	360	40	37
437	361	41	37
437	363	42	34
437	371	38	37
438	368	40	35
437	371	38	31
438	374	39	25
438	374	39	25
438	374	39	25
438	374	39	25
438	374	39	25
438	374	39	25
438	374	39	25
438	374	39	25
438	374	39	25
438	374	39	25
438	374	39	25
438	374	39	25
436	369	41	28
435	363	47	31
435	357	47	36
431	353	51	41
426	351	56	46
425	346	57	48
427	337	54	55
423	332	61	63
425	327	60	65
425	324	61	67
423	322	61	74
420	327	66	70
418	334	67	68
414	345	72	65
416	345	68	70
415	348	70	67
416	350	71	66
418	352	69	73
418	352	67	87
414	349	70	91
413	351	72	87
414	349	70	92
412	347	73	92
412	352	75	90
412	350	77	89
414	350	76	90
414	351	72	91
415	353	74	87
413	353	75	85
412	353	77	86
414	354	74	87
416	352	71	91
414	354	74	87
413	358	79	80
414	356	73	85
418	352	68	88
416	352	69	92
416	353	71	87
417	354	69	87
417	352	68	88
417	357	69	85
415	355	71	86
415	357	72	82
417	356	71	86
416	357	71	84
414	356	75	85
416	357	75	85
415	357	71	85
417	354	70	86
414	359	74	79
415	359	72	80
417	357	71	85
415	357	71	84
416	359	73	80
417	355	71	87
415	358	72	85
416	359	71	83
415	362	72	80
413	363	75	78
419	362	69	79
417	362	71	80
420	360	68	86
415	364	74	79
415	363	74	79
417	364	73	78
417	365	71	79
419	368	69	75
416	370	71	74
416	367	70	78
416	367	71	76
416	367	69	78
416	367	69	79
416	369	72	81
418	372	70	77
418	370	70	79
418	374	69	74
416	374	71	75
417	378	70	72
416	376	71	78
418	375	69	77
418	377	70	77
417	376	69	77
417	379	71	78
417	379	71	77
411	382	77	75
413	380	75	75
412	382	77	75
416	379	73	78
413	380	77	78
414	384	76	74
414	381	75	76
414	385	77	74
414	383	75	75
415	385	75	74
415	385	76	75
415	386	76	76
414	389	75	75
413	390	75	80
414	388	74	81
414	389	74	84
415	389	74	83
412	390	78	80
412	390	76	84
410	391	80	81
412	393	77	82
413	393	75	84
412	392	76	83
414	394	74	86
413	394	75	86
412	393	76	91
412	396	75	88
412	397	77	93
412	397	78	90
412	398	77	91
412	400	78	89
413	403	78	91
414	401	74	96
414	406	77	91
410	403	80	94
409	408	83	94
411	407	81	99
409	407	80	99
408	412	86	94
408	414	87	93
405	418	89	90
406	422	90	87
405	423	92	91
405	424	91	92
401	426	94	90
401	426	95	95
404	426	89	97
402	429	94	93
401	429	97	91
402	429	97	97
400	431	98	94
401	436	97	93
405	435	91	97
401	437	97	97
402	437	96	104
401	439	96	103
399	443	101	98
399	443	101	98
400	444	100	101
400	444	102	105
400	451	104	100
398	452	104	99
401	450	101	104
400	449	103	108
400	446	101	118
403	447	99	123
401	450	99	121
399	456	103	118
397	463	105	114
396	465	104	115
398	464	105	118
395	471	107	112
396	473	108	111
395	476	105	114
396	478	104	115
395	482	106	119
394	485	109	115
393	487	112	117
390	492	117	116
391	498	115	115
388	503	118	112
391	501	114	120
389	504	118	119
387	506	120	121
388	506	120	128
385	510	124	124
387	512	123	134
386	517	124	136
385	517	125	144
384	518	125	150
381	531	132	136
379	532	132	144
379	536	136	154
381	536	134	172
380	538	137	175
376	547	141	170
375	550	142	171
375	554	145	161
374	557	145	161
373	566	146	156
371	569	150	155
371	576	153	147
367	586	158	134
366	594	164	130
360	604	171	115
362	605	171	122
360	615	175	113
360	621	179	113
357	628	182	112
356	637	184	107
354	639	185	105
352	637	189	101
357	635	180	104
353	630	182	107
355	628	184	112
356	625	183	109
359	626	179	105
360	626	175	104
360	626	179	106
359	626	180	105
360	624	177	109
362	626	176	102
361	623	176	108
363	623	175	106
361	621	177	109
363	619	174	113
362	621	177	109
361	620	177	109
361	623	178	104
361	623	180	104
365	620	175	111
363	621	180	108
366	620	176	108
370	617	171	115
365	617	178	114
368	621	174	104
