609	321	62	52
612	324	57	44
622	326	60	44
629	327	58	45
632	327	60	48
634	328	62	47
640	328	61	48
644	328	64	47
651	325	61	51
656	324	61	52
659	322	63	53
661	320	65	54
665	316	68	57
671	315	66	59
672	315	69	58
676	312	66	60
679	307	69	63
678	307	74	61
677	307	79	61
683	305	75	65
684	306	74	64
684	305	79	65
688	302	80	69
685	299	84	71
690	297	85	75
695	297	85	72
699	297	89	72
705	295	88	76
708	291	89	80
710	297	94	78
707	293	100	85
709	297	104	85
706	295	107	91
698	294	120	95
689	295	126	98
677	293	143	104
685	292	132	111
686	304	140	104
671	296	157	115
658	286	177	130
658	281	180	146
647	281	192	146
638	270	195	165
630	270	208	177
612	267	237	185
597	260	243	206
570	262	258	223
518	259	304	233
471	238	330	273
397	233	366	294
302	240	424	297
201	224	463	324
-18	181	467	361
-20	204	453	288
100	50	478	325
327	157	408	247
393	217	442	180
317	216	426	160
416	195	354	163
416	195	354	163
470	183	334	166
421	203	356	142
421	203	356	142
274	221	379	116
479	194	347	153
