525	286	421	231
532	291	423	221
555	295	389	228
541	288	412	230
537	280	410	229
506	285	449	216
500	289	440	216
512	293	426	221
516	278	407	235
501	282	414	228
479	291	453	214
485	293	441	208
475	293	436	211
476	295	430	209
453	303	459	196
471	300	428	212
482	301	402	213
488	306	385	205
485	306	381	205
456	303	388	203
458	305	373	206
451	295	369	209
439	297	365	211
432	293	353	222
425	290	351	209
429	276	330	233
423	277	316	228
415	274	313	230
412	278	307	222
420	288	299	205
422	286	292	213
427	281	275	217
453	284	249	213
471	280	232	210
492	278	207	226
501	282	195	226
497	278	192	216
501	284	178	220
502	280	175	226
510	291	168	207
512	286	167	204
520	283	156	199
524	295	141	184
530	297	135	183
535	299	128	176
529	297	127	183
536	300	117	181
539	296	108	185
529	295	115	191
512	295	130	178
512	297	124	176
531	294	104	183
555	282	75	193
550	288	78	187
556	286	70	188
560	283	61	193
561	284	55	195
555	282	58	191
555	282	58	191
555	282	58	191
682	242	68	192
678	248	80	177
674	247	85	183
667	245	92	184
659	250	103	181
656	254	105	171
656	255	106	167
652	256	114	166
647	257	113	163
643	259	121	159
642	257	123	157
642	257	124	163
641	258	125	167
635	259	135	166
632	263	142	161
632	263	139	167
632	260	146	171
630	265	150	160
632	266	153	168
629	274	157	158
627	279	160	155
628	282	166	152
632	282	154	157
625	283	171	156
626	282	165	161
630	282	159	160
624	282	163	151
622	279	162	156
633	274	153	161
632	271	148	162
641	271	142	156
637	270	142	158
635	270	145	159
634	272	138	155
634	276	134	159
634	279	133	159
632	279	124	155
631	278	127	151
645	275	107	154
657	276	93	152
658	279	91	147
653	283	89	142
656	283	81	142
658	283	77	143
649	294	83	139
651	293	74	140
639	299	86	142
629	307	94	136
626	310	82	141
617	313	83	141
614	317	77	145
615	315	73	145
614	317	66	142
615	317	62	138
616	319	58	130
616	322	58	130
616	322	58	130
616	322	58	130
616	322	58	130
616	322	58	130
616	322	58	130
616	322	58	130
616	322	58	130
616	322	58	130
616	322	58	130
616	322	58	130
616	322	58	130
616	322	58	130
616	322	58	130
616	322	58	130
616	322	58	130
616	322	58	130
616	322	58	130
616	322	58	130
616	322	58	130
616	322	58	130
616	322	58	130
616	322	58	130
616	322	58	130
616	322	58	130
616	322	58	130
616	322	58	130
616	322	58	130
616	322	58	130
616	322	58	130
616	322	58	130
616	322	58	130
616	322	58	130
616	322	58	130
616	322	58	130
616	322	58	130
616	322	58	130
616	322	58	130
616	322	58	130
616	322	58	130
616	322	58	130
616	322	58	130
616	322	58	130
616	322	58	130
616	322	58	130
616	322	58	130
616	322	58	130
616	322	58	130
616	322	58	130
616	322	58	130
616	322	58	130
616	322	58	130
