217	569	20	22
226	566	21	18
238	563	20	18
246	567	22	18
257	569	21	19
271	567	22	19
284	569	22	23
296	569	22	20
309	571	23	19
325	571	24	19
343	573	24	19
356	575	24	18
371	578	22	19
380	580	25	21
391	580	26	20
401	580	25	22
406	582	26	22
412	585	24	22
413	585	26	22
415	586	28	21
419	588	25	22
420	589	27	22
418	586	31	25
421	590	26	25
423	592	27	25
427	596	29	23
427	597	27	24
403	593	25	24
381	590	26	22
360	587	24	23
345	585	25	24
327	584	29	25
318	586	26	23
314	588	26	20
308	587	27	21
303	586	27	21
300	585	27	21
301	585	26	19
302	585	24	20
304	586	25	19
305	588	24	20
308	587	25	20
314	589	23	19
315	588	26	19
321	588	26	20
325	589	22	19
328	590	22	18
332	590	22	19
334	592	23	20
338	593	24	20
342	592	26	21
345	593	26	22
348	590	25	22
353	592	25	21
355	593	24	21
361	594	23	20
364	598	22	18
365	600	22	18
371	602	22	17
375	598	21	20
375	600	20	19
374	605	21	16
376	608	19	16
377	607	18	16
376	605	20	17
373	606	19	16
371	606	18	18
368	601	19	18
369	595	17	16
368	591	18	18
367	592	18	18
366	594	17	16
365	592	17	16
365	590	18	16
363	589	19	16
363	589	20	18
363	591	18	18
364	592	22	20
363	595	22	18
362	596	20	17
363	597	19	16
364	596	18	16
364	595	17	15
364	595	17	16
364	596	17	15
364	593	17	16
364	592	17	16
364	593	16	17
365	594	17	17
363	591	19	18
363	590	20	18
364	590	19	16
363	590	18	16
365	591	18	16
364	589	17	15
362	589	15	15
360	590	17	15
357	590	17	15
354	586	17	15
353	586	16	16
350	585	16	17
348	583	16	16
346	585	16	15
342	586	15	15
339	585	17	16
339	586	15	16
336	586	17	15
335	587	17	16
334	588	16	14
333	588	15	13
334	588	14	13
333	588	13	15
331	587	15	16
331	587	16	15
331	584	15	15
331	584	15	14
330	584	15	14
327	584	16	14
321	587	17	14
315	585	16	14
312	582	15	16
306	580	16	15
298	582	17	15
292	583	17	15
286	582	16	15
286	579	15	16
285	577	16	16
281	581	16	16
276	587	16	16
273	589	16	17
274	581	17	17
276	576	17	17
280	577	15	15
279	580	18	15
280	584	19	16
281	586	18	16
285	587	15	14
286	588	15	15
283	588	15	15
279	589	16	16
278	589	19	16
272	587	21	14
267	582	23	14
264	578	21	13
262	575	21	15
257	569	19	14
252	560	18	15
246	551	17	15
242	544	18	14
238	543	19	13
233	547	21	16
237	559	17	15
244	564	17	16
249	563	17	18
250	562	17	18
254	564	17	17
256	563	16	15
256	566	15	17
254	570	16	17
249	575	18	16
241	580	18	20
233	585	23	24
219	588	28	26
213	592	28	24
206	597	28	19
202	605	27	18
197	613	22	21
197	616	19	20
201	612	21	21
203	612	23	22
204	611	22	21
206	608	22	22
206	604	21	23
205	601	21	23
208	598	23	24
215	594	21	24
219	593	22	24
225	597	23	25
233	607	24	25
237	617	24	28
244	624	26	29
250	631	28	28
252	629	30	27
254	628	29	27
258	628	29	30
264	633	30	29
266	639	28	32
265	638	33	32
269	628	36	34
275	617	39	30
275	610	38	31
277	606	38	33
286	606	36	35
299	610	39	33
311	622	35	31
319	624	34	32
330	625	38	33
344	628	36	35
356	638	38	37
364	647	41	36
326	645	37	38
288	639	35	39
255	630	34	35
225	622	31	30
197	612	30	32
172	608	28	29
145	607	32	25
124	604	32	28
101	600	34	30
93	595	31	29
88	587	28	28
94	575	27	29
100	559	32	30
111	550	34	26
125	548	40	28
134	555	40	26
148	552	35	31
171	548	28	30
183	546	28	31
193	554	28	25
204	555	27	24
215	557	31	22
223	557	31	21
227	556	32	22
228	557	31	20
231	555	28	22
234	558	25	19
230	558	28	23
229	557	26	23
231	557	25	21
231	560	22	18
230	560	21	17
230	558	21	17
234	551	21	20
241	543	24	18
247	536	27	18
253	535	26	17
254	530	23	17
254	522	20	18
258	518	17	15
260	512	17	16
260	515	17	15
260	523	17	15
257	527	17	17
260	534	16	15
258	536	18	16
254	541	18	16
254	544	18	15
250	547	17	15
251	549	16	15
248	555	16	16
243	564	16	16
239	569	17	15
236	571	17	15
230	566	18	15
221	562	19	16
214	554	17	17
210	546	16	16
206	540	16	15
199	537	17	15
194	535	16	16
193	532	16	16
188	530	16	14
185	533	16	14
180	531	15	14
176	529	16	15
171	527	18	17
167	527	18	17
166	526	18	18
170	530	17	16
173	529	15	15
175	530	15	14
179	529	17	15
186	529	16	15
194	530	17	15
201	527	19	16
213	527	19	15
224	530	20	14
234	532	22	15
245	529	22	15
256	522	19	16
261	516	17	15
265	513	18	17
270	511	16	15
270	508	17	15
265	509	16	15
257	511	18	15
251	509	17	16
246	512	17	15
244	514	16	14
244	518	14	15
245	520	14	15
251	524	16	15
252	526	16	15
252	529	16	14
256	534	15	14
256	534	18	15
256	537	16	15
250	541	18	15
248	541	16	14
251	543	15	15
253	543	15	15
247	547	15	17
247	551	15	15
247	544	15	17
252	534	14	18
254	530	17	16
260	530	17	15
266	535	17	16
275	542	17	16
283	544	19	15
297	543	19	13
309	539	19	14
321	539	20	15
333	542	18	15
341	547	17	15
348	550	16	15
352	549	16	14
353	549	16	14
354	548	14	14
356	546	15	14
359	542	15	15
355	538	15	15
355	538	14	14
351	542	15	14
345	543	17	16
334	542	20	17
328	540	20	16
321	541	18	15
313	543	16	14
307	545	16	14
301	548	15	14
295	550	13	14
289	550	15	14
286	548	13	13
282	550	14	14
281	552	13	14
284	547	16	18
286	536	14	20
290	522	17	23
290	522	17	23
290	522	17	23
299	508	20	19
303	501	18	19
303	494	19	20
310	488	15	17
311	486	15	16
312	486	16	16
312	482	17	16
311	478	18	18
307	474	20	19
306	475	21	20
306	479	20	18
302	484	20	19
300	487	21	19
298	490	20	18
298	493	20	18
296	496	22	21
295	502	18	20
292	510	18	20
286	517	20	19
282	522	22	21
275	531	24	22
269	540	23	23
259	550	25	24
254	563	23	22
252	577	24	22
242	587	26	21
238	585	24	21
233	581	25	22
228	580	28	21
228	580	23	23
228	580	22	22
227	580	22	22
225	581	23	22
224	582	24	23
224	582	24	26
228	587	23	27
231	594	26	24
234	598	25	24
236	598	25	23
237	597	26	26
241	597	27	30
245	603	26	28
250	608	27	25
257	612	28	26
265	613	26	26
268	615	28	27
274	620	29	26
280	621	32	28
288	625	31	26
295	627	34	28
303	629	38	30
312	631	39	30
323	633	36	28
332	630	36	29
339	632	36	28
347	636	36	29
357	637	33	30
362	635	34	31
373	636	34	30
380	635	37	32
386	634	39	31
396	637	40	30
404	638	41	31
417	639	40	32
429	642	40	29
446	639	39	30
456	635	35	31
466	634	36	35
468	629	35	37
452	620	30	33
441	615	27	30
431	608	27	29
423	603	27	29
416	598	25	29
411	596	27	28
406	596	28	27
408	594	26	25
409	593	25	25
409	597	25	25
411	599	23	25
415	601	24	25
416	595	26	23
414	587	25	25
419	573	25	28
422	565	26	28
423	562	24	26
418	561	24	24
415	557	27	25
410	554	29	25
404	551	29	23
398	550	27	21
397	546	25	21
395	545	25	21
389	542	30	20
387	540	30	20
382	536	28	22
384	535	27	20
380	539	25	20
379	541	22	19
379	542	19	19
379	542	20	20
379	546	21	21
378	551	22	20
383	552	22	19
393	551	22	19
389	547	22	19
387	549	21	19
384	552	21	19
374	551	21	19
366	545	19	20
359	536	20	19
353	530	19	19
347	531	21	17
337	532	21	19
333	528	19	19
333	529	17	19
329	530	21	18
328	532	23	20
330	539	21	19
329	548	20	19
331	546	19	19
338	540	17	18
338	536	16	18
340	532	17	19
348	533	19	17
353	528	20	18
361	521	20	17
365	516	20	18
367	515	17	18
370	515	19	19
371	518	19	18
374	515	18	19
374	511	19	19
377	502	17	20
377	496	18	19
376	494	17	18
370	492	18	19
363	494	19	18
353	496	19	18
344	500	22	18
333	500	23	18
326	497	18	19
322	494	19	19
318	497	20	18
305	501	21	21
293	503	22	21
286	505	20	20
277	506	21	18
273	502	20	19
273	490	19	22
274	488	19	21
270	489	20	22
270	494	19	21
270	496	18	19
269	495	16	19
270	495	17	19
267	497	19	19
265	504	18	19
262	509	20	20
259	511	20	20
255	507	19	20
252	505	20	20
253	506	20	19
256	511	19	20
252	518	19	19
248	516	21	19
244	504	19	20
240	493	19	19
239	487	19	20
239	488	19	22
240	498	20	21
236	505	21	20
232	504	19	18
233	499	19	20
233	494	20	20
231	493	21	20
226	496	24	20
221	500	23	20
216	505	22	19
206	510	25	19
204	507	29	22
207	491	29	27
221	476	27	25
242	475	23	19
252	475	19	20
253	478	21	19
252	470	21	21
252	459	22	23
254	447	22	23
260	438	21	23
268	442	21	21
272	450	22	24
279	458	23	23
288	464	23	23
299	475	24	22
310	481	24	24
320	487	25	25
334	495	23	24
344	508	25	25
348	522	27	25
344	518	31	28
348	511	28	32
351	509	28	31
350	508	30	31
348	509	29	34
342	511	33	36
336	519	32	34
331	524	36	35
323	536	42	31
316	541	42	31
310	542	42	34
306	543	40	37
303	545	39	37
299	548	39	33
303	551	37	30
305	553	39	34
307	556	39	36
310	560	37	37
309	568	38	35
311	569	36	34
309	569	41	37
309	573	40	37
312	583	37	33
317	585	36	34
325	587	34	33
331	588	34	34
339	590	33	36
352	592	33	35
365	591	33	36
377	592	35	35
389	596	38	34
404	594	39	39
423	597	40	46
431	595	36	47
413	576	38	48
399	564	33	50
383	553	35	43
371	545	38	38
364	537	35	35
362	533	31	33
359	530	30	31
359	527	29	32
359	526	32	32
361	530	31	30
366	531	29	29
370	529	30	29
375	532	27	28
379	539	26	26
382	545	27	26
383	550	26	26
386	558	26	24
383	561	28	27
383	568	30	26
379	566	34	26
381	561	30	27
381	557	25	27
378	555	23	24
378	554	21	24
373	554	22	23
372	554	21	24
368	555	21	25
364	554	22	25
360	555	27	22
357	553	28	22
350	553	26	21
348	550	22	23
344	548	22	24
339	549	22	22
333	550	21	20
329	548	23	19
326	548	21	18
324	548	17	18
319	545	18	19
312	544	19	18
308	546	19	16
304	544	20	17
300	544	19	17
295	543	19	17
291	541	21	18
287	540	19	18
286	541	17	17
283	542	17	17
279	542	19	17
276	542	18	17
273	541	17	17
271	540	17	17
270	540	19	17
264	539	20	17
264	539	20	16
262	538	21	15
258	538	21	17
255	536	22	16
250	534	26	16
244	533	30	17
245	533	32	18
251	530	27	21
251	527	27	22
248	525	29	22
243	528	29	21
239	530	27	20
236	532	24	20
234	534	21	21
228	540	21	18
218	545	23	19
211	551	23	23
204	558	25	25
195	565	29	23
191	566	28	23
186	565	26	23
186	564	25	26
186	565	26	26
184	570	26	25
190	571	24	26
193	578	25	28
198	583	30	32
206	595	32	32
213	602	34	30
221	603	39	33
229	603	40	38
243	604	41	40
256	613	39	39
270	618	39	39
281	626	43	39
294	640	45	35
303	644	47	37
313	647	47	37
324	649	47	42
335	651	46	46
344	660	44	42
354	667	45	46
362	666	47	50
372	674	46	49
381	682	51	43
390	684	50	51
396	691	52	46
400	691	55	53
405	695	55	50
405	699	52	54
403	704	54	59
403	711	57	50
383	703	59	59
352	687	62	63
329	684	57	59
303	680	60	59
286	678	56	57
274	673	54	59
264	683	57	53
259	696	53	58
260	701	55	55
267	701	54	57
275	703	53	51
282	706	54	51
291	708	51	50
301	708	50	50
308	702	52	54
317	695	50	51
327	689	51	51
338	676	51	54
344	676	50	51
346	676	48	50
348	672	52	51
359	658	47	54
367	650	47	52
370	651	48	49
380	646	49	48
387	642	49	48
395	637	50	49
402	635	52	49
409	642	49	50
416	647	47	48
425	652	48	49
429	655	51	49
434	660	52	51
439	664	50	53
443	664	53	53
450	667	53	49
459	664	51	50
464	668	50	50
473	670	46	52
476	669	47	51
481	669	48	52
487	668	49	51
493	669	49	49
496	668	52	50
501	671	52	51
495	669	56	58
465	642	63	64
435	634	64	54
413	622	50	52
397	613	48	48
382	600	50	48
365	593	49	41
354	591	43	39
345	592	37	35
338	591	34	31
332	587	35	32
327	580	32	29
325	575	35	28
325	569	33	30
324	568	35	27
327	569	34	27
329	572	32	26
335	571	31	26
340	564	31	29
339	559	37	31
345	561	32	28
350	568	30	25
354	574	29	23
358	576	27	23
360	575	28	23
362	572	25	21
366	568	26	23
367	566	25	21
369	569	21	19
369	568	24	19
370	567	27	19
368	562	29	21
369	557	25	22
365	556	22	19
360	557	21	18
354	556	22	18
348	554	22	17
342	553	18	16
335	551	20	17
327	551	17	18
318	550	18	18
310	548	19	18
302	542	22	19
299	540	20	20
296	537	22	21
293	539	23	18
295	538	21	17
294	537	22	17
292	538	26	18
293	538	27	19
292	538	29	18
292	539	30	18
293	539	29	19
296	535	30	19
299	530	29	22
299	528	27	22
299	522	32	28
301	517	36	33
301	516	38	32
303	515	41	33
298	514	44	34
294	516	45	33
287	514	49	33
292	517	41	28
288	519	39	26
284	525	36	22
282	535	32	20
278	536	30	20
275	541	29	26
277	550	25	22
272	554	31	22
272	554	32	23
271	551	28	24
272	552	24	22
274	552	22	20
275	551	21	23
277	551	23	25
279	555	23	25
282	557	26	27
283	557	27	26
286	555	26	25
288	556	25	25
289	559	26	25
293	560	28	26
294	562	28	24
296	563	27	23
299	560	26	24
300	558	29	27
302	560	28	28
304	560	32	29
301	560	38	29
306	563	35	30
305	567	38	29
307	571	37	27
308	569	35	29
309	568	34	30
310	568	34	31
309	572	33	29
308	574	35	28
307	578	29	28
309	578	31	29
309	577	31	31
309	579	31	30
309	578	33	32
311	579	31	31
311	583	30	31
312	583	30	31
313	583	29	31
316	586	30	29
317	591	31	29
318	590	35	32
322	588	34	34
326	589	39	34
330	592	40	33
334	593	41	34
338	594	37	32
340	597	39	34
345	598	40	35
350	596	41	35
351	599	39	34
354	603	43	33
359	601	40	37
362	603	35	36
364	604	37	37
368	608	35	35
370	611	35	33
374	613	36	34
376	610	37	36
373	600	38	42
370	588	43	50
371	572	43	62
375	556	38	71
371	542	31	70
371	533	28	71
370	525	27	70
370	522	27	68
370	524	25	62
370	525	26	60
369	527	25	56
368	529	29	49
367	531	33	45
367	536	32	36
366	546	30	27
365	539	26	28
367	535	23	25
367	530	23	25
367	529	23	25
370	531	21	23
370	531	23	21
368	530	24	23
368	528	25	23
369	527	26	23
369	522	25	24
370	520	22	22
370	521	23	21
371	521	23	20
371	519	25	20
372	519	23	20
370	518	22	18
369	515	23	19
370	513	22	20
370	510	24	19
370	509	23	19
371	508	24	19
369	507	24	19
368	506	23	19
367	506	23	19
367	504	22	19
368	501	23	19
367	500	20	19
366	499	21	20
365	499	22	19
365	502	19	19
364	501	19	19
363	500	21	18
363	498	21	18
360	500	19	17
359	501	19	17
358	497	20	18
356	499	20	16
356	499	20	18
355	499	21	18
355	499	20	17
352	498	20	17
353	495	19	16
351	497	20	18
353	498	17	16
351	498	17	17
350	498	19	18
349	499	18	18
347	500	20	18
345	497	19	18
344	496	19	17
343	496	19	17
343	496	18	16
343	494	17	16
340	493	16	16
339	494	17	17
339	494	15	16
340	494	14	16
339	492	14	15
338	489	15	17
337	486	17	18
336	484	19	20
334	484	19	19
334	483	24	20
333	483	22	18
334	481	21	19
333	479	25	21
333	478	27	20
331	477	28	21
330	478	30	21
330	477	31	20
327	478	30	18
328	478	33	17
321	477	37	19
318	476	41	21
315	476	44	20
318	476	43	19
323	479	38	17
326	479	39	19
343	476	33	22
354	477	31	20
365	481	33	19
379	482	31	20
390	483	27	20
403	485	23	22
414	493	19	20
421	500	20	22
430	503	21	21
435	507	25	19
439	509	27	21
440	512	27	22
440	513	25	25
442	514	27	26
442	517	27	25
445	521	26	26
445	525	29	24
446	531	30	23
446	529	27	26
444	528	26	26
444	530	28	27
444	534	26	27
444	536	27	26
444	540	28	26
443	543	29	26
440	545	30	27
439	544	31	27
440	544	29	26
439	546	31	26
436	545	28	28
438	546	28	28
438	549	31	27
440	553	33	28
441	551	34	29
444	551	34	30
447	555	33	32
453	557	32	32
459	557	34	36
459	557	34	36
441	544	31	34
420	532	35	31
400	523	29	29
381	515	28	30
367	506	28	30
356	497	28	29
350	493	27	29
348	493	24	27
345	492	28	30
346	493	28	27
349	494	29	28
353	497	31	28
358	499	28	29
365	502	30	28
370	508	27	26
376	514	25	25
380	522	24	26
383	527	27	29
384	534	28	26
389	531	25	27
393	529	26	27
395	527	25	28
398	525	25	30
399	520	25	33
400	522	24	30
401	525	24	29
401	527	24	26
400	532	23	23
398	533	23	24
400	529	23	25
398	528	23	25
397	528	22	25
396	530	24	25
394	529	23	24
392	530	22	23
390	529	22	22
391	531	21	22
388	530	22	22
388	531	21	21
386	532	22	21
385	529	21	22
383	529	21	21
379	529	22	21
379	530	21	22
376	532	22	19
372	531	24	21
372	529	22	21
369	528	24	21
366	529	23	21
366	528	22	23
364	528	22	22
359	527	22	22
357	526	22	21
355	523	24	21
353	521	24	22
351	522	23	22
350	521	23	21
348	516	23	22
346	516	23	22
343	514	21	21
343	514	23	23
339	514	24	23
338	517	22	23
336	517	23	22
334	516	22	22
332	518	24	21
329	519	23	20
327	519	23	20
325	518	22	20
323	518	23	21
322	518	21	20
319	517	20	22
318	517	21	21
315	517	21	21
312	516	23	20
311	517	23	21
310	514	22	22
308	513	22	23
306	514	24	24
306	515	23	24
303	516	22	22
302	517	22	22
302	518	21	20
299	519	21	22
299	518	21	22
296	516	26	23
298	515	24	21
299	517	24	21
299	522	20	18
297	521	21	18
297	523	19	17
294	521	19	17
292	520	19	18
288	521	19	18
283	518	19	19
281	514	18	23
286	512	22	25
287	508	22	24
292	507	20	22
296	504	23	21
301	505	22	19
300	504	27	19
308	503	27	21
317	504	22	23
323	510	21	21
326	513	24	23
331	515	24	25
336	520	23	24
339	524	23	21
340	532	25	23
341	540	28	27
345	547	30	24
345	547	30	25
345	544	26	28
346	541	28	31
346	539	27	33
347	541	26	30
351	544	30	30
349	544	29	30
351	549	29	28
357	551	28	27
363	550	27	25
366	548	29	28
371	548	28	28
373	550	29	28
381	550	29	28
387	551	30	28
393	550	30	27
397	549	33	30
409	552	28	27
416	552	29	28
423	553	33	29
435	555	31	31
449	559	29	28
463	554	32	33
466	548	37	38
467	539	32	33
467	527	34	32
470	519	29	31
476	509	29	31
481	500	29	33
484	495	29	34
491	486	28	36
496	484	32	33
499	481	31	32
505	478	32	34
511	477	30	34
515	478	30	33
519	480	32	33
520	485	31	34
521	491	33	35
521	499	34	36
519	471	34	37
520	436	34	33
519	406	33	35
519	379	34	37
519	355	33	39
518	329	31	40
520	303	32	38
523	282	33	36
529	265	31	35
531	247	33	36
536	231	34	37
536	222	32	35
538	211	33	35
540	202	33	33
539	193	31	33
533	192	33	36
529	196	32	36
520	196	33	33
518	196	31	34
511	199	34	36
509	203	28	35
502	211	30	35
495	221	30	37
484	236	32	35
474	244	31	34
472	248	30	33
470	252	28	31
472	261	29	35
475	280	29	34
476	294	28	30
478	303	30	32
482	310	30	35
492	325	27	32
496	343	29	31
502	359	26	31
509	375	29	30
516	392	30	32
522	413	28	31
528	431	30	32
536	449	33	35
539	476	31	33
540	500	27	30
544	523	28	27
548	545	26	31
551	573	27	29
552	603	26	36
551	596	26	40
546	589	28	39
544	580	28	36
536	576	26	31
532	573	27	28
530	569	27	25
530	567	26	24
531	566	23	22
531	567	22	23
531	565	22	24
531	563	24	23
536	564	23	22
537	569	22	23
536	576	23	23
538	579	22	24
541	578	22	23
544	574	21	21
545	566	20	21
546	562	20	24
545	560	20	20
544	562	19	20
540	561	19	22
538	563	20	20
532	563	21	22
531	565	19	20
530	566	19	19
530	565	19	19
528	563	19	20
527	561	19	20
525	559	19	19
525	559	17	19
526	559	18	17
525	558	19	18
523	557	21	17
524	556	20	18
522	557	18	17
524	557	18	16
524	555	17	18
523	555	18	18
522	554	18	16
523	552	18	17
519	552	19	16
518	552	18	17
517	548	19	18
514	547	18	17
511	544	18	17
508	543	17	16
505	540	17	16
505	534	17	16
505	527	16	17
504	524	16	18
499	526	17	15
498	522	17	16
499	519	16	15
497	519	17	15
494	520	18	16
495	518	16	17
495	518	17	17
496	518	15	16
496	519	16	15
497	518	16	16
498	520	16	16
501	518	18	15
509	516	18	15
516	514	17	15
517	508	18	15
519	510	18	15
522	516	17	17
524	523	17	16
524	527	15	16
523	533	15	15
517	534	15	14
514	533	16	14
514	533	16	15
508	528	16	15
507	526	16	15
504	522	17	15
501	522	17	14
496	524	15	14
495	522	14	14
493	519	15	15
489	522	16	15
487	522	16	14
486	520	15	15
483	519	15	14
480	519	17	14
478	518	15	15
477	519	14	15
475	520	15	14
474	520	15	13
471	520	15	14
471	521	15	13
466	519	15	13
463	518	17	12
460	515	18	14
455	514	17	14
448	514	17	13
443	514	15	13
437	511	17	15
431	508	17	14
425	506	18	13
422	501	15	14
417	499	15	13
412	499	16	14
408	499	16	14
404	494	15	14
401	491	15	14
400	491	15	13
399	492	14	13
399	495	14	13
398	497	15	13
395	497	15	13
395	498	16	13
395	501	15	14
396	506	14	14
396	510	15	13
395	513	15	14
397	514	14	14
399	510	14	14
399	510	15	13
400	511	15	13
400	512	15	14
398	512	15	13
398	513	14	15
398	514	14	14
397	512	13	14
395	513	12	14
395	512	14	14
392	512	15	13
392	512	14	13
391	512	15	13
391	513	14	13
388	511	15	13
388	512	13	14
387	513	14	14
386	510	14	13
385	510	14	13
384	510	15	13
384	510	14	13
383	512	13	14
383	512	15	13
383	510	13	14
384	510	13	13
383	509	14	13
384	509	13	13
383	510	13	13
382	510	15	14
383	510	15	13
383	509	15	13
384	510	14	13
383	511	15	14
382	510	15	13
382	509	13	12
381	508	13	13
378	508	14	13
380	509	13	13
379	509	13	13
377	509	13	13
377	508	14	13
377	507	14	14
376	506	14	14
376	506	15	14
377	505	15	14
376	504	15	13
376	505	14	13
375	504	15	13
375	506	16	13
374	506	16	13
375	504	16	13
373	504	14	14
373	505	15	13
373	504	15	13
373	505	14	13
373	505	13	14
373	504	12	13
372	505	13	12
373	503	12	13
372	504	13	13
372	504	12	13
372	504	13	13
384	500	13	15
398	500	12	14
407	498	13	13
415	496	14	15
421	496	15	14
425	494	17	15
428	494	16	13
426	497	18	13
426	495	19	15
426	498	21	17
426	504	19	15
426	504	19	15
420	512	21	16
418	517	19	14
418	521	20	16
419	525	20	16
420	533	20	18
420	538	21	16
421	538	18	18
422	539	20	17
422	537	20	18
425	538	20	19
427	541	21	18
430	541	19	20
436	543	20	20
442	545	18	19
444	550	22	18
455	552	21	18
460	551	23	18
468	552	25	21
477	553	27	22
470	546	26	28
468	538	21	28
466	537	21	26
463	537	19	22
464	538	18	19
466	537	18	18
470	538	19	19
470	538	21	20
475	539	20	20
479	542	20	20
480	548	20	20
482	555	21	19
485	557	20	20
485	560	21	23
488	567	20	21
489	567	20	20
490	567	20	21
492	567	20	22
493	566	21	23
494	566	20	24
494	568	21	23
492	569	20	21
493	568	20	22
493	569	22	20
494	569	22	22
495	570	22	22
497	571	23	22
498	572	23	22
498	574	23	21
498	575	24	19
500	574	24	21
503	572	22	23
503	572	22	22
505	575	22	22
505	578	20	21
503	577	21	21
505	577	22	21
503	578	23	21
505	580	23	21
505	578	23	23
506	580	23	23
507	580	23	22
509	583	25	22
512	583	25	20
513	585	25	21
514	586	26	21
518	588	24	21
524	585	22	23
528	585	22	24
531	584	23	27
535	587	26	26
541	587	25	24
548	589	26	23
553	589	29	23
559	590	28	23
565	590	25	25
571	591	25	24
575	591	23	23
581	591	25	25
574	589	26	26
557	584	26	26
540	581	28	27
517	577	28	26
503	576	27	26
488	575	25	25
471	576	21	22
458	576	22	20
447	573	22	20
439	570	19	21
430	570	19	21
422	569	20	21
416	567	22	21
412	566	21	19
407	564	23	21
406	562	21	20
401	561	21	20
400	559	21	21
400	560	20	19
397	558	21	20
393	559	21	18
393	559	19	17
390	560	19	19
389	559	17	17
384	558	20	18
381	556	19	16
380	555	17	17
376	556	18	17
372	558	18	17
368	558	17	18
366	558	16	16
361	557	18	17
356	557	18	17
353	557	18	17
348	557	18	16
346	557	17	16
341	559	16	16
338	556	17	18
334	555	18	17
331	555	16	16
326	556	16	14
324	554	17	17
319	554	17	18
316	554	17	16
312	553	16	15
311	553	16	16
306	552	16	15
304	550	16	15
302	550	15	16
299	551	15	15
296	549	16	15
293	548	16	16
292	547	16	15
287	546	17	15
286	546	16	14
283	544	16	15
281	543	15	16
279	542	15	14
276	541	15	14
273	542	15	15
270	541	15	14
270	539	15	15
267	538	14	14
264	537	14	14
263	537	15	15
261	539	14	14
258	536	15	16
256	532	16	18
253	529	17	20
251	528	19	21
248	526	23	21
248	524	24	22
246	523	25	21
241	526	27	18
239	526	23	16
231	526	26	16
232	527	24	16
235	529	26	15
245	525	27	18
253	524	25	21
266	529	21	19
274	534	19	17
283	536	18	16
289	540	18	16
293	542	17	16
299	543	19	17
302	543	19	17
305	543	19	17
307	546	19	17
311	547	19	17
312	548	20	18
317	547	19	19
317	548	21	19
317	553	22	18
316	552	21	19
317	553	23	19
319	553	22	20
318	555	22	19
316	555	23	20
313	556	26	19
313	558	23	19
311	557	24	19
308	560	24	19
306	560	24	20
305	558	25	20
305	559	24	21
306	560	24	21
308	563	24	20
312	561	23	21
313	563	25	23
318	565	24	23
322	566	22	24
326	568	24	22
333	567	25	21
340	568	24	22
346	570	23	23
353	570	24	23
363	573	21	20
368	572	25	21
379	573	24	21
387	570	26	22
396	570	27	22
405	570	27	24
417	572	23	23
428	574	23	23
432	573	28	23
446	575	25	23
456	574	24	23
464	573	25	22
472	573	26	25
480	574	26	25
490	572	25	26
482	572	28	26
460	568	27	29
439	561	26	32
420	555	26	34
400	555	27	29
383	557	23	23
366	556	23	25
349	558	23	25
334	559	23	25
323	563	21	21
313	558	22	20
307	556	23	22
301	555	22	22
300	554	22	23
298	553	20	21
297	551	23	21
300	548	24	22
302	547	24	22
304	549	23	22
306	549	26	21
312	549	22	20
317	549	22	19
319	548	22	19
324	546	21	20
328	547	20	19
331	545	19	20
334	545	20	17
333	547	20	18
333	547	21	18
334	546	20	18
335	546	19	18
335	546	18	18
335	545	19	19
335	546	18	18
335	544	18	17
336	541	19	18
336	542	18	20
335	542	18	19
333	542	19	17
333	542	18	18
331	541	17	18
327	539	17	17
327	537	17	17
322	537	17	18
320	538	17	16
318	538	17	17
314	535	18	17
310	536	18	17
306	535	18	17
302	533	18	19
301	533	18	18
299	531	17	18
295	531	18	18
292	530	18	19
291	528	17	19
286	526	18	19
285	526	19	19
284	525	17	19
281	525	17	18
278	523	17	17
275	522	17	16
271	522	17	17
269	520	17	16
266	520	15	16
262	519	16	16
260	518	16	17
256	516	15	17
254	513	16	18
252	513	16	16
249	512	16	17
245	513	17	18
244	513	17	19
243	510	16	18
242	511	16	17
239	511	18	17
239	511	17	16
240	510	17	16
239	507	17	16
239	508	17	17
235	507	17	18
235	509	17	17
234	508	16	16
232	507	16	18
230	505	17	19
229	502	17	19
226	501	19	20
226	503	19	20
224	502	22	21
225	503	20	20
225	504	19	18
224	504	17	16
225	504	17	16
225	504	18	16
225	503	17	16
222	501	20	16
228	501	19	16
239	500	18	17
249	499	17	22
259	501	15	20
268	504	16	20
277	507	16	19
285	509	16	19
294	510	18	18
299	509	19	18
307	510	18	19
312	513	19	21
314	516	20	19
318	519	21	18
321	519	22	20
322	522	22	18
325	523	22	19
324	525	23	18
324	523	22	20
325	524	24	20
322	524	22	22
321	526	21	20
319	530	20	21
316	532	22	21
313	532	22	22
311	530	23	23
310	532	26	21
307	535	25	22
304	536	26	24
303	538	24	23
300	541	23	22
299	543	24	25
297	543	25	23
297	545	25	24
297	550	27	22
299	549	26	23
300	554	25	23
302	553	23	24
302	557	26	23
302	560	27	22
306	559	29	25
309	559	28	24
314	559	26	24
319	560	26	25
322	559	24	24
328	559	24	25
331	564	26	26
336	567	29	26
347	565	28	27
353	568	26	28
358	570	28	30
364	570	28	33
369	574	26	30
374	574	27	31
383	578	26	27
386	579	30	26
395	582	28	23
401	578	27	26
410	576	25	26
414	575	29	30
420	575	31	33
425	575	35	33
436	571	30	31
439	566	28	34
438	555	26	32
440	544	27	34
442	532	26	32
443	521	26	30
446	514	29	28
449	508	29	27
453	501	27	28
458	496	27	30
461	494	28	28
463	495	28	29
467	493	27	29
468	493	28	29
469	495	27	28
468	498	27	28
468	502	29	29
468	505	28	30
465	513	27	34
461	505	27	34
453	485	29	29
444	468	28	27
439	450	27	29
433	432	31	30
432	417	30	32
429	403	31	34
429	392	30	33
428	381	31	33
429	372	31	33
430	366	31	32
430	359	32	33
428	355	32	32
427	351	31	34
427	347	31	34
426	345	31	35
425	342	33	34
424	343	31	34
423	347	29	32
421	352	31	33
417	358	32	32
415	364	33	32
413	372	31	34
412	381	31	35
411	392	34	37
413	403	31	37
414	417	31	35
416	433	30	37
420	454	30	35
422	471	31	36
425	490	32	38
426	517	33	33
429	541	31	34
430	565	35	34
433	591	34	36
435	598	33	32
442	586	35	41
446	575	36	40
452	572	36	34
458	566	34	38
461	564	34	35
466	558	33	35
471	556	33	35
476	554	32	35
481	553	32	34
484	555	34	35
485	559	36	34
487	564	37	34
490	567	36	35
496	574	40	42
462	555	36	37
426	536	35	34
394	519	31	31
364	504	32	35
335	491	32	36
308	482	29	34
282	471	29	33
256	462	33	35
235	455	39	33
217	453	34	32
200	451	36	32
186	453	33	30
172	454	34	31
163	456	34	29
156	458	34	30
150	461	32	31
150	468	29	28
147	475	31	29
148	483	30	28
146	491	30	28
149	502	33	29
156	513	35	27
163	521	33	27
171	535	29	24
177	547	30	25
183	561	29	26
189	571	33	28
197	573	35	26
206	569	31	25
217	565	29	25
227	561	27	20
235	559	27	22
242	556	27	22
250	558	25	22
255	556	23	23
259	559	25	22
266	560	24	23
270	562	23	20
272	567	21	23
275	572	22	23
278	574	24	20
277	568	22	22
279	564	21	22
281	558	22	24
283	558	19	22
285	561	20	20
289	564	20	21
287	567	21	20
290	568	22	21
292	567	20	20
292	569	21	18
292	567	20	21
288	566	19	20
283	563	22	20
282	560	24	21
277	555	21	21
272	557	20	20
270	555	20	21
266	553	20	20
262	549	20	19
258	550	19	18
255	552	18	17
251	553	18	16
247	554	19	17
242	553	20	17
237	552	19	18
234	555	18	17
231	556	19	17
228	554	19	17
224	553	20	17
223	554	21	18
218	557	18	16
216	557	18	17
211	557	19	16
209	556	18	15
205	557	18	15
204	555	18	15
201	553	16	16
197	554	16	16
196	554	17	16
193	554	17	16
190	553	20	16
189	553	17	16
187	551	17	17
186	552	17	17
184	551	16	16
182	549	17	16
178	549	17	15
176	550	17	15
174	547	17	16
170	543	18	17
166	540	17	15
161	540	16	15
154	534	19	16
147	528	21	16
137	527	22	14
120	517	21	16
98	508	23	17
73	498	26	18
43	485	26	18
17	476	28	18
17	476	28	18
17	476	28	18
17	476	28	18
17	476	28	18
17	476	28	18
17	476	28	18
17	476	28	18
17	476	28	18
17	476	28	18
17	476	28	18
17	476	28	18
17	476	28	18
17	476	28	18
17	476	28	18
17	476	28	18
17	476	28	18
17	476	28	18
17	476	28	18
17	476	28	18
17	476	28	18
17	476	28	18
