134,55,60,88
131.620368145302,59.29325884138834,61.907967992435466,87.5102023422912
131.5762414053849,58.224010234541296,63.72420613847256,87.27447014181857
131.25562029715863,59.09295515648143,65.35040173626749,87.04878363096866
130.29616723068943,59.491065079296405,66.8061832541467,86.65384652296285
128.61191439966845,59.29919486810512,67.8944227562086,86.25112664102815
129.2468699776833,59.313263213032755,68.99408464507644,85.67597519533493
129.11471782744457,59.44668869265412,69.38973007351517,85.42856190655553
129.10025274179367,59.62765551290208,69.691269572926,85.4456091493438
128.25915990939617,59.97296253598479,70.37747203928227,84.87850784460153
128.09300868223823,60.04492443931015,70.73587513719389,84.74671899718103
127.68762696814076,61.76635148255592,71.01057191788037,84.54846765720905
130.252423472443,61.69796959275054,71.39459676645393,84.57505963053035
130.88560386312645,62.566174790670075,71.6854659790815,84.40650670022143
131.04302866277155,62.41979451921906,71.81039617064744,84.26361930325889
131.24542429302457,62.203501841594544,71.7146138850295,84.42424116022426
128.80514870456759,63.000715257299575,72.06528253300218,84.31999377300156
123.56220614524983,62.25307471407133,71.98984753604981,84.32539405264987
114.7081636338154,62.84675946406634,72.63311087733493,84.35768584599074
108.58307574389563,61.547698024756826,73.40622637752674,84.09186848772188
104.91365223193603,62.06183173421417,73.99844824012717,84.23202399526059
98.53543578833725,62.9405949467331,73.58879369187979,84.4795388668465
92.10722217429195,61.882639323681005,72.65507706629671,85.37066002155382
87.61604045254617,64.28935419746894,72.9729738395723,85.63581613033702
80.24723991699301,67.11523284987878,73.15098291395485,85.77808832459218
78.42157848857268,70.31572034198803,73.30834398802125,86.36419738907755
76.68825769795191,72.8727120661421,73.39188809673996,86.90734609667962
77.29641060825327,76.74565786482535,73.11157364478176,87.56529967176823
76.94279301516588,81.2608586759433,72.85262177696409,87.83765404917175
78.3094001218557,85.48538366001642,72.5929965176635,88.09588974442033
79.38042393064757,90.20973462927766,72.90046303168204,87.7593740117504
84.5386486038936,89.75916527527374,73.1551436850614,87.32141007550452
86.2492287366249,89.20583180658846,73.16315920338444,87.64375165642117
91.67664598090843,90.228452323031,73.78570655852813,87.02242453971584
97.73475644144236,91.54695613863163,74.54878263240005,86.486401196113
106.76856159023804,91.31758076093602,74.90838435166015,86.18884414788371
115.07089747883572,91.7794579559281,75.13893220649332,85.55728502799352
123.06156014646635,92.76525010914172,75.2508103011488,85.25492552128176
128.09856594312942,94.29750309133244,75.28552348776984,84.95853849228999
133.77260679763765,98.37684052590751,75.14347096012997,84.74507220201491
140.0600075673633,100.52924420471565,74.87186880757525,84.44426312521321
144.1933776919002,103.57900973555279,74.76064186973784,84.01854284068529
148.47992942558832,105.38810059456192,74.50127869941804,83.7222322466163
147.47315706284405,103.6830301855525,74.17991195522907,83.76430717054723
147.65759774575358,103.943847077014,73.80604913505556,83.9436809052138
148.8514777614341,104.60442889422887,73.70944380425613,84.0165092747904
147.24026067125885,105.65295383746971,73.5962915825558,84.0176550352366
147.28127140868907,104.86646015146458,73.5208092619668,83.93137696164447
147.16672560725254,103.36350935119931,73.46687638390392,83.77983019810213
147.5051491896792,102.14460992843578,73.27250600969614,83.83823318113112
147.79237541984907,98.79595492259075,73.38225219373956,83.93926096899386
147.39179007400804,96.22548707121817,73.54811843933788,83.83033771807987
148.5855653455068,93.96630952851316,74.03484747998698,83.63928767783983
151.41553165238668,92.83340326557772,74.46623126876695,83.62091868465434
150.36580274770594,91.00488386595168,74.75384493434085,83.49757396005782
149.83208575711555,91.27637396977845,75.10654603125947,83.16079813332655
146.20710085640044,88.8487351033216,75.00224675807125,83.31063943010534
140.0707509650073,85.12506832963625,75.06099451481383,83.35101089260837
128.25691687830707,81.7820921750608,74.7474153269988,84.00802332262843
120.12226584664776,79.87227641582767,74.75017817697136,84.28212250786433
110.85169152466982,80.17269486096569,74.32067709728275,84.51888832630908
105.31482150405293,79.67154972446792,74.80032462799865,84.76049107969786
94.33790925911993,77.54764310829144,75.20131017441649,85.25397901160247
88.50686823519278,74.72342017646591,74.95264652247408,86.11978933502111
83.04019719557076,75.61812752003502,75.30888314840115,86.65001959286664
83.14843365203345,76.56568934749231,75.19958319611757,87.05621211227773
85.22848038978671,78.14652833148,75.0702355185316,86.79190375592583
86.15424372623673,78.0855778285986,75.10980725530194,86.73645385616481
90.32427132988767,77.92615189032603,74.65303095841925,87.00141331025411
96.01870092818609,81.07136576897477,74.76099505179155,86.89114646756613
103.148234937864,78.9995319816802,74.73471446515562,87.10122590854942
108.8361747761705,80.04578505762757,74.7995082345549,86.71291561241904
115.30068414213098,81.01033900968818,74.91448684142748,86.12010855424299
118.21434925662412,81.59220878533709,74.7766195608531,85.86549718176553
123.51844736054588,78.98246660519979,75.06415543649655,85.77674125009555
129.5547064374446,79.65116761195176,75.19981625235818,85.72398961139044
134.29356436357915,79.06760562141453,75.46549036957163,85.27182693390122
137.86773314593913,80.12411509507002,75.49423451614592,85.06568645999141
138.82155895425004,81.71292983874132,75.25358505673768,85.24919158647805
139.16322361630165,81.23751789852668,75.061050531841,85.42726272377826
139.31852536371179,86.17232802965437,74.87498934473517,85.35436278848559
139.0292555172544,90.92573765655581,74.70025138407095,85.45015604910947
141.84123777445708,95.83910632814022,74.31074859473097,85.2099177767854
140.46248623072827,99.77129294492292,74.58949598405464,84.87420286997894
139.131292361916,100.16457976525123,74.90971721856042,84.78744413066477
133.89884844531144,100.6493086622699,75.24257095418079,84.86569595691525
127.42799698811314,101.32614586516632,75.50864872751028,84.99008682129102
119.29195331810229,102.25146251582842,75.92839965624086,84.97094733498966
111.24691585476813,104.66795483969946,76.23172028275063,84.90733221524312
103.7407281158655,103.0522638621283,76.3162280134095,84.89487722510856
102.02199793052841,99.6614669733828,76.36926273385387,85.18248243970949
100.45275654767735,91.8983877875385,76.618104899436,85.32059828999701
98.47733823015025,81.87652161921602,76.55229257871133,85.60620498594892
100.65391144116902,79.95206474677701,76.67377166069457,85.41833711230598
102.20182394529836,80.26873194598888,76.6774872474796,85.05673632541163
104.86644583908473,80.90711995101451,76.53484106453405,84.60675388836682
108.51776150926793,80.4519826166539,76.61386524729011,84.16632289659083
113.9946419996978,78.0555709893654,76.55808024572312,84.33716179669145
122.57211275354477,78.94874026258266,76.57106418025941,84.30124279263032
129.2766805675267,78.411005397584,76.80713820170706,84.44571598569468
137.7540243707991,78.2919704382588,76.75065615733183,84.60740518331568
141.8757757925406,75.6624312000054,76.70879106683176,84.54256274910006
142.06550078161933,75.43120381058272,76.42748753988201,84.74985467048509
143.63464480487227,76.96380545701953,75.77455287030534,85.12172544818574
146.82586910679015,83.14088518227321,75.3322878923787,84.95702957560945
145.83833448901933,85.19232149344195,75.54717677679986,85.03923079340163
139.9713031961952,83.10986943892962,75.88225594793977,84.80377487274546
136.648185844399,83.20576071570453,76.30780535444356,85.09454555880552
125.2364121848279,81.66711185623492,76.44488574956134,85.84636831835407
117.2431491144134,82.52398594785332,75.97071277057933,85.65954729704123
112.04475356225198,86.08914216277459,76.06599535932978,85.30929567020607
106.44365949800223,89.6488640870063,76.07238143017611,85.2078439947287
106.35112759038999,93.50207543499262,75.5067162670297,85.17623732307553
106.34127046805618,95.4974634265898,75.33265500598426,85.12437652476166
106.59555014692216,96.73403870509213,75.34349344132623,84.97500081627699
111.63108034387415,99.32470009951915,75.55705230871257,84.8952778737872
118.00919833561726,100.17648439413693,75.82757956030761,84.9558692209771
124.72931690600275,102.0228290742034,75.91458803396122,85.2436790052032
131.78412605071765,104.8283871078335,76.1465238654666,85.24780338040964
134.17811050950996,104.44492018545226,76.24411202962092,84.8724101705931
137.49117756489946,103.2413045144414,76.19141561971833,84.59943844796203
138.0224139949055,97.89939967222695,76.171001218324,84.58352423468793
138.78437924665386,93.86767731257488,76.49876245620756,84.32751191077531
138.77972633918844,88.79122508786935,76.66876099848565,84.26777285077321
139.3623717350497,83.01401610805809,76.83309850961265,84.40665973460929
139.30255989939195,80.28859174245463,77.2481700725069,84.32896521420547
140.43826536558225,77.58793198755133,77.8983715925365,84.10602166407392
142.2108650119686,74.85532318404043,78.63945016972542,83.61342142918646
143.00964405526898,75.15333345469126,79.04707673930368,83.58353312228053
140.71317290875479,74.63462207830548,79.51109365145699,83.22906110841879
138.66306270492345,72.93445078445421,79.43632966185982,83.27627162452393
136.79860939721644,70.93592178956821,79.42057365919948,83.34726681091564
129.02111356066032,70.71032829061822,79.37673894767624,83.65737082374713
122.06376691509156,69.20251440572164,78.49652757458469,84.6075603300968
110.99709597935795,69.29513606174301,78.31832194797815,84.74073561646807
101.14194222674521,65.35789942458385,78.03033792674023,85.29502847373081
97.60661650314918,62.69765809679627,77.7330616267814,85.7646181538431
90.70295938921298,63.21989273739395,76.54173297823334,86.60016181892914
86.09478472673476,71.76445825430136,76.59429437618041,86.19697634314585
87.36479367691578,74.06442309301889,75.9745781901368,87.07289045081988
87.78857217012492,76.9187185896715,75.46182526874524,87.95585620399561
89.18426179763415,79.91421458636054,75.53255733832611,88.09772131361325
92.46451769727626,78.58774297861886,75.61773683326666,88.30456363548805
98.28070115153713,80.11947468828888,75.98841221870089,88.08022627911198
105.0923891905851,81.38008361550469,76.46470193711696,87.52751207126519
113.98528085337242,82.33920678286256,76.58249838294735,87.10199214599403
122.32687711710575,84.24188350001491,76.6932259028491,86.8258650649035
128.6361975145561,82.85249885146128,76.78565050186312,86.58498370505836
130.24640295979407,83.67874299078728,77.0184450153051,86.67388656497087
133.22189115661385,83.38784061166658,77.11898230605142,86.5141291728273
133.83110479353817,80.54210177598736,76.94166567935768,86.48582748253534
135.27976636523059,78.44164297332992,77.24805276313565,86.14355120326562
137.49109748494465,77.18080342434868,77.8295685231937,85.60758527446066
136.93572089806378,76.74575289591374,78.25003654716667,85.2161392590394
136.92756439863768,77.25021215707466,78.31383349596067,84.80116036985804
133.5580888256154,76.20294965639782,78.47251034681335,84.8267489920548
129.06468079559534,75.16768940321629,77.99718546373552,84.94937017614569
120.93057120008376,74.05731651382084,76.88044189305329,85.53121443342233
111.6388513722076,73.41242303168428,76.89349092365642,85.28388389712326
104.34429533326467,71.20055985062922,76.63296454796827,85.02018350170941
100.87752056650484,70.23207533056025,76.13702369470008,85.01419346801677
93.71404781431382,70.33483540020141,75.08175369077387,85.37087245613782
85.73194027130687,70.31182746753686,74.47768152176661,85.44208623374246
80.4670333498814,77.10091570485415,73.70534934854832,85.28391856930338
78.9479440374935,84.603479251513,72.9476060029038,85.26859618311882
79.14102730663214,89.02832345654858,72.1360407483784,85.40415123591384
79.05066374298019,95.00362855812668,71.29666416225955,85.5165107501975
83.81274874461536,100.17694570628242,70.65222604546221,85.89983245177496
88.02904490767102,103.00395375820375,70.79538444034475,85.72105115834813
93.83641583927175,103.39926592348364,70.67894677838858,85.36172966517111
102.89993140601773,103.70041573392834,70.81709083297531,84.96465681069499
106.96804583587141,104.12604834602303,71.2145433025558,84.53179602694779
115.58710611468986,103.37008289914743,71.01180055664767,84.51269222165052
124.40056957092787,104.11511731978872,70.3085811034146,84.90388317398398
132.62815623595762,102.01025696734573,70.05088543992072,85.14569340256202
138.72703637133299,99.11636996068749,70.28667703837058,84.72413312806148
142.2440132087421,97.77951789049754,70.19579639493514,84.58897377296142
144.74380901847303,94.69719912428317,69.61065719276802,84.71560220208505
144.1422484097743,93.58843206849369,69.61430641066886,84.82470262403075
145.1765094585046,90.63657240894737,69.34126537768694,84.5341523107866
146.48024083379892,85.83952017793104,69.41966425903493,84.2892577697762
147.9270199996471,80.53833795253163,70.41109824372718,84.19637312531722
149.49670543168656,79.4710907903488,71.25578042485691,84.093562120066
150.79214170063514,78.81502720497915,72.1455995820978,84.05501472284423
149.66976433507534,79.45735064765117,73.23280607625249,83.56102180344557
147.73914660588292,78.34890183649105,74.10925542608715,83.54973420984373
144.48509231677053,77.09333056258505,74.54123733434608,83.61590283246503
137.79741175184716,75.1162341969488,75.3233386020554,83.38137175540719
130.05033699504747,72.8364829262668,75.55230697009088,83.45528296452123
127.06435257787169,71.36937714133839,75.82696074481258,83.24823909025503
120.63104413401035,70.10676204909637,75.6700119895935,83.32433589773665
112.4429368642908,69.97230900765229,76.42414063981845,82.72926777758136
106.40677582737922,70.09900791980874,76.68136294357764,82.62836152163513
100.68189946460394,68.35315014270331,77.07376419967582,83.11848566341035
97.74713619975677,69.00189665315212,76.83938627366672,83.62899619602803
91.31179121966197,68.25117132834808,76.29844843011645,83.98424551258164
85.87503206836199,67.41059028361269,76.10341431322794,84.16791665105657
83.6749756559907,68.94011423345383,75.21393254260727,85.0073566093931
81.407039179507,72.08673609199556,74.85210952656173,85.93904001718482
80.26034391722294,76.84583202616058,74.68129266539016,86.65976076383569
80.79121285021039,78.3549486689667,74.36710574942606,87.3857692376518
80.55274322786454,82.30882343652235,74.042472235461,87.85239302505754
82.193809822938,84.19017653875609,73.61700328921425,88.40995887854544
89.24892720221325,85.17237499792003,73.63927720899233,88.5922142292535
94.76426472184872,84.81876996304855,73.74974189553966,88.46023089102223
101.25986842466068,82.0137303318057,74.15764332739582,88.4200516047162
103.96573145188064,84.47850014478057,74.78239031077513,88.0579374994382
111.12289918572066,85.22510639527397,75.58936139050338,87.26561811528228
119.48792422522783,85.3356067184002,76.0398176916731,87.10915582335181
126.54830329486407,86.60087407108051,76.33440208543118,87.160963572649
132.2602558164439,87.79450375519004,76.68428519508808,86.90838039546063
135.1248246066248,89.24704503426936,76.83020868953503,86.74764337740342
135.33977089997262,89.22710913787692,76.98361564177118,86.5061861354225
137.2174848607919,89.14000523830954,77.05359325999046,86.42892829357194
136.20417520593247,84.95328325587319,77.02358164807751,86.43052988141159
135.91477091846116,80.24282180575834,77.19956656732316,86.20393149648748
137.8808008713783,79.91280318897796,77.30601972805202,85.86974926565652
139.53033039137165,81.68161897010435,77.2676679847719,85.29953371205877
138.6532774233989,81.49207185827164,77.0916013313653,85.08745407804523
135.381686878591,80.00494140489238,76.7516705606883,85.00423021171659
131.27117463970117,78.68129709573867,76.42038971836791,85.39542520172196
124.07608672021198,78.09452504159783,76.04440676741255,85.46811484026588
115.19438678921878,76.75210636748403,75.90641339078735,85.72003704960387
112.08701960089482,75.76623409374812,76.14292569138367,85.88614409179013
105.59041159431182,77.13859140047681,76.51682450341875,85.63930831215075
100.62589953035486,78.38676001758618,76.94298971212575,85.30629248884338
94.57996766740042,76.14066456041695,77.11287706643148,85.10630676005832
91.1683944532493,76.06145888211869,77.61460452978525,85.37819030526919
88.59628817229087,74.86536023950124,77.53835866675493,85.71480793475902
88.10914180547906,75.47222633368584,77.39619183653325,86.25404052481395
88.66109862414754,74.3334858306956,77.57409128421098,86.54225977449445
91.7300659631748,74.84877378138,76.91170874571876,87.10923106214474
93.26499008442237,74.37652884815884,76.76930591697979,87.20588213845497
99.07104564516004,75.76600775659904,76.6321885272206,87.17370851442242
103.62828176163164,76.02413067798709,76.75840318847693,87.00051073360967
104.00726491470559,75.17687569090607,77.33852130735414,86.66001183162123
110.37927463271159,75.42124418584484,77.4069414974912,86.6246206211031
116.19763934903722,73.93075666101421,77.24502098654324,86.90016192613862
123.40906388698585,72.99473067613489,77.33783793141718,87.08606716113422
129.5719792017292,74.03686131483713,77.4739770987302,86.8198475519854
133.24690723160074,75.44252805518096,77.50092985433778,86.64054891205882
136.16314636213798,75.8315634022986,77.58556025026618,86.53356916558215
138.02389744725633,79.09729368178938,77.63080857181443,86.48246471575283
137.65679299952666,85.50432425730682,77.41727521863893,86.7170158008611
140.42693354433615,95.69199176793022,77.26293476191954,86.45856264017297
139.1263553675751,100.27459114390287,77.35359978784106,86.01758578101763
136.01627492040205,98.45776900134317,77.48556664663175,85.60955161934527
132.97325721728785,98.25135861213101,77.72396311814997,85.53110779609779
123.47356138649687,101.31944744953947,77.96456460591226,85.34026854838972
111.94468447337017,104.51298023923277,78.0493363801227,85.2313199638084
103.0363816281349,102.21231303229757,77.76085069363269,85.3381161266385
98.62744626273866,102.1271632606022,77.48228570588486,85.78488967998005
98.1095578814639,100.05409956702529,76.94257825435812,86.0329859892507
96.2295796697986,95.25682740995444,76.5183896011327,85.83729666792037
94.71891614844077,90.23672802492193,76.38537580559279,85.79331850413277
94.3379003324493,86.35657479219861,76.239748632077,85.57883753252315
94.24836575521553,83.53236080220636,76.59159156424953,85.44032780939318
93.01065153148954,81.00439882554502,76.71014874462962,85.60815005809532
92.60930560266527,78.83484000927979,76.64053231003015,86.21467989575787
92.1189914827265,76.27027353629025,77.0564034518547,86.06137509255845
93.3597184524239,74.55350155575809,77.3417334951138,86.34515944893081
98.38277948830543,74.95046041474733,76.97889780645284,86.53830583731676
101.55882936528695,74.01268225668487,76.99065805186082,86.33610771559799
106.9641847951969,72.17669384404262,77.37733614452367,86.17357437098045
110.05631130277004,72.260282443168,77.69807597570816,85.99641842737157
117.64858494965556,69.6443467995156,77.68463408401377,86.42964994635201
124.645025851253,69.65235314899675,77.70399264478807,86.53453955899238
130.6441047588551,68.6503717296183,77.55209901661594,86.4621065334463
134.35403960870906,70.94807659203684,77.57887433839969,86.21460843171945
137.17497479053213,71.41777935303114,77.95396556898473,85.77060352425896
138.22480829781733,71.81998854263954,78.11513795325746,85.6642586252014
140.26145415964226,72.0880197713462,78.50717150955714,85.22178331786023
140.27981344067734,71.24888792160286,78.6571620251868,84.89390658092356
140.67634432880362,69.65455487972622,78.92824450728781,84.36556913621142
141.30742060976297,69.12737045183695,79.11282088971129,84.09392529620068
143.07569462776235,68.11869193689698,79.29077400397395,84.0742741065761
142.99463202280486,69.65634607728725,79.32903788760746,83.97604857109914
144.06084002763646,66.72334315020619,78.92938480821536,84.09145761234126
141.37512116409528,65.67193394135917,78.22484292723064,84.17573622292522
138.19131927087648,67.12532024073815,77.5284441773934,84.33207282539905
131.67462464214566,66.24809440809815,77.47738727971691,84.31910536602902
127.45111928643149,65.45268110163258,77.09217212654677,84.02961079625977
119.4825630394736,65.56952803310784,76.07512943073095,84.63731602613011
108.43015375446808,64.73787604979952,75.82341212330884,84.55419511718985
103.84361849618625,65.91961770890326,75.40677213565482,84.90899453205307
96.12616721158962,65.51414483473079,74.93721348170257,85.26639865141402
93.50913944567083,64.09878505418864,74.27012646298147,85.62483571254387
91.93583086874477,63.515698139675294,73.66091789442518,85.85266147729658
87.93792636474174,62.84286004874774,73.54813479872182,86.06104191831497
85.99855443524793,61.02496229834289,73.04401972414868,86.46103593772928
85.565099216417,60.73279908423317,72.34096836158302,86.85832726611598
84.65416844102319,59.6948176033691,71.76315244544637,87.28515834280012
84.62580910362485,60.7816539477667,71.55672228220196,87.40460743508558
84.51917141855812,61.74512208606408,71.55714300632567,87.78650624291966
86.19162694875943,62.224947899232646,71.2735137160548,87.92191747537461
88.93507776342082,62.220979381710066,71.26394210592461,88.04332781331178
94.23557141522988,61.795787640103086,71.6498401014997,88.03835082349642
100.72417947143029,62.55014667579685,72.55684088827881,88.08360824280456
110.53098418680437,61.01855143030485,72.85597902300451,87.86381608216692
115.05934707643655,60.042464167373716,73.11493350491817,87.90318272623013
124.28502240028692,59.58003555308849,73.56410616601319,87.58414853575445
133.0015854972388,59.533177943432364,73.92752821838552,87.34853916646142
138.90389440648457,62.92587896111871,74.52657409675014,86.79078823590285
137.76360308559455,67.36003017556736,74.39653558882355,86.57575279582056
138.65041827220193,75.7617914650553,73.80641341951602,86.48981477780623
142.2254889599182,82.95652532012713,72.85644758039166,86.43913116163544
142.5211169291694,95.9516343821365,72.42037565938324,85.86695321892736
140.48980848022518,102.8585679045936,72.20157139650078,85.19606257196442
138.47120424445967,106.81451830470984,72.34561428908063,84.72660132511984
130.05115595693604,108.06666358203734,72.6411355690664,84.66675613412121
125.23816098023327,110.28504545268198,73.47513185857693,84.41128263433401
109.25474073355394,111.34613818876481,74.50024397879895,83.94417519104903
98.01452068889975,111.64348237796453,74.6364370110802,83.82099420399877
86.78749189879412,111.59775372242815,74.66257294221985,83.45050909302486
80.52830954593392,108.35673532361163,74.13634471116723,83.49813459354047
76.06697194364,100.2584704118456,74.20234531723634,83.56172424789462
76.4163054292716,94.72925209093998,74.02538724197252,83.98225160189652
77.67893617155951,85.97071920494642,73.77912833632007,84.59731400545273
78.1749472268136,81.48687864796827,73.93365721293873,85.24789941563003
82.46046393481528,78.02338300219148,74.08471422549312,86.2637150822911
87.09552685708647,75.62374234468334,74.39519424546667,86.58364590048596
93.86484408814252,74.5599302415002,75.189476341376,86.47493389638743
99.58683488910597,73.69461153637066,75.69796330587202,86.88041429968504
109.3418610699009,75.75173933695707,76.13489375929126,86.76445432105822
121.0919459708013,75.43211926981606,76.42848383180966,86.8539547452954
130.82808427216392,75.92639009144509,77.00081061432012,86.8624922366258
138.71559272267282,77.33176461516499,77.32765237345018,86.14771091170327
144.61136853378622,76.76488580767774,77.47815736797791,85.58105159369464
143.71433980418612,77.14648292961071,77.49299174209317,85.20273063204891
144.24226975232287,78.88107879542153,77.2561008760801,85.27327692346468
144.91614095772803,86.04574596387886,76.90828810590787,85.43831405088451
145.48256260383062,95.10317972601965,76.57697546110197,85.26697744698969
143.03728628577494,97.72129138638682,76.43453828639652,84.98654751764192
137.95384213625715,98.19182065686753,76.01173684844278,85.02874110918518
133.66542709834033,99.14652462717375,76.05284937486968,84.9292489900379
121.30976669643925,97.44564103457415,75.53806649753415,84.82574570301666
112.11268698213485,99.0352525238927,75.29914226179191,84.85495878108772
105.78663434156893,98.71209478975068,75.24406035367636,85.00833096021663
99.0804941886223,98.02411381866247,75.14775308323183,85.39063686137074
97.75837788020291,98.40255283587024,75.29696426074354,85.49422754962542
96.21732146977737,92.45508202379474,75.29589299574167,85.76952928703729
95.604889625346,87.46294899345752,75.31631635239296,86.15118699947206
95.6236921718965,84.41005500360382,75.62939403510512,86.12776869908704
99.92245450101149,81.25204531446988,75.40196838378853,86.42624062717252
100.9859500360706,77.20362007967898,75.2688143852969,86.76222643049489
105.34181034140101,74.48154043110675,75.08927351054164,87.2479019753799
112.01947942708077,73.9094759256543,75.56402239900534,86.92353101685607
120.98668665894112,72.33893514523426,75.30813735351802,87.0159326219192
131.59949787243994,72.64154428358096,75.27175525924756,87.11908628910822
137.87335229749678,71.19461979504094,75.3929844922098,86.90829279095098
142.97992698169924,72.16584370715746,75.20849862044687,86.59380003046155
143.02108234628417,73.45634498935976,75.18261703488898,86.54425508755148
142.91743932268298,77.74176708622815,74.99106023153925,86.68299408746913
142.9772715076213,85.26788844690456,75.12276803136903,86.31421864968675
137.66391676737823,83.45067684684574,75.57592698946925,85.72791898512264
131.1345505870225,82.29858629014994,75.21854437891815,85.7736088750319
121.02943872636808,84.6307578194957,75.42956826127111,85.27409835633938
117.28739629495857,85.26701693638903,75.59734545752445,84.72300670165885
104.21944012639699,80.89033494288283,75.80473755427444,85.4779081865471
96.90995682609461,79.93350057585643,75.57863901592188,85.68794431892135
92.80365571854671,79.30790132706915,75.67160771657086,86.2903078621701
86.82376336555177,78.35210533470159,75.9621664530749,86.29384284548144
84.61593552158155,79.17293614579496,75.74754624982279,86.51157111726761
84.27805802217473,80.29858843506089,75.22300302162611,86.69271019940456
83.74290506896703,82.11312587907275,74.24814865606982,87.65597287138881
83.71014509844102,87.41343004526532,73.79639543865947,87.73916306992842
86.45408638125355,88.34101190089746,73.3879414279081,87.92264359551727
91.66268505390053,90.34396506877583,73.56537189103761,87.02056995708236
95.2072395130078,91.23085966288028,73.72884770250813,86.54594861496274
102.52059284871945,89.43278517585595,73.92367367625138,87.07998615152255
110.34670846033106,91.04059274373964,74.31376593668892,86.2578211680966
120.34149320787202,90.09994017776675,74.2988558302027,85.83972015854843
128.33412022089752,92.53394925823218,74.32242496537418,85.83906740327063
135.17101640674133,92.18653488995015,74.386578606011,85.39419747748892
138.50090782134072,91.1407905818429,74.10488076835213,85.52885936303173
140.53762640090073,90.80219382885136,74.26529345348935,85.55875594567027
139.59746841005207,86.18443562048806,74.74241136761725,85.54215204744605
142.45208726118878,83.81070251784234,75.00254384414626,85.18211354079418
143.59168705196117,81.07038861620796,75.2763166108409,84.81173527770729
141.1932847900823,82.24388579255869,75.85260485829649,84.54335833666974
138.99403604954603,81.27428459078351,76.3663881354972,84.24406154163056
133.6399481833164,78.07191942906866,76.16996530544554,84.44214350927832
123.11509476223654,75.86369272102061,76.29247740763617,84.93940739704186
115.52845420360251,75.45308144360256,76.7719371546633,85.15263119198224
102.81872921308205,74.39277993791468,77.3892386834248,84.98057548610484
96.25007012020365,71.78895290161854,77.29054104181371,85.59103452158294
92.7078748532227,69.92617075892048,77.14978142146693,85.9091595990179
84.71064688813559,68.39090084323519,76.7360448763569,86.01377618246957
78.80362236960387,68.32599416877511,76.09681889992751,86.41164002355936
78.17045011207287,68.65515123807953,75.4791004349124,87.1007934353529
76.12730854028081,73.30158324575736,75.17721968063752,87.38783354831847
76.91998826863355,76.35285754114929,74.81758087295658,88.00997029951688
76.5852929908117,79.19974154715209,74.98445583128951,88.19036261504348
79.31296577163315,81.28554719447729,75.32647582587218,88.1104214001678
86.899020557626,83.20299367802068,75.5034164521085,88.09513462303399
92.97023788203214,86.41681037248293,76.46307428038949,87.28628723241455
103.33656983853092,87.0234990664186,76.73433100337662,86.74391854160882
108.07033551675582,88.53345448772902,77.27943062557638,85.84219063554038
120.1249697910475,87.6433568962185,77.41948858226785,85.44219808989432
129.80869111738912,89.63106289895184,77.22755926754668,85.4495174057233
139.44946075916994,90.42860748478729,77.30129537180936,85.19755399005439
144.03393944390078,89.48247203662154,77.0375696257239,84.90084847189469
144.66548540770242,90.43642308845267,76.66686246630081,84.90032423054207
148.08623006282266,91.44876042582565,76.36659283087018,84.65514400904416
147.35354730801546,91.12166413314802,76.37212512038336,84.40464903940466
145.9613822908363,88.87753925864156,76.4711946270599,84.04351566734263
143.71938660548548,86.1024197955322,76.53348674783446,83.93588703498823
139.59935867213852,81.25422070951123,76.41458571983091,83.61169386118372
132.60054166447514,76.48718926620339,76.78012582515915,83.6000511482967
128.133960298063,73.42321271056254,77.00830765309843,83.81577544129922
116.43446844409874,71.77985639769022,76.81548432665141,84.22250286329835
108.2611825105189,71.63334732091238,77.652289449037,83.69101672274944
98.92817560036858,70.10111116318102,78.19649808130157,83.51046656980398
93.25808405683834,68.39207966851191,78.37983316678722,84.03698795511306
87.41148148664634,67.33906007218397,78.00110391258215,84.08606095979066
84.36479049939845,65.53086485094543,77.89837037142799,84.39571432510854
80.84525723337286,67.08306296248661,77.5143414930148,84.98189851115845
80.11917086455077,69.0498320187335,77.14319233021746,85.60447542537136
81.62784369048455,71.88240769888738,76.5758792668713,86.5392666468521
86.9983925173814,75.22225240170735,76.20892592100519,87.39869220456745
90.40311875406296,78.91353858048244,75.98849963847218,87.49649491937285
93.97127254533989,80.33575543164977,75.67431306939076,87.58863853566393
99.93364097129063,83.31281781556407,75.99370978535666,87.50018897102865
108.95136777700404,85.94580873118493,76.33419154362144,87.11072021523009
118.65103752913662,84.05219091503147,76.49435442599273,86.99890608052388
127.29165088953518,85.27774337391449,76.90589221887345,86.94994284657709
132.35282043087676,85.27630198592495,77.37391786653058,86.76978372092478
139.81429313840437,87.13050214421348,77.67154188837658,86.40201221190691
146.18498967915832,86.21444751924561,77.96418205262165,86.18498033746019
147.35984266578185,86.1726622023044,78.15348782292945,85.84400140588929
147.36647373004394,86.49119195023631,78.14957757834418,85.63886696775549
148.35537530785814,84.82367359638407,77.96784071922228,85.47234388491523
148.7180517859406,80.8459673584252,77.6983608643049,85.33491127187978
149.36055999753987,78.59219724203027,77.59482009202323,85.3626305054165
149.0145736690231,76.88253041893812,77.63554032249242,85.1603931002904
149.74374516619838,75.02607934216513,77.37189615967245,85.01964662277248
149.17916892468605,71.42875987479275,76.66997992063838,85.0139151187539
148.30366904002062,67.37332485840473,75.80659528914623,85.2837244023122
148.855412701312,65.59656143212439,75.02745586633974,85.43106507495109
150.1846532367067,66.28342378800305,74.4989410248886,85.51847082258467
151.69180172086732,67.69877556357307,74.13119439155426,85.35864539180605
150.7149978899412,66.10981374258603,73.17485922336537,85.63570354203955
147.35443692758417,62.75629470774899,72.58886806014269,85.73095391559886
146.58138716929545,61.94025196289893,71.83563127461103,85.71851550864994
146.68914296838827,62.77552736899983,71.5389376519542,85.7496762807476
147.54693380899175,61.261637399774045,71.24408475703231,85.65915796808804
146.72179868586738,61.97440594144432,70.94599650908928,85.6721275240456
146.77775384858552,62.36897207889598,70.61696735962354,85.67924484347412
145.54754749236685,62.2152192627688,70.37066728329668,85.61654640961282
146.26494434756407,60.620892667824535,70.62737113475902,85.24797130022148
146.20058091622712,60.69262119231357,71.23784639229596,85.11673492232512
147.10669721135213,62.473675915082126,72.24500345023665,85.16471588993153
146.15074352522333,63.243068052743574,73.31627070201584,84.56207003252258
145.57624657987301,62.66060954385267,74.36671806342379,84.2442963673449
145.51125503477104,63.62877623742043,75.09912506278089,84.03400406290079
144.5605120541764,62.70846171370651,75.82843967797768,83.92496241743746
144.73474975662072,63.64088999098682,76.30866479546533,83.50398898368223
144.68806713491287,61.78879438334093,76.22291659943096,83.45743271851126
143.77874738293065,59.89624615659506,75.5104557494448,83.68080187555894
144.1862624417616,60.27730262246795,74.75269781193975,83.9831154638244
144.73434130821488,60.97767080665244,74.17686760895977,84.36122901510262
145.0981534631011,59.619527197769116,73.65721657860915,84.3557011591023
144.88837472970076,60.58394858634694,73.28659043114256,84.56731571778356
144.89537479119363,59.87560124394067,72.89726180760455,84.72004425124659
145.34090708338348,60.23967931442329,72.68185283112244,84.83963449875567
145.00216444089995,60.41249286551749,72.47557148795201,84.82635837945298
146.01398186795691,60.2512945857665,71.9664540489379,85.05208296165034
145.39954429867146,59.54440214630787,71.7272788457364,85.08299644318681
144.63514294494593,59.53182094806506,71.50088502602065,85.0866814078592
145.60947188936504,60.10427838728231,71.83675900767997,85.12137769435577
146.0256094726411,60.95368473906686,72.85558067828403,84.81831933531319
146.42279597875864,61.50389652232508,73.96531903425294,84.60843660072567
145.84778521255885,62.311279161147084,75.08632595979554,84.39839720971
145.42842202345332,62.88828634994816,75.80354193611169,84.09146969121937
145.08267100870205,62.73981649137646,76.34521204420398,83.71884088285233
144.9346062751715,62.19270816570809,76.71810477733486,83.58164891052654
