319,185,67,56
318.0231082032427,186.48920505347778,65.6143894110795,56.983762153654936
316.74765402483433,183.5281922481395,64.7962999955746,57.62142406274806
315.35550793625356,183.46473053831727,64.1509831457827,58.01626977968523
314.11292850137175,180.68866950498918,63.259734544712686,58.8385523477394
311.9172914979724,179.15065286612443,62.31391447561383,59.53038367991728
310.82010842960443,179.04051654898979,61.78241350006041,59.88206511452019
308.6040919373035,177.81344970601714,61.325746385323484,60.25174747582216
307.1003921247062,175.27092680785614,60.79211877647661,60.68495667345415
305.7997079920379,172.36488478957767,60.191407148895266,61.258531786780814
304.33868220421823,172.15744310056556,59.8223832050696,61.69778350388745
302.1007847151935,170.73749826286078,59.594418463159954,62.01012746895202
300.48042433171923,169.29545469488298,59.456937134846655,62.280498504603145
298.65409251524807,167.99046680600364,59.241068675185765,62.93457069452303
297.7219019959394,167.8302429643959,59.41318638211706,63.13443558182874
296.01573664696593,167.16213971662847,59.66943639720074,63.161640706219345
295.2042515511212,164.12615383401734,59.54571058816204,63.79850559488411
293.2880447537734,163.5783768544875,59.60387426630054,64.1942804811477
292.11971852792334,161.9432956176089,59.67762525488086,64.78193362830507
291.24839659436884,160.751875143199,59.706943969936205,65.0434824724905
288.8872196723846,158.9677719451742,59.519348795028044,65.408894317123
288.4993317161431,156.1265999253591,59.009571278752674,66.09373962423358
287.8303492481497,153.94482016239957,58.46013897859219,66.87316289081974
286.9556376965476,151.38133192916362,57.74569876787391,68.2097416220385
285.09479754251026,150.6615991368062,57.4531727030527,69.1385896218597
287.8631764072443,146.69804558371152,56.332462447776905,70.4745755390825
288.1032748189065,145.4774986174854,55.05042738449696,71.78698455495443
287.4638776156797,142.16072761299807,54.164248891917026,72.8600310981389
287.40805647580544,140.66338641092446,53.47342813673362,73.83211891650866
285.5171351077599,136.98159502683282,53.56268832616685,74.37577863221156
286.12805702864677,134.6461909528844,53.5398199993407,75.17739769835427
286.9638053514741,132.13206738131015,53.9459823427153,75.42604444310435
285.18048791542554,130.08231105551477,54.53737013208158,75.3567142823469
280.9559743035549,130.67414862588066,56.490149837254094,74.41861496006389
278.72362909453346,128.11877670927834,58.50229806732536,73.33220101898246
276.6058524165216,126.0414367506757,60.15092769759232,72.00226926643666
274.14445469326375,123.42503742984889,62.03969799385058,70.16818569403667
272.03657666067863,122.40863346816295,63.62860074424917,68.75119579552432
271.1809180437778,122.29662040646514,64.96372002903836,67.80188727932426
271.66263899272667,120.86835958052056,66.10619247376115,66.94345351424371
270.76390226782,117.85493249522264,67.20312262670393,65.56376498265627
268.57893423777654,116.85140370440539,68.33793847484212,64.91209295405149
267.8631925035561,115.85226328501525,69.28528006414564,64.03516806383466
267.6367161532915,115.5469153737096,69.76687171821837,63.35282694507687
270.3504855738102,113.84081027324699,69.72460823365554,62.91383235125673
275.95022477210574,112.7071462786397,68.59371417562264,62.979779281640205
279.37074314370324,111.87673321851636,66.98299561862495,63.546561500546595
283.2224961984665,107.28707799733532,64.6472196778677,64.90521028931997
283.34347457761277,106.44953246894153,62.977704860743685,65.67884384221172
284.13728301834976,105.3653497821953,61.52462929523642,66.28190522558629
285.49403035644025,103.07912154095374,60.35527165623712,66.26374347109548
285.0598643449465,101.51095331818973,59.34456260287692,67.24226019431774
283.59948526635907,98.85163906968697,59.43474448673363,67.66008561216557
280.04192680241937,101.25139569036747,60.48549673782053,66.93290129037644
280.5372925171244,99.65913284790892,61.10912253396556,66.49084266870527
283.2685461597224,97.98744654923507,61.47293889212136,66.25905355375488
285.9871700019321,97.47933920185847,62.09729012895425,65.56908932024778
284.57008338348305,96.01925852964118,61.855761217171235,65.60964529342901
280.89036295031417,96.49914990322384,62.68650777439949,64.70188096445453
284.9518415058757,96.71773962590855,62.68070448826466,64.3201743984543
286.87677217938824,98.068520587335,62.34738434150927,64.04069220095055
288.55905315370944,97.4037299089868,61.403601556590445,64.93424597139563
288.5797751691529,96.58127824733252,60.694156250632204,65.58273374303533
285.70885119576104,96.21301757066149,60.577559089900475,65.67250678430874
284.2368020134584,95.12380807252634,60.92013565504732,65.38007077112495
284.3644911770263,95.27652337959995,61.58618521023611,64.76648035024985
287.73429191183504,94.25694281198759,61.286832934776285,65.14415805184055
286.6753988550497,93.54108547563104,61.16651549055264,65.32064420014503
288.34749354115706,92.81211747113193,60.84182313060028,65.4859956556676
290.0724552282651,91.6045824780779,60.482286154665886,65.76719439872456
291.4451690471359,91.16712908688757,60.07951332748159,65.93919744349164
293.49336022075425,89.67895170377727,59.4711843778249,66.21988551611166
293.37146511987066,89.52415230491033,58.71322885177858,66.40912326185699
295.44621310611745,88.25424924407147,57.96787316098937,66.5359658728665
297.39087792807624,87.19566063419292,57.2266930613994,66.89803663104769
298.6006578481376,85.93921085465519,56.508076546899275,67.08051521104919
299.75326884455484,86.16703177655954,55.95862281223038,67.10159544403743
300.6810375498727,85.45502242307134,55.256248476182954,67.25970959649058
301.18277935983076,84.92065684633262,55.03361863436999,67.2713625621256
302.472690925399,84.28259521265286,54.46653317527587,67.40197566917635
304.75932395413497,83.5858507070475,53.557476982607724,67.46325269383496
306.5438719002338,83.16866556888239,52.76596609171936,67.67658703635172
307.34158251285044,83.62347901352513,51.94279259220357,68.36882028213657
307.9558498964385,80.85014377072076,51.47760440948242,68.17807003847183
308.69010722013246,79.73224113951215,51.091086053777346,68.5110670939532
310.4603898806414,77.5601430532135,50.58384561872164,68.93316272356357
311.218862923259,76.03540151916842,50.28522915760308,69.16333385884764
312.1245954094297,75.74687516912317,49.946589641109206,69.47780999836012
312.89730269492935,74.3519046309786,49.8984044160811,69.22432374726633
312.1370926242498,76.41299011707449,50.20207915867219,68.72786711815229
314.44744469446476,76.05804312194715,50.22431781143037,68.7362524644864
313.5730700745782,77.1606516030916,50.350299338644945,68.28492924824845
314.229501913347,76.42165556273379,50.002553544836886,68.2762164893004
313.97746590641543,75.82908129667635,49.40938956702555,68.34150195555995
315.8449419096703,76.32147029277772,48.83518181922964,68.35241245857814
316.60865218464306,76.61937420998736,48.08130659399395,68.33760854369794
315.70840543973435,77.12861452218254,47.6227540840512,68.69263025602001
315.98650293405103,75.95900975388298,46.89472003676775,68.92958049471171
315.7311155931153,74.8213835600316,46.72701526447153,68.89899183895989
315.532588722867,73.98105414774042,46.61506752560736,68.69790898952876
315.2711858308673,74.68088097240168,46.46904974171221,68.92483340228645
315.7219721521094,72.84220844092687,46.06387829181375,69.13623396214112
317.6023265574364,72.9519333733483,45.53376297833263,69.1546726820489
319.400033409013,73.37767014601145,44.627031035319085,70.12207600523828
320.00016008990707,73.9518996948306,43.88965656136614,70.36227412340489
319.16034999843157,72.05137578247897,43.7579200896505,69.76433045996461
317.48519615826143,74.04364581376296,43.801784062983344,69.89856534759383
317.51248647294324,75.54580981571078,43.56320974459729,70.79527470708707
317.7580336151439,76.53800372622032,43.37787804948712,71.54615445552146
319.66393104288295,76.9524533052442,43.018050940745965,72.37080086132761
318.96939445005535,75.77305191522231,42.781483696108126,72.61781413137697
318.91999323267174,74.01372650739164,42.59805565231919,72.59139386161908
317.6532372454551,75.27472533404,42.89468872881686,72.52084233646823
317.53493457697573,75.73447680866212,43.509197367254274,72.28205525387821
316.01005352634127,75.86915809407168,44.75800238707339,71.96073680481865
315.7081356646201,76.74274847536017,46.04634759425137,71.69353570477043
315.4846306344234,77.81203861167862,47.49623499575835,71.15503400995804
313.9687023602895,77.75780497432673,48.40302799533919,71.01526230410062
312.7196020613054,78.56565738993658,48.86025745406304,70.91631664959013
313.22443012523115,77.732647803724,49.27347346755255,71.14831869256632
313.507837929912,79.40624007980136,49.84095381996858,71.31575914825247
312.6038745324057,79.00468358222541,50.030856010799056,71.82335882238971
310.8607139273607,80.60447954986734,50.29076240925929,72.20408947152227
310.5914044220936,81.25202008891614,50.88169948258516,72.2067338185606
309.48519800904273,82.86780131273791,51.49325281278715,71.86805236998003
309.50027193926576,85.71826284646637,52.18124604701958,71.41867465070567
309.64418805149177,87.4125699867428,53.169806906742345,70.79436160506255
308.885731963131,89.71056396668378,54.11144740961463,70.0448615871444
309.9084876964105,88.87037591003414,54.671103398145874,70.13789512307905
308.9841787497595,88.6201084820365,55.19444157529902,70.68953762402798
309.65327961670687,87.7237048731964,55.372483164282635,71.87667703938162
309.0837082001651,86.99420563517928,56.04741516882058,72.5089616010697
308.54354163322625,88.80768107671047,56.90299924117413,72.89983323247341
308.92351873730036,90.14462357985475,58.23472356658016,73.11510127262682
307.2993137951215,92.50152993966682,59.219332321430855,73.1066390162804
306.07086138294244,89.81548283590399,59.69255330571023,73.64509216279315
306.19255532189794,93.16391116037593,60.73383308399616,73.21453446166555
306.5579410304808,92.40950744415166,61.087815743389015,73.40457538772236
305.9299932505971,93.92844606280403,61.70944432963647,73.71074270647368
308.8498745780513,94.54891421647213,61.547195374626014,74.35915353382454
307.48522217124093,93.55135235501044,61.788693452268475,75.04741757044815
307.3520242671733,93.07649649722111,61.94931779509028,75.67814197300612
306.53626695948327,93.07862137189298,62.23415389784672,76.63267495534477
303.1605198734229,93.240428926754,62.33907328693431,77.81788631707857
305.16558637358395,93.73569454153481,62.171148794053835,78.75554113627223
302.0283558244009,92.25545988696041,62.57299372745345,79.47278765688553
304.7263953443435,91.04123980138323,62.669263977030326,80.0546776495756
304.88239930352876,92.30841179586997,62.652272219647486,80.54460393603085
303.5426739909754,92.2951051942052,62.97086718737241,80.5568663074542
305.5440921415542,92.79690875892055,62.626068971171264,80.73935846436292
304.934869757978,92.66458192771094,62.66328994624775,81.3247511152447
306.8118985814004,94.10985687197001,62.63839760316587,81.31675344177792
306.5147845872159,93.96692872325305,62.576724385526205,81.49450930526436
302.5039366120877,96.16288770235772,63.14859009186686,81.59291424296391
300.2599344518101,97.85797217871983,64.24244802126712,81.43613176289298
300.5781006026278,97.24155378893387,65.09746822088661,81.58862771043269
298.5847934119552,96.282217728134,65.6495176590397,81.82284960757923
294.2053052588957,96.70563056456808,67.30874628452261,81.39630251271564
293.47642736200225,98.01566191565988,68.8165527317042,80.9284803694345
293.48972868682233,98.45178878443534,70.20790022834784,80.61387716801033
293.22924649931036,99.26794146413029,71.16360305959515,80.18240543882277
291.05558675226746,99.75866498369611,71.88041464627004,79.40009743234148
289.6604162076201,101.44061756861555,72.57301840950475,78.4112194084433
287.2112105975964,101.1011566580259,71.9781259524743,77.79710068565991
290.5402549838076,104.05256610355336,73.22486960521529,76.69079408548916
287.23539787788786,103.84440980057666,72.635194598024,76.64925273350403
284.9897307891703,106.26861905558732,72.6018245963983,75.72000806756107
282.4093814181488,105.8063250888973,71.02727269323434,76.130331863638
284.9964639154892,108.07914973819,71.58079031306252,75.45112316963875
287.54394352749017,110.90141803043045,72.24854484589082,74.81990734457065
287.5817121683301,110.41031948142134,72.84220127232823,74.60407308822998
286.7793546316929,112.05452995915067,73.83815634232667,73.71651316987368
284.87761623379026,113.10143163592426,74.64911212220639,73.01140554089257
284.69631014328047,114.3920881050649,75.13216683213865,72.6240994512373
284.02629732863403,116.64244852034815,75.46568225324113,72.09330768761315
282.5601776820895,118.24832340362497,75.82823515783873,71.55020062062863
283.23036991475703,118.25916466238125,76.18754227061359,71.33297799191573
283.2767710916705,119.04155625974306,76.15446710983036,71.58153160625301
283.11891901060466,118.35564431076159,75.95908065485642,72.20862511018078
281.96922860659805,119.25792526430499,75.9083457829709,72.65047247308854
282.34085885204155,118.28803756118663,75.22620564396915,73.48665919833972
282.4008824567294,118.884202187893,74.25873982965457,74.69129606784568
282.01172765398115,119.031037540943,73.0302790181781,75.75719062031828
280.872482243331,119.50622017857282,72.60481115567706,75.61793116860542
281.98517769243216,120.71015520693373,72.75418896836891,75.02660620724805
282.5964811433653,121.49508989861766,72.81955443460478,74.32796747012061
283.2684435768498,121.56615085066565,72.15199530928328,74.11724790416478
283.32612462006267,121.85241798000123,72.17753137654351,73.48225943668108
284.1557303343484,122.39607016938642,71.83162240202456,73.03089657268256
282.62424834004446,124.74798095960077,71.40943050513414,72.76244075848244
281.2819394121564,127.18727578222085,71.16508756795054,72.8155823398998
281.6388835068855,128.43705962274672,70.91893669809629,73.33222853051008
278.4044898317264,132.08024289752805,69.73591104373814,75.4143566217852
278.5515650969111,141.3750585696884,68.59052452454486,78.7592089251532
276.9875181043846,155.97237388983615,69.20676658900906,77.8503661952767
275.6803652632939,147.7914124431461,68.33829819376108,79.52679957649502
275.4739622857062,154.54623256930577,68.73383938708658,78.59025320899757
275.65252783665744,162.22322543344086,70.0227248635951,75.71076892089451
274.4706076422495,158.8806804030136,71.18224061163701,73.72639647819678
272.7462955809882,162.58468700238905,72.2225317051691,71.4877806746002
271.44455365267874,156.89553918670163,72.06161497652852,71.61256675180528
271.56317397126475,159.17152192588995,72.14542634578969,71.2935727964861
270.9477435006472,156.9604889477132,71.69240901699885,72.54037542174058
271.4183875136852,156.4602641554657,71.2858632115251,73.62475897594307
271.5773011039837,157.3241444342558,71.63436368870123,73.9767753530407
270.80427843138835,159.7521059846204,72.525242629245,73.35803177704926
269.1246605714223,161.1853865814936,73.29163902211471,72.5061038352465
267.25654875960436,159.14040319346424,73.72432877210446,72.58250624449197
267.12534471241594,161.62102373495458,74.57564174350094,71.6745867700434
265.92625454202755,161.9743044713902,74.99971193397722,71.22207490807615
265.9466408104779,166.4262295177322,75.45186767666024,69.93432487771969
265.217477303968,167.4932618678052,75.87317530398391,68.66364107784702
263.85468268234155,169.3639445246243,76.07606842709505,67.79779814028197
263.4629869335705,171.3087466630515,76.51880455010456,66.35308733547504
261.3681468950129,172.161716173076,76.73281135838862,65.40828324861515
260.3404524403962,173.4569919131683,77.07445621714257,63.962493101827576
258.83298789771646,173.9331310595295,77.34381184832773,62.91486934961979
257.5698937066487,174.84061918195567,77.69566445963103,62.05554277422733
257.2150092778349,176.3202151058401,78.1451726476744,61.27589887034749
256.8635765217012,176.20956786899018,78.60664051208514,60.77526811461914
256.04403883183966,178.32707933681746,79.18589371395028,59.95589206020995
256.0111712510061,178.56073009684962,79.62931065927526,59.323950985343586
255.99493074470917,178.53069594483551,79.69427229489472,58.99494072029272
255.3067721606085,179.53486762729966,79.72368462398336,58.68458113202453
255.18247388070827,178.92482587568114,79.58062096906924,58.950811048796844
255.1494564439559,177.95845192249016,79.33642558225378,59.606717629152286
255.13850222248317,176.6812197109056,79.0147739603394,60.70529897651409
253.91830722723728,176.96078230285693,79.06414205363309,61.233607248158634
