1.0
185.35048498708224,21.865739335418898,48.15360095853888,36.05703291513661
184.91251327314805,24.31635395581811,47.18906534505663,34.56194214278615
184.9278121297001,25.557110508117976,47.108783454038644,34.10890911422246
184.37766653895181,27.790923315607188,46.26469422923644,32.69713027606058
182.81299277796361,29.59124532896269,46.76824572781696,31.525205199872424
181.3856499491819,31.470206147707554,47.875301914138674,30.894532741035995
180.8037004947553,33.60255614301795,48.58611307612,30.378718041375073
180.23586734724924,34.77597543840406,48.25381637084603,30.83369082701011
179.46432318338773,36.404332067573804,48.51284416310591,30.790906667067944
178.82436873871995,39.01104901808334,50.978097895916804,30.569255385967587
178.41957310992285,40.127329907892566,50.51496559466922,32.5135362827432
178.72330244082048,40.81951852225411,49.646463976927116,33.3480985564312
177.7264726030988,42.0321916524079,50.183714829049684,33.16187499127053
176.9043544755853,42.65629058764223,50.8711633711157,32.990761844857644
177.18720504393008,43.89721140900778,51.39823381582781,32.366422756011666
177.460177015989,45.504985166568844,51.73900355588552,33.13820710811958
175.724535225118,46.34326640078607,52.56871662378236,33.6505354458336
176.09480039764168,48.52675037485977,52.61185557581986,33.08360936734164
176.03581279600112,48.45976823115306,53.33899563269214,33.30281771030969
176.48370083470098,49.40065677951006,53.18381276293671,33.57966730469236
176.0147633333429,50.76688902379043,52.497574721261714,33.115288675563356
176.7103144901278,52.507201722486876,52.237974934446164,32.79793736855841
177.38701923984846,54.27379317087282,50.260058264170425,32.70590410861727
177.78784126743412,55.23630933789377,49.8747461382892,32.00717717864894
177.45501719748668,56.367692301210184,51.20691371046252,31.338203074163722
176.32477001366084,57.495152820032175,52.142658752162276,31.3066214377242
176.2068793283101,58.63418570723097,53.622889998524585,31.590132942704123
174.5999106413256,59.98417155863833,55.432864882112085,31.46392453709329
174.04474287812886,61.226129254010885,55.06081702648608,31.828481806026595
174.91620706838478,60.93500049210684,57.001378719003874,32.08905039991623
174.03165716074122,61.52594364337794,58.367868968310965,32.401694187562754
172.7448288091994,61.192402282474944,57.924662346906345,32.21549366193495
173.23569761743744,60.74321018619927,57.73668498548564,32.32192650903799
172.67143705228858,61.33112775289653,57.499217696206514,33.33511196710886
171.8942655454144,61.60375756677466,56.86302379158314,33.41553769359885
172.80851862203133,60.97831399068765,56.588057118866885,33.61379373374683
173.25559422074775,60.59550626713851,56.972369066258935,33.717676579688614
173.9857780303011,60.020174047372926,56.3045082509136,33.82239008034789
174.68197999394548,59.81012093697563,56.80945808781259,33.932260456834356
174.44427039883936,59.74075973157911,56.17269079092091,34.13301360263925
174.59844768006536,58.983968923252945,55.16770037746559,34.84511548021711
176.19291985159447,59.58190479789334,53.90710043911908,35.11108400632254
176.9679660698104,59.27443749725235,53.84108359928199,35.226300544028625
178.10448739905218,58.80184751219173,53.74754094213739,34.82230201993453
179.41310650259433,58.79542519710637,54.311792473061324,34.07505382891177
179.56600159444406,59.18895945545861,55.123746459777045,34.826233246574944
180.41284269508355,59.2193082297917,54.32429058887702,35.44129271399258
181.93556247467106,59.351788476982485,55.110391301939124,35.662733884031056
184.2880675597746,58.91305743944852,56.873273177277134,35.87553322724915
183.77640517463942,57.82099090824887,56.806342626183536,36.7043871386935
184.2367637357508,57.353252344847306,56.12079381454356,37.01153030606832
185.48402711797596,57.7405637056849,55.21668450792576,37.38101658316101
186.76341950628847,57.27691084246126,53.765699703441385,37.463387265195
187.8307570026553,55.654690294439774,50.5476396609381,37.657933287138746
189.34932875776408,55.22149758154356,47.286691926327535,37.58448312879741
192.48200060678755,54.32238415369321,44.82463204525291,37.413606845054154
194.52475626376605,53.58760026489969,43.62282817962909,37.248499464979766
196.10981120248118,52.950324248401884,42.456329174437776,37.717921379368114
198.46513911059435,52.028969829965135,42.05085376697795,37.61882433739596
199.34207020095468,51.19385546920911,42.700630306191606,37.48583782236881
200.320636580198,50.08557129363401,42.28964209746366,37.81154907469663
202.7274725846787,49.43292045387297,40.76014324403492,38.36288303627763
203.07450499737212,48.411008808759405,40.049666195091355,38.54166677227777
203.63993984928982,48.486563527895484,38.89821731965136,38.91066178653582
203.93924157694178,48.215480076474236,36.68133079261742,40.04088923522317
204.3731520595254,47.901113502334795,35.56238022613566,39.88937295673987
205.45251373536078,48.28115559358366,34.32847936389817,39.652780041201034
206.0468267263405,47.741192538713264,33.02442291221769,39.928948901356996
206.1604138145957,47.65374941967114,32.379133462322734,39.964477973943325
207.23167622495436,48.4671311386257,31.72669378207191,39.681497472751424
206.88362277849302,48.84128502211267,31.000845312959676,39.89792691147122
208.41471694800205,49.2949947374015,30.001725613020536,40.42974035294377
208.8492834567946,48.94071826545913,29.697667489229865,40.47682947301705
209.36856051240773,49.35298110443743,29.825100396926643,40.29489670804471
210.3342342921673,48.84057382868213,30.188761497758367,40.09344614092815
210.29426995507504,49.87662542836996,30.973666557217527,39.50318834998379
211.26905918302407,50.08123460453906,31.390863504539368,39.5991285478237
211.8039997922701,49.737432765585496,30.836842320538718,39.84400996346238
213.2262377805927,50.08976832124501,30.781495085696466,39.353243287241995
213.71551088901523,49.819906456340235,31.069792463356933,38.98609183483876
215.64634673743362,50.53570553598854,30.964049608585846,39.1825468892475
216.66919236290315,49.87723836138272,30.96581726810136,39.30705961475859
217.227356319185,49.502166577624976,31.153139802479814,38.64887059760747
217.87294364504191,49.34954855742474,30.557566467749066,38.82174603785177
219.28391499637584,49.38345613606175,30.482114504209246,38.49046562599283
220.8937917284358,48.22340023738452,30.022249070412762,39.362350136051376
223.79888855710465,48.77663650659552,30.500312384475258,39.44634656958792
224.33798746224616,47.740161254973906,30.2752835582087,40.257922102112005
225.17470070758776,47.76183996915663,30.374590188136267,40.12691793724501
225.1430814517531,47.23899490905491,29.867620715385012,40.75560555460107
224.95931153839274,47.15359268109481,29.893741867381063,40.71366880945872
226.38293467058813,47.14631646422651,31.42693563697469,39.806771909457
225.61157838606172,46.17733971359973,31.654282084549276,39.42355088504972
226.28111476984392,45.08254816361447,31.932580139219755,39.523591438423736
225.20022278778757,44.99214282141871,32.1835666766734,39.469846006442026
225.93844497408122,43.17880686788881,32.886032459875025,39.67111140867232
225.35277383106848,42.874434194254135,33.85547734764117,38.9999268929236
224.4178296370094,41.475947966047656,34.74351984605356,39.24209631361226
223.53934776907795,39.7189628270408,35.05899318809358,40.10582017578556
221.5785077781067,39.00198324009003,35.58471995557646,40.022980028158614
221.2934066164602,37.53802008218994,35.1461737744995,39.86526953767881
221.29434299828466,35.301220291132466,34.75590485661353,40.11342852198961
220.4180410417871,33.8747553250609,34.27816521866425,40.06589477284748
218.89107979508867,32.18329060091206,33.73264224064111,40.527620937801565
218.77396061617816,29.082070803262667,32.37067487153731,41.929530180351506
218.9795187683198,25.566081214146003,31.813718158603066,42.789199662526556
216.07597486484337,24.567315863534823,30.62822421241036,44.65402936385557
215.6241357687512,23.03543287408063,32.26473037489118,44.83485520483098
217.11599584741597,21.067994577883844,32.99124527531971,45.5652903206538
215.0446604766816,17.340751859716235,31.86712558438085,48.31054291171547
216.54104765374552,14.955167489652666,31.721677810233096,48.085742483949275
215.86588180762027,13.867413363508643,32.785528121668214,47.44865603528678
215.13759542885526,13.190406153323327,32.35811109010254,48.82172574552133
215.23753049145472,12.827372294743611,32.71980096734754,48.30906572605076
215.10304828878623,11.238192703604987,32.96565036601243,48.83216800764015
215.04899009700222,9.585891581980391,32.90464568691739,48.76876205069195
214.36861755844842,6.789654973595038,31.51338887828379,51.50583906439409
214.98017403883284,3.4578190826853543,31.399560710067938,52.81586062262781
214.63912563876048,3.873929363139542,31.248690774685713,53.19447783605357
212.78622028512964,4.442872544363254,31.57204433679974,52.887719862055164
210.8866572483885,3.1931758139075193,33.031481527821725,52.4659188697896
212.30071779222823,3.532700414693892,34.932969138107666,52.39843031966713
210.13033646991929,2.663234163455911,36.50757956002301,52.260225390569325
217.0098928358728,3.2067197326467642,39.15828916583214,51.177546026196396
218.30217482270228,4.233257513997039,43.34749758131013,50.440104288415824
210.1990423854526,3.020757345629452,45.5698551049242,50.84781381931189
219.44230000471367,4.091202394775525,46.208234169123884,51.01452848055298
219.6999537011009,3.1633368235449772,48.04681939037954,52.119670745056936
214.94453124986816,3.17030328179537,49.18659029485453,53.28552392973456
224.1097657333836,2.6231507640902194,49.59836271881264,54.19287299871633
224.5953956157359,6.945778171784703,49.869394170441595,55.081538413683845
229.6584601409244,4.5259860614456855,49.49497939052548,57.83863369470495
230.47906528786518,4.708905024992376,49.695386189954675,60.78407714623894
232.15195099534913,3.5355064347950957,50.03238118445834,62.448821871915584
234.45484875294497,4.358819250089262,50.04734350639767,64.84583163129977
235.53630703408564,2.2722787864186387,51.31949474856257,65.47720843235032
236.8296266280343,3.7292341431406513,52.29602541923738,67.30714588294484
235.70120038557565,10.925512696269408,51.21686798386541,69.19548231166138
237.67958769694596,13.927180758965704,51.10847020946206,69.54903167903706
243.26896461347138,16.914400763528803,52.30268251088125,68.56395908106076
239.91972885552758,19.770500832731933,52.67242364051438,67.95280871121079
238.45813702857617,18.60795041486967,54.57481199293319,66.22980480049713
238.34012771688148,28.040500872986627,55.4345958670555,65.2763576018979
240.11471062568825,28.547624651170764,54.94587425215272,64.65215838403626
240.64872905630082,30.246865142372663,55.35899125161082,64.13365851629807
239.92888643112047,31.674781844155632,56.80077656107095,64.9462929955954
240.94705627459143,29.097403662398904,58.594969116449626,65.1290578861278
244.29351245114958,34.23816712682059,58.732214360131,65.4781829225984
254.73045490488548,22.843555435089243,58.81052021558112,65.46779092463578
257.8545443828832,9.227238857357392,58.81696009467213,65.46806855206852
256.0103912257969,17.405552031258622,58.94336842723752,65.51177412902467
256.91616330649555,16.826590917262045,59.001561421323146,65.51992480494323
262.908273025122,12.376684064833547,59.05427158853026,65.50833445347808
255.81486219937776,15.290261962729083,59.06169056895708,65.5086338856471
2.0
0
0
0
0
1.0
246.56640993115647,99.93437144725816,17.237773664626673,55.401615195795934
246.81041106206197,100.54246314662923,15.410462275165461,59.830631380494964
246.70678078971702,101.56213135968298,14.55661665005043,62.33565848816197
246.9390824148275,103.8022638029567,14.333424932208867,65.0630130004189
245.18425788955514,106.34551118467675,14.164165590521591,69.40936238686629
244.421479925267,111.08212245071978,14.129193802511232,73.50502940500988
243.12261784407957,114.2819407052794,14.137971159145543,72.79643579875608
241.90430522985687,117.89022545556917,14.114105131633956,71.50148274151238
239.939703540105,123.1264332630569,14.82366609660955,69.65388756990741
237.94325627562995,122.79798635377443,15.214293387354793,70.12296986249964
235.436887060639,125.25256763819961,15.851742841290253,69.50401228535813
233.87276900953992,125.73958744237788,16.345129784023484,69.41020570253052
231.0669451984469,127.58829099708771,17.146986636206375,68.8610327163292
229.6500416966163,130.68896544434415,17.629657970242118,68.31732052375685
228.00296982830844,131.0069766854669,18.593720382932382,67.91775050235934
225.03339975100545,133.0220589343668,20.56677746925626,66.12740831843443
223.01233814535783,135.59483189846648,22.755853142793296,64.1745807563189
222.32914420783382,136.5716209133409,23.413112985905503,64.66662333751393
220.40238478531091,139.21983295960248,24.132384376442275,64.10325300116301
220.2939053251497,141.01149518281017,24.80583972600379,64.31379214205283
218.7393601818143,142.6961822029965,24.92546787509417,64.60062707922543
217.37876782594597,145.1253776089461,25.73862738451694,63.564354550296315
215.13625027894932,151.39514066296002,27.539258738673198,60.45651456551262
214.2750988197987,153.72529913244173,28.58829613622367,59.123453349747
212.86960323065423,158.44817173458898,30.065224867681437,56.71810179117219
210.73251087574766,162.99690044979909,32.274864391894354,54.003130569964505
209.5356503357674,169.0672228373061,34.74619975926786,51.68581889129764
207.66361876273925,172.26575705926427,37.51352107437035,51.214663679767284
206.19139567645135,174.409823779083,39.68147123715681,50.58249303757991
203.0172976740405,176.9923877793557,42.89012437568475,49.62158243427147
202.33855470581895,180.15944862571774,44.634588455141895,47.564319757483965
200.67543895575713,181.22067584587472,46.12865395468208,46.82827460937743
201.0131980540255,182.76748079081474,47.054277748941345,46.05135885824598
199.27059674877765,182.03148438181958,47.278763899770254,46.33161202083227
199.03201527764415,181.18749517889938,47.09669387340129,46.93135097005672
196.9799723824471,181.73540028073623,47.43634080661512,47.0791388226894
195.62994511457802,181.29597370777788,47.11492097764151,47.96449601474535
193.19312038243038,182.36060408433013,48.718450045755766,47.635260543853946
190.662300869654,182.3505142567939,49.76834244668176,48.182138461542664
188.12673759924806,183.38632961310265,50.256003295874066,49.41894885174201
186.4622852908702,183.05724197741955,52.28871755917588,49.666117331415315
182.18156647354758,184.31296462906565,54.96034709365026,49.248124137584696
181.8977912358409,184.89320997167994,55.21919708187462,50.83705778945168
175.36751755298306,185.76446290798063,56.604764287590754,51.183761139064245
172.94705525541565,186.46868779995512,57.55885296514901,51.37346949260741
168.59568701109825,189.73243482563862,58.87289337044924,50.89314499817347
163.25824740979044,188.69416191079625,60.31472196299983,50.88509248104284
161.3478186391423,192.6872409308069,61.124452459242946,50.8626670611019
157.93871025611597,194.63883115887873,62.68864109282157,50.31025577748904
157.66775542000218,196.3850652136763,62.520637717035974,51.16220574865359
156.19466679108953,195.70037031132637,61.54695273527511,53.06195096087723
155.06762299605748,196.60078732844633,61.101218371323995,52.836716146457164
151.69071829395074,196.77457904400637,61.52748926403238,52.66346037668305
151.00004886014548,201.61544825723286,63.92988549230406,51.10975503480231
148.81776682477292,204.08307456710995,62.74044515879849,51.909868676623596
145.05103307295707,204.26486403666817,64.62944089324938,51.258274980753825
141.40470698747845,207.41006451795815,66.23354339068439,50.01055171617463
138.55575215951552,209.15454796839123,67.40900239996543,50.47707726564956
139.89114157770976,207.794549050107,65.19664764580055,52.36694675005678
138.1208373226648,208.19117125582545,63.2023285618233,53.10883077877381
136.59130500241852,209.62428222716943,62.46511616886322,52.69088964808812
136.20306261831854,210.24896549577633,63.001403954796,51.6164862490185
134.87602193005273,209.61892951303687,64.25419943540683,52.10968063167989
129.92363540926613,212.76674601682706,66.17111494428607,51.68197542493538
132.0967853616547,212.0109361706818,67.17880724525202,50.995919791297936
132.5013113440598,213.72642028777807,66.33022748736985,51.84218314894966
135.01164948238664,214.40494684101895,64.28061420843346,53.88416082585663
133.99813920477462,215.74153324430773,63.75760973291451,54.51043429928174
131.882690926289,218.21463155482252,63.55722775218547,55.27445002219386
126.19181535886902,219.8834414968746,65.9768599924989,53.30066542553991
120.98868586004306,222.2327092022915,66.47728078848913,53.22258196917967
116.64538345401368,225.22826761650109,68.23051471703896,53.50938880089047
116.70083104931969,222.8905139413413,65.6543918070092,55.131206515899194
111.3948129447677,224.76342656515212,67.67614626288093,53.32621769594505
108.54297543392953,224.75487402437318,68.01644516542578,53.96490488917951
106.35346590824781,224.34654046818457,67.77022520772631,54.05294997130099
107.40485255966607,221.6357151613212,65.96135674879639,56.12364622615008
105.7142160482078,220.7572518835006,66.32309885911977,55.58178812193702
109.64114487057242,217.20299445481575,63.6015703865424,57.370609574502275
109.32990926372563,216.2613573884496,61.42002010700925,59.56270965657349
104.9348449863424,215.8257554606814,62.64009330577305,58.8493697846474
104.48188591291851,218.16923248702682,63.45623072286938,57.59855916499012
103.3970646682277,217.61571308251516,63.46121876517458,58.03857234196737
101.65433208923261,214.35863938280343,63.50858254288771,57.13978367973005
106.0186886740602,212.71450636480347,60.428549243464104,60.63534866338571
100.69153158023168,212.63728527001976,61.796447622148975,58.24305915380534
102.44347669612279,210.14843375673982,59.389664952156295,59.197440792585766
99.71121354230436,204.4699134144578,56.35138654422333,61.139928135409164
96.52256465885122,211.61098885598253,58.18928812018906,57.81722544490297
95.66171548424755,209.3836419609041,56.28139539278473,59.88373221645036
98.68828460204,208.9946652972556,55.733982939584145,61.067300512620264
91.6194995782446,210.42437101987358,57.54646287009438,60.61055666029143
88.01099691690014,211.03316936667463,58.2652518744882,61.196660575702126
85.34130332769394,209.80782813829518,58.67879872263361,61.84584481626366
82.62394294735469,211.9921616579575,59.215634631972605,61.609777396210994
84.07016242938357,210.05907957923884,56.33560340056124,64.39999988210506
80.80981783281273,207.05538479180817,54.56058688183711,67.36690706738028
79.08478029652315,202.67738421007599,52.123859008415195,71.61390351003054
75.67461006070582,202.8738442213819,50.00871178783032,76.73948996983141
78.37364568389714,208.36070004261776,51.36271920238917,76.94554879330428
106.49316724739182,190.05639926294953,51.51703070058698,79.91429343148377
82.32027946605058,199.40910594043186,51.843441207500504,83.06461651985026
90.38597275234763,204.71212162377586,51.860513435893694,83.18659116721768
85.26203217747428,202.90644258773543,51.310186331724736,84.40544521752355
100.14743736264496,200.7873193127789,51.490184958350596,85.7321798824378
96.80839031168767,202.34251384917408,51.68676115686724,87.8773550111478
114.07723599991037,194.6588772079052,52.03349550877178,89.85265641828994
121.55639368130751,193.22407656071618,52.428229483272645,91.47131388994396
131.0003596954532,191.0874838297576,52.70240825776228,91.94170805767756
124.54435527672908,184.8391163383323,53.27160574815263,93.25283953312888
138.37364630391193,192.3233380748414,53.270044194916565,93.25663882914104
137.5343387721307,190.03897514241427,53.46246430857096,93.93658034159601
145.46243450925311,188.84756320864375,53.628410874740524,93.97158251179442
140.50910582195579,187.83572189824497,54.03000516026377,95.43341423220397
143.81072233825194,188.8969168705815,58.180706306877376,91.71000014752045
143.28496900910193,186.6692308931477,60.70753315390567,91.05707712334555
142.57170851319566,186.13255395313593,62.78106815632261,90.95546074467086
139.39368757119684,185.3576035330371,63.81584110373255,91.6036311262951
142.67440371008942,182.57329574296116,64.34015525404641,95.02651165189415
143.55713231890866,175.50805905954397,64.04730365846389,96.68875954580767
137.69499336649804,172.96995026290608,63.70331214828353,100.35431901004107
134.87886513420466,165.4817572745015,63.50631592832313,104.34558271207933
134.12142831041425,162.10181727046242,62.67372625661512,107.33959284111671
129.61969252064634,165.5969582208682,63.92856849918733,107.06008247634597
131.53880778858485,166.7145097826397,66.69787254583187,106.7768981601089
131.664179032156,167.62509808659473,70.48089161679081,102.6308639989577
118.62758020112113,154.9182025397871,72.46165143735463,106.60981013745453
119.93503941901824,159.59961787266752,75.02283676940546,105.3317295599978
126.29306796743747,155.13600258154383,76.94144972666984,110.49265217331478
113.53192659801746,143.96191556828177,77.19917647089187,116.50966241484232
124.1683578525852,156.6135507089287,81.51096541254262,111.22703987565427
113.14170830310523,147.1164814123066,85.89714055845079,113.16572636746602
113.01438458403373,148.9684509247829,89.09627689401928,115.05849086389844
104.46306836011271,151.43373436454957,92.96711681920448,114.33639926734577
104.1612983744247,145.01412304288957,91.25049834858444,119.36471118999363
93.24566215934351,136.62273907914488,90.52680018643974,121.59069355372165
92.7316991155862,135.3045449809585,89.69767592657632,123.48464922141582
99.31998577380024,137.76790254875698,86.48004213034673,126.96765076608617
113.65629300065595,149.38773713083964,86.91366155162456,126.5257464770209
96.26412912145621,137.59494409151114,86.49956096144243,127.32891667837796
124.43706533210828,151.41882574254146,87.24343370831778,127.44926324492623
92.83059304987498,133.25776585133525,86.39761195009146,129.24244601337182
112.96312906839827,144.5096089656954,87.72175688340997,128.59805804810046
93.63523510090201,131.5857693519647,87.14000886300431,130.22781585909772
143.71054106623973,160.82504061345077,89.50226499820636,129.40182770169352
189.64983684333328,152.5194211569777,89.50618559408943,129.35197271641113
168.51242110601555,164.37282577863277,91.30366544434844,125.30911643900505
176.67391669604928,162.38316038806943,91.48492201914094,124.48707824522542
169.96448833088542,164.51805150246764,93.84527668687451,119.84377768979361
173.4609717771699,176.7752463616807,96.03764552487817,111.31476623569466
185.7050714883597,174.01791055254753,94.13691579979769,111.80085464640416
188.67436584826936,171.72599539852882,91.71667780353356,112.40410291453586
194.1037819653478,162.26950278049867,90.35313951319768,112.50484737982728
198.60279987116064,165.54997999766263,85.22224347864137,114.95190831932716
204.18219729460145,165.3296484141512,83.61890330545019,110.20743509371589
205.51662446233556,164.15893011324187,80.65343914085906,109.3733308654198
204.8694805427528,160.27013234092172,81.03012737922508,105.81552567046644
218.11816714171795,154.31357518771983,81.21255859945902,103.68063600861245
215.7778819565424,169.57138195773697,79.83975388751897,97.41446048893624
219.93757821661978,168.6268474301798,81.49714491758094,90.02847451575556
219.76457814048632,170.9511559557722,81.27392513498194,82.74734209735212
221.3590739782672,173.17481228645175,82.59088402503832,75.86843951260481
219.62602831677202,178.4076229656705,85.50983501199599,70.56910440911784
224.0824085029463,178.77395486761245,86.11238194734929,67.51674016309813
226.99223282608293,176.24933021766998,85.99289573515802,64.85040167079157
228.38788027168604,177.21031547104064,85.79116214233709,63.840771921030615
244.03394153744114,168.00103640168123,87.0869140320707,65.4236337418491
248.0689426089407,166.27143093495198,90.1619946039244,66.58963735428458
252.39997198257913,165.36424198937306,90.29109002033314,67.68519620510547
260.034910488266,163.82668573033556,90.16040687305562,66.79441793533138
264.05709187897185,162.9394597424907,87.89859912920772,66.05180039005745
268.41858913303935,160.33113261339275,87.1572692040826,64.84444166672213
271.363559531755,157.79959524387857,85.80672672372668,65.33019771562662
276.5891354042141,154.6144941460244,82.88297417260591,66.71301509699916
280.4393653934593,153.23512431527345,83.63625600929616,64.29732714816367
284.11011806035134,153.0718033902149,82.87738816006613,63.48245943008446
292.11438447714943,149.6577539929377,80.45837749233542,63.41806265289044
299.64579847750025,145.7662377742596,79.40748358946635,63.756780490021484
306.3877143281395,142.53922726254797,77.71368975986877,63.13052144395958
312.14913201688665,139.8149085191207,76.02672724674815,62.93366103607515
318.093315973591,137.08382705628563,75.65966182533576,62.34135678984779
328.91615844372586,133.1821423994717,73.03769736991462,63.2307981316781
337.27586606714516,130.44878788233314,70.8325850817658,62.048320445918264
341.101147606116,130.18081978644793,71.66183551650482,61.25016150537391
344.22951953763913,128.81426372758315,72.26408959152046,61.25365504163915
345.7003265449946,127.34125278960327,74.922458339773,60.790442093413766
351.4140726090546,123.96271322076342,74.13526710256862,61.330621602579356
355.37133088575393,123.1700951559499,73.38384266462391,61.528922397193654
356.521526093271,123.45846227888956,72.78816150295548,62.813155807087654
359.8505251513403,123.87408975539722,73.94521264900823,62.56766978518927
360.62828394663853,124.67020263482789,76.31206653243626,61.52900131180115
362.9725246457423,124.5875811458566,75.85322881375821,62.594905099039174
358.4521439830085,123.64758811274581,79.24327147349717,62.93331820626066
360.2449554281839,122.93653868946525,80.1429968272699,63.92539147182517
358.1242069009679,122.267878971838,82.2117106794265,64.7281545270119
358.1571116920967,122.29398044415348,82.26158012769048,66.67739795316102
355.63108443437113,122.18375747724555,82.13846778343776,68.89406647386122
359.43103282879053,117.87305323791935,81.45024748454942,70.43411745193288
361.3290567716279,116.12153137124588,80.93949178004823,71.4515480656993
361.757308288815,117.1436395906439,80.89272379640201,70.9657097624503
360.91044037902554,119.00357181212169,79.98363053276336,71.51884162309841
362.81824916120314,116.68650038111214,77.72235899926008,72.59444699504584
364.04693536877926,116.47262291073493,74.92961580317103,73.6512834213614
361.5268708617873,115.99977706993852,76.01423747113944,72.38001657910405
362.5469808794526,114.12282157923894,77.01941529318049,71.40745637618602
