246,226,94,114
246,235,94,114
247,236,94,114
248,239,94,114
250,240,94,114
251,242,94,114
253,244,94,114
254,244,94,114
255,244,94,114
255,245,94,114
256,245,94,114
258,244,94,114
261,243,94,114
263,243,94,114
268,241,94,114
270,239,94,114
271,239,94,114
272,235,94,114
277,230,94,114
286,231,94,114
278,231,94,114
272,224,94,114
274,215,94,114
281,209,94,114
295,202,94,114
313,202,94,114
326,203,94,114
324,207,94,114
313,212,94,114
301,217,94,114
282,220,94,114
263,220,94,114
262,212,94,114
274,207,94,114
290,205,94,114
314,203,94,114
332,204,94,114
340,213,94,114
329,225,94,114
304,237,94,114
273,241,94,114
249,230,94,114
243,218,94,114
258,207,94,114
282,202,94,114
299,202,94,114
323,204,94,114
329,212,94,114
313,219,96,116
291,220,96,116
279,213,96,116
278,203,96,116
291,202,96,116
316,203,96,116
330,207,96,116
332,210,96,116
317,212,96,116
281,213,96,116
243,205,96,116
218,196,96,116
219,185,96,116
240,173,96,116
261,162,96,116
275,170,96,116
290,188,96,116
291,214,96,116
280,236,96,116
268,239,96,116
262,226,96,116
261,205,98,119
264,197,98,119
277,205,98,119
280,229,98,119
269,257,98,119
258,271,98,119
246,258,98,119
236,221,98,119
249,181,98,119
262,164,98,119
277,177,98,119
296,206,98,119
289,247,98,119
271,274,98,119
245,275,98,119
224,250,98,119
224,212,98,119
237,198,98,119
264,213,98,119
291,241,98,119
302,271,98,119
288,292,98,119
259,290,98,119
235,264,98,119
235,232,98,119
263,219,98,119
294,229,98,119
324,243,98,119
341,253,98,119
338,259,98,119
307,259,98,119
266,259,98,119
226,247,98,119
185,238,100,121
166,230,100,121
187,216,100,121
228,196,100,121
256,183,100,121
292,169,100,121
304,161,100,121
288,157,100,121
268,156,100,121
254,155,100,121
255,149,100,121
275,156,100,121
310,170,100,121
334,186,100,121
344,191,100,121
328,192,100,121
286,191,100,121
233,183,100,121
187,173,100,121
169,172,100,121
189,177,100,121
235,185,100,121
276,198,100,121
317,203,100,121
344,203,100,121
329,201,100,121
301,192,100,121
260,177,100,121
226,151,100,121
227,135,100,121
246,131,102,124
263,148,102,124
279,180,102,124
291,209,102,124
275,237,102,124
252,240,102,124
233,230,102,124
229,204,102,124
245,180,102,124
268,175,102,124
282,189,102,124
291,215,102,124
290,255,102,124
283,285,102,124
285,297,102,124
283,280,102,124
287,235,102,124
297,178,102,124
294,138,102,124
289,134,102,124
279,169,102,124
282,237,102,124
299,295,102,124
312,327,102,124
316,313,102,124
318,261,102,124
307,202,102,124
299,158,102,124
299,156,102,124
293,194,102,124
296,256,102,124
314,299,102,124
318,312,102,124
310,284,102,124
309,234,102,124
309,187,102,124
303,168,102,124
297,182,102,124
295,226,102,124
295,281,102,124
290,308,102,124
280,309,102,124
283,290,102,124
278,265,102,124
274,253,102,124
275,253,102,124
258,265,102,124
234,280,102,124
212,296,102,124
197,307,102,124
196,309,102,124
219,304,102,124
247,296,102,124
275,293,102,124
306,287,102,124
324,283,102,124
321,279,102,124
296,269,102,124
259,257,102,124
222,247,102,124
196,245,102,124
183,239,102,124
197,232,102,124
228,225,102,124
268,218,102,124
312,209,102,124
340,207,102,124
354,204,102,124
343,203,102,124
315,200,102,124
276,195,102,124
237,182,102,124
223,165,102,124
239,151,102,124
273,152,102,124
302,160,102,124
330,164,102,124
333,164,102,124
306,163,102,124
271,156,102,124
243,147,102,124
229,146,102,124
244,154,102,124
284,170,102,124
312,188,102,124
329,201,102,124
339,212,102,124
322,221,102,124
294,234,102,124
265,244,102,124
248,234,102,124
247,214,102,124
273,198,102,124
307,198,102,124
337,212,102,124
365,215,102,124
363,214,102,124
321,202,102,124
275,189,102,124
247,173,102,124
243,157,102,124
268,148,102,124
295,160,102,124
318,179,102,124
345,194,102,124
343,206,102,124
311,206,102,124
267,195,102,124
220,178,102,124
177,160,104,127
152,148,104,127
161,140,104,127
189,135,104,127
220,141,104,127
249,158,107,129
287,188,107,129
311,218,107,129
321,243,107,129
294,261,107,129
250,272,107,129
212,265,107,129
183,238,107,129
192,209,107,129
225,181,107,129
255,182,107,129
276,206,107,129
298,226,107,129
301,248,107,129
284,259,107,129
247,248,107,129
215,214,107,129
210,169,107,129
236,141,107,129
267,147,107,129
298,181,107,129
327,213,107,129
338,241,107,129
310,249,107,129
259,246,107,129
205,224,107,129
176,196,107,129
188,167,107,129
230,151,107,129
266,151,107,129
295,166,107,129
316,181,107,129
315,195,107,129
301,208,107,129
276,205,107,129
231,181,107,129
216,162,107,129
243,150,107,129
290,152,107,129
332,167,107,129
360,185,107,129
361,187,107,129
335,181,107,129
304,170,107,129
256,157,107,129
210,155,107,129
198,154,107,129
214,153,107,129
248,154,107,129
290,167,107,129
334,174,107,129
378,179,107,129
394,183,107,129
385,183,107,129
356,174,107,129
302,160,107,129
240,147,107,129
178,138,107,129
132,139,107,129
111,142,107,129
122,149,107,129
159,152,107,129
206,153,107,129
262,160,107,129
319,171,107,129
361,181,107,129
380,187,107,129
376,187,107,129
348,181,107,129
308,170,107,129
268,157,107,129
252,148,107,129
256,151,107,129
285,164,107,129
323,177,107,129
353,190,107,129
374,195,107,129
382,205,107,129
369,219,107,129
359,238,107,129
351,264,107,129
339,265,107,129
330,239,107,129
315,196,107,129
298,142,107,129
299,103,107,129
296,91,107,129
285,110,107,129
284,155,107,129
281,214,107,129
288,256,107,129
291,275,107,129
290,263,107,129
289,231,107,129
291,175,107,129
303,131,107,129
296,115,107,129
284,125,107,129
275,169,107,129
273,227,107,129
271,263,107,129
270,269,107,129
278,234,107,129
293,184,107,129
292,156,107,129
307,150,107,129
311,156,107,129
292,172,107,129
276,181,107,129
266,166,107,129
272,140,107,129
287,141,107,129
300,171,107,129
329,203,107,129
339,229,107,129
323,243,107,129
300,228,107,129
278,180,107,129
262,133,107,129
271,132,107,129
300,169,107,129
329,209,107,129
342,230,107,129
317,228,107,129
286,197,107,129
267,141,107,129
269,115,107,129
292,135,107,129
320,177,107,129
339,205,107,129
332,219,107,129
298,214,107,129
258,197,107,129
233,172,107,129
230,159,107,129
246,163,107,129
271,181,107,129
295,207,107,129
312,222,107,129
315,230,107,129
300,231,107,129
273,218,107,129
260,202,107,129
275,201,107,129
309,210,107,129
330,225,107,129
343,226,107,129
337,220,107,129
308,209,107,129
281,195,107,129
266,180,107,129
274,169,107,129
305,169,107,129
315,179,107,129
324,185,107,129
323,191,107,129
290,191,107,129
251,179,107,129
222,164,107,129
210,154,107,129
234,158,107,129
266,175,107,129
282,194,107,129
304,208,107,129
307,211,107,129
290,210,107,129
269,195,107,129
255,181,107,129
276,185,107,129
312,201,107,129
327,215,107,129
338,216,107,129
323,210,107,129
301,197,107,129
271,183,107,129
255,177,107,129
269,178,107,129
291,189,107,129
306,202,107,129
322,200,107,129
321,191,107,129
298,177,107,129
276,155,107,129
262,135,107,129
261,134,107,129
266,153,107,129
271,179,107,129
276,194,107,129
262,199,107,129
246,198,107,129
231,184,107,129
220,181,107,129
236,188,107,129
270,202,109,132
300,222,109,132
325,233,109,132
329,233,109,132
322,231,109,132
308,222,109,132
297,215,109,132
289,215,109,132
287,222,109,132
288,230,109,132
286,232,109,132
274,229,109,132
260,215,109,132
255,205,109,132
258,208,109,132
277,222,109,132
297,228,109,132
313,227,109,132
312,219,109,132
302,199,109,132
296,173,109,132
299,170,109,132
314,184,109,132
326,202,109,132
332,217,109,132
331,222,109,132
312,217,109,132
294,196,109,132
274,160,109,132
261,139,109,132
266,151,109,132
270,181,109,132
274,203,109,132
264,220,109,132
267,211,109,132
287,206,109,132
314,217,109,132
331,223,109,132
336,221,109,132
316,206,109,132
286,191,109,132
258,176,109,132
257,174,109,132
275,181,109,132
298,197,109,132
313,212,109,132
328,218,109,132
331,219,109,132
328,214,109,132
313,210,109,132
302,209,109,132
302,210,109,132
304,216,109,132
304,221,109,132
