1
588.3205809930107,200.53870184272807,45.85008588819316,35.10662896882681
584.8423858569117,199.44325469795652,46.55040698046092,34.00404404238578
582.3794244566537,199.09666233320442,47.32080548586559,32.91178367745812
580.3576111723825,197.22199486814523,47.15792554248251,31.697488783683255
577.5447281723295,197.47360936646925,47.162619927177,30.688139905448654
576.2397478091212,196.08147482004193,46.52524703285347,29.80979624282088
577.0505929979857,196.32742980871444,43.58510291011976,30.6724180101063
581.364191878,195.79296115808637,37.61877073261159,33.59709882655683
587.069756982533,199.60909522089577,27.601779418866425,44.61204375310761
588.1798292375998,195.9982622185061,20.820902091792135,51.212400270740744
587.5108148147317,192.44128970994024,20.70650882351951,49.92370117760575
585.5790497745397,190.20953081419094,21.71377545224818,47.62769785357379
584.0722906932587,188.3314175475168,22.552802415271383,45.500882644393236
581.8813356937618,186.66406907371274,23.80673874980188,43.033828959626305
579.458955868656,186.36467996210982,24.228113811456776,41.56852131122277
577.8455991633596,185.89019811295742,24.06274148997895,40.49991678889877
577.1802616041206,184.95814578922895,23.69500751569682,39.72925200533497
576.1299921531177,183.8024359801648,23.09335848629716,38.69071004563607
575.6430824133209,184.06346772192484,22.523798538092727,38.53351087427306
575.457201003983,183.59349406709245,22.9284171059764,36.78343212592601
574.8133069769258,182.66578572836647,23.178876797955525,34.77706004869006
575.5421900503572,182.710214563162,22.354184306507147,34.98631501714549
574.3834140176225,181.6550925371946,22.514101103392505,33.668512324432996
573.4398494092158,181.68950006482245,22.32494421373856,33.159005896555584
573.3308353648068,181.41312920275465,22.370379141209227,32.26274394801422
572.8915579469543,181.5765924659317,22.502389688006698,31.352737429048325
572.4479626432194,181.58147315146408,22.81458738059295,30.306482555509117
571.7892121304445,181.7504714492028,22.595946929433264,29.765943756467905
572.3358416648302,181.60748298622445,21.979493476011477,29.755363395249415
571.8832876273104,181.07706337307832,20.99302451983681,29.459952202515062
571.7317886033435,181.36191150961827,20.50161433661345,29.026091922893727
571.0773288090325,180.8940273004279,19.771517983870297,28.861245372763886
571.198913084387,180.88126553865982,18.18415089241154,29.77622512714453
570.2626064577736,183.13864210621097,15.892882471591466,33.412062182126654
569.5466867926223,182.25216739832902,15.787667913754921,35.09243969332084
563.0116336428018,178.0029509234927,20.803664107112773,30.079399855983336
553.808930455861,179.49638086927445,26.37934133130683,26.377930272462443
548.0966593110459,181.14222673238265,30.29201958006696,24.262781923173627
545.977145145264,182.32236593666673,33.45451643109041,23.02850668901202
544.7390996996492,183.87373797741014,34.86975676449039,23.041015256068114
546.1105869331565,185.5327702381764,37.32518659069335,23.012810041611083
545.7547498662602,185.08357600980742,38.60641510302673,23.62322165636897
544.2300794062705,186.19449164836203,39.000893090975566,24.59048321152839
543.7940442914047,186.2099253365376,39.288057874285485,25.37499493737083
543.9502802153813,185.67797499937964,39.907740938237964,25.600682444132964
543.508675762631,186.38144738928972,40.04676969291491,25.990038154685372
543.6074037701363,185.8737510701387,40.19800692205085,26.404580523491372
542.9867156294976,186.65089096470547,40.20580707110388,26.87648943670591
542.7816293717244,186.40350160521345,40.49460003814401,26.840462451930094
544.195541493915,187.4451684002023,40.536913779188126,27.049253240969293
545.3563671950246,187.67161818130475,40.55191825302532,27.369721131312225
545.9281493611054,188.40560680621536,40.073432612709816,27.900928328112258
547.219303754923,188.75570673425997,40.391102221724864,27.942790099186638
548.8390430982887,189.2333037144724,39.918202107477825,28.6391712130342
551.0234584457004,189.6506886963943,38.34295466544718,29.28305721488639
556.3512381378316,189.890287131447,33.51712149729823,32.59867428777084
565.7933732621036,196.49015791509902,24.687929297770644,42.69854565876038
568.0689932605864,189.1816533119457,25.6918654347376,40.91573313292905
572.011323832609,186.25838887400556,30.696590769310767,35.39229115055937
575.7718583436647,187.9261623861453,35.5840601161767,31.00085368169592
577.070293294421,189.73749916634807,38.92741720463533,28.536838189914505
579.1842543563304,189.9665182427591,40.309023386609084,27.434783693612953
580.3590244903804,191.72244248633876,40.38539739100778,27.40185512176402
582.184587733714,192.33161668869337,40.91586884391406,27.149386531768197
583.8217129268141,193.68861050561873,41.27637418622411,27.244235019304735
586.8987060884511,194.20479773342296,41.40447525760696,26.841477460094115
587.0413185854508,194.48376471047314,41.284748148832925,26.602743185275266
591.2631664153353,195.05334813726404,40.75638029726465,26.567147044820228
592.0608074190146,195.6761641210002,40.65731521334575,26.119788351943654
594.9184764092543,195.8845046796855,39.982269827113385,26.40902705968596
597.8985570180024,195.9874383380688,39.144485691671306,26.639796608719323
600.5639578801782,195.84722724147676,38.491428719006336,26.38656716656543
604.0469028337852,196.13375069263498,37.69972549429713,26.263588288102877
606.5381193876592,196.75922937947402,37.00798076387735,25.966279980489965
609.4066672033092,197.53689019864456,35.69511144541541,25.913505735407327
612.801446963123,198.41982354627748,35.00526835939274,25.349951635782894
615.5258707186533,197.91622289247732,33.931980015897146,25.0101237439605
616.484970361703,199.26955229896515,34.34214584367716,24.676458481652997
618.4692185782252,199.16551629570196,34.07106922910057,24.666024810143924
619.2329979530966,200.2323207633648,34.393438315989606,24.435553456296528
623.2904760840754,200.51941211804015,33.98984712826204,24.310760045807516
623.9202447012602,201.07997850588305,33.6882924179515,24.213882878115797
625.500627167371,201.31055514866813,33.36733358956042,24.22788705594067
627.6863388891766,201.85288510895404,33.59045231455987,24.142348254482958
629.1290899265874,202.05838071773212,33.60078783987569,24.133514408168654
630.642224471057,202.97216268948858,33.12107197412237,24.09858983643811
631.7944216691554,202.64541315234428,32.96907965597738,23.866439643930278
634.3381203862125,203.1617702577722,32.86482912355618,23.894247987994643
634.9681900242507,204.29282859381212,32.96546061512956,23.890740223430537
637.9543505378724,204.9114433495284,33.597395122963434,23.932791817948157
641.5653524152488,206.00079256299017,33.519940911558166,24.249926325693
642.6668381775811,206.74324533527354,35.285499033284374,24.429606868251835
642.5787957449888,207.040673329136,36.95308247524681,24.792248686014617
642.1175281643717,207.72829359473738,37.88907411813866,25.19580701050574
640.0180186105953,207.53131246195846,39.2453006199377,25.486852604965975
638.1330544553101,208.40217454687036,41.26296598411526,25.688830539662256
637.0979282123211,208.08992543020165,43.36605742085028,26.020074206326225
635.8367880911967,208.72046913094425,44.40155706331686,26.30678212082873
633.2907392262255,209.409630485444,46.385547208641874,26.405974778647085
630.9475771201347,209.6231002922149,48.92313771684037,26.518548396665388
629.7531586536054,209.28040736551117,49.30925588722599,27.151942675667055
626.9005042094782,207.88671128280942,46.9983879704472,28.657877357984788
623.3308548836419,209.87568698344222,39.9305702120234,34.41069972605935
625.0011048105581,215.17968963516446,29.13701143561911,45.02835819472506
625.3442779103882,209.99156983044736,25.544796702702534,47.34930193758193
622.1765810684549,207.35804959192853,27.767945934257845,42.486268117777016
619.1859637584108,206.93356970425623,29.315953849229253,39.09989958464586
617.8677768234494,207.2669871094551,29.651830190144807,37.540064251696016
615.6500338285997,207.97764155657623,29.92646600352228,36.39603898977602
614.696387765992,207.30262559422835,29.46364980736238,36.338928504214735
614.0359349337963,206.81067417125416,28.645477993724995,36.651002931550906
613.1717281512693,205.69589530666224,28.07705413468824,36.439162722886095
611.1640574385714,205.03567337173195,28.052129499057877,36.483743990133064
609.4794757772149,204.49132132229045,28.082250520835615,36.038909338691695
607.1494624110996,203.48053919217517,27.842141507072824,35.928787889345124
604.8942794996021,204.13897843461095,28.028688090013457,35.48011935236088
603.4410545963776,203.51525189687604,27.981138901314637,35.09997583140192
601.9760047880309,203.1121729108531,27.676410309805387,35.313736762250365
600.9033885820401,202.97030019553043,27.242128844409617,35.32331133500962
598.4922615709145,201.35732226790236,27.15097382775192,35.11768608687392
597.2707415224877,201.767912910126,26.938455926857387,35.25925827174039
595.9785842401316,201.1999874297227,26.62805536181341,35.37154757816901
593.996976868491,201.10137987936102,26.433456586814454,35.252511482105696
593.1620801518541,200.7956322153804,25.712104508602092,36.359683833787344
590.9398714154443,200.79490857886626,25.939461531604042,36.87228674067194
590.9301593347615,199.51712024636498,25.282137317471918,37.80338161785934
593.0166581310019,202.7981486595184,21.57054759929463,43.606953249260606
592.761688667883,201.24842924707067,19.61332460784348,46.19342840273755
592.7432686923779,194.7272766710233,24.439468421354505,39.32514915104237
594.7705814530691,195.0768713371307,28.96675208553523,33.41058505274549
596.9816997496947,195.09151230951764,30.38213272543603,30.400855230386
596.5970939717647,195.93347459710066,30.83316748508448,28.187195583489824
596.7749429608418,196.41912892141414,30.380952730156736,27.038323324317677
597.9584776062748,197.4933423491329,29.73612554285253,26.37510976573008
597.4775654877417,197.83734204073417,29.562668288417946,25.813940578223253
597.0210160249898,198.06980130952542,29.20010805959955,25.53942343269474
596.1382058968227,197.43612443257447,28.749023050103947,25.462905190971313
596.5506703474657,197.3640405914807,28.234368002208228,25.254599848611463
596.6148534261038,198.2951050439242,27.778231614938296,25.089687415580144
595.6950918419068,197.5371412520655,27.136284560874437,25.240929485983578
595.9054615866804,197.22685357819645,26.60758798774602,25.320819662032605
596.6248426625413,197.53697581697253,26.339122493269368,25.119597837860216
596.5059581807557,197.18260632223223,26.24994446416367,25.109731169916337
596.7022816393512,197.7211158962499,26.113218657143737,24.81702585233092
596.5639826159851,197.4637017811653,25.82984378577921,25.01218193776677
597.2134067354879,197.65395798261545,25.823140505002442,24.830236525664183
597.9523264915343,196.29953968429626,25.498775286193474,24.848185880597125
598.636009378597,196.65844226536507,25.671645776143457,24.727204152270097
599.7300555448288,196.22226291961368,25.697063398658344,24.782864936558642
600.5723635853121,196.86695405984094,25.934734655589082,24.411418337064127
601.1470646873162,196.54109335527718,25.90638460915766,24.267962140547752
603.0195306321339,196.08554508970454,25.934709270039125,24.115340821750838
604.8098117601467,196.46933527720364,26.041068799999454,24.119975038232113
607.5032365626695,195.83169862705847,26.58364151608423,23.960092736094317
612.7483440490073,196.63081487763813,27.883642242544536,23.649359701198243
616.4314736456702,196.76123743815194,30.588239321303636,23.680234560799995
619.3222380949175,197.33105443425234,32.48381827066337,23.810809429388783
619.9974695600589,197.0896120825915,33.98862346832396,24.307795814466818
621.6080715221834,196.7230217920396,35.15218456172384,24.753119069958323
622.8342355015701,197.57225853341714,35.276248184578975,25.49634508404744
622.6924995230964,197.77376264777186,35.84833940321807,25.81952475183607
622.9615590642528,197.0762628882776,36.265562812333286,26.041610954338026
625.2807384757707,197.04583284696443,36.49719687646574,25.853885150981593
625.7125608397957,196.9243615853932,36.587806422359634,25.91571605762937
627.5761149876237,196.77897012342277,36.7819693027257,25.82419606236308
628.3256352734976,196.51825616042788,37.384878896065096,25.387687512182758
628.6696223042544,197.6076059519105,39.69880999407654,25.414256590905033
640.0768144402355,173.91685821276795,41.64302096682691,25.68699701159242
632.4249409212454,174.56079072179335,41.83322847394447,27.265834877382307
623.4141957887448,175.2571336584382,40.91595864438993,28.641173280043194
612.318985298062,175.422029338105,41.10072721778238,29.304200105437403
603.3332151935995,174.51844421623792,42.22865789993868,29.43023980903373
2
0
0
0
0
1
612.8871417941688,196.88410205539992,62.28503881020934,43.33420769914667
611.7451529011844,196.88032459796602,64.68161219702894,39.81977790684593
611.6314872105809,197.72893336503788,65.88642458021508,37.6472930184328
611.0412348602747,198.1593913552246,66.22351485677058,36.44136599022551
611.5465822201435,199.19701119612776,65.92525359306322,36.311611097445436
611.2342455924421,198.9074547289463,65.93811066470289,36.260122258704634
611.041002394194,198.1358822507521,65.15814379436972,36.94597314505758
611.7727139220291,198.5805812066204,60.67621126535305,39.468029697937695
612.3248214068427,198.9410547483575,51.84175726811935,45.58430925241777
613.5503039868219,202.70185869338022,38.802378113061266,56.859034155745235
618.1859965005154,199.8289559028451,29.619982091984646,64.64247029309345
616.8606626615043,195.50506838118469,28.334109466248044,63.05957209772376
613.7552511975942,194.60146704231263,30.132325461278025,59.05961784992019
612.4557298844574,194.21347579061353,31.697494281249867,55.63734613351225
611.1085370188516,195.37816497362405,32.63817286494351,53.24813165494813
609.9772921595361,194.99878088303177,32.83417203908381,51.66148696709721
609.2363926151888,195.9375599260276,32.38437728257715,51.32320920478107
609.0338758528179,195.60767987732885,31.683848393736792,51.07671322620551
608.6171842033864,196.98915222847566,30.67812127436768,52.03809339775357
607.9977074697904,195.94926740453465,30.285753904911928,51.753787557562205
607.0648483310435,196.8034437381361,30.2255784340417,51.24885539853405
606.0557282447542,195.79547657731666,30.31849802948628,50.64164478593128
606.1605873298857,195.86622369792215,30.587610652703063,49.86383576324919
604.9430843670583,196.4451402441415,30.611923215873286,49.579818017206364
603.7485930947406,196.24608074757163,30.73794857126179,49.27877875355973
602.87997222218,197.1296654978534,30.625965358672996,48.97879119117881
602.4360040913868,196.29379882178665,30.72811030505173,48.97163276367041
601.1348049386896,196.74610729920568,31.062247682103113,49.00713137987264
600.5216454091857,196.756594899606,31.359823672766442,48.663472556986065
599.1448749227606,196.3760421765116,31.648186086829845,48.366887851005984
598.9497412786511,197.55987186808338,31.378295900339584,49.42564430852956
597.1243145319044,197.20330334016123,31.374973084593027,49.445396305157544
596.3506047871676,197.23528470156845,31.356359329782123,49.506358823257045
595.8997641929872,197.13181063151904,31.417205935686635,49.628563163815016
595.1646333283638,198.14061463312066,31.467543366595258,49.207413752189986
594.1168701963452,197.00716512753897,31.40674797863717,49.203190378157316
593.1278261981648,197.13243548050212,31.451213944107646,48.930442650498016
592.3867801583244,197.44100588898127,31.371653300643786,48.896369988509434
591.1985331329108,197.5632371750641,31.596934510161553,48.82077909829607
591.3158948393381,198.50194928519494,31.35587923929263,49.81659185730993
591.5034596157032,197.65387867679283,31.207980522697802,50.22640822284663
590.4091406661202,197.44935209153252,31.81747354045314,49.43061848863271
589.537526205227,197.43308970227815,32.26139182509411,49.07425888163499
589.371515672778,198.22500402829195,32.575608323642285,48.79462261221376
589.0888277540627,198.29201501535394,32.687250730501155,49.25710401685912
587.2104415289709,197.5869630753408,34.81055330378085,47.11614469015455
581.768630552658,194.99917841513607,39.97214686368653,40.185349697121715
574.1379695443591,198.68466899916365,44.34635142581613,35.14573955873357
566.4845953778087,201.4874895389016,48.834626601862816,31.602189515886103
560.6349883510122,203.90527881716346,51.75574813594275,29.387636028820246
556.8117421351911,204.9955348688743,53.78873195164741,28.481818231287626
555.0205404944725,207.60882424696277,55.734147568936166,27.91764265561072
551.6331742801602,207.7559272529718,54.612998129290844,28.638934031623315
549.270308550355,208.74794898166053,54.885774117668916,28.372494116907976
545.8207349610603,209.2802740636581,54.21988793900887,28.9934212153792
544.1753110292585,210.1576427914707,55.13544981959209,28.66998193516615
539.6111411032841,210.58963515795762,54.91399426591543,28.764858702404617
535.5730304396589,210.99913682011717,55.239049860603885,28.867713146193456
532.0600616776702,211.06768531185207,55.71476435803218,29.01655674512234
527.6313330109231,210.39026820429177,54.7184674774002,29.639108833548796
524.5346287876649,210.79063438882986,56.013467611075804,29.274644505876495
520.178733288002,212.18019916537855,56.62605029599895,29.423401072893643
515.8737723177135,212.88278166266133,57.27684407229401,29.58647936821464
510.8133529323632,213.5204388471007,58.168437893138965,29.93555687715997
508.37916248351456,215.1417807233644,57.83488781582703,30.78359336966623
505.71920327796386,215.78630080035305,58.38470167746804,30.814228309266305
502.17783832039675,217.07878434893166,59.404813619457414,30.65526293759101
497.23635719270453,217.4646609351187,59.15949996132619,30.87447596426965
492.64380912900435,218.88334824151272,59.738520977409785,30.819242065159905
486.90123201690545,218.97666418964297,59.333706900551604,31.092680108927254
482.17850710335574,218.0552427519386,58.317683922209824,31.67066769703331
477.4613932306417,219.3144333754843,58.53775191523322,31.549580452831094
473.6834972982267,219.42491803915453,59.16247685230903,31.37137241784407
468.70181400194156,221.3227565551751,59.717147691432636,31.06579081046492
463.1267758331765,221.82632789390595,59.02754668381805,31.129179954646155
459.76038065919477,222.92837864839836,59.693360566926536,30.861323422888663
454.7038246405683,223.48479421386205,59.5748405195398,31.025598815174575
451.4890942863744,224.19519816028023,59.87200537605075,30.791054493749506
447.9180036802772,223.75164226011256,60.22763354896317,30.554793143490862
443.78542738282397,224.83591762925278,60.03356903830288,30.55447141726024
440.5351997654809,225.22176009029386,59.993520984585516,30.50136703705234
436.85160754184426,225.87461829841178,59.5026977189105,30.513301139840216
435.8473097518778,225.607123761913,58.6759229099577,30.77347338363581
434.75503879152075,226.41368350541933,57.12928005553037,30.841738409462316
435.2429541758027,227.68468003164168,54.729227148245606,31.14422221262211
437.8985189734284,228.37131447109175,50.43470936653707,32.35554643158316
438.43288461848744,230.08453078080177,45.83435056942825,33.61889171116199
440.09939826885045,230.14998048043535,42.329575206047025,34.49968403199897
438.45990800335943,230.84753615153522,40.169130908194624,33.521703063353314
437.35589895643716,230.80143488748166,38.24859580883154,32.9928298284301
436.9246909323911,231.35868924209765,37.189972735863435,32.20395886377771
435.8346549438718,232.3731735332152,36.12317633407548,31.71564345759115
435.2413759875293,233.20525074149234,35.075176616064425,31.49055139734859
435.45138418283915,234.35190725189818,34.262909595237176,31.548457633444322
434.1965045296805,234.26610899026124,33.934181799931466,31.052050212085444
434.04668295044894,235.63132666916536,33.32240121453519,31.095622744291255
433.0828809124963,236.30664616368315,33.52330067139772,30.42784290918478
433.1715057689764,236.78920115245197,32.85703138411633,30.48176743425217
431.96025127853284,237.60315247708206,32.92628899606463,29.70033615345272
432.2870693482953,238.0665838168586,32.53854113022784,29.7478922322373
431.56756758113744,238.32440366137462,32.54176356118463,29.484703173371926
432.415813845968,238.55632803244484,32.46976207976762,29.710892880576786
431.07009149266975,239.83557949176813,32.81953598032503,29.581410249393933
429.19003203214305,239.62544722802534,34.07626274892706,29.261182671006637
422.7431409071425,240.63342776781025,37.54653419305281,28.349796386569857
417.00273403053694,240.61223163125567,42.90833624319267,26.609640720466164
412.81807100367615,240.37670941116676,46.87671359092961,26.355923351970084
410.4894312205015,240.48224569658234,49.720985658491216,26.62620091578317
409.0806790968187,242.061593127065,52.120481387486564,26.836246678536227
407.16887348456737,242.92915556260706,53.46528705632285,27.489355464092505
406.8950359916757,243.8538639269717,54.22935341929885,28.088615332011585
405.62047953390066,245.1600290474036,54.357772790440976,28.759814526695777
405.1826719637299,246.3639377189041,55.076537344083555,28.796734012859535
403.61235475782723,248.400013647665,55.50340775629058,28.997536824094347
403.0045894021983,250.4985176642503,56.19381100608962,28.80109305766517
401.90520288808915,250.4333998695841,56.061748768070615,29.00146872984942
401.13802649792945,250.8878233348313,56.03982372707398,29.043849336256677
400.40484259333834,252.64458090313755,56.44475108000222,28.375378768383783
399.5255124138255,253.18710513640121,55.602168695620236,28.69579084930071
400.16340244617226,253.76942316235193,54.591641595770476,28.659788440618303
404.642627554101,255.17809404426254,53.3666303061317,28.485472150974626
409.0521038170778,257.32122163813807,50.53382141392015,28.662848912562584
413.46046481572563,257.37602766238695,46.471170564544146,29.69207484132736
415.600611135517,258.44918999978,43.00849978415886,30.039207496932974
416.95413062448137,258.9222745310145,41.15034338168071,29.278954210930713
418.2576953158127,259.26106259199827,39.69177675539768,28.78146721474697
418.5656055409725,259.5875354973605,38.53626160384501,28.400725450818875
420.1202761668738,260.1635492425304,38.04486567611882,27.97489701860753
420.1882747179612,260.06712366822893,37.699850514218056,27.719605308758837
421.6840096943244,260.9482635651619,37.61697035437922,27.48879148568809
422.84280888518566,261.1378340906675,37.64589623681764,27.485923349733444
422.8484941297198,261.34576630958776,37.463943419827885,27.51035967401026
423.9470511586203,261.67795979598765,37.84016950909768,27.172464345769956
424.89624372762205,261.3657018399255,38.11121384624168,27.253966046505862
422.6739885962296,260.9488651399391,39.96919208915587,26.93723289146214
416.33439493016823,260.6875485625268,43.566349244190945,25.784753472396517
410.8288998120663,258.9429173424581,48.68129467854834,24.94105759947898
408.555524440619,259.38322124189364,52.265640928720224,24.529610314640315
410.0521645965098,258.10437819257044,52.242216163896174,25.36767751206555
412.0852875551442,257.861391711807,51.172256470680665,26.52734735898944
412.4199981717178,256.79586837392526,50.75015387941297,26.540783467469414
412.46649210622485,257.83613717666174,49.99910858526918,26.68405383916255
413.2492707776101,257.1791749511443,49.951094582390674,26.578301976968625
413.50476646066755,257.28392726642124,49.74998620518734,26.62407534831726
413.946548100975,256.696513870544,49.38881279382647,26.68717597119728
414.20838145451273,257.4457283881776,49.03073465821195,27.048411547917482
415.0012410972803,257.6759757860535,49.25290630946871,27.04306310126073
415.81162856018796,258.22510078657723,49.188884189817195,27.291011173722843
417.64187687861846,258.2329267343942,48.75061490535235,27.626255278044056
419.41803271956763,258.00666091111674,48.427779233127424,27.910772804066333
420.8701041484293,257.91905133059976,49.25933291559307,27.46611120338405
423.5540605107938,258.18616670232444,49.38707328513398,27.608028862394963
425.2733522187717,257.80348698892624,49.568313079712574,27.587599696956097
427.06275891316716,256.85751999744684,49.26526558253001,27.682259155914206
429.0110876334694,256.8597502230781,49.20928780670113,27.749440265170758
431.6198520167857,256.8921002794878,48.89756723010221,27.720918273688476
435.57349884397877,257.11864824145806,48.149263133379634,28.06641614207496
440.91552278041445,256.0064920335258,46.410866627869446,28.77791823114979
450.48633292528996,256.3348248067889,42.90976643862355,30.757449614036084
459.1316983555491,256.0295979660947,37.198908202283945,35.44906533625674
466.76198588686583,254.42878928762192,31.094465723828353,41.056572904818346
472.9509417043665,253.81620501862403,25.668831134889828,47.12925071162374
478.3847250271022,250.44748873312764,22.92607397653622,49.483573608593545
482.4089086629783,248.41635201477976,21.27404134506578,50.65184237401309
485.3991175584333,247.35729634001873,20.72136229433356,50.80238837781581
489.0948461816916,244.79722172648496,20.74835710987191,50.36598981922555
492.53901523348003,244.8084921496923,21.073802275185507,49.746809803813555
495.3524085597241,243.00460097648323,21.027087823695002,49.259865734264366
498.8444425603893,241.2966989202187,20.697556184007688,49.49255688237819
502.9103798946674,240.67812568346756,21.223584520992432,48.7933743563219
505.3448010943506,239.5346917054776,21.362289281137727,48.406342258934856
508.71172692915263,239.7979578435452,21.274959331579552,48.18496152589094
512.8281697391843,238.48017092848787,20.953297401038622,48.34613445442896
516.3565635618301,237.04861633833985,21.108382546177662,47.910864657784714
519.6364612599093,235.73746116641576,21.178032703806508,47.43910449113545
522.3693136396951,234.59816244746392,21.17928403106623,46.96872671829608
526.45601820031,233.84185831759785,21.39273199553957,46.49557191390028
529.2253180154007,232.28281928550115,21.469120384413927,46.647526878676906
533.0880605335387,230.40629492225563,21.693922996709063,46.08630462115052
536.9877222629618,230.01391512946535,21.13766231466832,47.353500709789856
539.1831794213407,228.48391671810887,21.036125559357814,48.31274163393891
542.9074475492981,227.06163900591972,21.008717516351997,48.89355812454308
545.9009840119041,225.72699862849134,21.26717872252664,48.705077671505734
548.4801397037148,223.88579716367968,21.937197385939623,48.68688874857315
550.9728481400032,222.99397405414658,22.35236854218785,48.65292674082544
553.3462664190218,222.46437432276144,23.340150898080054,47.85879010616365
554.248352366444,220.3353937249526,24.935247457527566,46.719691810136744
553.1066789187531,216.67679427088586,29.051201840929714,42.05001741362255
548.1951176573748,213.83728763644172,34.75378419383932,35.815865213718
541.6592319040874,215.23417951006826,40.27870827692648,31.353941014984258
537.8321064831256,216.18895147924007,44.6694665897638,28.76138452350876
535.8112001352026,215.886293903804,47.83288289316029,27.27359943334887
536.7134869139556,215.28282854304362,51.173818955309656,27.000407861832556
537.6345193954637,214.02852877662454,53.126599292539645,26.939268865094103
538.4203975430214,212.69332696315263,54.0774466305952,27.380693391532454
539.2275954019437,210.67257417730954,54.072489562722595,28.206099811808432
539.6668641217576,208.22629615266808,53.456295740557536,29.44707789654259
540.7190530281387,207.17962148326134,53.53512583165369,30.106408262930813
542.101696061561,205.58499216829324,53.94007078054285,30.129955805536575
542.042341657999,204.63203149549614,54.197863897092134,30.11865897760364
542.8410255312469,202.49729530575732,54.1694386860428,30.420673895827168
543.9737028494038,200.7772544511563,54.120983659941274,30.48410280048943
545.0435514061307,199.77805859122094,54.46078223089945,30.596463501429824
544.55819488287,198.02864283254925,54.89773721589242,30.66061672189859
545.0852248430322,197.6378783678403,55.32420963486186,30.13598453729415
544.9221055316447,196.16093354708144,54.99667887866942,30.593030011057856
545.7260723635427,195.2920392453284,54.697360680498434,30.81898774151245
545.7056734462243,193.12938371667556,54.35648144484565,30.829173215123134
546.2965806894631,192.12798170197922,53.92755405872471,31.079892211140027
545.7460179266019,190.4498965815893,53.62282629721511,31.096670034784246
545.2987570690552,188.39183852392557,53.88655831266153,30.790599829991244
546.2829872531313,186.85507120392288,54.28627026627833,30.811291096387517
546.7065057115294,185.2089797432186,53.877220307222274,31.183632274149076
547.498241242113,183.4202555376472,53.53347103247581,31.434045914429916
547.0366968033414,180.46716526835854,53.61090646168519,31.199385837953297
546.70085769259,179.38416042887837,53.81531785162804,31.04034355726548
548.1614084744925,176.67679826500495,53.51563984735063,31.38668210874269
553.6630083118038,174.24096920828867,51.63343058964354,32.46419265495705
560.627580302784,173.0555007124461,46.39557173198358,35.18454598898716
569.8452761411761,175.82936200876946,35.06511417748334,46.62836214850237
573.4867186921938,172.21436462159042,26.412297771766234,56.00757036346711
575.0714997205006,167.9776166037006,23.35653544749142,58.30962218634434
575.7333648795407,164.39096777713706,23.519583384662816,57.13591214302116
575.1442906930662,164.06788462749725,23.57074033311097,56.16384734722512
574.921953582488,162.2849857484398,23.581506287464233,54.805158279544926
575.1724082513097,161.35256084974733,23.434130574613203,54.31699125103675
574.5088316296101,159.53025275665024,23.36778864851709,53.851236325603324
574.2945290824359,158.56840981633997,23.04951788203817,53.576064245911226
574.7287937285053,157.14658665222836,22.75716288849942,53.78920956093797
574.075988516292,155.88701745379845,22.36693035264677,53.82947320728247
574.3147171594862,154.80750673108108,22.18408875035211,54.09132506162831
574.3016281828588,153.7174713545304,22.042264032096796,54.369346805990716
573.9908010145587,152.86979905614731,22.14756000225009,54.444639165973754
573.2905809044082,151.2507773879364,22.17930820225768,53.893450549919045
573.0617581880264,151.38113130941005,21.92617203666424,54.18127754603334
572.54206695044,150.31158751112469,21.843383530546724,54.043485411434425
572.1474795603532,148.25728341763374,21.578685077974487,54.36853511631439
571.8929687517973,147.66600905297273,21.54192763011024,54.22119432407647
570.765419136996,146.60885660599024,21.5595135389663,54.16266244125913
569.794754493673,145.62282026136282,21.277162978852402,54.39742597370798
568.9522623108116,145.36067897358848,20.775265839035647,55.10399686877673
568.2471575709436,144.40539324926021,20.498812046552583,55.12736004079817
568.5987280191973,142.71558640442385,19.99931265649451,56.06224963431347
568.0752272241431,142.3695670153195,19.791557528940835,56.61094649413711
567.9039136268804,141.76786738814792,19.691438586193737,57.544416781373734
567.3166656963688,140.91796349263757,19.65709525860095,57.86770303910893
566.5795891704958,140.1157926575616,19.54990421928285,58.07547205243137
566.5087940646415,138.59838804224552,19.42163145339463,57.94627299761078
566.1952719353666,138.3015934925935,19.2503509348655,57.96305390656242
566.4075967022093,137.65596808430854,19.266387059682284,58.00755400897719
565.1910921849646,137.75607619921342,19.21357388066437,58.01468347808158
565.4704926338276,137.34423084942256,19.25678959767516,57.71224895426978
565.19183546714,136.6928394556684,19.11324369497534,57.71044824439597
564.3793356100322,135.54022452672012,19.09895148523559,57.37629699567063
564.7767410816858,135.2193806243049,19.059746092447316,56.95303171584912
564.3006442494809,135.02987944264459,19.136422252019283,56.73476096775089
563.7180824103344,135.4572333982533,18.811451132128884,57.017887087958584
564.1804645390312,134.891030160625,18.049366230241553,58.14984831021477
562.9063864119472,134.49888367048288,18.192790108259103,58.37595908133582
552.5371038069093,126.88246200786415,27.177481204804018,48.743358427587
539.0866863856166,129.41752109842506,36.726893349021196,39.264500070858375
532.4560142351555,133.28224800493896,44.33718826852141,33.429839301351436
527.7440896800056,136.04509560623433,49.00160849865959,30.565693164468826
524.8320006932255,136.58754248753473,51.67145532108287,29.26615769419422
523.3354812552109,136.89685616542084,53.13941409058784,29.15164596105538
523.2487583166172,136.56692975978203,53.885602350099354,29.208536376001383
521.651307571296,136.96687603565104,55.067717974911865,29.04187642971582
520.2930568044166,136.9216768760485,55.35967026017027,29.340048791848965
519.3525343806352,135.63676622242428,55.17737631608526,29.919708148474825
519.0463255772672,136.0765049811333,54.817166551029445,30.376348031540306
517.681147346781,135.37083704790433,55.51836789289162,30.35512086671137
517.9980835152966,134.77316680951435,55.25979478323862,30.711560265039637
517.0928395431126,134.91035284606485,55.61310888390128,30.834445307328643
516.9098571090008,135.53063210000536,55.70043085417427,31.153698796415803
516.1257576761883,134.67446920288188,55.69333253508289,31.154533538660317
516.4403365955326,135.1668806640436,55.84878774570669,31.403918737112473
515.8985356986213,134.95951534445396,56.436992106241135,31.355674762650093
516.05879787018,134.07718683060546,56.308306878978655,31.562895029297678
515.6129143169528,134.9218021782748,56.14745568275102,31.87817543468819
515.912717352277,134.72917940066054,55.84382950125981,32.34957758211398
515.4043821453757,134.10686197553525,55.75442521579723,32.35254061190687
515.280428077207,133.6230810654369,55.62613893094988,32.26359074861938
514.9337509940286,134.11803256996635,55.33058909793314,32.3979117121249
516.8180166825404,132.72867944285406,54.607153054624185,32.89761064106543
522.9552884417768,132.5702690592631,52.31926527662038,34.35648548350061
531.5879934664293,135.5858446793296,45.449235972264205,40.347155755470105
541.1813850551728,139.69488626751212,33.868478518261526,53.52049910644411
545.0515947109631,135.96070301401576,25.912567070493886,61.66616443259037
546.5833758341786,132.5979512176561,22.112978839930864,65.16500637843521
547.7840688769447,130.2865773900495,20.391237753630033,65.68680539357213
547.8314059407284,130.18279065167357,19.677575077274362,64.99809848809004
547.944088381381,129.983953795553,19.221130571356547,64.15689746271899
547.3691682062715,129.97531794637712,18.582955856640556,63.89593141229022
547.1844182707791,129.04753902490017,18.788098732463414,62.41182371845866
546.9344884340234,130.27606016455906,18.697741282422967,61.55087719926398
547.4465160553242,129.95857976133055,18.469358711823936,61.1062756872855
547.1510667649857,129.25041830710364,18.256123084597668,60.806526135765495
546.7275319450455,129.39499123506576,17.9792196485893,60.38659777173986
546.4769091856868,128.60357239101074,17.943977688874106,59.8302180464221
546.5648299199294,129.3848114139713,17.75768641247432,59.84358385796883
546.8394155762899,129.75876403766955,17.702805340102618,59.9564594972106
546.0135613172125,128.65122607578417,17.603136235161738,59.28361299172869
546.1082759313781,128.84899187030328,17.478133761538096,58.878822640929485
545.9943279770389,129.09117876801497,17.172325351993038,58.73603965456759
545.9350978121462,128.76483716112597,17.144059523035406,58.3214863732472
545.3479791771491,128.5566549827136,17.075002495855568,58.32700302414015
545.5077383708332,128.12374057306147,16.93846205705553,57.98841327408632
546.0460355679285,128.00844984895474,16.901300093105807,57.76043887539982
545.9256195244716,127.82848951942859,17.0035912922597,57.56073870916475
545.9694846748109,127.51965979075496,16.90528130898188,57.53854154923403
545.8865736162501,127.69391576931042,16.84691880240876,57.44054579046765
545.1815992233859,126.96364583383564,16.91334871507463,57.22762568581759
545.3921080630134,127.31160250145777,16.892416915085555,57.04380933179067
545.7298758879758,127.65239621710855,16.842224020026364,57.0975342780624
545.2584749619796,126.67875109401092,16.86438099669403,57.031982587928944
545.8019008394928,126.5266239886066,16.77434152684047,56.68817330618052
545.3105694117572,125.86713654253926,16.538342624271028,56.55475883591836
545.0658407801211,125.22525865388019,16.540216048927824,56.27465358664007
545.0520465191217,125.57455453571202,16.45063157522162,56.12530714986547
544.3425728022323,124.85484077770317,16.56643327194729,55.79052718664177
543.6782833629553,124.63176525063511,16.52627227004084,55.52433030863567
543.8405367449562,124.58020111071718,16.881743832229375,54.896404097998804
543.2716292107634,124.36832434415766,16.76271201673907,54.99541885457911
543.4284806457869,125.1891115518753,16.636241917055095,55.48363453622675
543.3333942049611,124.78491373040575,16.652979085413644,55.63018143893031
542.6447433873843,123.6501975967518,16.64548679930626,55.530244516422236
542.9018602621006,123.55463908442468,16.73380161797674,55.3296185367265
542.1604401636258,123.30160628020772,16.72129497024831,55.58415474610114
541.6984905204074,123.6174909645868,16.708310479820128,55.69564167809125
541.6877198325222,123.46637706086014,17.006526812777462,55.13582507971823
541.1601818381295,122.096562833044,17.166415590610878,54.968866182905124
540.8233330998557,122.13910830826084,17.0459245370493,55.380173775698296
540.9048717118001,122.22413836183418,17.060955729193505,55.68459741752862
540.3815072383344,121.67820856678242,17.04545922900588,55.692311289336836
540.3158431905982,121.43214777472983,18.086459053333314,54.67612705721451
539.0496866282855,121.40968818156927,21.919746593567652,50.87247498972822
537.7641501821139,121.0433785871182,27.612720532645632,46.104602878566624
536.9968013320898,121.03767720176126,33.571711998138596,42.94429938315166
535.204245362285,122.22734743432679,37.48025210954909,40.95424541482707
535.2277661771853,122.64864712782172,40.039294138846515,40.621769493887165
535.2741795560621,123.21790455388924,41.60313405102087,40.68220240085332
536.1130047876115,121.9293206701545,42.953396423000605,40.46591862331123
536.7782953178792,121.19322444385855,43.72735490010163,40.65366966258112
536.8797636660122,121.49729012542885,44.133060783810826,40.8336214475228
537.267744742795,120.76761328538439,44.22370427509857,41.06848230568227
537.0918776422402,120.26601005861369,44.528693991900845,40.88640524619622
536.9574116351694,120.20168659103848,44.7353855785026,40.997102108734836
537.486051599975,119.37005389850566,44.49273180568065,41.185280818903614
536.7532958234685,119.69314135282109,44.317826178725475,40.946501448073185
537.4305543954056,118.85622596702021,43.5895533553135,41.45631939969816
536.2608851144518,119.3593144451205,40.39471833938296,44.007760869996
535.7334352695741,122.45642347838262,31.03242944957517,53.846295234644984
537.2800055922636,118.90964567559078,27.22079463586965,58.68623011245956
526.7170125232138,110.07081445369846,34.92814494306948,49.9920708934972
517.6657884025444,109.09225825021,42.371942611308185,41.99691567715825
513.4278184817449,111.00492944626478,47.53199410444496,37.56590426859542
510.7813440225676,112.24464342666704,50.17699456072932,35.35218976542136
510.182184134398,112.77972640087376,51.35872448180599,34.35075961581372
509.8067936140934,113.33415238237161,52.120195710794675,34.382782335227915
509.60473483587435,112.04248725962807,51.93007566293419,34.79394107097556
509.43277980801,111.00392332912585,51.780633522320684,34.66043515055587
508.9169614086477,111.10275460869558,51.98832606181782,34.56692536725242
509.3772570045302,110.6220363140401,52.10911636486611,34.96946106988244
508.87408146620066,110.40125199547609,52.384859667256464,34.969557723534145
508.0853780765357,109.89953748221686,52.625163491792364,34.92710622028741
507.44319932325465,109.76987057150772,52.493223139018646,35.269831940553594
506.96686920172397,108.84058374549016,52.47132102728692,35.074985664081794
506.33097682735047,108.58597514233864,52.56507911201487,34.99731030559768
506.1853863007772,108.11438502059912,52.57987966306325,34.70918866809319
505.9460899688668,108.72016447489558,52.48157800521861,34.849925592167075
505.1484739366303,108.2425062268729,52.678865515847875,34.71697219891489
505.0217913539187,107.99276513794118,52.46100384277531,34.9165712392176
504.213142524255,107.82075662895508,52.51433445327849,34.66373408314483
504.11860220877355,107.75178817009987,52.523383861821756,34.70687556915587
503.91600247662404,107.12888021471579,52.334665327848846,34.81717967310264
503.72335557211335,106.49240174986997,52.066686924635036,35.22516858472681
503.9383703611985,107.00390932969864,51.78535079797217,36.21312039818038
508.00514881209665,108.07217899847842,49.156089862807406,38.05160651276029
517.7104478834708,113.42525483642332,39.11498658936159,49.841673824879905
523.3107110750572,111.45572528636622,29.389849357253837,59.9199253996043
524.9482705369358,105.23660617948943,30.6032965667117,56.903235368624905
525.4216109634601,103.27297570232156,35.24777534366234,51.08536606636012
523.5861794968968,104.74115507075032,39.0627126567641,47.543912492947996
522.4414825654039,105.56655535571824,41.02520370014565,45.904214380971595
521.0997199651836,106.04970099498277,42.42174545264441,44.940909021808054
519.8788406483889,106.88657419023288,43.17751493211853,44.614179452891364
519.3637353513285,107.01026058363784,43.28296922211899,44.98192912817083
518.0700198230534,106.77079451119502,43.46462869269672,44.9729522468137
518.0095629369963,107.4187944436562,43.15612072778036,45.48296667820604
517.3747314848225,106.93905146887475,42.98404548515629,45.702597254603894
516.9889124075379,106.81810968748373,43.125072267177686,45.83409729140808
516.9475673087262,107.31982054864687,42.85582813013679,46.14047169095152
516.3266002617613,106.69327048191899,42.53451986172615,45.84462987951454
515.8324380866316,106.37992447480269,42.426926238887425,45.496386652791145
515.6264354338921,106.52083883998986,42.28811434652375,45.550258836432974
515.748636497492,106.9658471212374,42.25733828983972,45.54834342486208
515.2809112707047,106.81739314775024,41.91839195287301,45.796860612575585
515.5766432592542,106.6879191509017,41.854774735421216,45.855327827385615
514.6877122868034,106.49660236000994,41.94627363763772,45.737619822079964
514.222030349463,107.32170297362626,41.87662268007615,45.6525793336847
514.4379183321695,107.40437811554472,41.48041822917749,45.851423741715095
513.5768008251822,107.20465803538927,40.73665311754938,46.01443420304034
514.4931897928682,107.25133133491155,40.44116311702321,46.00116925305542
514.2067563738913,107.1187312034731,40.00729958020953,45.940977288772075
514.0085647427686,107.45447861684376,39.50437745022033,45.85371774421671
514.0768322558766,107.16412387363438,38.50360015998983,45.906980277727115
513.9012255399608,108.23353092349655,32.54999853079051,50.269610453456146
518.1112915862343,110.13506854997854,25.266310375056836,58.4533637811311
511.17422418754325,104.10490914684172,30.902286833985084,53.3694809369933
499.9324956193316,102.28298759984641,41.161676175204526,44.27466962046296
493.29346222465597,104.3250154380291,49.35296264950032,38.51659951695345
490.0348788492589,106.6207941425166,53.62054075088444,35.582659463613936
489.24037096658174,108.32560489817074,55.69307088010008,34.112525367941934
489.32014972980994,109.15890556914613,56.60855403575982,33.695498610729786
490.02335649066913,109.36054899149856,57.05427905207857,33.6105300842338
490.87324342365827,109.29591658356438,57.62214129152303,33.79032150556313
491.1064805695382,109.77502050627737,58.13018658572389,33.74973116581312
491.84918791570584,110.11097420641842,58.197835073209106,34.403512467009
492.8548838156936,110.15794614598715,58.06110274661974,34.7650516857179
492.8528569709344,110.05270660818528,58.34612835433395,35.1558981135968
492.2587978533828,110.74291319746501,58.720274631863035,35.42389819227099
493.18207428785865,111.1466254489132,58.395242418714645,36.0717259799343
494.1195591890231,110.78765525741355,58.17465624967801,36.36813249565438
494.2011935381832,111.30494799994946,58.4436716707713,36.32034192199831
495.1950281888775,111.72945477977663,58.678984895846455,36.46489553193691
495.3021179517929,111.9509457701059,58.80949361578981,36.296772639375256
495.9049479614091,111.85006466329425,58.85856148442005,36.36625302568232
495.86990252888205,111.55350063040059,59.13193749830325,36.43393216773373
496.5292511539294,112.19745140028186,58.89176354174782,36.92553862596923
497.2939384312649,112.05833199335984,58.6683998035126,37.33307849186296
498.0032902153818,112.38096297454392,58.48450221252472,37.41719819359312
498.8712144191848,112.4777534822076,58.712349681546456,37.535178640526304
498.6268150707229,112.07361894380465,58.61350455153698,37.178376570448876
500.12821883008127,112.67184570658303,58.635283077723074,37.42705409732971
500.91759300058635,112.69019592406397,58.397455562991226,37.6520394175282
501.9104957654449,113.35640765458434,58.37592687257467,37.61697569978734
502.4963429570301,113.21711463314725,58.602962731979595,37.370801062703364
504.2127014991548,114.54386668717058,58.92812886637496,37.69175051565615
504.80770421738606,114.60082214339766,59.044745371412915,37.517330966448064
505.68426341716685,115.51668506480229,58.772726584108874,37.88725097812704
505.4698529292877,116.87214804932452,59.10087636375815,37.63612486471892
506.3608969918809,116.39773470485463,58.96298369952131,37.61313696861218
507.32082838889653,117.85250965526106,58.94091424118777,37.40851169120832
507.3204377435023,117.77170001789918,58.85881433688186,37.2383962432513
507.5275195187399,117.63530724905141,58.68975419247174,36.661190060477736
507.7225760132983,118.77094632746895,58.658389472461764,36.44039255192041
507.6175913914078,119.36359731484069,58.724359273247714,36.35709242180871
507.77277590794705,118.62970626794507,58.768912754841864,36.55073351671898
507.5323136085007,119.84157811031889,58.93923051625855,36.90917031794642
508.38710743230394,119.90410044062372,58.90780539532571,36.99285567633518
508.7969809569204,120.35861917783606,58.933671295458495,37.44146692942043
508.71589123366135,119.72560454433685,59.42073266426034,37.35145010534451
510.09061804215423,120.93574263420973,59.08462485161725,37.89190532862511
510.20639934503976,121.25447922290537,58.853334417352606,38.22450062251923
510.82358389568736,121.00662800944677,58.69474298693617,38.26465339818188
511.1373228679467,121.05416884389632,58.740726538981676,38.833494722393986
511.050105474824,122.0941411177574,58.866774919457896,38.79883649091106
512.62998197512,121.70520597937139,59.106383768055984,38.80991713855276
512.308734059634,121.43346959244577,58.82809180772967,38.77430165253376
512.6836551901965,122.51891316637612,59.11518142497219,38.659849768885785
514.1162355762282,122.75341568464299,59.45111022751104,38.5202606771017
514.549819143246,122.84197001814637,59.66786150538307,37.96693632442604
515.5288445149854,123.67915132099195,59.645022603359386,38.135868411383775
515.998183317713,123.93880607664258,59.396729912347666,37.816114166837295
516.7823848446072,124.5392299144262,59.05644718174388,38.04133813772089
517.2739661723499,124.68982962036807,58.98121626715404,37.70992120806227
518.2728216972946,124.50022133323714,58.837892788564545,37.83494044837544
518.8737104497985,125.27223846729834,58.869027231440825,37.58292223867541
520.6777134517981,125.540117231013,58.79936466583408,37.78118713005443
521.6957060729934,126.03357366008834,58.636334962874635,37.43746749949695
521.9476145692923,126.10123445384353,59.107910228575804,37.26966553363368
522.97381661073,126.30162027548333,59.303870061468494,36.855680385118625
524.1263011657022,126.90997578670314,59.43031165887638,36.83807126166984
524.9395851301636,126.38079427722707,59.41497291851498,36.911003563747826
525.3231155949949,126.09028655472417,59.519136043423956,36.93996274251644
528.9314097707277,125.1725203772945,57.501173381318225,39.16921641329506
539.2248737738017,128.38991708187697,48.96244003864787,46.56768062168219
551.9552119259688,131.9244118244256,35.390241615848026,60.67235031414853
554.9940055775578,124.60754187879766,28.860039274293854,64.13400650382512
558.8596334475228,120.63500526894397,30.325243966912574,59.787259098857334
558.3588333016042,121.49669276116708,32.08883877231614,55.45706843806028
559.4316282324878,122.58454392647772,33.166491296788,52.50741463837484
558.7318080955713,123.02171699412891,33.60386943978243,50.21812701599069
559.387187690507,122.83858637370285,33.68053522200238,49.29875753090905
559.6858674957884,123.65403493450333,33.501269320372124,48.564779752286604
560.2689800408326,124.62583674856046,32.94019604127018,48.6875458268105
560.1171886366745,123.80733675227063,33.04761923519056,48.05482488299169
560.4533275124215,124.24980534455386,32.99147430020545,47.54033145997033
560.7888846747493,123.90810042803236,32.965534456874806,46.94757437186462
560.862104571076,124.02140324769474,32.66856364822351,46.71567234392866
561.6014275170927,124.59164185384549,32.455268283898164,46.66856853478966
562.3588146654561,124.60532784699315,32.24213770292713,47.10673807631171
562.5985519800709,124.58388136134002,31.756380760394052,47.7944633463744
563.8100998474387,124.89600572095276,31.056399381262892,49.39781267498728
564.4649686722801,123.362170057931,30.04877646058591,50.01438044682739
565.6775274992824,125.22836621384089,25.568328372946915,55.678143679860945
568.918909891516,123.71069598097428,21.698758587525155,61.01941728104507
557.2072889028426,114.27397322124331,31.565926628627892,50.97403647619607
546.7491688928624,116.88020431424157,41.77051421715333,41.50340358162507
541.4400489317737,121.18497105793257,48.24738365400843,36.36421460179937
541.1168188092065,122.01070610207691,51.77952663435602,34.30144069938213
540.9264254583652,122.63870596768473,53.41932361049671,34.09308270481774
542.0825774248397,122.75924281336749,54.12053705482156,34.59573895957092
541.4560802464288,121.4966091011893,54.616223679143005,34.87429773134313
543.4342694837106,121.65993313259838,55.0748715535666,35.15732219412189
544.1089155589614,121.1385647867711,55.729642377753535,34.93250627405264
544.3638874811405,120.53793657967981,56.154880531439375,34.86310445126617
544.6390362652542,120.22225178439595,56.28695211180744,34.85229304759531
543.5484102182046,119.32474399893478,56.46132896623769,34.8603345609741
544.053764839611,119.77186390048884,56.152223555095475,35.301541684664386
543.6518933562993,119.55655860109232,56.33130000029171,35.05614478491303
544.373124822107,119.36304714540842,55.896030244869266,35.23103361446188
545.1823048804811,119.97981178712473,55.93206383591571,35.499566260850926
544.1954321522218,120.07569137611017,55.92867815456724,35.551353524997424
544.632472353961,120.08290707892323,56.38275287006342,35.50880285209392
544.6649062345068,119.4956470981555,56.28766787790252,35.33471811074452
545.0310371382081,119.13967899883954,56.653753646451094,35.07128387791113
544.370131050485,119.52648486293728,56.49953475915943,35.01600482274553
544.6819752303626,119.11443498112241,56.65736138525853,34.940912609925164
545.0335710123112,119.2507937113551,55.83265328107953,35.685377106365245
551.2919376653693,117.90873943296154,51.95401905034324,38.17531347028159
564.2757060268426,128.58148309810747,38.684788103261866,53.8478308226973
567.6434343205394,120.88258575815856,31.80947276815774,59.3638990973029
571.1654200774227,115.08583441674165,36.60653460311076,51.84519817145862
569.7608743824967,115.30687915612124,41.21452092292356,46.81736404637288
568.2125097665806,117.83755700869447,44.20694123125576,44.281762713248646
567.0252936477118,118.12680256856022,45.18516884160904,43.304691834608185
565.9908802758266,118.50178971062414,45.67631175211244,42.60077489059039
566.7366241553847,118.79955498914204,45.509872131791745,42.29739722433097
566.3627630050435,118.3850092806811,45.389886817032725,42.11903059750271
565.9291182638005,118.70808321818258,45.24662200459434,41.983949453298486
565.2878937434201,118.71674276592269,45.149747815902444,42.062185997164214
565.7863490412554,118.72815628947271,44.73970488675302,42.43219171657813
564.8476933997682,118.74067531785713,44.95267544928263,42.23438444605138
565.0960996855315,118.84180523408335,44.68179125551181,42.5790663150113
565.2545858770097,118.07421079297384,44.279398397317514,42.82933389867266
565.3971003008483,118.48648509650062,44.190787417644046,43.00827149497604
565.7324049028373,118.83804285315028,44.27596678532213,43.01071343953659
566.1758238972974,118.11457993544586,43.98206865070897,42.946561704416844
566.3217236329367,117.72329364569987,43.95202210221619,42.663148253969375
566.5362795796896,118.25118834208406,43.879399127238955,42.5969347922825
566.7254744219476,117.69293991132572,43.78296945315637,42.36663584830271
566.5018567251713,118.29884734476872,43.8248205152952,42.081904271515455
566.6153968709278,118.28322744950178,43.93911971687776,41.82172458887018
566.0883003207756,117.98796999127194,44.15247605979941,41.3127459611771
565.985215742588,118.0851123778474,43.672646892372256,41.67353276017779
566.728012261958,118.30445104575267,43.28443990036105,42.10480424065507
566.5425779118008,116.95718018227862,43.450880694546015,42.09482858109307
567.3101418433381,117.18642233092903,43.10744531522767,42.74927656069238
566.6624105686357,116.82185133033593,43.804653500647994,43.052083381833555
566.5674055984175,117.9305533694484,44.4629513939887,43.33315990547663
567.9411422004416,117.84417911363718,47.19599063487753,43.24459396270265
567.2775284512859,120.00872457434033,48.82240597215936,43.59201284809569
568.0818702976322,119.28379301667879,49.411420967711045,44.205869315785066
569.0663499317488,119.13863477276948,50.65168217948215,44.23249159539989
569.919688839283,118.41823337219665,51.01128192403245,44.19771165840844
571.1523193840504,117.77384134201203,51.188261890176115,44.627503014394485
571.8242223280149,117.71840455737292,52.48775978591368,44.03245194642805
571.6590302645568,118.83600430894617,53.19782350109426,43.76537672335553
572.6707881199225,118.34602186395847,53.1930414464651,43.8096242822031
573.5835862478915,119.10573787428622,53.45815977793907,43.32369025508641
574.1496612173152,118.13231455476267,52.6635094749957,43.99003586493649
575.1529207582179,117.53021434361597,52.59767441859663,43.83593699537737
575.5384368588568,117.52024873447724,53.36064425140921,43.381054133238244
575.9765852357101,117.35327640216511,53.46641181039391,43.335763247491386
576.3465224114927,117.30414998187473,53.695181751956625,42.94223733693871
575.4111869587102,117.99518831520419,54.37003754301411,42.406394782300815
575.872969750223,117.57863306305211,54.23530155043589,42.31294886452061
576.2044452985398,118.18501662148323,54.82965416333172,41.50451531923492
575.2776426408849,117.80032177711823,54.46315566410619,42.00063072973978
575.5037825290583,117.55952129898925,54.57883656504319,41.911600773231925
575.8265444941301,117.22029253579817,54.34284742508517,41.95163367997509
576.0249340183685,117.49259437484945,53.78384963969887,42.094702535890775
577.7233763629185,116.39175601630758,51.653263306171894,42.37714477476865
577.0069516967044,119.45050507611168,42.78201782896186,50.129457447703885
580.6247514833426,119.1750499169613,30.98143196117391,61.22302333483114
572.5872072700126,109.86194913419405,37.082428488820085,52.52486957397423
563.3720155234334,108.18917410891592,45.41981866190125,43.612950938559194
559.8167882555219,111.0266949104129,50.204826398869,39.20148652773966
559.0679434958929,111.80219439562612,52.7718910508975,36.85870742388573
558.821583958548,112.45830982457446,54.04295650252576,35.6670884237714
559.1934089938267,111.6147324050787,54.309476740296844,35.65714744154414
560.0734359337446,111.86512539482845,54.547912432395485,35.53362458057791
560.4985898485763,111.35791565677513,54.240548810718224,36.07206246542562
560.5760740066225,110.71710299277531,53.516958081531875,36.358933241623134
561.6174414871294,110.38605121304543,53.89210077133337,36.48666428076049
561.4955572596192,110.69279619445719,53.6694153733835,36.582883907922145
561.0812182563616,110.73371362628708,53.68420371138792,36.349575838403425
560.1577133742655,110.43113660504801,54.25812657484208,36.12437535427456
558.6351315557689,110.90312085957666,54.78653755315807,35.43020942235183
557.2557441571898,111.38871978989988,55.778358187621,35.29201143577063
556.5891671256626,112.39905560528486,54.80394397657139,36.192742816464865
555.9218424134037,113.10543130552838,54.8195039368955,36.00072334183341
555.100981684167,112.61185588001771,54.69701999105571,36.05168892626283
554.7227212965547,112.2661929228316,54.71127712368981,36.05861103359603
554.1805508421586,112.96854285852342,55.05665652783865,36.1719246691664
553.4608394996533,112.45110314566705,55.12648911962962,35.89642035220801
552.598020850954,113.46644501083107,55.500110150321916,35.60024534071922
552.0642749249131,113.36444849632328,55.44549172420096,35.35390668488824
551.4272534411213,113.34432779419976,55.37174195271071,35.02912693134136
551.2012929597844,113.86484921371584,55.46911005717308,34.75849801393167
551.3263635796316,113.70249346171403,55.96812979791446,34.517816636982495
551.2528511495658,113.90312068730027,56.24209109608728,34.35521132537777
551.3522670735515,113.09731212704594,56.68678429775112,34.93438004891347
551.2883668069376,113.49912875848183,56.25336799302606,35.31397729041541
551.4969217999884,113.1952509016406,56.51989684012033,35.57865396518934
551.3063464650902,113.20929688136425,56.64311864979359,35.769181491763845
552.008257842004,112.78523661228996,57.06004067849721,36.0530965333143
552.6914138070002,111.66918068363393,56.8388380289761,36.71127088567601
558.9679873720679,110.77662851866336,52.79949076172818,38.657345710280424
572.8754079951536,118.89958337789074,38.91312007993166,54.48358306119657
577.1678038907272,112.45199879112329,30.32318300124782,61.427187937195185
579.3563354709759,107.77526523886078,31.616969421878764,57.704751812287384
578.9662161073373,107.56458162465825,33.36988642665029,53.974907464344184
577.0696316911605,108.29157055556345,33.97368172665862,52.3477371330642
576.9257313442866,108.95581825001406,34.35480867731077,50.51931031468577
575.6023858248185,108.48233283574021,34.58557355519135,49.93122010760362
576.1954548871478,108.7492893106677,34.49576242768694,49.350437847235064
574.9989551279059,108.57901611228047,34.80531060054904,48.82760652986718
574.6980725852947,109.26326290233325,34.33508031073538,48.45634286574504
574.7037726526133,109.49704580439992,33.276165152701914,49.45691779628598
573.598481386402,110.77714201463522,28.786634212009105,54.33784600569998
576.3698686393627,111.32835139724284,22.80183206896617,62.1532977968397
563.3323268836039,101.27409196692864,33.22493492399894,51.25939301201569
551.0559490784335,103.82688718749027,43.7138436488478,41.933536675264655
546.0165193289446,107.88054085748162,50.63246602939795,37.52325064268977
544.4885842890371,110.31576042961012,54.017199399895304,35.58131241867283
543.6951334339707,110.08872724852564,55.563311834059064,34.840346957246
543.7313336225033,110.41293544110263,56.90228514261968,34.48439183170484
543.5267087205834,110.13581731706998,56.36698420049602,34.98863937446974
544.2236994843902,109.80578671737888,56.22799508820553,35.27910359883938
543.801945984368,109.74906639045064,55.97035249101104,35.52443165080147
544.0992827886428,109.65358075671152,56.02517801270197,34.9939783063004
543.9093918744262,110.08321710812422,56.509210319138006,34.47792509442611
543.6803808031581,110.36437379160505,57.154873962435786,34.13967358978175
543.5588617090436,110.21448507343769,57.240570337173764,34.21715290593734
543.1606331116211,109.07618946235843,56.39538169851008,34.668382651756346
544.2589168005302,109.74951343391587,56.29158317812233,34.65733134476213
544.545879395894,109.48292982073353,56.64177017766112,34.67942189577039
543.5221510703619,109.38508375225152,56.71285089576567,34.471911328790796
544.5421643024879,107.83926951630428,56.313935508702144,34.9199612568202
548.9191104425543,108.19718683845616,52.98806170932937,36.32077901756662
563.0268810268418,114.61662988590305,40.00457281703058,49.843801422443
568.0103147573734,111.33645073433883,31.607709194512665,57.64289014299446
571.7252341074509,104.0565493598233,35.53276926638095,50.87500790857929
570.4950538562312,104.856028883693,39.207815831541325,46.02944027482197
568.2158108913093,106.92034821374469,41.473022831023115,44.440209417898366
568.1544068249073,106.53138258079426,42.255769976619845,43.32097486495455
568.2402061738,107.1645644723815,41.98555077645902,43.55034101631048
568.2205542595156,106.57943824077581,41.30732917619147,43.8363364617442
568.0554410814849,106.78805515672394,40.48939709490637,44.333559376709786
568.0692528647445,106.54400471890415,40.26260889311003,44.13199820914554
567.5118817292231,106.77625155077847,40.08320152818933,43.964082773943026
567.3736863701721,106.31375004358189,40.36474848045091,43.69309311068459
567.1112922610304,106.8188385419619,40.556067622036565,43.728208800242825
567.4576316216031,106.70330849262487,40.64530234466865,43.60002111922517
567.9110319069698,106.3995851898786,40.99497688995595,43.07679610013226
568.3740991795811,106.13633180376607,40.85709570190743,43.063854677404564
568.1111284405575,105.71660929073752,41.00886301321479,42.873946763580115
567.7761463140972,106.37982704541008,41.00186872500554,43.028550012113975
568.4470046748842,106.0646686141836,41.26865894714197,42.677440044887874
568.3257179236438,106.71514585078725,41.62286235021402,42.656622567124266
568.202267168694,105.62068007513031,41.65130190027024,42.04947063533185
568.3399868659883,105.87222139734476,41.65853541447128,42.10075971025744
568.9172655274508,106.08929454643646,41.52999813664232,42.16776803546257
568.9015842143805,106.47243109538756,40.901445599452344,42.29984639048039
569.5371590823428,106.81688762860293,38.647370743191416,43.87614710566759
571.4206135173515,110.81874769125459,28.505644826536983,54.55661528991451
567.472600388521,102.83508365353458,32.135608108175205,49.75304186757619
555.6753344988732,101.73117486643659,41.42265343639518,40.599091267258565
549.4919902444652,104.1441771515812,48.539845046687084,35.241948552178705
548.0001616674872,106.02616218926048,52.86850636955506,32.6607254031389
547.3589711066039,106.92064497485305,54.683332683171265,31.698123106539747
547.3669687282155,106.50040404437178,55.30733750351867,32.12792872379707
548.9950497792128,106.58440989793466,55.84459990207852,32.64197289990485
549.0821825285063,106.73020638274404,56.117289237722765,32.91564827573148
548.3686835536063,106.8757666678251,55.9273839773783,33.833138401855045
549.7891333123807,106.97705213392956,56.15306310953227,34.53813065077432
549.3799940818284,106.05310894558869,56.15949170474465,34.5889406327413
548.7851004951557,106.13005655020139,56.286077539068074,34.22226523017243
550.0139711005986,106.04583888335608,56.123671329919766,34.50628747059908
548.382113736196,106.36250822084595,55.98445245269428,34.596509030458265
549.1982963783234,106.9935530567981,55.92427677278181,34.83795476076061
547.8149395037157,106.3752508198439,54.833433824933515,34.97584445926308
548.2448317324253,106.80846932666378,54.42870636558867,34.949421001070846
547.8858594160457,106.52164148720173,53.76016353792032,35.044625568361056
547.7983692266758,106.34592814338579,53.838924316976346,34.74302478817206
547.0706629072554,107.22810949804118,54.175225959481104,34.43898571074647
545.1450377252584,106.8329734516566,54.106390380519485,34.03954284925612
545.3800765905304,106.73700679952938,53.85480668495964,33.53689533749225
544.1635931234799,106.1067143396065,54.295788822642805,33.233690743625445
546.590758366927,104.90441292119802,52.790807462658314,33.89910576247069
556.9318544300965,107.59179573659736,47.155820938230185,38.58215613155639
566.3191976250854,113.14241854732924,34.671399717331084,53.50429759282413
571.0920139503031,107.38775609710143,26.04313615435056,62.919967143233634
572.8537217636211,103.92249551685194,21.171434209535942,66.89433612100557
574.365420192141,102.46344245476836,18.913438515169542,68.34133581148305
574.1859061966269,101.91716098111704,17.94461640844171,68.54780405247266
574.3176205206704,101.59827214818966,17.43600764665517,68.53721703943319
575.2599195686064,101.39477726818697,17.01181379770265,67.8609120282403
575.0735925515569,101.86233791738712,16.84547295970789,66.93601347202326
576.0650269355992,102.50343470393051,16.43200632474483,66.88737343728936
575.879907337188,102.2147798476785,16.54455111579193,66.55132112481157
575.6729530863416,103.05811634949255,16.551282107854565,66.76435519967666
576.4078400820603,102.95252310673749,16.376908137777754,67.10049143124496
575.8748450018963,102.23385718913521,16.66982616225732,66.00049918961216
575.8642437806312,101.61337596829048,16.569436937985504,65.58957545029152
576.7338220085858,103.11273507608048,16.301757866071448,66.57363807230243
576.7478941861733,103.42574275293924,16.287749857780206,67.10521387663044
576.7701031593258,102.70801941113123,16.425492250748654,66.96207559708866
577.6004634444173,103.02251686734547,16.51769586543933,67.69107053122208
576.8186046113165,102.24442559479684,16.56658658938356,67.7560149630226
577.3030334442299,102.82200410230456,16.5659376875049,68.17717588235439
577.5368199582482,102.57688319348114,17.079511726076085,67.73362368772682
577.8808863746159,102.09657182450131,20.28356155263587,62.922125737689576
578.9922758998321,99.06718900377402,28.79762813231588,52.68462664029511
576.4793710858937,102.2096276206028,36.27350286255059,46.916572611173486
574.459025402204,104.42274051891316,41.27496459132123,43.91172637431205
574.3395362929778,105.31530309850821,45.41069762935527,41.895926695119506
574.0718044276837,105.76442974234257,47.31858000543928,41.55890216491771
574.7617012013317,106.37988656546733,48.798693921392314,41.408995090871265
574.4395918146073,106.5794393698904,50.30827733663872,41.40472248908335
574.0659087059158,107.51788709097282,50.60642522232794,41.78392191034564
575.1901532570178,107.05537607365575,51.258631449621205,41.55597658737846
575.4210627197315,107.42846156494497,51.934145664526284,41.3570363033873
576.0620783045136,107.29051987402588,52.17290244503392,41.453379984639355
576.4475829384465,107.19508391039,51.710921635220906,42.09796926452172
576.9124682008504,107.19707206674248,52.028801524237636,41.77560314247929
577.458394389725,107.32066112840856,51.78658185702033,41.60998661961426
578.4117127417178,108.14323973446551,51.81683294670178,41.387926643853234
578.9768273773395,107.96797150663922,51.19356168032486,41.52918328133413
579.1515118910523,108.39090217204264,51.13643504545224,41.754462508581625
579.7062737015592,107.78419041873597,51.721516886818584,41.55959839163231
578.9706861841873,107.50733540840758,52.15022637384931,41.30876551300356
579.5027818894945,108.02850537559684,52.05036418916392,41.288043520599516
579.2902379858735,107.56572904906011,52.45751358142114,41.00297147963629
579.4433480481824,108.06615562385403,52.96831607177744,40.821473606148054
580.5045472082508,107.91511789275398,52.560833559278294,41.331762881089674
581.3878682333072,107.1956481149827,48.643667109628744,43.35779068658256
581.2775576810194,112.99314799880547,36.440488123660025,56.08935388716267
580.8961684910144,106.07725740697904,33.84536636589995,58.64762705055949
570.793060763768,100.64912581470456,42.203230236006554,49.41361319988701
564.3833174279305,101.52157825569086,49.18200979317511,42.51506646615776
562.3303079957484,103.4094282340778,53.13401070452812,38.56896164731475
560.9285526404491,103.960525314719,55.26034581087898,36.89085767453966
561.6387252356549,104.83990505507951,56.20057866550093,36.21631655512877
561.9855375161335,106.06522829253205,56.85474610247568,35.87377934161255
562.8019924843713,105.70987189709635,57.53283168104022,35.959389510288574
562.3747785950286,105.82508373898723,57.95441444413463,35.86144896556297
562.9693609270782,105.57657513240115,58.23428487708273,35.87596463087633
562.2749337562196,105.61671242717247,59.02161394873274,35.625582718749385
562.6043013412017,106.03500787524024,59.065565877994175,35.57739297524297
561.3235018214604,106.69991186953187,59.27457744725507,35.66165956202809
561.8678049383587,105.97454570753274,58.49112295087258,36.27423896999737
562.8819814761058,106.33923193201491,57.938703712779116,36.437365590097855
563.235643699709,106.60328550629156,58.30210765947206,36.29280748059211
562.097769900861,107.24411445410858,59.24780723881764,35.93531573012831
562.5828447509201,106.38962479149819,57.88013581056741,36.58661446172984
563.2945834046257,106.92712029289174,58.106719922025306,36.36278030295918
563.6746866242606,106.0175972044139,57.64253038639882,37.00672664018829
564.6752117812932,106.11545721930413,57.48534391135085,36.930539435301625
564.2609857588857,106.89196273941903,57.34535313889641,36.99870393211283
565.1351704603475,105.96273549710588,57.526383371332855,37.14171345596577
570.3893402020037,104.92796487633063,53.69049380768638,39.25465363065318
583.6705284786661,113.53420735812779,39.96887329208835,54.19422571402545
589.4740125645933,108.94668267036354,33.23127614337076,59.59302938235003
591.8336139461511,102.71639875791347,38.493619547476335,52.69812798254483
590.7885948847133,102.36334050056028,42.994217314681876,47.489723065042284
590.2411620130703,103.80718524189996,46.05474823602353,44.82076777318337
589.3169807885605,104.32414520708261,47.756301100350356,43.82033549531975
589.2692369726062,104.92348816147884,48.729857999485525,43.37792734742844
589.3554640463034,105.07355911582908,48.84101687945251,43.77749559949421
589.9279343465687,105.33970983025755,49.03646223465526,43.80123923644768
589.687318942502,105.0543142833049,49.349341843543726,43.95269658292532
590.263509267749,104.63427906625463,49.52992832293347,44.28046079183284
589.5728671432005,105.12232424275084,49.56905130923985,44.660633401219314
590.8336676044964,105.2848887065392,48.801337217949765,45.72709453890698
590.9301633690388,104.20377919249052,49.21668383393524,45.542315472317526
591.7977992385383,104.71571156272708,49.63748967752904,45.68093115934026
591.9939302354431,103.64534679667767,49.34080240768593,45.82461725922249
593.0816679271625,103.44548614536303,49.472404567458284,45.88910722938788
594.4418985503095,104.03550925097139,50.119812061561056,44.604743236629204
595.5508116164141,103.57937217535655,50.94991759286549,43.71929618940373
595.7960210310689,103.81330297662701,51.38663592484194,43.70035379568569
598.3110811248393,102.78802956833997,51.85346299865512,43.5187123547527
598.291665544649,103.4099226725011,53.44966218351197,42.54418760872805
599.1158851720861,103.81357681957579,54.92638846267038,42.24541359858803
598.9366069350525,104.03894923783415,55.754459018456565,42.075815093192176
600.3548839134542,103.49156555661553,56.41985307942216,42.12351917219124
600.9468816410422,103.76060675398256,56.96582540230422,42.1027889637661
601.6804355043503,103.64238437982164,57.760479455510584,41.527273461533625
601.7598415433106,103.54480300186293,57.90174717599609,41.79559103428939
602.7561756390871,103.37460615223118,58.270935979918825,41.69155365836369
603.3404627395124,103.55930121126684,58.56430237192088,41.73296825143019
603.3403630619146,103.82200817843638,58.66565424941744,42.07514696084536
603.7551937230336,103.85634775327138,58.4833646933826,42.39866981224526
603.7882058259171,103.8538418353119,59.05438010435462,42.149587108333805
604.2708569379098,103.73004443552267,58.840993203545615,42.21285255594768
604.0511625090212,103.57468486748417,58.47055469149564,42.492375735447936
604.7308703686745,103.22389471809352,58.66191433800607,42.11861507542449
604.696041716802,103.02981321559574,58.56323901220331,42.55740518373282
605.9553407132337,102.86559485957382,58.19531327251312,42.37785491477069
606.8374059718253,101.21640003851698,55.18907380046435,43.56815093646658
607.0438599177556,105.68448693764556,42.285444636473606,54.377490026596284
608.8623487959075,105.65778329026823,33.62952873760136,65.3546925114218
600.5310522475451,93.28503181526803,42.1605160285615,53.363077209001574
594.3880511802639,97.34808584417179,49.43860940551005,46.11445006893723
591.5059752075642,99.38304305701374,54.35622525279946,40.87655963686967
590.660198878369,100.87789852938053,55.882555654888606,39.41652487617134
590.4521212290235,100.23303989479697,56.3472884313524,38.38004286166837
591.3303611736278,101.26480780373652,56.981415248917216,38.528011990503465
592.0078315084139,99.40595865940729,57.00224497219384,38.74701909845961
591.7236591105772,100.02200812219152,57.339672235294785,38.6741013935041
591.6719795753752,100.43663943458182,57.83048266565653,38.37495016374152
591.330511079132,100.41865703266919,58.47102622271594,37.76531923676448
591.7050651750969,100.07447040816737,58.79889101536558,37.60496836410166
591.1400817458195,100.70675308587482,58.25590793827107,37.62701669788079
591.8725788304496,99.87902207780064,58.54168895897811,37.653618035392455
591.1475453837471,100.66236061612219,58.33188408620173,37.54959233182364
591.9011655185702,100.96644567405929,58.84652544830155,37.43673173848872
590.8481014299415,100.96777501527214,59.26995771734412,36.95870082053151
591.0413887323984,100.88121842837175,58.92575517545066,36.89008882486564
590.7494213576446,101.530734365087,58.2756277658986,37.432015288868655
591.0663537529917,100.81293305913043,57.58242622045353,37.62459376094148
591.218501683121,100.59681868893479,57.70890239274154,36.95137298389822
591.0736663580659,100.93088342275675,57.550269410378036,36.606007379041344
591.4748437112837,100.54719990122156,57.83948520026435,36.37532041467768
590.4893911702895,100.70123469175519,57.47301997036902,35.72207487257347
590.5941475535004,100.6832947426816,56.887741644408656,35.648199055160006
590.8413751474119,100.38665998976388,56.39268452891426,35.23316654119216
593.9978051561943,99.69246228701581,54.84264818630825,36.04420632883087
604.9477414030531,103.4170143816986,46.34424069346909,43.67972518801582
612.7515435856996,106.28051103420778,33.71042274398952,57.0857743566584
616.7688161652145,95.7198551490408,38.3228022600404,50.57285314978975
614.5949052525534,95.5828853762107,44.13946595555897,45.38760320465394
611.8690595347223,97.04026309698835,47.81892294734957,42.987674643544445
611.6042085879246,97.28068882717247,49.60906800062704,42.34981106152673
609.8141859972358,97.52971102084628,49.37966433263409,43.192532367476105
609.5635720356084,97.27964718875265,50.24859772529634,43.426765963350775
609.783108502962,97.88407914618689,50.79828152079345,43.612875499880836
609.2026210326064,97.33159007765393,50.05697323804577,44.64104281313968
609.0214727030323,97.46568256582285,50.60330118216226,44.40152662701168
609.5416099892024,96.97169680227569,50.38255717069312,44.69143445824939
608.9936055630287,97.87960710243541,50.62665624158177,44.37539684783589
610.1328906784728,96.402467602023,50.40880070044337,43.986691088068355
610.0766943987447,100.28383353007999,42.72882515979974,50.50417199571443
612.3307200435072,102.36292404628881,31.421792744740912,63.82974081812482
594.9073453168503,89.321974417689,42.98243253689617,52.33580552828643
592.4041676742208,93.8939240152342,50.37192162609733,45.36054971608395
590.7410650927894,95.19239849366892,53.87707489269678,41.354123938026056
590.9739322659877,96.0319647655962,55.0824091476296,40.050012305816416
590.9765648736219,95.69173709380075,56.039877024084774,38.66143980299189
591.0948637191109,96.73332027902492,55.773605612029385,38.46579373394047
591.26273072641,96.91621086588918,56.12908630098323,37.86121871601972
591.0562561589855,96.87775617416742,55.9869296140206,37.51345988089993
591.1307047692133,96.11978032345279,55.97617041887013,37.296599339193286
591.1301831702739,97.12410802919489,55.67780825693949,37.344539686424945
591.793191152887,96.68389440359286,55.9598317086933,36.924121231498894
591.566356171506,96.764696721974,55.718760542151074,36.99913176961481
592.193204291053,96.7712942433989,55.83115234882678,36.60896934090637
592.0783186043603,96.15832775642781,55.64865934229531,36.85556108093152
592.450967824151,96.4168309045464,55.8761075037614,36.62495794003156
592.6575665767373,96.57878227770743,55.518075140854585,36.878890922609536
593.1328866731915,95.53618065005912,55.595800573046596,37.1616641690021
593.6363616342652,96.43303125171036,55.43174679565994,37.23289165199759
595.5352219327185,95.38145658542638,55.77256907026842,37.71124385407956
601.5855762336024,95.77093863357977,53.372121128807436,38.89104306118318
614.069154515412,102.76801174498509,39.58690398470763,52.472688779125036
621.9645974660684,95.32470322597806,36.08114690860786,53.04531365229548
623.1013065266084,92.28581938455868,43.017659049885104,46.36407153251195
621.6443650723944,94.35437350291042,47.94056194437996,42.97399241791552
620.6077169060211,95.76482374978256,51.06009845766683,41.512777767184616
620.5093180101034,95.56529643610159,53.56322062980544,40.57780722769846
620.3873667872965,96.07683211825488,53.127422134109615,41.540577181074696
621.5948256224905,96.36309386890458,53.669061105374965,41.55224705691518
621.9496866967211,96.07101994427266,54.359485494473226,41.43041309938985
621.8514884891131,95.91698899541373,54.518563065979045,41.37891511466323
621.7587263587941,95.84596554867917,55.34420480449242,40.79400408103636
623.396571319518,96.26559031386252,55.250011338402814,41.10180543653636
623.6791742990497,95.79830241859003,55.678832330834695,40.83292958309255
624.1832785881779,95.71000092501225,55.93927001768776,40.784087850840514
624.4545222282107,95.39883330775965,56.34321971195545,40.20994432616071
625.6339459015607,94.8702784673161,56.03524234482407,40.1039366933971
627.1635571761916,95.9885948317978,56.2045625121855,39.804835940045585
627.0149767949961,95.85855906409002,56.698808388134985,39.218726137764236
627.9180960731958,95.55053010746903,55.880511621025406,39.684049336030256
628.8111434305212,95.68139385549848,55.43226181415099,40.17971434154982
629.3964596769091,95.03202862374991,53.14372151407409,40.51069515125732
630.2178396526753,99.63682656227493,42.97696236568116,49.79146179340416
633.6569736364829,99.11318112533743,31.776621050769275,61.083170783735916
624.6558131071891,90.09120610854326,40.27131516011712,50.4274942303237
615.8071065607683,92.73757101457878,48.670445591703135,42.705799083934814
612.9965861386715,95.18997808379564,54.10625427666713,37.913592129913866
611.5634468069338,96.94511163261214,56.85648771064839,35.79319710497755
613.1221578989804,97.81697895709074,58.183526334515236,34.66291732441931
613.8472086758456,98.39664908085453,58.64783251854413,34.260132325290684
614.7675637649619,97.69706584408999,58.32545221863721,34.59190448408988
615.4333637316304,97.8617325591748,58.44911579973437,34.79538513327074
614.6745980079755,97.62052545348796,58.41621535746369,34.784965654249824
615.9823090531767,97.8390724314205,58.18471302320917,34.75568369193165
616.9609597846893,98.04374344956918,57.837914347598215,34.568050334434325
617.5919973654361,97.63232581346293,57.94323362039801,34.225438898193694
617.4523899923115,98.1232003794743,58.04915231841096,34.30743527580122
619.1320480388151,98.61591013934895,58.20709111654901,34.14605363009289
618.9430366877654,98.0121968085277,58.81431339054839,33.89881633729756
618.8373201404386,98.46140009550166,58.5813096898975,34.00982268844654
618.7388400497904,97.84312614811084,58.56904091309083,33.868217956472364
619.2069293118132,97.5955282670208,57.71098152682622,34.475672488079866
619.6829867739544,97.57687836922912,57.15162305175776,34.548601375316125
620.0531313552584,98.34604148977706,56.80893424181774,34.21341254402968
621.1927437977312,98.71803578925434,57.06277198645907,33.72505868582455
620.9974641799139,98.85313954461148,57.315007874125676,33.28526931424896
620.6971724292866,99.04587597316666,57.48643640582889,32.883443932985195
621.385198328146,99.38587114894096,57.78995563322091,32.197581773509626
619.9835392392401,99.28708366166155,57.88274056567425,32.06179373829508
621.5392437645477,98.56399320357066,57.3696681264196,32.204687534831756
620.9014136156073,98.5185356769289,57.35622197903348,32.09761068331954
621.0172157990115,98.17274438935488,57.05999532306282,32.465809161604284
625.3813555336458,97.91762374263439,54.75273135268047,33.82963865731999
637.743416214188,99.17179341544629,47.73826319750114,38.75822325062023
646.2706475312693,104.97918896862477,34.205726881602175,53.715458121700095
651.0223223995649,92.2518636579099,38.31768380016276,46.865368369713266
649.4627588814836,93.3368112985726,45.15862636691738,41.43562889436715
648.3751392698629,94.37946130322226,49.76683774736192,39.24009928283047
647.2061469735987,95.27856297577166,51.80511100403556,38.82463109668538
647.4158221516323,95.12858453479402,53.80788758320635,38.046800087662774
647.6970570080313,95.36186534344986,55.07093377827969,38.08884726130344
647.6976687978342,95.54285353263916,56.06233877736108,37.750386930984284
647.907896164277,96.13382292386432,56.66664781873045,37.85918250602558
648.5248339019323,95.89271242732032,56.77079744848303,37.95327518998903
648.8431723228157,95.79442228207625,56.948873306804785,38.103982271337074
649.2484604481515,96.11670401942158,57.55290715983877,37.977017735549694
649.8745974820841,96.1466799192573,57.419493248601924,38.21419167294218
649.9148126325886,96.31847186174754,57.61438555441468,38.41175862584731
650.8786876611166,96.36564737381775,57.65999792440599,38.44483897183939
651.4976919287652,96.4180951123276,57.59323662077145,38.59414523433697
651.6938753966764,96.41709408835673,57.84660979030236,38.5439693565259
652.1757227062275,96.09503502844768,57.86369518164889,39.09393072862618
652.945081141173,96.23376314467015,57.97972204487428,39.5209425763086
653.7581397028395,96.27042490547329,58.28435244649239,39.654059513871296
654.9969401787206,96.05361481386427,58.596648359147125,39.545483728405344
655.9823468617253,96.37588637432472,57.79208449268999,41.061875373595846
657.0317887463211,96.60094329878208,57.6066943492541,41.65538983765262
657.5764315044495,95.95157059141764,55.289767036094844,42.42772072379384
658.4049713718787,96.36292987135226,47.76170492938745,47.564505310985034
661.46845015746,94.95962068052071,43.459473606416815,48.55179621648571
662.9243457460555,100.900281123547,31.62330988174112,63.04628947615075
646.0852355449994,89.87637123180531,43.1121090136876,50.29038595634675
642.3436552728506,94.14286331015435,51.13080561002732,41.69536128793204
642.8001748879136,96.52454516378958,55.06229197136949,37.61966243170108
643.1270772068588,97.23176242216626,56.212930548887904,35.579073262054834
643.9203970623597,97.43952600658112,56.083855237739826,34.30053577323787
643.7962660323933,97.22421252636897,56.03122654994273,33.44933564553456
643.7064023547958,97.92543284895572,56.08693893046214,32.880441310539354
644.9437836654062,97.64975738173706,55.61531023988214,32.63019132499515
644.8407125464081,97.9238454210366,55.21438507581433,32.29907544887822
645.5878218717107,98.00119738329656,55.192350745737855,31.761872489564308
645.5386992282316,98.53583264451359,54.924998064662205,31.76101683524619
646.082429646068,98.4910105364189,54.67174496483847,31.809162389875137
647.2597861225786,98.5917473790993,54.57479713425211,31.738106549591386
646.4920725195959,98.86428270632854,54.910727002442535,31.54358912572682
647.1334154002996,98.1593621001171,54.794502589713844,31.32138895100024
648.2708675483044,98.51128440189981,54.72440626760905,31.12000068226278
648.3263017241758,98.52130314022524,54.67630811127005,31.077058737516467
649.3571627828151,97.59604359208177,53.95780508940942,31.261229958520588
655.1562631574775,96.80990406096811,51.24579573412166,32.92421425200965
667.8337107695835,100.86480421752572,41.49864526926309,42.44137511478074
675.1041484936909,99.98000179793974,32.608036725335836,51.360240044128055
678.5864110070806,91.40848102506722,40.07776070506226,43.78606846859077
676.5014132106205,94.0611857618008,46.433960018169515,39.86179918662762
675.9758119559465,95.44162739963627,50.99730516559883,37.70922464278935
674.7919718699014,96.73549378803155,53.743816688430016,36.73682647117346
673.0430730545444,97.13546965903609,55.427057870603576,36.52414409844668
672.2384356159191,98.3556616606055,56.75961016169346,36.2653258523987
672.4818540417886,97.76648786376178,56.86803782175502,36.615094883773224
674.1387586977685,96.80257282808418,56.32186015612397,37.88635024859059
673.5040945271471,97.2116652829593,57.115982412592686,37.749481428387625
673.8980288084815,97.07744369259305,57.12799814156223,37.9451082581693
673.6128669346447,96.88656517082202,57.11061218147741,38.128109087656185
674.0035958587175,97.38582658846042,57.44103194348995,38.172999789478624
675.7195718541462,97.17181660759664,57.11107840866939,38.45035213646403
677.0061621526496,97.38602925885175,56.92210865891524,38.956982588436176
676.8814427515969,97.97535809280377,57.34079850186744,39.05356839075108
676.9371185200961,97.42213948238242,56.99483306561795,39.251519153715435
677.8157425484557,97.73679233769121,57.11246224783666,39.059441841409175
678.2939345405559,97.36000042877419,57.06557829923193,38.95780653406365
679.386155146292,97.6921933166402,57.0639091530781,38.85384981768177
679.9538080573195,97.09500563334393,56.610409674244934,39.06357353204398
680.1118809908039,97.04707448861328,55.73298268762488,39.34158268952713
681.2892026113849,97.91604743029588,50.95642122738869,41.111089013261704
682.129347452404,104.05874412795436,36.87578292150229,55.93132129967274
678.0542132738817,95.1689484971283,37.72257573979348,53.90408149242184
668.4328625542437,93.4054097814915,45.76055231749304,44.54420129891596
664.2788906908183,96.58909016690225,51.922140924517365,38.086762378362394
664.2621265849147,98.89874481801914,54.08073968392121,36.142320812223254
664.3721419307531,100.67179523538279,55.50038203032959,35.00421225473099
664.2842455791401,99.65025647603413,55.65986068573539,34.3867535296043
665.9995856808667,100.58185099119478,56.6619960770874,34.11995829844214
666.4823692958457,100.81216500032738,56.28013351082062,34.073294396090816
666.1095931357289,100.83839931129205,56.00016744063169,33.99204437736127
666.7352270310226,101.01866297960109,55.565560591816634,34.11892201082712
666.6995465446117,100.49584567319792,55.33132217793553,34.07624109859263
667.1060439317417,100.57924604074084,55.180815187953534,33.968323218725864
666.3978901084396,100.45408393522716,55.39667995049114,33.505326627747024
666.2727042688721,100.43968733425476,55.33476661078902,33.314995345254246
667.260630535612,100.11932978582969,54.83906833684422,33.525710129501554
667.7710729736124,99.84507443373298,53.78388312083575,33.97705454174229
673.7607613365041,99.02293089076325,50.850761967023466,35.29257246440961
684.4710676372089,105.52198317200798,38.70791961497041,48.209956558076875
689.5219251575253,100.9736398968733,32.29242046504906,53.075220618829874
691.3980658545747,94.17147378560423,39.171622635467564,45.53729052321263
689.7993611285275,97.04462739930992,46.88654991505339,40.7753523396528
687.2998829512568,99.75691222433683,51.537793111341614,38.93747016618419
685.6605366369964,99.98425735728476,54.21909625158058,38.66505178116865
684.2573094786877,100.37146429468699,55.62988356832223,39.224907779843335
682.9914408037516,101.09789691209517,57.013396385708,39.30914727316262
683.6830920579424,100.07141494301139,57.00546946630113,39.928274467566744
683.8836616964358,99.02016802615206,56.88518165990816,40.388754731569975
684.8801000687016,98.8509988677972,56.495618058852706,40.84529445831649
684.8707666601789,98.56097754966923,56.45938115683348,41.167345862209324
684.9610594696032,97.93447878569276,56.23390664893893,41.14230658262737
685.6505392990443,97.79078682590848,55.59051102487426,40.91911324505032
686.8420044976688,98.32571604801058,53.404418882016785,41.16434586492275
686.7642470531206,99.82869384434593,45.33323891546001,46.676104229352134
689.686600798224,100.49015233419638,32.76748698308408,58.27798227060054
681.0111042860685,94.40612942969727,39.42983934942957,49.368680010623876
672.1731214222145,96.63814395351147,47.467123233295794,41.11449216747118
667.9761305743447,99.8743998556254,52.329961332922956,36.456915421030445
667.0393343297736,101.84722656516732,54.9212044652966,33.796658511277165
666.838199365956,102.42680214907357,55.523750443024994,32.81412936697933
666.2482120915431,102.27814362943627,55.48679018265261,32.49645972682974
667.3260796512428,102.26546307816027,55.28205666052041,32.58544207000609
667.1820362658761,102.49384749378976,55.27132801743451,32.53390541228857
667.0137951115557,102.69164419386806,55.16089807494021,32.39425551226646
666.2496623909924,102.32362570893878,54.93791352970907,32.10981430507807
667.1134670891294,102.21769739972095,54.95175698832801,32.11699927228169
666.4104398991191,102.23285139611298,55.132731938758646,32.199695420096255
666.4086766667189,102.3798876084658,55.24177084446335,32.24391084937296
667.0639496342807,101.79880405241182,55.55617187906033,32.23721326864694
667.2531246225338,102.55488640905666,55.80398097951099,32.39924893113379
666.91345614306,101.94819569028262,55.7726971558631,32.52934568486393
666.8032146630358,102.2323862493068,55.865782184142276,32.47319080760943
667.8374549094837,101.39983025796172,54.96745659739124,33.031574791699896
675.1022534163246,100.33671791266013,49.67993870965974,35.881090441977236
687.6168952344074,108.65822477126663,35.77724911517427,51.457276925665006
689.9415895045272,98.2320138278989,36.85807350836569,48.2872024852805
689.9620689716058,97.07216144438291,43.50381881701684,42.37412746172493
686.6415873364177,98.91076699664973,48.97560364780776,38.85881867468551
685.1799693158866,99.8781045944315,51.6317698645568,37.89359611603863
684.3541911774292,100.18931339401338,53.42595501269761,37.14095128190389
682.5312205459575,100.3178866285422,54.690020484135346,36.37384738283973
682.0264007479426,100.09451010096326,54.97809817338472,36.27306497460566
682.3280416014857,100.0919588186265,55.08021574666542,36.51867815190199
683.1653096075075,99.78323261694068,55.17552058465722,36.7217218120773
682.9234774491025,100.16919324664028,55.30235486473597,36.93208008509298
683.4267291816151,100.15084419833724,55.11043168181746,37.21408071374127
683.9741353379958,99.8556520988734,55.355087645451235,37.119522654505985
683.8619745447298,99.55527110570314,55.82784870820988,36.81467327217851
683.9395380952822,99.75873031333008,55.80104389676355,36.97704090763463
684.2443275990863,99.79280895104762,55.81009203777349,37.041723040216326
684.9023222762977,99.9231165608086,55.711819464492365,37.26430522461485
684.9277433871933,99.2717632931886,55.55044188850103,37.2562288067435
685.3521695206094,99.4726169100197,55.80727714384363,37.34198074509483
685.9815175856247,99.30960364265587,55.26052599526453,37.90984372592576
687.0727897112682,99.11110552431671,54.73809319826143,38.20427958093743
687.3007453427047,99.27181070270012,54.96456298695302,38.13766932558923
687.9944000371148,99.34165734603235,55.59801013462851,38.008340671117175
688.4236037811966,99.97914187283723,56.03523892171732,37.824648399630995
690.3924019371481,99.4759172716479,55.70865506409741,37.996986254691684
691.3088873363536,100.99636839084421,56.44034700322294,37.569608680795234
692.1607016125412,100.38622639340483,56.28158780655752,37.633614701129986
693.7011558939084,100.82450738837585,56.25703675462985,37.73682930273546
694.2847722029327,102.47286600081233,56.77277986985478,38.04231364617535
694.2519260476557,104.82690174471831,58.888223344232244,36.914729613117345
694.8886639816371,106.91147950707236,61.69546828121284,35.82439645144852
696.5523848457242,108.71392248703748,64.26332654644787,34.97924024867376
696.9581880891695,110.41286902679265,65.69626833168148,34.603334922191486
698.2071493722613,111.05109812360223,66.85216741728107,34.61667031909286
699.7362365471351,112.34332418945166,67.27483695818785,34.59559284587563
701.8112357749307,112.7917556342638,67.97051317010225,34.792391565850245
702.7745930554082,113.73956953002315,68.62691195251186,34.28792672313186
704.4627673178832,114.73711585142507,68.44690800040127,34.598450436796426
706.141578159847,115.81981374552414,68.72549428500226,34.42717065940039
707.8653058540959,116.64245358813224,69.23784545585227,34.44143169464296
711.4859426663136,118.46542420148396,68.57160518873896,34.84182436633097
714.1056431302758,120.12250792595388,67.59458343175433,35.34460400505529
716.7475402899258,120.70019736886027,67.12130946714133,35.295905199367
720.3140828969331,122.57172820630996,66.36646188138202,35.51971833196694
724.1207803039204,125.03263366352607,66.03129976161013,35.71245799549433
725.6833301697044,127.0558443998325,65.18302574535217,36.04047797537184
728.3547836682616,128.3579617066914,63.21822266513597,36.462974200466036
730.6778179254761,130.85105007249703,61.60649844332668,36.50503516932234
733.3683918541301,132.78538899409477,59.549484612612254,36.82524769556421
735.4755005437806,134.38055785370958,58.95148813741466,36.44034623717014
738.6759866030923,136.67391736595638,58.50517735330334,36.35511508126443
740.6570937560823,137.28940955752427,57.77195921060506,36.82335251868379
742.6714468289343,138.94878533214165,57.406945838414515,36.57791236530839
745.2745711238372,141.73736161972963,57.38612503141408,36.23331525115636
747.3512568255904,143.44695325988494,56.75463150765084,36.359570622524444
747.8162600871449,143.92761296033348,57.011071125736485,35.850541208740324
750.346336171918,144.9253019872791,56.610423348074946,35.87668650215045
751.001662396243,146.3944656526657,56.74588405644299,35.44437946425795
753.5994366933564,146.89321779538997,56.1106990566769,35.3923332842407
755.5345587441004,148.2798233884642,55.201199398495035,35.303270111211575
756.5749602290546,150.60028976733327,54.17281168471438,35.21940208771683
757.9987080189245,151.75751100639718,52.221674283864054,35.65419594335458
758.390840217937,152.86205212336887,51.33387039248751,35.93103908122745
758.7974761245629,153.86920441314862,50.8083092995695,36.13447569957521
758.4548664367238,154.4339797718248,49.958164663913266,36.822988960015316
757.2030247433175,155.04994312560035,48.78144568047482,37.80913321156406
754.6909508269654,156.54369548567257,47.357809138805095,39.60895226810047
751.3662219918205,158.64844078503404,47.59867298555775,41.00450603488369
746.3335727888699,160.6551930729367,47.98777433425393,41.36314780968736
740.149468906768,163.67111771751087,47.42665727909319,42.776391695413515
734.7893439973726,164.53123514256228,46.842860888393346,41.909868455871404
730.2356439980714,164.16336239323292,50.53215327272583,40.06253355377414
714.61786208692,170.56682300612434,47.505553746292094,41.10451308565687
705.9481244862744,174.21002700132794,45.251748822907764,42.42418029831514
699.1348869524982,180.5119569821913,49.53611022806368,41.14151499542469
703.7159217423965,186.40593028462942,54.08263574381866,41.92618909235707
690.4738221845482,194.15411266850128,53.688258151559026,43.336912364917374
689.3449311076486,198.24629202081994,52.000780073731626,43.349178548414095
693.3064652155758,200.44972409890926,52.03173624223682,42.13947152172382
696.2491178329532,198.2962935751275,51.804628951909415,42.58140495182257
697.259982719564,196.37802152795874,53.34704045377278,42.097900510027706
699.3282038933623,194.3386494170062,57.842136816506176,40.94840846038008
703.4898250077376,192.1172603263737,63.702436558205974,39.70965306861078
708.8785738595844,188.65486297801192,68.52577599550536,40.25124641721117
717.0530420934905,184.1996907254728,71.32648537339823,42.56214544486078
714.4274687577953,179.66756338575183,69.81098445588844,46.62409311940662
733.2902067507129,176.5281798589446,63.8759996793392,50.35596627203205
740.5300558865971,171.91676306053853,59.04262840987924,54.6905041784818
749.4699918298675,168.94380868625012,57.13872528069022,57.13211645091492
739.8587533642266,167.18831342588288,57.1103153285973,58.04968208488374
732.0849443786992,164.8260282116849,58.54743235353917,57.011149690918415
724.3213728307464,164.70750643633713,59.2658957664098,56.67804378252542
718.9081024575758,162.12731764928765,57.85290423404999,56.78767832242715
717.7775573813416,158.34382010254132,54.85850663811143,57.731304111090004
714.3960646121272,156.36032363942104,51.906027288072366,58.58819393571886
713.6421950772793,156.10862688403975,49.215265254577844,60.40591312409426
712.2818371482597,154.62687536994179,47.73609536996198,60.54808923883193
712.3604986846511,153.19535019830175,48.216929398920364,60.37202505254302
711.1056073613893,154.47592643074972,50.431853840091215,59.01526377983341
708.812613777282,150.35342737203402,52.350670736109095,58.799381100215214
704.6033334541448,149.39965182603177,50.72094622316888,62.39623331954635
704.2566979276768,148.96236047353457,49.91192955567638,63.58246187346232
706.4477552886892,150.89250714465354,51.453385841689254,63.180857351714096
708.8997629948675,149.92695006263713,52.04922452847964,64.0145945522836
714.8560133321278,148.061641337987,50.95640231927291,64.84476595307697
725.1151533859645,145.50903332021505,49.90546124781903,64.88065156914423
727.7195743717698,146.33126230048936,41.380507116471286,74.03040102557534
732.8113231411345,143.09545559360598,34.81687876394452,79.56873549960454
735.8120475911326,144.83343378758167,30.18242033323504,89.37439186411821
736.5809124769515,134.3682544590754,29.633051880632387,89.00963485461912
736.5558128391968,129.9696631212767,30.299644298433215,83.79037087633711
734.7138205792472,129.57935877712043,30.439775077772403,79.61617705680877
2
0
0
0
0
1
754.1202568732806,186.29449115853967,11.323609692720733,52.05638755352431
753.5062558304655,183.79313422011643,11.740215047034887,51.89501942292767
752.9173983141161,181.67729182333883,12.178110322201395,52.71945196043214
751.8738589722848,177.52135855809263,12.119373280270844,54.559349179195905
750.1679955209044,175.46472318383852,12.689623945614816,55.007582699534204
747.5048115044691,173.20396330819415,13.105645550660725,55.77831200202334
744.7454532378082,170.79939290572545,13.484064873219614,55.744005516033084
742.9131510520479,169.61159617364896,13.381760272491977,56.53622873110816
739.8793761777956,168.0961228488806,13.597154678163847,56.22644218224312
736.4319915243196,166.04860928081263,14.396751909694288,54.584997608692035
728.4680438769296,165.45670376334655,15.740610593449407,52.46125531633055
722.3759003593349,165.57880395733622,16.508014500192665,50.78491967872435
718.2545607933882,164.89713748407593,17.660201833565498,48.87457238907926
716.6006555740996,163.16549380294597,17.90551721521523,48.38343273885516
715.0031993511251,162.28638759945673,17.54194974108156,48.35754253689892
712.3417833768739,162.20333988808568,17.440964014729303,48.365042806943194
710.1468086387123,160.95111170627888,17.58429859087814,48.39244091436679
708.1555181367045,159.85250163953418,17.612977785538533,48.12283110616509
706.669096420719,159.2447276615511,17.78913680238292,48.17002852749738
704.9862589747787,158.29712016046852,18.298695881086964,48.20021936977331
702.3210677208502,157.27583366485115,18.778197233507754,48.20288365155979
699.2582234814217,157.36942538464552,18.57349337202754,48.37462142599366
697.6027387269157,156.71375228380728,18.73827579752325,48.64823084595669
695.9028152628226,157.25863325045685,18.2814384874357,49.62366529408813
694.2481687507925,159.49003916166444,17.44173788388769,50.53275937292786
692.5915308361288,162.67724166065105,16.45381825826516,51.554476654904974
690.9743471458851,170.25340187264405,15.730441726333567,52.4822026718757
688.257536877136,182.01232521196152,15.264774906784165,54.403235514435934
683.9209716681213,196.39686988815816,15.106733102155644,54.17403228716617
679.3550668629246,213.23635231114235,15.415953842909042,53.13750218093098
673.2433199294111,236.27893951202856,16.11456612580161,53.326501931459035
667.9075835589483,259.61943726011145,18.54786785059875,49.01362045162725
664.316121539906,268.5749655182209,23.025677584628887,44.086765813351704
667.956536124328,269.4297913796954,22.210171728367264,42.87772617698022
663.7328051666635,271.7892228960159,22.127236874071038,41.11718646344963
663.0270244861274,274.2249947168331,21.712425753040876,39.15402506543488
