96,106,250,249
94,96,254,250
107,91,222,258
105,87,227,260
108,81,204,272
105,80,191,276
104,79,198,274
103,87,199,267
100,95,214,258
96,96,206,264
91,107,195,255
89,107,210,255
85,115,216,246
93,127,187,240
95,126,229,240
98,124,217,238
107,126,235,233
116,122,235,237
126,118,236,234
133,117,221,228
134,106,233,240
137,107,234,235
141,100,222,252
135,88,219,267
133,93,219,264
127,92,224,266
119,83,214,277
114,104,223,257
118,90,218,261
113,107,218,245
113,103,205,254
110,115,208,247
103,102,217,255
112,99,202,262
113,106,197,251
120,119,189,237
127,132,179,225
121,143,188,211
118,158,186,202
137,158,166,195
147,171,158,188
147,178,148,183
152,177,152,185
164,173,139,187
167,173,134,184
179,165,118,188
182,169,117,183
195,171,110,176
195,171,110,176
195,171,110,176
164,149,104,173
184,138,85,182
184,138,85,182
184,138,85,182
184,138,85,182
184,138,85,182
184,138,85,182
184,138,85,182
184,138,85,182
184,138,85,182
184,138,85,182
184,138,85,182
305,102,118,172
291,106,141,181
288,107,143,201
236,111,168,209
241,99,186,234
255,96,179,235
192,97,216,247
198,87,223,266
199,77,232,281
199,63,218,295
212,63,205,302
203,42,222,319
190,51,251,308
184,50,249,304
179,55,241,303
173,58,268,301
162,63,271,297
136,73,280,283
132,78,273,284
125,86,276,274
119,92,265,264
113,108,260,245
122,101,254,250
126,105,233,248
128,110,229,234
136,107,202,238
146,112,182,232
158,98,165,235
167,103,173,225
174,105,174,213
180,103,172,217
186,100,171,215
188,102,183,208
198,108,177,200
195,112,205,186
191,120,210,182
194,124,204,183
202,121,190,178
198,129,202,168
206,137,193,160
198,134,193,161
193,138,194,164
194,137,200,161
186,135,198,166
188,136,197,169
191,141,187,167
204,138,173,165
213,140,157,168
216,135,142,171
212,134,155,174
218,134,134,177
214,134,134,177
210,135,142,176
216,136,128,172
214,140,137,168
198,154,128,158
192,165,136,149
194,168,142,148
198,172,139,147
206,174,133,137
213,175,142,140
219,175,134,151
224,175,124,151
229,167,123,155
231,170,110,153
236,139,131,186
238,136,129,186
244,125,119,207
243,119,125,208
246,114,120,216
248,112,120,216
245,122,133,202
243,115,140,214
243,118,142,214
242,119,142,216
238,132,151,204
240,136,138,194
247,135,136,202
255,139,132,204
261,141,118,193
268,149,101,190
270,140,96,200
268,146,97,196
273,139,97,202
267,138,107,207
278,140,97,201
286,141,89,194
283,137,91,195
275,137,89,197
274,127,81,209
268,133,81,194
269,129,96,196
268,137,98,195
262,154,113,179
252,169,119,165
253,175,100,161
257,175,94,159
260,168,88,159
265,170,90,163
272,179,93,149
281,182,95,156
295,179,84,168
300,174,92,169
289,180,110,166
294,179,111,158
295,174,120,168
298,176,114,172
288,173,115,183
290,180,101,175
285,186,110,171
288,181,106,174
284,182,93,170
269,187,104,158
266,180,121,166
216,148,135,176
195,160,153,179
244,167,131,182
243,172,119,176
233,169,118,174
219,163,130,173
198,161,150,176
203,160,145,180
193,154,148,187
189,157,162,185
190,156,151,186
186,160,144,175
179,155,159,181
124,139,198,190
96,131,221,195
101,143,218,182
99,144,218,177
102,140,213,181
110,133,214,184
130,142,192,177
132,142,187,179
134,150,186,168
125,152,205,175
112,147,219,169
106,150,222,168
100,154,225,161
91,150,231,159
92,152,230,162
67,148,249,160
75,156,248,152
59,159,257,145
74,158,256,154
63,151,252,159
15,156,240,142
17,145,197,151
69,140,163,154
59,128,148,165
61,125,133,164
227,146,132,138
83,148,114,145
85,141,128,155
96,145,99,150
94,147,99,145
88,144,108,148
79,152,117,138
73,154,131,137
65,151,134,145
55,152,138,142
59,153,116,143
58,152,108,142
59,156,99,134
60,158,94,134
58,156,98,132
53,156,96,132
51,145,93,141
61,146,79,142
55,146,81,136
54,138,81,140
52,140,83,141
44,139,101,139
45,136,103,143
44,131,108,147
41,126,115,153
47,125,115,155
44,128,123,159
37,114,133,171
14,99,151,187
9,97,150,188
14,97,147,186
15,102,129,182
38,94,124,192
27,98,122,184
30,94,111,191
24,115,104,169
36,103,113,180
20,126,111,155
24,131,99,152
28,136,91,148
32,145,83,138
34,152,74,127
31,155,77,121
34,153,73,123
37,154,71,122
39,156,70,119
40,161,76,115
41,161,79,114
42,161,82,111
43,160,80,110
47,163,82,111
49,164,83,107
50,166,85,104
53,165,83,105
47,167,95,101
43,166,103,102
39,167,98,100
42,169,75,95
44,171,64,95
47,171,52,96
50,168,46,98
52,170,46,99
51,168,45,98
52,168,42,98
52,170,43,98
53,169,44,98
52,172,47,95
52,173,49,96
53,179,40,90
55,180,43,88
55,180,42,88
56,183,46,86
57,189,49,81
60,189,51,82
64,189,50,81
68,189,46,81
74,192,41,76
76,185,45,79
82,187,41,77
81,183,38,83
89,185,39,83
88,182,34,88
95,185,39,84
93,181,34,91
94,181,34,93
94,181,38,95
94,183,35,95
92,181,37,96
95,186,37,95
97,185,37,96
96,189,39,95
96,194,38,93
97,197,41,92
100,198,41,91
101,203,44,86
101,203,45,88
101,200,47,91
101,200,48,93
103,198,48,96
101,199,50,98
105,195,45,101
103,197,48,105
105,198,45,103
101,200,44,103
100,203,46,105
88,200,52,112
80,193,58,120
80,193,60,121
81,197,58,121
79,202,60,114
78,204,63,112
79,203,64,113
79,204,65,113
81,200,69,119
81,201,69,114
85,197,67,124
82,189,73,128
82,188,77,137
80,189,78,136
80,178,84,150
72,172,91,156
65,164,98,166
55,164,101,165
37,166,121,163
68,169,131,164
7,164,146,172
30,170,169,164
24,168,167,167
4,163,187,175
3,175,172,161
1,165,131,168
50,172,131,158
1,173,126,154
52,175,122,154
3,171,125,160
39,172,135,157
42,169,125,159
1,168,122,161
41,174,89,152
43,169,77,153
44,178,78,146
41,172,82,149
39,172,85,152
42,168,85,152
47,164,81,156
45,163,84,157
45,164,87,155
43,163,87,156
49,165,82,151
50,163,81,155
47,166,85,150
50,159,83,156
53,163,80,148
56,160,79,150
51,160,84,147
52,162,82,145
53,161,81,148
54,160,81,151
47,157,89,156
55,157,84,152
53,155,87,151
54,153,88,152
57,154,87,151
51,150,95,152
55,147,93,153
60,144,92,157
57,147,97,154
48,146,110,156
47,143,116,160
49,140,119,166
47,141,125,163
61,142,115,158
61,138,110,169
58,139,113,167
68,145,102,159
59,143,113,164
58,145,112,165
69,149,101,159
61,149,110,163
57,148,110,167
56,149,114,169
61,152,111,160
67,155,106,156
63,153,110,159
60,152,113,162
68,152,109,159
64,152,114,162
79,153,103,156
70,155,112,154
72,154,111,156
70,152,115,162
68,148,119,160
79,152,106,154
74,147,110,160
79,145,108,163
75,143,112,165
83,142,102,163
76,142,107,160
70,141,112,169
83,140,94,161
78,138,97,160
73,139,99,158
66,144,100,150
72,142,93,151
72,145,90,147
78,149,82,139
78,148,79,147
78,151,76,144
73,150,80,143
68,148,82,148
72,151,75,147
72,152,75,145
64,150,84,147
63,150,86,145
67,153,81,144
71,152,80,141
71,149,84,146
71,150,84,144
72,151,86,144
75,150,83,144
75,148,86,149
72,144,89,153
81,154,81,142
78,152,88,144
88,155,81,141
86,152,84,142
86,152,89,145
89,152,85,146
91,154,83,140
89,151,88,143
88,155,88,136
83,148,92,147
85,151,87,142
87,148,84,145
88,149,82,144
87,152,82,141
87,149,83,142
88,152,79,137
88,148,82,149
87,149,81,141
91,153,75,137
93,154,73,133
89,153,77,133
86,151,78,139
85,143,77,149
86,146,75,147
85,145,75,150
86,149,74,143
83,147,78,146
87,146,73,149
87,149,72,142
86,149,74,143
88,152,72,138
85,143,75,147
86,148,73,144
90,150,69,143
88,148,73,140
87,148,74,142
89,148,73,143
90,147,73,141
93,148,71,141
96,148,71,142
94,146,73,145
101,144,68,147
99,144,72,147
101,144,70,147
99,142,74,148
104,142,70,146
107,145,69,142
105,139,70,149
105,142,72,141
101,140,75,146
100,139,74,149
98,142,77,145
106,142,68,143
107,139,68,145
105,136,70,147
106,136,68,148
105,137,67,145
103,134,69,147
103,134,67,146
101,137,67,143
103,139,66,139
102,136,67,141
100,130,68,145
104,133,65,144
104,134,63,140
106,139,63,131
105,132,67,140
105,129,64,144
106,134,63,142
105,135,66,140
105,138,66,137
105,139,67,136
104,137,66,140
103,139,68,139
102,136,69,144
103,137,67,140
104,138,64,141
102,136,66,147
99,142,68,141
97,141,68,144
99,144,66,139
100,145,66,134
99,145,65,141
99,147,68,139
101,148,69,141
100,150,69,140
104,153,69,140
113,157,62,140
111,156,66,141
119,159,61,139
118,155,64,140
125,158,60,135
123,155,64,136
126,154,62,133
122,154,67,136
122,148,68,148
120,151,70,144
117,147,71,151
116,148,72,152
114,147,71,158
111,147,73,160
105,145,75,163
101,148,74,162
94,147,76,167
85,144,83,175
78,144,86,176
75,143,88,179
71,145,91,178
72,149,91,173
72,147,91,173
70,145,91,175
68,144,88,173
65,140,91,187
67,145,91,177
72,143,86,178
71,140,90,179
73,142,87,182
70,142,94,177
72,144,91,177
74,144,92,181
77,140,90,185
84,136,88,183
89,132,86,181
86,126,94,180
91,134,91,174
91,125,91,182
93,131,89,182
92,131,91,182
88,130,95,184
86,134,95,180
86,125,95,192
87,125,91,190
83,122,94,195
78,120,95,200
80,128,90,192
77,128,90,195
74,124,93,204
74,131,90,194
73,135,89,182
74,137,87,182
73,130,87,193
74,126,86,196
71,131,87,196
69,128,86,204
68,132,86,200
63,135,91,203
60,136,94,203
58,134,100,203
59,132,94,209
59,135,95,202
53,140,101,195
66,140,92,201
59,138,108,203
77,135,99,201
69,131,111,208
70,137,116,201
84,140,103,200
90,135,100,206
93,138,100,198
95,132,97,211
92,144,95,201
86,131,103,200
96,125,99,210
112,130,92,203
111,118,96,209
114,125,97,203
118,116,94,212
111,115,100,211
108,116,100,204
113,119,94,204
103,125,95,200
95,124,95,199
84,118,104,212
66,125,118,200
62,123,113,208
53,130,125,202
74,129,102,210
75,139,103,190
84,139,96,194
86,137,93,203
85,142,95,203
86,139,92,204
80,141,99,209
79,146,102,195
83,148,92,186
81,145,98,192
75,143,102,190
75,140,101,199
89,142,93,196
93,133,92,200
94,132,94,210
98,130,92,205
98,126,93,205
104,132,89,202
97,124,101,206
106,130,90,202
112,130,90,199
110,123,93,206
107,122,99,208
108,118,98,214
107,115,98,212
116,110,94,222
121,121,87,204
120,115,94,205
124,115,92,204
123,114,94,207
125,112,91,209
125,116,92,208
125,118,93,206
122,117,93,208
118,118,96,207
116,110,99,215
118,109,94,216
122,113,90,205
118,112,92,209
116,104,94,219
114,102,93,221
107,107,89,214
105,100,89,223
100,103,92,217
97,105,88,213
96,108,90,208
91,109,93,206
90,104,89,212
85,107,93,206
83,108,91,207
83,106,93,206
84,111,91,204
83,110,89,211
82,113,90,211
83,121,89,203
81,115,96,213
82,115,94,211
79,116,100,210
82,122,98,206
84,127,99,202
89,127,97,206
90,123,96,205
86,122,101,209
84,127,104,209
88,132,102,201
95,130,95,207
96,125,97,212
99,121,91,210
99,120,93,216
96,120,98,215
100,127,91,204
99,121,96,209
97,121,92,206
91,116,103,214
108,122,85,207
108,120,88,206
105,114,89,210
108,115,88,211
105,113,80,210
103,117,82,203
98,110,80,206
95,108,81,206
94,111,78,204
94,106,79,209
94,109,77,200
93,101,81,210
90,104,85,203
90,105,80,201
89,106,80,198
89,108,81,193
87,108,74,193
87,106,78,199
86,101,80,202
89,102,77,198
88,99,75,203
88,94,79,208
89,99,76,202
90,91,73,208
90,96,72,213
88,92,73,212
93,93,73,215
93,89,76,215
96,97,73,217
95,85,70,219
95,83,65,212
91,84,69,220
92,83,67,230
91,80,64,235
89,75,69,241
87,78,67,235
84,77,67,233
82,91,68,227
77,82,79,227
71,81,82,226
76,91,82,222
75,91,81,220
79,87,85,226
81,84,88,224
86,85,88,218
93,91,82,219
94,102,90,206
96,108,94,211
97,111,98,213
96,115,107,213
93,107,115,224
104,102,115,219
123,100,117,211
134,96,134,222
138,108,154,206
143,87,152,218
153,96,195,206
116,110,222,195
142,111,210,190
129,112,214,186
121,124,212,180
121,126,202,187
110,132,204,183
113,129,195,197
106,127,202,205
110,126,188,205
104,154,194,174
109,145,192,183
109,139,190,183
123,146,175,169
129,138,169,171
133,134,169,168
134,130,167,166
133,139,170,151
133,136,169,151
140,127,158,153
140,129,157,147
158,133,134,140
153,127,133,147
169,136,121,133
169,119,119,151
169,117,116,152
159,117,121,148
156,123,123,143
161,117,119,144
168,120,110,140
169,119,108,137
174,118,99,135
172,117,105,135
176,118,98,134
177,118,93,128
174,119,93,128
171,121,105,124
167,124,104,120
169,123,97,123
166,121,105,124
163,120,105,124
160,114,122,129
161,113,130,129
161,110,126,129
160,109,122,137
159,108,116,134
156,105,120,133
160,102,112,140
159,104,122,135
161,103,117,140
163,100,112,139
164,99,110,143
167,99,105,144
163,98,109,143
164,100,110,145
152,99,124,145
156,100,124,142
143,110,138,131
151,108,132,135
164,110,119,132
173,106,118,134
173,104,118,133
185,101,110,138
171,101,130,133
169,100,137,132
166,106,148,130
165,103,138,129
165,109,141,125
170,104,122,131
165,107,137,122
166,107,147,124
161,108,153,121
160,109,157,117
160,111,162,119
159,111,164,118
158,110,165,120
155,109,174,119
157,109,174,124
154,113,176,121
154,115,181,116
152,112,186,122
153,117,179,115
151,117,187,115
148,115,187,117
148,117,178,117
144,118,193,114
148,119,185,114
149,121,188,113
150,118,186,115
146,120,198,116
147,121,194,110
151,123,187,113
149,123,192,115
150,120,197,114
153,117,190,120
155,117,190,119
157,115,167,120
155,113,153,123
157,114,141,122
168,110,161,123
166,119,132,114
164,111,134,121
158,110,147,122
175,108,155,117
168,107,133,115
163,108,140,119
168,108,132,120
163,111,132,115
175,113,126,112
168,118,125,109
184,106,134,117
174,109,130,121
166,111,124,119
166,113,125,118
167,116,124,116
165,124,118,106
163,125,111,105
178,121,113,108
166,123,108,115
165,130,110,104
167,123,107,111
168,129,109,104
168,136,108,98
170,124,108,111
170,124,109,113
168,124,108,108
171,124,106,112
169,130,105,106
172,124,100,112
174,124,97,110
173,120,97,107
176,114,101,105
174,121,96,96
175,125,89,92
174,115,95,100
174,121,89,91
170,117,100,104
171,118,87,101
171,119,72,92
164,121,80,88
166,120,78,90
154,121,93,83
156,119,86,81
147,120,92,84
138,121,101,90
157,122,92,88
156,126,85,96
152,124,90,107
149,127,96,110
154,131,92,114
151,138,97,113
143,135,112,121
135,137,120,124
139,141,115,124
137,134,123,130
141,138,114,125
145,136,116,129
145,131,124,131
142,136,130,125
137,138,129,132
130,130,140,142
129,137,133,136
129,135,130,137
124,133,142,135
124,131,145,140
126,132,145,130
139,135,136,135
142,136,135,127
140,135,147,142
127,135,161,176
127,135,161,170
130,140,155,165
128,143,156,174
134,140,166,170
126,149,170,160
110,148,179,166
203,118,191,189
201,88,193,234
177,80,210,271
19,134,251,222
116,100,266,259
108,87,285,280
113,80,284,288
124,72,265,292
156,59,228,311
157,55,238,320
159,38,257,335
178,36,264,330
197,27,267,346
206,10,247,354
19,97,245,298
15,109,233,245
25,112,201,233
28,108,214,229
33,114,210,227
13,133,245,219
9,139,254,222
10,142,248,228
1,156,254,214
14,169,241,193
17,170,232,190
15,180,236,184
11,166,230,194
7,171,232,180
237,118,229,228
239,85,221,273
254,81,199,278
253,43,215,317
251,25,224,334
251,23,219,333
241,25,219,325
246,45,207,307
254,45,190,301
263,64,180,292
265,64,169,284
266,84,156,270
268,105,154,247
258,103,160,250
250,106,158,243
252,102,148,251
253,108,143,240
253,109,133,242
243,98,132,259
231,98,134,260
218,82,122,280
209,83,122,273
202,82,121,253
161,66,155,265
152,61,163,267
157,61,153,269
151,55,153,277
153,54,145,272
121,51,175,282
93,62,208,275
91,85,212,247
99,95,221,235
105,110,216,217
111,110,219,222
118,100,216,230
122,104,216,219
127,111,213,211
133,106,209,219
138,119,204,206
147,122,192,213
150,122,179,223
154,127,171,224
159,119,168,230
149,111,180,231
155,124,174,211
151,115,184,225
142,106,195,243
145,115,198,231
149,108,203,239
152,100,207,250
155,91,208,260
165,85,204,266
173,76,207,267
186,78,207,265
188,66,218,273
186,59,225,283
192,53,226,284
203,48,223,293
201,44,224,293
207,49,218,289
204,57,227,282
199,62,242,286
202,62,239,288
194,56,249,298
184,70,273,282
191,86,256,270
169,75,273,285
170,74,260,285
160,87,249,271
149,80,255,281
157,78,250,272
162,77,254,284
167,74,251,281
155,70,262,287
155,66,277,293
162,62,284,296
175,67,282,291
186,61,282,292
227,52,226,301
239,57,215,299
262,69,194,282
237,62,229,289
256,47,212,305
238,59,220,288
229,58,228,294
215,44,247,305
222,45,227,297
212,64,238,281
204,46,250,300
203,45,257,301
197,47,254,302
193,42,261,303
191,51,248,294
186,58,265,296
184,64,255,300
184,83,246,278
184,91,247,262
184,108,241,242
177,111,255,238
192,120,229,236
195,115,225,238
198,131,223,226
197,125,231,237
117,104,270,250
77,87,317,267
112,78,334,273
86,76,338,275
70,96,278,263
60,106,293,262
51,111,321,257
53,98,293,270
52,101,305,270
49,107,293,268
33,108,323,267
24,114,348,256
22,112,379,255
22,99,379,260
15,94,402,261
13,68,424,285
4,85,429,276
15,86,407,278
12,102,427,262
10,98,431,260
3,97,448,258
9,84,440,266
-5,97,472,255
-6,106,480,246
2,93,469,259
7,98,470,255
2,113,464,228
1,129,469,216
4,125,465,216
21,138,441,199
14,141,442,194
14,142,431,193
9,140,431,196
21,142,413,186
21,138,394,185
21,136,351,187
19,141,355,185
19,133,406,193
18,129,386,188
31,128,393,191
35,128,376,176
15,127,368,193
18,130,395,183
40,136,388,180
19,133,392,182
52,134,371,171
14,137,408,180
37,136,393,168
2,133,433,176
0,122,391,192
1,126,438,179
-38,106,440,197
6,116,422,175
-28,99,428,205
6,113,447,189
2,110,442,188
9,106,448,181
-7,106,442,195
0,99,469,195
15,103,450,185
7,106,452,179
0,95,459,192
12,98,448,186
3,97,468,186
24,105,444,180
12,93,455,187
17,100,452,177
12,92,454,185
4,100,471,175
5,96,468,185
0,93,448,188
18,96,419,188
22,91,450,192
26,95,449,188
27,94,435,180
33,99,425,187
24,98,419,196
29,108,395,187
43,111,342,185
47,115,331,185
53,112,320,182
48,114,327,178
40,114,337,185
71,120,308,171
65,121,327,170
58,125,325,169
76,121,308,166
25,122,356,175
47,126,347,168
60,122,321,171
53,126,342,169
61,125,327,168
64,121,326,170
39,114,349,184
39,120,351,177
51,124,325,178
45,125,325,182
53,124,311,185
45,135,318,176
64,131,291,181
62,136,291,178
54,141,294,172
36,137,305,176
56,134,277,179
37,130,289,189
37,138,286,182
29,141,298,181
23,134,305,189
13,132,329,194
23,129,315,192
28,133,311,184
30,127,306,190
24,127,324,183
31,108,309,207
46,120,306,191
49,121,300,196
45,115,304,201
46,119,309,189
46,111,305,197
53,106,299,207
46,102,282,212
49,99,223,217
92,98,200,211
82,98,179,218
94,93,202,221
78,102,192,214
102,89,193,223
85,99,193,215
115,119,248,180
80,105,281,203
75,100,288,204
61,96,302,205
66,93,291,204
65,90,294,209
68,90,287,205
57,88,311,205
66,87,298,203
54,87,307,207
55,86,306,206
53,81,297,210
42,74,285,223
43,78,269,220
29,82,291,212
32,84,293,211
28,80,280,215
30,80,280,219
23,83,291,218
29,77,266,220
25,71,262,225
24,80,292,205
21,73,302,220
25,73,296,221
34,66,265,220
44,71,257,213
40,65,243,222
75,66,259,216
44,69,288,217
42,89,303,192
49,82,301,193
44,78,304,200
47,92,303,191
51,96,299,181
43,102,319,182
31,87,322,197
46,79,302,212
46,94,300,192
39,99,320,195
33,96,318,191
36,98,315,195
31,98,323,190
35,94,319,192
46,88,301,201
47,95,298,193
47,99,295,188
48,89,271,203
40,96,305,193
34,103,307,193
44,96,292,199
44,95,303,194
44,98,304,196
42,98,307,199
43,98,308,189
49,99,298,192
46,90,303,202
44,93,306,202
42,97,309,204
59,102,294,195
48,80,272,217
40,84,293,215
44,94,302,209
46,90,299,213
39,102,305,200
44,103,298,202
37,106,308,191
27,110,324,185
38,98,307,199
46,107,299,188
28,116,317,179
38,107,295,197
34,114,308,185
33,114,311,193
35,113,306,187
38,104,302,196
40,113,304,183
34,108,310,190
37,94,311,208
43,95,294,206
50,111,293,188
37,83,279,225
38,105,303,199
31,108,314,196
33,114,312,192
32,109,314,192
27,114,312,194
30,113,315,191
32,116,301,190
29,119,322,187
20,127,332,176
28,115,329,187
33,114,322,194
51,117,300,189
64,127,291,175
51,114,298,190
54,112,297,190
57,98,276,201
62,102,271,200
64,113,294,185
62,109,292,189
65,112,290,182
68,113,278,185
64,103,267,199
63,89,250,214
65,92,213,216
63,78,214,225
94,100,248,200
68,116,272,185
59,101,279,204
65,109,275,190
58,95,261,206
68,67,217,232
72,70,195,235
73,65,198,241
85,65,177,234
87,66,186,230
89,66,177,227
100,73,164,217
102,64,158,225
100,69,156,228
95,68,150,223
92,65,151,227
92,70,153,224
87,65,154,232
84,69,161,224
84,67,169,226
84,73,185,217
80,68,179,221
77,78,194,209
80,77,184,207
79,80,209,201
67,78,237,204
68,100,241,179
64,105,246,172
63,103,245,172
58,98,286,176
52,89,260,189
73,94,285,180
42,92,274,190
104,118,239,160
104,110,239,172
151,111,200,161
142,107,178,168
140,107,181,175
127,111,195,171
122,111,203,169
109,113,226,161
110,118,244,157
112,122,244,155
111,129,241,145
114,128,240,150
113,123,246,149
119,118,236,147
117,105,237,150
148,100,221,148
191,86,194,153
188,79,200,159
196,69,196,171
236,56,167,181
248,60,162,178
258,57,131,180
257,56,163,179
262,59,149,172
261,63,162,177
266,65,159,176
265,68,154,178
276,77,138,177
269,77,143,179
267,82,134,176
261,78,143,185
255,74,162,191
253,73,151,193
248,72,159,184
247,69,158,189
231,74,171,177
222,69,171,173
220,71,170,170
217,68,176,167
208,66,191,160
203,64,200,156
205,73,192,148
209,68,206,149
198,74,203,141
246,64,199,143
191,70,219,141
194,62,232,146
189,62,231,145
175,61,241,145
177,60,240,147
181,45,231,158
188,19,222,187
179,22,226,188
172,20,230,197
161,20,228,200
152,30,231,194
144,33,233,189
134,39,235,181
83,48,258,184
120,52,246,166
88,62,278,164
109,57,256,168
78,57,283,175
104,42,254,189
95,37,239,190
101,30,233,202
93,40,227,188
91,33,227,192
83,41,225,190
82,44,223,181
76,37,220,190
73,31,214,198
62,30,219,204
66,32,211,206
56,32,217,199
232,67,209,190
246,73,186,179
251,86,172,166
259,91,157,157
268,91,149,153
301,96,116,139
304,107,110,122
303,119,109,113
301,122,113,107
303,116,109,111
317,119,97,102
309,118,103,109
309,119,104,108
308,122,104,104
304,119,114,105
304,120,118,100
304,119,121,100
303,118,122,101
303,123,122,95
302,125,126,95
301,119,129,99
304,119,125,98
309,119,114,94
305,119,118,95
307,120,116,95
315,119,107,93
317,117,100,94
304,115,114,100
313,113,105,100
306,108,104,106
310,108,86,109
300,108,88,108
292,106,81,113
287,106,78,113
283,106,80,109
276,107,79,108
273,112,84,108
265,108,83,107
261,114,87,107
262,115,88,104
255,121,86,102
249,124,89,99
246,126,93,99
246,127,84,99
246,128,78,97
245,132,73,93
246,135,69,90
245,136,63,85
247,135,60,88
248,138,53,88
250,139,52,88
248,138,48,90
252,138,46,97
255,138,51,103
257,139,52,107
259,140,53,109
261,136,54,101
258,143,59,94
257,144,61,98
257,144,52,106
250,145,59,100
252,147,62,85
251,146,76,81
254,143,74,86
249,129,87,101
255,123,78,111
258,123,77,111
255,125,82,109
253,129,83,105
255,130,77,102
257,131,74,101
254,129,70,104
251,128,73,106
249,130,70,100
252,126,66,104
252,121,60,110
252,122,60,111
251,117,60,118
246,117,63,115
227,123,81,110
220,129,88,99
215,130,92,98
216,124,95,103
218,130,84,98
214,135,95,92
215,138,95,94
211,140,98,94
214,142,94,90
209,136,102,95
208,139,98,90
212,144,97,83
211,145,94,81
215,150,91,74
220,151,82,77
221,151,79,79
219,144,80,81
219,142,81,83
220,140,81,79
223,146,77,71
226,146,74,70
235,148,68,69
238,145,66,71
240,148,70,70
246,144,68,77
249,146,68,76
248,146,73,75
247,146,77,75
248,146,76,79
247,144,82,78
240,142,95,82
242,144,95,78
240,142,99,83
240,139,103,85
243,141,100,85
234,137,109,89
237,141,105,89
235,144,108,88
234,147,109,86
236,148,108,86
240,148,103,86
244,150,96,88
249,146,92,98
243,158,94,94
234,153,103,107
226,156,114,103
214,157,130,104
200,143,152,121
189,148,162,118
183,142,173,128
175,154,170,117
164,155,179,121
152,155,192,124
151,167,170,115
142,163,183,123
141,160,181,126
140,159,171,125
171,150,186,137
160,140,206,147
146,133,235,159
127,147,232,144
132,146,231,153
142,132,257,162
113,143,266,160
97,143,281,163
117,130,283,169
87,143,300,172
97,141,310,172
76,131,334,188
62,136,346,187
33,140,368,192
28,145,377,196
30,155,362,193
43,146,338,196
39,142,355,203
23,144,391,206
22,150,394,199
18,143,419,200
14,151,437,202
18,143,441,197
12,136,420,209
11,146,395,200
7,132,426,209
9,135,419,210
5,142,394,204
21,136,390,222
5,125,394,232
-6,136,395,228
-2,128,389,236
-2,117,384,239
3,115,356,245
3,118,333,227
3,116,328,230
2,112,305,232
2,106,290,242
3,101,283,237
1,102,273,234
2,88,265,250
2,84,264,242
17,78,247,253
94,79,185,246
121,73,166,244
135,70,156,241
151,77,156,235
132,78,189,234
130,79,212,237
143,79,218,241
175,78,201,243
188,70,186,253
225,72,148,243
230,69,133,255
235,66,129,264
241,82,128,255
249,85,119,263
249,87,119,264
247,104,120,259
209,101,150,266
243,105,119,259
239,106,144,259
190,109,182,252
188,129,205,237
192,126,173,235
183,127,151,238
196,130,139,236
209,155,122,208
219,121,113,240
224,128,121,235
228,135,128,216
236,133,138,215
240,126,147,222
248,128,153,214
250,127,161,226
199,138,191,220
198,158,183,208
205,157,159,200
206,122,144,236
212,127,135,223
216,125,130,222
228,124,121,213
239,123,116,207
248,126,117,203
255,122,114,200
264,127,112,190
275,128,104,189
275,125,112,204
269,139,123,204
263,148,118,204
252,150,126,205
230,161,146,190
230,151,151,203
231,145,145,209
228,141,151,214
226,126,150,233
224,113,123,233
220,100,131,251
210,82,157,273
216,94,168,253
215,71,179,278
209,67,183,283
208,81,182,259
196,72,214,268
191,91,230,237
191,94,228,235
192,89,219,245
192,109,223,221
182,117,227,206
177,117,219,210
175,114,213,213
166,113,222,209
154,105,229,210
143,100,248,206
182,105,206,202
174,115,200,191
159,125,221,172
155,120,226,175
140,109,238,189
143,115,232,187
137,113,242,185
133,110,249,185
134,106,255,180
140,104,256,186
157,116,241,181
158,120,248,169
158,129,236,164
159,138,235,157
152,135,249,157
146,126,235,152
156,129,228,146
142,118,247,166
133,111,256,185
127,104,266,200
123,101,272,197
128,113,269,190
134,114,267,183
136,139,277,165
96,110,281,195
118,113,294,171
90,105,308,193
97,125,319,162
80,100,314,212
77,105,297,194
58,120,251,197
80,119,215,204
73,124,192,199
75,125,189,194
73,128,173,188
64,119,174,210
54,120,178,201
51,113,169,201
55,115,152,193
57,112,140,204
50,117,140,210
29,105,159,224
33,107,150,217
25,109,169,220
43,113,141,206
42,113,137,204
46,107,150,206
36,99,163,201
53,94,166,191
52,89,183,209
53,95,179,199
43,105,197,183
41,113,195,179
37,119,182,174
33,123,194,166
24,122,198,170
20,121,195,168
14,121,191,155
13,117,183,160
7,115,174,159
7,111,168,167
6,119,149,156
7,120,141,150
10,116,132,155
9,118,131,155
8,123,133,145
8,127,136,145
8,129,136,142
2,126,149,153
8,139,152,132
3,134,161,136
-1,131,172,139
0,130,157,136
-3,123,151,148
-2,127,140,145
4,120,135,153
7,129,139,140
15,124,134,145
19,117,138,150
249,124,155,118
-8,134,125,127
4,137,115,115
8,138,112,122
11,137,113,117
12,136,121,113
8,135,126,117
5,137,122,115
7,134,111,123
10,140,89,116
11,140,88,117
10,143,89,113
8,143,88,109
6,141,91,116
4,137,87,119
5,143,93,113
6,144,84,110
4,137,80,116
8,149,79,103
5,150,84,102
5,149,74,101
5,146,79,105
4,134,83,111
6,128,93,120
12,122,88,123
13,116,90,128
13,111,97,132
15,99,97,142
12,100,104,141
13,99,109,146
9,97,115,146
4,87,126,158
1,87,135,152
5,86,133,151
3,85,143,155
4,84,149,154
5,84,138,155
6,90,139,154
5,87,148,150
3,84,150,152
7,87,145,149
4,85,147,150
9,85,137,154
10,82,140,156
14,84,137,153
11,85,147,151
12,85,146,150
15,90,146,147
12,84,146,150
18,85,138,145
25,83,143,146
18,88,150,143
25,85,141,144
29,86,142,141
31,85,142,145
35,88,143,145
30,86,150,143
39,83,142,143
37,83,145,146
41,85,150,147
45,84,144,143
46,81,140,148
46,83,138,147
47,84,140,143
48,85,141,143
52,80,135,146
50,79,149,141
54,78,147,141
59,72,147,149
62,74,147,146
60,75,153,139
62,73,146,137
68,71,136,143
64,76,149,136
66,72,142,140
67,66,141,143
68,67,133,144
72,65,127,144
72,73,139,137
74,65,140,140
80,69,137,137
84,60,128,144
90,67,110,137
87,65,118,141
87,68,128,139
87,67,120,144
88,70,125,139
91,73,119,135
90,66,108,144
92,70,120,136
95,72,113,134
96,70,122,139
100,72,114,134
102,74,110,131
104,72,113,131
105,70,102,133
123,73,124,138
114,77,148,139
104,85,173,128
104,80,172,136
105,80,177,141
111,75,168,145
112,82,174,137
115,78,169,137
117,75,162,144
121,77,160,145
119,80,164,143
123,78,160,143
130,71,152,150
126,76,154,142
130,74,149,148
132,79,148,140
132,79,152,140
136,77,148,142
134,86,152,136
138,84,150,134
143,79,145,141
142,76,149,140
142,85,150,130
148,82,146,133
154,72,141,145
151,77,142,136
154,80,144,136
154,81,143,132
157,82,143,128
157,82,144,130
164,79,139,132
166,71,139,141
166,74,145,136
172,67,138,144
175,69,136,144
173,74,141,137
174,67,141,146
175,69,143,144
180,68,138,145
184,64,139,151
181,67,146,145
181,69,150,145
183,66,146,147
184,76,147,137
189,67,140,146
189,65,141,146
186,73,145,138
190,77,140,134
193,70,139,143
195,65,136,152
200,63,136,154
197,63,140,154
198,69,139,148
199,70,145,147
200,74,145,138
210,65,134,147
208,65,139,148
210,74,143,139
212,78,145,134
216,74,140,139
218,71,144,143
221,77,141,137
226,74,139,139
226,71,141,141
228,67,143,145
228,71,146,140
231,69,146,139
236,63,144,143
239,68,141,141
241,69,145,138
239,63,145,140
237,73,147,132
235,63,145,144
232,70,148,135
233,67,147,137
233,65,145,137
233,73,143,129
234,65,139,138
235,70,142,132
236,57,136,147
239,58,139,140
242,55,141,141
244,54,135,143
248,49,135,145
244,49,139,144
250,50,134,141
250,47,131,151
253,43,128,155
256,38,117,159
261,37,101,162
267,37,111,159
266,43,99,155
283,35,106,166
273,25,111,174
279,24,130,177
280,23,118,176
284,14,140,185
295,16,121,182
300,17,142,178
304,12,148,189
309,16,142,177
316,5,117,194
318,27,108,165
330,15,126,187
335,21,107,183
64,78,119,164
75,96,125,147
75,99,108,141
79,101,115,135
79,99,108,138
82,96,116,141
84,103,112,138
85,100,113,143
87,93,113,150
90,90,110,151
89,91,113,154
93,93,112,157
94,92,113,160
91,92,123,158
91,94,122,158
98,87,122,167
94,88,125,169
100,79,119,182
95,85,125,175
101,80,125,183
100,84,125,182
97,83,136,183
104,79,135,194
106,77,130,197
106,77,134,203
107,83,140,200
112,84,130,206
110,83,142,214
110,83,141,219
113,82,146,224
114,82,151,223
114,81,155,228
117,75,165,242
120,80,156,236
122,80,169,241
123,80,168,245
114,80,176,252
124,78,177,257
134,80,166,263
127,83,176,261
126,85,175,258
126,69,185,280
124,73,199,283
125,71,193,289
124,67,191,290
114,65,207,294
107,68,206,290
91,69,213,293
78,61,223,306
71,61,226,305
65,54,242,313
53,56,251,312
49,37,265,326
57,36,246,330
49,36,253,334
61,39,243,333
55,40,244,331
73,41,236,327
59,44,248,322
68,43,245,327
65,50,243,321
76,55,244,313
70,53,253,302
88,53,236,312
99,57,230,301
96,52,222,310
106,47,192,309
90,53,206,305
89,53,200,308
85,53,196,313
74,67,214,294
73,64,216,293
72,60,222,299
74,78,213,284
72,74,219,282
69,83,229,274
70,78,235,282
69,76,246,280
64,93,242,257
62,76,247,275
62,87,279,274
62,83,244,269
60,104,292,255
57,83,283,270
47,99,264,259
50,92,296,261
41,91,287,267
44,92,305,263
37,93,317,265
33,76,317,288
25,83,340,277
17,87,360,268
18,97,423,261
9,90,401,270
19,100,414,242
8,92,416,267
10,95,397,261
4,95,433,257
15,95,373,257
18,94,382,261
22,100,391,264
4,91,388,262
18,110,447,246
34,102,422,247
76,111,362,247
81,105,334,251
62,104,399,255
33,106,422,248
14,104,375,254
15,109,345,250
10,107,335,252
4,103,329,251
3,100,316,253
7,101,313,250
97,96,290,249
18,98,294,244
12,101,332,226
6,99,332,242
7,96,324,240
6,99,325,246
9,98,316,239
12,94,284,247
10,101,288,237
7,104,286,229
7,100,275,236
7,95,279,237
140,99,333,200
109,104,361,210
115,92,368,220
67,100,406,229
40,104,433,218
0,105,479,217
3,113,486,217
23,114,450,205
21,120,460,211
11,119,468,200
73,131,407,196
66,129,403,180
73,135,398,200
37,137,426,197
63,141,399,168
36,155,424,187
28,146,430,177
27,139,437,212
17,145,429,191
16,144,438,192
33,153,428,174
52,147,401,180
72,151,388,185
43,152,410,172
30,149,421,184
35,153,428,195
33,153,428,185
30,155,439,186
27,153,437,187
43,156,429,188
81,156,392,182
80,158,394,174
89,167,385,161
41,164,428,169
57,160,410,167
70,161,398,166
65,163,383,167
54,160,395,169
50,169,401,163
50,173,397,158
59,165,380,164
47,163,407,178
36,159,417,185
53,166,406,165
41,156,420,174
40,153,426,179
35,150,432,175
30,152,438,188
45,144,427,194
51,145,421,181
56,148,415,167
42,146,426,190
72,139,390,186
69,148,398,182
68,141,397,196
77,139,379,195
