638,234,145,91
641,219,149,88
643,212,152,86
649,203,150,93
660,203,149,86
668,202,156,90
678,206,157,92
685,215,153,89
694,231,155,83
694,245,161,83
700,259,161,83
707,268,162,89
719,283,159,90
722,297,166,92
730,305,162,99
730,317,165,97
724,326,167,94
713,337,169,91
710,340,165,103
697,344,170,103
688,350,169,105
683,348,170,110
674,356,177,104
675,353,171,112
676,356,171,119
680,351,174,128
684,350,175,132
685,345,176,138
687,342,179,143
683,346,176,142
676,340,175,151
676,330,175,156
673,316,178,155
684,306,173,164
690,290,181,177
702,277,181,177
711,262,180,180
717,238,181,196
711,224,180,207
705,213,188,216
699,204,183,221
693,195,186,224
692,185,193,229
692,172,197,239
692,159,228,285
694,159,268,307
706,146,246,302
725,140,247,317
734,135,256,309
744,110,235,323
758,106,222,322
761,112,252,313
772,84,224,323
792,68,181,330
798,57,181,309
800,36,206,312
799,15,200,323
846,72,227,301
807,55,291,273
801,52,285,270
791,54,321,257
761,15,317,272
770,46,312,258
776,86,357,214
774,73,352,234
781,76,347,218
762,86,362,226
752,103,361,239
741,124,379,241
747,157,395,230
807,184,325,234
795,205,277,255
698,130,286,238
635,109,250,238
673,104,203,267
683,119,181,290
671,156,183,272
666,179,179,269
668,198,175,263
669,221,192,255
671,232,199,259
686,242,196,255
701,248,197,253
719,257,193,244
732,275,193,230
737,284,204,225
744,298,203,211
736,299,217,222
738,300,217,228
761,317,196,211
761,326,208,207
757,338,221,198
768,347,218,197
750,351,235,197
762,357,227,203
760,359,233,207
763,364,237,201
782,357,219,205
786,359,221,203
788,347,226,210
793,354,227,203
789,354,235,210
784,334,239,219
789,333,230,217
788,339,249,218
781,331,265,222
785,314,254,238
777,310,274,235
777,296,277,240
768,291,286,232
766,290,285,224
756,274,300,236
747,272,313,241
732,268,320,238
728,264,322,239
726,251,323,235
723,241,337,244
727,228,335,240
726,235,345,229
707,235,354,220
708,241,349,205
693,246,358,200
671,246,360,203
654,249,358,207
637,257,366,204
625,258,367,206
616,264,359,209
603,254,362,230
598,263,362,219
583,260,368,225
571,233,378,249
573,238,366,238
569,221,365,249
562,224,365,239
569,202,358,256
561,202,355,237
550,164,383,270
547,171,363,243
543,166,362,239
532,145,386,248
527,133,376,255
523,133,372,247
524,133,372,237
526,118,377,255
523,118,374,256
521,129,381,236
521,128,382,232
523,118,381,243
524,129,383,238
515,124,380,235
503,147,397,209
495,163,376,187
492,150,393,185
490,120,424,209
482,88,484,236
475,101,476,223
465,116,465,210
458,126,471,209
449,130,482,215
457,147,457,209
459,146,450,220
467,160,431,233
470,165,432,233
479,170,420,244
486,167,425,273
508,178,400,279
512,172,394,294
523,159,385,320
530,152,383,336
525,157,391,343
526,179,389,336
523,221,378,296
564,100,354,307
558,94,373,286
555,79,397,299
586,65,389,256
566,74,404,227
560,75,413,219
546,75,425,206
548,80,423,180
538,58,435,177
540,64,458,163
546,61,456,161
567,75,438,151
555,83,444,145
553,125,437,116
563,115,420,133
544,125,429,144
533,142,430,140
508,156,448,131
498,165,442,144
492,179,449,138
482,193,457,135
460,209,480,139
450,202,481,160
443,225,484,148
467,228,465,145
460,236,454,146
478,256,433,136
480,267,427,143
470,270,423,142
473,280,407,142
462,281,409,145
452,274,425,147
469,278,398,151
463,279,393,146
454,280,395,149
445,284,400,146
447,289,398,143
443,300,387,131
437,296,408,141
435,292,413,146
445,299,397,144
446,293,401,150
483,291,364,150
493,290,354,121
527,290,323,108
535,275,326,125
553,275,311,133
559,273,322,145
557,274,341,159
579,271,336,155
591,281,323,164
595,284,343,178
597,298,300,186
618,315,320,190
633,299,343,218
642,301,325,223
666,276,324,254
676,271,341,243
689,279,329,259
685,247,332,278
695,282,342,293
700,283,341,305
716,248,340,307
684,288,345,289
678,292,352,315
704,274,334,301
670,289,337,338
650,228,423,314
625,271,457,301
599,301,437,229
591,333,398,213
601,334,373,173
591,343,387,168
590,359,381,153
574,340,392,174
569,347,394,163
566,362,396,152
553,349,402,174
556,367,395,160
553,363,397,171
561,349,394,169
596,344,357,162
595,333,368,172
588,332,378,188
580,328,391,184
564,322,405,183
559,321,405,182
552,307,425,185
531,286,476,219
520,284,497,211
512,258,477,228
515,249,457,235
481,271,502,213
502,270,466,211
508,263,434,204
489,243,434,212
491,252,451,197
440,242,492,199
415,221,475,206
431,187,433,235
414,194,425,219
397,182,471,227
386,207,512,200
397,161,552,238
389,151,558,257
389,150,532,245
391,142,516,254
379,151,517,250
381,140,496,260
397,136,482,266
377,141,488,277
434,176,430,243
492,177,374,237
500,155,335,267
522,151,307,284
512,187,321,259
526,196,298,268
517,205,309,264
579,218,254,264
584,234,263,243
602,238,252,250
629,253,238,254
642,270,233,256
648,283,224,252
649,294,227,251
662,290,221,265
667,296,221,264
665,298,236,254
669,289,278,273
670,295,224,254
659,287,253,274
647,288,272,271
639,286,273,277
615,290,266,264
590,278,271,284
572,283,268,287
556,279,262,306
528,278,262,292
508,276,266,280
490,270,274,269
484,262,264,263
459,258,287,256
452,251,278,252
453,239,270,250
447,239,261,243
445,241,257,237
435,231,264,250
431,225,272,268
439,228,265,275
435,233,261,273
443,239,264,273
449,238,250,271
457,232,251,293
465,231,247,294
469,226,249,298
477,220,249,312
484,221,255,311
486,216,244,305
481,203,241,304
491,202,241,303
483,183,247,311
481,178,232,305
477,174,230,297
473,165,223,302
469,152,237,297
464,141,230,297
457,131,229,299
450,121,233,301
440,118,232,297
441,127,212,296
434,131,206,290
427,143,212,289
419,154,219,292
423,173,208,293
433,186,204,289
442,203,205,283
450,227,212,276
472,246,204,283
487,263,207,288
504,282,206,287
523,311,208,272
542,331,209,267
565,342,204,279
583,352,207,277
599,365,196,269
609,360,208,278
621,360,210,276
622,353,226,276
625,350,213,280
615,346,217,283
598,353,228,276
586,349,234,282
581,346,232,285
569,337,233,294
565,350,237,281
560,345,233,285
548,328,234,302
538,326,235,296
524,307,243,312
517,299,257,319
511,305,243,310
505,307,239,296
511,282,246,316
516,264,248,324
523,264,248,319
526,284,228,298
536,299,218,277
551,314,215,269
573,294,224,305
590,295,223,306
610,302,220,302
628,307,220,305
640,318,220,297
633,329,221,294
616,341,221,268
587,344,242,283
573,357,243,279
561,356,250,293
553,386,250,260
562,391,240,253
558,392,229,249
556,385,247,248
557,376,242,226
555,383,206,198
565,327,250,233
566,241,270,282
560,208,276,288
556,185,279,286
559,161,263,284
549,131,272,300
542,104,268,307
523,85,279,312
509,66,274,324
488,58,278,342
460,63,290,344
410,64,317,356
374,72,350,374
493,166,373,305
364,187,323,293
439,105,288,287
419,194,262,353
419,136,296,311
436,162,284,287
475,170,254,294
468,160,274,326
496,183,260,329
482,191,258,339
489,282,246,272
499,307,192,259
508,317,174,286
528,227,237,292
516,245,264,293
513,259,273,281
514,277,272,279
504,285,281,280
503,294,287,280
493,306,290,275
490,317,286,270
491,332,286,262
469,337,307,273
477,361,290,261
466,366,287,257
465,388,306,246
464,394,302,239
469,396,301,242
464,387,317,240
466,390,315,236
470,386,313,227
455,376,317,227
441,368,337,228
435,355,342,232
436,347,317,232
419,326,324,249
409,326,326,234
396,314,325,230
381,308,330,224
359,295,350,236
348,291,356,234
340,293,349,236
332,297,343,227
325,300,361,240
328,302,349,237
336,318,347,227
340,310,354,241
353,311,341,249
370,317,325,250
386,309,343,262
393,301,349,281
398,313,349,273
407,309,350,290
423,300,344,312
433,301,320,313
436,306,354,298
447,316,334,257
448,308,340,291
453,315,351,256
452,310,351,269
458,315,342,260
456,317,350,273
463,317,340,267
465,319,338,258
466,317,342,292
467,329,340,256
458,324,337,250
448,324,344,263
438,326,349,264
427,324,346,275
419,326,348,292
412,326,368,336
404,332,364,367
404,330,370,344
401,333,366,311
408,341,343,261
400,333,351,280
394,333,346,246
386,321,348,244
371,317,353,253
356,305,356,244
338,289,363,241
326,273,364,235
302,246,381,279
289,231,390,270
282,227,391,254
284,210,378,267
278,213,390,265
287,214,381,271
295,226,390,266
319,238,390,270
331,246,394,283
337,263,400,287
350,280,406,295
355,302,409,299
384,339,396,276
391,347,408,295
400,362,421,302
409,357,420,325
425,377,413,303
439,398,422,282
436,366,423,297
438,376,440,275
445,354,439,272
446,362,446,252
454,329,448,293
451,336,459,282
464,336,453,273
474,334,470,294
476,343,474,258
497,342,466,264
488,344,494,289
507,357,479,257
511,357,478,283
504,359,472,261
514,356,477,293
485,336,492,295
490,350,473,272
474,347,503,279
465,336,506,266
449,322,525,268
451,311,509,263
435,298,526,257
416,288,540,251
406,279,552,250
404,267,547,249
396,261,557,247
395,256,566,248
396,252,576,245
417,253,556,244
416,258,565,227
424,259,570,234
422,267,573,233
419,271,597,229
434,278,573,221
430,279,596,222
424,279,605,222
420,288,621,225
418,283,624,236
422,295,638,226
426,299,638,226
439,305,615,225
420,307,655,226
432,309,649,226
429,315,667,225
436,311,667,228
438,312,644,234
441,307,676,217
438,310,691,218
404,304,737,217
420,303,702,225
436,307,646,219
427,304,699,211
429,297,727,221
431,296,722,219
432,293,705,222
431,292,680,206
436,295,627,207
422,283,641,217
412,284,662,209
406,286,633,214
390,293,640,199
393,279,623,214
385,285,618,211
389,291,602,206
376,283,624,203
372,284,612,215
368,285,615,213
365,283,603,208
369,279,605,210
369,280,596,218
387,288,586,209
377,275,587,213
381,273,582,215
374,264,589,206
366,252,581,228
359,252,591,210
346,243,589,218
353,245,565,229
325,251,586,215
309,260,579,229
314,257,573,249
314,270,576,247
321,276,572,250
320,270,568,242
339,292,558,229
338,271,550,254
348,302,546,227
360,287,539,246
383,288,538,248
405,286,538,221
426,277,525,222
449,266,520,239
482,249,507,233
496,235,515,240
529,227,503,286
541,229,491,248
550,238,515,243
561,246,532,276
560,265,523,238
576,271,526,263
578,279,563,218
610,287,508,243
615,295,495,243
598,294,514,301
582,308,535,340
567,331,564,347
557,346,569,334
549,354,585,348
516,378,628,263
519,399,662,239
549,400,630,237
563,412,604,227
577,409,582,243
569,405,603,226
589,406,571,219
591,403,577,216
606,392,576,211
605,384,581,194
618,360,564,204
596,354,565,220
554,370,603,205
539,374,604,212
551,383,583,220
526,395,602,219
541,398,589,227
534,404,611,226
530,409,604,223
514,413,618,221
517,409,619,220
477,409,645,221
499,403,623,217
478,396,653,219
446,388,683,222
405,380,722,226
434,372,684,218
402,361,706,221
365,345,730,220
352,333,741,231
309,314,761,240
289,305,786,239
315,298,759,233
261,281,812,261
270,299,802,239
261,276,818,256
277,303,828,228
283,288,826,256
255,296,863,251
252,297,871,245
261,307,877,240
272,313,878,247
279,312,869,260
265,274,903,318
284,247,870,378
299,296,880,293
309,285,881,303
341,291,800,297
373,294,748,287
378,253,764,320
397,277,761,293
423,228,751,318
424,197,780,351
417,204,839,342
422,172,841,343
430,177,843,360
422,169,840,342
419,148,846,367
416,144,848,363
413,153,853,385
411,157,862,376
400,158,873,380
402,167,868,372
378,170,883,391
370,175,889,397
355,180,925,418
355,190,928,416
343,196,945,424
312,200,818,447
301,191,795,467
322,211,752,451
276,202,793,471
298,197,768,474
280,214,779,388
220,210,833,359
216,219,805,315
200,225,819,307
180,228,829,300
168,218,836,317
163,220,812,310
137,213,851,327
124,205,854,340
72,189,906,382
31,204,985,382
10,204,1019,364
90,227,903,301
73,208,875,339
88,219,800,339
61,223,832,331
67,237,820,315
79,247,805,311
85,254,822,316
105,265,816,309
127,247,751,349
114,247,750,365
133,260,746,364
85,245,780,433
73,245,823,424
82,246,820,425
104,260,808,426
105,254,786,413
136,262,745,410
142,277,744,403
156,285,718,378
196,282,672,397
227,288,657,384
242,287,639,382
271,298,649,381
297,303,643,367
320,301,656,362
348,297,669,388
352,292,694,383
355,294,720,377
357,304,758,340
373,304,769,322
392,302,786,293
403,293,822,318
399,272,733,293
390,243,696,323
388,244,709,316
371,217,716,332
363,214,740,324
347,181,772,349
338,177,797,354
337,172,715,340
336,172,611,361
312,174,636,372
312,187,624,336
282,202,654,266
290,218,625,255
297,232,621,247
309,246,607,231
306,245,610,241
306,254,615,241
313,264,612,245
332,274,612,245
344,273,622,253
387,277,614,249
405,273,614,250
405,251,628,265
415,239,615,272
405,225,618,277
398,203,619,290
391,205,636,278
399,186,607,297
373,192,614,275
357,191,630,269
341,191,626,280
330,196,650,292
311,200,651,302
331,211,641,307
330,233,654,309
334,242,652,360
362,247,618,390
411,280,614,363
415,313,628,349
444,334,639,353
515,360,604,339
540,382,607,331
561,404,637,322
562,420,665,305
597,426,645,307
602,456,646,280
603,470,632,265
605,478,605,249
597,476,599,249
599,481,588,242
612,494,587,237
621,500,575,229
639,500,583,234
649,508,571,226
659,506,573,223
670,510,552,215
674,507,549,220
676,494,551,227
685,472,568,254
690,456,576,275
676,414,570,320
684,392,573,330
669,347,576,349
656,309,589,376
666,271,603,390
646,227,585,461
627,209,599,418
636,171,585,405
643,150,555,364
628,117,552,372
631,90,572,359
644,46,547,389
661,23,562,381
669,14,597,350
680,3,568,342
696,12,555,288
677,-4,569,297
677,-2,547,264
673,5,505,251
669,9,490,223
652,7,516,233
630,11,524,232
605,2,542,269
598,5,545,279
581,6,516,293
557,10,527,304
535,21,529,312
511,48,540,302
518,75,527,286
514,95,536,287
520,119,539,302
514,151,539,285
518,182,533,276
530,198,538,260
532,198,546,269
542,208,558,263
548,215,557,264
537,209,552,270
519,209,549,274
512,208,552,277
489,213,561,272
477,204,571,269
486,200,573,278
496,201,563,285
496,202,591,279
504,209,575,305
543,245,555,296
551,259,570,303
566,281,586,305
606,300,581,293
597,304,618,308
638,283,630,321
694,286,603,300
727,256,558,328
748,240,527,320
764,214,526,331
764,200,513,331
771,196,504,313
777,170,503,317
771,157,509,327
758,137,517,351
726,123,540,346
700,105,558,362
666,88,558,385
650,82,551,401
629,91,537,381
627,91,544,375
621,88,545,388
612,84,554,402
627,87,539,393
623,90,534,394
623,93,535,407
626,84,540,424
631,101,523,400
626,95,534,397
628,70,538,408
641,78,546,379
650,64,550,392
645,54,570,389
646,54,582,381
633,32,589,391
619,29,589,381
603,34,573,367
603,31,563,354
607,54,566,322
603,64,563,304
601,59,588,299
605,48,585,304
600,68,596,282
600,95,602,271
603,114,596,264
605,136,592,251
612,162,582,245
627,197,575,237
638,204,566,239
648,232,568,230
658,242,570,232
667,254,544,232
663,270,540,231
643,291,536,227
622,297,533,235
581,310,537,233
554,319,537,225
525,304,533,232
512,317,525,225
501,297,516,230
500,287,518,233
510,269,513,244
527,260,506,242
540,252,496,235
548,229,498,245
570,220,497,238
581,212,501,235
598,196,488,242
620,182,483,243
642,161,476,257
657,138,477,271
669,124,467,272
694,114,451,270
681,113,452,266
674,113,452,270
670,101,441,298
657,126,456,284
636,129,457,284
632,140,455,295
620,130,440,314
610,127,441,337
599,138,432,345
592,184,434,307
599,187,437,325
609,192,433,333
618,214,421,320
631,217,427,324
651,227,423,329
672,240,418,325
689,239,407,316
711,238,404,320
723,239,403,311
741,237,386,309
753,229,379,308
753,223,386,291
766,198,371,308
762,192,386,307
759,186,380,307
751,173,374,312
740,168,379,307
731,161,379,316
729,151,380,326
720,145,387,320
715,143,379,318
704,144,388,317
699,163,398,304
691,152,383,317
687,154,385,321
674,154,407,325
668,174,399,311
658,179,386,308
647,198,396,299
639,195,408,323
636,221,401,304
619,239,422,290
616,249,428,288
612,240,436,308
613,243,438,300
621,238,430,305
622,236,437,291
642,232,418,286
651,213,417,291
656,207,423,279
655,193,431,271
659,180,413,277
664,164,412,269
666,141,421,279
676,117,409,292
667,101,423,280
673,77,422,286
641,49,443,302
652,41,447,303
656,28,449,316
642,30,463,311
666,23,449,331
670,10,434,327
686,4,436,344
697,7,420,304
704,6,423,305
705,7,420,293
722,20,421,277
723,24,421,279
732,39,426,275
744,46,401,284
748,48,389,294
755,63,387,296
757,76,387,294
749,83,397,295
756,93,381,303
752,97,370,298
756,108,368,302
758,113,336,330
756,143,340,294
745,164,337,318
728,183,348,321
710,204,344,312
689,213,352,307
673,216,365,340
652,218,341,349
632,228,350,336
612,234,388,308
606,232,319,278
596,235,322,269
589,234,325,269
574,230,344,268
573,227,348,264
575,220,350,268
584,214,347,262
583,216,337,239
603,212,326,247
616,202,326,249
635,190,327,261
647,185,350,255
673,185,351,246
695,175,328,247
713,164,336,251
739,176,330,240
759,180,314,240
774,170,316,239
784,168,335,240
797,171,324,237
808,175,294,233
811,174,289,227
809,181,277,226
810,181,288,241
813,191,281,228
806,195,276,236
795,199,289,237
794,200,276,241
787,211,271,240
775,215,275,235
768,227,279,228
753,226,294,232
748,231,298,236
750,237,281,236
754,243,285,232
747,244,267,231
736,229,295,253
720,228,288,257
698,228,285,251
682,227,287,247
664,215,287,263
646,200,282,283
629,200,277,272
611,195,282,273
597,202,287,255
584,211,284,260
575,210,284,268
564,215,284,269
553,212,297,282
554,213,293,277
558,216,296,267
554,210,296,276
554,205,287,286
564,203,288,286
554,202,301,278
550,192,301,284
556,190,303,265
560,178,305,271
560,169,295,275
565,165,293,262
569,156,293,268
570,149,298,283
576,147,308,275
577,144,309,275
585,140,295,277
589,141,320,271
605,146,298,267
604,146,299,269
617,159,292,260
628,179,299,228
628,195,307,254
637,204,297,255
637,215,282,256
640,230,283,255
633,237,294,269
629,242,310,269
624,253,294,259
625,252,293,265
624,256,289,262
618,250,301,260
620,240,292,271
623,234,288,237
617,227,290,257
633,219,294,261
626,211,299,267
618,204,291,276
612,208,291,275
599,203,288,272
582,196,291,291
562,201,309,282
543,197,324,293
538,204,306,283
524,209,312,282
515,218,303,270
505,220,306,266
497,226,302,267
497,235,312,274
488,243,313,272
496,252,317,266
487,264,310,239
487,272,328,246
494,272,310,261
491,267,306,274
496,271,301,270
504,278,310,268
508,270,300,258
512,268,294,244
522,261,294,247
529,251,312,263
540,240,304,236
538,228,303,248
553,209,285,264
552,204,293,213
556,198,307,208
561,190,296,185
563,185,292,186
562,172,294,193
562,172,304,184
559,164,312,186
563,172,301,181
560,176,320,173
561,178,305,177
559,184,326,184
556,196,302,209
553,203,300,193
559,207,285,225
542,215,298,222
539,222,295,204
537,226,282,197
532,238,274,198
523,251,269,179
507,251,276,184
495,255,276,188
490,262,261,182
482,258,256,203
476,261,267,214
476,271,246,193
471,272,239,188
461,270,243,183
461,275,240,177
460,269,233,176
457,265,240,188
463,261,237,204
470,260,240,194
490,259,224,189
506,254,222,216
520,253,228,213
541,261,220,207
558,263,220,198
570,268,219,194
573,269,228,202
569,268,230,196
567,270,231,199
561,272,235,189
564,271,233,186
575,264,242,208
576,262,247,200
568,260,247,197
547,257,262,193
525,244,247,227
509,242,266,217
494,233,256,229
478,235,274,226
466,228,246,222
455,222,252,218
450,218,253,224
437,209,262,236
437,212,274,220
429,201,298,233
425,200,314,223
420,197,325,229
422,186,323,240
416,184,309,237
421,179,303,236
413,169,322,241
428,165,324,236
423,154,326,236
425,142,296,253
418,137,328,250
415,133,347,243
420,121,282,235
416,112,290,252
411,113,301,249
404,109,321,252
402,103,316,268
406,106,326,265
411,109,338,269
409,112,322,267
415,112,322,263
412,118,310,272
411,128,319,264
415,130,309,263
417,136,302,269
417,141,304,279
414,141,305,274
411,153,308,263
404,153,327,263
398,161,337,261
396,154,357,268
386,170,357,250
388,168,363,247
380,166,339,241
367,164,385,243
366,164,325,268
366,167,300,237
366,165,304,229
357,162,322,232
342,154,341,234
349,153,321,242
346,149,322,239
344,143,327,242
339,150,324,240
342,146,312,228
342,137,317,240
349,146,297,227
345,150,308,227
357,145,299,225
357,143,300,239
362,144,299,237
358,151,308,242
369,145,291,250
370,152,298,238
377,153,302,232
373,159,302,245
376,151,310,244
378,165,288,239
379,163,290,239
377,173,283,241
374,185,292,232
368,188,313,235
370,206,317,232
381,220,332,234
388,238,337,234
398,245,341,242
399,251,357,236
407,259,358,240
361,268,316,221
394,268,264,225
394,267,252,224
386,259,253,233
386,258,252,223
383,254,258,234
370,248,265,225
357,239,251,233
344,230,242,220
339,226,229,221
327,215,232,224
324,202,240,226
320,193,265,226
325,190,281,213
323,180,309,203
334,165,296,201
348,161,301,201
363,158,280,190
385,154,258,191
417,168,247,173
448,165,234,171
480,171,228,175
507,164,221,180
534,173,219,172
560,166,223,182
581,164,219,181
599,169,220,192
620,173,215,190
621,179,217,193
630,185,211,187
625,189,210,195
622,199,210,190
619,207,214,203
605,211,221,196
604,215,218,199
598,219,213,200
586,220,225,208
571,224,243,207
561,228,225,203
558,221,209,205
543,219,216,201
548,223,204,203
537,210,213,223
537,211,210,220
539,207,214,222
540,200,217,231
541,207,208,233
544,203,215,237
548,200,214,247
546,207,229,240
550,218,236,243
558,213,234,249
565,226,225,242
582,228,219,240
599,240,217,236
607,232,218,248
610,220,216,263
612,217,224,261
621,210,226,260
615,198,229,269
626,194,210,267
616,189,226,260
614,173,225,272
608,169,222,261
596,169,236,249
596,137,224,278
583,124,226,280
574,109,228,287
557,91,229,293
548,78,228,294
530,61,236,299
524,53,235,292
516,35,227,306
501,29,231,307
483,25,235,297
474,22,229,294
467,28,224,279
453,37,225,275
441,41,231,261
430,35,237,266
420,39,239,257
430,42,226,262
432,42,233,271
429,34,229,299
430,40,233,291
438,54,238,299
436,79,250,285
429,78,276,301
433,103,298,289
461,112,292,294
459,130,316,294
479,148,320,290
487,163,338,296
511,171,341,299
516,194,353,276
510,204,379,282
512,227,378,273
513,229,370,263
533,248,351,259
539,260,323,251
500,245,353,251
498,253,328,249
483,246,324,249
472,252,311,241
425,235,342,239
399,218,355,251
359,200,387,251
347,179,391,261
333,160,392,270
288,140,436,280
300,123,433,283
309,134,427,258
315,117,415,259
305,96,430,267
341,109,403,244
318,74,422,269
323,85,427,237
321,65,433,247
329,48,432,246
349,48,420,238
336,27,452,251
344,45,448,224
342,31,473,235
348,43,464,215
362,41,454,213
370,48,457,216
363,55,456,215
345,51,469,234
332,66,470,234
330,75,480,248
294,94,508,250
274,113,503,253
264,123,514,269
275,143,509,277
266,157,513,262
273,175,505,255
259,189,529,240
257,200,540,222
245,217,543,194
262,210,512,184
269,213,510,182
279,214,514,170
264,212,518,168
277,212,527,163
293,204,518,165
293,196,509,173
290,188,523,161
302,177,521,175
307,167,505,181
323,163,542,187
331,171,515,171
335,158,527,178
338,146,492,186
347,150,511,190
335,141,503,189
330,130,476,194
325,128,501,213
314,115,501,224
309,119,491,207
278,108,516,216
259,100,516,223
248,90,536,228
220,87,527,221
225,85,510,215
197,73,528,212
191,72,523,220
182,72,531,220
158,67,545,217
171,79,533,207
183,86,518,210
168,92,529,191
197,123,507,172
205,124,515,191
218,116,519,180
233,128,550,180
254,127,510,192
261,149,547,179
298,156,515,179
324,136,518,209
324,148,523,210
338,185,542,182
342,205,548,184
348,213,543,187
373,218,537,194
368,209,543,216
392,220,524,212
400,239,519,206
410,233,502,226
411,225,491,254
391,220,502,252
381,204,527,295
367,218,536,282
375,218,503,278
369,209,499,294
367,223,502,287
360,208,512,299
361,209,479,298
357,183,483,322
348,204,486,275
339,180,486,305
344,176,476,308
345,166,462,312
344,176,477,300
337,152,487,322
318,121,522,362
325,113,529,385
336,97,523,407
365,121,525,370
350,116,518,379
358,128,519,342
370,124,510,347
375,131,516,325
384,129,500,321
382,121,508,321
375,119,530,342
358,99,564,349
367,118,542,356
358,102,552,359
351,106,556,352
365,114,559,348
354,112,589,356
343,124,601,344
331,104,628,376
328,112,607,343
312,118,595,332
307,110,591,355
307,126,588,323
308,127,602,359
283,134,610,338
287,152,617,333
275,144,668,340
252,165,662,315
256,171,634,310
255,185,615,300
259,183,590,291
237,185,635,294
246,185,639,319
253,204,603,283
279,202,625,287
270,214,637,279
204,198,646,266
49,118,612,253
-34,62,508,229
-34,62,508,229
-34,62,508,229
-34,62,508,229
-34,62,508,229
-34,62,508,229
-34,62,508,229
-34,62,508,229
4,22,472,184
4,22,472,184
70,19,450,170
145,26,428,158
145,26,428,158
145,26,428,158
145,26,428,158
145,26,428,158
145,26,428,158
145,26,428,158
145,26,428,158
145,26,428,158
145,26,428,158
145,26,428,158
145,26,428,158
145,26,428,158
163,233,416,216
163,233,416,216
163,233,416,216
163,233,416,216
163,233,416,216
404,306,401,262
472,268,457,293
531,252,466,336
556,257,454,330
620,257,449,365
620,257,449,365
414,296,444,342
404,271,481,376
366,221,517,454
412,233,422,401
412,233,422,401
412,233,422,401
412,233,422,401
412,233,422,401
422,349,468,336
429,356,550,344
499,343,503,368
210,284,536,278
223,291,542,280
314,295,471,276
350,297,445,268
459,285,364,236
459,285,364,236
459,285,364,236
459,285,364,236
459,285,364,236
459,285,364,236
459,285,364,236
459,285,364,236
459,285,364,236
459,285,364,236
459,285,364,236
459,285,364,236
119,334,343,167
119,334,343,167
119,334,343,167
119,334,343,167
119,334,343,167
119,334,343,167
