617,452,127,132
610,448,126,139
606,445,132,140
603,446,134,134
598,441,133,138
598,443,130,128
600,440,128,129
594,435,129,128
591,435,128,125
591,435,126,123
588,428,123,126
591,430,120,124
587,427,121,124
586,426,122,120
581,424,123,121
580,422,121,113
579,422,119,115
581,419,113,114
578,417,114,112
578,416,110,113
577,415,107,111
570,412,115,110
570,410,114,109
571,409,107,108
568,408,106,102
569,406,102,105
564,404,104,104
560,402,109,106
558,402,108,102
561,397,101,104
560,396,101,99
557,395,102,100
553,394,103,98
550,389,105,100
551,390,99,97
552,386,97,96
549,389,100,94
550,387,97,91
551,388,91,90
546,386,94,89
545,382,95,92
546,383,92,88
544,379,91,88
545,378,90,87
540,376,93,88
541,375,92,88
541,373,88,91
541,372,88,89
537,370,90,87
538,373,89,83
539,370,86,82
536,369,87,84
534,366,86,83
537,366,85,82
537,366,84,82
534,365,83,80
535,365,88,82
535,366,85,79
533,363,86,81
533,364,86,80
532,359,81,81
531,361,87,79
532,362,83,79
533,361,82,77
533,361,81,77
535,361,79,76
530,360,83,75
535,361,80,77
534,360,78,76
533,360,78,73
536,362,77,74
530,359,81,76
532,359,80,75
530,362,83,71
531,359,81,75
533,359,78,73
532,361,78,72
533,360,77,71
533,361,81,71
532,362,78,71
534,359,77,71
533,360,76,71
533,361,78,70
537,361,72,70
535,361,74,70
535,361,77,70
536,360,76,70
537,362,76,68
537,361,74,66
539,362,77,68
538,361,75,67
537,361,77,69
541,360,74,68
538,362,78,65
541,363,79,69
540,361,75,67
544,363,74,66
544,361,72,67
543,362,73,66
544,361,72,66
544,364,78,64
546,364,72,63
544,364,75,64
547,364,75,61
547,365,74,64
550,364,70,64
551,364,73,64
550,365,70,62
551,364,72,62
553,367,71,63
554,366,70,62
556,367,71,63
554,367,68,60
558,368,69,62
557,367,69,60
560,370,69,61
558,368,68,60
560,369,70,59
560,370,67,57
561,370,68,58
560,370,71,59
561,368,68,59
565,370,67,58
563,370,70,58
566,371,69,58
569,371,65,57
568,370,65,58
571,371,63,57
571,371,67,58
569,371,64,57
571,372,67,56
571,373,70,58
575,371,64,59
573,374,70,58
576,374,66,58
572,372,66,59
577,372,63,57
579,374,63,56
579,373,62,55
580,372,61,55
577,372,66,54
578,373,66,56
581,374,62,54
581,372,62,55
585,375,60,54
583,373,61,54
582,372,63,54
583,374,63,55
581,372,61,53
584,373,62,52
582,372,61,52
586,374,60,53
583,371,61,54
584,371,59,52
583,370,59,52
584,373,61,53
582,370,61,52
585,371,59,51
584,373,60,48
584,371,60,51
583,371,60,50
584,370,57,50
585,370,58,48
583,371,57,48
584,369,58,49
582,370,59,49
583,371,57,48
585,369,56,49
584,370,58,50
581,369,59,48
585,370,57,50
584,371,57,50
584,371,58,47
582,370,59,47
585,371,58,47
584,369,56,49
585,370,57,47
584,371,59,46
584,370,60,47
583,369,59,46
585,371,58,49
585,369,55,48
587,372,54,47
586,371,55,45
586,370,56,45
587,372,55,47
587,370,55,47
585,372,58,47
589,372,53,45
589,374,54,45
587,373,53,45
588,374,54,46
590,375,53,43
589,375,55,44
588,374,52,43
592,375,51,44
590,373,51,44
589,375,56,45
589,374,55,43
589,374,54,44
590,375,54,46
588,372,54,48
589,374,54,47
588,374,55,45
589,374,53,45
587,374,54,46
589,373,54,45
587,374,58,46
587,372,54,46
589,372,53,46
588,374,52,46
590,373,52,45
587,373,55,46
590,373,53,46
589,373,53,45
588,373,54,44
589,373,55,45
591,372,52,46
591,374,53,44
591,372,52,45
592,374,53,45
589,373,53,44
590,371,53,46
592,374,50,44
593,372,51,45
591,372,51,44
592,375,52,43
591,374,49,43
590,373,53,42
592,373,52,44
592,375,50,43
593,374,49,40
593,376,49,39
592,376,50,41
592,374,51,41
593,377,51,40
592,374,52,40
593,374,50,42
591,373,50,42
592,375,52,43
591,374,50,42
593,375,50,41
593,373,51,42
593,373,50,42
592,374,51,41
593,373,48,41
592,372,51,42
595,372,49,43
595,370,47,43
595,373,49,44
595,370,48,42
593,372,49,43
597,371,47,41
594,371,50,41
595,372,49,43
595,371,49,43
597,370,47,42
597,372,47,41
597,370,48,42
596,370,49,41
597,372,48,41
600,371,47,41
599,373,47,40
600,372,45,40
599,372,47,41
603,373,44,39
600,372,47,40
603,375,46,37
601,373,47,38
604,375,45,38
604,374,45,36
604,375,44,36
605,376,45,36
604,375,44,36
605,376,45,35
605,376,45,37
605,375,46,36
604,375,47,38
607,376,45,36
605,376,45,39
606,375,46,37
607,377,46,39
608,374,44,39
607,376,46,39
608,376,47,39
609,376,46,38
610,378,45,39
611,377,44,37
609,378,45,38
609,377,45,37
611,378,45,38
611,378,45,38
612,378,45,36
611,377,44,38
612,378,44,38
612,378,44,37
612,378,45,37
611,379,45,37
612,379,44,37
612,379,45,36
611,380,44,36
614,382,42,35
613,382,43,34
614,382,44,36
615,383,44,36
617,385,43,34
616,383,41,35
618,385,43,36
619,385,43,36
619,386,43,34
620,387,42,35
621,387,43,34
622,388,43,35
624,389,44,35
624,389,46,35
624,388,44,34
626,390,43,35
628,391,44,35
630,392,44,34
631,392,43,36
632,393,45,34
634,395,44,34
636,394,43,34
637,395,44,35
641,396,42,34
641,396,43,34
643,397,44,34
644,398,44,34
648,399,41,35
648,399,43,34
648,398,42,33
649,399,44,34
651,398,41,33
654,401,42,32
654,399,41,32
655,401,42,32
656,400,40,31
657,401,41,31
656,400,40,31
657,398,40,31
657,401,43,32
658,401,40,32
657,401,41,31
656,401,45,32
656,401,43,31
658,401,41,32
657,400,40,32
657,402,41,33
657,400,39,31
656,400,40,32
656,401,39,32
655,400,40,32
655,401,39,31
655,401,39,32
654,400,40,32
654,401,42,31
653,401,40,32
654,401,41,32
652,400,40,32
654,401,41,32
654,400,39,32
653,400,42,34
652,400,41,32
654,402,41,32
651,401,42,31
653,401,41,31
652,401,40,31
652,401,40,30
653,400,39,31
651,401,40,32
652,400,40,31
653,402,39,32
651,401,39,30
651,402,42,31
651,402,39,30
653,402,40,32
652,401,39,31
651,401,41,30
652,400,41,31
653,401,38,32
654,401,39,30
652,401,37,31
652,400,39,31
652,401,41,32
651,401,40,29
651,400,42,29
650,400,42,31
651,402,41,30
651,401,41,29
651,402,42,30
651,401,39,31
650,401,41,30
650,401,42,30
650,402,42,30
649,400,40,30
651,401,39,32
650,401,40,30
651,401,40,31
650,401,41,30
647,401,42,30
649,400,41,29
649,400,41,31
647,399,40,30
649,400,40,31
646,401,43,30
646,401,41,29
646,399,41,30
645,400,42,30
644,400,42,29
643,399,43,30
644,401,43,30
645,400,42,29
647,401,39,30
647,400,39,30
646,399,41,29
644,400,42,30
644,398,43,31
646,399,43,31
645,399,42,31
645,401,42,31
645,401,41,30
643,400,43,30
643,399,44,31
643,401,41,32
642,400,41,31
643,399,41,30
641,399,40,31
640,400,43,32
640,399,40,31
639,400,41,30
637,399,43,31
638,399,40,30
638,399,42,32
638,400,42,31
638,400,43,32
637,401,43,31
635,400,44,29
635,400,43,30
636,401,43,30
635,400,41,31
634,400,42,31
635,400,41,31
633,401,41,30
632,399,42,30
632,401,42,31
631,400,41,30
633,400,40,31
631,402,41,31
632,400,39,29
630,401,41,31
627,401,44,30
627,399,41,31
627,401,40,31
626,400,40,31
626,400,42,31
624,400,42,31
622,399,42,31
622,402,43,31
620,401,42,30
620,402,42,29
618,401,42,30
618,400,43,31
618,401,39,31
615,401,41,30
614,401,42,31
612,401,42,31
614,401,42,30
613,402,41,30
613,401,42,29
610,401,43,29
612,403,42,30
610,403,42,28
609,401,41,29
608,403,42,30
607,403,43,29
607,401,41,29
607,402,42,30
606,403,41,29
604,402,43,29
604,402,42,29
604,401,41,29
602,401,41,29
601,403,42,30
599,401,42,29
599,403,40,29
600,402,39,30
598,401,40,29
597,402,39,29
594,401,41,30
593,401,43,30
591,402,41,30
590,401,41,30
589,401,40,29
587,401,43,29
585,401,44,30
584,401,44,29
582,400,44,29
583,401,41,30
583,401,40,29
581,400,42,29
580,401,40,30
579,401,42,29
579,402,42,30
578,401,41,30
578,401,41,29
574,402,43,30
573,401,43,29
571,401,43,30
571,401,43,29
569,400,44,29
568,402,44,30
568,401,43,30
565,400,43,30
564,400,43,30
561,399,45,30
561,401,43,31
559,400,43,30
559,400,42,31
558,400,42,29
557,400,43,29
553,399,45,29
552,399,46,30
553,398,43,30
551,398,43,30
549,398,43,29
548,398,44,28
546,398,44,29
544,397,46,32
543,398,42,30
542,397,44,29
540,398,44,30
539,398,45,30
536,397,46,30
536,396,44,30
535,397,45,30
533,396,44,30
531,396,43,31
529,395,44,32
527,395,45,32
528,396,43,31
525,396,44,32
524,395,42,33
522,395,42,33
518,395,43,34
517,396,43,34
516,393,43,35
513,394,45,35
513,395,44,35
511,393,43,34
510,395,43,34
506,393,44,33
503,394,45,33
503,393,42,33
502,394,44,34
500,394,45,33
498,394,45,31
496,394,45,32
494,394,45,33
493,394,43,31
490,394,43,33
488,392,43,33
487,394,45,33
484,392,44,33
482,393,46,32
481,393,45,32
480,393,44,34
478,392,43,34
477,391,42,34
474,392,45,35
470,390,46,35
471,390,43,35
469,390,44,34
468,389,42,34
466,390,42,34
464,388,43,35
461,389,45,33
460,389,44,33
461,389,42,36
458,387,43,35
455,388,43,35
454,388,43,34
451,388,44,35
450,388,43,36
448,388,46,35
448,389,45,34
447,389,43,34
445,389,44,33
444,390,45,34
442,389,44,35
441,389,46,35
439,388,46,36
440,389,47,35
441,388,46,34
440,387,46,35
441,388,47,35
442,387,46,34
442,386,46,34
444,386,45,34
445,386,44,34
444,385,44,35
445,385,46,34
448,384,43,35
448,383,43,35
448,383,45,35
449,384,47,35
451,384,46,35
451,384,47,35
455,384,45,35
457,383,45,34
457,384,46,35
458,385,47,34
458,384,49,34
461,385,49,35
463,384,47,36
466,384,45,35
469,385,45,33
470,384,45,35
472,386,47,33
475,386,46,33
476,386,45,33
478,386,44,33
479,387,47,33
482,387,46,33
485,387,46,33
486,387,47,33
489,387,46,32
492,389,45,32
495,388,44,32
497,387,45,33
498,387,42,32
501,388,43,32
503,388,45,33
506,388,45,32
507,390,45,31
509,390,45,31
511,391,44,31
512,389,45,31
516,391,44,32
520,392,44,30
522,391,43,30
524,391,45,30
525,390,46,32
529,392,43,32
531,392,44,31
535,390,42,32
537,391,44,31
540,392,43,31
541,391,42,31
543,392,43,31
547,392,43,30
551,392,41,31
552,393,42,31
556,394,41,30
558,393,43,30
559,394,42,30
563,393,40,31
566,394,39,31
569,395,40,31
571,394,42,31
574,396,41,30
576,396,41,28
578,396,41,28
580,396,40,29
580,397,42,29
584,396,40,30
585,396,41,29
589,398,41,28
590,397,39,29
593,397,40,29
595,397,40,29
595,398,41,28
598,398,42,28
599,397,42,28
602,398,42,29
604,398,42,29
607,398,43,29
608,399,41,28
611,398,41,28
612,399,41,28
613,397,41,29
618,398,39,28
619,399,40,28
621,398,39,27
623,399,39,26
625,399,37,26
626,400,37,26
629,399,37,27
629,400,38,27
631,400,36,27
633,401,36,26
634,400,35,26
637,400,34,26
637,400,34,26
638,401,34,25
639,400,34,25
639,401,35,26
639,401,35,25
641,401,34,26
641,401,35,25
640,402,35,26
640,404,35,25
641,405,34,24
640,405,35,25
641,404,34,26
640,406,34,25
640,406,35,25
639,406,35,26
640,407,35,26
639,406,35,26
641,407,35,25
640,408,34,25
641,409,34,24
640,409,33,25
640,409,33,24
640,410,33,26
641,410,35,24
640,412,35,23
640,412,34,24
641,411,33,24
641,411,33,24
640,412,32,25
641,414,34,23
640,414,34,24
641,414,33,21
640,414,34,23
641,415,33,23
640,414,34,23
641,415,34,23
641,415,34,22
641,415,33,21
640,416,34,21
641,416,33,22
642,415,33,22
641,416,32,21
643,416,32,21
643,415,32,22
643,416,32,20
641,416,33,20
643,418,32,21
645,417,30,20
644,419,31,21
644,418,30,22
643,418,31,22
643,419,30,20
642,420,30,21
643,419,31,21
642,421,31,21
642,421,31,22
643,420,31,22
642,420,31,22
642,421,32,21
642,422,30,21
642,421,30,22
641,421,31,22
641,421,31,21
641,422,31,22
642,422,29,21
641,423,32,21
638,423,33,21
639,422,33,21
638,421,33,21
639,422,32,22
637,421,34,21
638,422,33,21
640,422,31,21
638,422,30,21
639,422,30,21
637,422,33,21
637,422,30,21
637,421,30,21
636,422,31,21
637,421,30,22
634,422,32,22
634,422,32,22
635,421,29,22
634,420,30,23
633,422,32,23
631,421,32,23
632,421,31,22
634,421,30,22
632,420,30,22
630,421,31,23
631,421,30,23
629,420,30,22
629,420,32,21
627,421,34,23
628,420,32,23
628,421,30,22
625,422,32,22
626,422,30,22
626,421,31,21
625,422,31,21
624,422,29,22
623,421,29,21
623,422,30,21
623,421,29,21
620,421,32,22
619,421,31,21
621,421,28,22
620,422,30,22
619,420,29,22
619,421,27,22
617,422,29,21
618,421,28,21
617,422,29,21
616,421,28,21
615,421,27,22
616,422,27,22
613,423,29,22
613,421,28,22
612,422,27,22
610,423,29,22
609,423,29,21
610,423,28,22
607,423,29,22
607,422,28,23
607,423,28,22
608,423,27,22
605,423,27,21
605,423,28,22
604,422,27,22
604,423,28,22
602,423,27,22
601,423,27,22
602,424,27,22
601,423,28,21
600,423,27,22
600,424,28,23
600,424,26,22
599,424,26,21
597,423,28,22
596,423,28,21
595,423,29,23
593,423,29,22
594,424,30,23
594,424,28,22
593,425,29,22
593,425,28,22
593,425,28,21
591,425,29,22
589,426,29,22
590,425,28,22
589,426,27,21
588,426,28,21
587,426,29,23
586,428,29,21
585,426,30,22
583,426,30,23
583,427,30,22
583,426,29,23
584,427,29,24
584,428,27,23
583,428,28,23
581,426,28,24
581,427,29,23
581,428,28,25
581,427,30,25
580,428,28,25
580,428,29,26
582,429,27,25
580,430,27,25
581,429,27,24
580,430,28,24
580,431,27,23
578,432,27,23
579,431,28,23
578,432,28,23
577,432,27,22
577,433,29,23
576,433,27,23
575,433,28,23
574,434,28,24
575,434,27,23
574,435,28,24
573,435,28,23
572,435,29,24
572,436,29,24
571,435,29,24
571,436,29,24
572,437,29,24
571,436,28,24
572,438,28,24
569,438,31,23
570,440,30,25
571,440,29,26
569,440,28,25
572,441,28,24
571,440,28,25
571,442,28,25
570,441,28,25
570,443,29,25
571,442,29,24
570,442,28,24
571,443,29,25
570,442,29,24
571,444,29,25
570,443,28,25
571,444,29,25
570,443,29,25
571,445,32,24
572,444,30,24
573,444,30,24
573,444,29,24
573,443,29,25
574,444,29,24
574,444,29,24
576,445,29,24
574,443,30,24
577,444,29,25
577,442,30,24
576,442,29,24
578,441,29,24
577,442,30,25
575,443,29,24
574,442,30,24
576,441,29,25
573,442,31,23
574,441,30,24
575,440,30,25
572,439,30,24
574,440,29,23
573,440,30,25
574,439,30,25
576,439,29,24
576,440,30,23
575,439,30,23
573,439,29,24
569,439,31,23
570,439,31,24
570,439,30,24
568,440,30,24
566,440,30,23
566,440,31,25
567,441,31,25
566,442,32,23
566,442,32,24
567,441,31,25
566,442,31,24
567,442,31,25
565,440,32,24
566,442,32,24
566,441,31,24
565,441,31,24
565,442,32,24
563,442,32,24
562,441,31,24
562,441,32,25
561,442,32,24
560,442,32,24
560,441,33,25
559,441,31,25
559,442,32,24
559,443,31,24
557,441,32,25
556,443,32,26
556,442,31,25
555,443,32,25
554,442,32,25
553,441,32,25
552,441,33,25
552,441,33,25
551,441,31,25
551,442,31,24
550,443,32,25
549,441,32,25
549,441,32,25
549,442,32,25
548,442,33,25
547,442,32,25
548,442,32,25
546,441,32,25
546,442,33,26
546,443,32,26
545,443,33,26
545,442,32,26
545,443,32,26
543,441,32,26
544,442,32,24
542,442,32,25
542,441,32,27
543,443,32,25
541,442,33,25
541,442,32,25
540,442,33,26
539,443,34,25
540,444,32,25
539,443,32,26
538,443,33,26
538,444,33,25
538,443,33,26
537,444,33,26
537,443,33,27
537,444,33,27
536,444,33,26
536,444,32,26
536,445,34,26
536,444,33,25
537,444,32,25
536,445,33,25
536,443,32,26
535,445,33,26
535,443,33,27
535,446,34,26
535,444,34,26
537,446,32,25
536,446,32,25
537,445,32,26
537,445,33,25
536,446,32,26
536,445,32,25
536,444,33,26
535,445,33,26
536,446,33,25
536,445,33,26
536,445,32,25
536,446,33,25
536,445,33,25
535,445,33,24
536,446,32,25
534,445,33,26
534,445,35,26
535,446,33,26
535,446,34,27
534,445,33,25
534,446,33,25
532,444,33,26
535,445,32,25
533,446,33,25
533,446,34,26
532,446,34,25
533,447,34,24
532,447,33,24
532,446,34,25
531,446,33,25
531,446,33,25
532,446,34,25
532,446,34,25
531,446,34,24
532,445,33,26
530,445,35,26
530,445,34,25
531,447,35,25
530,446,35,24
530,446,35,24
531,447,35,25
532,446,33,25
531,446,33,24
530,445,33,24
531,445,33,25
532,445,33,26
530,445,33,25
530,446,34,25
530,446,34,24
531,444,33,25
531,445,34,25
530,445,32,25
529,446,33,24
531,446,34,25
530,445,32,24
529,445,34,25
530,445,31,24
530,447,33,25
529,447,32,25
530,446,33,24
528,445,36,26
530,447,32,25
528,446,33,24
528,445,33,24
529,447,33,25
526,447,34,24
529,446,34,25
527,447,34,24
528,446,33,24
526,447,35,24
529,447,34,24
525,446,35,24
526,446,35,25
529,447,32,23
528,447,32,23
528,447,32,25
527,446,32,25
526,446,33,26
525,445,33,25
527,447,34,24
525,445,34,25
526,445,33,25
526,445,34,25
526,445,33,26
525,446,34,24
525,445,34,25
527,445,33,26
526,446,32,26
527,445,32,25
524,446,36,26
525,445,32,25
526,446,34,24
525,444,32,25
525,445,34,24
524,444,35,26
524,446,35,26
525,446,33,25
526,445,33,26
525,446,34,25
524,444,33,25
526,445,32,25
525,446,33,25
524,446,35,25
525,444,34,27
524,446,35,26
526,445,34,25
525,444,33,26
524,445,34,25
525,446,33,25
525,445,33,26
523,446,36,26
525,445,34,25
524,445,34,26
524,444,34,26
526,445,34,25
526,445,34,26
526,444,34,26
525,444,32,25
526,444,33,26
525,444,33,26
525,445,35,26
524,445,36,26
526,445,34,25
525,444,33,25
526,445,33,25
527,445,35,24
526,443,32,25
526,444,33,25
525,444,34,25
526,443,32,25
526,443,32,25
526,443,34,25
526,443,34,24
525,442,33,25
526,443,34,25
525,443,35,26
526,444,33,24
527,444,33,24
525,443,34,25
526,444,33,26
526,442,32,25
528,444,33,25
526,443,33,24
527,443,32,25
528,444,32,24
527,444,33,24
526,443,33,24
525,444,35,25
524,442,35,25
525,443,33,25
527,444,33,24
525,443,35,25
526,442,33,25
527,443,33,24
528,442,32,25
526,442,32,25
528,443,32,25
525,443,33,24
527,442,33,24
527,442,34,24
527,442,34,24
527,441,34,24
528,442,33,25
527,442,33,24
527,442,34,24
526,441,34,24
527,441,34,24
528,442,33,24
527,441,33,24
528,442,33,25
530,441,31,24
529,441,32,23
529,441,32,24
528,442,33,24
528,442,33,24
527,441,33,23
530,442,32,25
528,440,32,24
528,441,35,24
528,441,34,23
528,442,32,23
529,442,33,23
529,442,34,23
529,441,33,23
530,442,32,23
528,441,32,23
528,441,32,22
528,441,33,24
528,440,33,23
530,440,33,24
530,441,33,24
530,440,33,22
529,439,33,23
529,440,34,23
529,440,34,24
530,440,34,24
530,439,32,23
532,440,32,24
531,439,31,22
530,439,33,23
532,439,32,24
531,439,31,23
531,440,32,23
530,439,33,24
529,439,34,23
532,440,33,23
531,440,33,22
529,438,34,23
531,439,34,23
529,439,34,23
530,439,34,23
533,439,32,23
533,439,33,23
533,439,33,23
533,440,34,24
534,440,33,23
536,440,30,24
535,439,32,24
537,442,31,23
535,441,31,23
534,440,32,23
537,442,31,23
536,441,32,23
535,441,33,23
537,442,32,23
534,441,33,23
535,441,32,23
534,441,32,22
534,441,32,23
532,441,33,23
534,439,32,24
532,439,32,23
531,438,31,23
532,438,31,23
531,439,32,23
530,439,32,22
529,438,30,23
529,438,32,22
528,437,31,22
527,437,32,23
527,437,33,22
526,437,32,21
525,437,31,21
526,435,31,23
524,435,32,23
525,436,32,22
524,436,31,22
524,435,31,23
524,435,30,22
523,435,32,22
523,435,32,23
521,434,32,22
522,433,31,22
521,433,33,23
520,434,32,22
521,433,32,23
519,433,33,23
519,433,33,22
516,433,34,22
518,432,31,21
517,432,32,22
515,432,34,22
515,433,34,22
516,431,33,22
516,431,31,22
517,431,31,22
514,432,32,21
513,432,33,21
513,430,32,22
513,429,31,22
512,431,33,23
512,429,32,22
512,431,32,22
510,431,32,22
510,430,32,22
511,430,33,21
510,429,32,21
509,430,33,22
511,429,31,21
510,429,32,22
507,428,34,22
508,427,31,21
507,428,33,22
508,428,33,22
507,426,32,21
506,427,33,22
505,425,32,22
506,426,31,22
505,425,33,22
505,426,33,21
503,425,33,21
505,424,32,21
505,423,30,22
504,423,31,21
504,424,32,21
503,425,32,22
503,424,32,22
502,424,32,22
503,423,32,21
503,423,31,21
504,423,31,22
502,423,33,21
503,422,32,22
503,423,33,22
501,422,32,22
501,422,32,21
503,422,31,22
502,423,32,21
502,422,32,21
501,422,33,21
502,422,33,22
503,421,31,21
504,422,31,21
504,421,31,22
503,421,31,21
501,423,33,21
502,422,32,22
500,421,33,21
501,422,33,21
501,422,32,21
502,422,31,22
501,421,32,22
500,421,33,22
499,421,34,20
499,422,33,21
500,422,33,21
500,422,33,22
499,422,32,21
500,421,32,22
499,421,32,22
500,422,32,22
500,422,32,21
501,422,32,22
500,422,32,22
501,422,31,23
500,423,32,22
501,422,32,22
500,421,32,22
500,422,33,21
501,422,32,22
500,423,32,21
501,422,32,22
501,422,31,21
500,421,32,21
502,422,30,22
501,422,32,22
501,422,32,22
500,423,34,21
501,422,32,21
501,422,32,21
503,423,32,21
503,424,33,21
504,424,31,21
503,422,30,21
503,424,31,21
504,423,30,22
503,424,32,21
502,424,32,22
503,423,33,21
503,422,31,21
502,423,33,22
504,425,32,22
505,425,31,22
504,425,32,22
505,423,31,22
505,426,32,22
504,425,30,22
506,425,31,21
505,424,31,21
504,424,31,21
504,426,33,22
506,426,32,21
504,425,33,21
506,425,32,22
507,425,31,22
504,426,34,22
504,425,34,22
505,425,33,22
506,427,34,22
507,427,32,21
506,426,33,22
507,426,33,23
507,426,31,21
508,426,32,21
508,426,32,21
509,426,31,21
508,425,31,21
510,425,31,22
509,425,32,21
509,426,32,22
510,426,31,22
510,427,33,22
511,428,33,22
512,428,32,21
513,427,31,21
511,427,30,20
511,429,31,21
510,429,32,21
510,429,32,21
512,429,31,21
513,429,31,21
512,430,31,21
511,430,31,20
512,429,31,21
513,429,30,21
510,429,33,21
510,429,32,21
510,429,32,21
511,430,30,21
510,429,32,21
509,430,32,22
510,429,32,21
508,429,31,21
509,431,31,21
509,429,30,22
509,430,32,22
508,430,31,21
509,430,32,21
508,429,30,21
508,429,30,21
507,430,30,21
506,430,30,21
506,429,32,21
506,430,32,22
506,429,30,21
506,430,31,22
504,430,31,21
504,430,31,21
503,430,32,21
504,430,30,22
503,430,32,21
502,429,31,21
502,430,32,21
502,430,32,21
501,429,32,22
500,429,31,22
499,429,32,20
500,431,33,21
500,430,31,22
499,429,32,22
497,430,32,21
497,431,33,21
496,430,33,22
496,430,31,21
495,431,32,21
497,431,31,22
496,431,32,21
496,431,31,20
494,429,31,21
495,430,32,21
494,429,32,22
494,429,32,22
493,430,31,21
495,431,30,22
494,430,28,21
493,429,31,21
491,429,31,22
490,430,33,22
488,430,33,21
489,429,33,21
489,430,32,22
488,430,33,22
487,430,31,21
487,430,32,22
486,430,31,21
488,430,31,21
485,429,31,22
484,429,33,21
485,431,33,21
485,430,32,21
483,430,31,21
483,430,32,21
483,430,32,21
483,431,31,21
481,430,33,22
480,431,33,22
480,431,32,21
479,430,32,20
479,429,32,22
479,431,32,21
477,431,34,21
477,431,32,21
477,432,32,20
477,430,31,22
476,430,32,21
478,432,31,21
476,432,31,21
474,432,33,21
474,430,33,22
474,429,30,22
476,431,30,22
473,431,32,22
474,432,31,22
472,431,32,22
473,431,30,21
472,431,31,21
473,431,31,22
471,431,30,22
471,431,31,22
470,430,33,22
471,431,32,21
470,431,31,21
472,431,30,22
470,432,31,21
468,432,32,22
469,431,32,22
467,430,32,21
469,430,31,22
470,430,31,23
468,431,32,22
467,431,31,21
467,431,32,22
465,432,33,22
465,430,33,22
465,432,32,22
467,433,31,20
466,431,29,21
464,431,31,21
465,432,32,22
463,432,32,21
463,431,32,22
461,432,33,21
463,431,31,22
462,431,31,22
463,432,32,22
461,431,31,21
461,431,31,21
460,431,32,22
461,433,32,22
460,432,32,21
459,432,32,21
460,432,31,22
461,431,30,20
459,432,31,21
460,433,32,21
458,433,33,21
459,432,31,22
457,431,33,22
459,431,30,21
456,431,31,21
457,431,31,21
458,432,30,21
457,431,30,21
457,432,30,22
455,432,32,21
457,432,31,21
456,432,31,21
457,431,31,21
456,431,32,20
456,432,31,22
456,432,31,21
457,432,29,21
456,432,29,21
457,432,30,22
456,431,31,21
456,433,31,21
455,433,31,21
456,433,31,21
456,431,31,22
455,431,31,21
455,432,31,21
455,431,31,22
458,432,30,22
458,433,30,21
458,432,29,22
455,431,31,22
456,432,31,22
457,433,31,22
457,433,31,21
456,432,31,22
457,433,31,21
457,433,32,21
458,433,30,21
459,434,30,21
458,432,30,21
460,433,30,21
460,433,30,21
462,434,30,20
461,433,31,21
461,434,32,21
461,434,31,21
463,434,29,19
462,433,31,21
464,434,30,20
462,433,31,20
464,433,31,20
465,433,31,20
465,432,30,20
466,434,30,20
465,433,31,21
465,432,30,21
466,433,29,20
467,432,29,20
469,433,28,19
468,432,29,20
468,431,30,21
468,432,30,21
468,431,30,20
468,431,29,21
468,432,30,21
470,432,30,20
470,431,29,21
469,430,30,21
471,431,30,21
471,431,29,20
471,429,30,20
473,430,29,21
473,429,29,21
473,429,29,21
473,430,30,20
472,429,30,19
473,429,29,20
474,428,28,20
474,428,29,20
475,428,30,20
475,428,30,20
476,427,29,22
476,427,30,21
478,427,29,21
479,427,29,21
480,426,29,21
479,427,30,21
481,428,29,20
482,426,30,20
483,427,29,21
484,427,28,21
485,427,28,20
485,428,30,20
485,426,28,21
488,428,28,20
487,426,27,21
487,426,30,21
487,426,30,21
489,427,30,21
489,426,29,21
490,426,29,21
491,426,30,21
492,427,30,21
494,426,29,21
492,425,30,21
494,426,29,21
496,426,28,21
497,427,28,21
498,425,28,21
499,426,29,21
499,425,28,20
501,427,29,20
503,426,28,20
503,425,28,20
503,425,28,20
503,425,29,20
506,425,29,20
506,425,28,20
507,424,29,20
509,425,28,20
509,422,28,21
511,424,27,20
513,423,27,19
513,423,28,20
514,423,28,20
515,421,27,20
516,422,28,20
518,421,27,21
519,421,27,20
521,422,28,19
521,421,28,19
523,421,28,20
523,420,28,20
523,420,28,20
526,420,27,20
528,421,27,19
527,421,29,19
528,421,28,19
530,420,27,20
532,421,28,21
532,421,28,20
534,420,27,20
536,421,27,20
536,420,28,19
538,419,27,20
538,419,27,19
540,419,27,19
542,419,26,19
541,420,27,20
544,421,26,19
544,419,27,21
546,419,26,20
546,420,26,20
547,419,27,20
548,419,28,21
549,418,28,21
550,419,27,20
551,419,26,20
553,419,27,20
554,417,26,21
555,419,27,19
555,418,27,20
555,416,27,21
557,417,26,20
558,417,26,21
558,418,26,19
560,417,25,21
561,418,26,20
561,418,26,20
561,417,26,20
563,417,26,21
566,419,25,20
564,417,26,20
567,417,25,21
567,417,26,20
567,418,26,20
569,419,25,20
570,418,27,20
571,416,25,20
571,418,25,20
572,418,25,20
573,416,26,21
574,417,25,20
576,418,25,21
576,416,25,21
578,417,24,20
579,416,25,20
580,418,25,19
581,417,24,19
581,417,25,20
582,418,26,21
582,416,25,20
582,417,27,20
585,417,25,19
586,417,25,20
587,417,24,20
587,418,26,19
589,419,24,19
589,418,24,18
590,419,25,19
591,418,24,19
592,419,25,20
593,418,24,20
593,418,24,19
594,419,23,19
594,420,23,19
597,421,23,19
596,420,22,19
597,420,24,19
599,421,24,19
600,422,24,18
600,421,23,18
600,421,23,19
601,422,23,19
602,422,23,19
603,422,24,18
605,423,23,19
605,423,23,19
607,423,23,18
608,424,23,19
610,424,22,18
611,425,22,19
611,426,22,18
612,424,21,19
612,424,23,18
613,426,23,19
614,425,22,18
614,425,21,19
614,425,22,19
616,425,22,19
615,427,22,19
615,425,22,19
616,425,22,19
615,426,21,19
616,425,21,19
615,424,21,19
616,425,22,20
616,426,22,19
614,424,23,19
616,426,23,19
616,425,22,19
616,424,23,19
617,425,21,19
615,424,22,19
616,424,21,18
617,424,21,19
615,423,22,19
616,424,21,18
616,425,22,18
617,424,22,18
616,425,23,19
616,424,22,18
616,424,21,18
616,423,23,19
616,423,22,19
615,424,22,18
615,422,23,19
615,424,23,19
616,424,22,18
616,423,23,18
615,422,22,18
614,422,24,18
615,422,23,18
615,421,23,18
616,422,22,18
616,422,22,18
616,421,23,18
616,420,21,19
615,421,22,19
615,419,22,20
616,420,21,19
615,421,21,19
616,421,22,18
616,419,22,19
614,419,23,19
617,419,21,18
616,420,23,18
616,418,22,18
615,419,22,18
615,417,22,19
616,418,22,19
616,417,22,19
615,417,22,18
615,417,22,19
615,418,23,19
617,416,21,19
615,417,22,18
615,416,22,18
617,416,22,18
616,415,22,18
615,415,23,19
615,415,24,19
617,416,22,19
616,415,23,18
615,414,22,18
616,415,22,19
617,415,21,18
617,414,21,18
616,413,21,18
615,413,21,18
615,412,22,18
615,413,22,19
615,414,22,18
617,413,20,18
616,411,21,19
615,412,22,18
615,412,21,18
616,411,21,18
616,411,21,18
616,412,21,19
617,411,21,18
616,411,21,18
617,410,20,18
616,411,21,18
616,409,22,18
617,410,22,18
615,410,22,17
616,410,21,17
618,411,21,17
616,410,21,17
617,410,22,17
617,410,21,18
618,410,21,17
617,410,20,17
618,408,21,18
617,409,22,17
618,409,21,17
617,409,21,18
619,411,22,16
619,410,20,18
618,410,20,18
619,410,21,18
619,408,20,18
618,409,20,17
618,409,21,18
619,409,21,18
620,408,20,17
618,409,21,17
620,409,21,17
619,408,20,17
620,409,21,17
619,410,20,17
621,410,19,17
620,409,20,17
620,409,20,17
620,410,21,17
621,409,19,17
622,410,20,17
620,409,20,17
622,410,20,17
621,409,19,17
622,410,20,18
621,409,19,17
622,410,20,17
622,409,20,18
622,410,21,17
622,409,19,18
624,410,20,17
624,411,19,18
624,410,20,17
622,411,21,17
623,410,21,18
622,411,22,18
622,411,22,17
624,410,21,18
624,411,19,18
623,410,20,18
624,410,21,18
624,411,20,18
625,412,20,17
625,411,21,18
625,412,20,18
625,411,20,18
626,411,21,18
626,411,19,17
626,411,20,18
625,412,21,17
625,411,22,17
625,411,20,17
626,412,20,17
627,412,20,18
627,412,19,17
626,412,19,17
627,411,20,18
627,412,19,18
628,412,20,17
629,412,19,17
628,412,20,17
629,412,18,18
627,413,20,18
629,413,19,17
627,413,20,18
629,414,20,17
628,414,20,17
628,414,21,17
630,414,20,17
630,414,20,16
630,414,21,17
631,415,20,18
632,416,21,17
631,415,20,17
633,416,19,17
634,415,19,18
633,417,18,17
634,417,19,16
634,416,19,16
635,418,19,17
634,418,20,17
633,418,20,17
633,418,20,17
634,419,21,16
634,418,20,17
633,418,20,16
633,418,20,17
634,418,20,16
633,418,20,17
633,419,20,16
634,418,19,16
633,418,21,18
632,418,20,17
632,418,21,16
633,418,19,16
632,419,20,16
631,418,19,15
631,417,20,16
630,417,20,16
629,417,19,16
629,418,21,16
628,418,21,16
628,418,20,16
628,419,19,16
626,418,20,16
626,418,20,16
625,418,20,16
625,417,20,17
625,417,20,17
625,418,21,16
623,418,20,16
625,418,19,16
623,417,20,17
623,416,21,16
621,417,20,17
622,417,20,16
621,416,20,17
619,416,21,17
620,415,20,17
619,415,19,16
619,417,19,17
617,415,20,17
618,416,20,17
618,415,20,16
617,414,20,16
616,415,20,17
616,416,22,16
615,416,21,16
614,415,21,16
615,415,21,17
614,413,21,16
614,414,20,17
614,415,18,16
613,414,19,16
613,414,19,17
612,414,20,16
613,414,18,17
611,414,19,17
612,415,19,16
610,414,19,16
610,414,19,16
608,413,20,16
608,413,20,16
608,412,20,16
607,411,20,16
605,413,21,17
605,412,19,16
605,412,19,16
604,412,20,16
604,411,20,18
603,412,21,16
602,411,21,16
600,410,21,16
601,411,21,15
601,411,20,16
599,411,20,16
599,411,20,16
598,410,20,16
598,410,20,16
598,409,19,16
597,409,19,15
596,409,20,16
595,409,20,16
594,410,21,16
593,409,21,16
593,409,21,16
593,408,19,16
593,410,19,16
591,410,19,16
590,410,19,16
590,410,20,16
589,410,19,15
587,409,19,15
587,409,20,15
586,409,21,15
584,408,21,16
584,408,20,16
582,408,21,16
581,409,20,15
580,409,21,16
581,409,19,16
579,409,20,16
579,408,20,16
578,407,19,16
576,408,20,15
576,408,20,16
573,407,22,16
572,407,20,16
571,407,20,16
570,406,20,16
569,406,20,16
568,407,21,17
567,405,21,16
566,406,21,18
564,405,21,16
565,405,20,16
563,404,20,17
563,404,19,17
561,405,21,18
562,404,20,17
560,404,19,17
559,404,21,17
558,403,20,16
558,403,20,17
557,403,20,17
555,403,21,16
553,403,21,16
554,402,19,16
554,403,19,16
550,402,22,16
550,401,20,16
549,402,20,16
547,401,21,16
546,401,20,17
546,400,21,17
544,399,21,17
545,399,22,16
544,399,21,16
543,399,20,16
542,397,21,17
540,397,22,16
539,397,23,16
540,397,21,17
539,396,22,17
537,395,22,16
536,396,23,17
537,395,21,17
536,395,22,16
535,394,22,17
533,393,23,17
533,395,23,17
533,395,20,16
531,394,21,16
531,395,21,17
529,395,23,16
530,395,22,16
529,396,22,17
528,396,22,17
528,397,23,17
526,396,22,17
526,396,23,17
525,397,22,16
524,397,22,16
523,397,22,16
525,398,22,16
524,398,22,16
522,399,23,16
522,400,23,16
522,399,22,17
523,401,21,16
521,401,22,16
523,402,22,17
522,403,22,16
521,403,23,17
522,403,24,18
522,404,21,17
522,404,23,18
521,404,23,17
521,405,24,17
522,406,23,17
521,407,23,17
522,407,23,17
522,407,22,17
521,408,22,17
521,407,22,17
521,408,23,16
521,407,22,17
521,408,22,17
522,408,20,17
522,409,21,18
523,410,21,16
522,410,21,17
520,411,22,17
523,412,22,17
522,412,22,17
522,414,22,17
522,414,22,17
523,414,22,17
523,414,22,17
522,414,23,17
522,416,22,16
523,416,22,16
522,415,22,16
522,415,20,17
520,416,22,17
520,418,21,16
521,417,21,17
519,417,21,17
518,417,22,17
518,417,20,17
517,417,20,17
515,419,21,17
514,418,23,17
514,420,21,18
512,420,22,17
511,421,21,17
511,419,21,17
509,419,22,17
506,419,23,17
504,419,24,18
504,421,23,17
504,419,21,18
504,419,21,17
502,419,21,18
501,419,21,18
500,419,22,17
498,420,22,16
496,418,23,18
496,417,23,17
496,417,22,17
496,418,21,17
493,418,22,16
493,416,21,17
491,417,22,16
490,415,22,16
489,415,22,16
487,415,23,17
486,415,21,17
484,415,22,16
482,415,23,16
480,415,23,16
479,414,23,17
478,414,22,17
477,416,22,16
476,415,22,17
475,414,22,17
472,414,23,17
471,416,23,16
471,415,22,16
469,415,21,15
469,416,21,16
466,414,22,16
464,415,23,16
462,416,23,16
462,415,22,16
460,415,22,16
459,415,22,17
457,416,22,16
457,415,21,17
453,415,23,16
452,416,21,16
452,415,23,17
451,415,21,16
447,415,24,16
447,416,23,16
447,417,21,16
444,415,22,16
444,417,22,16
440,416,24,16
441,417,22,17
437,417,24,16
437,417,22,16
435,416,23,16
433,417,23,16
430,418,23,16
427,416,24,17
426,418,23,17
424,417,23,17
423,418,22,17
421,418,22,16
418,418,22,16
417,417,23,17
415,418,22,17
413,419,22,16
411,418,23,17
411,419,22,17
410,417,22,16
409,419,22,17
408,418,22,16
405,419,23,17
403,419,23,17
403,420,22,17
400,418,23,17
400,418,23,18
399,418,22,17
398,420,23,17
398,419,23,17
399,419,23,17
399,418,23,17
398,419,23,16
396,419,22,17
394,419,23,17
395,420,22,17
393,420,22,17
394,421,23,18
393,421,23,17
395,420,22,16
394,420,22,17
395,421,22,18
396,420,23,18
395,419,24,18
395,419,23,18
397,419,23,19
397,418,23,18
396,418,24,17
398,419,23,17
398,419,24,18
399,418,24,18
400,418,24,18
400,419,24,17
401,419,24,17
402,418,23,17
403,417,23,17
406,418,24,18
406,418,24,18
407,417,24,18
407,418,24,18
408,418,24,17
408,417,24,17
409,417,24,17
410,417,24,17
410,418,25,17
413,418,24,17
413,418,23,17
414,417,25,18
414,418,25,18
415,416,26,18
414,417,26,19
417,417,25,19
416,416,26,18
417,417,25,18
418,417,25,18
419,417,24,18
419,416,25,18
421,415,25,18
422,416,25,18
423,415,25,19
423,415,25,17
424,415,26,18
427,415,27,18
428,415,25,18
430,415,26,18
431,415,25,18
432,416,26,18
432,416,26,17
433,416,27,18
436,416,27,18
436,415,27,18
437,414,26,18
438,416,26,18
439,415,26,18
439,415,27,19
441,416,26,19
441,415,27,18
444,416,27,19
445,415,27,19
447,416,27,18
447,415,27,19
449,416,27,18
450,416,28,19
451,417,28,18
453,417,28,19
455,416,27,19
456,417,28,19
458,417,28,18
458,415,28,19
460,416,28,20
463,416,27,19
463,417,28,19
466,415,27,19
467,416,28,20
470,417,28,19
471,416,29,20
472,416,30,20
474,416,28,19
478,417,28,20
478,416,29,20
479,416,30,20
482,417,29,20
485,417,29,19
486,417,29,20
487,418,29,20
489,418,30,20
492,418,31,20
494,417,29,19
496,418,30,20
498,417,30,20
501,417,29,19
503,417,31,20
504,417,31,19
508,416,30,20
510,417,30,20
512,418,30,20
513,416,31,21
517,416,30,20
518,417,30,21
520,416,31,21
523,417,31,21
524,417,30,20
527,415,31,21
529,417,31,20
532,415,30,20
533,417,32,20
537,417,32,20
538,414,31,21
540,416,32,20
544,416,31,21
545,414,31,21
549,414,31,21
550,415,31,22
553,415,31,21
556,414,32,21
557,415,33,22
559,415,33,21
562,414,33,22
566,414,32,22
570,414,31,21
571,414,33,22
574,414,32,22
576,413,31,23
579,414,31,23
582,413,32,23
582,412,32,22
585,412,32,22
586,413,34,22
587,411,33,23
591,411,32,23
594,412,32,22
595,412,31,22
595,412,33,22
596,412,32,22
598,412,33,24
598,411,34,23
601,413,33,23
601,412,33,23
603,413,32,23
603,411,34,25
605,413,33,24
606,413,33,24
608,413,34,23
608,414,34,24
608,414,33,24
610,414,34,24
611,414,34,24
611,412,33,24
612,414,34,25
612,413,34,25
613,414,34,25
613,414,36,24
613,414,34,25
613,412,34,26
616,415,34,24
614,414,34,24
615,413,34,24
614,414,35,25
615,414,35,25
615,414,35,25
613,414,35,25
614,415,35,26
613,415,34,25
612,414,34,24
611,414,36,24
610,414,35,24
608,414,34,24
606,414,36,25
605,416,35,24
604,414,34,25
599,413,35,25
598,414,34,25
596,413,33,25
592,414,33,24
589,413,34,24
586,413,35,25
583,412,35,25
579,412,35,25
575,413,37,26
574,413,34,26
569,413,35,25
566,415,36,27
565,415,36,25
563,415,35,25
561,413,36,26
560,415,36,26
559,416,35,26
559,417,35,26
558,418,35,24
558,419,35,25
559,420,36,26
558,421,36,25
557,422,37,27
557,424,38,26
558,424,36,27
557,425,37,27
557,427,36,27
558,428,38,27
559,430,37,26
560,431,37,27
562,431,36,28
562,431,36,27
564,433,37,28
566,433,37,28
564,435,37,28
563,436,37,30
564,438,37,28
562,438,37,28
563,439,38,29
562,439,37,31
561,440,37,30
560,441,37,30
558,443,39,29
558,443,39,28
557,444,38,28
558,444,38,29
557,443,38,28
557,443,38,28
556,444,37,29
555,442,38,29
553,443,37,28
552,441,38,29
552,444,40,29
551,442,39,30
549,442,39,30
550,441,40,30
549,441,40,28
547,442,41,31
547,442,39,31
546,442,40,30
545,441,38,30
543,441,39,30
541,440,39,32
540,442,39,29
540,442,41,31
540,440,41,30
539,441,40,28
539,440,40,29
540,440,39,29
539,440,40,29
537,440,40,29
539,440,41,29
536,440,42,29
538,440,41,29
537,439,39,30
535,438,41,30
535,439,40,30
535,439,42,30
533,438,41,31
533,438,41,31
532,438,42,31
533,437,42,32
532,437,41,32
531,437,42,32
532,436,41,32
529,438,41,32
528,436,43,34
527,437,42,33
525,437,41,31
524,435,43,33
522,435,42,34
520,435,44,33
518,436,44,31
518,435,45,31
518,435,43,30
519,434,43,30
518,435,43,31
519,434,44,32
516,433,44,32
518,433,44,33
516,432,46,33
515,433,44,32
518,434,43,31
517,433,44,32
515,434,44,31
515,433,45,32
515,432,46,32
514,432,44,32
512,432,45,32
513,431,45,33
511,430,45,34
511,430,46,33
512,429,45,33
512,430,44,32
511,429,46,35
510,428,46,32
510,426,46,33
511,427,45,34
509,427,46,33
511,427,46,33
511,426,45,32
512,427,45,33
512,427,45,33
512,428,45,33
512,429,44,33
516,430,44,33
516,431,45,33
514,432,45,34
515,433,46,34
515,434,48,35
516,437,49,36
518,441,48,35
521,440,47,36
523,444,46,35
526,446,48,35
527,447,49,36
530,449,48,35
533,450,47,36
534,451,48,35
537,452,46,37
535,455,50,36
539,457,49,37
539,457,49,37
540,458,48,36
541,459,50,38
541,460,51,37
541,460,49,38
541,461,48,37
541,460,50,37
540,461,50,37
539,460,49,37
540,460,49,37
540,459,48,36
538,459,48,37
536,457,48,37
535,458,50,37
533,457,49,37
532,454,49,39
530,453,50,38
531,455,50,36
531,453,46,38
529,451,46,37
529,450,46,38
528,451,47,37
525,450,49,38
524,451,50,37
525,450,50,39
523,447,49,39
523,449,50,39
522,447,50,38
525,448,48,39
523,448,49,37
524,448,48,38
524,448,49,37
526,448,48,38
525,447,46,36
526,449,49,36
528,448,48,36
529,449,46,36
529,449,47,37
531,449,46,38
531,449,49,37
530,451,48,37
531,449,48,37
534,451,48,36
535,450,46,37
535,450,47,38
539,451,46,38
538,451,45,37
540,450,44,37
538,451,46,38
541,452,46,37
539,452,47,37
542,451,47,38
541,453,46,37
543,452,47,37
545,453,46,38
545,451,46,38
547,452,47,37
547,452,45,38
546,452,46,37
548,453,44,37
550,453,43,35
549,454,45,36
551,454,44,35
552,452,44,36
551,454,46,37
553,453,45,36
555,454,43,37
556,454,45,37
556,453,43,35
556,454,44,36
557,455,44,37
560,457,44,36
561,455,41,36
561,456,43,36
563,457,41,38
562,456,43,37
562,457,44,37
563,456,43,36
564,458,43,36
566,457,42,37
566,459,42,35
567,459,43,35
566,458,44,37
568,458,42,37
571,460,43,35
570,460,42,35
570,459,43,34
572,460,43,35
572,461,41,34
572,460,41,35
574,460,40,36
576,461,40,36
576,460,42,37
576,462,40,34
576,462,42,36
577,460,42,37
577,461,41,36
577,461,42,35
578,461,39,35
580,461,40,35
579,461,41,35
580,462,39,35
580,460,41,36
579,461,40,35
580,461,41,35
578,461,40,34
582,460,39,34
580,461,39,35
580,460,40,35
581,462,40,34
579,460,41,35
582,462,41,35
581,460,40,35
581,461,40,36
580,461,41,35
583,461,40,34
582,461,40,34
582,462,40,35
582,461,41,35
581,461,38,34
582,461,41,36
582,461,40,34
582,460,40,34
581,461,40,34
582,461,39,35
582,461,40,35
584,459,40,35
582,461,39,35
584,460,39,34
584,460,40,35
582,460,39,35
583,460,40,35
584,459,39,34
584,458,39,34
584,460,38,34
586,460,38,33
585,459,38,34
584,459,39,35
585,458,38,34
585,459,37,34
584,457,38,33
585,457,38,34
585,458,38,33
585,458,39,34
584,457,38,35
584,457,38,33
584,457,39,34
584,458,36,33
585,457,38,33
584,458,38,33
585,455,37,34
585,457,37,34
585,455,36,33
586,457,37,33
583,455,38,34
584,456,38,34
585,454,35,33
584,456,37,34
583,454,37,34
584,455,37,34
583,452,37,35
586,453,35,32
585,454,36,32
585,452,36,34
584,451,36,33
585,452,36,34
584,453,36,33
584,449,35,35
583,450,35,34
584,450,37,33
583,450,36,32
582,449,36,33
583,450,36,33
581,449,36,33
583,448,34,33
582,447,35,33
580,448,36,33
581,448,35,33
581,447,35,31
580,447,35,33
580,445,35,32
580,446,34,31
579,445,35,32
579,446,36,32
580,445,35,31
579,444,36,32
577,443,36,32
579,445,35,31
578,444,35,32
577,444,34,31
578,443,35,31
577,443,34,32
577,441,34,32
576,442,33,32
575,441,35,31
575,440,35,31
575,442,34,31
574,439,34,31
574,439,34,31
573,438,35,32
574,439,34,31
573,438,34,31
572,437,36,31
571,438,35,31
572,436,32,32
572,437,35,31
570,435,35,31
570,436,35,31
569,434,36,31
570,434,34,30
569,432,34,32
570,434,34,31
568,432,35,31
567,432,36,32
567,433,34,29
568,431,34,31
567,431,34,31
566,430,33,31
568,430,34,31
566,428,34,30
567,429,34,31
568,429,34,31
567,427,33,30
567,429,33,30
565,427,34,30
565,428,33,28
564,427,33,30
564,427,34,30
564,427,33,30
564,427,33,30
563,425,34,31
563,426,33,30
563,425,33,31
562,427,35,31
563,424,33,31
563,425,33,31
561,424,33,30
562,425,33,31
562,423,33,30
562,425,33,31
560,424,34,29
562,424,33,30
559,424,33,29
560,423,33,29
559,424,34,29
558,424,33,28
559,424,33,30
557,423,33,29
558,424,31,28
557,423,32,29
558,425,32,30
555,424,33,30
556,424,32,29
554,424,33,29
557,424,31,29
555,425,32,28
555,425,32,29
554,424,34,28
555,424,32,28
553,426,32,29
552,425,32,28
553,426,33,28
551,424,33,29
551,426,32,28
549,426,33,28
549,427,32,28
548,425,32,29
548,427,32,28
548,426,32,29
547,428,33,29
547,428,31,27
546,429,31,28
544,428,32,28
543,428,31,28
542,430,31,29
540,428,30,29
539,428,32,29
538,430,30,28
535,430,31,27
535,431,30,26
534,430,31,27
531,431,33,27
529,431,31,26
528,431,31,26
526,432,32,27
523,433,31,26
522,433,31,26
521,434,32,25
519,433,32,26
518,433,32,25
515,432,32,27
514,433,30,26
513,434,32,26
511,433,32,26
511,434,31,27
509,435,31,26
507,434,31,26
506,435,31,27
505,436,32,25
504,435,32,26
501,436,32,25
500,436,32,25
497,436,32,26
497,436,32,25
494,436,32,26
493,438,32,27
492,437,32,27
489,439,31,26
488,439,32,25
487,439,32,25
484,438,31,26
483,439,32,27
480,438,32,27
478,439,31,26
477,440,32,26
476,440,32,26
473,441,33,26
471,441,32,25
470,441,32,26
469,440,31,26
467,440,31,26
465,440,32,25
463,441,31,25
460,441,32,26
459,442,33,26
456,441,32,26
454,441,32,26
452,442,33,25
451,443,33,25
449,444,34,25
446,444,34,26
444,445,33,26
441,445,33,26
439,445,33,26
437,446,33,26
436,446,33,26
432,447,34,25
431,446,34,26
428,448,33,26
425,447,35,27
424,448,34,25
422,449,34,26
420,448,34,26
418,450,35,25
417,450,35,24
414,450,34,24
411,451,36,26
409,450,35,26
407,450,35,26
404,450,36,26
402,450,35,25
399,451,36,24
397,452,36,25
395,452,35,26
394,452,36,26
391,453,37,25
389,453,37,27
386,452,37,28
384,454,37,27
379,453,39,25
377,454,39,26
374,453,39,27
370,454,39,26
367,454,39,26
365,455,39,25
363,456,39,25
357,454,40,25
356,455,39,26
354,455,41,26
354,455,40,26
352,456,40,27
348,454,41,27
346,454,41,27
342,455,43,26
342,456,42,27
340,456,42,26
338,455,43,27
336,455,41,26
334,456,42,25
333,455,40,27
330,455,43,27
330,455,42,27
327,454,43,28
325,454,43,28
322,455,44,28
320,454,45,27
321,454,42,28
318,453,42,27
317,454,42,27
313,453,45,27
311,452,45,28
313,452,41,28
308,451,43,27
306,451,45,28
304,451,45,28
304,451,44,26
304,449,42,28
301,450,43,27
299,449,43,28
296,450,46,28
293,449,47,28
292,448,46,28
290,448,48,28
288,449,48,27
286,450,49,27
283,449,49,27
282,449,47,27
279,449,48,27
281,450,44,26
277,449,47,27
273,450,47,27
271,449,49,27
270,449,47,27
267,449,46,28
265,449,48,28
263,449,47,29
259,451,49,27
254,450,52,28
253,451,50,29
251,450,52,30
248,451,54,30
246,450,53,29
244,451,53,30
241,451,55,29
238,451,55,30
236,451,56,29
235,451,56,28
233,450,55,29
231,451,57,29
229,450,55,28
228,449,56,31
225,450,56,29
223,450,58,30
222,451,57,31
221,450,54,28
221,451,53,30
215,452,59,31
214,452,56,29
210,452,59,30
211,451,58,30
209,451,57,31
206,452,56,30
202,453,60,30
200,453,58,28
201,452,55,30
198,453,56,30
196,453,55,31
192,453,58,29
188,453,59,30
185,454,61,30
184,454,60,30
182,455,59,30
180,454,59,31
177,455,61,31
174,455,62,31
172,454,63,30
171,456,63,30
168,455,63,31
165,455,62,32
162,455,65,30
157,456,67,30
156,456,67,30
153,456,68,29
151,456,69,28
150,455,68,28
145,456,70,28
142,456,71,29
142,457,66,30
136,457,69,30
136,456,68,29
132,456,69,30
129,456,70,31
129,457,69,30
125,458,70,30
123,458,72,31
119,458,75,31
115,458,78,32
116,458,75,29
112,458,76,29
109,459,77,31
108,458,77,32
103,458,79,30
102,458,79,30
100,459,79,31
102,461,75,29
95,459,78,31
91,460,79,30
90,460,79,29
90,460,77,29
90,460,75,29
88,460,73,28
84,462,75,30
84,462,74,32
71,461,82,33
68,462,85,32
65,461,86,32
65,461,83,32
58,462,87,32
54,462,88,34
55,462,85,33
49,462,89,33
47,462,88,35
43,461,88,35
39,461,89,35
37,462,90,36
35,462,89,34
29,463,92,35
25,462,94,33
22,462,92,36
18,462,96,37
19,462,91,36
13,464,95,34
14,464,91,33
25,464,79,31
17,464,84,33
24,465,77,29
21,466,74,31
19,465,74,30
16,466,75,30
14,465,74,31
14,465,72,31
13,464,67,32
11,466,68,31
10,466,72,31
5,465,74,33
4,466,75,32
2,466,75,30
4,465,73,33
2,466,74,31
1,466,74,32
0,466,74,30
0,466,73,31
0,465,73,31
0,466,74,31
0,466,74,31
0,466,75,32
0,466,73,33
1,465,73,32
2,466,75,31
1,465,75,31
0,464,76,31
2,465,77,32
0,464,79,33
3,464,79,32
4,464,78,34
7,464,79,33
8,464,78,33
7,463,82,32
9,463,82,31
15,463,79,31
16,463,80,31
21,463,80,32
27,461,79,33
32,461,77,31
39,460,75,32
45,460,76,29
45,460,80,30
50,459,79,30
48,458,86,30
42,457,98,33
54,456,92,35
58,456,93,33
64,456,93,36
68,455,97,35
74,453,93,34
81,454,94,35
86,453,94,32
93,455,96,34
100,454,93,34
106,454,91,31
113,454,92,32
118,452,90,32
124,453,89,31
131,452,87,29
137,452,87,28
145,451,86,30
148,451,89,32
154,450,87,31
163,451,85,32
165,451,87,31
177,451,81,30
179,451,84,29
185,451,84,31
194,451,79,28
201,449,78,31
202,451,84,31
211,451,80,29
213,449,81,30
218,449,84,29
223,449,83,31
231,449,81,30
235,449,81,31
241,448,81,32
248,449,80,29
252,450,80,29
254,449,85,28
260,449,85,30
267,449,83,29
272,450,82,28
276,449,82,28
281,450,82,29
288,449,79,29
291,449,80,28
295,449,81,30
299,449,81,29
305,448,80,30
310,450,78,30
315,448,76,28
315,449,80,29
321,448,78,29
323,449,81,30
328,448,80,30
333,447,80,31
338,447,78,31
339,447,80,32
343,448,80,30
347,447,81,29
351,448,80,30
354,448,78,29
358,447,78,29
362,446,79,30
366,447,78,29
370,446,79,29
375,446,75,31
376,446,78,29
379,445,78,30
382,446,79,31
385,445,77,30
388,445,78,30
392,444,78,30
395,445,79,31
399,446,78,31
402,446,78,30
406,447,78,31
407,446,77,29
410,447,80,30
414,447,77,31
416,446,76,31
419,447,78,30
420,447,77,29
425,447,77,31
426,447,77,28
426,447,79,31
429,447,80,30
431,448,78,30
432,448,80,29
436,449,78,30
437,449,78,30
439,449,77,31
441,449,78,31
444,448,76,30
446,448,78,30
446,448,77,31
448,448,77,32
449,449,77,32
452,448,75,32
454,447,76,32
456,449,75,33
457,447,76,32
457,448,77,32
459,447,75,33
465,448,73,33
463,447,76,32
466,448,74,32
467,448,73,34
468,448,74,33
469,447,76,33
472,447,74,33
472,447,75,32
473,447,78,32
475,447,76,32
476,447,76,33
480,448,74,32
480,446,74,34
479,446,75,33
481,446,76,32
487,446,73,33
485,446,74,33
488,446,72,33
490,445,73,33
491,445,73,32
492,446,75,32
492,445,73,32
495,444,71,34
496,445,70,33
495,445,71,32
497,445,70,33
496,444,72,32
500,446,69,32
498,446,72,32
500,446,70,33
499,445,69,32
502,444,69,33
503,445,66,33
504,445,68,33
506,446,63,32
504,445,64,33
504,446,68,32
504,446,67,32
504,447,66,31
507,447,64,32
508,446,65,32
507,447,65,32
511,447,65,33
513,445,61,34
513,446,61,33
514,446,62,33
516,445,61,33
520,447,62,32
524,446,57,34
524,446,58,34
528,448,59,34
530,447,55,34
530,447,57,34
534,447,59,34
540,448,54,32
540,447,57,35
541,447,56,34
547,447,56,35
549,448,55,35
556,449,52,34
558,447,51,36
562,450,54,34
566,449,51,35
570,450,50,36
573,450,50,34
578,449,50,36
581,449,50,35
587,448,46,37
591,450,46,36
591,451,48,35
596,451,48,35
602,451,44,36
604,451,45,36
611,453,42,36
614,453,43,36
617,454,44,37
622,454,42,36
626,455,43,35
631,456,43,36
637,457,41,35
641,456,42,37
645,458,42,38
650,457,41,38
654,459,42,38
659,460,40,37
662,461,42,36
665,460,42,38
670,461,40,37
674,462,39,37
678,463,39,37
680,463,40,36
685,463,39,37
688,465,39,38
692,464,40,37
695,467,40,37
700,467,38,36
702,468,39,35
705,468,39,36
708,467,39,35
712,468,39,37
715,468,39,36
718,469,40,36
723,469,39,35
726,469,37,35
728,471,39,36
732,471,39,35
735,470,38,36
738,471,38,34
740,470,38,35
743,470,38,35
745,470,41,36
748,472,38,34
749,472,40,35
753,471,40,35
753,472,41,35
757,473,41,36
757,472,42,35
760,471,41,35
762,472,38,34
762,473,41,36
763,472,43,35
767,472,40,34
768,472,41,35
768,471,40,34
769,471,40,34
772,473,39,35
774,471,37,34
774,471,39,36
773,470,42,35
775,470,41,36
775,470,42,35
775,470,41,35
775,470,41,36
775,470,41,36
774,470,42,35
774,468,43,35
774,469,42,35
775,468,43,34
774,467,42,34
774,468,41,36
772,467,43,35
773,466,41,35
774,465,41,36
772,465,41,35
771,465,42,35
771,464,41,35
771,463,42,35
771,464,42,34
770,463,42,34
768,461,43,34
766,461,43,35
765,461,42,34
764,460,43,34
765,458,42,34
763,458,41,34
762,456,41,35
761,456,42,34
762,456,39,33
760,456,40,33
759,455,40,33
758,455,40,34
758,453,41,34
756,453,42,34
757,453,41,33
755,453,41,33
755,452,39,33
755,450,40,35
752,450,41,33
752,450,41,35
751,450,40,33
750,449,39,34
748,448,40,33
748,448,38,32
747,447,37,32
746,448,38,34
744,446,38,34
744,446,38,34
743,447,38,33
741,445,38,33
739,445,36,32
736,445,38,33
735,444,37,33
734,444,38,34
730,442,39,34
730,444,39,34
726,443,40,34
725,442,37,34
723,443,37,32
721,442,37,34
719,440,38,35
717,442,37,34
714,441,38,35
713,442,38,33
711,442,36,33
708,441,35,33
706,440,36,34
705,441,35,33
703,441,36,35
699,441,37,33
697,441,38,33
696,441,37,34
696,440,36,33
694,441,37,35
692,442,37,34
690,441,38,33
689,443,38,35
687,441,38,35
687,443,36,33
686,444,37,35
685,443,38,33
683,443,37,33
681,443,38,34
682,445,37,34
681,446,38,33
681,446,37,33
679,446,37,32
678,446,38,35
677,447,38,34
675,446,37,34
673,447,41,36
673,446,40,34
670,447,40,35
669,446,38,35
669,448,40,37
668,448,38,35
666,449,40,36
664,448,40,36
662,448,39,35
662,449,40,36
660,449,41,35
658,447,41,36
658,449,41,36
657,447,40,36
656,447,38,36
655,449,40,37
653,448,40,37
652,448,40,36
650,447,41,37
650,448,42,37
648,449,41,35
647,448,42,38
647,449,42,38
646,447,41,38
644,448,41,39
643,449,43,38
643,448,41,38
641,449,45,39
638,449,46,38
639,449,45,39
638,448,44,38
637,450,44,37
637,449,45,35
637,449,43,38
635,449,44,38
635,450,44,37
635,450,44,36
633,450,45,39
631,449,45,37
631,451,45,36
629,451,44,37
627,451,47,36
626,451,47,36
626,453,46,37
625,452,48,37
626,453,45,37
625,452,46,36
624,454,45,37
621,453,49,38
622,455,47,37
621,455,47,37
620,455,47,36
618,455,48,37
619,454,47,36
618,455,47,37
617,454,47,36
615,455,48,37
614,456,48,36
614,457,48,37
613,455,49,37
613,455,49,38
612,455,49,37
613,456,49,38
612,456,48,37
611,457,49,37
611,456,48,37
611,456,49,37
609,456,49,38
608,457,50,39
609,458,51,38
606,457,50,38
607,457,50,37
608,458,49,38
606,458,49,37
605,456,50,38
604,458,52,38
603,458,51,37
603,458,50,38
602,458,51,37
602,458,52,38
600,458,53,38
600,461,51,37
600,461,51,37
600,460,49,37
599,459,52,38
598,460,50,38
596,462,53,38
595,462,52,37
595,461,52,37
594,461,53,38
594,463,53,37
593,463,52,37
593,463,53,38
591,462,54,38
590,463,54,37
592,463,53,37
591,462,52,38
591,463,53,38
591,462,53,38
590,463,54,37
589,463,54,38
590,463,55,38
589,463,53,39
589,462,54,38
588,463,54,38
589,463,52,38
588,462,54,38
588,463,55,37
588,463,56,38
588,463,54,39
589,464,56,38
589,463,53,36
590,462,53,38
590,463,55,39
589,464,53,37
589,464,55,38
590,464,56,40
589,464,55,39
587,464,57,39
587,465,57,37
588,464,56,38
586,464,57,37
587,465,56,37
587,465,55,37
587,464,56,38
586,464,56,39
587,464,58,38
586,464,58,38
588,465,56,37
588,465,55,38
585,464,58,37
587,464,57,37
588,466,56,36
588,464,54,37
588,464,56,40
587,464,56,39
587,463,55,38
586,464,57,37
589,464,55,38
588,463,55,38
587,464,56,36
587,461,56,39
588,463,56,37
588,461,56,39
588,462,56,37
590,462,55,37
591,461,55,40
590,461,56,38
588,461,57,38
590,462,57,38
590,460,56,38
591,460,56,38
593,460,56,39
592,460,56,38
591,460,56,38
593,460,56,38
591,461,57,37
591,460,56,37
592,460,56,38
591,459,56,39
593,460,56,37
591,460,58,36
592,459,57,38
593,460,56,37
591,459,56,37
593,459,57,37
591,459,58,38
592,458,57,38
593,458,58,39
593,458,58,37
596,458,57,38
592,458,60,39
595,458,57,39
594,456,57,39
597,458,57,38
595,457,57,37
595,456,59,38
597,457,57,37
597,457,58,37
597,456,58,39
597,454,58,39
597,455,59,38
599,457,59,38
599,455,58,37
600,455,57,38
599,454,57,38
603,456,56,37
601,455,56,36
602,454,55,37
600,453,59,40
601,452,58,38
603,454,58,37
601,454,59,37
602,452,57,37
604,452,57,38
604,453,57,37
605,451,57,38
607,451,56,38
606,451,57,39
607,451,57,38
607,449,58,38
608,451,58,38
609,451,57,38
611,449,55,38
609,449,57,39
614,449,54,39
611,448,57,40
614,449,57,39
612,448,56,38
614,448,56,38
617,447,55,40
616,448,55,37
615,447,57,40
617,447,57,39
617,448,56,39
616,446,57,40
621,447,55,39
621,447,56,39
621,447,57,39
623,446,56,39
624,445,55,38
622,446,57,38
624,446,57,38
626,446,56,38
625,447,57,38
625,445,58,38
629,445,55,39
628,447,57,36
630,446,56,38
630,445,54,38
633,445,55,38
632,445,55,37
634,446,54,38
634,447,57,36
636,445,55,37
636,446,56,38
635,445,56,38
636,446,57,37
639,446,56,38
639,445,55,36
642,445,53,36
642,446,56,36
643,446,55,35
642,446,55,37
642,446,56,37
645,446,56,38
646,447,56,37
644,446,56,37
647,445,56,37
650,447,55,37
649,445,55,37
651,447,55,37
651,446,54,37
653,445,55,37
654,447,55,36
654,445,55,37
657,446,55,38
656,446,55,37
658,447,54,37
659,446,53,37
660,446,55,38
660,447,55,37
662,447,55,37
664,447,53,37
664,447,53,37
666,447,53,37
667,448,52,37
669,446,51,37
670,447,52,37
671,447,51,37
671,447,53,35
674,448,51,36
673,448,52,37
675,446,51,38
678,449,51,37
678,448,51,37
678,450,53,36
680,449,51,36
681,448,51,37
683,448,51,37
684,449,51,37
685,449,50,36
687,448,49,37
689,449,50,36
691,449,49,37
692,448,50,38
692,449,49,37
695,449,48,37
695,450,51,36
696,450,51,37
700,451,49,38
700,451,50,37
703,452,49,36
705,453,50,36
705,453,49,36
707,453,49,36
708,454,51,35
709,454,50,35
711,454,49,36
713,454,50,36
715,455,47,36
716,456,48,36
717,456,47,35
718,456,48,36
719,456,49,36
720,455,49,36
721,455,47,35
722,456,46,34
722,457,48,33
725,457,48,36
725,457,48,35
727,456,46,35
726,457,47,36
728,457,47,36
729,457,47,36
729,457,47,35
731,456,47,36
730,458,48,36
733,458,47,36
734,458,47,36
733,457,47,36
737,457,45,36
736,458,46,35
736,459,48,36
737,458,49,36
737,458,48,34
739,457,48,37
740,459,47,36
741,458,47,35
743,458,47,36
744,459,46,36
744,461,49,34
744,459,47,36
745,460,46,35
747,459,46,36
749,461,45,35
748,461,47,35
750,461,45,33
749,460,46,35
752,460,46,36
752,461,46,36
754,461,45,35
754,461,45,35
755,460,45,35
756,461,48,36
756,460,47,37
757,462,46,38
757,462,46,36
759,461,45,35
760,460,46,37
761,461,46,37
763,463,44,35
762,462,44,37
763,462,45,36
765,464,44,36
767,463,43,36
767,464,44,35
767,463,46,36
767,464,45,34
769,463,43,36
769,464,46,36
770,464,45,36
771,465,45,36
770,463,44,37
773,465,42,35
773,464,44,35
772,465,43,35
772,465,46,36
773,465,45,36
774,466,45,35
775,465,45,37
777,465,44,36
777,465,43,36
777,466,44,36
777,466,44,36
778,466,45,36
776,467,45,35
778,465,46,35
778,465,44,36
779,465,44,35
780,465,42,35
779,465,44,35
781,466,43,35
780,464,43,36
780,466,44,36
782,465,43,35
781,465,42,35
782,465,43,35
782,467,43,35
783,465,44,35
783,466,43,34
782,466,44,35
783,465,43,35
784,467,41,35
784,465,40,34
783,466,42,35
785,466,41,35
783,465,42,35
784,466,43,33
784,467,42,34
784,465,41,35
786,465,43,35
784,466,41,34
785,465,41,34
786,467,40,34
785,466,41,34
785,465,41,35
785,465,42,35
785,465,40,34
785,464,39,33
784,465,41,33
784,465,40,34
785,464,41,33
785,465,40,33
785,464,39,32
785,465,39,33
785,465,40,34
784,464,40,34
785,463,39,34
785,465,39,32
785,463,38,33
784,464,38,33
783,462,38,33
784,462,39,34
784,461,39,33
783,462,38,33
784,461,36,33
783,461,39,33
783,463,38,31
782,460,37,33
783,462,38,32
781,460,38,32
781,460,38,32
781,459,38,32
780,459,36,31
782,459,37,33
780,460,37,32
780,460,37,31
780,459,37,31
779,458,37,31
780,460,36,31
779,457,38,31
780,457,35,31
781,458,36,31
779,458,38,31
779,456,36,33
779,456,38,32
779,456,36,31
778,457,37,30
778,455,36,31
780,456,36,31
779,455,35,31
778,455,37,30
779,454,36,30
778,454,35,30
777,455,35,30
777,455,38,29
778,455,36,30
778,454,38,29
777,454,38,28
778,453,37,29
777,452,36,28
777,453,37,31
776,453,36,29
776,451,37,30
776,452,36,29
775,452,35,29
776,452,34,29
776,450,34,30
776,450,35,28
777,452,35,29
777,450,37,29
778,450,35,30
778,451,35,28
778,452,36,29
778,451,38,29
777,452,36,28
780,452,35,27
780,452,35,27
780,452,36,28
780,452,35,28
779,451,35,27
781,453,35,26
780,452,35,26
781,452,35,27
781,451,35,26
781,452,35,27
780,452,35,27
782,451,35,28
782,451,36,27
781,449,34,29
781,450,35,27
781,451,33,28
780,450,35,28
780,449,33,27
780,450,34,26
780,450,35,28
781,450,33,28
781,449,34,28
781,448,35,28
780,448,35,27
780,449,34,26
780,448,35,27
780,447,35,26
781,449,33,25
780,448,33,26
780,447,35,26
780,446,33,26
779,447,33,26
779,446,33,26
778,445,33,26
778,444,32,25
778,444,33,25
777,444,33,25
778,445,33,25
777,444,32,26
776,442,34,26
775,442,33,26
775,444,32,24
773,441,30,26
773,441,32,26
771,442,32,25
770,441,33,24
769,442,34,23
767,441,32,24
768,439,31,24
767,439,34,24
765,439,33,24
764,439,33,24
763,437,34,25
763,438,33,24
762,437,34,25
760,436,33,24
759,435,34,24
759,436,34,25
756,434,35,25
755,434,34,25
755,433,34,25
754,432,33,25
754,431,33,25
752,431,35,24
751,430,34,23
749,430,34,23
749,430,33,24
749,429,32,24
748,427,33,24
746,427,34,23
744,426,33,24
743,426,34,24
743,425,34,24
741,423,34,25
741,424,33,24
740,422,34,25
738,422,35,24
738,421,35,24
737,420,32,24
735,420,35,24
735,420,33,23
734,418,33,24
732,417,34,24
731,416,34,23
730,417,34,23
729,415,33,24
730,415,33,23
727,413,33,25
727,413,32,25
727,413,34,24
727,411,33,23
726,410,33,24
726,411,33,23
724,410,33,22
723,409,32,23
722,408,34,23
723,409,33,23
721,409,33,23
721,407,33,24
720,407,33,23
720,408,33,22
719,407,33,22
719,405,32,23
719,406,32,22
717,406,33,22
717,406,33,22
717,407,31,23
715,405,34,23
713,404,33,23
713,404,32,23
715,403,31,22
713,403,32,22
714,403,33,23
712,402,32,22
713,401,31,23
712,400,33,22
712,401,33,23
711,399,34,22
711,400,33,22
711,399,32,23
711,398,32,24
710,398,34,23
711,397,33,23
711,398,32,23
712,397,31,22
713,397,32,23
713,396,31,23
711,396,33,23
713,396,32,22
713,397,33,22
713,395,33,22
713,397,32,21
714,396,31,21
713,395,31,21
714,395,32,21
713,395,32,22
713,395,31,22
714,394,31,22
714,396,32,21
713,394,32,21
713,395,32,21
713,395,33,21
714,393,32,22
713,393,33,22
714,393,33,21
716,394,32,21
718,393,32,21
720,394,31,21
720,394,31,21
721,393,32,21
723,395,32,20
725,393,31,21
726,393,32,21
728,394,30,20
729,394,30,21
732,393,29,20
733,393,30,20
735,392,30,20
737,392,30,21
737,391,30,20
738,391,31,20
740,391,30,20
740,391,30,21
741,393,30,20
741,392,30,20
742,392,30,21
744,394,30,21
743,393,30,21
745,394,30,22
746,393,30,21
746,393,30,21
747,394,33,21
750,394,30,20
748,393,31,21
749,394,32,20
749,392,30,21
749,391,30,21
749,391,31,20
751,392,31,21
750,391,31,21
752,390,30,21
753,391,30,20
754,390,31,20
753,390,30,21
755,389,31,20
755,389,31,20
756,389,30,21
758,389,28,20
758,387,29,20
758,387,29,20
757,387,30,21
758,386,30,20
759,386,29,20
759,386,30,20
759,386,29,20
759,385,30,20
759,384,29,20
760,385,30,19
759,383,30,19
759,383,31,19
761,384,30,20
760,382,30,20
761,384,30,19
761,383,31,20
760,382,31,20
761,383,32,21
761,383,30,19
761,383,29,19
762,383,29,18
761,381,29,19
762,381,29,20
763,382,28,19
762,382,28,19
763,381,29,19
762,381,29,19
764,382,28,18
763,381,30,19
764,381,29,19
764,382,28,19
762,381,30,19
763,381,29,20
763,382,29,19
765,382,29,18
765,381,28,19
766,381,28,19
766,382,29,19
768,382,29,19
766,382,30,19
768,381,30,19
770,380,29,19
770,380,29,20
771,379,30,20
771,379,28,20
772,379,28,20
772,378,29,21
773,378,29,21
772,377,30,21
773,378,30,21
774,378,30,21
773,377,29,20
774,377,29,20
775,376,29,21
776,376,29,22
775,376,30,22
776,375,29,21
777,374,29,20
777,374,29,20
777,374,29,21
777,373,29,21
778,374,29,20
780,373,29,20
779,374,29,19
780,373,28,19
781,373,28,19
782,372,29,19
783,372,29,20
784,371,27,19
784,371,28,19
785,371,28,19
785,371,28,20
784,370,29,19
784,370,30,19
784,371,29,18
783,371,30,19
782,370,29,19
783,370,30,20
785,368,29,19
785,367,29,19
786,368,30,18
788,368,30,18
791,366,29,18
793,366,28,18
792,366,29,18
794,364,29,19
794,364,28,19
795,363,29,18
795,363,30,19
796,362,28,19
796,362,27,20
796,363,29,19
798,364,27,19
798,365,28,19
796,365,30,19
798,366,30,19
799,364,29,19
801,365,28,19
802,365,29,19
803,366,28,19
803,367,28,17
804,367,28,18
805,366,29,19
804,367,29,18
805,368,28,18
802,367,29,19
805,368,28,18
805,367,27,18
802,366,29,18
802,368,29,19
802,367,28,18
803,369,29,18
804,368,27,18
806,368,28,18
808,368,29,18
808,368,29,18
808,368,29,19
810,368,28,19
811,367,28,18
810,369,28,18
811,368,29,18
812,368,28,18
811,368,28,18
813,368,28,17
813,367,27,17
814,368,27,17
814,367,28,17
816,367,27,17
815,366,28,17
815,366,28,18
815,366,28,18
816,368,28,17
818,367,28,17
818,368,28,17
817,367,29,17
818,367,28,17
819,368,29,17
819,367,28,18
820,366,29,17
820,367,29,18
822,368,29,17
821,368,28,18
823,368,29,17
823,368,29,17
823,367,29,18
822,367,30,17
824,367,31,18
824,367,31,18
824,366,30,19
825,367,30,19
825,366,30,19
826,368,30,19
828,367,30,18
828,367,29,18
829,368,29,18
829,366,30,18
830,368,29,18
831,367,29,17
830,367,29,18
831,367,30,17
832,367,29,17
833,367,28,17
833,366,28,18
832,367,28,18
832,367,29,18
833,368,30,17
834,368,28,18
834,367,29,18
834,366,29,18
834,366,28,18
835,365,29,18
837,364,28,17
837,364,28,18
838,364,28,18
838,363,28,17
840,364,29,18
840,364,28,18
841,363,29,18
840,363,29,18
842,363,28,18
842,364,28,19
843,364,28,19
844,362,28,18
843,363,28,19
844,362,28,19
843,363,28,18
841,362,29,19
842,362,28,19
841,362,28,18
844,361,27,19
845,362,28,19
846,361,29,19
846,361,28,19
846,362,28,18
846,361,28,18
847,361,27,19
847,363,28,19
849,362,27,19
847,362,25,18
846,364,27,19
845,363,28,18
845,362,28,18
845,364,28,19
845,362,28,18
845,364,30,19
845,363,28,18
844,363,28,18
843,363,29,18
844,363,29,18
844,363,28,18
842,363,29,18
842,362,28,18
841,363,27,18
841,362,26,17
840,362,28,17
842,361,29,18
842,361,29,18
844,361,28,18
844,360,28,18
843,361,27,19
843,361,28,18
843,362,28,17
842,362,29,18
842,363,29,17
842,363,30,18
842,363,29,18
840,362,29,18
841,363,29,18
843,363,28,19
842,362,28,18
842,363,28,19
843,364,27,18
844,363,27,18
845,364,28,18
844,365,29,18
844,364,29,18
846,365,28,17
846,364,29,18
844,364,28,18
844,364,28,18
845,365,28,18
842,365,28,17
841,365,29,17
843,365,28,17
843,365,29,17
841,366,28,16
840,366,27,18
840,367,27,17
839,366,29,17
840,367,26,17
839,367,28,17
838,366,28,17
840,366,26,18
839,366,27,17
838,367,27,16
838,368,27,17
839,367,26,17
838,367,27,16
837,368,27,17
836,367,27,17
837,367,27,17
837,368,27,16
836,368,28,16
835,368,28,16
834,368,28,16
834,368,29,16
835,368,27,16
835,368,27,17
834,367,27,17
836,367,26,17
834,366,27,17
836,367,26,17
836,368,26,17
837,368,26,17
835,368,27,17
835,368,28,18
835,368,28,17
833,368,28,17
834,369,28,16
833,367,27,17
833,367,27,17
833,368,28,17
831,368,28,18
830,367,28,18
830,367,27,18
830,368,27,18
829,367,28,18
829,368,27,18
830,366,28,19
829,368,28,19
828,368,28,18
828,367,29,17
829,368,28,18
829,368,28,18
827,367,29,17
827,368,29,18
827,366,28,17
826,367,29,17
825,368,30,17
825,368,29,18
826,368,29,18
824,367,30,18
825,368,29,17
825,366,30,19
825,367,28,17
824,366,29,18
824,366,29,17
824,366,29,18
826,366,27,18
824,367,29,17
825,366,29,17
825,367,29,17
824,366,29,18
823,367,29,17
822,367,29,18
822,367,29,17
822,367,28,17
821,366,28,18
821,366,28,18
822,367,29,18
821,367,28,18
820,367,28,17
820,366,28,17
820,366,28,17
818,366,29,17
819,366,29,18
819,365,28,18
819,366,28,18
819,365,27,18
820,366,27,18
820,366,28,17
818,366,29,17
819,365,28,18
818,365,29,17
819,366,27,17
818,366,28,17
818,365,27,16
819,365,26,17
818,365,27,16
818,363,27,17
818,364,26,18
817,365,28,18
818,365,28,18
817,364,27,17
818,365,27,17
818,364,27,16
818,364,27,17
818,363,27,17
819,364,26,17
818,363,26,17
819,363,26,17
818,364,26,17
818,363,26,16
819,363,24,16
818,362,25,17
818,363,23,16
817,363,25,16
818,362,24,16
819,363,25,15
818,363,26,17
817,361,25,16
818,363,25,16
817,361,26,16
818,363,25,16
819,363,25,16
818,363,26,16
818,362,25,16
818,362,26,17
817,364,25,16
816,363,26,16
817,363,27,17
813,362,27,17
814,363,27,16
814,362,27,16
813,363,27,16
813,362,27,16
812,362,26,17
812,362,26,16
813,363,25,16
813,364,26,15
812,364,27,16
811,362,26,17
810,364,27,15
810,364,27,16
811,364,27,16
812,364,26,15
811,364,25,16
811,365,24,16
811,364,23,17
812,365,24,16
811,363,23,17
810,365,23,16
809,363,24,16
810,365,25,16
808,364,26,17
808,364,26,16
806,365,25,17
807,364,25,16
808,365,23,16
807,364,24,16
806,366,25,16
806,365,26,16
807,366,26,17
805,366,26,15
805,366,25,15
805,367,27,16
804,367,25,16
805,366,24,17
805,366,26,15
804,366,24,16
803,365,24,16
804,365,23,16
803,367,26,16
803,366,26,16
802,366,25,16
803,366,24,16
803,367,22,15
802,366,24,16
803,366,24,15
802,366,24,16
802,367,24,16
801,366,25,15
800,367,26,16
800,366,25,16
800,366,26,14
801,368,25,15
802,366,24,16
801,366,23,16
800,366,24,16
800,367,24,15
801,368,23,15
800,366,24,16
800,367,25,15
800,366,23,15
800,366,23,16
800,367,23,15
800,366,22,15
799,366,24,15
800,368,24,15
800,366,23,15
801,366,22,15
800,368,23,15
801,366,22,14
802,367,22,15
801,367,22,15
801,366,21,15
802,366,22,15
803,366,21,15
800,366,22,16
800,367,22,16
801,366,23,16
802,367,22,15
801,366,22,15
801,366,22,16
802,367,22,15
803,365,21,16
802,366,22,16
803,367,22,16
804,367,21,15
803,365,21,15
804,366,22,15
804,365,23,16
806,364,21,16
806,364,20,16
806,365,20,15
806,365,21,15
806,364,21,16
805,365,22,16
805,364,21,16
804,363,21,15
805,363,21,16
804,363,21,16
806,364,21,15
806,364,21,15
806,364,21,14
807,363,22,15
807,363,23,15
808,363,23,16
809,363,23,15
810,363,22,16
808,362,22,15
809,361,21,16
809,361,21,16
809,363,21,15
810,363,21,16
810,363,21,16
810,362,22,15
812,362,21,16
812,361,22,15
813,363,22,14
813,362,23,15
814,361,22,14
815,361,22,14
816,363,23,14
816,361,22,15
816,361,22,15
818,361,22,15
817,362,22,15
819,362,22,14
818,363,22,15
820,361,22,15
820,362,21,16
821,362,22,16
820,361,22,16
820,362,23,15
823,362,22,15
822,361,23,15
823,361,22,15
823,362,22,15
823,361,22,15
825,362,22,15
824,361,23,15
824,361,23,16
825,361,23,15
826,362,22,15
827,361,22,16
828,362,22,16
829,361,22,16
829,360,22,15
830,361,23,16
831,362,24,15
831,360,23,15
832,361,22,15
833,362,22,14
834,361,24,14
834,361,24,15
833,360,23,15
834,362,23,14
836,360,23,15
834,361,23,15
835,360,23,17
836,361,23,17
837,360,22,15
837,361,23,15
838,360,22,16
840,361,24,17
840,360,24,17
841,360,22,17
843,360,22,16
842,360,23,18
842,360,24,18
842,361,23,17
844,360,21,16
845,361,22,17
844,361,22,17
844,360,22,17
846,360,22,17
846,361,23,17
846,361,22,16
846,360,23,17
846,360,23,16
847,362,22,17
847,362,23,16
847,362,23,17
848,362,22,17
848,362,23,17
848,361,22,17
847,363,23,16
848,362,22,18
848,363,23,18
849,363,24,17
849,363,23,16
848,363,24,16
850,363,23,15
849,364,25,16
849,363,24,16
847,363,25,16
846,364,26,16
846,363,24,17
848,363,22,17
847,365,23,17
846,364,25,17
848,365,23,17
847,363,24,17
847,364,24,17
847,365,24,18
848,366,25,17
846,364,24,18
847,365,24,18
846,364,24,18
845,364,24,17
846,364,25,18
845,364,25,18
845,366,24,18
846,366,23,17
845,365,23,18
843,364,23,18
843,363,23,19
842,364,24,20
841,363,23,20
842,364,24,19
842,364,24,19
840,365,24,18
840,364,24,19
839,363,23,19
837,365,24,19
838,364,24,19
838,364,26,19
837,365,24,19
834,366,26,19
835,364,25,19
832,364,26,18
833,365,25,18
832,363,24,18
831,363,24,18
831,363,26,17
831,362,25,18
829,362,25,19
828,361,26,18
827,361,26,18
824,361,28,19
824,360,27,18
823,362,28,17
823,361,26,18
822,360,26,17
821,360,26,16
820,360,27,16
821,359,25,17
821,359,24,17
820,358,24,18
819,358,26,18
819,357,25,17
819,357,25,18
816,358,24,18
815,358,25,18
815,356,24,19
815,357,24,18
813,356,24,18
811,356,24,18
810,357,25,18
809,355,25,19
808,356,25,18
809,356,24,17
806,355,25,16
805,355,24,16
803,355,25,16
803,356,24,17
801,354,24,18
802,354,23,17
799,354,24,16
798,355,24,17
797,355,24,17
797,354,23,17
793,353,24,17
793,355,25,15
793,355,24,16
793,354,25,16
791,354,25,16
790,353,24,16
789,354,26,16
787,354,25,17
787,355,26,16
787,354,25,16
784,353,25,16
783,353,25,16
781,355,26,16
781,355,25,16
779,355,26,16
779,353,25,17
776,354,26,17
775,354,25,17
774,353,26,17
775,354,25,17
772,354,25,17
771,354,25,17
770,354,25,16
767,353,24,17
767,354,25,17
765,353,24,17
763,353,25,17
762,353,25,17
761,354,25,18
759,353,25,17
759,353,25,17
756,354,26,17
755,354,24,17
755,354,25,17
754,355,24,18
752,354,24,18
750,354,24,17
750,355,24,17
748,355,25,17
746,355,25,18
744,354,25,18
744,355,25,19
740,354,26,19
740,357,25,17
739,356,25,18
738,356,25,19
736,357,25,18
736,357,26,18
735,356,25,19
731,355,26,18
729,357,27,18
728,356,27,19
727,356,27,19
728,358,26,18
727,358,26,19
726,357,26,19
727,358,25,18
728,357,24,18
726,358,25,18
725,357,25,19
720,358,25,19
718,357,26,20
719,358,24,19
719,358,24,19
717,358,24,20
715,357,26,19
715,356,24,20
713,356,25,21
713,357,24,19
712,357,23,19
713,358,24,18
711,358,23,19
709,357,24,20
708,358,24,20
707,358,23,18
707,356,24,19
706,358,23,19
704,358,24,19
702,359,25,19
701,357,23,19
700,358,24,19
699,357,24,20
698,358,24,19
697,359,23,19
696,358,23,19
696,359,23,18
695,359,23,18
692,359,25,20
691,359,25,19
689,360,26,20
687,359,28,20
688,361,26,19
688,361,25,19
686,360,25,20
686,360,23,19
685,360,24,20
684,360,25,19
683,362,25,18
683,360,26,19
682,361,26,18
680,361,25,18
681,362,25,18
679,361,25,19
678,363,26,19
679,361,26,19
678,361,26,19
678,363,24,18
679,362,25,18
678,362,25,18
677,363,25,17
678,364,25,19
678,362,26,19
677,363,26,19
679,363,25,20
678,363,26,20
677,362,27,19
678,362,25,19
679,362,25,19
680,363,25,19
681,365,24,19
681,364,25,18
680,363,25,19
680,364,25,19
681,364,24,18
681,365,26,19
681,365,25,19
682,364,26,19
684,364,24,19
684,366,24,18
683,366,26,17
685,365,25,18
685,365,25,19
686,365,25,17
687,366,26,18
688,367,26,19
690,366,24,19
690,366,26,22
690,366,25,20
691,368,26,19
693,367,25,19
693,368,25,20
695,368,25,19
694,368,26,20
695,369,25,20
696,368,26,20
698,370,26,21
699,369,26,19
701,370,28,20
701,370,27,20
704,371,27,19
704,371,25,19
706,372,25,18
706,372,25,18
708,373,25,18
710,373,25,18
711,373,26,18
712,374,26,19
715,374,26,18
715,375,26,18
715,375,27,18
718,376,27,17
717,375,26,18
718,375,26,18
719,376,25,17
720,376,26,17
722,377,24,18
722,377,24,17
724,377,26,17
725,377,27,17
725,377,28,17
728,378,27,17
729,378,31,17
731,379,31,19
732,379,29,18
733,378,30,18
734,378,29,19
734,379,28,18
734,378,29,19
735,379,29,19
736,378,29,19
737,378,30,20
739,378,29,19
739,380,28,19
739,380,29,19
741,379,29,18
744,380,27,18
744,380,28,18
746,382,29,18
747,380,29,19
746,379,31,19
747,380,30,18
749,381,30,18
752,381,29,19
751,381,30,18
754,380,29,18
755,381,29,18
758,382,29,18
759,380,30,18
761,382,30,18
763,381,29,19
765,381,31,19
767,379,29,19
767,379,30,20
770,380,32,20
771,379,31,20
773,379,31,19
775,378,31,20
776,377,32,20
780,377,31,20
782,376,31,19
785,376,31,20
790,375,30,21
791,376,32,21
796,376,32,21
798,375,32,20
802,374,31,20
804,373,32,20
806,372,31,20
810,371,32,21
811,371,31,21
814,370,31,21
818,369,31,21
819,367,32,22
824,369,32,21
827,367,31,21
830,367,32,21
832,366,33,22
835,364,32,23
839,365,32,21
841,364,32,22
844,362,32,22
848,361,31,22
850,361,32,21
853,359,32,22
855,358,33,22
856,358,33,22
855,359,33,21
854,359,33,21
854,358,32,22
855,360,33,22
856,358,32,22
857,358,31,22
860,360,32,20
862,360,32,22
864,360,33,23
865,362,33,22
866,360,32,23
867,361,32,23
868,361,32,23
868,361,31,22
870,362,32,24
870,363,32,23
874,363,32,22
875,363,31,23
877,364,32,25
879,365,32,25
880,365,32,24
882,365,31,25
885,367,31,23
885,367,32,23
888,367,32,24
887,368,34,23
888,368,34,23
888,368,32,25
888,368,32,25
891,369,32,24
891,368,32,23
892,369,32,22
894,369,33,21
895,369,33,23
897,372,32,24
898,372,33,24
901,372,33,24
903,372,34,24
905,374,32,24
904,374,32,24
907,374,31,24
906,375,31,23
908,376,32,23
910,378,32,24
912,377,31,24
912,378,32,24
913,379,33,23
917,380,32,25
917,380,33,25
918,380,33,25
918,382,33,23
919,384,32,24
922,384,31,24
921,385,33,23
919,385,33,24
919,386,33,24
915,386,31,25
912,387,31,26
907,386,33,27
902,387,32,27
896,385,32,29
887,387,33,29
879,386,33,29
870,388,32,28
860,388,33,28
852,390,32,25
841,389,32,27
829,387,30,29
815,390,32,28
801,389,33,27
788,392,30,24
771,392,30,25
754,392,30,26
734,392,31,24
715,393,30,25
695,392,30,25
673,393,30,24
650,394,30,23
630,392,30,24
608,392,30,25
587,392,30,24
566,392,30,24
546,390,29,25
527,392,28,25
509,391,31,24
493,391,31,24
480,390,31,25
468,391,31,22
457,391,31,23
448,391,31,24
438,392,31,23
433,392,31,22
429,391,29,24
427,392,30,23
426,392,29,23
428,391,30,25
429,393,30,23
432,391,32,24
438,391,30,25
442,392,31,25
448,391,30,24
451,390,30,26
456,391,31,25
462,392,32,25
470,391,32,26
476,392,30,25
486,392,31,24
491,393,31,22
498,390,30,24
505,392,31,23
513,391,30,23
518,391,30,23
524,390,31,25
532,391,31,24
540,390,32,24
547,390,31,23
552,389,30,24
558,388,31,25
564,390,31,25
568,389,32,25
575,388,31,25
579,388,31,26
587,388,29,25
589,388,30,24
593,387,30,24
596,387,31,24
599,386,30,23
602,386,31,24
605,386,31,24
610,386,31,22
612,386,33,22
615,385,34,25
619,383,34,25
619,384,33,25
621,383,33,24
621,384,32,24
621,384,31,22
619,383,33,22
619,383,31,23
617,381,31,24
617,382,30,26
614,383,31,25
610,382,32,24
611,382,30,24
607,381,32,25
604,381,32,24
602,380,32,25
600,378,31,26
598,377,30,26
594,374,30,25
589,372,31,25
578,370,31,24
573,368,32,25
568,366,32,25
564,361,31,25
556,358,32,24
546,355,32,23
539,351,34,24
534,350,36,25
530,350,34,24
529,349,32,25
526,349,32,24
531,350,32,24
531,350,35,24
538,353,34,25
543,356,34,25
551,358,32,26
556,362,33,24
563,365,35,25
565,368,35,26
570,370,35,24
573,372,34,24
574,373,33,24
576,375,32,25
576,376,33,24
577,376,32,24
576,376,33,25
574,376,33,25
572,376,33,26
570,375,34,25
565,374,34,25
563,373,32,25
560,371,33,25
560,370,34,27
559,371,31,25
556,369,32,24
556,368,31,24
547,368,34,26
544,368,34,26
537,366,35,27
538,368,36,26
536,368,34,25
535,366,34,26
533,364,34,26
530,364,33,26
527,362,35,28
525,362,34,27
518,360,36,27
515,359,36,27
514,358,33,26
507,357,36,26
506,356,36,26
505,354,33,27
502,354,35,26
501,355,35,26
500,354,34,25
500,353,35,24
498,353,35,25
497,353,34,25
497,352,33,27
496,351,36,26
493,350,36,27
494,351,37,27
492,351,37,27
494,348,36,27
493,349,38,27
494,350,35,25
493,349,37,26
493,350,35,26
493,351,35,26
493,350,34,26
492,349,35,27
492,349,35,26
492,351,34,27
490,351,34,27
490,350,36,27
489,352,36,26
488,351,36,27
490,351,36,29
489,350,38,28
487,352,37,26
488,350,36,29
490,351,35,27
488,352,35,25
488,354,36,26
487,353,36,26
489,354,35,27
487,352,36,29
487,354,36,27
487,354,35,27
485,353,35,27
488,355,33,27
486,355,33,27
485,354,35,27
486,354,34,27
486,354,35,28
486,354,35,28
487,354,34,29
485,355,33,30
484,355,33,27
482,356,36,28
483,356,35,30
481,357,36,27
480,357,37,28
480,355,36,30
480,356,35,28
480,355,36,31
478,356,37,29
479,357,36,29
479,357,35,30
477,358,35,29
475,358,35,29
474,358,36,29
475,358,37,28
477,358,35,28
476,360,36,28
474,359,37,29
473,358,36,30
472,360,36,28
471,359,36,27
472,359,35,28
472,359,35,29
471,359,36,28
470,359,34,28
470,358,35,29
469,358,35,28
468,357,36,28
468,357,36,28
467,358,38,28
467,357,37,29
467,356,38,29
466,357,37,28
465,356,36,29
463,356,38,28
464,355,38,29
463,355,37,29
463,355,37,29
463,354,37,28
461,354,37,30
461,354,40,28
461,352,40,30
461,351,37,28
462,352,38,27
459,351,39,28
459,352,38,28
458,351,37,28
460,351,39,27
462,350,37,27
462,351,37,28
463,350,37,28
463,351,38,29
463,350,38,28
461,350,38,29
461,349,39,30
460,350,41,29
459,349,38,29
455,349,38,30
453,350,41,29
448,350,41,29
448,349,40,30
446,350,40,28
446,350,39,29
445,350,41,32
445,349,38,30
444,350,41,31
442,351,42,31
443,350,42,31
441,350,38,29
439,351,41,30
438,351,42,31
438,353,42,31
438,351,42,32
438,352,41,32
436,353,42,32
435,353,41,32
435,354,42,31
433,354,42,31
433,355,42,31
432,354,42,33
432,353,42,32
430,355,43,32
428,355,44,33
426,356,45,31
425,356,43,33
425,355,44,33
425,356,45,32
424,357,44,31
421,357,44,33
421,357,43,33
420,357,46,34
417,358,45,33
416,359,46,33
415,358,45,34
415,360,47,32
413,358,47,32
411,359,47,32
408,359,49,34
408,359,47,33
408,360,48,32
408,361,48,31
407,361,46,31
407,360,47,31
407,361,47,33
405,361,47,33
404,363,48,33
402,364,48,33
399,362,46,32
398,363,47,32
396,363,49,34
396,365,47,33
392,364,49,33
391,364,48,34
391,364,49,34
388,365,50,33
389,365,48,33
387,364,51,34
387,366,50,32
387,365,50,32
387,365,50,34
388,366,49,33
388,367,51,34
385,367,54,34
385,366,53,35
383,365,53,35
384,367,52,34
380,366,54,34
382,366,52,35
381,366,52,37
381,368,52,35
377,368,54,35
379,367,53,36
376,369,54,35
375,368,56,35
375,369,56,36
375,370,56,35
376,369,56,37
376,370,55,37
376,370,55,37
374,371,56,36
374,370,57,37
375,372,57,36
373,372,59,37
374,373,56,37
374,373,57,38
374,372,59,38
374,375,59,36
375,375,59,37
375,375,59,37
378,375,57,39
376,377,60,37
375,377,60,38
374,378,62,38
376,378,61,39
377,378,59,40
375,380,63,40
376,379,60,39
378,382,60,39
377,381,61,38
379,383,60,38
377,382,62,39
379,384,62,39
376,384,65,41
376,384,65,40
377,385,64,39
379,386,64,38
379,386,64,38
378,387,65,38
381,388,62,39
382,389,61,36
379,388,64,38
380,390,63,38
378,390,65,40
379,389,66,43
378,392,66,41
374,392,69,39
373,391,68,43
375,392,69,44
371,391,72,45
375,393,68,43
374,393,69,41
374,393,70,41
373,393,70,41
373,392,70,42
371,393,72,43
374,392,71,44
374,393,67,42
375,393,68,43
372,392,70,43
373,393,69,43
374,393,67,43
369,393,72,44
370,392,70,42
371,391,70,45
371,391,69,46
371,393,73,45
371,393,69,44
370,391,71,46
370,392,71,47
368,391,72,47
368,391,73,46
368,392,73,46
365,392,76,46
368,393,74,46
365,392,77,45
363,393,78,45
362,392,79,47
365,391,75,47
365,394,76,44
366,393,76,45
366,392,76,48
362,391,79,47
365,392,77,50
363,391,80,49
358,391,83,48
361,393,81,48
363,391,79,49
366,392,77,49
362,394,82,47
361,393,81,48
365,393,77,50
367,392,74,49
367,393,75,48
366,393,75,49
368,394,72,44
364,393,76,47
363,394,78,49
366,394,77,49
360,395,82,48
361,394,81,49
359,395,82,50
359,394,81,49
358,395,84,49
358,394,83,50
357,394,84,52
355,394,85,53
354,396,87,53
353,397,85,53
356,396,82,51
351,397,88,51
358,396,82,53
353,397,85,50
351,398,88,52
351,397,88,53
352,399,86,52
356,399,83,50
350,398,87,52
348,399,89,52
353,399,85,52
356,398,80,50
353,401,86,52
349,400,90,53
350,400,88,52
351,401,88,52
353,401,87,52
350,400,92,54
351,403,90,51
353,402,86,51
353,403,88,53
350,402,89,54
350,404,93,54
350,405,90,53
349,404,90,56
349,404,89,55
346,406,93,54
344,407,93,54
350,408,90,54
347,408,94,54
349,407,91,56
351,408,90,55
347,409,97,54
350,410,92,56
352,410,92,55
352,410,91,54
355,412,90,55
357,411,87,54
353,413,94,56
352,412,93,56
355,412,90,56
352,414,92,55
348,416,97,55
351,415,95,58
350,415,97,57
351,416,97,56
355,416,97,56
359,415,91,59
361,414,91,59
361,416,92,58
360,416,94,57
366,416,92,58
364,416,94,57
365,415,96,58
369,413,92,59
373,416,89,55
372,416,91,54
370,418,95,54
373,417,94,57
377,417,89,56
379,416,89,56
376,416,94,56
379,416,94,58
380,417,94,57
380,417,94,56
383,416,92,57
380,416,96,55
382,416,94,56
382,416,96,58
383,415,95,57
382,414,96,57
385,414,97,59
385,414,96,58
389,416,94,56
387,415,96,55
389,413,91,57
390,414,94,57
391,414,93,60
391,417,95,57
392,419,94,56
396,420,94,58
397,420,94,59
396,422,96,61
399,421,98,60
404,422,95,60
406,423,96,59
410,424,94,59
413,424,94,60
418,425,94,58
421,427,94,58
424,429,94,56
429,429,92,61
430,430,94,56
434,431,93,59
436,430,96,62
440,433,96,57
439,432,99,61
446,434,94,61
446,434,95,61
447,433,99,62
451,434,97,63
452,434,95,61
455,435,95,62
459,437,94,58
460,436,93,62
463,435,93,61
464,434,92,61
466,435,92,60
469,435,92,61
467,434,94,62
471,434,94,62
473,434,92,60
474,434,93,61
478,434,92,62
477,433,93,62
481,431,91,63
484,432,92,63
485,432,91,63
489,433,90,61
490,434,91,61
491,433,91,62
495,434,88,58
497,433,88,58
499,434,90,56
501,434,88,57
500,432,91,59
501,432,91,61
505,434,88,59
507,432,89,61
508,433,89,59
512,434,87,59
511,434,86,58
512,434,87,57
515,435,87,55
514,433,88,59
518,434,89,58
519,433,87,58
524,434,87,58
523,433,84,58
523,431,88,61
529,432,85,61
530,434,87,59
530,432,87,60
532,433,87,60
536,432,86,60
538,431,85,60
538,433,86,58
541,431,82,60
544,432,85,58
543,434,85,55
549,432,83,57
547,431,85,58
551,431,82,58
555,433,79,54
556,431,82,58
557,433,82,55
561,433,81,56
562,433,82,57
563,433,81,57
565,431,83,57
567,432,81,57
570,432,80,56
571,432,79,56
573,431,82,57
575,431,81,59
576,432,81,57
575,432,80,58
577,432,80,57
580,431,80,59
582,430,79,60
584,432,79,59
588,432,74,57
590,432,76,59
589,431,76,57
593,432,74,59
592,431,76,59
593,433,74,56
595,430,74,61
594,430,74,59
597,430,73,58
599,431,74,58
599,430,75,59
599,432,73,58
600,431,73,57
602,432,73,58
602,430,75,60
602,430,72,58
604,431,73,58
604,431,72,58
606,432,72,58
606,430,71,58
608,430,72,58
606,429,71,58
611,431,69,58
611,430,66,57
611,430,71,57
610,430,71,54
613,431,70,54
616,430,70,57
612,428,73,58
614,431,71,57
613,428,73,58
619,431,69,56
616,429,71,56
618,430,69,59
618,430,69,56
619,431,69,57
618,430,72,57
619,431,72,56
620,430,69,58
621,428,69,59
621,432,71,57
621,429,69,57
622,430,69,57
622,428,71,58
625,430,64,56
626,429,68,56
623,430,70,57
623,430,67,57
623,431,68,56
624,432,70,55
624,431,68,57
625,429,66,56
625,431,67,57
625,430,66,56
626,429,64,56
627,433,64,55
626,432,63,55
625,432,64,55
625,432,64,56
624,432,64,55
625,433,61,55
623,432,63,56
622,433,69,57
625,435,64,56
626,435,60,55
623,436,61,54
622,435,63,54
623,438,63,54
623,435,61,54
625,438,62,52
624,439,62,53
623,438,64,54
623,438,63,55
621,438,63,53
620,437,59,53
622,439,60,56
621,439,61,55
619,437,61,55
619,438,60,55
617,437,59,55
617,439,59,55
614,437,60,54
614,436,63,57
613,436,63,56
611,437,62,56
609,436,62,55
608,434,63,56
606,437,62,54
604,435,63,54
602,434,64,55
602,436,62,56
599,434,64,56
596,435,64,56
597,434,59,55
592,435,62,54
591,435,60,55
591,434,61,57
587,433,61,56
585,434,60,59
583,432,61,57
582,434,59,56
582,433,58,56
578,433,59,56
577,433,60,57
574,432,63,56
571,433,61,54
570,433,61,55
569,432,60,56
568,434,59,55
566,434,59,54
564,433,59,54
560,432,62,54
559,432,61,56
558,433,60,56
556,431,62,56
554,432,60,56
551,430,63,56
551,433,59,56
548,431,60,56
547,431,60,55
544,431,60,54
540,430,64,58
538,431,65,56
535,429,64,55
534,431,62,56
531,429,63,58
530,431,62,56
528,430,62,56
526,430,62,55
522,430,63,58
519,431,64,53
517,430,64,54
517,429,63,57
514,431,63,56
513,428,63,57
508,427,63,57
507,429,61,55
506,428,63,56
502,428,63,56
500,428,61,57
500,429,61,58
495,428,65,58
494,429,63,55
492,428,59,57
492,430,60,57
487,427,60,58
486,429,65,57
484,429,65,56
480,429,66,56
478,428,65,53
476,428,63,57
474,428,62,54
474,430,62,57
470,429,61,55
467,430,60,54
465,429,58,56
463,431,62,56
460,430,62,55
459,429,60,58
455,431,61,57
453,431,64,54
452,432,61,57
447,430,62,59
446,433,60,57
443,432,63,56
441,432,64,57
440,433,62,58
437,434,62,56
433,433,64,56
431,433,62,57
428,433,63,55
427,433,63,59
425,435,64,56
421,434,65,55
420,435,66,57
418,434,65,59
416,436,64,54
414,435,65,59
413,434,64,57
410,435,66,59
409,436,63,57
405,435,67,60
403,435,68,59
403,436,65,57
400,437,67,57
398,436,70,60
397,438,65,58
394,437,68,60
392,439,67,59
388,439,67,58
387,440,69,57
385,441,68,58
382,439,69,59
379,439,69,59
378,441,69,57
375,442,70,60
373,441,69,58
370,443,70,58
368,441,72,59
364,442,70,58
363,443,70,58
360,442,73,61
358,444,72,59
355,443,71,59
354,443,72,60
352,443,74,62
350,445,71,60
348,446,74,58
346,444,75,60
345,446,73,58
342,444,73,60
342,445,73,59
339,446,73,59
336,447,75,58
336,446,74,59
333,447,73,57
331,447,73,60
329,447,76,58
328,447,76,60
326,447,78,60
324,446,76,60
322,447,76,60
322,447,76,58
319,447,75,58
317,448,74,58
316,449,72,59
315,448,74,58
311,450,76,58
308,449,75,58
306,450,75,59
301,449,81,61
299,450,78,59
294,450,81,60
296,449,79,62
293,451,77,59
290,452,79,62
288,452,79,60
285,452,80,60
283,453,79,58
281,453,80,60
280,453,80,61
277,452,79,60
276,452,80,60
275,453,80,61
271,454,82,60
268,454,83,62
265,454,86,62
265,453,83,62
264,455,86,62
262,457,82,58
257,456,85,61
254,456,88,62
255,456,86,60
254,457,84,58
250,456,87,60
246,455,87,63
244,456,88,63
239,456,92,62
241,456,88,61
237,455,90,63
235,453,88,64
230,453,92,62
228,453,91,65
226,453,95,63
222,453,95,63
221,453,92,63
218,453,94,63
213,453,97,62
211,453,93,63
208,453,93,62
205,453,93,63
200,454,96,62
194,452,100,64
192,453,99,63
189,454,100,62
183,455,104,58
183,452,100,63
182,452,100,63
180,452,99,62
173,453,103,57
170,453,102,57
168,452,103,59
166,452,102,60
165,450,100,61
161,451,103,60
157,451,104,59
153,451,108,59
152,450,106,61
147,452,110,59
148,451,107,60
144,450,110,62
143,451,107,59
139,450,108,59
137,450,106,60
134,451,106,60
134,449,105,64
129,450,108,62
123,449,113,61
121,449,113,62
130,450,101,55
120,450,106,59
115,449,109,60
115,450,108,56
115,448,102,59
109,449,109,59
102,448,112,63
98,449,116,62
95,448,116,62
94,448,113,60
88,447,122,63
87,448,119,61
83,449,119,61
88,448,111,57
81,447,117,60
83,447,112,58
84,446,108,61
90,446,100,58
87,446,100,58
88,445,99,56
79,446,104,57
75,445,107,58
72,445,108,57
80,445,100,52
76,444,100,57
79,445,97,56
82,444,92,53
73,442,97,55
77,442,93,53
79,442,89,52
63,441,103,55
67,442,101,53
73,441,93,51
54,440,108,53
61,441,105,51
62,441,103,51
69,439,92,54
70,439,92,49
66,438,93,50
63,438,98,49
67,437,94,48
62,438,97,49
66,437,92,49
66,435,91,47
66,436,92,49
70,436,86,48
66,436,93,48
65,436,92,48
65,436,92,46
65,434,92,48
63,434,95,49
65,434,94,50
69,433,89,45
67,434,92,44
64,433,94,46
68,433,91,46
71,431,87,46
68,432,92,46
71,430,89,46
70,430,88,48
74,429,87,48
73,429,89,47
72,430,93,47
77,428,86,47
79,429,86,46
81,428,83,47
78,428,89,46
80,425,87,47
84,427,85,46
86,425,84,45
81,425,91,46
84,426,88,46
84,426,91,46
92,425,84,46
94,424,82,46
96,425,82,45
96,423,85,44
99,423,86,45
99,422,84,46
103,424,83,44
104,422,82,45
109,423,80,45
110,422,79,44
111,422,83,45
114,420,80,44
116,421,79,44
119,422,79,43
122,421,79,43
123,419,80,43
126,421,81,42
130,419,76,43
134,420,76,43
134,419,78,44
138,419,77,42
141,419,77,42
145,418,76,41
147,417,73,42
152,419,74,41
155,418,73,42
154,416,76,42
160,416,74,42
164,416,73,41
166,415,75,42
168,414,76,41
172,416,76,41
176,414,74,40
178,415,76,41
183,416,74,41
186,414,74,40
186,414,78,39
190,414,80,42
189,414,83,43
196,413,79,42
203,413,74,43
209,413,72,40
216,414,70,40
218,413,72,40
221,413,73,38
227,412,69,38
233,413,67,38
237,411,68,38
239,413,73,37
244,412,70,38
249,413,71,37
255,412,69,38
260,413,67,37
264,413,70,37
268,412,72,37
278,413,65,37
282,412,67,37
288,414,64,36
291,413,66,38
294,413,67,38
303,414,64,38
306,413,67,38
313,414,64,38
315,413,67,39
319,414,65,37
325,415,64,36
331,413,62,38
334,416,66,36
340,416,63,37
341,414,65,36
346,415,64,37
351,416,64,35
357,414,61,34
360,417,62,34
363,414,60,36
367,416,63,36
370,414,62,36
375,416,63,36
379,414,61,35
382,414,63,35
383,414,64,36
386,416,65,35
391,415,64,35
394,414,63,36
397,414,63,36
404,414,60,37
407,414,60,36
408,413,62,36
413,414,60,37
416,415,61,35
418,414,63,35
423,416,59,34
425,414,61,35
429,413,59,36
432,414,59,34
434,413,58,34
438,414,59,35
438,416,62,34
442,415,60,35
445,415,60,35
450,413,57,34
451,414,58,33
453,414,58,34
457,415,59,33
458,413,57,34
462,414,57,32
465,415,57,33
466,415,57,33
467,414,58,32
470,415,58,32
472,413,57,34
473,415,58,31
474,413,59,33
479,413,56,33
481,415,57,33
482,414,56,34
482,414,58,33
485,412,58,34
483,414,62,34
485,414,62,34
483,415,67,33
479,412,74,35
490,412,64,35
494,411,60,34
498,413,56,33
499,412,58,34
500,411,57,33
504,413,56,32
504,412,58,33
506,412,56,34
505,411,60,34
507,412,58,34
509,411,59,34
510,412,58,33
507,411,61,35
508,410,62,34
515,410,55,33
517,410,57,33
519,409,55,32
521,410,54,33
523,409,53,32
522,410,54,32
520,409,57,33
519,407,59,35
518,410,64,33
521,409,59,33
521,408,59,34
518,408,64,35
520,408,62,35
523,408,59,36
526,407,57,35
527,406,58,35
523,405,59,33
525,405,58,33
530,405,55,33
526,403,58,34
529,403,54,34
530,402,53,35
530,403,53,34
531,403,53,34
529,402,56,34
531,401,52,33
530,399,53,33
531,399,54,33
531,399,55,33
533,400,52,32
532,398,52,32
533,398,54,32
533,398,53,31
531,398,55,30
533,398,55,31
535,397,53,31
536,397,53,31
535,395,54,32
533,395,55,33
534,393,54,32
538,395,54,32
535,393,55,33
538,393,54,33
538,392,52,31
539,393,54,31
541,393,52,30
539,392,53,31
541,394,55,30
538,392,56,31
541,392,55,31
540,393,55,30
542,390,55,31
542,392,56,32
542,392,56,31
543,390,54,32
544,390,56,33
545,391,56,33
544,389,55,32
546,389,56,32
545,390,55,31
547,389,56,33
546,388,55,34
550,389,54,33
550,387,55,34
552,388,55,33
553,387,52,33
554,388,52,33
555,388,53,35
555,388,55,35
552,387,59,35
553,387,60,35
551,388,63,34
556,387,58,35
554,388,63,35
558,387,59,35
558,388,60,35
554,387,66,34
559,389,64,34
559,387,62,34
562,388,64,35
561,388,66,35
561,388,66,35
562,389,67,35
562,390,69,34
568,390,64,35
566,390,67,35
569,389,67,37
571,389,65,37
577,390,62,36
577,390,61,36
581,391,59,36
585,392,59,35
585,391,58,35
583,391,63,36
588,392,61,35
587,393,63,36
589,393,62,36
591,393,63,37
595,395,61,37
595,394,62,36
597,394,61,37
601,395,62,36
599,395,62,36
599,395,66,37
604,396,62,37
605,396,59,37
608,396,61,37
607,397,60,36
612,398,58,35
613,396,57,34
614,397,58,36
616,398,59,35
614,397,59,36
617,398,58,35
620,398,58,36
621,399,57,36
621,398,57,37
622,398,56,36
626,399,55,36
626,398,54,36
629,399,53,37
628,401,53,37
630,401,53,37
632,401,51,39
631,401,52,37
633,402,51,39
633,402,53,38
634,403,52,38
635,403,51,38
636,404,50,39
637,404,50,38
639,405,48,40
639,404,48,39
639,406,49,41
642,405,47,40
642,406,47,40
641,407,49,41
644,407,48,41
645,407,45,40
646,408,49,39
648,409,47,39
648,408,48,41
650,408,49,41
653,409,47,40
653,409,49,41
653,411,49,41
652,410,50,39
653,411,50,42
652,412,50,41
652,414,52,41
652,414,51,41
652,414,54,40
649,415,55,43
649,416,56,41
649,417,57,39
646,417,60,41
647,417,59,43
646,418,60,42
647,418,60,42
645,418,60,42
644,421,62,43
644,420,62,42
642,419,64,43
640,421,64,43
641,422,64,42
639,422,66,43
639,422,67,42
638,422,67,43
634,423,71,43
632,424,72,44
632,422,71,46
630,424,71,45
627,422,74,44
624,423,77,47
622,423,77,45
618,423,81,46
618,424,79,47
614,421,83,49
612,422,84,48
610,423,83,47
608,421,83,48
605,421,84,47
601,419,86,50
599,419,86,51
596,418,88,52
594,419,87,51
590,420,89,48
588,419,90,51
584,419,90,50
581,419,88,49
577,418,93,52
572,420,94,51
570,417,93,54
567,418,94,53
563,418,96,53
560,419,95,52
557,418,98,53
553,418,99,55
549,417,99,54
546,418,99,56
542,418,102,56
539,417,100,56
537,419,103,56
533,418,104,53
530,418,105,57
526,418,103,57
522,416,108,60
520,415,108,60
517,417,108,58
515,416,106,59
512,416,111,60
507,416,113,61
508,415,109,60
507,414,106,61
499,415,112,63
496,415,114,61
492,415,116,62
489,413,115,63
486,415,118,61
484,416,118,60
479,416,121,58
478,417,122,59
475,416,122,59
475,417,124,61
472,415,122,61
470,416,123,60
466,416,124,60
464,417,125,60
459,417,129,59
459,416,128,61
455,417,130,58
453,415,129,61
450,415,132,60
449,415,129,63
447,414,131,63
445,416,128,61
443,413,130,63
441,415,127,61
439,413,130,66
437,415,132,64
434,416,132,63
434,415,129,64
430,415,134,65
427,416,136,66
424,417,135,63
423,415,134,68
421,416,133,68
419,415,137,69
416,418,137,66
413,417,139,70
412,420,136,66
411,422,134,64
408,421,137,70
405,421,138,68
406,421,139,71
405,421,133,72
403,422,138,72
399,422,138,72
402,424,140,71
398,426,136,70
397,427,142,72
398,427,135,70
398,429,139,72
396,431,137,70
396,432,139,71
395,431,140,74
399,432,136,76
396,434,138,73
400,434,136,75
400,434,136,77
401,436,135,79
402,437,134,81
403,439,134,79
403,442,135,76
405,442,135,78
408,443,129,80
410,443,129,82
415,448,126,77
415,446,126,80
419,449,125,80
422,449,126,83
424,452,125,83
428,452,122,85
431,455,121,85
434,457,121,85
437,459,121,85
437,457,121,89
445,460,114,85
445,462,113,86
445,464,117,87
445,466,117,86
448,466,115,88
449,467,112,90
453,470,112,89
457,472,106,92
460,473,104,88
461,471,103,91
463,473,105,92
464,475,100,96
467,476,99,94
472,476,95,93
472,478,96,94
475,479,96,92
475,479,97,96
478,479,94,96
480,481,96,96
482,482,94,96
480,481,93,96
484,484,97,99
482,484,98,98
484,486,100,98
487,485,99,96
484,485,102,101
485,486,102,99
481,489,114,92
481,487,114,98
480,487,114,96
484,487,111,95
477,487,122,96
469,486,129,96
470,487,130,100
464,487,137,98
465,486,135,96
463,487,140,95
456,486,148,99
458,484,146,97
459,483,144,102
457,485,149,98
460,484,148,99
446,485,165,99
449,485,167,99
449,484,167,100
450,486,171,100
444,485,178,105
449,487,176,103
443,490,183,100
444,492,185,101
445,492,187,103
439,494,194,106
440,497,193,107
443,497,191,114
441,501,199,115
442,504,198,114
438,509,204,110
432,511,211,126
439,511,211,119
446,519,205,113
441,519,216,112
449,520,212,118
443,525,228,115
450,524,226,119
449,529,230,117
450,533,236,117
450,536,238,120
454,536,241,122
448,541,249,120
449,542,254,125
448,543,263,126
452,542,253,133
457,548,257,128
