908,161,89,253
908,158,89,255
904,162,94,255
904,157,94,259
904,165,96,254
899,163,98,254
897,161,103,255
893,160,108,255
898,160,101,254
898,165,99,256
899,158,100,256
900,165,99,260
902,165,95,254
897,162,101,258
899,163,102,256
897,165,106,258
897,165,101,250
898,169,98,252
901,163,97,257
898,172,101,252
894,170,106,250
894,184,102,234
894,171,105,249
898,166,100,255
893,173,107,252
896,166,110,251
894,169,111,257
893,171,113,245
903,175,95,249
899,170,97,245
895,189,101,232
891,205,115,214
894,216,106,208
897,177,119,245
900,181,107,244
904,187,100,238
900,190,106,230
905,199,96,227
898,199,110,223
899,207,103,218
900,200,116,222
901,182,105,236
902,186,108,238
903,181,114,239
900,202,107,219
897,195,118,228
902,202,105,221
899,191,122,232
905,206,106,218
904,198,112,225
904,209,108,221
903,205,106,217
899,199,119,222
902,189,112,232
905,202,106,216
903,199,117,225
905,209,112,217
905,196,112,231
909,193,107,232
910,188,104,237
909,186,109,244
908,198,112,235
906,199,108,228
903,215,113,212
906,214,110,209
906,217,112,211
904,218,107,208
915,175,104,232
908,197,106,226
905,195,120,233
904,205,115,220
909,193,105,229
901,217,110,210
904,208,119,217
909,191,110,239
910,181,114,249
908,195,110,236
906,188,118,241
907,189,112,242
913,187,106,244
909,190,112,240
907,193,116,241
910,191,112,238
911,192,111,240
911,178,110,254
909,178,112,257
901,176,124,260
909,173,116,260
909,174,114,268
912,170,106,263
908,181,110,256
912,186,106,253
907,192,111,242
909,178,115,251
913,185,109,249
910,198,112,237
909,190,112,240
910,185,109,253
911,171,116,256
911,170,115,264
911,162,128,273
912,163,130,273
915,167,112,267
912,174,108,265
915,173,106,263
916,181,102,255
920,177,98,257
919,168,100,271
914,170,108,269
917,169,105,265
914,175,110,264
916,174,107,261
921,179,98,262
927,174,93,264
924,182,96,256
928,177,92,259
923,178,98,263
928,177,91,258
931,184,92,252
928,180,90,253
926,184,94,252
931,179,93,258
934,180,89,255
931,172,95,255
931,183,94,258
934,180,89,253
931,191,92,255
938,185,86,250
936,189,83,249
936,189,83,254
934,186,84,250
931,185,89,249
930,189,91,242
929,187,91,231
928,189,90,231
924,187,94,230
921,193,97,229
919,196,100,219
918,193,102,218
917,190,97,229
912,192,104,222
907,193,109,222
908,193,103,222
903,196,111,219
906,200,101,223
901,199,102,213
902,197,106,216
900,196,103,213
901,198,102,210
899,198,107,209
898,199,105,208
900,194,100,202
892,195,111,204
891,208,110,203
883,198,117,202
880,209,114,198
879,201,117,201
871,205,121,199
856,198,132,199
853,200,124,193
847,198,114,192
850,192,106,197
849,199,104,193
846,198,104,191
846,201,98,189
849,198,90,194
851,208,85,186
848,208,91,179
849,211,85,176
850,212,79,176
848,209,78,178
843,209,82,173
842,206,81,175
843,211,79,172
840,211,81,165
838,207,85,170
839,206,85,171
838,205,88,169
836,203,90,173
836,199,92,179
832,200,96,175
828,202,107,174
828,212,92,159
825,231,87,141
826,233,93,140
824,238,95,135
819,237,103,134
823,235,108,136
826,236,99,136
834,232,91,137
835,234,97,138
835,235,96,136
839,235,94,133
841,237,93,131
842,236,100,131
842,237,103,129
846,236,99,129
846,237,100,126
848,234,104,133
848,235,119,132
848,235,119,132
848,235,119,132
862,232,147,138
865,230,163,150
871,207,187,176
871,206,202,179
863,212,204,171
876,202,204,183
886,212,203,180
897,211,191,180
882,217,211,167
893,222,197,160
906,230,182,154
911,232,185,147
884,233,216,147
920,230,196,150
880,239,201,150
912,236,195,142
877,228,245,155
920,236,215,144
916,239,219,143
887,242,240,145
915,241,231,139
907,249,231,137
874,244,277,144
841,245,307,145
875,243,281,144
840,244,258,148
841,237,200,158
899,229,146,173
911,230,127,173
912,231,125,167
914,227,133,178
910,223,142,176
909,217,133,182
910,223,135,184
908,218,144,183
911,221,138,184
910,216,140,187
910,217,131,185
910,218,127,185
910,214,120,185
907,217,121,185
904,214,124,187
901,216,130,191
904,216,125,187
906,220,120,188
908,217,120,187
906,219,122,188
904,222,121,185
906,217,115,191
907,219,114,188
905,222,117,184
909,225,111,182
905,219,116,185
908,225,108,184
906,220,111,186
907,225,108,186
905,222,112,188
906,228,109,179
905,235,110,176
903,231,109,171
907,239,102,175
904,246,106,163
902,240,111,168
902,241,104,169
900,242,114,167
901,243,106,166
899,241,109,168
900,237,106,173
898,231,120,178
900,234,109,180
901,222,111,187
902,221,99,193
902,217,105,200
898,207,129,205
895,213,131,203
894,212,142,202
899,214,131,201
899,217,125,196
900,219,123,197
897,221,128,196
900,221,120,195
894,220,125,194
893,226,119,191
884,232,135,185
880,230,129,188
874,242,130,173
870,241,133,176
868,249,133,171
865,249,137,166
862,254,135,160
854,250,142,164
850,252,136,165
846,251,135,166
847,255,134,163
842,256,143,161
834,254,145,162
832,257,143,158
823,258,149,160
824,253,146,159
818,257,152,160
824,259,151,158
817,256,154,161
814,263,160,157
812,267,163,152
812,265,166,152
816,266,160,151
800,265,177,156
816,265,161,149
799,274,180,143
800,266,207,151
788,270,206,148
792,276,225,146
764,274,246,146
724,276,293,146
676,280,339,142
668,271,337,153
582,278,342,146
672,273,332,153
602,271,395,154
583,277,411,146
580,267,414,159
563,266,427,149
559,266,436,155
558,265,430,158
551,274,441,150
557,275,431,152
561,267,426,156
571,269,418,161
556,283,430,148
563,279,421,149
566,272,418,150
577,279,402,156
586,283,401,152
580,275,412,163
578,288,412,148
595,288,400,149
581,282,414,155
599,287,405,156
595,287,402,149
557,279,449,150
567,286,442,148
560,278,452,157
559,271,456,161
557,279,460,157
554,268,463,170
562,261,460,177
562,275,455,168
561,268,448,166
555,270,464,167
559,269,462,171
550,265,464,172
559,276,459,166
556,272,464,165
578,268,442,176
565,271,449,166
566,268,456,171
553,264,468,173
564,270,459,171
566,268,450,172
561,279,456,168
549,274,467,162
550,279,471,162
549,279,456,165
555,274,456,174
553,281,454,161
549,280,451,170
558,284,438,173
564,286,435,168
552,287,447,164
545,281,453,165
551,288,436,164
543,289,442,155
534,291,461,152
542,280,436,165
544,284,438,166
547,293,438,157
534,284,440,164
549,290,420,166
548,293,424,148
541,298,414,151
532,299,422,153
536,301,415,147
531,297,419,154
520,295,430,158
521,298,430,158
514,300,435,149
514,308,442,144
509,303,448,148
507,307,453,147
515,312,450,141
502,304,453,146
504,296,463,159
502,307,455,148
504,306,451,150
489,305,466,149
487,306,476,146
492,303,472,152
492,305,463,156
487,299,472,152
487,309,464,147
492,310,463,149
490,303,472,155
484,320,469,141
488,311,464,147
476,314,484,147
477,313,483,145
473,315,487,148
478,317,480,142
476,314,482,150
479,318,478,144
473,313,487,146
476,317,486,147
467,314,496,151
462,311,494,152
462,309,499,152
463,312,501,155
456,307,515,156
446,303,534,162
460,299,502,159
446,304,530,163
443,302,527,159
443,304,521,164
438,294,516,172
429,293,523,171
437,313,521,144
444,304,509,153
425,298,536,160
417,303,553,153
427,299,540,157
430,305,541,154
411,297,563,160
413,310,557,140
406,301,572,150
416,307,566,145
408,304,573,145
420,313,557,134
397,307,566,137
408,314,565,126
404,305,561,138
391,312,578,127
396,301,571,138
370,293,600,148
364,301,612,131
359,292,610,150
362,291,614,147
359,292,606,147
350,289,609,148
345,296,620,136
348,294,615,137
352,283,605,156
349,288,603,143
338,297,618,128
342,300,609,139
330,280,632,170
300,290,644,142
295,289,673,148
285,288,687,145
272,278,701,162
304,288,663,156
255,285,705,158
274,298,713,139
302,277,705,181
225,299,738,139
236,274,781,183
205,289,737,153
241,286,735,167
295,293,693,169
197,298,763,155
181,281,801,179
199,291,790,174
220,296,796,172
171,298,807,166
239,284,782,200
145,301,819,164
219,306,804,167
157,302,838,176
215,310,793,164
197,306,816,183
165,313,836,178
145,318,838,164
135,314,873,176
74,314,911,177
25,312,952,187
92,315,920,188
57,330,914,164
154,335,891,178
119,337,893,175
102,341,917,168
113,341,910,174
116,340,910,181
90,345,933,175
13,330,997,193
55,331,971,196
119,314,923,222
41,320,939,212
57,323,971,218
-16,322,1010,217
11,323,996,221
41,313,955,236
-22,343,997,187
-30,341,1018,195
-53,335,1063,206
-43,339,1031,205
-18,337,996,205
-27,319,999,230
-21,331,959,210
-12,318,973,237
-15,334,957,204
-14,300,991,268
-31,310,995,247
-28,315,978,233
-32,305,992,252
-38,322,988,230
-18,304,956,248
-30,304,959,259
-33,290,953,260
-37,305,953,242
-35,293,939,263
-19,313,930,239
-30,302,932,247
-39,320,924,218
-29,313,928,243
-41,312,945,239
-32,317,920,235
-28,310,908,235
-22,319,898,232
2,309,872,236
-23,329,906,212
-20,320,928,225
-16,333,906,202
-9,311,911,224
-13,327,901,208
-3,311,890,223
-18,310,897,220
-28,297,925,237
-22,290,895,250
-50,281,930,255
-27,298,898,239
-29,285,891,244
-23,278,880,258
-17,299,882,236
-25,295,883,238
-15,311,895,226
-20,314,913,214
-23,327,934,197
-17,334,938,204
-7,324,926,213
-26,318,949,219
-21,332,950,201
-20,343,952,188
-29,329,949,200
-24,335,946,193
-35,319,950,216
-21,324,932,204
-42,324,955,211
-30,329,939,201
-27,335,933,187
-39,333,949,199
-30,332,935,193
-29,324,927,206
-18,320,900,204
-27,321,903,200
-25,322,875,192
-14,328,841,192
-15,323,797,193
-12,324,793,207
-16,315,786,208
-28,328,801,206
-26,326,804,195
-26,335,814,180
-24,339,810,170
-33,334,820,180
-9,340,806,171
-33,320,825,191
-24,335,823,178
-37,320,835,186
-26,322,846,184
-4,317,815,186
29,305,784,199
15,302,779,205
-3,303,800,199
20,305,776,208
19,290,769,218
101,296,678,210
23,283,757,230
32,283,750,224
44,295,730,216
32,291,744,211
46,285,716,228
35,294,731,217
0,286,767,213
14,291,752,216
36,279,732,220
22,279,755,225
25,283,753,213
91,280,678,209
63,268,705,234
112,279,657,213
70,273,689,215
103,272,659,221
16,276,729,223
36,276,715,215
95,268,655,227
126,264,629,220
138,271,610,227
56,271,692,206
107,262,650,230
32,256,733,234
71,256,691,218
22,247,757,256
71,262,700,219
94,256,669,227
-6,266,756,225
30,262,744,231
20,252,751,239
36,263,741,231
43,250,704,241
68,265,674,229
17,255,721,245
22,254,710,240
41,260,687,236
38,250,686,234
88,257,634,223
99,257,597,225
107,253,580,242
111,253,576,234
118,259,566,226
119,255,561,226
152,260,532,221
136,254,537,226
130,256,541,219
104,257,562,214
136,254,538,215
129,240,544,236
78,245,608,233
115,241,563,229
73,241,611,229
105,247,578,221
62,247,624,232
124,248,556,232
162,254,502,225
159,252,502,227
158,253,497,223
170,251,475,223
166,247,489,227
170,241,475,235
138,228,528,248
49,231,617,253
76,229,580,251
83,233,573,252
103,232,539,255
68,242,567,242
50,239,592,265
-3,255,651,244
-14,261,660,247
-18,264,669,253
-17,265,668,250
-14,269,664,249
-21,285,675,229
-15,278,669,236
-18,277,690,243
-13,293,679,229
-13,281,699,234
-19,278,682,240
-20,300,697,232
-15,283,670,245
-27,280,697,242
-15,286,682,245
-18,288,683,238
-1,292,688,243
-16,288,693,243
-10,281,713,249
-12,275,705,257
-13,280,706,243
-11,280,718,249
-14,268,709,263
-31,275,766,269
-33,279,748,255
-4,278,728,252
-15,287,746,246
-20,291,765,247
-13,292,761,243
-6,294,763,240
-1,286,748,244
-8,306,770,238
0,296,760,249
-3,300,778,243
2,292,775,254
0,303,773,241
-9,301,791,241
-9,299,792,244
-3,293,799,246
-3,307,815,231
3,304,820,238
-6,293,842,247
-17,297,861,243
-21,297,878,256
-18,306,875,229
-24,299,881,235
-26,309,883,217
21,314,862,230
-14,307,908,227
-23,313,929,221
-16,311,892,224
7,299,915,243
-34,303,974,236
-42,317,960,218
-36,316,973,217
-36,310,947,219
-28,305,972,225
-36,319,940,202
-33,293,997,251
-37,312,972,222
-33,304,982,229
-43,313,984,216
-34,306,988,222
-32,306,1006,228
-29,302,983,222
-28,302,995,213
-27,302,1012,228
-29,309,1021,209
-33,302,1020,219
-24,305,1022,213
-41,304,1047,206
-37,307,1053,204
-39,307,1042,216
-16,309,1026,210
-40,303,1050,214
-20,302,1025,215
-37,312,1048,201
-51,319,1088,209
-52,320,1079,198
-39,320,1080,203
-32,324,1052,203
-44,322,1067,201
-44,321,1064,204
-34,323,1041,193
-37,332,1030,186
-26,322,1027,200
-43,316,1028,205
-35,328,989,193
-41,317,970,213
-34,333,946,187
-41,316,951,218
-41,325,923,202
-37,331,920,200
-40,339,930,189
-28,328,913,204
-26,333,882,195
-16,339,890,185
-26,324,880,205
-35,324,893,198
-28,332,900,189
-21,315,895,204
-25,323,881,194
-20,320,881,198
-13,312,876,203
-18,310,883,212
-19,305,866,217
-29,303,851,219
-21,309,836,220
-2,304,809,220
-20,291,818,231
-11,294,806,232
-6,293,805,232
-23,293,834,232
-30,281,836,236
-22,287,839,234
-8,283,817,241
-7,285,816,235
-32,285,841,250
-22,278,837,245
-26,278,836,242
-20,282,827,233
-44,275,860,249
-26,293,822,236
-17,282,808,247
-14,273,802,248
-12,289,804,238
-11,279,811,250
-23,281,829,239
-21,291,825,239
-23,280,835,244
-17,286,826,249
-25,274,841,246
-20,275,825,257
-15,268,813,262
-27,271,823,261
-18,290,806,240
-14,285,798,233
-22,287,822,245
-11,287,809,243
-23,305,828,231
-15,295,825,247
-20,304,810,227
-22,299,816,236
-28,294,840,249
-30,294,843,245
-16,293,833,240
-14,288,825,235
-25,300,840,239
-10,301,803,243
-15,299,825,233
-19,321,825,221
-5,303,803,235
-4,320,822,215
-4,312,815,223
-18,310,843,230
-17,309,851,233
-7,303,842,228
-10,294,877,234
-25,288,889,248
-6,283,877,246
-13,273,876,261
-13,278,868,257
-4,279,872,264
0,278,844,249
-28,271,876,260
-8,266,841,275
-19,283,843,254
-13,278,841,257
-3,275,839,253
-13,273,817,258
-18,280,825,261
-24,296,832,235
-15,272,819,263
-9,278,788,266
-12,281,805,262
-10,284,784,263
-13,292,796,246
-6,289,798,251
-21,287,801,246
-34,292,814,248
-6,278,776,255
-24,278,784,258
-27,275,791,263
-16,278,761,264
-12,279,755,268
-17,275,769,264
-13,263,770,277
-6,261,755,279
-19,254,781,290
-20,247,765,298
-3,245,761,300
-7,250,763,297
1,240,740,303
-8,251,767,291
-10,250,762,304
2,241,747,309
-9,234,759,316
-1,237,751,310
-4,254,758,285
-33,273,795,274
1,275,751,273
-15,281,757,275
-3,282,773,254
-14,308,778,247
-7,309,767,241
-8,328,783,221
-15,329,772,226
-5,334,758,205
-14,340,770,209
-8,335,777,217
-32,335,800,213
-16,342,790,210
-23,332,801,221
-6,337,787,217
-24,338,804,218
-7,328,786,223
-16,325,801,221
-3,317,811,229
-17,316,815,235
-5,315,808,229
-19,318,827,217
-21,322,821,215
-15,311,806,231
-14,307,810,234
-11,301,813,230
-21,316,818,222
-8,317,808,209
-19,319,807,204
-25,306,834,236
-11,307,812,224
-30,324,827,211
-10,313,782,212
-28,320,806,201
-30,318,819,208
-25,321,800,199
-11,310,800,214
-22,300,815,240
-25,295,820,235
-19,304,799,214
-33,306,823,229
-14,301,780,226
-4,292,779,237
-5,274,794,258
-5,283,774,231
-1,263,791,274
-17,262,810,283
-40,258,838,283
-57,250,872,291
-36,254,838,283
-29,275,834,242
-35,256,856,266
-27,275,829,254
-19,266,824,252
-25,260,827,252
-32,260,851,259
-29,275,830,250
-27,264,819,246
-22,291,816,208
-29,268,837,247
-26,271,821,240
-16,272,811,236
-13,274,799,245
-18,279,809,234
-25,275,814,229
-47,294,831,220
-36,272,819,254
-43,286,828,226
-32,271,811,244
-34,271,816,248
-31,261,825,241
-30,244,820,285
-55,254,833,259
-25,250,802,249
-23,275,808,242
-30,272,837,249
-39,292,838,225
-15,300,812,205
-16,300,823,208
-22,319,822,196
-9,333,831,174
-19,342,828,167
-28,341,838,166
-8,348,823,159
-25,349,846,156
-9,348,840,159
-19,351,866,153
-19,348,846,164
-16,349,858,164
-21,351,879,158
-11,355,879,149
43,350,819,153
75,343,768,162
159,333,701,173
199,331,662,173
232,311,618,197
199,304,664,207
203,299,650,203
231,286,626,231
195,283,670,234
177,276,688,216
232,260,632,240
194,264,684,236
237,258,627,228
206,264,658,229
222,262,627,233
290,277,558,190
322,271,522,206
346,278,505,206
354,278,493,213
402,276,451,217
429,284,426,205
482,277,368,212
523,279,341,209
557,275,307,226
550,270,322,236
519,277,365,222
500,274,386,224
465,270,427,222
505,266,384,228
471,255,423,244
440,259,466,245
413,266,490,224
450,257,459,236
438,261,480,227
486,254,424,241
434,271,477,213
474,267,440,225
520,247,398,255
469,270,446,224
509,249,410,241
531,262,386,230
604,251,309,242
579,254,340,234
568,251,350,249
536,260,392,235
615,252,325,233
576,264,366,218
626,261,310,220
581,260,360,227
630,261,304,212
609,265,320,209
577,260,361,219
597,258,324,212
653,263,279,222
624,260,300,219
601,258,288,223
668,257,270,215
657,249,283,226
648,258,293,220
640,260,309,216
648,253,298,223
642,248,303,237
633,258,310,220
606,257,330,223
561,265,376,202
592,264,334,217
550,254,372,215
567,268,348,194
637,268,283,200
653,278,254,175
650,274,251,187
647,263,249,195
643,267,258,199
640,276,260,187
624,275,270,184
585,271,310,186
636,280,266,179
663,284,232,169
650,280,250,172
663,272,223,185
661,281,230,171
666,268,226,184
648,282,245,178
660,279,228,174
654,274,232,179
650,274,233,176
650,270,217,179
637,277,239,177
615,266,266,184
643,284,232,164
640,276,241,168
620,274,256,177
602,278,280,172
564,283,308,162
595,263,286,177
630,278,242,167
629,284,239,159
627,284,241,154
627,291,239,153
613,287,256,147
624,286,241,152
628,290,234,148
627,299,222,140
631,288,234,148
620,291,249,152
634,281,235,158
629,285,230,152
631,290,231,144
638,285,225,152
639,293,228,143
646,288,218,143
653,294,211,142
659,290,207,147
661,289,203,146
665,296,197,141
669,292,189,142
671,296,185,145
676,290,180,147
681,289,172,148
687,290,163,147
703,287,143,154
708,282,139,159
710,281,141,160
707,276,138,161
700,276,149,164
676,267,172,174
676,267,166,171
673,265,170,177
663,263,178,176
656,261,179,177
647,263,181,168
639,263,190,174
639,262,195,164
632,263,202,171
624,260,216,166
602,257,241,170
587,262,259,172
571,260,277,178
551,272,308,162
552,270,318,160
543,271,331,158
541,272,337,158
536,274,347,158
534,273,354,153
522,272,367,163
514,269,375,166
515,268,371,159
487,274,398,158
485,273,396,159
460,271,419,162
470,279,402,158
448,278,417,153
452,273,406,162
431,266,410,163
418,271,424,171
420,269,407,169
420,273,392,162
391,271,416,163
380,266,417,167
373,267,418,173
362,269,433,169
367,276,421,163
349,270,434,163
354,267,427,166
344,276,431,171
328,272,438,166
320,276,439,156
301,264,450,169
290,271,449,170
280,264,444,171
270,269,454,172
264,274,452,173
243,264,468,175
234,264,468,186
224,263,468,185
219,262,465,179
212,269,478,176
212,267,462,182
209,261,459,183
212,261,455,194
220,260,443,188
225,266,434,185
235,269,413,186
251,274,385,174
240,275,391,183
236,278,389,178
241,270,375,181
245,279,374,180
251,279,356,172
252,275,346,180
225,283,360,177
251,274,335,178
232,276,313,183
229,285,355,179
224,287,334,182
233,283,324,184
228,283,327,180
218,287,322,185
217,292,319,171
220,302,319,170
228,307,302,171
239,303,285,167
247,307,263,167
253,306,252,166
251,300,251,172
242,292,256,183
247,284,234,190
259,279,215,190
263,273,204,199
263,269,199,212
256,267,200,214
257,269,192,211
258,277,189,201
253,283,201,199
244,290,216,196
236,295,224,195
251,311,227,178
268,309,202,170
268,318,184,171
277,323,198,166
275,323,217,161
284,324,231,164
283,326,242,163
288,318,244,165
286,325,261,161
285,327,264,157
285,322,260,164
293,322,258,162
288,316,264,166
297,303,259,176
283,295,277,184
288,290,275,187
280,293,284,189
291,287,273,196
280,290,282,195
280,294,289,189
290,304,280,181
297,306,267,178
293,317,282,164
296,320,280,160
315,321,262,158
320,312,253,163
330,321,244,162
353,321,220,152
373,324,202,143
407,314,167,150
399,314,177,159
396,294,179,170
395,296,184,177
391,290,189,181
405,290,173,180
402,293,181,181
419,282,166,198
435,284,150,197
433,276,158,195
391,284,200,204
374,285,225,187
357,285,249,200
353,280,256,206
355,277,259,205
361,268,256,218
350,265,274,218
373,266,259,215
374,269,266,217
361,276,290,210
362,292,294,189
350,310,301,171
369,306,290,181
418,296,250,182
403,291,264,183
370,283,295,199
364,274,318,205
337,273,347,207
334,272,361,208
364,274,338,208
384,264,312,212
355,265,344,218
360,269,340,210
384,277,323,204
363,277,350,202
389,279,323,202
402,282,316,189
385,288,342,192
386,297,347,183
378,300,361,177
373,301,366,173
384,304,365,173
397,311,358,165
393,314,361,153
403,315,356,156
430,306,329,159
444,311,315,159
464,302,302,171
474,296,293,175
470,292,296,180
483,287,290,182
480,298,296,173
495,295,286,175
483,303,296,167
506,304,285,162
516,314,272,154
526,312,269,145
535,310,265,149
547,303,258,157
559,300,245,162
564,299,244,158
572,298,245,162
575,301,249,156
579,291,252,165
582,298,257,158
586,293,256,163
594,296,262,158
585,292,278,158
598,298,269,147
597,292,281,154
600,296,283,150
598,289,289,151
591,292,297,152
603,295,293,147
595,289,302,148
568,279,337,162
560,281,343,165
532,283,371,160
540,274,364,158
550,270,355,164
552,266,351,171
561,269,353,169
561,267,352,165
576,272,342,158
569,274,349,161
583,279,347,161
577,274,354,164
586,270,350,166
587,274,357,158
584,273,359,160
585,276,362,155
597,279,348,158
595,283,354,159
572,272,372,166
527,278,414,168
511,272,430,171
517,274,432,174
520,274,420,177
517,273,420,173
525,277,402,171
527,277,400,167
528,280,394,159
526,277,395,166
534,277,379,166
527,279,382,169
543,269,343,174
546,270,327,177
556,275,306,172
564,275,291,172
568,265,273,186
572,267,249,189
572,267,234,185
577,265,225,189
582,263,210,190
582,259,210,191
580,255,214,193
572,256,224,188
570,259,236,195
559,256,250,192
539,256,274,193
537,256,281,195
537,255,280,188
537,263,282,190
533,252,296,195
535,257,297,194
541,249,291,198
538,249,292,198
540,247,306,199
543,253,313,201
563,244,302,201
540,258,323,187
545,244,331,197
533,251,345,190
537,248,352,199
537,247,351,203
548,242,356,207
533,245,370,200
533,248,382,200
529,250,391,186
519,250,402,188
496,251,439,184
477,249,463,184
489,246,463,186
490,252,458,188
494,248,459,183
506,256,459,182
510,255,458,186
496,252,472,185
527,247,445,187
550,254,426,182
572,249,407,185
567,250,419,177
563,253,428,182
568,242,423,181
580,241,420,191
590,244,406,196
607,242,396,190
595,240,409,191
604,241,402,191
604,234,412,202
600,236,414,203
617,239,403,187
599,239,425,187
594,240,432,194
594,244,434,198
614,247,422,188
577,242,459,178
591,229,453,196
590,238,456,196
596,242,447,196
584,234,468,192
591,231,480,187
582,239,478,188
599,240,475,186
603,231,468,181
584,235,488,185
584,246,500,178
548,235,537,185
603,230,476,192
620,234,460,186
584,226,501,191
579,222,509,187
574,224,516,196
602,229,481,180
612,220,480,198
629,231,456,193
637,226,445,193
638,221,456,202
624,218,466,194
619,225,481,197
604,228,484,201
567,231,522,187
581,225,518,189
583,229,499,191
583,232,517,194
585,233,514,191
595,229,506,187
606,223,504,196
599,221,515,206
585,222,523,183
575,225,546,189
553,229,577,185
573,222,554,193
610,217,517,198
595,223,546,193
598,222,544,191
613,225,534,195
617,229,540,200
636,226,514,196
677,224,488,199
685,220,483,198
699,222,466,192
702,224,471,199
730,228,441,191
735,217,435,200
736,212,435,193
747,222,434,200
754,225,431,190
753,222,438,193
765,227,433,190
778,229,419,194
782,230,414,183
794,232,397,190
793,219,410,194
809,221,398,192
816,227,394,196
827,222,381,196
833,220,378,208
841,219,370,200
847,228,361,198
856,234,353,188
864,228,338,194
870,228,346,202
880,234,326,195
878,235,315,185
886,245,298,183
892,239,304,188
897,229,300,188
897,230,306,199
904,225,310,200
911,224,295,201
928,223,277,205
934,221,273,208
947,214,261,205
946,217,264,211
951,220,263,208
962,220,260,205
963,216,252,213
969,220,247,207
972,216,242,208
969,218,249,206
965,216,257,211
962,215,253,207
960,209,259,211
963,210,255,216
956,213,263,207
954,215,265,210
941,209,283,204
942,222,280,204
939,220,283,203
937,212,283,203
935,214,285,209
934,214,287,206
934,219,278,202
937,213,270,210
924,214,287,204
932,220,269,210
926,214,276,201
919,211,280,217
917,205,280,207
915,217,281,204
909,204,290,204
908,218,286,206
899,202,295,208
899,208,286,219
897,201,296,215
890,195,310,223
893,218,272,208
887,211,285,199
886,227,281,194
880,202,316,209
869,202,322,223
878,201,317,210
868,220,321,213
857,225,337,197
877,234,320,191
863,235,330,182
865,244,332,184
860,241,333,177
861,237,340,184
859,247,351,177
870,242,337,178
850,252,358,169
840,251,368,166
859,251,345,169
853,239,352,185
875,248,330,174
861,239,337,178
867,245,340,176
859,237,335,175
870,242,328,181
865,237,319,182
871,234,297,187
865,231,300,186
864,234,294,176
851,233,287,189
872,227,262,198
865,225,268,194
883,230,236,197
891,229,225,189
886,230,229,189
897,225,212,196
891,220,215,202
890,201,210,225
869,186,233,233
885,198,214,227
884,200,213,218
886,211,218,209
885,214,221,206
885,218,224,202
902,228,209,197
898,232,213,187
906,236,207,182
905,237,209,184
909,242,208,187
911,234,211,186
915,243,208,186
916,237,212,182
922,241,209,182
914,244,212,183
918,239,214,183
907,238,230,187
901,238,241,185
912,234,232,192
902,232,238,191
894,227,252,200
898,225,255,200
881,222,275,213
887,213,275,216
888,210,272,229
879,210,276,216
904,198,258,220
904,194,263,236
902,190,264,237
895,189,277,237
906,191,273,245
915,181,260,249
902,164,268,268
931,159,229,272
926,148,266,289
937,154,259,277
942,155,252,278
948,144,245,291
945,151,255,291
942,149,255,280
944,161,262,274
948,165,254,268
946,177,263,263
945,175,267,260
946,174,276,258
943,185,287,258
951,186,279,250
953,200,289,240
946,201,304,240
947,218,306,221
948,232,311,212
949,238,314,196
953,250,312,196
948,254,319,183
941,259,332,167
948,258,331,174
941,265,332,172
949,267,322,168
952,268,322,175
961,268,313,171
956,271,321,172
956,274,327,163
959,271,325,171
958,269,331,171
962,269,323,167
966,267,328,175
962,272,319,167
961,273,327,164
972,271,320,173
966,274,319,163
971,274,313,168
969,270,310,168
976,270,306,174
966,267,315,177
981,264,285,178
990,261,282,193
992,255,283,185
995,257,272,195
994,250,274,200
994,242,277,210
991,237,264,210
994,242,276,215
994,242,275,216
995,246,280,218
992,244,285,216
991,244,279,220
983,242,280,222
979,245,271,218
971,248,277,223
970,249,257,213
965,254,261,203
963,249,253,214
953,253,256,211
952,255,246,208
948,267,241,201
942,274,245,192
937,278,244,189
928,285,248,181
922,280,250,190
917,280,243,186
911,286,236,185
905,286,235,181
902,283,233,182
891,286,240,185
873,289,260,186
870,296,258,182
864,289,267,182
845,298,278,182
839,292,275,184
837,301,273,182
834,290,266,174
830,302,268,173
827,302,267,178
819,303,271,178
811,304,287,177
805,302,279,181
802,306,266,178
793,309,268,175
785,304,279,173
782,305,281,180
769,307,286,175
757,310,295,168
752,311,294,173
745,309,294,171
741,307,294,178
731,304,301,173
716,300,323,181
705,313,321,172
701,299,318,180
694,301,312,181
687,305,312,180
681,305,311,180
672,301,299,182
671,306,313,179
659,299,294,183
657,300,318,186
648,300,334,178
635,304,333,177
630,303,335,176
623,294,345,182
619,294,350,190
615,296,358,187
612,296,350,181
624,294,341,189
609,289,343,189
601,297,356,185
597,297,361,181
591,292,355,178
595,295,361,184
587,291,369,185
585,297,360,186
578,296,370,176
564,287,380,193
574,293,372,179
561,292,379,182
561,297,382,177
572,282,366,188
558,285,379,183
560,292,367,180
558,289,372,174
556,285,374,188
559,287,372,180
550,283,374,172
544,282,386,181
552,282,383,188
549,279,382,177
551,282,384,184
553,288,389,178
546,280,403,189
553,277,400,188
546,284,410,178
543,283,422,174
547,284,426,179
546,281,431,187
550,284,445,182
553,279,451,189
554,277,473,196
552,281,482,192
554,289,479,186
567,291,472,179
549,289,505,187
547,274,512,187
549,277,519,195
533,262,510,204
545,279,486,181
538,291,525,164
509,266,511,193
541,288,526,175
700,281,539,197
543,279,533,188
713,286,539,206
781,295,479,181
800,276,469,199
808,278,462,204
812,257,460,219
825,268,435,217
821,277,422,201
833,265,430,213
833,259,428,228
855,245,392,240
851,250,395,239
853,242,391,239
853,257,410,229
848,261,400,229
846,261,418,227
844,263,432,228
851,251,406,234
845,255,407,235
854,255,401,232
843,266,429,226
845,259,431,227
844,282,412,217
855,257,407,229
850,287,395,201
852,263,408,226
839,283,437,212
845,263,426,231
859,268,390,228
861,280,393,221
865,268,386,228
868,266,379,230
873,261,343,241
881,242,304,249
882,275,298,241
888,273,286,239
891,272,267,236
883,268,277,242
901,278,339,244
888,272,304,231
875,271,300,241
871,271,291,243
879,270,271,245
878,270,283,242
874,271,291,244
874,269,265,242
917,286,264,232
874,288,281,233
870,271,258,255
870,283,268,237
862,295,268,227
863,295,281,227
861,297,273,223
853,296,266,229
845,292,303,232
837,316,315,215
838,289,278,229
832,300,315,223
823,322,327,217
821,321,326,203
816,325,327,194
811,312,292,217
809,327,297,194
812,342,304,180
815,338,322,185
823,337,299,178
825,341,300,190
829,333,293,186
818,346,327,174
815,338,314,183
817,335,295,188
817,343,315,181
797,340,337,174
813,347,320,175
796,340,319,177
804,340,315,179
800,339,324,181
804,335,317,183
798,335,315,184
794,339,322,180
789,338,328,180
783,338,336,181
792,339,328,185
796,334,320,181
806,342,301,182
812,329,289,190
812,332,278,189
808,329,301,183
810,332,285,182
807,333,301,176
811,327,311,191
811,338,301,188
804,325,322,186
800,335,298,190
802,326,283,189
805,334,273,193
801,330,286,193
802,330,267,190
799,333,300,199
805,340,260,171
810,346,264,176
807,341,271,179
807,340,280,180
812,333,268,185
815,336,263,187
815,335,268,180
815,340,265,181
818,339,263,178
817,341,265,178
818,330,267,182
816,345,262,171
816,338,258,179
815,343,257,185
818,342,238,170
820,338,237,176
819,342,243,172
820,339,245,188
810,343,281,171
813,329,274,189
810,335,287,185
812,331,276,188
814,346,265,181
815,332,262,177
813,339,254,191
810,339,258,176
811,335,277,176
813,336,256,181
816,340,270,179
811,331,285,188
812,336,279,189
812,334,273,182
809,347,268,178
810,338,258,183
810,337,255,174
808,342,274,185
807,341,270,177
810,340,263,176
804,345,273,174
803,342,273,172
804,348,267,171
804,338,272,170
802,346,278,173
803,341,264,175
806,342,263,170
801,348,287,180
808,339,263,180
800,353,285,168
802,349,261,178
804,344,244,176
803,353,219,166
805,346,237,166
803,353,243,174
800,343,278,175
799,345,275,181
802,341,263,183
803,350,261,187
805,343,254,182
802,354,246,179
806,340,244,183
798,353,245,173
803,349,248,178
800,357,229,170
801,352,242,173
797,360,230,171
804,349,245,178
805,352,223,180
801,352,270,181
804,349,254,185
804,350,261,187
812,346,310,196
812,351,344,201
805,353,350,199
809,348,343,203
809,355,346,204
813,351,344,211
812,346,340,213
816,351,340,211
810,345,342,212
816,347,328,219
817,342,329,220
821,346,314,214
819,341,313,223
813,347,322,214
809,339,317,221
810,341,314,222
807,345,314,210
801,352,319,209
808,348,309,211
798,340,320,220
798,341,315,223
799,341,314,220
808,342,304,217
810,346,298,222
802,338,309,221
803,339,301,216
807,351,297,218
822,346,282,217
808,344,292,212
802,353,300,207
733,343,375,212
698,349,417,208
685,343,429,215
687,347,420,202
686,334,423,228
697,329,401,230
691,342,404,216
701,346,400,202
702,350,398,211
710,346,378,215
699,347,400,210
705,348,393,207
693,346,405,202
693,345,410,214
688,350,416,201
688,352,420,199
675,351,437,194
669,340,446,203
662,341,453,208
660,337,458,217
657,335,455,212
659,345,460,207
653,340,467,206
654,345,468,208
645,336,475,211
647,340,470,213
642,335,478,217
638,345,486,203
637,340,488,213
630,334,494,216
625,352,500,199
616,339,500,208
623,344,512,201
623,329,501,224
616,346,519,206
620,337,509,212
611,355,518,198
606,346,523,205
602,344,523,200
601,329,530,209
600,345,527,210
598,341,532,215
606,328,519,220
590,347,534,208
587,330,541,223
585,336,545,217
585,330,550,228
575,345,553,212
573,332,571,216
571,336,565,227
570,340,568,208
567,343,578,214
556,340,592,201
577,319,580,227
566,342,583,213
563,345,592,200
557,341,608,218
552,336,603,220
548,338,607,206
545,320,621,227
540,345,614,215
569,344,594,201
559,343,596,204
546,343,618,201
538,356,625,189
545,346,620,199
560,355,603,196
539,341,629,206
522,341,650,196
526,344,644,201
533,354,636,188
550,353,632,192
559,344,628,203
533,351,634,194
550,362,623,184
540,349,641,197
524,353,662,181
537,350,645,200
544,350,638,197
527,350,661,191
548,347,632,202
560,349,631,198
603,358,590,187
662,348,529,198
722,331,447,219
786,317,391,232
787,328,390,220
840,335,334,217
848,351,324,189
861,354,299,192
865,351,292,192
869,357,289,187
867,357,296,190
876,355,286,194
872,357,288,185
875,359,283,188
872,359,291,189
880,360,279,191
880,357,280,187
880,366,282,184
880,356,283,187
884,359,281,188
887,360,275,191
886,367,278,185
886,362,280,187
883,362,282,185
888,367,273,184
890,361,272,190
886,364,277,180
891,367,278,183
890,367,277,181
891,363,276,187
889,364,282,184
896,362,272,190
895,353,273,187
