1
128.1910557292278,336.3098144263601,71.87811209689981,102.99434655240108
131.24333037003674,328.7372636707369,65.8226738349913,113.83134382229585
126.11945075763865,322.4003034928151,60.371038390954766,120.39223179310777
123.77398981593639,326.7659419083656,64.27923836715368,115.30924352306288
124.72764525416505,340.20992163583065,73.05817165396785,99.76430683269837
126.63535459218659,344.2949846184639,85.19997260072118,83.12617120395441
129.20716358119,334.48274305416373,94.26172404629547,74.20273463065828
116.05329963619246,313.0589653585175,86.40525216856936,77.71935269289723
115.58709443887997,274.86857499421683,76.63035411485924,97.79206727054807
128.54719261470723,246.12605207999496,67.04845172833711,118.8101465937576
136.78143815411812,232.03477196451803,62.70208765674937,131.97995335594297
140.8287396283984,221.98819042991678,59.46816629182285,139.3074514415427
144.22813274013308,210.51495665604412,58.01758081702643,144.17454482359886
140.27906061972794,208.8491506379675,59.31634977640006,139.55725176882424
137.87708405625193,215.66632381857835,66.19886447028756,126.06027502103169
151.95717802798043,233.49853789414038,90.20731062084974,104.17059345789644
145.857672451227,253.7400692366097,107.45587401314248,85.80358566341093
149.8920146018944,248.57187937111905,107.19873886706989,93.12967052871883
153.1184114319881,235.57954182026282,101.28866815924268,99.57453332090236
152.7006099483154,216.197892279386,106.41191724246656,100.1397108289873
146.29579878391036,193.65533514310607,121.41958523809556,93.09361178464727
137.99356425021026,166.98747153090898,118.49014835695955,93.50974972024638
140.0084625522229,139.61951288405362,101.27742026191501,106.30408642915606
151.3086359400863,123.82265837949545,81.69196461281854,120.81561530263176
164.30906790697435,117.62505076069671,71.02890723003489,129.19625524520907
170.3442288721574,113.78889218276616,65.56557332244917,133.02413566346897
173.43780159183464,113.01469957522487,64.15693728409396,133.93290130877418
176.5168513707856,112.78889714324151,65.36188214777955,134.50286469301795
178.7869056615857,112.12685563160983,65.97582836329372,135.48783408248954
179.94596206723384,113.72109350074786,66.86651338395164,134.78400520649416
182.3967486792946,114.62892933760241,66.01333578555511,131.73381974581446
183.82963867182704,112.55717835067674,59.103888917847236,132.13403126136018
187.12403304646756,110.36855267700878,54.985211778340194,130.55174911558117
185.55387049037392,111.1236686246128,53.188074196675,129.4952431475545
184.75841842421525,114.7192375302792,53.991170119512084,127.84600724620742
184.68293195103075,120.589878717386,58.78623977742205,123.42595628643879
182.99371303919628,131.07692239948065,65.75515288027188,115.44192275419675
186.07663675470366,146.8322815058184,79.84117956274034,103.31106035103099
194.94348528775984,167.1866919268723,99.95272718760913,89.5572342795524
193.6271845709488,182.73829603466953,112.30452024735155,81.67481959005895
196.53469468639776,178.62438365109182,108.62064222056088,86.01548463261072
206.17073595370744,167.7387496820416,104.00276987689233,92.87801623178922
208.54530998558067,153.35767265691817,109.52204159344163,104.87851061030884
205.6310342849353,135.4255203666875,120.31515283597456,112.27272146670498
200.77206882533568,105.05523270348077,130.88731018768098,115.32292387315786
204.7496548968222,69.47374944446358,123.36522621057208,119.32045457965904
209.22858707809706,45.37933948471256,97.96237524273627,134.19965666958154
230.0117128711271,37.27005151271153,78.35314438569344,143.46905727694616
244.08705016180662,31.706116484157008,64.83931006370261,149.0526170092593
251.37192732184485,28.11557083024104,60.26988706609883,148.74546089807106
239.59912556776243,33.214936805147204,75.44889188603099,137.98877346424393
244.56460172773498,35.81820381771709,96.47185766201159,123.3654327288524
255.30922956883242,71.82485883439072,108.58184170319811,113.51354433268924
268.53502192683413,78.65383278559479,97.21851717751426,120.69702492497672
276.2523691838606,59.27951499956775,87.62722854242627,134.4545611931133
274.74497101585985,44.18633526862655,93.410575599002,135.79809471081364
252.86663666171353,11.137875412373376,121.5714017420955,130.0418799045903
233.26314580846906,0.0,146.46327740365487,113.86493248918785
229.1909662714429,0.0,161.9449658022248,124.26441359031409
226.44531958038942,9.151768036374406,162.9084682054992,125.12980426651978
217.35677068862805,6.512526233420985,165.54372276108893,127.42233077698234
210.11543323036472,23.816806520644136,167.5495450633025,129.45573480289303
193.82994845422027,22.087894075570716,168.80418500530885,130.84052068089147
193.69871704661136,30.084390303615763,169.95257667381676,132.01639465598527
175.81107279757296,40.93731568131662,170.81242814329784,132.85980655275839
163.57215069450695,44.88894261767358,171.2998654115676,133.36204469076256
151.58819291814223,45.361430454442385,172.08748658825576,134.08093172512113
135.59273197208728,41.923865896415435,174.20603023434094,135.92998156222322
119.63169551941317,28.818174268563652,177.32393491968008,138.80768605309308
105.65963473921093,9.569824339657103,187.29938808603254,147.03401501500457
153.43989504548563,11.611886386547695,191.62968135476092,173.02179115693764
134.10296946739345,16.87260761368789,202.88932281596445,192.76840519435495
97.92200366410606,25.1928203390149,213.64831194731823,203.09948072927324
151.0748486484971,3.615778164889349,244.21666463985665,234.9180722651104
133.12456386271663,0.0,309.5749957035315,282.4108868408468
184.76816599943683,2.7330271075456665,333.52045508182454,341.4460632619007
257.8196891736867,42.44359644799408,293.76595330410686,365.50413996532427
305.471764461754,50.927073577801934,264.8630854601012,370.9311349835686
314.67114761873086,56.366031223613845,265.48652423779515,366.0806889216042
314.475806641772,48.00549116960423,274.75846800310217,369.29292611684775
301.53798992884737,38.95452994818257,290.57121519307054,378.2295588804799
289.5195423733424,28.96049822911172,293.6008180546271,381.4920951043781
272.7711804076834,43.917243316819395,302.4261433428203,384.08052730208345
290.54886842388714,44.3530404581353,293.62522113999876,381.38044796529977
292.77894549117303,40.366136196800966,280.27743186410953,378.40164657712245
284.5290566808269,27.660712750345596,280.2785803586276,377.2459775684906
289.61421893583986,44.28582823510672,281.2019654977908,362.24847714791053
280.95251997074024,36.29312701747884,276.51926105043066,361.2596266155523
263.5943175839625,28.35204132468877,337.532261259622,375.5389594275597
276.8839882707657,72.06219116539307,310.2619151012068,366.0681895863238
291.3474194857175,59.89655205500955,284.0460030124796,365.1890200212303
299.82939396740335,56.750144717674175,301.36650568569115,361.59381973680615
284.85968459111575,53.7836009730907,312.8433490129254,361.78617020062023
274.74295966327816,44.555823637782936,315.8248901508187,362.73364730610234
262.92575645368015,52.49106815555646,315.0172048532282,360.1062168940987
274.1732829109352,47.87055335885114,295.69528129434246,358.80274531162416
287.14115339422654,48.357442974951226,291.20643208842324,360.9902121660625
291.63440036897055,47.30267917938886,283.0203453556093,363.35173701416664
289.119049064745,44.372509366152116,300.4442691014702,368.77621744386647
300.7074319308665,51.545764773784896,275.7237241086324,375.80908202285104
303.01551959243716,45.44342063286484,297.93733068601995,387.58526132896094
307.1011987866503,33.082257123590495,283.15054716323914,399.7422132819324
288.7804229148399,24.156814358797448,309.09728980592206,406.7530632190494
285.387642220504,28.256163633359478,287.5649471516043,414.3287688169681
302.0664527034919,32.51410476273605,258.9926804818315,410.782307882649
319.3934278149158,44.63320205975009,265.57519583536623,399.67012653365254
325.3613850741305,42.098097698069495,271.1041927769194,408.36197437360516
321.48965494395816,46.5665993274761,252.13690458353676,406.9451781949981
323.19917617000704,33.711183954550364,250.07010521411604,397.71229559957817
2
0
0
0
0
1
277.3071255700397,4.632483606613185,52.72837590285357,92.99842068047835
277.02986472658705,4.537110872791253,54.67588735374569,96.85709218302318
276.94735669894635,5.07421554302838,57.34880394240987,100.98670112118718
275.2837516498316,5.045434507487407,60.18509711611044,104.5120609857946
276.0961897708688,5.718802066534089,63.82598728762976,108.67316324071638
273.525160943801,8.01356770946353,64.7408046140748,112.62050094565248
274.80486436297724,9.136072156827794,64.87464480257277,115.49151883900524
272.10642111253696,7.246042129111949,58.37376963677727,119.26213815388947
268.7956355289129,7.820991503178391,54.279546871063744,123.18316909375082
267.2838088483535,10.649362474301796,53.93662132380922,124.94454632707675
265.5430527758402,14.344899823854803,54.78407319856656,125.66601168383224
264.2262597952652,21.2366588928288,57.37957998501773,124.84652067042785
263.8635087687741,26.19460211295325,58.506518859844064,122.51319468325929
263.37115883706076,31.414248526582917,58.9931070725399,121.91129188029937
264.1014708503949,37.38474062467736,59.50457055122817,120.09063138421172
266.9044717381859,43.93711042389828,60.26393400495161,118.0427765143114
270.35653789483905,53.28841191801524,60.18439761457986,114.41885020458969
269.7713576690485,67.79038695886399,64.05298829766181,105.3980429075781
269.346989295536,84.49312906456802,75.94754276127924,95.28898048058232
271.5324664196728,89.67780067390751,82.54244521705957,90.413421469086
280.5194963602841,68.29281438080241,72.77484682764093,101.53068657954942
301.056015926009,58.704933637274316,60.891075149596034,115.21903858227923
310.8941086786197,64.39336520615988,57.072291788749226,123.45011639992833
317.11340581060637,70.78691369576858,52.60468941397929,128.3641866529833
320.2032867814129,71.411019411837,50.90756652392757,135.5932141489788
328.03515117310394,84.9013663119758,47.91672496554573,137.95505250278921
329.36463036686087,92.62044924590279,48.40631827845633,138.05739020242623
328.47949477577833,99.6819205640802,56.03090896521708,136.62804456828997
324.61708781661514,114.61641039897535,60.52863701869576,130.13340597025314
322.3831784479479,120.80788724579824,64.09940110825352,125.59085573325291
321.6155333935224,128.2953363265553,66.30692295784647,122.25605496017576
322.8626099440676,131.8077228961031,68.20390712088268,121.65293054232583
324.89573443934097,134.50747897166332,67.66964766041625,122.12897614252185
325.3677356214099,132.39243812692547,69.15387610303497,125.1489158095045
326.90597719058763,132.35717594686292,69.37541199364651,127.95847610384524
