570	410	176	205
574	418	169	196
573	410	166	203
569	405	169	208
560	408	181	214
564	405	172	212
556	416	178	207
562	414	171	211
563	419	161	210
565	424	158	201
561	427	164	198
559	425	170	201
552	419	176	206
548	410	181	217
548	418	183	216
554	420	172	201
549	422	173	207
553	418	165	213
556	416	170	213
560	418	172	213
566	427	183	202
587	431	172	212
602	422	170	217
613	420	170	214
622	416	170	214
621	413	184	215
630	406	184	200
632	381	180	223
624	362	187	225
622	347	184	226
625	332	193	236
619	333	196	241
618	328	192	224
611	319	192	234
597	323	202	230
591	329	198	223
575	320	213	237
574	310	206	237
568	300	205	250
554	310	217	225
550	284	212	248
539	256	221	255
524	261	229	240
528	234	214	240
527	236	219	215
522	218	226	226
533	208	219	235
548	214	217	243
556	212	230	249
567	204	225	252
565	176	229	272
556	173	245	256
565	171	230	247
551	195	236	236
538	177	238	240
539	171	243	254
536	152	243	258
540	119	237	276
523	111	250	271
519	105	245	268
513	99	250	280
513	98	250	287
516	98	257	298
520	106	259	289
530	110	258	289
531	111	271	296
548	114	268	302
565	109	258	322
568	112	271	322
563	117	285	326
575	120	280	328
576	112	280	341
566	130	295	333
572	134	305	331
574	116	315	360
585	117	326	384
590	122	346	382
601	119	357	398
614	118	371	412
635	121	357	415
652	140	375	411
662	129	391	437
668	124	409	458
693	131	394	477
684	139	418	469
698	135	415	488
685	120	446	506
679	135	458	498
667	109	471	524
654	125	479	500
624	95	498	528
611	96	493	524
583	64	498	545
576	59	483	552
550	61	489	566
539	81	471	557
525	96	465	548
529	97	450	561
504	122	459	565
511	189	451	490
521	187	416	492
527	194	397	480
523	212	389	477
536	203	375	455
523	240	405	452
548	227	375	435
565	260	355	436
567	245	357	427
578	268	333	401
582	255	332	400
577	268	317	384
579	259	302	374
574	245	291	358
571	271	281	338
558	279	284	304
554	280	280	284
562	257	261	311
561	243	261	319
562	255	253	298
558	253	246	260
557	239	232	262
540	239	243	258
538	231	231	248
524	215	220	256
518	243	207	234
516	231	199	235
519	253	196	228
531	249	196	222
531	261	194	235
541	265	186	222
553	297	187	209
575	310	175	212
585	317	172	207
605	335	167	200
624	364	162	177
635	374	161	180
661	370	160	192
697	370	155	189
729	362	153	179
747	345	152	179
758	322	143	173
763	282	139	181
765	244	134	190
767	236	145	180
781	242	139	190
775	248	135	201
762	254	135	197
736	257	137	189
716	252	136	199
693	252	146	202
667	245	154	212
652	266	151	211
647	313	146	180
631	304	155	184
620	287	154	199
606	271	164	221
589	258	165	231
579	283	175	207
591	262	164	224
597	266	180	215
621	259	179	226
637	272	185	188
643	257	197	202
644	237	213	218
660	211	213	227
659	201	222	243
633	207	245	254
632	190	233	264
608	177	236	262
578	154	253	299
570	156	252	301
557	164	264	308
543	202	265	292
524	223	268	278
518	244	258	289
508	243	280	305
513	268	279	302
523	248	291	339
533	285	288	311
540	274	288	332
551	274	291	333
567	255	296	350
582	228	313	382
598	206	327	395
619	200	332	388
631	222	356	335
639	174	365	390
645	170	359	401
644	178	357	401
625	170	371	415
610	209	387	384
604	202	373	408
582	214	380	400
547	179	389	443
517	214	374	394
499	205	362	410
479	206	361	411
462	183	348	441
446	184	331	425
444	191	313	405
431	177	315	417
465	210	256	370
462	203	271	355
469	203	269	350
504	253	239	300
533	250	233	296
566	232	223	290
583	235	213	272
592	225	196	277
584	251	194	253
585	260	176	245
591	275	161	237
589	284	159	221
585	279	147	205
591	280	144	193
597	294	138	189
602	322	145	185
611	373	144	158
623	411	135	152
626	442	131	151
630	454	133	145
635	432	122	155
631	413	127	154
642	383	121	157
644	359	126	150
649	337	128	161
661	332	123	144
673	313	123	163
678	339	134	170
700	368	135	168
712	385	149	192
734	423	144	186
754	419	146	192
759	433	149	193
759	424	153	182
771	412	154	178
778	399	158	179
785	358	159	192
775	299	163	206
763	243	172	218
760	211	173	201
754	162	181	211
756	140	190	206
756	122	203	206
748	115	201	225
751	114	193	231
746	123	197	235
727	129	220	243
726	141	215	246
713	143	228	250
702	166	239	245
696	154	245	257
679	143	252	276
661	145	266	296
663	150	265	306
664	168	283	305
667	170	310	316
684	178	307	332
706	174	307	331
723	159	307	335
730	150	323	344
752	144	326	346
759	131	348	357
776	129	363	361
800	110	380	393
823	104	398	410
836	104	422	418
856	92	407	416
846	76	429	446
846	77	440	460
833	64	430	476
808	52	445	502
778	62	470	515
765	74	462	511
715	93	478	524
697	125	449	508
644	139	468	510
621	139	435	515
587	214	422	442
566	210	409	453
548	232	373	438
532	245	367	428
518	270	369	417
526	266	361	410
524	283	339	407
515	295	345	396
524	305	317	393
526	325	304	358
528	314	300	342
527	328	282	341
534	330	263	333
532	326	267	336
532	331	264	332
548	323	239	321
557	341	237	309
559	368	236	305
546	391	252	289
560	391	236	294
556	417	235	276
566	414	228	265
561	394	205	280
548	380	211	270
531	398	207	226
519	372	209	233
500	335	222	250
488	316	222	240
479	292	218	248
460	270	218	248
452	252	219	247
468	238	216	240
479	221	213	241
475	208	219	246
475	176	217	265
459	193	226	231
444	182	234	229
448	174	232	245
439	150	240	274
440	159	234	266
437	152	238	290
433	163	245	300
428	185	244	306
416	194	263	299
412	219	275	295
408	191	276	334
395	194	291	333
397	203	289	329
404	185	287	342
399	181	290	340
391	162	300	358
379	142	305	354
351	106	327	385
340	111	326	362
340	100	321	363
341	80	325	388
356	88	318	394
359	97	335	393
373	81	336	407
397	106	327	387
409	101	336	397
423	105	329	401
445	116	326	390
466	99	326	400
503	89	350	437
580	108	319	422
632	139	313	401
664	144	317	397
697	144	317	406
725	150	324	394
748	164	315	372
756	184	299	358
742	172	304	373
743	164	272	386
695	166	294	382
653	193	296	355
630	174	288	380
616	199	295	355
623	182	268	368
599	173	297	384
595	177	293	371
612	184	267	352
602	181	281	352
609	165	277	354
618	149	278	351
624	177	294	328
648	171	284	329
674	166	267	328
688	166	280	336
700	167	276	326
694	154	298	341
690	153	310	347
689	167	301	329
689	176	292	329
666	178	300	335
641	183	293	335
624	191	281	333
605	195	275	329
586	196	275	331
561	195	284	327
555	202	265	324
539	172	273	348
529	198	268	318
515	192	274	319
506	176	275	324
500	198	286	305
514	209	283	288
505	205	301	300
517	165	299	350
529	153	297	361
554	159	288	366
565	175	294	358
580	186	290	352
576	179	293	369
596	209	273	352
600	226	278	323
618	242	249	316
610	248	245	308
604	250	244	315
623	282	226	291
638	281	212	304
620	315	226	302
640	335	190	300
632	327	193	278
641	343	178	277
656	328	181	259
669	302	177	248
682	279	182	236
683	278	182	210
688	262	184	222
685	266	194	220
682	284	189	222
686	284	188	204
699	280	190	210
706	299	186	199
694	283	193	196
690	259	184	203
693	251	184	211
693	243	197	219
694	242	187	219
692	255	196	213
699	274	198	214
704	271	200	219
705	272	195	233
677	272	212	245
660	270	218	264
642	299	223	252
633	316	234	259
639	321	232	266
641	324	260	288
656	334	272	307
678	328	282	314
684	342	281	299
674	309	316	330
679	294	336	336
693	242	347	361
710	219	355	360
708	163	384	394
696	140	426	404
708	115	441	421
688	64	498	462
695	37	518	498
703	21	538	527
701	8	546	587
700	21	562	619
709	61	551	612
705	88	545	639
708	131	548	614
674	189	571	537
663	238	546	506
672	292	459	457
659	370	454	379
661	410	413	345
659	462	398	286
658	470	359	266
660	475	347	268
659	466	328	262
665	431	309	294
659	380	304	336
657	322	288	356
652	310	280	325
633	254	281	329
622	254	261	289
626	242	239	300
622	232	241	281
619	240	230	262
610	218	227	264
598	200	226	260
571	178	230	255
558	163	218	262
547	156	204	254
535	170	198	244
529	164	204	238
537	171	190	246
528	179	202	246
532	193	199	251
541	227	194	231
557	238	184	229
570	258	172	208
569	262	174	211
572	250	164	227
550	270	177	221
538	265	166	208
504	264	166	208
482	263	162	194
452	245	165	215
412	244	168	209
374	230	171	220
338	216	164	228
313	211	161	221
293	204	168	212
282	192	186	210
293	175	172	204
298	142	180	212
313	96	176	230
333	85	179	217
348	51	185	222
374	24	190	232
400	17	188	229
426	8	197	222
465	3	186	224
483	-2	190	228
517	-1	190	227
535	0	186	236
543	2	194	244
565	22	196	242
582	38	202	250
604	45	209	260
637	59	211	262
670	73	217	265
692	90	229	269
717	108	238	275
731	115	255	292
762	119	259	298
804	139	253	307
830	150	276	303
849	168	292	325
895	166	290	330
908	164	324	356
940	171	328	359
977	164	306	371
982	171	311	375
983	173	314	384
978	180	317	391
959	155	331	417
904	134	376	444
842	142	413	464
809	132	403	476
758	144	391	442
689	116	400	454
632	113	382	426
577	89	370	448
544	92	344	449
497	99	339	417
487	127	312	386
492	155	299	372
520	172	266	344
553	227	248	319
599	287	226	296
618	328	238	290
646	357	219	284
663	340	219	284
677	327	204	262
679	290	187	254
668	232	185	249
658	199	187	245
666	157	173	227
651	155	173	216
614	143	182	207
590	141	172	201
571	148	167	212
555	169	160	211
530	194	159	225
505	249	164	225
487	294	158	226
453	325	166	226
425	323	166	224
401	307	172	224
385	294	180	222
402	281	182	225
438	282	182	247
469	324	193	232
514	334	182	233
545	282	198	246
588	237	192	259
628	212	203	272
678	233	215	273
726	243	234	275
765	216	241	300
796	205	242	275
807	132	256	319
802	102	273	307
802	75	282	336
795	64	290	359
786	49	293	361
732	3	320	372
675	10	323	350
620	1	318	403
540	71	335	389
484	118	345	429
428	123	351	463
375	149	347	450
317	112	364	472
328	92	334	449
343	142	315	424
367	160	315	434
399	173	310	461
433	275	315	395
498	269	295	415
557	272	276	388
587	287	258	348
585	293	264	343
604	328	247	321
611	339	258	313
612	319	264	312
634	283	233	319
632	251	233	303
643	251	218	264
643	213	211	258
652	202	218	263
662	221	210	254
663	222	208	245
673	234	192	247
671	241	184	237
667	264	182	223
645	273	187	234
628	303	174	222
615	341	175	212
598	390	168	198
564	403	157	211
543	405	158	219
531	413	154	203
514	395	148	196
509	354	148	195
526	279	144	200
549	246	142	190
559	241	137	177
553	215	139	185
556	163	136	190
567	158	134	180
577	156	129	163
581	140	135	171
606	153	130	174
629	182	129	171
652	200	134	165
671	217	124	171
672	230	136	176
667	219	137	173
653	203	147	184
649	186	149	178
648	131	158	192
658	95	160	199
668	87	170	195
674	84	182	205
682	80	183	221
678	67	197	249
689	72	185	265
677	115	200	249
658	126	217	269
651	171	211	282
635	241	221	291
630	294	217	297
608	294	235	294
614	289	238	301
616	269	255	321
629	273	281	335
651	305	310	381
667	331	341	389
702	364	326	373
741	399	252	322
801	456	315	323
778	423	372	314
771	394	404	321
751	302	443	406
743	172	448	478
726	60	445	519
713	40	437	480
698	28	422	424
699	22	399	391
701	11	382	361
685	5	378	342
666	10	378	347
646	5	369	373
636	10	354	388
602	47	366	377
596	81	337	369
604	129	305	347
586	183	313	350
587	217	299	375
583	243	297	378
590	281	268	369
582	313	271	356
592	335	251	321
600	343	244	311
615	328	236	298
620	304	238	288
630	290	220	261
629	257	205	243
618	247	202	223
612	233	197	215
602	219	196	209
596	207	192	206
602	222	183	206
607	229	178	204
616	258	176	193
616	280	170	193
608	311	173	192
591	323	161	199
568	362	175	185
566	368	157	190
557	380	159	185
547	381	167	178
552	372	159	187
554	368	154	190
557	362	164	186
561	355	163	179
569	342	161	185
572	333	161	178
570	322	161	172
578	305	150	177
578	295	149	174
570	282	157	177
568	262	165	178
580	257	157	172
583	243	156	174
585	231	159	177
580	217	159	183
