923	285	49	43
904	286	51	41
888	300	54	45
887	335	61	49
900	388	68	58
913	439	76	66
913	486	86	71
892	529	96	70
863	571	97	74
810	604	114	77
764	623	110	83
730	651	120	73
699	679	113	64
673	668	102	62
652	641	86	71
631	593	80	87
625	524	74	90
630	460	72	84
635	412	68	75
639	371	70	62
665	345	64	58
689	330	62	55
700	332	59	52
699	336	56	47
680	343	57	50
659	363	63	50
634	372	62	48
615	369	53	40
605	362	51	40
594	358	56	36
583	347	53	34
578	339	51	34
572	340	49	32
567	333	48	32
564	325	48	31
565	316	43	29
565	308	40	28
570	297	41	27
582	264	36	32
561	252	40	30
561	252	40	30
