443	205	191	440
437	206	201	441
441	200	203	436
448	211	197	423
454	211	188	406
455	218	194	403
470	214	180	398
483	201	179	402
492	186	173	405
503	182	172	400
519	176	161	388
526	170	156	376
531	169	150	357
537	166	148	349
539	162	153	341
541	158	155	342
560	156	136	338
567	154	130	330
572	153	135	330
580	147	132	333
588	146	136	331
592	146	127	320
599	144	122	318
601	148	117	318
597	154	123	304
601	156	118	300
603	160	115	301
604	172	113	290
600	175	111	285
598	186	114	268
597	187	106	267
589	190	116	263
590	191	108	259
591	193	105	250
590	184	104	257
593	183	102	250
593	180	104	245
598	180	102	236
599	176	104	234
608	175	94	231
606	170	94	232
607	175	95	227
609	185	95	218
611	182	92	223
619	189	91	223
624	200	88	210
623	205	86	207
623	211	88	201
625	221	90	200
630	227	89	188
639	227	85	192
642	231	84	194
640	236	86	187
638	241	88	187
636	239	85	188
640	242	81	185
643	239	80	185
648	234	78	184
651	229	78	182
653	223	78	184
658	217	74	185
660	217	72	180
663	215	72	181
667	219	68	181
671	223	72	177
671	225	67	176
671	236	70	167
668	235	70	170
667	240	70	172
667	251	68	163
664	257	73	160
662	265	76	157
660	270	74	155
656	275	70	151
657	276	64	151
655	273	61	153
647	269	60	157
637	268	63	153
629	268	61	147
624	264	59	146
621	256	57	150
617	253	55	147
618	254	56	145
615	245	56	146
615	243	55	145
617	242	53	143
617	232	52	153
612	237	59	146
615	234	55	152
617	237	55	152
614	241	58	146
614	240	57	154
609	241	54	154
612	260	55	139
611	272	58	134
617	274	53	133
621	276	53	134
627	282	52	131
633	283	53	135
638	289	53	131
639	288	55	129
638	284	56	129
638	286	57	121
640	282	54	119
643	270	50	125
643	261	49	131
639	265	49	123
640	270	47	119
638	269	47	119
641	267	48	125
641	266	48	131
644	273	47	127
641	281	51	122
641	294	49	110
640	285	52	118
637	282	47	120
636	286	42	123
635	286	46	118
635	282	43	119
640	283	43	116
641	278	41	118
638	277	41	118
634	275	42	113
627	273	42	114
619	270	42	109
616	264	43	107
613	256	44	112
612	254	42	106
614	253	40	98
614	251	39	97
613	258	41	93
615	267	37	88
621	277	36	84
623	295	36	73
626	307	40	68
635	315	35	63
636	320	36	61
637	326	34	58
636	330	29	53
624	336	31	48
614	339	31	47
604	348	33	41
601	352	33	41
599	353	36	42
596	354	37	43
596	355	36	47
594	351	35	47
590	348	35	43
582	341	34	42
578	340	32	38
570	335	33	39
565	332	31	39
556	313	31	47
548	301	33	54
539	298	39	63
527	286	43	75
519	283	42	82
511	282	42	83
510	280	42	87
506	281	42	88
502	284	43	88
497	285	41	86
493	284	41	87
490	283	40	88
486	282	42	89
485	280	41	86
482	277	40	88
477	276	41	86
477	269	42	88
481	264	44	89
484	258	44	97
489	252	45	96
492	248	40	95
491	243	43	99
494	237	43	101
493	239	41	99
495	247	39	92
494	254	42	87
493	258	44	86
496	266	42	83
498	271	37	84
496	275	36	84
496	279	37	81
499	289	41	81
497	293	45	80
494	296	44	78
490	307	38	72
491	313	37	77
498	317	38	76
508	323	38	76
514	323	38	78
523	318	37	80
532	312	35	77
535	301	35	82
541	289	35	81
549	275	36	81
558	263	35	79
566	259	34	75
573	252	33	73
579	249	33	76
579	251	33	78
577	255	35	77
575	258	36	78
569	262	34	77
562	259	35	78
557	265	32	76
553	268	32	77
553	265	33	79
551	270	34	79
549	279	35	77
550	279	35	76
549	280	34	76
549	282	35	75
548	276	34	75
548	273	33	76
546	270	33	75
543	265	33	76
540	260	33	75
536	256	32	73
531	250	36	74
527	245	33	74
519	240	38	75
513	239	37	77
511	244	36	74
509	247	38	78
510	254	36	76
512	261	34	74
512	266	33	74
512	273	31	76
511	282	36	74
512	288	34	74
516	292	32	73
514	295	33	73
513	300	30	71
509	304	31	74
511	317	30	66
516	322	28	63
520	324	28	61
521	326	29	59
524	324	27	59
526	316	27	62
525	308	30	65
527	292	28	72
530	283	28	76
529	279	28	72
531	272	26	73
530	271	26	70
528	266	26	72
523	266	26	72
519	268	25	73
515	268	28	73
513	267	25	74
506	266	28	71
499	265	28	71
491	262	27	69
485	262	28	71
481	262	26	72
478	263	26	72
477	271	26	72
470	276	26	72
462	279	26	72
454	285	27	70
448	287	28	71
443	288	28	70
434	289	30	69
428	284	27	71
423	276	28	74
421	270	28	70
415	265	35	71
409	259	44	70
414	255	42	70
414	255	42	70
414	255	42	70
414	238	47	74
414	234	48	77
415	236	34	74
418	242	34	73
424	241	30	76
425	250	32	74
420	254	42	78
416	265	44	72
412	270	36	72
414	272	30	73
410	276	33	73
410	276	30	76
402	279	31	77
398	286	31	77
397	291	30	78
394	295	33	79
389	297	34	78
386	292	35	81
382	285	34	82
381	275	32	84
377	268	35	83
377	260	34	81
379	255	34	79
381	252	31	79
381	250	33	81
381	252	34	82
379	252	35	82
376	254	37	83
375	257	37	85
377	261	37	86
379	265	37	86
378	272	38	87
376	274	37	87
368	274	37	87
362	278	37	89
355	281	38	89
351	279	37	89
351	282	38	91
349	280	38	90
347	278	40	89
345	275	42	89
345	265	40	92
342	258	40	91
340	250	41	95
340	243	43	96
340	237	43	97
344	236	43	96
349	233	41	96
354	234	43	97
358	238	44	98
362	240	45	101
368	244	43	99
372	253	44	98
375	259	43	100
373	266	43	102
374	273	43	103
377	283	45	100
383	290	45	102
387	300	44	102
390	313	46	101
393	321	47	103
398	331	47	105
407	337	47	106
415	340	44	107
420	335	45	108
422	330	45	107
423	323	46	109
420	315	46	109
416	305	46	109
412	301	45	109
408	298	46	108
405	300	45	109
404	305	47	111
403	310	46	115
398	319	46	114
394	327	49	115
396	336	43	117
394	342	42	121
394	349	42	123
390	355	44	123
392	361	43	122
393	364	43	124
394	363	42	126
390	361	44	125
385	358	45	126
379	355	46	126
378	346	48	127
377	340	46	122
380	332	46	125
382	320	46	129
385	315	45	126
387	306	46	129
395	304	44	127
402	303	48	126
408	305	47	126
417	306	46	127
424	310	44	128
430	311	49	131
435	320	45	130
441	321	46	131
445	328	46	131
449	336	48	129
456	344	47	127
461	352	46	130
465	361	48	131
472	367	47	132
475	370	48	134
474	369	48	134
474	362	48	133
470	353	50	134
475	343	50	135
477	333	51	140
478	325	47	139
482	316	50	139
489	310	51	139
495	306	53	139
499	303	51	142
499	303	52	146
499	302	50	142
494	304	51	148
489	304	53	149
490	304	51	145
492	310	50	148
493	312	54	151
494	314	51	153
494	317	51	153
495	325	51	153
495	334	51	150
492	340	59	157
493	345	55	157
491	347	57	160
481	346	67	162
478	348	60	158
469	340	66	156
461	335	64	162
454	329	72	160
454	323	70	158
455	320	66	157
456	319	67	153
455	313	70	155
