327	527	26	23
323	538	24	23
327	541	22	25
335	537	18	28
338	543	17	26
337	547	20	23
338	555	23	20
339	558	25	18
338	560	28	20
338	565	30	19
339	570	30	20
343	574	27	20
347	577	26	21
350	581	24	20
352	581	26	23
354	584	27	23
359	590	24	25
362	592	23	30
364	597	24	29
367	606	25	27
369	608	28	30
373	615	29	29
377	621	30	29
381	626	29	32
384	637	32	32
386	643	33	29
390	650	33	28
395	658	34	31
399	670	36	29
402	676	36	32
404	687	34	32
411	697	36	36
414	708	45	34
417	718	49	33
420	731	48	33
427	743	45	35
430	753	48	37
437	766	51	36
438	781	57	35
448	797	53	41
455	814	58	43
463	830	59	52
470	847	59	52
478	865	57	56
488	886	59	57
499	911	61	58
511	934	59	59
523	960	59	62
533	989	61	63
528	1020	63	67
533	1054	68	69
527	1074	74	74
