646	473	247	240
654	497	244	210
439	482	274	226
396	431	294	243
336	374	328	280
477	417	321	249
315	430	346	196
519	441	337	216
524	444	351	217
541	443	364	217
553	437	370	237
547	444	403	233
552	446	425	235
565	438	426	269
542	430	456	280
521	432	484	289
552	439	459	266
582	436	430	267
633	413	360	307
658	414	389	303
652	402	430	303
645	408	445	285
607	401	481	292
576	387	503	280
565	372	494	276
547	365	487	246
534	355	486	222
532	350	479	191
541	314	447	204
581	301	382	183
606	290	345	163
635	268	297	165
600	254	316	153
602	237	285	150
610	220	251	145
595	216	235	134
579	205	219	129
541	199	226	122
517	201	212	118
487	197	206	116
464	201	191	111
432	201	198	111
409	195	185	119
374	201	192	110
349	206	189	106
320	215	186	101
294	207	178	115
262	218	182	110
213	226	206	102
171	236	218	139
151	236	232	164
145	224	237	198
160	227	231	201
179	238	235	193
191	232	237	209
199	239	273	204
206	250	293	200
204	249	331	209
210	260	358	197
212	274	375	196
228	283	392	186
219	314	423	159
256	317	410	174
255	345	435	150
280	343	423	166
360	347	360	172
378	361	353	175
399	367	347	188
417	375	344	184
458	383	322	172
510	390	290	162
533	390	288	158
558	395	288	148
589	392	282	156
603	396	298	165
613	391	314	166
581	493	312	213
818	340	323	253
876	183	324	208
808	86	300	156
