150	404	270	278
125	411	286	264
132	422	279	259
125	425	288	261
121	425	284	270
117	423	281	278
113	434	286	261
116	442	273	256
112	445	284	253
112	443	279	259
116	443	274	261
117	445	273	263
104	440	283	272
117	448	273	262
117	456	276	253
118	451	276	260
120	457	275	252
129	456	271	254
141	454	266	263
144	456	273	257
158	464	274	252
179	461	273	260
200	463	281	260
231	457	277	274
259	456	290	275
293	455	286	275
327	453	287	279
355	463	281	270
378	466	275	270
391	466	284	264
402	467	285	266
383	469	304	264
360	461	295	271
301	459	307	283
219	464	314	294
143	461	349	319
63	464	448	321
15	489	453	252
-5	464	446	263
-23	465	463	228
-30	429	467	259
-25	386	472	267
8	332	434	306
6	300	470	301
22	233	485	335
26	177	513	344
47	224	502	310
116	285	446	289
100	336	433	280
120	396	471	292
140	470	464	291
141	554	474	280
147	643	462	271
167	727	441	262
177	807	437	237
176	853	443	222
178	890	442	241
185	938	436	187
181	929	442	188
177	896	445	190
199	823	420	254
215	732	415	270
207	645	426	252
204	532	436	282
214	441	442	298
206	375	453	283
186	303	470	285
176	230	478	284
161	167	501	296
114	144	564	299
120	130	522	292
81	136	512	271
18	146	525	293
2	126	467	352
-12	159	400	363
-149	197	456	380
-149	197	456	380
-149	197	456	380
-149	197	456	380
-149	197	456	380
-149	197	456	380
-149	197	456	380
-149	197	456	380
-140	385	422	326
-10	365	381	314
5	379	424	315
52	390	469	315
132	367	453	353
203	399	449	337
286	388	420	358
333	489	345	334
403	504	298	319
429	576	287	292
419	630	288	319
351	730	335	306
301	814	347	295
241	866	437	294
183	903	456	282
131	943	459	250
37	981	503	214
12	1013	488	193
-5	1010	476	174
-6	986	461	174
-8	951	434	174
-9	895	428	178
-3	806	414	215
7	716	421	268
1	643	433	274
15	595	435	258
8	525	464	254
36	455	463	273
73	411	460	261
88	360	482	253
117	291	481	261
144	222	494	292
173	152	510	289
191	93	510	304
204	69	496	300
206	71	420	290
254	49	342	331
299	44	320	331
299	27	337	334
318	13	344	311
320	3	367	283
321	6	358	292
301	2	349	294
249	9	338	300
220	2	337	339
215	40	333	347
214	97	329	314
213	155	324	310
207	200	304	317
188	238	297	295
153	241	292	312
99	250	310	305
51	224	318	316
27	191	313	313
9	149	313	316
-1	104	310	322
0	51	307	332
5	21	311	349
38	15	324	365
102	64	315	368
160	105	314	360
205	131	348	328
280	138	319	321
333	166	322	314
358	196	326	311
348	233	337	294
333	262	330	285
293	302	359	291
215	274	421	326
128	230	476	381
20	218	503	391
13	233	428	400
-1	189	400	401
-35	236	399	341
-136	226	374	351
-146	223	311	337
-99	235	272	300
-35	203	228	306
9	185	217	322
26	173	259	321
67	155	303	342
140	172	307	316
185	190	299	332
210	243	302	302
224	278	304	263
236	276	294	269
217	281	298	274
206	292	293	282
190	304	291	281
177	316	296	280
176	335	290	282
167	355	282	264
172	360	278	261
174	367	282	261
168	370	288	262
172	362	284	271
188	353	293	270
198	367	292	262
184	355	290	259
