351	6	61	60
353	8	58	55
347	11	60	53
304	51	68	54
304	104	61	61
306	124	59	63
308	132	59	68
310	133	61	70
320	124	63	70
341	109	67	70
368	93	68	73
394	88	78	66
423	81	78	67
449	77	84	57
478	72	90	53
521	72	82	60
547	82	80	69
547	82	80	69
547	82	80	69
395	127	92	83
395	127	92	83
362	84	92	88
390	58	110	92
390	58	110	92
450	40	113	104
445	14	101	82
502	6	88	63
573	20	82	63
643	63	79	56
698	122	90	58
590	190	107	65
615	225	110	72
637	266	103	78
660	306	92	90
667	346	94	94
688	396	86	101
688	396	86	101
688	396	86	101
688	396	86	101
590	363	67	99
608	352	64	88
616	336	67	79
622	318	72	71
630	291	64	75
636	269	67	72
645	249	67	70
655	233	68	71
662	221	71	69
674	209	69	69
685	202	70	69
695	196	69	72
705	195	69	68
718	196	65	66
727	197	64	60
738	202	61	55
748	206	59	52
754	207	58	49
762	206	57	50
767	200	58	55
772	199	58	50
778	195	57	50
