248	301	44	66
247	304	37	66
246	306	38	64
248	307	31	64
248	311	32	65
245	316	34	63
243	319	36	60
241	322	43	58
242	323	46	58
247	316	48	61
252	310	49	68
252	308	47	68
252	309	49	69
251	313	52	65
250	317	53	58
250	319	53	60
252	316	53	64
253	312	51	67
251	309	54	69
252	313	54	67
252	315	53	71
253	326	58	61
252	333	60	56
256	339	65	54
252	339	75	54
250	343	79	51
257	345	89	54
259	351	92	49
260	349	92	53
267	351	84	57
268	354	79	57
280	358	73	51
289	357	67	51
294	353	66	58
300	351	61	63
298	348	67	63
302	349	71	63
310	348	70	68
315	353	70	71
318	361	73	70
319	363	70	69
314	367	73	70
312	371	65	72
291	388	74	74
268	409	81	71
251	414	85	72
231	410	93	73
220	408	89	79
215	408	89	84
203	417	84	87
200	426	78	85
200	424	74	87
202	421	65	90
207	425	58	89
211	427	61	84
215	421	64	85
222	421	73	87
224	419	86	95
219	419	99	89
229	417	95	101
235	421	90	106
240	428	88	104
253	437	81	99
254	446	86	89
267	447	85	90
279	451	89	93
286	454	97	93
284	454	115	97
285	464	136	104
288	472	133	102
292	468	127	113
286	474	129	113
281	478	129	105
264	470	120	113
241	477	123	103
235	494	121	107
193	496	123	118
152	498	138	115
128	520	152	116
116	524	157	136
98	524	170	141
97	541	168	143
74	559	171	134
67	572	154	123
34	582	162	114
-9	575	170	123
-24	601	170	101
-29	616	154	101
-37	623	143	106
-33	628	130	113
-19	632	135	116
-15	639	121	108
-20	641	109	93
-10	631	101	99
-5	616	116	116
0	604	118	123
27	613	140	123
53	601	162	134
92	597	175	134
175	594	168	142
231	595	162	144
241	601	153	151
276	614	118	143
282	594	117	159
273	588	128	157
258	578	142	153
237	569	161	153
199	593	183	136
190	596	184	137
192	587	183	134
179	580	203	129
172	566	194	136
170	564	206	127
172	566	223	120
170	567	228	125
171	572	209	122
174	584	210	121
177	581	187	136
165	582	181	130
166	560	164	144
151	554	176	141
125	577	196	139
127	600	199	141
120	609	240	116
148	602	217	115
152	599	188	114
173	603	168	102
212	584	153	105
231	579	148	107
243	583	170	109
263	579	176	107
258	583	196	97
270	594	206	90
254	582	199	93
238	555	192	86
254	527	166	83
265	512	153	69
241	489	147	75
237	461	155	90
244	436	171	90
251	414	183	93
242	400	177	94
234	384	164	94
267	357	143	99
298	349	125	88
312	344	120	75
315	332	125	69
330	304	115	84
334	303	123	83
333	308	133	86
325	313	137	87
309	308	128	100
312	325	128	96
312	335	122	90
311	323	108	85
300	334	110	76
287	351	102	87
260	358	109	82
234	364	111	80
224	372	106	82
220	375	107	95
227	365	103	106
238	370	94	117
236	378	100	98
241	395	93	81
250	409	86	69
264	413	80	76
270	408	79	90
271	416	79	88
267	420	84	95
275	421	83	94
277	418	78	101
277	431	74	92
274	445	69	87
269	457	68	82
266	472	66	73
265	480	65	72
262	482	69	76
266	477	68	86
273	473	71	93
267	476	72	100
264	482	75	97
278	501	78	94
295	530	72	83
257	540	77	84
225	538	74	68
225	536	76	60
212	548	91	52
167	519	104	58
154	487	110	67
154	487	110	67
154	487	110	67
11	429	119	64
-6	415	114	67
-21	388	113	74
-21	388	113	74
-21	388	113	74
-21	388	113	74
-21	388	113	74
-21	388	113	74
