134.5,55.5,60,88
129.2833757675701,57.85381989609386,67.07493347386247,84.9091378662748
127.32557523398552,60.016174314431865,71.43113913836174,82.56858635343607
126.9547081555841,60.95876323437513,74.31821159205484,81.72080327558874
126.22270776499253,60.24143241653525,74.69251453540838,81.79409935455158
126.18975555164138,60.16508445495461,75.51773296271723,81.6940407086592
127.05601642801986,59.91019569026717,75.2136580988839,82.02547276641351
126.15756241830148,60.40470431865492,74.71707260902807,81.87230878827495
126.37070778175843,60.34873284415779,75.0477705267141,82.01989475605136
125.58682950256099,60.613248168331815,75.92324858073732,81.82076738247785
125.68782295816015,59.85444468469581,75.30823545589305,81.78946742740948
126.90800997483535,60.78872164567639,74.7523733701745,81.99706225384614
127.37714292032628,61.91880431761456,77.09278232011977,82.02606836726045
129.48907317416447,62.283634099407195,76.06592803802931,81.87332436582804
128.81762528571272,62.69616850249821,75.83694764668175,81.4936816064943
130.3400100650436,63.05047298796758,75.33478372652402,81.45837677612334
127.55422657490732,62.226825020965286,75.7320538508701,81.38203095693122
121.20773660914031,60.577566748527005,76.17072412816829,81.33857038236198
112.09270235426868,61.37150063690043,78.0004287157924,80.76060305632161
106.18976730780382,60.71752034690468,78.29922635999165,81.2558499536616
102.37770493222098,61.28882869202826,79.10097438309946,81.43340771905713
96.15312302665171,60.83608101223395,77.82590742794162,82.04166544398694
88.52344941814518,59.492116464830175,76.39499852618027,83.53613288222405
83.25191422651109,62.48455985261304,76.09823660354024,83.17976421121155
79.2167429585457,63.971054896291065,75.46770385718342,82.85347164506521
78.36552667042668,67.53802589400202,74.20629380303512,84.53725578489721
77.07402496604816,69.69866067058888,73.49168955149858,85.01722429172104
78.00999812723818,73.10465654372041,72.89795625325795,86.20088903578392
79.38875726457428,77.143602155049,71.27715839751579,87.20106654634209
79.35702872310273,82.63582925699487,70.58969721130148,88.25572729453775
80.76219839308592,87.22067697633207,72.16771884850795,86.48149103097317
83.47044492418772,88.20969571177432,73.79849751482,85.43468213817935
84.53023288884236,87.59373136502865,74.56590760273785,85.86033433144564
90.63941176017404,88.98469717710339,76.59206623275517,85.28069586487366
97.65215497410762,89.76765515940022,78.13269709157017,84.44299696561434
105.9098692910487,91.00159078786821,78.94462288884034,83.68748799810706
114.39539775176787,91.37548130954103,79.3623084143014,82.59068304638473
122.58507042967663,91.40328041979292,79.55647799683837,82.7237335861997
126.16977258985149,92.59895699027936,78.4653178857782,82.17293527863899
134.50149616621448,95.56937028080443,77.74902668550584,81.7605353447751
139.28353731117147,99.13492807349881,76.794310812523,81.08758445131141
142.31279710200272,102.67756383635921,77.81911232537342,79.328443792595
147.94254600998713,103.77626229347004,77.97700914746616,79.03364704755516
146.94762333974984,103.19334526269904,77.07276288180063,78.76815173955218
147.96865896002498,102.7809563016242,76.52425445882389,78.66018104596014
147.4209595937938,103.33995968978537,76.17980619879353,78.10571109243367
147.2340669661684,103.17628538303524,75.58348342181777,78.74866138263646
147.46141653972484,103.05293525819229,75.71267679894734,79.00903151242937
148.26007265601953,101.78467279375852,76.48036028436022,79.25468219851435
146.99045533953634,100.65121139653671,76.71665955546443,79.11573145589435
147.4106161236711,97.26913259743328,76.71986578107919,79.51692442397425
147.9238730228643,93.92269423217628,76.90359079704675,79.57492299591891
148.56507011462585,92.61961126606637,77.79241906187264,79.65929317847443
150.64875255156545,91.40365193197586,78.26152641318268,79.76878910381183
150.52705481094767,90.2464178809919,78.4265942162742,79.53216911106844
149.4982734832355,89.19509692379606,78.24178483571838,79.09089980681694
146.499544427214,88.20549699289296,78.07936517066175,79.35102780354136
138.27892740620513,85.43790179137542,77.59833511355839,79.98336662500294
128.3318322726512,80.59560809022805,77.36168126445529,80.7158017751004
120.06118857558181,78.75903894148752,77.7385056153812,81.5155062442276
110.38554171149781,78.01916655424347,78.56003135343688,81.60159190387805
105.68759636986252,76.9487544438357,79.23734083706148,81.47308943783447
94.9702020053872,76.20269014023168,79.44275181943011,81.944335796164
87.42144412477813,73.33592279568111,78.30989992012576,83.7378406257223
83.60571824617132,72.88115364531264,77.3458822025469,83.94416857260794
83.44310003222071,74.48855866244023,77.69974220020487,83.9428487860792
83.88445736884192,76.42532272967709,78.0331176100847,82.71323797376428
84.9472369459811,76.94451226396838,78.15515448127326,82.05850438009244
89.51026326267319,78.45416835889557,78.21290159154141,82.59401701933962
93.48488334456665,79.47318542900027,79.2327194645587,82.49922519060789
100.03769603799306,79.74538423116024,78.71275119745687,82.69854030954308
107.9538247201207,80.07957702901305,78.90706319965665,82.11724794044908
114.04528994027105,81.161707253163,79.68538401820607,81.12593656784803
117.02995269630907,81.38521512460402,78.14229608929043,80.38997833891827
121.60334338943386,80.1791335720014,79.89358027005744,80.76773573581052
126.43125515531098,79.46011628480774,79.84424305879881,80.80750041845894
132.31471036022123,79.59943630124273,80.73642650578984,79.79157644050534
135.71097163243738,80.19525771404406,79.62363676088756,79.72493385332125
136.58546848768566,80.31969704260264,78.68158825512579,79.12260471908084
138.04886428152554,81.06854767261567,76.95271675144565,78.80696358154474
139.11641017628637,84.64590194729297,75.70055255849309,79.10551402343157
139.87563017095766,89.34925864740524,74.7037239616485,79.56605011203759
142.8839543695595,94.01532071130842,73.76686520296411,80.09982888492702
140.85857541981073,98.23094970732589,75.13915964344677,79.46436061152002
139.04993772314472,100.09284929766181,76.0107780696157,78.68563479701334
134.91472750421875,100.29166605832876,76.5492382108368,78.61038989486394
125.77143033313921,100.57201857242033,77.51643748768825,78.81328146101444
118.75663626171429,100.86659429165587,76.99716508061132,78.81418328286975
110.94640419551368,102.6418547753219,77.20820824591051,79.12951872461056
105.0574585564244,101.55028564331182,77.86502580124971,79.66596483183903
103.5806989526655,98.64144791743847,78.09288253890361,81.14207610511895
100.72396663837443,89.2789287181485,78.21846417188027,80.27798600943616
99.54097112620832,82.68883070723322,78.23532909567234,80.02608650361782
99.58853724086987,80.17355969256991,79.64134246762184,79.30121881538463
101.81143703422973,79.27000919746312,80.92403466404421,78.86552553031439
105.62274320162715,79.31106073603885,81.75212022811411,78.74892846664574
106.94737583527544,78.63746451337414,81.53838562335416,79.20105339898612
114.26328227027433,78.29779680777722,80.0084165872797,80.10866150154901
122.13489476353818,77.2889522097148,79.95473055644047,81.01151901165397
129.15977163438606,77.76436055343102,80.5635995564439,80.45877054364482
137.0077329865384,77.49781734293236,79.51689159670713,80.79554797928962
141.34236619324284,76.8038203428964,79.45347540302481,79.44612690405941
141.8253066586997,75.22588251913331,78.21117158407054,78.46508591416496
144.5844563821639,75.91110178992378,76.57303366096113,79.75807496390786
149.40726834897958,83.15504268804446,75.62355955337958,79.415823050479
147.4873968441023,83.75512952887928,75.14439673275082,78.78127795700897
141.64890224620774,83.53756035835731,75.86825711384267,78.8021690236541
137.51953302245502,83.15899392276752,76.13466071866623,79.08424032919609
124.81289677530921,80.44041453636851,77.87519036932991,80.87979730107554
118.14344748972294,80.39367722835786,77.06008198249465,80.53924621223614
112.23609133192879,83.65260008716585,76.27038794127142,80.40853600029644
107.99485372398445,85.95763018046742,75.53487609661323,81.48664576990058
107.31366318032227,90.37417667849893,74.35712275400596,81.68803382242154
108.42939831981354,92.95528594204652,74.1379598804952,80.94681911383832
110.09687773212384,95.84379763976744,74.26448882595517,80.10616752168016
113.05555159763925,98.22624806172182,74.76848871302738,80.12743525305828
119.10527398675956,99.14327752032558,76.57954732223794,80.10962642168144
125.4050275012697,100.53649403205536,77.51534627008532,80.6889911563243
131.29284398991524,103.32000408999278,78.28447304316046,80.91050091334377
133.83280265302164,104.3881511522341,78.2909319071332,80.19107344897921
137.61612594482017,102.59647324789134,78.17930336705419,80.57367509201532
138.16932488182567,97.7035614109717,77.54286686804133,79.63234975614999
138.79063419065488,93.22618823491393,77.52248261870713,78.74769963151992
138.02990495446096,89.54297323053511,78.20620871642689,77.6385446564519
138.1041460340034,84.51823707674102,78.7671190453448,78.01713569267778
138.69195647340163,81.27449732239428,79.08195796631486,78.01339711131388
139.77179833255798,78.33395164385774,79.87980927645978,77.82809843085033
140.32662419626155,75.64769957780622,81.77620551314877,76.89724925332203
141.91519513851236,75.30925601380876,81.42552518222071,77.65611981349068
139.91837668224372,74.1260348087726,81.34612447039888,77.50787563909034
137.26622999466645,73.75388288188239,80.14815048486615,77.49319737092632
135.62172394627555,71.90300390070942,80.8908311760083,77.98676727632647
130.11938117778075,71.20577475620252,79.63797314915513,79.31719003048158
121.55853422476562,69.04849675950234,78.85026992994125,80.30624172090343
112.00068982156786,69.41986503498529,79.94858660498912,80.05028524715652
100.95653377624899,66.1505535884967,80.8398733965546,80.84623283572085
95.69322929806323,62.407811214738,79.87197360963998,81.75165233284154
88.77851764610051,63.23281700209429,77.11540791515233,82.83450394591887
87.43768379220269,69.1868215748306,75.23287045327024,83.21547623812936
86.576207013077,74.01449261975517,74.19717037077456,84.16025946108539
87.49322234932377,74.40847266377085,74.47677333094092,85.36463373889876
89.81562133611354,76.35545730500412,75.99812401992853,85.37361450487887
91.56496168674425,77.32068581053962,77.13289287311044,85.26859766218863
96.92092508481376,80.07069301597758,78.28019611847535,84.48767514355511
105.04684395579986,81.09508557727298,79.45492926883713,83.45793120157498
113.73561233470076,81.61222020875441,79.56026261296404,82.87708791226592
122.427951654698,81.93348886434826,79.73254312519121,82.9184370694887
129.13799612885163,83.06884856244542,79.86061568353685,82.48623605441315
130.07466635188385,83.02108217743708,79.82402228775771,81.3688673513845
132.582596078029,83.71815270622506,80.32567134224229,80.57285449338588
132.16308021567062,82.29584739071305,79.47519665540662,79.99618378667186
134.96404644591874,78.61936229987352,79.82201135296094,79.71248051788095
136.91520115942245,77.87085179376479,80.12420546217788,78.78243448870133
136.64320311256245,77.94693959911626,79.6453331610462,78.46899237228014
136.39677635839706,77.56091831533749,79.69550005200256,77.88157065207979
134.01126640657986,76.5260034723224,79.77181017780495,78.6700634345379
127.93332099280224,75.7016793488478,78.25437355937628,80.65271873605442
120.66368401980836,72.78321208638891,76.92611096056426,82.35084787156791
110.68117289832962,72.80105559634282,77.70987023355102,82.12831711370023
102.9398158009376,71.17279603927616,78.20082322075449,81.56330040210416
100.82507068635323,70.88321682798906,77.8790262756984,81.50685980753514
92.49522280080141,68.8796105357103,76.48037625212427,82.34471294652076
84.81918670779058,69.07959721944354,75.28557534549458,83.58269846329347
81.69649790290691,74.2521099254219,73.79192879296943,84.45201612232061
80.00867982851275,83.93084276814271,72.92634160649163,84.32945758714757
79.2253552871907,86.21800798703251,73.25167818532105,83.43711920335356
82.93679221668606,93.62325053127466,71.49446661499609,85.47207974780383
83.8941616458666,96.89869588012797,72.59249650205736,84.62920496882889
88.15485450547337,98.15554729832164,73.08135229132775,85.12083341028887
95.40100343278208,99.5705308583649,74.3670657587318,84.2187093840744
103.95663351591207,101.15409563640802,75.65971909039659,83.27518474551441
104.94379501742955,102.43687969218276,77.38305271883138,82.47469851644175
116.397259285143,101.76601958615579,76.20965804265742,83.32910396781071
125.73258081575723,101.88607105755779,76.26736848179516,83.87905391578431
134.27490091333217,101.32144230128861,75.33253907766091,83.74432984758842
137.98951130438834,100.16262736490813,75.52770842082322,82.4959490067721
140.72715633917136,97.82310834504307,74.98664581784047,81.6368863270503
141.88498707525363,95.52388519857779,74.40247769951958,81.42479671223552
142.7159367966214,93.82998303670274,75.24398835772092,81.17052621260608
143.19119358650505,90.30797980793183,74.06909045519114,80.90779286301901
144.3936731610363,84.82568491190189,74.31188239903938,80.66900588505936
145.19826678568847,80.94673762312236,76.80682494099483,78.88371427487428
148.27719169443677,79.29130926216959,77.22777770910004,79.16199372054997
149.06081526105984,78.81390398589967,77.71834112082155,79.07021692510548
148.46626766574582,78.70405264439106,77.89716857692204,78.5638059907025
147.3537068180524,77.75825454203999,77.3352924772039,79.0953763126837
142.4198900877522,77.09268048774739,77.7388813668814,78.52974321513793
136.71582867051427,75.84187190233206,78.6090374731468,78.3602018337988
128.49299975853054,72.70680854679999,79.03456132494631,78.91421831537073
124.57666348191434,72.85679394160638,79.63707936386598,79.42187055451313
120.09944635199975,70.67235936578666,77.68843268344857,78.99177854358544
112.30876901695964,70.80526191775283,78.30815653230076,78.9141139809682
106.2134237993252,68.59329815392678,78.51540942942266,79.76561709684658
100.85764877346956,67.52033022573622,78.39482809533072,80.7135917420232
97.1094164657884,66.88936635898271,78.71551956692473,81.45573514420849
91.56581047283635,66.6437798003261,78.06108669351488,81.3754447958311
85.04955091240984,65.70599751658642,77.12872582474387,81.5391278449465
82.39059733904965,66.77607506112052,74.78078280895815,82.79123473784242
82.49963190629346,69.69123114751345,72.78033738510285,83.82012638051677
83.83619812253099,74.6975330806685,70.74937138834633,85.1310117033546
81.99110386492411,77.15779452723845,71.51670047324697,84.38180543390246
81.44858230699118,81.64037588143768,71.67725397176511,84.03653770688828
83.3332734350319,82.70490246909178,72.61443900312875,84.89389514940845
88.14721720137626,84.93053096806369,74.56612796274959,85.29330658179299
93.35923405082497,85.29309826591128,76.10475123864467,85.40905619477701
99.0077740686442,84.6588870566135,77.35767425476402,85.53856414746835
101.59426528344497,85.08685711197823,79.46737090612562,84.25799449748754
110.46327393336632,85.3421513254051,80.22989720064325,83.48706257860273
119.09866290854201,84.94393172206293,79.929515292162,83.92467997599523
126.05466421681324,85.51556562590446,80.11101758132023,83.55865107374201
130.4619379058969,87.91325445220042,80.40646127676133,82.06837576947771
135.13583030999175,89.76314238408305,79.42244504614729,81.58155395005448
135.29717209375804,88.80868144321444,79.57754769177427,80.6046540124863
135.86132163884616,88.27659266981667,78.6334950522606,80.12694999800254
136.91064220321908,86.40577865240716,78.12808274050086,79.51398666319264
136.2129035102733,81.56615339601113,77.97865160283285,77.72028910164389
138.2930148478638,80.17867495937602,78.96491282581471,78.68835572566176
139.83158701239222,80.16757971262511,78.58147596288336,78.99402072411127
139.40464247467136,80.30965540908429,78.06501741926839,79.15867737538808
136.26932843752203,79.85749021595952,77.15038901239637,79.38844858566947
132.40011132272056,77.59902405477054,76.90779993038433,80.61788624862359
124.42339309054677,75.86410869379331,77.02398187050095,82.04774991048893
115.3723315506732,74.15659167810264,76.95250761443268,81.62794507468277
112.27545989720184,74.83154687017992,79.01552458394254,80.7415132855466
105.24195082360833,75.19382712206075,79.15574867900551,80.73466715108196
100.50037483810277,75.09550076539487,78.56543339537797,80.3853183704829
95.366884450333,74.89932658721978,78.3943848816719,80.73731891972375
93.03815663913639,73.90831178195046,78.06600828970967,81.0165610117611
90.05909802506707,73.86703541388276,77.3551082029374,81.62737707835609
89.9848773768791,73.11892352080771,76.78992526034547,82.11415817747158
90.2411482578081,73.05567315120118,77.17608242445941,81.89365801975397
91.29098400413733,73.20753301400973,77.01072649404922,81.96904809399878
92.78839207931635,74.22052380630171,78.09721489386206,81.41449073140728
97.68442920132746,75.20841993376429,78.68369404034277,81.47011966102193
101.60956110424897,76.12424868328479,79.06923288495143,81.05451545711642
103.59373999129738,76.14752456170496,79.98467466377208,80.8516583722646
109.119879418081,75.8818943446516,81.16501700313697,80.53605774193724
115.24815585182772,74.48815031158904,80.94448346089987,81.75335418628197
120.90444718577876,74.19125109839123,81.50701046554417,81.99623384284115
128.29053511279722,74.2388432846886,81.38929837951267,81.81475093746243
133.27033049194037,75.09973655725067,81.60973844398023,81.42287216726353
133.85248982226477,75.0482490207088,80.48442444819958,80.85051320399701
137.0826462074532,77.52368894452135,79.0790938631865,81.2151464903746
137.51821939643622,84.80495261720385,78.3459449634671,81.70878293285139
141.00879230021425,94.03688840433125,78.00303377123699,82.38357560420206
139.75951373226667,97.81903430718162,77.95638984397598,81.21093638257724
137.01282430183034,98.27446405588174,78.06702868409675,80.05597892220152
133.09829260229668,98.3385506182033,78.92995372027949,79.87972242141899
124.46824560940235,100.75873033441476,79.50787111610236,79.18757685236885
114.46060210478153,102.36533138083936,79.00311189121314,78.9709038618451
102.25634100065977,101.78364162139363,80.14435161349472,79.97655748032497
97.61799431462393,101.30919964161816,78.00047270468262,81.27324398947651
98.52448152853657,100.15197387140053,76.60317656937025,82.038603594754
97.08485337318463,93.28939536200897,75.54504088369046,82.48788266096142
94.8520996340188,89.70271419972883,76.08551598477908,82.04497635072558
93.67426176711182,86.73405809382876,77.05774347545187,81.76095172094244
93.7364994571981,83.32855069963921,77.34092387082634,81.60641847083889
92.92565386908105,81.00436301064704,77.40192500170369,81.89907714350096
92.73197543174444,79.33312337324298,77.59576301424863,81.90785528458103
92.44690615425259,76.1237753934331,78.4394383407682,81.37797765487586
92.85774607922863,74.77209806450468,78.45693001963234,81.73874531856157
97.06564961421294,73.9340652205416,77.50787929350528,82.00632809728515
101.27824407903218,74.0491853075896,79.06134808633996,80.62042955889319
105.17702513489257,73.65183383428824,80.48209919178225,79.81557534416473
108.74435747279777,72.9180182855828,80.94798612119646,79.7910896326843
116.81586389906279,70.83081228503238,80.91211667076604,80.89257439722813
124.2186643994996,68.97639534016147,79.99176194674789,82.5082350215128
129.0047421275995,68.32048423862716,80.41661386054318,82.23961646492262
133.5368008773285,69.9945199848911,80.19644472534306,81.9074935064066
135.49690292568627,70.55778157018877,79.86192278232927,81.02745604595529
138.31817162863035,71.01744867110978,79.49034093903262,80.64832195836345
138.70917175174026,71.50886413780624,79.57138179569901,79.75371939223956
141.5122526303562,70.86018141437174,79.23544747071816,79.19014128327665
139.9909483736156,69.04178317198024,79.22595818680551,78.37294826229183
140.74015698545824,68.4755259395718,79.48726176542738,79.07040714339328
142.19018082114184,68.30702621828974,79.56134949292492,79.95851923778235
143.54139108749246,68.86589756827686,79.10104779567294,80.07879755392902
141.12067455433902,67.68451753305348,79.08828479035506,80.27283523324725
139.29178259675746,66.14279240099866,78.57957385917416,80.79364459197663
136.43580889615973,66.41089613440548,76.5124699565061,82.40576018424503
130.72392482162053,65.82653129386586,77.37032013683447,82.13153604032732
125.98164775546057,65.78842520578195,77.3043018738297,82.45244294117411
119.49730046505533,65.2194689532263,75.80546906511383,83.23623033399028
108.72632491185497,64.65246502077672,77.22299046875574,83.09420813526029
102.52426286149588,65.27390898330792,77.43457821540896,83.26008802960249
94.98107198345733,65.1199294044674,76.88740265184498,84.33616634364415
90.13770956135804,63.688813391728885,76.60541564301623,84.02388502912484
88.67415626991759,63.93785137741439,75.6902497058318,83.87028653244332
84.41443228008029,63.157220302571815,75.87372489955669,82.93403610316423
82.12400065016746,60.345037289621374,74.56335996037723,82.51903874481829
79.63348505268604,60.28374095767796,72.79652500162304,82.8616403631109
81.67869074573576,59.61644338036669,72.71695021678089,83.01445660995756
80.53528600094452,60.10312095104844,72.95735987459152,83.09876884320497
82.60257394930963,60.18342288856991,73.05787566411011,83.20089869585559
82.85154067559792,62.40423998987057,73.04574471297357,82.08893206146105
85.51838918861938,63.03177703002024,75.02894364869212,81.67079916377509
89.82851965359912,63.07170892123,76.82682694480687,81.1267056188014
99.05784211951078,63.92566017257795,77.83777696842787,80.77560855986923
109.49780141193979,63.39363892303524,78.4431546329595,80.0594967115349
112.90381014407123,61.72851049506334,79.29324511318514,79.9273512237287
123.01661278544272,61.37233900402236,78.84128332409452,80.10459732203687
131.08224190213363,62.577981398293296,79.08409048988261,80.18338692962841
136.43375736337225,63.64359060204822,79.27651874251521,80.53699818634891
138.85278818325776,66.32338616410033,77.83341845986095,81.47985438127547
139.72401013251914,76.61061163770825,76.07345675996399,81.87551909568072
144.66060302466929,82.33937413666062,73.1608775506759,83.86471612841561
144.82012450821304,95.60759744292712,73.27126262456963,82.1469874724256
142.95593795778598,104.39864471813917,72.53152993242455,80.2372285466963
138.808351533005,106.14931345458324,73.48620481140543,78.94494506703327
130.87415428123273,109.75076149123828,74.41938431861205,78.7720930725501
124.24056153255081,109.52437423090542,75.14508593688655,78.47109920875917
110.55032349226101,109.85744690647553,77.41546603968293,78.41995863552728
97.59173537752712,109.74222495804922,78.73985548021031,79.21660171584395
86.11135622622427,110.63704602506766,78.7701080302525,79.53866226239482
79.27512041108531,108.2511653241521,76.26814309131657,80.29453115858021
75.62420744365299,99.27698847269085,75.53697380218219,79.9050743451453
75.75525372413159,95.4692591563313,73.77904760589479,81.16241396693908
77.59116466902506,85.25938200235557,72.9644735455451,81.06025856114545
77.56656936247902,81.76323482481367,73.98863610869138,81.74567816418457
79.44868458969029,78.28738740194902,75.16426313717898,82.98052129864068
83.69415508848984,75.77038490694119,77.27505534728252,83.8700613190213
91.9638898188933,74.70924738873833,78.5297066750498,82.92793663618876
96.15409906065196,74.30661063661876,79.99834729645194,82.53983610268527
107.35700751377823,74.88657858305835,80.33761706012126,81.77165936698688
119.8658151727044,74.32425023664896,79.77312102022302,83.06146075663736
129.80967043343068,76.88947968568442,80.85903949657319,81.93803329930132
138.0399676450212,76.66598612183509,81.10432428481795,80.27724593092147
143.66686174032967,75.9201580375406,80.48512338210385,80.33782843389154
144.9999026474495,75.6573229012454,79.76723237616038,80.12970574583821
145.71896582865088,76.08911120651791,78.10376734612643,81.86176001946369
146.57571038281512,84.06036202215955,77.35775621507382,83.11997822155445
147.34900407461288,92.6952107452901,77.23915497649782,82.97529603408242
144.66987155612566,94.47472451826167,77.75920943073915,81.47795214292444
137.02983162120285,95.92796150381584,77.37266904606815,81.22177080678009
133.22434112933405,96.90180931068377,77.85155993810044,80.69454853021766
121.16626595442885,96.25716239253302,79.48286226544988,81.35539858895801
111.20025933575711,96.22234591365235,79.82487535020547,81.29584537840631
103.30918562853766,97.4998026450636,80.2691226029012,80.66975586349032
99.90133625616774,96.95976079561692,78.88498270933539,80.60063018223383
98.57085928631398,95.99392879747512,78.28410441179926,80.80963828614529
96.0534301128803,91.45386389902323,77.53643912661704,81.37908883805395
95.23789986304787,87.37250775235691,76.66025027096575,81.2304302817772
96.85655753739346,84.36900201173538,76.00893870263957,81.35551188860012
99.0933088304364,81.20792928576986,75.50445266852513,81.03967449522476
102.37794840708175,78.15803272451922,75.83366442099614,81.05126657173606
103.44990406055533,75.36613685850774,77.08311873561576,81.06187238304366
110.18280827606011,76.06126566183902,77.84323002811692,80.6066531045519
118.39436084759237,74.06199755968578,78.65478789469599,80.86846517059848
129.53792864359139,74.21408023837418,78.88994920821548,81.31221669049143
136.7203636121317,73.54225607447913,79.15511848622275,80.23541170826871
140.68337538649902,73.13384376072568,78.08109183613925,79.42180086900925
142.79753086847066,73.54672861855038,77.16831832489375,79.64255150572345
145.0989423863636,76.49865397255415,74.78421572520406,81.75518887297224
143.88845225008558,83.44434357339351,75.15535077910164,80.7729006670821
138.22342830100794,85.07710454167233,77.50419369068464,79.7820169064888
130.82720491827706,85.02424829374448,77.55382543844624,80.4330719073227
122.4765785752738,84.85620831727591,77.7817180628072,81.11918073274975
118.21461528946023,85.35204046640796,77.19269240207353,81.36079554348683
106.87520107319467,79.58146788731247,76.74757178370132,83.95041119880915
98.75931941246215,79.58371977704275,76.76657227252477,83.9717488864311
91.64312640163315,79.135293710159,76.89140385845278,84.0296744664724
88.01330568240377,78.86637716755845,76.65545937848503,83.44785611486776
84.46078318896903,77.95284338807345,76.60000956097218,84.25863598939716
83.38990614961766,79.27683999596965,74.7506978990896,84.34782229135072
83.90510446932743,81.58350815661001,73.1437361728285,86.7959650617143
85.68557652834957,86.57596146956976,73.2007701507925,85.74721756970592
85.92954579097722,87.24610337784473,73.84101141412668,86.27047750201157
91.62731162163385,89.04251091916117,75.20423734406097,85.58525876909488
92.99384442425335,90.53484441686282,76.22849405022335,85.17049443215409
100.69772057159327,89.05766126013,77.45609865861968,85.73147938842675
110.12056481910355,90.88058994858045,76.86212677736864,85.14314407001278
118.91058388715811,90.81405157671279,76.91777360830052,85.07183145022083
128.56212762273645,91.1810299585375,76.24349892706084,85.40783432707434
135.25905119338614,92.1159092914319,76.61021563616428,84.34729162417233
134.7229997460685,91.65051856647182,76.29361029696626,83.09442281888926
139.65169528538365,89.44435078932563,75.81930637653912,82.11929194251756
138.07726211681302,85.75274263497319,76.53636042730338,80.73253354266532
141.0939847146654,83.38236332919152,77.70408567608715,79.38153104201554
141.82308695006122,82.89477198356585,78.98945177147291,78.51303358991055
139.90850183161456,81.54658172920631,78.862174883885,78.44643697536914
138.2234669525684,81.23927409039023,78.71429363031963,78.49178498005207
132.9511864318431,77.82238982905001,77.57755355482684,79.55980786293148
123.08460488797087,74.8079317964249,78.89080430431449,80.1517293755694
113.7119145780583,74.85259854549604,79.14575409223043,79.73023787815
104.19613299175873,73.6227098920241,81.12295973614306,79.71867023727893
94.04302670556562,72.6881378601861,80.5611837221035,80.85387060016453
91.23714094019901,71.07015999889862,78.85306809158183,81.13068792933741
84.47421685352607,68.1343206829213,78.32916402951511,81.72936727464042
78.62088692672963,67.55174741947364,77.15507036595713,81.56293959995187
77.68958735615747,67.9979430206256,74.6822560511383,83.04901405011378
77.3136176894796,70.41420810168313,72.87912569951175,83.95561343130316
78.24642197704722,73.51337802410936,73.45977495404264,85.06276932543386
77.4060461690717,74.80040604426787,75.11332784181971,84.98028995671719
81.07143139137588,79.04282004192808,76.09538736852481,85.4018712250076
87.00360354671497,81.39249638391217,77.67807407896481,85.40200384301083
94.4296726550141,83.1912085294713,79.19678356439292,85.15239601917776
103.65588763345563,85.90999598113868,80.26464207491708,83.60904623638743
109.16893710591914,86.13580811526317,80.90677127940413,82.00593867079041
119.58561299478589,85.7109908889732,80.30470841158274,81.61037213173981
129.9839488234149,86.2938768026955,80.24821200151712,81.64198919170062
139.9207608234707,89.39363677278492,80.95224951568778,80.59778369701738
142.12178119775803,88.5912118043959,80.7875506479114,80.05476166266506
144.47791818710422,88.0576841111606,78.66788535948085,80.00714677249381
148.68276894720492,89.93852667625909,77.55902993913301,80.14184659674933
147.9073228311207,89.83907227439187,77.78672969407518,79.7648839924981
146.70633727649158,87.88325103730101,78.56817794662109,78.59212199814343
144.5605377862228,85.01380815193738,78.38615698926189,78.66571884369976
137.87488405335972,81.97443373317462,78.89765839419701,79.04271120386935
131.2259546582186,77.42401813054688,80.62670767520196,79.08401310462042
124.14023292593998,74.81324167083349,80.86581051781093,79.90354127810605
114.2387602096454,70.52408585174575,80.4047655481784,80.41597214082987
107.8217228431382,69.56273990066774,80.77342814130023,79.89575766328619
100.28197344945931,68.55035854553739,81.09217138971756,79.96020884152632
92.02786499870075,66.57274215049132,80.89974475180598,81.3467541926536
86.0639954743416,64.74574107747037,79.08155789720401,81.93299801693344
83.2871975254324,64.06640051236276,78.1388235337919,82.28535735931447
80.96539591207458,64.03134108994226,76.58701364786717,82.00674525260786
81.68924130188005,66.1653719227809,75.87782340374437,82.16052759251528
83.28002968058333,71.40851009695184,75.14168145506889,82.76193015347516
85.02340638130393,72.82269820823738,76.32293018222876,84.21103119530838
89.90472384694458,77.02382269787005,77.31122412973164,84.9378534516998
93.32327922819638,77.5966596241516,77.28574933829736,83.92717650505958
100.74052812617262,81.10432376598447,77.87586358763298,83.55240551051736
108.95645136044453,83.738571842782,78.33839578119853,82.9711389902536
118.40237245244488,84.4651725925168,78.84161890481502,82.82867080911288
126.51268109521384,84.55519475601682,80.78391398805152,82.56155372969671
131.51851043646565,86.97447660408221,81.37733877112407,81.24864673370018
139.60483157450952,86.4182937649822,81.61234267423553,80.87719030458514
145.24521057614152,86.2855200476273,81.67541764063708,80.85748621127028
146.04388334554898,86.09109681961696,80.59216931556725,80.33535709184386
146.83546733161455,86.84716416994294,79.89399811524858,80.1003495379128
147.66340596509343,84.51165402136857,78.8983896914648,79.27796115509938
147.2956209270776,82.35629119525775,78.66220956770165,78.64853940741867
148.87245559383902,79.45051713634443,78.61480053386147,78.39623616873897
149.22173489813866,77.31480774615329,78.72079132130025,77.91747661202407
148.9760060506543,75.7569796826134,78.34848806808782,78.16762322906357
149.04919039862048,73.04338027584177,76.62386491086698,78.22514497580386
150.12466708993088,69.4901235288581,75.36219697345952,80.0027896038044
148.53278426568122,67.68191168704149,75.26983361461936,80.78328437050646
149.37229149954058,67.50378473637018,74.74103632238433,80.97646215421432
150.79582386571929,68.08239681305218,74.36073270224009,80.87095301721536
150.62614798190606,67.48389843344341,73.65740241820785,81.47754967667858
146.028886099842,63.80217382599024,73.31873068673056,81.87128091215376
144.72651419485052,62.18251176610423,73.59603208910545,81.7491422004286
145.02076341211205,62.28998076081608,73.96269838513129,81.90332427240244
145.22243533587655,63.213299085898385,73.9102521775921,81.30893841283384
145.41384857544966,63.538173936636774,72.91700582902294,81.53146084518427
145.5039252005944,62.60997293211911,72.95656616232209,81.93808429739586
143.69693535033687,62.01075157288097,73.09229917399439,82.09629197330013
143.71195993242677,61.5687762834218,73.8677080190576,81.6109042782164
143.8917738042136,60.415436917219566,74.86625674528676,80.9191637258003
146.3081422212469,61.212726416733716,75.72701232378736,80.17570084758728
144.91421909661588,63.66855467207996,77.14681491193181,78.07733684025172
144.51239154016025,63.40269132552942,78.24132266094196,77.31476416926284
144.09967210696675,62.632820283583214,79.10816380020903,76.88241517439701
143.1755307492552,63.18861576468488,79.25435088784744,76.70393391287345
142.99878278646833,62.344670096692425,79.08148165247904,76.94758086409274
142.79154565697195,62.21656294875545,78.86660840828657,77.35790009310935
142.1820178605967,61.80516164746055,76.97350093417303,78.5864690040068
142.77962373912897,60.75613144254744,76.17019192187855,80.00876121725022
144.56604593180407,60.93771445330853,74.697172918761,80.13232571168493
144.07742298795222,60.98167682957788,74.40438365879777,80.57035526527187
143.58357363753856,60.943955939852685,73.88713851196883,80.83552417227429
143.62634896867456,60.853700529865876,74.0133584140145,80.98788812553892
144.21474700659536,60.95888697052383,73.40226048499298,81.00033521328105
144.27822774309647,60.62686498323876,73.43458664350247,81.21841461303734
144.74989333166246,60.37540155357153,73.6264488143014,81.60848689477085
144.6946474875388,60.358298513853754,73.29632201733641,81.8568260729279
144.01640867408213,60.49714319457958,73.31433264233478,81.52083484169643
143.46391874797132,60.79108741534535,74.09011791900824,80.32338728141717
145.18907563253163,60.83964022974412,75.92801597239733,79.7054855920575
143.99654452139106,62.70626864108831,77.77389821392362,77.82247758299827
143.97743820072566,62.3740449181295,78.51351298299724,77.63328119432498
143.74086577709596,62.154423268086205,78.83369761921804,77.47004050660334
143.38119394472187,63.40800848161995,79.19443938601123,76.94859142925203
144.08650738517485,63.06152141411229,79.08947668681459,76.9868961602375
