253.5,66.5,23,28
250.20234220910655,66.56613737001148,23.04381859921244,28.027877099233347
248.63410861580766,67.13477258258672,22.990738962308647,28.34339228523549
245.60679305665838,68.2444343926521,22.96465728534962,28.013881969052193
241.09356077558814,68.58501518507335,23.805986006120463,27.746913150160843
238.53209629041365,69.64132623168814,23.619959783903546,27.834863547623392
237.09159265442216,69.42869987695639,23.35823181304287,27.4772937077438
235.4961526801188,69.5661052679852,23.21868483026838,27.378685133489903
232.94520302602282,69.19637211006668,23.4081190429403,27.753806763057195
231.63421873624372,67.34300357411385,22.905552300309207,28.721744024553285
230.94712071018762,65.95958938449354,22.94478216971264,29.237735554581253
231.23108897192412,66.69452698743824,23.394148874617954,28.750087137689526
230.43139217651978,65.46394665763354,23.533921989657582,28.793152685451986
230.38178159459747,64.27319541161876,23.591467552347638,29.04725454080858
229.1072161222711,64.48242105516144,23.638964376059228,29.18479353244407
229.41884729265783,64.08271187215308,23.6147142909544,29.305950320377747
228.69460132366152,65.38986429580899,23.776682767605188,29.113389819684585
229.54663449578103,65.07087361899492,24.282299603221453,29.21196433727985
228.5465200962061,64.15503449475511,24.185535194439794,29.477283423428837
229.6254988743371,64.13178561400304,24.90213417962071,30.104080860397616
227.96552872699502,63.50676031920911,24.58926388165352,30.3316280739784
227.958224063984,63.66796142305756,25.31249995480685,30.344396433317165
228.1802482542505,63.429369326073754,25.913286545701794,30.41145650418833
227.19692034179,62.11745559731074,26.083602739542176,30.465605655134766
226.72534486743047,61.6429134724459,26.49044408838482,30.56644428413691
225.491494895767,60.334259370869376,26.5869427549326,30.710515688049835
223.46220599288011,58.095021361061335,27.29092585321733,30.919480961663723
222.7548104129438,56.87411866592287,27.51074020644933,31.33323259141208
220.78855089871098,56.04980137842955,27.73662495184922,31.898704381822313
219.16043263605405,54.140770433129376,27.348578182485326,33.419598255988944
217.93288382483104,53.16665128557724,27.88777712424439,34.6624449056617
215.74267189420547,52.62596076511382,29.01610814720818,35.512396652836834
213.1820308710952,52.33833188006951,29.395342883553212,35.73374263565394
210.41738383581884,52.85943535683047,29.77990352515086,35.375352711131356
209.36080842374713,52.916172574522264,29.78078518616258,35.818645143385396
208.18405663064087,54.28282654918665,30.56846342924306,35.78632500991356
207.4226071597177,54.49948326400354,31.255582704188754,36.2432433684382
205.40284855775826,54.56488620717694,31.95570033192052,36.41597827813288
204.1452405360866,54.90199201911395,32.68128381644124,36.57332273603071
201.99927807250432,55.511684695449404,33.199730712447305,36.72000991887464
199.36535833927485,55.405764140678045,33.30874096671758,36.8877255683291
197.25229834283712,54.42562325668305,32.9341920524275,37.31282545632183
194.30889676344498,53.44674819986805,32.5841587778011,37.437832878911806
191.2521411238755,52.55463684926624,32.50360162508579,37.821987893080816
189.29417378368936,51.48489653707319,32.327904892951985,38.45074635712756
189.12217482184548,49.247586333729096,32.472421076045876,39.26431262944685
188.13767309619178,47.52088647095229,32.67771247882269,40.049237442357025
187.58097201127194,45.00932539266384,32.81228466876579,40.89171317940879
187.2093529090245,43.34160957860187,32.96838934645863,41.39640173311561
184.34927235668283,42.819549897835174,33.43732545648252,40.64356491312282
184.6997856654564,42.930374923703525,33.998272100768574,40.42107918889954
184.51244292992206,42.37965304286185,33.87898482331927,40.710870290213016
184.79667683534979,42.468037325665684,34.19908559261444,40.937933981399325
184.11455919336692,42.853977677423195,34.42568624160857,41.220315439139185
183.8738593263732,43.872374435924705,34.44258119721083,41.6040548639544
184.91756515161347,44.95253677231811,34.88190103781915,41.62962110417723
185.17643434162125,45.76611914122416,35.416952226704694,42.16256183320779
185.13415876984652,46.97494901740437,35.644307218043885,42.43775696213399
184.34211950053182,45.87288812779101,36.141386817159116,44.21287982401948
184.96544301904828,45.09762685979338,36.860230717359144,46.04676778846246
184.10743677611413,43.093771579399714,37.85343668991799,48.01825350717825
183.16608541985232,42.22291129598028,38.950395152620914,49.54365954960496
183.14108452663575,41.25464092058161,39.4997879882007,50.83997053880182
183.20579093300267,39.47977070428212,40.16353048800502,52.41613812117344
182.77931000277064,37.78327012783949,41.21624992445785,53.876053474841484
182.23991442052878,36.511079881871765,41.98157781827736,54.56375929560383
181.28775391729158,34.89544587453198,42.71878301721847,55.45575767222188
179.37540065508426,34.36572702388369,43.34439095459696,55.576064232809536
178.43653097972225,32.75660977199185,43.472569710762315,56.35635408594319
177.4618196325957,33.643731659715534,44.07777033622877,56.51760246843192
175.93523933706234,33.610741021486845,44.5148341922949,56.72166820121388
173.5341559468572,33.77717653804576,44.63835440822152,56.81189179833744
171.76289594441675,34.9058006677963,45.01244956836055,56.46511247480285
170.46350815088613,35.99011130627095,45.18545987946665,56.10209637096452
168.37510801383235,36.46478922345558,44.68599062232418,55.59593519415941
166.24888809978495,37.703099618433676,44.12208666608669,54.99022850580387
165.2435828038556,38.4165153788652,44.199356350848575,54.52037918031817
163.4032387027717,38.47291361481886,44.01766023371097,54.262896039299605
163.4843182028642,37.20682002397976,44.26063698429651,54.11039846755983
161.20316018999085,37.16769456228998,44.14334275766282,53.64483318209997
159.74736844509368,34.731142299418316,44.32209453091971,54.483534383716105
158.3101837718633,34.95559141590152,44.30095558804325,53.528790782841206
156.09689392736857,33.89114151749761,44.4573498064517,53.31796889996154
154.6638708571017,33.77659365509545,44.66800353861446,52.63770016286704
152.95098231394212,33.73357797584608,44.30050050026934,52.21894574522749
151.08380939317982,34.57360925676713,45.029171741192755,51.418751154328845
149.23398418682333,34.48732969664249,45.28206507573493,51.85084081885912
145.56654989524438,35.32825642684645,45.78618939238281,52.135545099616365
141.42578831323047,36.01599738849239,46.66301752238355,52.40042830007327
134.73907771803746,36.77277646572686,47.6376597973643,52.8518215415928
131.1779634332423,37.86388976110551,48.37762566019802,53.34731907383659
126.4393765226327,39.25761707489162,50.11040899374633,54.2134947029172
122.08675573396155,41.672455948150684,50.93498145411474,54.85366892707168
116.87157709390434,41.806117576647985,51.116766384680844,56.396774647089714
111.41256146199237,42.7057416764965,51.68063733966687,57.1833108826649
105.816042946131,44.18456211613271,52.32269475713177,58.23158039996841
99.1306242310448,43.335740646487025,53.27810307200878,59.60735161155478
93.38684908187638,43.59986270395483,54.28263163420061,59.90263828980918
87.98560422285536,42.815215456695825,55.08459778504296,60.34291984201304
84.25305817732458,43.271096176585786,55.3414026370298,60.41919038560865
80.45791100887791,42.727158218191406,56.054254613998815,62.08346199283856
77.904677563243,41.76878573250173,56.07679196654183,63.62411029835867
77.01001307197862,41.62141402774385,56.27684499291672,64.46462393578352
76.05832065703453,41.82154564530989,58.26864528905391,64.48703178028707
74.4394769089527,41.28165233082753,60.083068996994285,64.17883353738748
73.65313062920853,44.38465506122506,62.05100448594123,64.35165135692688
70.13395503799521,45.43049295873745,64.10919304782345,63.92349089126306
69.37973689587724,47.86560033588038,64.5704757399497,63.86779601917935
68.43865054358842,50.150638366554574,64.76441518818731,64.21383142709976
68.76223551627649,52.3340502069037,64.40543632290456,64.85693931073257
70.64579174828144,55.37908373771459,63.98130376688417,64.68918307827339
70.91795562043359,56.04006563638958,62.79316205487511,65.22624344798426
72.7920124699854,58.15191673361213,61.76152503461975,64.2255539393149
73.38271593967295,61.564570802579915,60.95807311471867,63.16594232695307
74.62239423250264,62.937075617632544,60.41103307073105,62.73541586258877
76.60290151345083,63.469281112154476,59.40372095863325,62.20266984108184
78.11890521345359,63.93268410172409,59.15526048321878,61.46719733467133
81.11991619476876,64.70936209100438,59.17578242775399,60.878878821206285
84.33450464778963,64.62712487546189,58.047353869948324,60.67743729817827
87.56000586685317,64.23102610493362,57.13400869271602,60.6390794598441
89.07485521067835,62.8435268257372,57.150958745834075,59.44066407399254
92.76180825905594,62.19562691088028,56.151232012329636,58.59926426343233
95.46156725593414,61.07349478657845,54.37409475206323,57.928010228191994
96.74170635228803,61.5228733384962,53.31873203520078,56.97068623742484
99.28834982845089,60.97702892033382,52.06759291002349,56.37674165280537
100.41606976290105,61.402351887638524,51.37576705193405,55.447027973881305
102.44316583376215,61.747146655088386,50.565536482858946,54.552743854969556
104.54591887686951,63.15114264174578,49.81098316497004,54.163564871843356
106.93503860622694,63.81418366899184,49.49669529393216,53.75879312294664
107.62029320894133,64.78520869896825,48.969349459589495,53.71399705316716
109.27431646417402,66.46235343759855,48.713866378002905,53.533018332589904
109.40613358308873,66.37009375377963,48.794777504553366,52.79102253823662
110.99641955481341,66.09555390099783,48.57705327075976,52.066860247035095
112.15895082952585,64.35972802527937,48.179912016500914,52.11948586207371
113.24490776017913,63.54371067408205,47.96523301466091,52.21547966233057
113.31827437140811,60.82090512036217,48.54119705019855,52.51603595257063
112.25247005829215,58.41244857753663,49.57839442250132,52.86989676542508
112.14489189671055,56.4179389359447,50.32331813973039,53.28304863413446
112.37432334448351,53.36480556615867,51.00126399719808,53.77530647020309
112.5583296711084,51.7559696645041,51.44298407910533,54.20651763546597
110.22549551427971,51.87319121909242,51.36725119723657,54.51931734655224
107.73162281446204,51.196410668219805,50.81451836734918,54.383922235300034
106.1735504906711,51.47596684004173,49.97608866838871,54.400384230092314
104.47631887187198,51.657623307452454,49.15503390824526,54.662939556131306
104.02275477673183,52.19336919568882,47.91187065565447,54.73320204925849
104.1189753124574,52.568433960219025,46.90632221287308,54.478051395119884
100.5760468704191,53.50864444450487,46.31991738201434,53.87327317919559
97.12554935879308,54.472359129006264,45.45439810396637,53.416218632809375
93.60049304951437,54.01212101394833,44.84591754472837,53.092115905367564
87.60842811530394,54.45169749784816,44.63625793103253,52.41443027279207
82.32731311225139,55.02041713356971,44.531242072269464,51.8493384039216
76.7419181460296,56.607992302395786,44.55733672273061,51.34416549279837
71.4453100468584,57.21584017257545,44.703370265738556,51.166255640157246
67.74089177809523,58.20991055009909,44.57879577726392,51.525202983635964
65.00180906287687,57.420127257087984,44.44538655788984,52.268501085065736
62.93364621032303,56.34424602816885,44.02377082622994,52.80156125046169
64.02725244649477,56.28137201111327,43.66037560699924,52.77809622383619
65.5705911134607,55.43969351268305,42.924227705364146,52.836849472375086
68.32863758689172,55.1793826882982,42.257870495349046,52.93169773895791
72.45751406446567,53.97280443548494,42.138021707376424,52.663221964234694
75.85725313405806,53.8406535392017,41.783099327621585,51.898322368442095
79.77806402660582,54.578952592077556,41.922033076888866,51.744917097544516
83.98080747188155,53.970314967943054,42.36065858257764,51.52448229904534
88.00731864584321,54.561996728184695,42.62387463797461,51.42878576693485
92.98793061250193,54.52983132418976,42.85426867035543,52.04168899599863
97.79579237329153,54.005855124599435,43.19623348038022,52.526959541408075
102.95322031932876,53.22023712583237,43.350427042041105,53.20878730816065
108.12271067543284,53.05504523947773,43.564615580321245,53.94145781902721
113.36465142514032,50.622877603297056,43.70666582071338,54.40588073405823
117.34732480336922,49.81697487972135,43.96661031639182,54.823532157085495
120.95007834347291,48.81339362954304,44.07057484339272,55.2558495818348
124.33097571455303,48.0256301241577,44.21012726157183,55.02993098923483
128.18721761001146,45.262412406351764,43.75019454945135,55.42221305875783
130.90252384337373,45.361044051064674,43.00960741231663,55.57949542219838
134.47235387338867,43.671807378531255,42.80003682601115,55.48811131296529
137.25896803946813,44.436381535618345,43.37306780171357,54.84007789890326
139.33527117785235,44.45807426576464,43.311873592358424,54.64915993083347
141.8633538609359,45.369773091581514,43.41835785769158,54.17529881732379
144.21943795702708,46.427737136305836,43.274408373547566,53.74198302779428
146.57975571949774,48.094891897203944,43.40523950433743,53.49173632071059
149.83664989989575,49.46498833961708,42.94385077885636,54.43691864950736
152.32130290768302,48.499672207396856,42.368772744849196,55.31386584486364
154.1040922606469,50.06817150291254,42.54959153419122,54.95522189860766
156.14880366672799,48.62004886578604,43.06026733195334,55.78713301873164
156.78762124714694,51.1174741986647,43.693184792003194,55.261766205360786
156.72670150785282,51.43817676085594,44.65344072776765,55.99378322682182
157.79454778148042,49.56851445814084,45.199272934083,56.5827961238017
159.52286485286766,49.3280512981184,46.49344226192014,56.526211691168655
162.74833147260995,45.85661842273682,46.959681454381304,56.8800986745368
165.15149810891924,43.37911951576014,47.47129318527226,57.988309274211
167.3892317384139,42.263431779269936,48.63968388221551,58.639186886282886
169.3034658803812,38.074112281134326,49.557708937819555,59.758397858262114
171.28767174978046,36.27838815295533,50.40134372688355,60.54346155117406
172.8720922200496,32.293853982506235,51.33904203576543,61.56137184534984
173.996508793795,31.35098612775614,52.04041945956373,61.3690752996773
175.2242036837913,30.667310478116786,52.55538638237569,60.93494690172853
177.67566787013524,30.251660151997825,52.90305644032135,60.323065323970724
178.87292381349002,31.399625184747322,53.9655195368271,59.60889018133855
180.58705550085966,32.29107704045091,55.315636556069755,59.423537934965864
181.47818485941536,34.079656874253985,56.12814135633809,59.26714175994394
184.16586687491053,37.43173681791019,57.08470939321886,58.809963493420106
185.4025922499685,39.7189363965316,58.16504420561819,58.90825901925222
187.0806984301443,43.07795498728685,59.20507255647871,59.01297097562015
187.99488957746132,45.55311954627122,59.88064824867641,59.789461372879686
191.7418282954682,48.53216738712171,60.76622924009182,59.88497696971264
192.87773138821464,50.054204463339104,61.615625523470996,59.931350481538715
196.37755793750372,50.23992118205741,62.21122207775541,60.03770677393571
197.59936046203075,51.03206609660912,62.758960526931304,60.22020018228956
198.66070551488113,50.730906407331474,62.522573607647196,60.47069763162847
200.04369527342914,50.20280936054504,62.069819836705975,60.94998957409355
199.43294236613752,49.10409225554616,61.8170022593748,61.54934577162487
197.66410474754028,48.64482838440688,62.10292273582714,62.00069797059518
196.8383729940364,47.39268033703254,62.64465778729134,62.6906112738247
194.7718151349023,47.165562488450405,62.49059880386886,63.02281819547579
194.01538192513215,47.15908098520852,62.76031081686163,63.13708961480946
193.60938292214013,47.5354400728413,63.50788213995622,62.59176432582493
193.35474974478794,49.0713836224246,63.955633625328296,62.63803652078674
193.96675035973175,51.01183144913898,63.81189827507173,63.11878179753376
195.1272285816019,52.40205616536753,63.417832085352046,63.72208971790563
195.72462944053535,55.53302670342669,63.51062122880569,63.690444776736044
198.20320299248118,57.644631929007886,63.470755275731875,63.13092441575311
199.35949393144656,60.46668984347657,63.375143841526736,62.26369504998101
200.35331895665288,61.80764887306624,62.77901309920428,61.47616697779356
203.1898427516705,61.92209817618351,61.7809132478165,61.066437699175715
204.69839554412837,62.10396679052748,60.35833955663094,60.470063988964256
204.87954852261095,61.23982465403716,58.60301678448026,60.84327600204195
203.8990167049714,60.23773411330022,57.37146014235458,60.56059804802387
202.15707171881343,58.96901712349654,56.273578264084556,60.52651003017945
200.73357305874646,58.28561375616866,55.219481624410164,60.34377910614381
198.63654516207393,57.403799883826146,54.38189641128548,60.41431462384672
196.11129986869304,57.40786001781463,53.89479267965738,59.69891640224503
192.94292404933896,56.670282042108624,53.1311596061463,59.41850992899731
190.4255218050861,56.88344569806943,52.478653399003804,58.81135108042504
186.45018538284145,58.50345364452255,51.313066668602985,58.15109502371569
182.9969066085548,59.13907675027028,50.48224848093966,58.0088251572825
180.2172770850347,61.339368986698695,49.53855590597062,56.81789048567994
177.52929891114604,64.35372412498185,48.929716683374394,55.872887541724694
175.11257155053093,67.48526397582053,48.15439292788955,55.11108290260839
171.63396259154564,70.03921857798751,47.09045739584795,54.88627802261524
168.48039017077537,73.0042281962584,46.55950895659623,53.93918849264695
164.87201841517168,74.41829077356842,45.73313303726161,53.37466464112751
160.8040884336725,75.02110208688015,45.145129398575406,53.054383122349336
158.44210423442465,75.11009241321152,44.85089692274249,52.527368577531924
154.9036723234273,76.03190421406123,44.44864478175506,51.94691116502621
152.7222318051048,75.40263528607804,44.188722607187856,51.65851978076584
151.31896917637297,73.54876447851818,43.81645085804446,51.295462521984206
151.86176143068238,72.70404519651623,42.90028507181677,50.78818692316155
154.14772458414254,71.52820023234453,42.391255016574895,49.561478623813315
157.08063967856575,70.69436452636437,42.536454071197724,48.60965130606783
161.1082043434693,71.1995300823201,42.35710913851586,47.301615139873235
164.80797567686017,70.37280937953452,41.528355808892314,47.18071579665747
168.76395119173137,69.70952239477246,40.786029584600385,47.26751398931848
171.5293882857869,69.44522792145997,40.029601883916094,47.08315300432191
173.0454013684182,69.11705153547808,39.50797696758534,46.82022524726345
175.69055999835842,70.13101072018048,39.24082588736192,46.29289684463265
178.69535812617085,71.42405357781413,38.98326381905397,45.769658028397934
182.44046269598655,72.68629648816488,38.905443480997235,45.808973973138336
185.49713456644048,74.54238991627427,38.89731385904692,45.58487953940491
188.59221165968145,76.03212299091848,38.39624944765041,45.3429495820568
192.58002986218202,77.47171090946719,38.41066478901767,44.90968300666286
196.4267897153748,78.1858926021012,38.48727524010282,44.74209697563525
200.74954120096058,78.46720815705793,38.61130161158262,44.55356294476045
205.8289934694683,78.70959524813935,38.76637145506038,44.481398250369566
210.93341590366148,78.28820687424181,39.00655937018229,44.05994128978301
215.74200827558718,78.62497711413026,39.613154304675646,43.75321548295303
219.47508189506274,77.21412195138547,39.768458920430305,43.49146309329372
224.14201108755742,76.90010221015353,40.35186356644682,43.04498675620802
227.77394966622597,77.29233213783604,40.704759537619196,42.47051914568267
231.15896822199082,76.19970130182429,40.749470713290485,41.775451924044674
234.45203626794057,76.47787633679967,41.660166515311865,40.99770591450536
236.7586119759812,77.75911852401532,42.25050726384241,40.42667888317557
239.88735645566487,77.86970863366753,41.81326833880736,40.64296549388632
241.59802440804785,77.52607859330223,41.23114485164392,40.5709614034934
242.54601474225257,79.58495534498326,40.58512043342522,40.47280018528761
243.9503507745084,78.59977611043297,39.45166897762481,40.16748860281349
244.4897273782061,79.5064895938198,38.62254485052494,39.715395244667164
243.2186296265228,79.98655293824845,38.14449957020014,38.92069352858244
242.5116317391378,79.5235308535366,37.24066311344852,37.93947155802201
241.66188012466463,79.51673584143485,36.7187453390532,37.078334988731086
240.3472876146242,79.08099643619559,36.22234480310381,36.668829039878844
240.627046381834,79.48385215709393,35.55989164158137,35.88698119119858
241.29663796927446,80.1878283743489,35.262530780962855,35.432065005372586
242.2922971370063,79.9121049179052,34.86580108285115,34.9492192203535
243.27021034893377,79.61604181297103,34.293143713981245,34.480356050339005
244.4295148112851,79.52942239230018,32.94668451900729,34.600304822577456
247.895460443737,80.08793336482913,32.2623747360371,34.51370937974737
249.80261398893865,79.91103404409867,32.06990645369349,34.4357730420556
252.51623234000726,80.41846346495463,32.107262208373854,34.402096775569504
253.92548677053907,81.70307346481084,32.49156005850716,34.47249731838333
255.05037100481482,82.44546621743449,32.593366964558925,34.26718332974522
256.68893087134967,82.83567214187991,32.5893418855725,34.33918942671619
259.72318837858785,82.68227571590306,32.351853425203736,34.468605799759445
261.31169282915414,84.34110401555526,32.93370058219197,34.3865315521396
261.0420973138268,83.59129278026636,32.82637689908241,34.988373008274976
262.2411812470518,84.25558905612473,32.81865402660513,35.089057518974286
263.3688848070577,85.35651943591988,33.04675930817421,34.850985745590066
264.2767910822187,85.73325928182864,32.998283722459455,35.26964414867459
264.2740359677364,86.36817240745695,32.72906988516657,36.166481067278795
265.49254497349926,85.41501866277827,32.30541356606939,35.96917255741437
266.7212689562867,86.34509280588853,31.370337369446016,35.78071258944641
269.7828519781387,85.90197411620592,30.43049041753887,35.332218628403304
271.88368159496054,85.38328251420359,29.080624711498338,34.612478123682976
272.954717636914,86.11039861106877,28.417997965840648,33.551134177919394
273.78477598382455,86.82004970269809,28.068121898354693,33.543612232812315
275.9963468084257,87.02676468826448,27.48674541448134,33.47956162235532
277.8098879268747,87.2863477083502,27.280716825578345,33.27033770845798
279.00791611671355,88.74464195383008,27.664864026756973,31.85967427681677
279.25375823662097,87.29320614235021,28.238355916283254,31.541917161373203
280.9773242275494,86.40114361748735,28.175172260537245,31.518872416062596
282.7203741127532,85.25125322756877,27.108025908861393,32.11665698866253
284.449614429894,86.89940145632372,26.744447789991156,31.437521089853206
284.8716772549698,85.03284735305549,26.134529740194537,32.154395136920044
285.6398751116924,84.97611980992534,25.459786222203093,32.71396640240819
286.6145382246835,85.04768555813678,25.074728942868525,32.78612382817596
285.3899867830988,83.95000643242538,25.067301970309856,32.75735669431433
285.9217980085445,84.44678337854442,25.212607150796572,31.912204271068475
284.7628223518525,85.63477447860785,25.08824169362697,31.064601392039936
285.1437558504443,84.04573921226383,25.15873442764079,31.308280664580913
283.4661895487911,84.769012691197,24.894615779726404,30.568003388168243
283.2157946317399,84.34670522621781,24.437218987394417,30.15972510866925
282.8132715682792,84.15082249737758,24.382568964489792,29.942082604981152
281.2590508461693,83.42255573906567,23.953104238818263,30.006242082908663
279.83532978178977,83.55035599318462,24.264890392235547,29.409290035774216
278.88654165359003,82.5665073869891,24.100956800994066,29.356681614620317
277.256403149945,82.88779816348791,23.840813733821186,29.14276724931343
275.68679661037214,82.66070625756005,23.94199714225161,29.286032491604352
