167.5,69.5,24,127
160.52096310358658,71.23487659996778,33.29831117190095,120.98208112108648
156.90956018158877,72.88923253204615,39.801908238945714,118.19552340932309
155.43679786644918,74.6525284340597,43.160787891893726,118.28738868422968
154.08762975953212,74.92780214331411,46.0451599027278,118.72191840843632
151.75110511862744,75.01980577409196,49.407667673955196,118.28124171495581
153.68572793995003,76.34423234638695,49.1907118987111,120.00095937496177
153.68817533007314,75.78994218713042,49.36418212550778,121.71570838081843
157.80126149072396,76.00709175575031,47.54850651593709,123.89681909465287
155.69028698566572,74.55943636352423,48.11433784836497,125.67195308696026
162.03466715805652,73.30500765868213,45.530405384442744,128.29831183745094
165.7009171469312,74.63983468607367,41.971652850846226,129.59589048683046
165.12039642296537,77.28984442265076,40.18796115592512,128.9994122925154
167.36174308609733,74.04534514767917,38.69885413146477,131.7208267569941
167.26868568979972,75.33701389421967,38.87416320080264,131.30766052474684
168.3793098436724,75.67875303185339,38.716528784658834,132.70407273905764
169.78325044204902,74.54628705594689,38.02429204286165,134.20209586642682
171.9466021855377,77.4651509804986,36.53485714681139,133.17078071416176
171.37329405990604,77.68466996150757,35.424914026126466,131.1603754883499
170.8968630289211,80.41289103856847,35.33609551367923,130.33565244662432
169.94279816630316,82.26572411518289,35.66172299301211,128.15075588949534
168.6367143409054,82.57896756610604,38.40543590435622,126.01273048209484
164.44818616941603,83.15057373208043,43.2339259059348,124.49847038512952
156.1894349815959,86.63862789348075,51.05869642427528,121.34420282542092
161.68803550599324,83.82885485214572,57.1286264179611,115.70319936280288
166.04526537531945,85.14156257270045,58.95676921837115,110.96328101489411
173.2152043491695,84.57169628427661,52.96004617789761,114.62008102414534
176.62660523984127,84.22222178242788,49.187158756600454,116.6605851464036
177.32852960921517,80.12489780715228,46.19551321056353,119.74936571109056
171.82322582248776,78.10358304180615,48.17694979402816,117.01919622673765
166.6168242267816,75.48439982434164,51.04334290166966,113.32001593162516
172.53954110759628,75.32759481485178,47.496865057398765,115.72465654829165
172.8908492798787,74.03069231134309,45.808935952957654,115.38427533513996
174.12044923787627,75.64599361702692,45.01150149316216,114.57394173622347
177.09076325486575,77.17801433727803,40.91542716821331,118.40696355103131
180.46881711978776,77.88591944077662,39.008354701430825,121.2199841583957
181.6017272358172,78.01967709723743,37.257196615940224,123.06208154879742
182.61508797222254,73.37465820454094,36.4704037463019,126.69208038613134
182.7906394050975,76.96015068339676,37.18681005489892,125.10679737086355
183.1694113749612,75.09264491752853,37.39447244022567,125.59648977456351
183.8551052645638,74.90058257975886,37.7600189652578,125.00903316987137
184.0525349008031,77.1735845419984,38.6036410951764,123.86108336831711
185.68195820274502,76.23058881310168,38.486998299123314,124.54132424150819
186.16052747243089,76.01338926049564,38.24232576126224,124.50746010805183
186.35994566580374,76.30515989499219,38.343196715710704,124.04225178386912
186.6024234551484,77.514191605105,39.09706085538228,122.68141275653441
186.9899675005279,77.077068379162,38.96622822393185,123.16242838275782
187.6057570579386,77.58807182870399,38.77722840236152,123.07314637676696
189.48731199823038,73.74015593043434,37.86258372601686,125.54772573189999
187.55682460025918,76.26753288007085,38.299491978380175,124.07458370434634
187.8405016167224,77.5652050250834,38.90742590741353,122.92645187197809
184.90090218270592,75.8161319666745,40.43188510946139,122.21726966924632
183.14714669302597,77.25466466087478,42.602361624938865,118.72530190371717
179.7080711042515,75.90913261193721,46.42021316755432,115.36953820847097
174.92578734806207,73.15360175034965,50.640006910554504,112.41940684692929
170.81623445305522,75.07237169424735,56.838204583273914,106.76488266328887
165.8479957709,75.77964542083963,62.52309455668464,100.19160518004449
160.16803735499354,76.62504023495711,67.39690356226473,94.9687341862242
156.40782357011022,76.68126532915932,72.73399988088696,87.72009549073971
161.44540367312143,77.43867871627012,71.69334647265505,85.99801312953633
174.29046645124225,78.85645939692546,63.289121032380216,97.98310663730524
181.42236120806493,80.25700609337835,58.703029654110814,104.85716602302494
180.2879852113228,77.01341103996779,57.732599890621835,105.48332364388415
179.74369760596701,80.1084375544385,57.181135180526496,107.07370236237928
178.1477851086254,83.49681444400485,54.18396862857883,111.85072246325143
176.67669364633272,86.11670180452536,50.339924326906896,115.77566541646578
176.57446523891647,86.34140219986197,46.77371215827992,119.37339521050936
170.21194569090983,87.83565657525577,50.099829287740505,118.470675424947
158.90464156452364,88.68608548303166,56.77641397331312,117.85130657633704
155.85242188405425,88.80783625443333,60.00200120526941,116.2678221662928
158.05065930213215,86.73960597150966,58.02672735979044,118.09496538175256
160.68414727817006,85.73937772861166,54.621443240257065,121.28950543898259
164.1670892199849,87.72469678007425,51.20968943398945,120.71636856629726
168.76906097147912,85.72906434630852,46.659873528809854,121.49336308051149
171.62429788551938,88.21228986537906,42.50707053240962,121.69874221967753
172.72275179606345,82.91270955675303,39.50493727940241,124.33831717027309
168.83903178645872,83.66955302276455,39.8544567091648,123.54685089750603
169.4574867424821,86.69565954249347,40.655998945555545,122.50645817436288
171.09416392883415,85.22697419981569,47.31935683786611,120.72466353455366
173.88513029449643,86.2039482587245,51.55837366098487,120.12039905912344
175.58040200339607,86.23151372318216,55.872610344961764,118.32657334318266
176.83376741757857,85.59401501302705,55.92604611396309,117.61923173894911
176.8761566235329,85.37005050691148,54.1318272323126,117.75392141516645
174.28176537589238,86.5312189400393,50.577410379143934,119.14338655467864
177.47336101607874,80.87340915620655,47.713283525193326,121.17992000936806
180.0177396688429,77.0661888696661,46.062873082458,122.44232124529074
180.6076640908678,76.98342125181534,47.41487624532045,122.49018487951798
181.85879064695544,71.20551804967701,47.95928832479552,125.72705970420482
182.62938199092164,68.52048289625363,48.538293396262546,126.97220535132257
181.9750318985923,65.63522728194926,46.97179307089616,130.89198210765653
183.96307052310303,62.34700438034416,42.334646547926084,137.7477827811861
184.52236153901367,61.07700924467228,38.694366518057876,143.6283997691436
184.8107998222716,53.82521302722196,36.08898820250333,150.94343028769293
185.46828311411522,46.117794536999355,34.18461864516422,158.5059089269211
185.8604346327801,41.579327340276066,33.7035922360903,164.98369337796962
185.04241370858887,43.63133721854348,34.53171327091228,165.54391016699753
183.4727289672326,42.4002464441342,36.02338911959164,166.26142037105902
182.34110429516912,47.862171425753274,37.65155586121766,163.50837633891217
180.3511353833007,50.268178617884985,39.73940586776246,160.75415271087434
176.4367037250165,55.934364164719,42.4315461427964,155.26221569160816
179.55038268306544,54.167353511505425,41.49540698432794,156.33459091801822
181.37942545136465,57.10173965016459,40.684581684469585,154.66866469096234
174.35547981973764,57.62584850799698,44.47644667971826,151.40623527295077
173.85152475325071,57.45430370802369,46.53475099012897,150.984332516597
176.07079524074754,58.891875620904415,47.25165892870953,150.4261783510986
180.1741644642798,59.42847776570204,44.05100492378362,150.68162143661016
182.1291915821274,57.207258896462335,40.97167456980997,152.56272384984848
183.58432750592084,57.15076136701995,39.80609695516376,153.97381794971835
183.44433793853426,56.930604065964786,38.85923177917638,154.4294455261699
184.1850310620128,55.251255415419706,36.88271821192973,155.55403247188286
184.40629387655167,58.441944804652834,38.03563154006633,153.2169757072716
183.89771139434814,63.96951513971382,37.820867679095,149.87704356757564
185.00341739156957,60.88113304069009,37.28168747805573,150.57829859890558
184.1264243557393,61.7940734466757,35.939166477267555,150.38359592757462
185.03623945980718,57.09139349369414,34.86049907249563,154.70046153269544
184.27947900828835,58.90789180386113,34.73728072153547,154.02056225580628
183.60162400071727,53.22945660946917,35.315588991358226,156.46712285302527
184.70671091058017,52.75465936909238,35.50717861081088,157.77218837855767
184.90937414160265,54.47889602586294,35.757694691414265,156.57457551766853
184.16206615743363,55.50817702899312,36.08651664482158,156.23093093274912
184.5269622441348,56.20969017702103,36.529786080687416,155.68577509624987
185.00253748080814,58.36821423537117,36.278017852881376,155.6199977505762
186.29548540646218,54.1618686115892,36.37757303230451,156.94546880618458
186.5031578800959,51.0992263607819,37.14499094628891,158.59775135085948
185.50841642497022,55.54857655613321,38.95607480034401,156.2224684329962
185.51362981384784,54.537597157678874,38.37187469809917,157.56644537641978
186.28751480174589,57.754711712389366,38.220242436689105,156.20574169577077
185.19942629277924,65.9135810657485,39.27015118699088,149.93260252213355
185.1935159468563,64.33493961097774,38.73563928110419,148.2671391548196
185.06540574967553,66.56955810411245,39.595735789357306,144.85754591397256
183.19643669829807,65.46997175687245,40.50086468228866,143.6691334453361
177.92487151377,67.31450026949095,44.49209800239457,138.24086962917502
174.78269319411567,67.98197126753905,49.53931815851082,133.64648005846334
174.9702096349214,71.15476550561867,49.85228500224115,133.10681599789248
180.03050685611487,70.83120959511012,46.43874231385198,136.95537530578702
181.88207121035103,70.72893674721158,44.25501444041693,138.65258128562647
181.21194299884428,67.94787231168637,43.93638788785212,140.9472049877621
178.62380802749865,69.43466316148627,45.59945564014417,138.4521978919583
174.9776165597297,73.72420349611832,46.995196367582736,135.01933933725718
176.04478235678744,71.99449090451444,47.24735082693407,134.06132362919908
172.7573019616829,72.18558232955642,48.08215878129715,133.5642255795373
172.9192598101539,71.17116899318594,48.5816884640892,134.19697891090863
172.18883016978918,69.54548041166822,50.82515041262717,133.97374550685117
168.35601953450515,72.24869814602411,54.7855283341199,131.30439490370946
161.6805732290387,71.06398321136783,60.95716784370394,125.80072973746906
156.8077307067773,77.83959949032938,68.01102106106308,119.26281190351446
162.87989807649583,83.12747137583064,66.18737266195804,118.8502742329758
154.47753159644742,87.17964247436049,70.99343313670329,113.39507024812008
154.22144382935642,94.90507644786139,71.80952774780485,109.78720557412854
161.60894652366287,94.89810308553571,67.85258418780522,108.54963774475615
164.55891237208846,88.74726076407859,64.85660294375859,112.14470312497508
166.08961974607013,88.09361019285012,67.11313749083925,113.56888510898524
167.12402669314903,83.36233405040923,66.99966302844409,117.55508660956525
170.83856121910048,81.71660978964069,67.84729304270328,117.51836912310674
171.41852985366802,76.29797380430638,66.67002766956396,122.32757445864351
173.5393633185513,70.63788708809139,64.94560603246103,130.33245934737232
176.84985185489904,65.08349849726292,63.696553360095116,136.68484548059786
177.80402256685042,62.0093624004634,61.7608580515401,142.18305749734753
178.91991274218327,60.78009179260485,59.89931746532636,145.07514361705825
180.94919195553248,63.65253422613034,58.962349176109626,144.00368537812005
180.77581597551108,64.39024047235534,60.296491058294436,143.5139638370174
179.9922256022567,63.72043463347495,62.05154977275691,142.74138955973058
180.68623295405467,64.08940859648425,66.1410874831014,140.6350139994728
181.40986052509754,62.93779407352298,70.92639631348882,139.6541880508122
180.2729096041398,67.52267034946348,75.7942152868282,135.43820422909477
178.70028355193526,70.36555623585407,82.63483687327772,128.4555333760371
175.38582876434577,77.64041434936904,86.71925634950341,120.28339922221883
174.46073225951469,84.7834441750044,87.71920889018675,113.373406255671
172.89272390247365,89.60972596695676,88.35112408945253,107.12367637194635
174.3068574183938,92.09789453843933,91.8666194553783,100.8444107812578
176.43513259827037,96.65421320627352,97.44341546250752,94.93252427337873
176.00519211155444,97.80116553348327,99.05849324570809,94.9951600604723
177.077748627344,101.23582918590569,95.23378486290977,97.62882824665529
179.4454592504502,101.77513561449484,90.50702400208252,100.34885158752081
181.59468513432415,102.00956617528922,85.1630369083306,102.14504349976077
182.23013502250177,99.01473456760672,78.50017984895533,106.36517856456732
185.97434151621303,91.43608726564676,72.77925951347217,113.04144079696624
190.74210873045212,87.534551811687,67.68227031204478,118.13586946054679
194.04412706177297,83.28037010072588,63.709246327549465,124.470363987892
195.92043967825657,77.11797937748625,59.74526868664995,129.6109875860131
201.0528173485823,74.41836977990243,56.594287168782934,134.45779635742508
204.82990172740682,68.2470740318904,53.425681784699606,139.83339785940007
208.8277602289867,63.37894496366076,50.800798178451444,145.18532858420775
211.57658295043177,58.35269662574251,46.03720718178169,149.9429391478311
214.46884003771933,56.33483991074522,42.628770897602706,153.6575245968782
217.05026475292829,58.21427499423697,40.321291511893044,153.3511130499661
218.08450006730314,60.16575818862674,38.30316391234434,151.7613581022266
217.77803547869425,58.247670045618264,36.88242981670446,152.40709564083755
218.34663746651506,60.60675283785385,36.13491808797673,150.90132477072186
218.3748455703406,63.22965144189047,36.26947771028462,147.98947402909454
218.12618966532568,68.46344922322183,36.60279590838262,143.5109836910412
217.97608759205306,74.05392525118397,37.736021636100794,139.45933413679538
215.84886858279373,80.86730290631466,38.54240867881991,133.57617251931353
215.47194616184737,83.49882096125792,38.653544801935965,128.82689196934828
214.88080418419338,84.20820997780051,39.36741135116178,126.61957399018385
213.62420184573207,82.8605964760306,40.02497156359156,126.06429435424309
211.9828410430233,85.23235823471707,41.095447466265554,124.4555483827991
211.33322323713656,82.9105493602518,41.87362195562161,125.27315685820057
208.78580389727176,81.91759080478555,43.56916816632658,126.22341084123391
205.9002914134073,83.88792882109261,44.55347619603667,125.29242437809305
203.99333987975146,82.49322664571775,45.641078546948215,126.12966002576354
202.15269713953762,83.33215022415226,45.93774574505781,126.3462464864864
199.46943846571568,81.38090486827178,45.94439742726589,127.2418013633627
197.2706088342527,81.86253187392903,45.694199977850545,126.10717663714533
195.99214694179446,80.61995931251413,45.04572925631254,126.59545994452256
196.51834469658453,80.77847970033982,43.42507140809407,127.62868502942874
194.7663710199326,80.18590940963561,43.8135874526516,127.02313137408177
194.12633256070995,78.67391633047053,43.71668907316904,128.1785315882362
195.1150979604101,77.59025888910097,42.338425756526306,129.8059053389067
195.6137907549904,77.29466495138216,40.97646624163219,130.63554319019252
197.1907201003613,76.45983249539628,38.74354562547914,131.6360976251936
195.90877364007437,75.82647662353969,37.34835117422682,132.36601953440743
194.63835244151872,75.61492185120488,36.62621525598473,132.20383358070592
194.5727638203454,74.63436680033264,35.61211452134167,133.06885884930526
193.13672917493878,74.43358073513747,35.63007714749725,133.56942797657518
192.38587047058172,75.37723780696872,35.61524508817093,133.31080276437783
192.44867852454394,74.37643702818028,35.14105010994999,132.8258413546543
191.68425460197068,75.04383334227958,34.57950774971326,133.38907721938324
191.38357637995108,74.59831572297777,34.4256351974756,134.15515273582557
188.89513056624304,73.65877255072368,35.278376548707556,135.1431196002007
186.8303456132373,75.66278014393647,36.42412530107829,134.35799145295968
187.4928100085378,73.24075298229738,37.51933486954714,134.94130931078377
184.57747454520495,78.02110197311674,38.85999315049142,132.94307842738112
183.5119137233986,77.44813177250418,38.98279851564642,131.58664131853544
182.92845489155584,77.58767484030513,39.24367682214658,131.0133511564729
181.54868933300048,79.76924525252167,40.173803465952595,129.35018057740115
180.37789542099492,80.06633399193996,40.86570936419008,128.11628569849057
179.7282067896507,80.30689594994288,41.0609041451128,127.46716282783098
179.8323858623575,82.67298761610238,40.744307421856426,125.7126108260021
179.34465630042664,81.8495343873518,41.37917973441411,124.87177962786362
178.8002589267794,84.0690301658824,41.70903104317861,123.44111126339885
177.84067048186554,84.3406313158539,41.78098584323887,123.01412635315866
179.42199169790953,85.41905865821484,40.55683117932409,122.89299368572497
180.63418897743142,87.37569392524355,39.416623221919124,121.27994221065802
180.17486328404863,84.74453434986368,38.93913510615937,120.83907532626151
181.03384642396497,86.12977974301685,39.11793167422706,120.26487574822238
179.44546732683486,86.61291369076194,39.47199151376621,119.29012631387766
180.77691650402284,87.11791925274102,41.30181805486754,118.74510544813636
179.96950961633618,86.49763909493257,42.39512814333596,119.29070069922767
181.1576768541569,87.58732409862779,43.931187952896565,119.22302598144904
181.30009875224127,89.38608351187291,44.67703589962487,118.62364701320465
180.43684880804295,89.08194251299565,45.5536121773342,118.7207312055545
179.7912175063455,88.80749713966831,46.04227505262165,119.11084529641599
179.98137359533706,88.6036065038335,46.19491440843299,119.38355031347938
181.77255743552723,86.9592381495367,47.01028041640709,119.12689665456502
185.8044257920638,87.21502932039795,47.53104020144191,118.82600318696804
187.47886736250706,87.53730146753297,48.812428495339276,117.8767117880532
184.65320982401036,86.89274755251182,53.43457830438837,114.19149968325053
181.49682245665625,85.97706991332556,59.331318877052084,109.32840839790234
179.8617288401099,86.1597956358867,61.54086100669022,105.77806334468683
185.33878938686158,87.84284883223886,56.67102231141072,109.93318145073127
189.9114392122254,88.41429863053321,51.33122221436351,112.6570022921461
188.42901195132748,87.45706125269808,46.962620696730625,114.54073106655522
193.3112773029496,85.7049225149377,45.313541806230475,115.95142114354692
196.1119624681043,83.48342537716084,46.03271619561712,117.01660875558748
191.9652065885567,81.92808902530848,49.98089533218428,115.43825891824606
190.11009931659206,82.59503234676656,54.325203697162316,114.84873600051529
188.0844707833965,79.8704987905281,55.67470738563893,118.17374367428675
185.99822502496426,79.62036423764987,58.06431573523663,117.95712190851842
185.03173684111206,76.27188192591059,58.98890012658448,120.4645656961205
186.05718446603373,74.74165147156452,58.74400868571638,121.4000030013733
185.1927994521517,74.01085422393169,58.13328376986166,121.17185576594899
183.29521436531712,76.39413727512019,57.270395777026906,120.43968535830466
183.96055744807177,75.28689394952079,57.80184120712917,120.2964380445834
184.17832499098242,74.8571953612345,57.8526198517862,120.78019813691029
185.26211816982897,76.98455274312852,57.15750926122871,119.62831020684723
186.53012182535085,77.64351352228783,56.08260312453951,120.37577804328875
187.68587602837198,79.36591250983916,55.08090595297142,121.19460664365604
187.6341314434977,80.60080493647361,55.933803844643805,119.46045605771732
186.38962406586992,80.09821171418683,56.888443647583095,119.73090099333015
185.10445595028813,82.5175178981137,55.56645924581207,119.85095065855748
183.73117731588917,81.59801057912611,57.85480849010819,117.49191050603584
181.8662655510901,84.94773932835992,57.223957638450266,115.97022123800643
183.41083236549423,83.67953326718185,57.137813540205315,114.40212305305056
187.0729986504131,85.51622100996029,52.065304395660576,115.18193217213846
190.78045120338086,82.83404133513692,47.07604845583222,116.56529705881829
190.4013313668001,83.63963840324553,45.63736105837607,115.99186806790289
188.14463221255141,81.63631189774723,48.174889949682864,112.66878293879327
183.13995192223587,84.3502870058838,54.72870200545745,105.22377435002258
180.4819818678876,85.80337091960497,59.714472347012574,102.75594784214124
180.71941569664452,88.46690596595755,62.26028225602711,103.30684463023442
181.7059386049985,87.49965925846621,58.167318092914144,107.30465439043195
182.75256824939805,86.94157326035615,52.679798874458044,110.7066645137883
186.7499863444364,86.32692099379625,47.678864175546494,113.53914421017714
188.63680951240542,85.17924117101322,44.17746187580609,115.50366600994089
190.17945289601536,83.80453841699878,40.912304279600036,116.80687698843639
191.41992800610697,83.57996803026025,38.498103319246354,117.61428536721817
193.52629398461173,82.03037989797349,36.687065660027386,117.98241304780731
194.56451383919563,80.06407554546487,35.325162558125015,118.48873600911115
195.35656077545735,80.14164165514802,34.05421450192771,119.3603358768802
194.4765168369718,79.42035266038673,33.92492466569542,119.34302385843007
195.78412572079824,77.88257045522093,33.49320480377372,120.46860538721563
194.21307737394056,79.14911332906087,34.29305877974616,119.77559489397605
195.99413237165305,77.01141673666363,34.86762366530262,121.32328665321816
194.1739855221941,78.49491942962672,36.075921495537685,119.85566519368359
193.83484170392433,78.89445059808777,37.40011295783708,119.04608645444986
194.57551737505045,78.76952984965722,38.32166445715286,119.22511067447553
196.95571871053576,78.93489171674841,39.43986190672666,119.7817901304291
196.2784631486234,77.66298945911691,40.318746085055785,120.55759916896938
198.41515817827,79.39296770658495,40.10733770377162,120.38304616409982
197.83595335674352,78.30577534865745,41.1489606582584,121.33453943002655
198.99236812304676,79.26892107298272,40.86347749825626,121.82896402866301
201.31268697489844,77.14309530134457,40.061670742428845,122.5992215194338
202.0249825300087,78.01813647400445,39.20721701376196,122.37151416171628
204.74826793787443,77.61415897286062,38.11957344793899,121.79924505530795
205.18423899586168,79.14312301826507,37.13250379829027,121.03066389786392
205.61816537136139,79.14891976072346,37.170391844810545,119.88754716141364
206.7219063247813,75.73662523454368,36.28395533668291,119.99115890740724
208.87059836041732,78.76852129131665,35.667377425383954,119.49160248111716
208.51695252405935,76.40296354633554,35.02081777974052,120.83707377361536
209.81457264453442,77.60375956377318,34.309690373720805,120.50502700775255
209.86504594520773,77.41625981456075,34.566301754580564,121.12886463283681
209.81153372908642,77.94040579488617,34.88096738605428,120.6281640604115
209.98751933286445,76.30521270499844,35.16318125425812,121.03905555406027
211.20990038217585,77.33357584403886,36.15253480390497,120.97426357544842
211.31805612682953,75.97441238708346,36.649647460773004,122.59769786831887
211.04448307359988,76.50949749269151,37.53137527017991,122.2898513346426
209.79550414235572,76.93757484194649,38.465455907746055,122.17418701308196
208.30331581275303,77.682550625624,40.47666782972686,121.72977887796263
207.0709811142666,77.72271680488154,41.94567066318879,121.42701173050521
208.43370378992265,78.03042021672553,41.94323609030386,120.7258328469594
210.47664008499083,77.42946734206262,40.94335082965053,120.66104226240003
216.10756587811733,75.27487978139051,37.75872683586577,122.10833708131506
219.2613191983469,76.88862128570922,34.11988322030896,120.84167641650393
219.00379305589132,74.0526309877775,32.937483317681966,122.44117681064617
215.58980805849208,75.671726342665,35.029163811290275,121.65394864435874
216.39945917787492,75.72761306064925,35.92606807543902,121.96522912865925
219.74129173746002,74.92933696354439,37.603493616364034,122.09225574723115
221.2240013854932,77.61196727418846,41.55623285148662,120.51845611684875
219.80652711364112,77.83321725296622,48.14629618896829,118.0936693484183
217.4859593776855,76.38038255404955,53.872539225805696,116.06383192557294
215.5892144955714,75.41204021594693,59.18789662289976,115.37299532530417
214.15153808013864,76.42280210842316,64.05148683474675,115.71431243123612
213.7135474797926,76.94821546929943,69.09450027726011,115.81579262381311
213.63731238212813,76.949064376725,70.96864121939235,115.96338969197471
218.53831852116224,75.7745113332464,70.24711714628016,118.14030740751204
221.5701834771581,76.48244235927345,69.19549317606088,118.19386984161821
219.16268331183943,77.8349244479276,70.38070630004849,117.67523383699361
217.15364459841936,77.94923085786039,70.50235704918474,117.49934714806064
215.3230413410218,80.6210832026737,71.42502124563579,114.9773683037709
213.2480814311224,82.0940732175795,70.13110819113652,114.60580348086847
210.2593289662689,84.69432162596621,70.80798636608273,113.7577060133077
209.1402060116961,85.14093077092363,70.80541639731388,114.07368631748619
208.83798817618674,85.38117341652243,68.54757479896921,114.36532042917403
211.93184799129682,85.74390020899983,66.6313118871939,112.36748184303669
218.83595736249254,87.46174038742014,63.92055865993915,111.97758071440651
226.1907550362964,90.21634752121805,60.230939928237206,110.3298016217527
234.12913967019625,93.16275170098115,56.028482298315936,108.3881231755566
236.58146732643422,92.5062740007287,53.47140002775586,108.16982237717843
237.2411393576523,93.32985384853997,51.73519446100342,107.16855649373545
237.76898322078006,93.72309087626559,52.05349285974026,106.33291759174472
238.41776476832166,94.49959716538689,53.82669168367862,105.34856127923776
238.5191461696507,95.52526378693001,55.28961226973057,104.87133282207068
237.01718353226744,96.40171853201713,55.81445352960449,105.45318948141733
236.46911925709992,95.65757138137687,54.305221333555885,105.8218715657484
235.59214983558698,96.78592380282889,52.148769084281355,105.77581430585215
235.1031472484854,96.02751657519372,51.810494012703565,106.2946492393711
232.71077503155033,97.2563449118851,51.52439713416526,106.65544945418719
231.23977871767767,97.31601842244166,53.15160642717853,105.13462569223697
227.74968871846016,98.33518187148628,53.30455549528514,104.73477814614509
225.83744714217357,97.19712132122265,52.154668645111784,104.43908208701964
221.48042514484763,94.10912382731361,52.57961103911671,105.39348178751473
217.68724824088926,94.25212144704322,52.34543920082369,106.31497174703011
214.75552084309996,90.76589927143507,51.84203265301853,108.12320720923884
212.49290060006376,88.93477565041579,50.934232520194456,111.08631229324594
210.9330822710364,84.35060303214861,49.83285467858484,114.81950356859866
210.08900944093068,84.79474890570697,48.11847348332751,117.32843219463562
210.79437059669704,81.04611052329935,45.681064384189526,120.22032747065082
209.66973089902797,83.39662537149661,44.26852217575262,119.60926073354585
209.46145981547778,82.3708262367667,42.369990852710174,119.86604382031983
208.45639590097892,78.88672327669931,40.43850333861405,121.9815485533208
207.26850305726455,82.7128513892264,39.79323952653105,120.83386281242801
206.0192427743691,73.62025815405096,38.08930028015766,126.00001585077206
204.5942008355471,76.52165012635211,38.52378314271073,126.0427848274649
202.29058928475266,78.00869655983936,38.952459338782035,125.33055400005647
198.94353037407745,77.19188614082509,40.399367134345056,125.80626842500669
196.63024691855657,71.76026731915749,41.114973132682415,129.6270084334542
193.54278201147443,74.94013053593659,42.679374000923815,128.38585995704932
188.88139531222288,74.57651762592656,45.14591904783391,128.30901113202697
185.21754847202828,72.57724388467845,47.907301845654715,128.9385832135985
181.87225429666455,73.17649589755453,50.88638573700111,128.4720341796638
179.08933207948647,75.63853604208376,53.324074463044255,126.30995182876148
176.46432233829324,77.28329670235782,55.79896343510051,124.9279384046367
174.8309281660931,80.06966167583198,57.17618428510842,122.52275210736184
175.32966655709458,80.89338583322576,56.78978713634136,121.39426927528606
176.6820790214711,82.72514881354724,53.75405298522391,119.73877873601458
177.7229464447537,84.46511163240059,51.57769316482515,118.45387830392005
176.92096072656153,84.33151389510483,48.925710335615,117.56859699094443
175.08810469365076,83.38926870246871,46.88685401535865,117.24888353214624
177.23819858223223,83.92126976469012,42.471967999524885,116.78189058967975
168.86212842733147,85.44652747212483,43.5844989724734,114.93794556169692
159.99578399351816,84.50441930667789,47.04673724805901,110.85746691578416
158.22693244276735,88.09111591772653,48.681831001263475,111.87797761672155
158.75296000503766,88.11576046576059,48.81241952868515,111.20937444613712
161.6548087306603,89.97492094899229,45.44432140452727,110.94759072637783
168.0056370933952,91.44768933876354,39.794766291148555,111.01055523811036
170.60516628810814,91.77382167406161,36.34189105868981,109.85819639217547
170.32531403791768,92.89255932289909,34.5993661546213,109.48764704931924
169.5090088451107,92.43949531173479,33.36205747857447,108.66301175549337
170.29950844093918,91.62387022556766,34.4430296175602,109.41525440953615
169.15238908991032,91.9976960386705,38.13405667830629,108.44668980527737
166.92057632777477,90.42399770419205,40.631352508783166,108.61231214409511
167.14398284033578,90.28784663454526,43.756819890613045,106.93166607076509
167.2465388946496,91.03153943830114,46.3006251232177,105.44840076005198
168.1745440204521,89.95804594597118,48.7910356365358,104.0242891786566
169.46942609590002,90.17035660852441,51.302966546369916,103.3295813266794
167.6769206450502,89.81181818529767,51.954932537638705,104.00060760967827
167.28462412514315,88.99160164003194,51.682958623793695,105.83606326831637
166.75731781215242,87.3516448287732,51.24443114834234,107.16241892269419
166.33819892702863,87.58433472696166,49.548097509364474,107.28998118535736
167.4930155145649,88.2327760419711,47.05170486239864,108.7420554740549
169.94771150948435,87.24137300562617,44.721290695817146,111.18744076727812
171.38003741596933,87.5526568331768,43.19483659097712,112.3841538557758
172.6365465748881,87.90176609400508,41.220482673717136,112.03481639996474
173.5924519953038,88.25016650417837,40.98080921253201,110.8232282036912
173.72570585719848,87.70224760164261,39.467301152095594,110.36351436062276
174.53144876216177,87.36114654822987,36.20032029459976,111.84320050770856
174.66979248854724,87.7378260646081,34.38803623271319,112.09050153678834
176.71503573178154,86.55841862120408,32.98220112106148,112.98036877459428
176.8716450129897,81.21631429878101,31.944699995912487,115.58661168305127
178.36913875921329,81.6783436333449,31.134007919343595,115.85261744416032
178.85115581983996,80.16650689957268,30.67242849617608,117.22573577788518
178.81224458827177,78.81176469028554,30.247561240112294,119.38780458233134
179.2823882681576,76.62297404142018,29.59367697010234,121.52479006249617
179.46649694479004,75.00862384378689,29.481002431569095,123.83056093238736
179.44508416581502,72.75633135735302,29.74965513211538,125.52737493777158
179.90135102702556,73.21073658383114,29.945625108996964,125.4845283014581
179.17463886420438,71.90703108498495,30.60030863044394,126.02020892386057
177.89165138839945,73.6807927695269,31.564266775451294,126.17475173786687
178.75158290327363,73.64993725089873,31.711869122556877,126.25584872948835
178.82755266549424,72.40924169934229,31.872239042066337,126.39992284270255
178.18424227956908,73.28056869045452,32.33317622016665,125.74009237541645
178.9997928875434,73.43502442335267,32.25897216760909,126.0131549987658
180.05270438852904,72.95628725313685,31.484857835300307,125.56065571782902
180.71023214721282,72.12921518494059,31.49410522969115,126.57154086536428
182.10223695438452,72.35057966496714,31.020195932349125,128.06994349710806
184.81355093207873,72.3878505704624,29.950946749696314,128.89835936395872
185.70383287035847,72.32705550886399,29.369369761068633,128.05326073498117
186.77993353342475,72.24238874056964,29.99903927691608,127.76289362755361
187.8085495645845,74.06919862054644,32.05377430138858,125.85754676341298
187.86040407650293,73.26278228618563,33.19195070121199,125.22037752478599
188.26163937797384,75.49075510281077,34.144684775851935,124.71935313711066
187.31894169209528,75.31922300243227,35.13082195125514,123.07759411093896
186.513481488222,75.17438382600754,34.52060340483912,122.85273107623041
186.98678012288616,75.16713881897988,32.01720720057429,123.99130687424416
189.03631070789157,75.76006871816413,31.319838897842494,124.64198634436931
188.0758036688716,74.0076171432996,31.33125951293841,125.90849952522632
188.10325378888854,72.73514525072903,30.87556813449396,126.75759258042513
189.30304831944153,73.72297685965873,31.005619986397633,125.9250351078813
190.00680557746693,73.81325032282817,31.871638814615594,125.83131981826925
190.77399272595733,75.31694777526,32.312963823169206,125.42700494766157
189.4928532744697,72.87069742186748,31.333996073541307,126.56683417426778
191.25580750753173,73.64438385893874,30.753524085078375,126.22302916263595
192.61816902521713,73.82954233058817,30.256638373850038,126.99944073496209
193.80967907373963,72.71872783488556,29.860244186610295,127.25551727714094
194.72681721776772,72.90562843291292,29.414487900919255,127.83316273349864
194.995516090753,72.3817184533653,29.090842827024918,128.43711015140468
196.17459776029955,71.10832651545178,28.530512692201206,129.53545526361324
196.77746858806603,72.14753853028218,29.05685197310016,129.09208749120037
197.2402643582388,70.59393002623537,29.430332579170354,129.08649293389482
196.3664170370055,70.82600616712334,30.95586837239755,129.46771493829365
198.0297885761043,69.62225194469038,30.716810402384787,130.0265595762443
198.71334132192626,69.05005007882677,30.857481767163296,131.57232718741372
199.00283674388382,69.75140639063436,30.721249394021854,132.080907712793
200.04104762624803,68.9250454889428,31.12274720784568,131.93280439715755
200.7388469484245,71.1110636408147,30.469474286663953,130.99081226760808
202.31846511153674,69.83320686135849,30.00866516075692,131.27861677653271
201.9603227914296,70.86594262781458,30.513011673095846,130.988776075339
203.44638806373268,69.36908394501185,30.086760969340478,131.36457542641807
204.2582777219594,69.73635923844347,30.01746721235061,131.2959022413836
205.16307750597187,68.87283000621585,29.856637976662064,131.75698093899314
205.48069416982693,70.3862839575925,29.577637739114206,131.38670379071067
206.96492673091797,69.01290414566697,29.663885389301523,131.53001478518246
207.41801166583699,69.25712435703738,29.422830577885566,131.76201737277182
208.21737638443335,67.9275497258815,29.434884479239578,133.51032677941265
208.69919010338637,67.74566155047546,29.500233720181818,133.0488485111032
209.78297734623382,67.21291051748015,29.018069495641107,133.78903015444442
209.08289414763703,68.38219057280944,29.171024078907948,132.6750947967842
209.94749325793802,68.68962704097184,29.17380105609808,132.93899036412532
210.03776182076325,67.21783637889101,29.061945140727044,133.65223549901697
210.2562223915055,69.16498038787877,28.836028077630775,132.97818306720782
211.85557903067377,66.67745079129523,28.83098650263284,134.5817470134877
212.07049424999747,68.91356639029632,28.72624602527582,133.82915821622709
212.61811647764023,67.3865265399312,29.09427581048407,133.72857816887995
211.79206209957138,68.58553363147202,29.725644892053616,132.75564058968777
211.38274304909874,68.50281603511444,30.086123486677934,133.09954290710348
212.06267476845207,69.22514549399035,30.099212986051107,132.71555889512862
211.00630345372377,68.03888202094029,30.531073519217102,132.69060678391673
210.5689664318493,67.9830565698106,31.518095530888722,133.00854675404054
206.67356905838662,68.98438030937561,34.43821423716467,131.3466476744066
201.32600888877255,70.9414193730884,39.36372512509888,130.21489505319136
193.4667422957009,69.93495783065522,46.02029618355667,129.153262741024
186.0030152583379,69.5269105197151,53.90069406016248,126.47015821091145
177.77929138008054,72.95557055016519,62.86358609539427,121.51200485323545
170.27409898245725,74.028981962764,71.34262647688354,116.17103563330824
166.17474882996322,75.1469501922135,76.34963061487937,112.2200835246137
189.41288254396517,73.37626384250262,64.73450820640676,119.55056044728678
196.3885326064089,71.85155032835205,54.469742486273965,123.60168847294054
198.26473453011792,70.15942800924012,48.92784150178619,124.35131888196213
191.63225766141636,68.4112118114694,50.506275616386574,121.2905203281017
184.04418091710133,66.97817504413774,55.55503824350539,116.16164785980482
190.1257690296389,69.87089952610592,53.35758696349862,118.52750504821222
186.31300981835687,65.58901163514915,55.0219471104584,120.32225025914188
184.6298676813491,62.24657553333716,55.97866402836434,122.88549560882298
190.21481026910809,58.6039459016834,52.88374337616184,129.61172135906133
196.05952998600495,54.46395585607469,47.55167145793207,137.52615561120749
202.23222278111595,52.29111045879691,42.66665259363167,144.4942652862257
206.63855975915624,52.47587118386329,38.34879637131576,146.37327660815714
210.08132649535068,54.885073237579064,35.075923545365455,145.8631868241509
212.23096209006326,52.20390089099578,32.77614333227391,148.2981023180987
212.57888276087954,51.21108745042142,31.53035359634285,149.4911657608319
212.76151524700353,51.98652207839558,30.697108328675164,149.6354158858345
213.61720660597987,53.90897689516899,30.933363883961597,148.34909356498605
213.55135878406688,56.59589820612787,31.01169197637144,145.7816712693012
213.6590151711133,55.543275340346256,30.75765330460876,145.75273836240618
214.85068164944673,58.77541393407347,32.22266753498419,142.11454078196164
215.40882517943913,60.688904142708125,32.7886034373788,139.76029624649775
214.087652072762,56.76742192682906,33.24762388321594,140.78498236557277
215.27995356894175,61.86665565251661,35.54561757435867,136.34172292963956
214.14764856500085,64.39956131522374,36.33942599036732,133.58504704123703
215.47737722995,72.09356578190398,37.38955241977688,128.60215895748593
214.56780951302812,69.93842131076221,38.36154170017062,126.62937352080218
214.0184479628324,71.94239549827016,39.92485251881041,124.3348380266838
213.67681295490195,71.1074434643485,39.75566691867404,123.99267143870435
213.78590538294137,68.99166876875077,39.28021297814163,124.65087206929496
213.0986658726107,68.12401466170844,38.99710494741137,125.53929192001826
212.71655409665243,65.0209322266679,39.24699495316624,125.68220291055223
213.24710856132765,67.99961555807123,39.200977681454326,124.0200442250405
212.4535746319166,65.32299000883646,38.22792710346306,124.58861018862234
211.95854442925685,65.4478372962505,37.585102052697366,125.21809139599792
211.76099079770995,65.00120777359999,36.93211826182845,125.37357434066344
212.96088711393614,68.54869798351787,36.954975012921,124.38940563118533
210.95994371077975,70.0880695383954,37.55353721519935,123.12427271754385
211.45359939061336,70.0382948202323,38.997192709627605,121.3089174402394
210.3289807550243,76.64441384820768,39.7827624688657,116.89426010328276
211.01124764137734,74.4313769749595,39.44476051168853,117.86888397871589
209.50265228480256,74.08279693915298,39.640522687469286,116.5304054795434
210.38794211313842,75.96694263419842,40.56848443361433,114.06448141905
210.2888722919438,77.49232099987923,41.30743269407229,110.35967600642923
209.48724354072672,77.15772299117185,40.737543233386916,109.40975416781829
210.45736942707998,77.81103362698778,39.790785077261404,108.89853101229818
210.4502040547366,77.37381517764543,38.10811960994255,109.48797718308143
211.83792620065984,77.15557918854338,36.356284598682294,110.36242614745532
211.46136836055024,75.22789353343751,35.73416674790328,110.74021571824142
211.51879584514572,73.81822572851996,36.33402743833069,109.80429348315158
212.95316609788395,74.13169423421562,36.27613111582233,109.8254051706624
211.91209959837474,73.92490203827053,37.28085139034586,108.2577242560798
209.45775837750296,72.85546860894422,37.96800434829424,108.16408078643958
208.519670649819,72.42953047793134,39.50381832771761,107.30959265523109
208.65830351147457,73.89984679218476,41.58587348338905,105.60555303476562
208.03873904861294,68.20563719340848,41.12240192998631,107.87590735194708
208.79415430085825,66.06676848588911,41.076717013416825,108.7904915477628
206.5972293784967,66.65814007421001,42.4721518648538,106.74904183721216
203.26556736202272,64.30389046786055,45.237352395070445,103.74641329188495
203.08946336815137,63.29867703321989,46.50762152001258,100.11854737170705
201.83995789804104,59.04687870374253,46.85574473249579,100.85813360127945
199.58372180439824,58.401539065815,46.28246252525014,102.60476823349399
202.1656815650903,57.00993454412889,42.74885198957617,108.56541339022375
203.7719998723479,55.25447741538083,39.78249629854672,117.35388597444106
204.34599075379322,56.81906257939243,36.72245892404567,125.77124350896669
205.31919825193597,56.40979017579144,35.27558985957623,134.22259509412277
208.81579824608048,49.91117111759041,33.822259656596074,143.5823744092553
210.36571161919935,49.95430073568599,32.20787447587195,148.85564657565203
211.97657969624444,47.428647014670844,31.839996315861345,152.59975537399794
211.5750818432815,51.923034658669806,33.68150305961379,150.3211269899917
210.88672890104604,48.33549894490088,33.62501442599541,151.20975756822537
211.12514393575384,53.70082692570577,34.90316682804589,147.7577604734979
209.63937764519073,50.006523831761754,36.409221704170236,147.11579186280196
208.49763472302664,51.0884149087628,38.37276716029581,144.97999697103396
209.09664247553388,56.31566395645524,38.95191480320762,143.09133578208218
207.7922320822485,53.23709765243771,38.75056875399351,144.43536280692632
207.1302285675173,50.81171650652797,38.91961085959726,144.41544476656196
206.70932107372352,50.33035914685294,39.53968642092957,144.1364945994374
205.33070963671912,50.69330100191674,40.185951672410255,144.3516208280267
205.71515347405008,55.18332501441492,40.7690561280279,140.97587807036433
205.94263549443752,57.17894154568846,41.57825057457294,139.10814130183886
205.51744612492104,57.66058365023133,41.103610192435866,138.65235267485684
207.1023114661541,61.873415551164584,40.447594538732595,136.66406203430626
207.45965158906245,60.918194747743144,40.0409509779058,136.72522113802108
208.5179394695512,61.58939757701961,39.52791992899493,136.78365003986244
207.48320312333735,64.69627348040697,39.569860520745195,135.43350039449518
207.978877289822,63.172184261830964,39.50591283636977,134.96178637749986
209.00895059350472,63.35203206413149,38.95466281828354,135.22348344019235
209.20962683219912,65.43064953181317,38.61520806576156,133.8990279123302
209.3816411795018,65.37251114647833,37.73656856326059,133.87706170812254
210.59824649983602,60.63652351664173,35.91769858554832,137.4347832560953
211.5018241407637,54.77090894043653,34.925044648850616,140.9975658676732
211.68530219605336,55.884823562163064,33.938379821401966,143.44869599387954
212.02874867969885,55.79505364733869,33.220132508729726,143.53340371610355
212.55115196481677,54.05334100050817,32.825260289938136,145.46230494570057
213.65152588260273,50.72440509585658,33.03678204665134,147.67828413110237
213.48123648624681,45.24345256828627,33.88259180259331,152.14961148848909
213.07880790126353,40.806713309821944,34.17951446185205,155.81697094490139
213.73412812060428,37.459973458461874,33.696420560092946,159.80335860088385
212.2616752361158,43.566150050575956,34.39716305430494,157.96412000253216
211.9290750634361,40.35627549799841,33.47757996479646,159.47076218935229
210.76330912974612,37.676429164923604,32.900345324073996,160.1667356782558
210.9734438242461,38.16701729792587,33.455026129432866,160.86853410841064
210.92137604381742,39.21865030405681,33.04927125316411,159.09990406912544
210.71956103389996,38.30088399875615,33.24659922622317,160.10156477869145
211.29293423707927,36.43341519104595,33.70248581928473,161.8608908266146
212.1719348491502,37.244263800778896,33.66915393241547,162.1876285560699
211.5268737152512,38.18819806149014,34.238951564707804,160.4310234546332
210.90181928499402,37.87327920124778,34.84253444618017,161.17147743439477
210.3718791845277,39.55385591864986,35.37982967234697,160.06091599292253
208.8490073664406,36.57965562739196,36.17416115527718,159.94926561108286
208.99101635495705,39.12104025469296,36.944489024420434,160.03536060666397
207.96492632809253,36.43909442967494,38.303304457940726,159.401995024034
207.14885646225932,31.452520594510574,38.79420621544027,163.54431164348992
207.966998543218,31.994750573943477,38.977816367335144,165.68888587003366
208.6242985719493,29.54032605530574,39.391331391659655,167.16053817574175
208.8367150799212,31.675460611873632,39.80454307872263,166.28639676341163
209.01251561923166,40.86765456879807,41.0559946162211,161.21567042488013
209.92773391292346,43.10824271991919,40.882545099874775,155.735365125312
209.4824448121434,54.34956493892285,41.110856391358794,148.05344185582274
209.47771461951925,59.17629758305971,40.22571572956803,140.99080474786214
211.46156149822212,65.01680896276488,40.37988056896404,134.5225138266781
209.38414043737484,64.20142153587403,38.477350120620784,132.80732973232443
209.06627774127983,68.40425836655601,37.46135296241863,130.7653922236094
209.79289924653503,68.52538970535282,37.55744054406368,127.9673341148787
208.8111580488997,73.00282502238771,38.90991590455573,123.19899836240072
206.83912970714314,73.66942146601339,40.07959834147156,120.25845083418866
207.6034231566066,76.82833241147127,42.41241538465282,115.53230923158773
206.85560215870618,79.44519582386485,44.46509866787585,113.03959474162417
206.39804395274763,84.30152990261,43.49748399973769,110.02507864941097
206.98219310838493,90.37524432063552,44.909851515260605,105.51208308286067
206.11303501753497,91.5102746937495,47.68623003102121,100.0860906254358
205.023358698673,93.28892857558269,48.18112810846526,96.23128758603357
202.95913092324074,97.28729480644213,49.130329127469444,93.0034917583784
198.40194275242874,101.14958720185037,50.335120470008995,86.79667868844817
197.08131883192283,101.41566761421464,48.55425536927885,84.25449212404982
196.4494171613672,103.00145229155791,47.2183308413563,83.83559138851916
198.2489647542775,100.67289889897688,46.11779417680646,86.52505372063251
199.06170893919165,101.9832309224947,46.047777346475506,85.87892740381386
198.54154321472657,100.80216902020288,46.73007636022694,84.67775512876187
198.2594487020599,97.57439343104234,47.88459163515974,85.12804154801924
197.2064524851925,97.36753303419749,47.957381420731664,84.42347036764124
199.02508249782682,94.6825032035355,47.108268844956456,84.5074615894816
198.00767204307417,96.87655370673741,47.93028805959176,81.86800946499
198.59609866714192,96.94305287383511,48.695045028550695,81.15170416258248
198.2790217512964,98.10057793425511,49.616860919310376,78.30908111188332
196.7318492080358,101.62165070358719,52.056374417563305,70.6402885776747
196.845971090652,102.19349380501677,51.44882871689658,68.29780240704973
195.73909392155144,102.98924480122008,51.9531260152646,65.47373656137928
193.88193403718702,102.85091101420521,52.02764428176566,62.834382788363115
196.60827715727157,105.42138068408715,50.74854727118031,62.01364103084411
198.87751998563343,107.0313620446889,48.65506750816388,61.49583509179085
200.4572002586506,107.9100784043261,45.25028427102276,64.32389784447084
201.4409596339739,106.24883877592876,45.06101812199965,64.04007674726161
202.20246127197547,104.71925157264822,45.95680590167584,64.60581386363103
202.52326948383168,101.86964354431186,46.708857056660634,64.21653657313577
203.74291686864836,99.4286902678229,48.137157244378955,63.07300147953775
204.1173484668499,95.84768462081321,49.668384141588554,62.45320964245363
202.9662804833796,94.71208031282382,49.86817273456674,62.39483699775126
202.83760177467207,92.93405162721967,49.8295960112996,63.69288898832906
203.0878006006183,91.8402120558498,48.818530498899165,65.85383355357692
202.01752184235423,91.66087559476418,49.41354577528447,65.07465559512531
202.91588112093916,89.33967072126502,48.23670396047762,65.39103890245687
207.17679569492117,87.86565687078678,42.81588608875872,71.84729109071806
209.38606032404724,86.1821902616937,38.12768458571933,78.35699889081337
209.25252641590407,84.54576059805592,38.62862961381484,77.67539020623288
209.56015993831602,83.79487059693848,38.94860730804656,77.1446372780936
208.78138252322123,84.40545045879493,40.40220416481557,75.31370475298147
207.83496272628224,82.04298672958316,40.64746420795042,75.67777520151729
206.18349678294408,81.27359156047117,38.990170989341095,79.06678645839666
204.1600617944292,81.6333647384069,37.5815298732312,82.6431151750045
204.97924911549913,80.69227180686727,35.71183312139208,87.9642880547616
203.0242119940931,79.08930701596876,36.017036329581956,91.8304902348252
200.57054657028294,81.006613880251,39.230462181284,91.18834538786781
194.83603484267223,86.20088915243781,43.98174557760648,88.25476138859915
191.8067258687073,86.58140498278566,43.95529673018726,94.47276748959169
186.74233602440563,83.99537168990099,44.847887530240776,99.23646808066917
179.87332832101345,87.15423706857784,48.13161350068483,102.99491682771
173.46000937318792,84.60663691387106,54.96275560013223,104.11469451635026
167.43474095760752,83.0690122147671,60.70220768397857,108.30670142665078
164.1105979351123,79.63450721115242,64.3683255313372,113.92441276787974
162.34457287547056,78.4131456786061,67.2054383022549,117.94261390990721
161.76960698006746,79.32105724679528,68.37451055265822,119.19431043829326
162.59407972821083,81.14423252948201,68.64727471308684,118.00952775164293
161.95037866273876,82.82204834836047,68.16982014790217,116.72228028441825
161.01008297124764,84.19599954708589,67.37311441555849,115.22054197044824
160.5256238788888,86.14274374653937,66.4374417551681,112.487707043488
159.19405810598641,86.17407441436148,63.291092633858604,111.83253381552504
159.94703714827102,86.36310892514642,58.43033647075245,112.65089213923105
160.3853550120489,85.48756370536688,56.49155431794948,113.61265120223754
157.586705519813,85.79407073859046,54.272631588401495,111.99198831014493
154.40121163719738,85.56915923826868,51.2134941171215,112.130931782266
144.75303355377997,87.83440620405658,53.864891787862575,112.03950950596365
138.2482880389216,87.53557347703052,61.80117210133177,108.63802301490162
143.93537943787948,85.47385466145697,61.37956021863819,108.23224769438858
144.43603408119776,84.7493997277859,62.22666881015254,105.75201818604407
146.77563353892904,85.3208472280876,62.10468796948858,105.99428255872405
147.44284893288986,85.93935839125601,60.360245204609605,105.49739381593292
142.55236811921876,80.36533706172013,64.19499263288566,104.42320079537822
143.78373136595502,78.4459738378453,64.78308100643278,106.48807704056745
151.28664647547092,73.35543494631679,60.20242168583847,113.79898160775838
157.14935738514137,63.58138915876519,53.436826335918965,126.4486342523501
162.9195561301121,53.621686435341516,47.83134200439421,139.06306132853095
168.6101303581344,47.98351650778997,42.01441397681644,148.58899146130585
172.77532779824813,44.762827112953445,38.190704353546984,156.72598685387655
175.61963191506342,44.72970745149996,35.90588873962162,158.4728367143125
178.0906197647336,49.4392695376782,34.71162159931753,155.58654659499558
178.07971153944652,55.548692620048186,34.83110056582996,149.24631867061206
178.88692384091385,53.6275517385282,34.77466305682078,149.12665346938812
178.9474454542766,53.686832555432005,35.72838408180431,148.09307053526464
180.82561503225915,55.34554864637184,36.84618709579155,146.28422797874356
182.5948632506062,55.27320609928637,37.60515693717362,145.41755958017768
184.69094351759455,59.10155475918924,38.50563346526966,142.14240971139122
184.76235245950454,62.250783671826724,39.56106027234479,139.19270152372002
184.01642019287254,57.86317849923111,38.179001503911984,141.03040376267955
186.07479203623262,58.65344824666525,37.559063485069046,142.1978515381665
188.0789910344559,62.65841908942572,36.82075869121344,139.45265413441436
190.52401667519848,65.02918783008967,35.879773810256225,138.21857438624076
191.39324444932126,63.60342198439068,36.32844299116714,136.14879946753132
193.19122467707643,66.75615554478077,35.41103444796456,135.88806014902775
193.9430298501413,65.28332495923581,33.57893467903665,135.53275648781175
194.3741673774131,63.16480881744971,32.98524164072269,136.07215359758635
194.18789079662608,62.33686231605475,33.03708190809546,137.32623541787734
195.93141320373851,63.648028160902044,32.83800644468537,137.97239142006202
194.77134251565778,65.17474172057095,33.321728715317064,137.64395466861362
195.65493238682996,66.95599008933183,33.69000529659641,135.6381516042257
197.22181144971304,66.891383392862,32.87652247753185,135.4449302141835
198.73341000487292,63.20887757776373,31.93167114281634,136.72917182866348
199.8339619112645,64.2908381725679,30.964948886544107,137.74304175767696
200.9122449206232,62.751666496944694,31.21285784150529,139.8481894964928
202.08904073856064,66.26027905874916,31.928555174670322,137.39085750413997
202.7234111484378,68.81024860251159,33.098191020031365,134.5989669033247
202.9175221825263,71.58530641117362,32.552813393387474,132.2684939251608
201.7358737605352,71.38058308409126,32.82211490465176,130.0581593236035
201.86689431876528,80.05454673229258,36.86921542408639,124.45276761832633
201.4944272335785,74.99181708475916,36.32209994808239,124.98885713952842
200.37554698760292,73.1359249466692,35.28335663868772,125.78481294929291
200.23906154262284,69.54345802253286,34.98478115289643,128.0168878726999
201.33526460736044,70.01855085895961,34.22274297004597,130.1508472689687
201.45828328682546,70.39857954337837,33.767091781264774,134.93918362648006
202.3011536226149,68.76678685859682,33.179540821256616,138.4971610751581
202.42436410124967,68.28004326509125,32.33637604188933,140.93878218856082
202.34037690948958,68.25998550057817,32.08420160572453,142.82989027797365
202.56115524888068,68.23939766560137,31.694081459231086,143.25320434919715
203.19373097788838,72.55654976609125,31.38503517384982,140.4535005968258
202.19832101885356,69.93549570793655,31.716931227554806,140.09592876623577
202.6341079794321,73.08873920469236,31.832280106938697,139.1926304781685
203.54055818002087,76.74372407997629,31.898140878055756,136.4176348258062
204.68279370857826,73.48302963542352,31.72473020187663,137.94921610916833
204.70208060090283,73.73094763908685,30.883070315218667,139.12130808226465
205.11502544873187,73.25238980134668,30.556974059664107,138.5404927923214
206.30169527666632,79.35642200442092,30.154459718317035,135.494477679691
207.61665337466977,81.08971213116035,29.767004011583175,134.18362648161678
206.55815726325645,75.33058656697924,30.16785977887393,136.93097783733498
204.71794113867057,74.5144141594167,32.781498347854665,136.9198814522037
203.73184939581614,74.77989365255581,34.09905409318036,137.37273312914874
203.37596911359233,79.28769046236687,35.03259679061121,134.28473131021633
202.70069857709936,74.69382881268456,34.710140508136,136.42071825475307
203.9715479654645,70.16919712236471,33.34085937209174,141.38826509791718
204.69618669858977,71.61167718141567,33.15350736474932,142.83102466823078
205.02847778639244,67.10591441764313,32.711888298756406,146.03885165604197
206.45312586494487,66.47041068266776,32.003345887684276,149.03554400720304
207.66023380729408,67.17537640075398,31.31169398499576,150.17622382858372
207.61450578745087,66.56377871985006,31.225878658562795,150.2520806808319
207.54531907821124,67.88339979723871,31.16231148093841,149.64526536016106
207.69025763000175,68.80573654417609,31.548983454391347,147.7211261343079
206.97049374650703,74.72831861605826,31.807889358969298,143.31200286883944
205.08181945388148,81.11785461583179,32.39040895709884,139.3982701484672
204.45228233134148,80.5146691610928,32.99921983309541,136.96230421254722
204.41488838342218,83.46066483369856,33.27212550663921,134.58900655286732
203.92641861665936,81.76431318058813,33.51410162311165,134.72823586197208
202.83056161981546,81.17145664175578,34.61065501327617,134.46248845894678
