213.5,121.5,21,95
205.62039930592007,121.05769076216642,27.203046183386906,92.36900086664312
200.5575987208103,120.95893853096281,33.61737177606129,90.29410709563663
195.62208472062906,118.95304503951887,39.82069185634932,90.02015131881993
192.7766796919745,117.85735951511235,44.228695397964756,90.48846211735068
192.04861226523474,117.09771246643307,46.51139033149569,89.8852882200193
192.86443379102067,115.30794862254675,45.94449127559032,90.49730449231038
194.1470879784777,114.20342525856982,43.61420630980446,91.56294387544611
197.57588422719513,112.35808480118095,39.51810081951073,93.6823750667894
199.96016246972746,110.71929813955072,35.85597367290127,95.75514110855573
203.5653053518725,108.9774954989299,32.657937855205404,97.60557578509156
206.34680565873634,108.71335943750766,31.798664009971404,96.32684703246301
207.07544593709162,108.84453101602357,33.61381196583409,95.14141604011931
206.38682582673175,111.1350702364636,36.75686196095263,94.19031482549657
205.56514305058616,111.80597985003513,38.81450238459312,93.09276480547346
202.05977019384966,112.62981472011442,42.322815990140725,92.29508358546028
200.8498354537144,112.87961652541982,45.23999601943198,92.15482913623597
201.22845114443186,112.20267676939545,46.80807558350796,91.89669983824139
200.33311478499155,110.57502974419512,45.46972784988918,91.69787730577156
202.38090534064972,109.5622221020475,41.937278667016756,92.86622133600414
205.80583381952852,106.16757062136678,37.56176810856639,95.65155081332628
208.8716678784306,103.46558377063569,33.361463811791886,97.73366920816309
210.93253870689284,101.32542328248013,29.453846774828186,99.46631743590854
211.08023753540758,100.82278888255553,28.466515009064615,99.42628861307706
210.85078660956663,101.71105277942043,30.735977206396214,98.52131596890248
208.78544781912152,103.54951822125012,34.26181570075384,96.68540423883806
208.01078605202795,104.02727463137353,37.60436690751787,93.75124597467493
206.837674905243,104.52623322354196,42.42253377162916,92.73087711763505
205.38304755277005,102.84749119500115,45.96491425858801,91.75135555948228
209.02926551433274,100.23272487867655,44.798527377210675,93.32780605979201
208.59331123727154,94.72124217956568,42.67671230042795,97.00034621463605
209.58445460742877,93.73612593024505,39.316584802743485,99.58513353572224
211.4747185929437,92.66865942279745,36.11466123187154,100.9048057230761
214.18078858734634,94.41719210455301,33.70639864441818,101.41955924536819
216.09762931990844,94.78217079651677,33.02576187991659,101.19497796198084
214.78918151031502,96.83588389096847,33.90378246763212,99.49912852097171
211.57547632458534,98.09690647680131,37.82831012005157,97.57945027359193
209.75708709999284,98.58335139648588,41.92961161644536,95.94844528567847
208.5305206984969,98.49999539001271,45.4404396890219,95.29743843513755
208.68214491200894,98.70342370809402,47.74798318361344,94.19125188631246
209.3051414186035,99.64215349407223,46.75167203063276,94.38790544492547
209.4142276067992,102.65978309811334,44.62532478184305,94.51190650982299
212.29819715576667,103.21869254957427,41.79527669037785,96.58790879868886
217.3203793704123,105.52720019151712,37.91411645420178,97.61038698022674
219.78889398989966,109.03181146645863,34.58531053428072,98.96467646952829
218.5536256716944,108.72884379134513,31.874613764624375,100.89583180857824
218.43961692692275,110.53255980574845,30.705961389513092,99.68763335940722
215.65691230888007,111.98881506745671,33.23276350508454,98.87058658873727
212.32686937499233,113.67620434204564,36.252566026683894,97.06939140404612
208.29323277784124,114.10997279411838,40.258110266670855,95.93271574648648
203.48175689932563,113.0054779950156,43.51832436806246,95.63136536933499
199.45107442653887,113.46657454558914,45.99406461881178,95.05043025759447
197.3880461508804,110.8376353504584,46.405236888970265,94.2271337973921
193.62494776736457,109.31784021856552,43.994194962764595,94.49915356557239
191.92145926529486,106.26568571578967,40.42714290272557,94.98064696214581
192.43477638868666,104.36464043689018,36.04307915154744,95.31006553431857
194.2514859135184,102.72439774070959,32.59823578690823,97.37830152844825
190.2517892388802,104.5416691965051,32.957215375045664,97.97833770316095
188.0637644030289,106.08289955556424,34.991193513545156,96.78269694372949
187.35364412174053,108.30458285800681,38.07641818313943,95.79353895128637
186.34130653908545,108.95320053625434,42.28447681326284,95.82288197346867
185.85942709871793,110.57920619899218,46.485977641171914,96.00456667956342
186.30310205199743,112.53191277699325,49.90422551674794,95.0695598174303
187.6348501287163,112.66077431505127,51.13728287969815,94.7339251110414
189.51214757448665,112.42446068342537,50.40516633021373,94.45475827448547
187.96658353044648,112.33403695414994,49.048394123036466,94.73644548201494
189.50406216581112,111.53335332454917,45.80707447728621,95.00343008798009
194.68959559708952,110.58196294255907,40.98978101789717,94.3490361693431
198.30559142621635,110.44860103114962,36.595645413949526,95.05110903934599
202.04986250478413,111.43686011879026,33.718717960946044,94.2748807095313
206.61779813059667,110.61980938554503,34.139437743256515,93.2671307508509
210.79949764236778,108.28737923529768,36.59921319633782,91.56516642442298
212.81359312243686,104.43470161608396,39.94390364870577,90.17181827845101
214.90097950308868,103.38850104281705,42.56186837138041,89.81459512498176
212.0029789419983,105.18203915346582,44.81482993324319,89.1291624183174
207.89346594129697,104.40371506721982,45.19920637181015,87.90212514502389
203.2447403972308,105.70311598499482,44.70611199638047,86.89184931998719
198.72280867070046,105.8170766615988,41.64503598868674,86.87304743570661
193.83834623883183,104.76733491175138,36.97224942664276,86.22178540050461
193.84255217820368,104.43361751082176,32.97091762602409,85.2423724774493
191.87270092633733,98.0988118038503,32.177544987850005,86.22740499582338
189.03753298280262,91.34952097787377,34.12439612035705,87.12352006452447
188.86838542454097,86.15625678185916,37.50784223213488,86.32564217603611
189.82960806039836,82.00370137941343,40.985315039796305,84.98333019040024
189.27809088137963,80.88675897768026,44.462978895361886,82.9957689565741
188.5255230308793,80.04227685902167,46.36824266290229,83.1487199483087
188.43974251912516,78.71533533696348,48.13553434875646,82.73055385149489
190.00332983656688,80.12939887687844,48.34057502301609,83.22212701275383
190.75140398097932,82.43499035694512,47.636713487845654,83.96539094059044
192.9834271021041,88.77705779599111,45.4374367997343,85.20389400195158
193.51278823800524,94.96750645572179,41.18347569927293,85.61981064733399
198.5292131069467,99.36731965121055,35.38440634545372,87.80360081366848
201.45708735480764,102.72212260085107,31.281584199371743,87.21340781340477
201.95564605449846,105.91885086050235,29.763257381216448,85.37920641724067
203.00114621601992,109.6244893619883,30.212529055625318,83.92319445943477
203.45650263050538,111.54623450147113,32.16469526451149,85.00873412202795
204.49826605163324,117.54298122107956,35.72324014619373,83.89444257184917
204.5824151165089,120.49891652835086,39.40884030326187,83.49164521475286
204.11871722076447,125.3989804895045,42.00274846486028,83.65684169430105
201.8935601691917,129.55100088252408,44.08755448847704,83.61465126531755
202.11189279614473,129.08620000272487,42.4317963886542,84.5181352772664
203.34450905724952,129.9246523379336,38.48736183435538,85.59449121933675
204.12387376941228,132.83772820263425,34.548639686564925,85.64501700305797
205.07809294729196,134.094840095737,31.11368882718161,86.91102946105417
205.35994829172807,135.70578641136956,29.114081145625946,87.99569257777492
203.47251816854458,136.0568529825899,29.49570928483047,87.84042531582355
200.55265109014468,137.55850980785092,31.481599752665442,86.87328238635558
197.3159397271087,134.8171198741958,34.56824173990678,86.94148715372074
196.88661932795014,131.8628766022063,37.453761371994716,86.78484632495807
197.12014079301983,128.67213548533923,38.798606778990646,87.64239037967609
196.1265371458904,127.98743749498045,39.438025262519496,89.08642223114836
197.54424835259903,123.38198875200783,38.895160803890484,89.98544342009654
199.70604556049977,124.18147990390435,38.22841767974549,90.82936678074748
201.5147091640167,122.47459192655884,36.88470344878585,92.28770269103539
203.75626162458252,118.43936474820377,35.138397052510754,92.44884575318989
206.51914898101833,117.17591087072105,34.072276194009234,93.74379488045452
209.761646767012,116.94835678810628,33.6471818595097,95.00033911231156
210.00350471226477,115.24053262969397,33.466816775240446,95.28643601846113
212.04053211345553,117.95156464477623,33.78210141988041,94.06227419090283
213.66132857437287,118.60170135472184,34.97292016873051,91.88789352938105
214.84609337762396,120.18507038154583,35.897836315325875,91.25076181804874
214.68159283736048,125.08467671613215,37.83593571109179,88.23335895569983
214.52486345231358,122.047930859297,39.556877343658144,83.94970345257327
211.4418329390209,118.84767144172794,41.47179682208673,78.60641830974507
208.72573925755626,122.63171035396647,40.72669994429339,74.44455639141121
212.13491508775576,123.9160632575418,39.366778097279386,70.4893319866577
210.71629421850423,121.69125224023992,37.24321155865234,67.2812043683989
212.32153594546196,119.09588099684733,34.3726778615976,63.40051855623389
214.53493879120637,123.17163845901516,31.706170303005216,58.6123900244916
216.74112608594385,125.52826896505891,30.354228386030826,54.363567987261426
217.3737094095626,128.32328574129633,30.529269100968335,50.741233366480614
215.67357558763246,131.39604234654956,32.98346219944517,46.29630432917671
215.91931417900105,134.5244057040357,36.82291334236104,42.255005251304596
216.0870577695403,139.11155501762326,40.1800855393343,38.97843602094957
216.76253543939632,138.1791873208093,41.598228958319794,37.7536736099358
218.60140794387,138.0416990418148,40.6232115056011,38.254692587596786
219.11180473158916,139.37764023620554,41.257880552805275,38.27141669944095
220.43602905673148,138.33637420043686,38.93219063674684,41.1514066447995
224.8816967517099,135.3931892317645,35.27145274282272,44.61725222339486
229.84025092195378,135.71814416109865,30.74594024278909,48.83313511603882
233.0502881733739,134.4519728006266,26.439177269108377,53.83956412162036
234.74470030651614,133.8022760878678,23.81098986891658,57.661863850543725
235.43568812072664,132.85451190806532,22.98940262674511,60.70770618357554
236.11611217804494,130.70799855457722,22.677849222267795,63.76773630756679
235.9350882971346,129.48064468351293,23.615080971706004,65.86690171776135
235.10458254685483,130.1575834943994,24.964908364008256,66.74458814094085
233.66053753687555,128.8754187621339,26.473203905550363,70.24686976630713
233.78862246570878,127.3010038918623,27.494616574090877,71.74424279317387
233.9340000753324,126.60326359290653,27.845851003185782,75.65483412221026
233.9878142632123,125.70860879124851,28.528942017341397,77.22744130898712
233.67860857777686,122.03341378108294,28.278905369184592,78.80372673413393
233.9755848368984,117.68929900143128,27.28242444575199,78.10314327463843
233.82456035729794,115.83744962559824,26.04433313376611,76.59607618768146
233.27812272750484,115.16564008013371,26.553048899905956,74.39504782339506
229.8205934891517,116.07485634127657,27.79998889974458,71.53475972745517
227.73216635599582,115.77439416848051,30.009825157824203,70.37952762849774
226.83225705365442,116.1622069770788,32.97597433844996,69.49751750298941
225.4291760738818,115.33821714667994,35.37963030415218,69.56386145020987
224.71663366248987,115.0793644034386,36.62757489103513,68.6504216262906
224.8408522179193,117.65030065105277,37.29745682667364,67.73156014790797
225.68022669163426,116.25288160797508,36.803742035089314,68.47203522174951
228.15531445506014,116.77664666088108,35.54163585180446,69.38052797455718
233.4376061834302,115.40020575476417,32.56737775059415,72.50384645518702
235.08865895398927,111.83012096869751,29.88686961872434,73.86514782892557
236.20158375901988,112.1214584070824,27.88656589184184,75.8563388426587
237.72522481672164,112.25893157070519,26.643165779268827,77.44626091789422
235.84388075452523,112.63812036052038,28.7299203041896,78.62233026914916
231.84183572905732,113.51380117106638,33.14306558812709,79.05436379538077
229.27384405961232,111.82262709565387,37.89947638649551,79.16522876329869
226.57071061271574,113.81858912541061,40.928816858169526,78.88303437526346
226.6731652916292,113.62296745458609,42.63250473125386,78.62773361805844
226.74585934340513,114.04485562031725,43.02213775397229,79.86445121359807
226.34986855290586,112.37314645746277,40.51727795199046,80.76729870800821
225.2441638076275,111.60235952564955,37.44608274818074,81.11354397838055
225.46233007709566,111.32075242337382,33.53421910801764,80.6010040172826
224.32421446577624,111.06814291852929,29.786468759458934,82.48712555573448
222.919935274508,110.6126800242899,28.44311874432089,84.14010664111115
219.30016883046886,109.2722744090995,29.25623094376997,84.19910671998744
215.14850024275444,111.99642827506402,32.16992921844202,82.16450123758537
212.09774577722544,107.41012840603054,36.223516968774874,83.36611127152024
211.66839239318102,107.48509059966712,39.173768126588456,83.71142188032749
211.0319393805599,109.04029209613995,41.55232672255521,82.41881893239527
210.71694966711428,108.35534860946005,42.45517064019388,81.86324890502263
209.36180903813013,107.94850555145617,42.95728815991147,81.74351370726774
209.68390963370422,107.34711680550788,40.19232867370407,82.81530152841084
211.87584386797954,107.08321004077233,37.070017068938256,83.65221443408356
213.45025822303046,105.45168499010272,34.04692826109434,85.8097247366862
214.34729489263833,106.39901957715836,32.25795371413719,88.27315740736253
214.68688053004323,104.54026051111668,31.179569840526774,89.49865946240425
214.6277875414031,105.98269861154634,30.85929946128156,90.03759684301161
213.90464906630802,107.11868427023724,31.87036919354003,90.44344263187676
213.14329079688466,108.38874423335307,34.7265080355865,90.6317207902856
212.46160327384155,109.02241130672058,37.57775305962375,90.28405072846193
213.82481789453664,109.79710564767039,39.210255836513625,91.26092957509624
213.3309133836453,109.71559316669484,40.135870835014934,91.53361540092368
212.9718419871719,108.7497874821612,38.569945043519596,92.78348028714186
211.7774976084106,105.83166184509132,36.7365197148911,93.41762174759143
211.20671284503064,104.12527152656091,36.735559038785425,90.3796324833766
212.84934122226773,104.01825552373381,35.53884164626496,89.19411536240574
213.40550786584907,104.75191728072478,36.62060778537179,88.92752062249454
213.54607858725424,104.86425820778142,37.55967272245192,87.6893445152227
212.35567541110612,105.47262837553264,38.54077545288385,87.83904161487041
209.0689797166812,105.14072686837375,40.957720861661656,84.16349059094966
205.75130000709927,107.58102311320889,42.65498852591219,81.95819846100535
205.97518187524005,108.27260971953726,43.34561688042804,81.2895906446575
203.68847797227033,107.73895147716863,42.85523388818021,79.48925066004965
202.97063258835703,108.2507368325909,41.922668563935304,77.27721804944773
204.06898219395538,107.1863802465648,39.83176183046555,75.7751793732791
204.27522105589404,107.06679165058104,37.809855104780056,73.94705696083074
205.12999216280807,107.44293791357346,35.55318618053713,71.55157393172547
205.80187391800663,109.96483738959874,32.953185520901414,71.05988755902061
205.3204100563791,114.0210333551501,31.52352677450618,70.86062638811077
205.42179421837574,116.87070778724399,30.62720267820839,68.20985173313623
206.95883294410459,121.42278146908477,29.366821491971336,66.48785788050205
208.51184352038624,125.14441139352131,27.981923677153702,65.48572151719415
209.10605264920457,129.87776297652113,27.438458968425294,64.23211401617255
209.77584465258414,133.29328060916112,27.130466734699276,63.10971312741846
209.08101541495628,135.71961932184723,26.061646520761265,62.02714773970487
208.69743779324475,135.97737228936552,25.712456120187134,59.68668181130593
209.62951468581258,139.43582490280298,24.140871942547733,58.93107438258774
209.89142105873066,139.43457915218278,23.461744095564896,58.69538158078285
209.82609625294,140.31234234875183,23.188112627377034,59.09586915325143
211.20805574326465,142.10917917850583,25.11978175860522,58.351036684081556
209.4323004723928,143.09493238163193,26.423491234903963,56.978034821133804
207.71801970016273,144.15447269963647,28.601821394133104,56.80948876726279
205.5700139119672,145.24839250348083,30.68432937135725,57.53244699397045
204.62167934426787,147.39378751089973,32.33604947885999,57.49940844397639
201.81559315015812,146.91917830628316,35.59349602937195,59.03265104411225
201.7813797309143,147.260708777283,37.071542318428754,59.795739332115915
200.34164592055197,145.94720203997005,38.6950268249109,61.15904314239701
200.2922373968403,142.90270669829619,38.32839412191076,64.57374483763135
199.82247574653132,141.90672157371262,37.921291736836935,65.23047519956097
200.39552785905667,140.04102242355034,34.77146389041781,67.09113618566126
201.21803756114866,139.9472399794203,30.949799922558867,68.98562920788589
199.32276547707332,139.32879404866287,28.344636960277448,70.35001296078488
198.2109939889897,139.38825216281245,26.942882151639353,71.65983556495945
197.03901160016778,138.51427460856513,26.029768520088282,73.40849739606472
194.99984519784576,138.594633984663,27.050507502253105,74.93834184577328
191.98812082801066,139.85119986394528,29.762006750422437,75.85686501732344
189.8161144114456,140.3380859217693,31.894857970088168,76.61534371134489
188.8732406511639,140.26465226218528,34.26268648668809,76.34312165358651
190.33139114472485,139.5965842708709,34.66757251891438,77.4432547141572
192.55569605263835,140.49494861758004,34.96734670195822,77.99458686706765
193.73610206585275,140.48994555297395,33.601306156089706,78.67275814358439
195.69208675462738,139.4654175719125,32.085809947867226,79.05036849756826
199.1160016379697,140.48367267638767,31.096085840667453,81.13592335590914
204.06213743267048,137.8754035001071,29.58089421495,82.83112896768662
205.63709950329536,138.82673859951205,29.828469158172886,83.83841045573583
207.76935602092612,139.06103547670494,30.35885224870481,83.82332197898371
208.81590803521135,138.42537843267365,32.386671262431705,83.53345058788213
208.51839435462327,138.06970653157066,33.813236108730564,83.6620061610995
209.44766799245954,136.7097927888131,35.416058585941926,83.56799874099025
209.4250261517176,135.9688310185395,36.542269400986015,82.9791343748907
209.2814264887021,133.46923048579362,37.12368321409282,83.0961442591996
211.10159687141268,130.84563474138554,36.54611877580483,83.11349689990175
211.21354237353367,128.52355785852507,35.81125193385532,82.11575489459608
211.35833114955494,126.54141491330665,34.65400098474856,81.94010338421505
213.00456948914788,124.95529959148745,33.33565970442743,82.52352930602117
213.61472021608057,125.08498875230366,31.930738287392963,82.89826179276125
214.32834717463157,123.74775088206883,30.862435462057313,82.55367000736726
214.30450750588773,124.24758239976845,29.85401216606872,82.64395419563134
211.79887136179073,124.47226103292232,30.705109607613565,84.10646049476857
211.87530164371978,123.79973227046156,32.09619399862762,84.47559644843534
210.65718944972602,123.23641912058386,34.19842569676716,84.76399797955212
207.8805752587396,123.76516155003702,36.18373768545996,85.0334276695197
207.03693870544845,124.23425469135698,38.46275402286196,85.17396004914175
205.20253585764127,125.4246130739989,38.80014859520061,85.2003318020006
204.22136061426164,126.97002686936952,37.42555307137026,86.94220732481529
203.77742526290706,126.57686747973389,36.1227363560954,87.79934914767138
202.39371336185852,125.88993236751705,33.963007047688336,88.81994413263743
201.60093590167304,123.5451903228723,33.18058697149252,87.4154469559052
201.39297611534738,124.35781160384602,32.84226793864459,87.88021098384729
200.17433240940545,124.41362841498658,34.01008298991748,86.36063387439881
199.00216405678825,125.78110298159578,34.64216505171164,85.31372297112273
197.0954798896908,125.69575654671995,35.99579894605665,84.52087820745535
192.83203858318643,124.94916597635965,38.63575681541307,82.87136678225798
188.60611158884495,125.03062999430495,41.31067665721491,81.78420364085287
188.6591248856234,125.03923435142082,41.01245196595216,81.29555723397891
187.22202019688723,124.4012115014173,40.29372101291912,79.02790748415684
185.17060902911567,123.21351937894073,39.66368612113685,77.79164936842271
185.65138615948183,122.02207049654136,35.969925038962835,77.93812578655704
186.037358435815,120.92659459424848,32.917572580717916,77.35192004605307
186.3796480958424,117.91941351535142,29.775131837170626,76.79792759721877
184.97309108875695,120.06506748176253,27.698477250877694,74.31530246373586
182.47591589414134,116.70978396480861,26.501406131319857,73.4381443351376
180.4505127932158,117.34247563814897,26.632397508112934,70.42130365489211
181.27325231236125,114.95241712337435,26.193257948314795,69.09279908715133
180.92076519121528,114.4353000018856,25.984645335672017,66.71767411343875
179.78066231323479,114.1222085494853,25.75473213029882,65.2724501769613
176.3012074779561,112.85973761797544,25.012956299757562,64.23970928737174
173.12625185488292,110.42948274650388,23.998164844335278,62.08859517090933
173.36452300164476,108.33983413282594,23.13350684675201,59.93001655521712
174.13896084208932,106.58130349372685,22.488548716903562,58.45905836701516
175.0212822196552,103.19320257179096,22.175912540217197,57.78184767808054
173.90258618381813,101.22021319738953,22.49769990131242,57.34191543902941
171.06436037994203,100.48528449743085,24.900540917176194,56.729625479098715
169.5488564665087,99.53543949766467,26.850609093507266,57.02150974971873
167.7324280790839,97.5661839170586,28.958480078104255,57.88798607511548
164.26097010111224,98.62331042392407,30.992827651784346,56.67043755633767
162.4184348893404,98.92739078531478,32.76831712935937,56.020538356952024
159.62440875584304,97.86745601189207,33.77088441481727,55.23552213490707
156.45885425722108,98.14935695741012,34.00173649220035,54.957450158774606
155.12797843136363,96.02670247544972,33.76720952414898,54.78916869148203
154.33788316120004,96.91660314681761,32.53245317459885,54.35455155570885
156.32991388340812,96.13052283892083,29.970585853450807,54.99752856916932
157.76604433610115,94.70653092944941,27.426405512802074,56.88889473474225
157.86540525003247,94.6646492471399,25.026706121081425,56.89547296775182
156.78278909299476,95.37327962688286,23.211825882513985,57.36034473847832
155.53891969272433,96.10561529691533,22.377094733332548,57.56166851941557
153.85681898028116,99.12170438104916,22.51624785461476,58.11511123127489
151.06080322278783,100.9218265845727,23.56826414895938,59.37901925571582
148.4564919760827,102.14205011649341,24.380887687596655,59.906193279902375
146.13546402613528,102.98476299043155,24.76559934158088,60.711350713407306
145.56074658947486,102.62106113387576,24.60072902863004,62.438159750977974
146.02167297264327,101.18228571598378,24.266962211714137,64.40882591650436
146.3479381607906,100.4799096181198,24.18666956544576,65.73050448130331
146.78722946883414,99.85006257173146,23.479592013130862,67.18966064514116
145.87447340566675,99.16591884254959,23.047586801666554,68.69325522180151
145.0548802023388,98.69408613978348,23.789768603982843,70.14138823387822
143.19193151680454,97.90760357517567,25.43663403077648,71.16051755386303
140.4009311546102,98.64440627476085,28.025057274848994,71.93774089767362
137.4168635859229,99.09864437345065,30.75773046192151,72.10358465898085
134.97022705643434,99.46669584552365,33.47861925881362,71.43119470660893
132.95979943062633,99.98701016270584,35.69000302243068,71.87107034661285
132.07214575065385,99.67770496590131,36.91429440928452,72.2685832559909
131.41440422162458,98.62789762952309,37.66453458079978,74.4404894147126
131.48244103984234,97.75106079221088,37.077851945827206,75.13260376984087
133.67408930383692,97.03844116692484,34.17659618073936,75.93432199046376
134.8628355692817,96.68153074124969,31.919734748597026,77.07350003456881
136.67410303957297,96.73989941614943,29.526506505859988,77.30142165560214
138.36253116800208,97.69378661738443,27.767298612115184,79.31294971666364
139.43177524739602,98.94431639457369,27.191443848522294,79.84155300980404
138.87574331502603,102.08006985638421,27.835885820571598,79.49447407232802
137.67882679634639,104.93820392816352,30.17309089891792,80.18147378918202
138.562870373176,105.98260418477412,32.75645037382927,82.27194211293592
139.8418452436535,109.09121256504616,34.29756450616528,83.44783324347458
142.65583313543155,109.377694647693,35.15118471565113,85.26865050174962
145.96287230031245,109.95049732274327,35.582312932672764,86.71138400357778
151.0172009888279,106.14749072428485,35.59844670096659,88.12071808519923
160.53981642335694,108.09084144674127,34.331547588500335,87.80432770977492
168.3811593715608,105.51787220669168,31.704747007033987,89.42561656981795
170.154776323001,103.5203286034829,30.76025887556171,91.25028217589372
168.03968074797746,105.36678871067734,32.10719621281888,90.45691764464081
167.38948858582472,105.91715341040646,34.27768669776502,90.09244401014382
164.23905397916673,105.24517473273187,36.79476270009775,90.60892164537735
161.81440757375952,105.99147123716563,39.39397945538545,90.49606231818858
157.64918004070313,105.72440105225753,41.12334027558754,91.01971761072795
153.66898132771502,108.49935281102557,43.027674049525245,89.09994271524691
150.51288512563832,108.9532493288645,44.13954525616886,88.39509246816999
146.98461261731495,108.40769044422154,44.09081321135321,88.32853604407364
144.1830550892133,109.70402394927123,42.888415362435616,86.97707818333491
144.25583819393506,108.5241985699001,40.539844554374525,87.29376233784441
146.11367345124006,107.0466996524018,36.892890133662384,87.96921152782146
145.8156937293955,105.32273523105204,33.727036890431364,89.23580349079077
145.513025643913,105.40830871558066,31.808447041727717,90.11361625378917
145.23699974220267,104.35995071064781,31.48090451912912,90.76240943784158
145.6620149995895,103.66545058745913,31.926040973654793,91.95616294304331
144.53583841024485,103.67659482689515,33.0935537354358,92.29809809340748
144.0400953691265,106.66147000556022,34.23562749562814,90.29426961489204
144.18803680474952,108.20862170903587,34.7579797833024,89.3151736416413
143.33011506584816,106.3130047630247,36.18172315939576,89.33330644227877
141.24144543524756,104.45897009851157,36.88760207818976,89.46256412579721
141.46596280889906,100.43766749953463,36.30185325985132,90.47882216341173
142.89197476021877,94.97374756643848,34.64855350786958,92.84067825732619
141.910413555283,93.27786646219022,33.11807340347417,91.58626317395259
141.96942517774437,92.56960644159597,32.223398597291165,90.68338481197338
143.16051791911516,92.26475014229078,32.49662078170961,89.55272654094722
149.68074227971118,92.44616522987047,32.757483553437496,88.83344506302103
151.4688955765901,94.59264181917916,34.50347596328072,88.23569638078732
150.8457912383126,97.5838306080469,37.167057939434486,85.98911287043468
148.93988631454786,101.13836625121566,41.41432805641507,82.87691830071091
148.76100445082727,106.87566570894657,44.084418930386384,81.71869034929938
149.2588966371383,110.94437321143994,45.94707567219003,82.05388581794546
150.57121239542346,114.34515394861624,46.17560406009968,82.3818118580887
153.0443103903877,116.33990593244748,45.148348375881056,83.03656495906026
156.52833228662755,116.8300223130545,40.851006087155,82.72987004822616
160.13835647874893,120.52077696820308,38.035398582733976,82.86319847978082
162.78780851243408,121.24660412978646,34.98651835722157,82.12069667631695
163.99206710429115,124.23447023510596,33.26733997679879,79.1569655032756
163.7369143027303,123.45512693581603,31.51731609498089,77.03481780849
164.2689480713924,124.90757485001151,30.24280284067958,75.41289813061172
162.61587052053454,126.24383624848997,30.06358897533903,73.80416791998141
160.07024031523036,126.07637578576428,29.862942552298733,72.68446729201176
157.30010400498247,127.8970121072374,29.406796219852588,71.70112049325803
155.37619424031175,125.83464991064244,29.478093112780464,70.17585194363788
155.11113946739837,124.5616413298702,28.60929785819216,67.9809762180669
155.82756417361702,119.93836784072354,27.42461435123051,66.60733257593785
155.71826554684827,116.19947980043625,26.213385106736396,64.41478719197387
155.6795150057529,110.39416495258979,26.461552719655444,64.4989047416707
154.93821566739823,104.77332104486693,27.692622537226324,65.53197153203095
153.21855003327153,98.38838355142188,30.740253716501936,66.49012662451187
154.9906207205437,94.15227052380135,32.37983912952471,67.65787403442823
156.59810570093265,93.07519681710315,34.26194606159958,67.74317712943473
158.81403660991964,90.86545944442821,35.51825896820448,67.62376103616158
158.61390124336606,88.49512972065455,36.649913263399654,68.7454658252006
158.96373851215674,89.71405923618019,37.853373906291594,69.14064321687881
159.7710611268584,91.74896119960883,38.060675417038766,68.81875765740737
161.04145316006185,91.61630133013318,37.6529503754426,69.46939424511356
161.2384419365344,94.00589142024964,36.88507887608829,70.70862284021024
160.06025487575488,100.23840358041477,35.534094398938215,71.47112423093954
160.86896227486682,103.5843496649777,32.3690268793093,72.66519883961521
159.80577858153873,106.60819803609562,29.639674222783157,73.76769769598167
157.26542686084684,112.5794462027014,27.443579892713068,74.83626017014315
154.45811984827566,115.57285064207998,26.527960534676687,76.39367650729784
149.79259545371082,118.10851379891443,26.892849503249735,77.88109939254254
144.36411734110823,123.16382059913224,28.48035649444617,77.9243916606372
140.27939731137107,125.78527761931429,29.73072631008499,79.3063622256808
139.04017156075636,129.5965110250372,30.507836420704677,79.25857097423255
139.70979437908537,129.4599313497227,30.572130799267327,80.20065459692194
140.69819019194378,127.21986909646735,30.916295880551218,82.49387348095033
142.65986787336894,126.45852130851182,30.54156431797861,84.32102710878134
146.45118083596887,124.64431537802045,29.17442730345381,86.04317001548702
146.78831447265492,121.23760401232965,29.1577036892919,88.3973861657529
147.06750869080116,120.46321700439655,30.510272827843764,88.6634681068434
145.146594472089,118.30478194219592,31.87281769402485,89.91455997578203
145.87507443162355,114.44230677897392,34.19733451102445,90.50571504084297
148.3152174666607,111.37150638697379,35.19167030908369,91.25899871668892
147.6034584829598,106.51078466253973,37.51858851881411,92.6359692804252
148.12592205538226,105.61995500197851,38.77900404822455,91.86336787080424
148.60403341669962,104.16738523619149,40.01140141607448,90.5186804942667
149.47981439463055,101.44863685251846,40.01857154067223,90.61779978587424
151.7139511233758,98.83068088525789,39.69524370467215,90.47953712551622
152.1299296546952,98.02644734455038,39.237564293343375,90.81701753071513
154.89043224334327,95.90810116020947,38.37959260145982,91.09574786326414
157.45403781007855,95.45920898789501,35.43880286233739,91.26975902645462
159.1780292751715,93.67312960140933,33.26255226247379,91.27245097012604
159.68902468082663,95.04973832738354,31.787653561082088,90.63888006740248
159.8872973132515,94.39132163126808,30.28667309077274,91.28266520180564
157.829073321576,92.78268764245288,30.462222417278667,92.05992239337951
155.2718704734343,95.13021624455222,31.539450074011334,90.91547072468805
154.35869358899726,95.76105038199074,32.47226387773266,89.54354469012071
152.87960552781092,96.1541770663172,33.59065716605229,89.7004282519335
150.26843880740842,96.33939312603887,33.69492572648619,89.01584344470214
148.25073464198186,96.51009704139335,33.480416073330474,88.43770606661178
146.22808962427487,95.44241806442776,32.733918007548205,87.40027444687354
142.94381375634813,95.8914945955376,32.194611085564745,85.6038705664013
140.44974033205995,94.29775544851388,31.873020251798607,86.55235092419994
140.27343959951463,94.02888000840504,32.37003931573282,86.22466566769506
137.89925690533988,92.82983998318721,33.84238560770777,86.16233345426046
136.81379046061772,90.5505078784135,35.40628852269148,86.57330021507744
135.36861261201764,86.03304024198778,38.080902719633244,87.98505986689617
137.4329865637979,83.68844886780091,38.7901584514792,89.76142299132275
138.65162373206954,81.8642529334305,38.930644096091356,90.60054924650765
141.50575619726942,81.89199303687504,38.0737042007868,89.85585069731437
141.1354757950812,80.43309270896756,38.15369062858015,89.05900239110844
140.41100902497215,80.55758866337129,38.780621161863095,87.76903693818018
143.14425230279474,78.98224940958625,39.09741259465176,86.85763649296098
147.2350721657646,77.63915728595146,37.103373958189586,87.40200388575362
152.7361336861496,78.50046507848712,35.070470125183235,86.39716692378639
160.0932198549252,80.91001754716926,33.07317763229761,85.10647838160949
163.32442184339166,86.00230838297063,31.353237720916397,84.69184471568303
163.90772410824658,91.29304398801274,30.081828354992986,86.26738167668034
164.61292932680576,97.00288143663734,30.537279810574816,86.08174322504883
165.42246223754165,96.18612527551701,31.52521624740382,86.95079581809483
165.02789253489522,101.50171447251437,32.37497204161368,87.6660281754429
165.09777056500565,101.20121162841158,33.444591839699655,88.51770581661134
165.46341520266876,102.1834661377238,33.759493899097876,89.01681889118761
165.6531880693375,101.29334338837455,33.284817073986915,89.29687496632498
165.64695723715724,100.03171369860954,33.228377326158395,90.0510153215783
165.06683929732333,103.79307066749791,33.59942130414244,88.53786578352076
163.57616920450573,105.52012007133665,33.607690629868586,88.42884806677043
164.40091058438298,105.58117566534084,33.807836437809684,88.62589412153702
162.56628384795147,107.22384848393236,34.051046161817126,89.0526995349216
159.61046136334787,108.60739815162803,34.5382335809755,90.54092694742454
157.7772787642266,112.03731080375775,36.160765285031644,90.6021393171153
155.1259837578876,112.12766209619481,36.51208233323208,92.32570189757016
153.64048613808615,115.23162006152319,36.55745773221302,92.31040052227229
151.06109062699335,114.22880301615672,35.80919671429854,93.85873442684799
150.56533464417777,118.32281135824911,35.887962608114236,93.31913235447962
148.7754594165836,115.94113253517669,34.44367427164602,94.45731309403877
148.62480624005337,117.14889327599798,34.8140856314609,90.19328301597592
148.27401497937507,116.26167361308796,33.98192703629374,88.82815472819425
148.6487374455015,118.67324663386955,32.72589066479378,88.87149809703146
150.39399523948748,118.75423195273055,31.568442255548007,87.40026899831093
152.13413066019731,119.56241646471892,30.167639187565857,85.87527889411446
153.86079245030723,120.80678889441545,29.660661651886407,85.09392207812502
154.21905075467356,121.69894848266021,28.772494976181974,83.97836183041127
154.17414721802157,122.4537550327687,28.91738674366286,82.79500786639426
153.97891882031448,122.01967589190198,29.040769818383467,82.28176389402309
153.53800931709443,122.14245595774631,29.223856925562053,81.46040644292219
153.73712015775567,120.82347398429681,29.269084264625334,81.66722639072145
154.7491545063809,115.97460565615758,29.383466666770644,82.66375779339884
154.75226992274605,114.07335312970096,28.976209853329372,82.42848732980205
154.51135364151204,113.2978187955504,28.654900643050304,80.52296176935869
154.4765843014338,110.28310699356837,28.700458791365282,79.72863058587768
153.64731457052417,109.64026492712453,29.587689652281988,77.99254424147043
152.38025598777295,109.40651670164283,30.579178887143236,75.47754109297705
153.54066774607938,107.59178081566205,32.08550714589051,74.35811912714563
155.19828527358672,104.24164274463618,33.48086912914487,74.15249097613709
158.70254370206246,102.89161514441088,34.28401017777203,73.44581004110489
158.27745750539657,100.32251928372183,35.10986588582958,73.71102021417366
158.9772320603062,99.45494347617375,35.71516263363054,73.61577636914103
160.1664778889249,98.96491875739886,35.950767379515085,73.17738713367142
159.35421364986448,99.2855138268845,35.59342341825147,71.94611327640027
161.37062105097286,99.78737517474497,34.479133834998315,70.63178979327812
162.27490167626667,97.61148824435372,33.093710726042815,71.02847193920162
163.86365986472293,97.14755775287804,31.126220494111628,72.5023815633578
164.6530120362914,97.99525437338824,29.451862564885143,72.667135917743
165.55595780820283,97.957010237721,28.251620969182355,72.99876011270152
166.2824590901041,98.90539720347249,27.315921454944174,73.14063287919657
166.20863441792554,96.96805139389261,27.16994744129004,74.47495236510132
165.54200649207698,97.70679078064175,28.379223307273207,74.16211461428523
165.64828243012647,97.81813676304165,28.984919047465283,73.84590091292318
167.0997159668318,97.39187388372774,29.0580990130866,74.14173043541743
168.39964515327497,96.35666261477755,28.911397349871272,75.06956793417902
168.2136462815148,95.50561296032552,28.6673881825907,75.49589145286853
168.19681513974277,94.52032250294889,28.153013354375584,75.47596369204655
168.350155220721,94.74668768874055,27.161533223222786,74.7882410249596
166.9507845758904,95.44834715208341,27.218761499044234,73.26358078038182
164.3364430172911,94.84023215764205,28.29625910370015,72.85883706301911
161.67290764674237,95.89056399514584,29.25941869291159,72.73812512732275
158.90166773930736,96.26080654347892,30.36395743341032,73.28782536295486
155.65764109327802,97.65258668716407,30.918473719090805,72.75748444165818
152.685044742611,96.96629326041742,31.847837810958247,73.38467927063442
149.791522888967,96.9012569334916,32.91060545241987,73.76131227454653
147.3510315566343,97.57163138997275,33.646942426167286,74.39694561713841
144.30985341054782,95.34860087673943,34.295592434770924,75.2312400668381
142.09730042328496,94.28022068177306,33.74817185900365,76.25451047130483
141.02566326820812,93.21796610077321,32.79815655543359,75.70733989812081
139.68479913920532,92.21099872721335,31.29030866445237,75.156419069679
138.98095636532148,91.29091338625815,29.78902171046528,75.87190494095096
137.89236307726352,89.51610392545652,28.005766935644342,77.30151181764762
138.1394832802772,88.1705187525645,26.373288457221605,77.98085588665248
137.43626456223316,85.53119644821238,25.861205085089814,80.29068969861905
134.49015162359072,86.07245300906646,26.725881695559522,80.9443026421651
133.6874350205514,86.66881210587842,27.10074625425353,81.08315030547479
133.04270645335643,87.36734401087479,27.514643462610426,80.34717603500994
133.7005313037477,86.2485820481908,27.851514418413586,80.98887440743755
132.75577687925346,85.86124771129717,27.82597705234467,81.28256170147742
132.50255611308722,86.41812660365747,27.2405256269898,80.34957455236167
131.5301589156927,87.29819080138421,27.285236241490107,78.8001410063993
131.61104438321718,87.82235396752498,26.857533491532195,78.61115307686589
131.09455576693077,90.47727424060952,26.71671991161266,79.06303652590555
131.5796337351141,93.10259359668676,27.42543644133329,79.91867861743148
133.93182460934696,98.4432402926164,28.28853430331074,80.68056626347503
133.742079461609,104.11959347148914,30.23256736917238,80.65294840670613
135.3906424322191,110.20906373487796,32.437378817325964,80.04448631925953
139.67715689650544,116.10084229506943,33.5250611772054,79.12134275020716
148.57803941491485,118.73522283932147,33.57972810144615,79.2628404316921
149.95719612140834,120.77019393308832,33.575674513212,78.92956015516913
150.39064916319015,122.31717075659236,32.6259036012406,78.62998002042912
151.7514354759856,122.3837131626656,31.685997016070257,76.82753468982713
150.68541438885492,119.84480751985352,31.809082042733323,75.07234293132288
149.8193066941542,116.4134939344361,30.38116430873698,74.82226344093334
149.40096396105693,114.6815966085311,29.560834689711168,73.87773432794233
151.8528458849509,110.06519966957431,27.96993252290769,73.11240503691059
151.82467994072994,105.84092746134517,27.044598978896495,72.62167943383761
151.38928480182463,101.55799174179566,27.069136517277613,71.80077490247764
150.3685082722715,101.97504568798358,27.765193994757006,71.02484352013781
149.79295902727782,98.71568646895929,28.443008717044158,70.89320757281041
149.40113084131806,98.34522829141817,28.53742892487066,69.81712938004873
149.95342237422307,97.70377676265605,28.411379007826213,69.31589149309207
148.8305772880217,96.35822234019669,28.478169892051493,69.22237576144218
145.14581650993887,96.19608341920258,29.19931832123347,68.29376993071617
139.8597663039067,94.76989509830604,29.211883706747535,69.15744427529856
131.19104353784996,91.62206330963022,29.13821740719593,72.44688369722418
126.0736350787027,87.31608026405475,29.889749375234132,76.27938029832384
119.94417115137475,81.65822108700853,31.901376128205456,79.76691404777151
113.12396713849415,72.69235874206197,35.252413617162446,81.91101723955671
109.69411767381916,68.03364476673983,39.43909838254149,82.63397611976643
131.36766756724813,55.27105889000701,42.561130065410126,85.15703643829553
150.98122120968694,50.10668614333357,45.24695231544462,87.72397878146542
176.30404739325968,46.33608771295928,47.82994145830892,90.46124535962123
198.93038517374455,40.24390403567892,54.274130979126255,88.06457137812237
213.92043928403191,39.43559842166473,59.056847770758544,87.65572117083276
218.03198471096138,40.38479543999405,57.409533970732625,95.20188813881279
215.06081120545946,41.71036564099755,55.110882713609044,103.46707139860999
228.0978854955618,41.63135469617744,53.49992802683697,110.56655389768625
243.4241270302827,36.315759926462285,52.03189892162858,118.89080931884568
242.90321172202167,36.5490536851807,50.82585456294619,123.6691272732106
240.23407239511005,37.82115357386822,49.761372234256015,127.63059661280944
234.07858045373493,38.95434947421029,51.11677349829284,130.70986549861823
228.00972869610763,43.23501418532149,51.5238203897071,133.79707180485042
227.83505801306933,55.59774374750768,51.292559407932906,136.5922463779878
233.82035909262575,58.93132839646182,52.80299724973558,138.1700941317763
233.82457224333544,64.99992961861241,53.18762281103288,139.6103700962886
227.02502481793408,77.24448541023928,52.749748476960114,137.55105091720966
214.3854141940497,92.17193778887085,49.99985404784897,135.8385602529641
205.53366900417547,103.44131435984427,48.53164490367166,134.6704144871159
196.79272796414435,108.4923312339777,47.34589201974465,135.3769315735048
187.92453283845836,109.14246792930254,48.07007142516939,135.8876351649718
180.9215225717662,108.15278427124065,49.33098812249415,135.1693556247876
173.1580925138605,110.55340388401595,50.36412913735336,133.64114501137385
166.0562964094326,107.16573523951794,52.664403894732146,132.81373247584594
166.34864288286795,104.09607062127603,55.76657055555795,130.4131876354865
168.81079111344005,101.42151536275433,58.34096183855439,128.9960079646942
169.06138392655063,95.49807276626956,60.26649325525618,129.29232648438494
171.50044921183127,91.90864992408616,62.978706160036694,126.82893641283133
178.1381663739094,92.14257246518031,63.28305527551669,124.86394460498843
181.93485002845944,93.41548670412118,62.2409498682721,122.22216729685978
186.52364768252323,94.41539224280113,58.47164590001875,122.78405918618992
188.22133641636879,97.55613401889181,55.659962353893675,122.93090033341042
188.3932890499363,100.7831035857545,52.58865702229028,123.27740914051144
186.08749990590724,106.02859392818189,49.64394516065968,123.83477402145259
183.3836147684997,110.45580931872581,46.95670181700545,124.74571551667088
183.01060192605019,110.21325321244927,46.449424093281756,126.78040389251589
177.3812355610639,110.7686996119289,46.6407768717773,126.93569709247328
