313	148	25	28
310	150	25	29
313	156	24	27
309	163	25	25
310	169	21	23
309	173	21	19
310	173	22	22
309	177	26	24
309	177	25	28
309	179	26	27
310	182	26	27
311	189	26	23
311	197	26	22
311	205	27	20
313	212	30	22
315	221	30	21
314	229	30	23
314	239	32	27
314	250	33	29
314	259	36	30
314	273	37	30
316	283	39	32
318	294	38	34
319	304	39	36
324	315	40	33
333	322	41	34
336	332	45	37
342	342	47	39
357	354	48	38
370	360	53	43
381	373	55	47
394	392	58	53
409	413	60	58
422	441	61	60
491	571	69	52
435	502	69	69
440	539	74	77
441	581	79	86
439	622	82	99
460	792	90	93
489	790	90	99
363	769	103	108
584	874	114	116
642	910	93	129
642	910	93	129
642	910	93	129
642	910	93	129
642	910	93	129
642	910	93	129
642	910	93	129
642	910	93	129
642	910	93	129
393	1077	92	123
369	1076	106	108
368	1088	106	88
370	1093	99	83
370	1093	99	83
370	1093	99	83
370	1093	99	83
370	1093	99	83
370	1093	99	83
305	1035	107	94
297	1024	109	96
287	1017	110	98
280	1011	111	107
274	1006	111	105
270	998	108	114
261	988	116	118
250	974	118	116
242	958	115	118
234	942	119	122
224	933	120	122
216	911	126	139
212	907	125	134
208	889	131	143
207	881	131	141
199	874	137	143
199	867	134	141
195	859	134	146
188	848	142	160
179	835	147	172
173	826	154	177
174	812	153	188
181	809	159	193
178	813	165	201
168	819	170	198
173	811	193	226
208	806	195	239
235	803	204	248
229	802	216	259
185	795	235	276
161	797	240	291
152	795	261	305
140	777	277	321
133	777	301	330
133	753	321	362
135	734	346	382
128	707	353	400
118	702	373	404
112	682	376	407
107	656	414	438
97	622	463	482
98	610	461	483
103	579	461	516
97	584	482	520
101	584	468	489
81	568	493	518
49	564	515	544
32	580	532	562
32	594	519	554
26	591	518	547
35	600	505	550
30	589	509	559
18	589	533	554
27	573	507	553
26	577	518	543
19	549	539	569
42	526	523	545
58	497	507	552
73	491	477	514
87	494	467	483
107	501	431	462
164	530	372	409
242	547	304	357
278	545	279	321
285	516	260	310
279	530	251	290
285	562	210	238
258	566	198	211
260	566	174	195
251	559	167	187
245	559	161	183
255	565	157	175
251	568	159	166
254	579	150	166
256	598	146	161
260	614	148	160
260	631	145	157
264	646	146	162
272	674	157	167
274	703	159	184
234	723	166	190
221	760	171	182
206	765	197	210
176	744	213	227
182	707	233	238
164	664	267	277
119	642	308	321
53	598	355	353
10	552	378	393
6	520	428	437
36	479	445	459
77	445	435	466
110	431	408	441
164	437	358	405
189	451	330	358
211	471	315	340
212	500	319	304
269	531	259	260
304	550	227	235
332	574	182	209
343	612	161	182
364	652	156	177
378	698	157	174
394	742	147	172
397	778	147	159
393	793	142	163
384	792	148	173
371	756	156	187
377	707	176	205
407	702	182	204
445	653	194	219
468	604	216	234
442	577	236	250
401	524	260	287
365	434	293	327
346	416	313	358
358	423	343	393
335	414	367	410
290	444	387	415
250	471	395	437
237	523	361	395
210	541	373	389
206	557	349	385
190	575	337	375
182	597	317	351
192	596	282	340
223	636	246	292
244	669	217	241
256	693	198	221
280	724	178	197
304	755	159	175
324	767	160	187
321	808	162	168
302	826	153	160
308	833	149	166
312	836	155	166
295	824	166	164
308	786	175	191
292	747	189	207
280	717	199	222
284	664	227	263
229	633	263	268
218	607	282	292
203	549	338	343
177	515	359	363
137	498	415	415
119	465	471	478
74	439	515	538
83	464	538	558
116	441	550	580
191	405	480	557
209	421	452	500
219	437	390	429
224	445	351	398
204	432	322	418
204	475	295	373
215	519	257	309
230	547	225	287
230	567	201	272
257	603	180	241
261	661	183	197
262	687	170	181
281	714	140	159
277	725	134	154
273	731	140	160
278	744	145	162
275	730	147	170
258	697	157	184
233	685	168	189
220	646	181	196
222	625	201	204
206	611	228	238
173	574	253	256
169	542	298	307
230	524	312	348
220	530	355	361
222	552	369	385
195	562	403	426
156	580	443	476
125	611	442	471
94	625	451	467
83	622	434	460
86	626	403	417
98	628	373	380
132	639	326	326
173	642	288	308
202	659	254	271
233	668	237	248
280	664	224	231
315	664	197	213
328	687	197	200
359	716	177	192
377	737	170	190
349	779	175	176
307	822	172	178
288	846	170	175
270	852	175	184
222	852	191	191
207	826	197	208
199	778	205	219
181	742	232	247
156	705	257	266
101	645	299	285
71	606	320	321
15	565	370	358
-23	519	396	421
-20	488	397	437
-22	483	384	442
-23	471	384	465
-17	457	391	457
-5	458	427	439
27	459	423	452
66	467	409	431
121	477	378	409
164	479	345	422
220	547	293	351
243	602	275	304
255	630	247	292
276	645	208	297
274	727	202	242
238	744	187	245
206	802	181	197
211	831	159	181
213	869	157	180
184	910	159	176
169	940	150	174
156	954	163	186
142	974	161	180
128	953	166	183
109	917	181	207
75	865	195	221
78	817	210	238
99	779	234	259
99	745	269	271
134	715	270	301
149	675	311	344
179	657	326	361
172	632	351	394
152	619	372	418
157	620	381	432
114	617	405	441
81	609	430	456
74	599	411	444
70	606	400	421
119	634	357	390
139	664	360	356
190	682	307	339
249	720	284	308
305	749	248	267
347	763	237	249
397	776	210	232
424	776	197	232
454	794	180	204
476	803	162	182
478	813	157	177
459	829	163	175
450	839	158	172
447	847	156	169
429	853	169	183
397	831	182	197
360	800	198	204
326	762	213	213
300	711	218	233
281	688	234	254
211	669	285	268
169	653	295	272
130	632	325	328
71	612	383	373
50	609	406	392
42	583	431	448
29	578	455	456
23	574	461	470
13	559	468	494
23	543	473	498
31	514	461	494
67	546	414	426
80	573	381	398
96	622	352	360
96	643	328	367
104	688	273	331
92	719	236	303
63	797	218	245
34	856	212	217
7	893	199	203
-12	923	187	197
-15	959	160	198
-11	981	156	195
-4	978	161	186
10	984	165	178
15	987	171	194
26	953	189	204
68	894	206	227
109	856	219	228
136	797	220	233
179	730	234	256
178	670	273	304
180	651	290	310
175	609	307	333
145	582	337	362
124	578	355	395
97	566	395	426
84	567	400	437
88	558	417	461
104	558	433	474
94	562	432	473
72	564	444	488
91	569	410	450
