111.5,98.5,25,101
111.859134060371,98.7541496265357,25.668629681610895,101.68803153267993
111.71913841489828,102.64716687238106,25.843413022679556,101.56856961179
111.64165075631342,103.36016604497516,26.134939734907906,102.78296547741722
109.63981321106486,102.44975273627111,26.618142060436167,104.20110675060612
108.49093794311244,103.02830097471065,27.39625703821265,105.60382138899195
106.63072269698277,106.38507258880068,28.051635736419858,105.52239972376964
104.85916555230699,109.34900035981605,28.596064904235167,105.07661272040468
101.81220708606584,109.69824212964555,29.062045473497243,105.05107032902677
99.22155710703386,111.4577386972253,29.184860400433276,104.8794480568281
96.59878460725939,113.92877244544641,29.03668715733695,104.40994573448863
94.3242934671029,114.60813881835675,29.256157795193886,104.03499003487158
92.05822988271848,112.71488666462537,29.79163593709201,104.33561659003027
88.66301416399675,110.15582123924219,30.464017276116262,105.0058810009773
87.04606362389536,107.92816664263619,30.932781637569033,105.39945742517685
86.89159540544324,106.13502467884982,31.297549748959696,105.17881724805903
86.37314971429292,107.29620193148523,31.632875090744427,104.68797817419231
86.96198291204932,106.48503086609571,31.735866225062548,104.05240433130803
88.01888759642085,107.94157453741903,31.826173677608537,104.00114674635182
90.18921195331762,107.79762454699829,32.01161034055451,104.83999922133772
91.99535945525247,107.53088340848434,32.28576324317898,105.61497871697449
92.97785506576633,106.1017915901498,32.91126093282628,106.62144345105568
95.59481451257972,104.71005782093084,33.35171900376862,107.3598224599068
95.37134588234818,102.98906434336442,33.981113741086006,108.15563760679684
95.848013257614,103.07975472363599,34.73783744125322,108.2675575643228
97.73569011655457,106.07533072837703,34.785338003843904,107.65944407565371
98.36373511339197,108.24521402838104,34.67196584845644,106.23777068014397
100.4904273041364,107.30431184063453,34.19488785772988,105.49215296129191
102.31594582742062,104.89877938252705,33.95350375954099,106.00156735336745
103.0760776004771,100.16429342539325,33.949695506129714,106.55155866918534
103.2866780160224,97.73908633435944,33.86790527808554,107.1920286030535
102.21090649501505,96.27346418756665,34.084948817918246,107.95190286718965
101.57252580784849,95.0312733277124,34.086102367925804,108.31576924037104
101.96924451115646,93.42903631099101,33.98103131482168,107.36323081119784
103.46299725860365,96.1013110785363,33.5557440091668,105.28281043794199
103.64393476061866,97.53610171788687,33.341390843682575,104.59881561172497
103.00476290310596,99.89951582682833,33.20210841620616,104.36221795414477
103.53584057310874,97.1472201074823,33.138446986036385,105.29423668470695
101.94881932248137,96.53641308984672,33.13030693686086,105.99304926114252
101.3702352380245,94.43863581908329,33.44540094996708,107.21222869967256
99.81221778137903,93.48986752557346,34.04947726416746,108.09104394460542
97.48216485117595,90.54114385968604,34.84817727511681,109.23694155561608
95.78400158365912,92.82969008110686,35.17891247485386,109.50424570396096
95.65862442456614,93.51947432589499,35.57755432098247,108.45718130803172
93.18750896216844,92.6996594204901,34.90446599376372,107.31532532286678
91.040484364539,93.58172715118447,34.80925108227213,106.20915456789893
87.29422818512295,94.62908269485429,34.61401167108468,105.27956706244558
84.1523893513436,92.87980474607775,34.37884616466267,105.24644476023059
81.25538946889198,89.82243318918142,34.16096171707201,106.20952600115947
78.95640789572434,90.15280846787397,34.26531400449005,106.68965984318844
77.69865120648168,91.91262897055128,34.093802789622075,106.59920160570185
78.06828860998891,94.88211727587839,34.05500558270529,105.61483963432987
79.39047711004747,95.57634920040769,33.33610870992277,104.09865526537097
80.04935640710751,101.65787253390997,33.08302175143044,102.82635852970186
79.64326852225781,102.43221665251696,32.92593957034705,103.25102343999458
81.68300892252881,100.36689489861831,32.94865021801671,104.91186051506786
85.95670966063037,100.4069950612315,32.86746292180628,106.35287288687061
90.9903783987065,97.92335197164226,33.00742563181127,107.48332773479605
93.73250903428115,93.44219754224497,33.31652268662019,109.29713519741141
97.02119708089293,91.19111569177356,34.4601515563178,110.6614967743308
98.31319017677728,91.04268414997003,35.45178649263137,110.78960873737056
98.37934297691575,92.3968333608934,35.342266578310884,109.80371765652721
98.96716134125826,94.80921462083467,35.22919303054934,108.7627297509788
102.56813433673526,93.32836399348892,34.69583520106387,108.45250603313612
105.58313665414684,92.47703049922964,34.24243302519454,108.76676114211517
109.29453446861832,88.05814067167546,33.75862512818517,108.70287320231387
109.03377943771346,84.63226661972486,32.67431977938089,110.5815654666765
109.83789405577699,83.43863543596746,31.436823744757604,112.76942968911169
109.7426262902556,86.35053787864848,31.14735112069286,112.97303292676601
181.36681175942763,81.67229922716795,31.526879352270647,114.32834579338672
182.62965101386175,79.86754782490773,31.96655957753329,115.33017590656195
182.31541210308126,77.65136259005477,32.288892535727186,117.1680703916945
182.5097614401293,75.87324552948652,32.84248124709482,119.24802656540514
182.0627790698901,78.15565966151652,34.01236274277268,119.71362241938716
182.21790993567538,78.14310960770526,34.493291039392716,121.57124134300395
183.68613672728046,81.38085328583597,34.8286589550534,122.61806090584044
182.23421895623784,81.58507967667006,34.8467470644299,122.49094157067492
179.0587163610164,83.63956873184739,34.567007320790786,122.10932060944442
166.5212718647953,87.03343234727599,34.37065035681205,121.7141009316878
106.77162901269381,95.10893089914772,33.59714705955021,120.17170158337646
104.77103636304682,95.66113482624966,32.93221850538957,118.68789085327231
101.9117866593811,93.60201332740161,32.81081026654184,118.54701052562054
100.64911316920622,90.5244655437852,32.99063937312755,118.1383825287054
100.58301139892471,85.5611983885305,33.32678795439339,118.35719322166109
101.91935108565231,84.81996787288092,33.22535448967537,119.40143032474711
104.3720721778383,83.38348379444037,33.299587598272126,120.4313471672743
106.79414897901675,82.08129012904742,33.122237832737746,120.13999685004993
109.83488962286,80.6077016882647,32.93309577463498,118.30854442863685
113.76960249562396,84.2240478805079,32.378950466576555,116.66895592980109
115.09953641432587,85.92802226610792,31.771924054114752,115.8684216426251
119.06376992678594,88.7927586964035,31.77975301537015,115.00346790129663
123.15250853310553,87.78568929262414,32.01485629284325,115.21272191748112
124.7321993871137,86.96728813264659,32.657283180484285,115.97143707446476
125.69817701825505,86.54447421680989,33.3406612369119,116.92834127195474
125.1945590992884,86.11496939624013,34.141273535516625,118.67434712271567
125.90042929588681,89.13569158952134,34.980701631775986,118.68132268854582
124.41285268501045,90.8015928113081,36.15186735047695,118.78551105536661
123.3467493722822,89.92815044764251,36.20020428026997,117.8976094152814
123.36030392464556,92.56135011698419,36.03345280281589,116.034480559615
121.7999252557075,90.80700178375562,36.00582390068651,115.05723963070473
121.44764816317475,90.99616351491127,35.93830869116354,114.83208374399118
120.56850217430528,87.86589754432573,35.88605319785604,115.2256980749938
119.47830747369568,85.2647615472971,35.83020769573966,115.89100946724442
118.97824820804357,82.53915836938684,35.715695527886176,116.1269972790586
120.2080950132083,83.18716623018182,35.53228446646112,116.31867868194985
120.2651361769264,83.16454650338687,35.57883768487473,116.16785540677711
120.13465382047323,81.84217920857745,35.38696308284348,114.6168478661164
118.9067222221118,80.91089772298989,35.26005783931974,113.57097620785125
117.38507081982313,79.4301522201745,34.8769723801947,113.73804387173088
116.09687909217322,75.63093361723915,34.84744624954175,114.15035055391996
113.75237701287472,74.2973627031248,35.13815214458894,114.99794711313619
109.49624001570427,68.32589611107085,35.55380176454018,116.94217252594287
104.4816952969797,64.89454958795838,36.607466435448835,118.57620165081157
99.58903518702553,64.96050788106821,37.74619737618234,119.14214947785334
95.77631985174972,69.85394327807127,37.81299138138975,118.7019049655855
94.62882347435206,75.5770239183747,37.502529691299785,117.68238324186339
94.31468725525266,79.63621323809151,36.84360298990357,117.0053774738287
93.18179159010418,81.32778704773645,36.51866412992342,116.16636447139062
90.8488982014947,86.35074780904444,36.040224356086455,115.0439248899978
89.15687369886295,86.69498069032815,35.97259079375354,115.14706555366938
91.36773827676973,87.94933082008636,35.73813323294122,115.64203026455093
95.08987541458885,88.2329009422905,35.5997418880586,115.75507790113554
97.06383693494139,88.0279858762299,35.475074386293926,116.00124372208613
100.2549871892782,90.02656738029856,35.419761620998,115.55234617110217
104.92886089478576,91.35872509902359,34.86329781746579,114.31642815072058
108.58877656546721,91.72730240769712,34.579510120054294,114.64089174225869
111.95641491930921,94.5047815721816,34.45647229634247,114.4319760463464
113.69417265602519,96.50273660491979,34.665496379413824,114.76931745715785
115.3150895655746,94.37958546947112,35.42336739811405,116.01831552692907
117.05730701402223,93.06934412448759,36.596938215635305,117.52144513519298
118.17366000072036,95.39119845191743,37.24982112659269,118.97253361473271
118.23754029375041,97.52332179512868,37.917105975961206,119.65503899969082
118.22343590167942,97.7372150964467,38.286170537366814,119.79119751166736
119.97486898629377,99.50457334810105,38.24068800079803,119.85613902074878
122.00182904349558,106.28733000529874,37.578515122646266,118.55867876116297
122.39268538226528,109.15767914386326,37.03807949905905,117.72901125338208
125.63389705953578,111.95370663060797,36.43830747355859,117.17928463758922
126.01927800703864,111.79884941679053,36.274233541561756,117.69203038162365
124.97216279370683,111.3790302499321,36.057363008447545,118.60419516281549
124.20442961825665,110.10813787110483,35.923741710956165,119.2307355795734
122.75349522209564,113.36284665999938,35.87686119946045,118.93504976753137
122.78565828791004,113.5647849394347,35.86730191278971,118.16271109313453
124.568142549235,115.58881031778904,35.53493860902711,117.23685748760995
124.97176305620353,114.8088831985911,35.463694854706915,117.16092614632441
125.82279596259897,115.16498568739932,35.46262794423689,117.68570303745187
126.39115074660083,113.54701138883209,35.73351150729853,118.54268196524431
124.54462013565805,111.09190634846607,35.98738138778394,120.55001495361488
125.03245643326967,107.38499200952296,36.88539844404997,122.23713331198206
124.96272971345942,106.96202747746311,37.886836732646586,122.93102770598725
123.9568553111742,105.88445966144343,39.230620899937534,123.494112189612
124.31056389037019,104.53393095732153,39.07553983830917,122.76129165290949
127.47540001179021,102.26137181941516,38.90392576197303,121.74199304334628
129.207473472728,98.91381892939759,38.26421788886458,121.45945724089238
128.05480424115453,97.70385746207387,37.605999823920044,120.56200380034149
127.30094046417838,95.25359957578144,37.23702042005526,120.19463245744781
125.90944721706205,93.68528191595587,37.09608127608909,120.77101534904416
124.99221666815708,88.72849769187769,36.84360947633127,121.42036260579427
124.52977923536054,85.4988626729371,36.79431300145882,121.46485393426381
123.54628034742075,87.05534715941198,36.72641702619397,120.55697715301021
122.52944384580951,90.04216360139725,36.62868348377742,119.22063903832678
125.28654551641336,94.18687978212718,36.227565412497725,118.58549306144945
130.06903010012147,95.50755939604174,35.884753723414,118.91706402656772
133.8861910160203,95.15997042054371,35.7123120986781,119.71721483182041
134.95154125240794,92.07884753029506,35.95636152481339,120.93576172926107
135.17923938685414,89.46395281951538,36.63109030169733,122.49124308922069
134.48352880055432,89.74950004988479,37.13761662642709,123.60943998647596
133.5391458951114,90.13114789774258,38.045456221664246,124.44966265757402
133.14920523740057,91.96298177131533,38.99550858930341,124.70142450256112
133.93310882816496,93.36874923951218,38.64267032752869,124.4117115418754
135.76962655079836,97.84095697516938,38.220090977003665,122.91834301422557
134.80110257163994,99.20374839802116,37.70094882606756,121.35029643675627
134.05833664282574,101.33310866919061,37.80848459662174,120.67770842081505
133.18727529412214,99.173614740527,38.03630122560851,121.04403905539449
130.28585956379132,94.73301814391976,37.89018573345031,122.32052405387627
127.9182472795489,96.63860481016846,38.302743180047955,122.46155828668651
125.5557536300472,98.88571093357677,38.365812792588926,122.41018756971607
127.48726347349535,100.75541381862871,37.78717854842643,121.0028449977018
126.87906735531989,102.42846433037258,37.49771164819591,119.67221590948628
125.49321904373173,104.68461360199947,37.32482247120133,118.7352380869051
126.21746698491317,104.91046581140864,37.045486478059644,119.46865937666678
126.49963487197272,104.60862302292988,36.83680032423513,120.31883610269219
127.05309252826254,102.53344069040558,37.352314263326335,121.94550482200103
126.4397934635902,98.98548059915035,38.40801529627549,124.73580385735573
120.30931314060686,97.75314091258142,39.68525611649755,125.97340479268843
111.98927780974398,101.14758593962908,40.36324296169499,126.61831686643123
112.32542247077168,102.70737591253894,39.934579280508714,126.30207330252375
108.74019195365199,99.06093037307326,39.92277407939655,125.22770440220704
108.35918613905538,95.97345518021714,39.13073359410308,124.75432266893125
107.35256041479033,95.16076270488799,38.498950967849865,124.1777172536075
106.25343683574343,93.97413855561054,38.14765164576484,124.1969640300982
107.44423575199644,91.42481387569471,38.26281751946608,125.51306996913823
111.08738115142845,88.47279463480075,38.33948658235744,126.65572539428551
115.73053842664493,89.10680386137453,38.32867995886539,126.35499692536419
115.98667844820734,91.70038195485925,38.348314269111235,125.72688748369504
118.99315888659929,94.49823557838926,38.089145678246524,124.91480726986869
124.14055229094186,96.72647043317872,37.418149610528204,124.3948340564903
127.77743171062421,96.51488620953532,36.97271842695571,124.42636371817643
130.8822725448802,94.56351214541672,36.82376006319227,124.76235297533513
131.2430464399735,91.27727540588879,37.583908401850834,125.89800451683
128.7847551867024,85.67789668891879,38.76889110065382,127.25135065011081
125.58433992450702,87.86163985256361,39.843211672499436,127.84307662598277
125.63401509658829,91.38548046844585,41.178700934621986,127.76653625572953
130.98772834740566,95.12397600617695,41.976098117679584,127.69512093252564
135.4650774934751,97.77542546069672,42.234989493814666,126.2557221417417
135.83975509577894,99.53576244339857,41.03856765431359,124.9589718595045
138.1991628109608,100.60871878374147,40.106543786983934,124.72067996643925
138.3581772705892,102.15864365002034,39.337255135480675,124.05547326404813
138.22100952460016,100.63459979660905,38.75630849960159,124.7296882139127
138.05921081760226,104.92641882861949,38.41288332772855,125.00842064091968
139.53367852798618,107.30800494198093,38.02381075905725,125.46368560902101
141.5139268221161,107.80665594831308,37.8714711379605,125.97836973279318
145.51240393218507,109.325965479284,37.36450381433745,126.28846907562124
143.24600359432307,112.36715650629002,37.08376117035929,125.37224140622223
143.03424475044426,115.12578833625497,36.74362081139451,124.79171766786214
141.72762392619322,118.67493087783595,36.74403468203406,124.80783917039356
138.04136358677198,121.10164650746674,36.96065059097907,125.45066521627722
133.4794623512133,123.23310671423954,37.106214002648194,127.2627283995334
130.11912115028173,123.32502971906365,37.835275387055276,129.00981360040305
121.5538664315111,125.12074042604254,39.56230238746275,129.85136080293086
119.38373699811787,127.49754939979975,40.56953865979731,129.9073489307033
118.2650825996368,130.49804989638866,41.53335035211468,129.24750871175644
119.8307608574155,128.64170520807454,41.44114002147853,128.49878899643522
119.70572243448821,127.22597661487666,40.62784258640355,127.75108000889607
120.26625563187487,124.33639407014246,39.80617127601132,127.42944887567769
118.74166479946153,118.05190496467742,39.02754766015258,127.20082634045299
117.94202850712247,116.32038872982243,38.44831291679726,127.39645306179565
116.0917475633655,109.80070116228248,38.4688051193289,128.58215521561334
111.86678378827824,106.44766134052912,38.896072414071284,128.79526486934344
111.30040255169135,109.67036036053918,38.81911952088155,129.18384738962607
111.42520679735205,109.20201625836918,38.441795307833715,128.3508611736093
110.86602441174415,108.4623814606513,38.03174153809493,127.16050882461757
108.4767522691277,107.7456200645021,37.31861473797017,126.38295201944284
107.83014795754622,109.5429960123805,36.847683112834474,126.85011409081861
107.79786867411391,106.41244833689811,37.25034413960664,128.5265460506701
107.10903554662033,101.73601713714149,38.23642492534789,131.0598951292605
103.18251269191913,97.41835509108645,39.56912113218681,132.53314751650606
95.35181418911316,91.07061103612602,41.10828379331633,133.2643192583239
92.09843099030286,86.23430570179883,41.771506661426415,133.7019741393196
94.84078553017224,84.56776596065585,42.04880958653997,133.57602227814547
102.0597599154627,89.39805990439842,41.484434119181685,133.00221017038444
107.22768699175442,92.6076560801697,40.49584711747716,131.28651999703402
113.12517690990015,94.11467317648423,39.91275273345623,130.00734384044623
116.5362009590919,95.06649577786963,39.591766551424044,130.50637259740748
116.99308635135009,93.0639033340711,39.62149437835785,131.15973224773037
116.20842848857524,92.8704035804415,39.762977500452955,131.43427173778528
115.36627316355288,92.43973723875027,40.00729798764827,131.48910166171112
115.064221832713,94.08746385520018,39.994521126527545,131.0032311390774
116.88776800300519,95.43557051595413,39.532338368081255,130.67453266627862
117.06857247937677,99.38660254834019,39.218219237248945,130.24227050427749
120.90508916746438,104.28823260877853,38.90937167116282,130.41393637827386
122.29962889767458,106.00903248311698,38.80287959592005,131.18928084727884
123.35093125709574,104.70575075948764,39.469470195299785,132.46111784171006
124.92633097674249,106.87896348452935,40.94330263772012,132.44354647564154
125.05120218855572,107.97458902779402,43.87212070947026,133.07662047379847
124.40811260473188,110.14791912485654,45.01510469503292,133.18358786603818
121.15590784234067,109.09351951583469,45.687431471402235,132.79261954219652
122.91914381670344,111.67763370035406,45.455430309725045,132.4103079784251
126.08202969800868,113.71074784084672,44.044463482569874,131.54431291849386
130.17626589684932,115.0102832179138,42.65295763762301,130.6462999560696
132.4373428920251,116.20204963619838,41.58607203029753,130.64124779233674
133.68751773532094,119.3128293980785,40.81631483294844,131.22435192671858
133.4928844398286,119.2874697619873,40.41141479938707,131.31855562221057
134.26909716366325,120.44708305758414,40.25556718680078,131.6174175148273
131.32968327111553,120.09851087024481,39.93875107007125,131.55712102446614
120.83593772170326,123.1387855193945,39.2692673764153,129.75333135064795
119.58170500295276,130.98978907071879,39.181363547406306,129.35051667658826
119.48392776659796,132.2577182374552,38.6813628100024,128.8449513309389
119.3524070875321,130.26691005319304,38.422183198933965,129.5697093506168
117.95481623433867,125.18764651812049,38.9210218171708,131.5010454493874
116.49908789742594,122.460358502084,40.91647967450611,133.16299629263284
109.70445919472184,121.26206034695417,43.7293403285105,134.4790900928217
106.43980656608326,119.22837665895386,46.74733858467373,135.10052031214508
107.3188804064996,116.09395997916907,49.1706803714619,134.59076060836017
107.72716239823706,115.34947109247435,49.62904078545557,133.1820848020377
106.28513273008367,115.60444104749067,48.498894189145155,131.67679178932104
104.7213375642571,115.38704876520866,46.50611794746456,130.9454838388933
105.14067769919512,116.21732670527624,44.83321571847442,130.32942223003653
104.45839995996892,116.82919086792879,43.77616274889827,130.26887044129148
103.72357026192424,117.70980404116176,43.14747471952682,131.14386860311106
101.80322602367356,115.40686072658815,43.08138199943395,132.0087541031079
100.2537538232284,117.60745491340927,43.31749170832294,132.14978059991853
99.9918408009991,118.87442292158428,43.45507285970749,131.4181022406196
103.04768015625955,122.4977604546159,43.09063755357503,131.21961633776436
103.94869355431427,123.3736583235767,42.95603686677954,130.72431691007682
104.14510322290762,123.3804743378157,43.622464665708854,130.65639207983125
105.25439635936063,121.48101519533662,44.27213973008313,131.75368644816342
108.19356660881655,120.58301030295222,45.03726284277406,133.27591254915538
108.00149269708812,120.5624575193441,46.51933203769088,135.02348288382768
102.8028133065379,118.27505122198643,47.75079344940656,137.16708710642692
103.22198663405112,121.10382021293753,47.951402602065976,137.52059505729449
103.23602303766258,122.41495491659842,47.6310267095159,137.00627776789264
105.3175752380086,124.89268034253777,46.604703524491576,136.35678184918044
107.91862286746847,125.52723581034235,45.04467689006831,136.3548414620103
106.83321051899091,123.74912775902418,43.72150353633374,135.80924377146428
106.27408360902092,125.75768399167026,42.77094880067069,135.5580314412124
104.18626336915007,126.48821880607056,42.24679451112528,136.13315184537078
102.62842700980704,127.64451706095332,41.900823295561466,135.97742641600382
104.95939832399196,127.76342289017686,41.59153226326093,136.25250348712905
106.32272358691836,128.66422045893373,41.55239485042999,137.15449588165876
106.6372676895044,128.04442840417505,41.33676412831113,136.51658780176876
105.24339789205777,130.09588020792722,41.15270506483341,135.67754966515068
105.29139314971167,128.35791510404982,40.69423498199784,135.56965523835348
104.0826027812362,123.18570142791735,40.829211024582314,136.256839815655
102.37390303639614,120.74609033032858,41.362978569606064,137.01408754260135
97.92569259663273,118.08616774913486,42.39242891003989,138.80959875113138
92.0454560360514,115.2878017113701,44.227070236463746,140.770582917115
84.5045963433198,114.8733602144317,46.62486876163642,141.0346067591516
