289.5,67.5,64,236
285.6472399144459,64.22676522465622,67.37389709371564,233.26553998525787
280.7025111812439,65.44200811928137,69.91458441851807,232.17836336005482
272.66202734252784,65.97671182276824,71.47107413727099,230.31604704614443
272.399748883887,68.36713614825095,73.30288620344021,227.56270808451006
267.87844584082455,70.96786395361038,75.15487472822485,225.62217681308564
266.37639589758953,70.87949418231518,76.2980351119788,223.80446662098822
260.7671394094978,76.73074629513044,77.42466252145086,221.14135868136844
256.8656364601459,76.54276027374983,78.35379757054534,218.90770180834292
255.38395413093397,83.92424671200641,78.26345725193363,215.9578297466491
252.27438619808942,85.25176049475361,79.46016841974675,212.6371072291436
251.32887297602701,85.74893108999522,79.87909532125374,211.34943775344308
251.15075526084055,87.66585202753588,80.51510556647082,210.04973574995907
247.76320586748318,90.05515941371637,82.1830123136958,208.005830240446
243.98162579189125,91.50599631048098,83.22688106397024,206.50309045360774
242.9980658721615,90.43691793267934,84.1526755726955,205.39112156261984
237.31334008288275,95.79614505961028,86.03449821448541,202.21160106272524
230.99296839112537,102.03785596702275,89.90509522806607,197.4341142492736
241.19116737178012,92.2481404332029,92.15601324576049,195.88905457899824
235.19377812591475,93.19420160951923,93.60895118420758,194.32909839147905
237.07942128831854,96.03807295546125,93.04020191918389,193.45604915052274
240.27607933366164,97.74621982918066,91.88810534906656,193.61582285074627
243.1327165546339,102.79159596074261,90.71416997267379,191.74934140824004
243.2611935955584,105.05701932823027,90.8051550244689,189.99137284327816
239.461665798037,114.44349346292138,92.82439570862307,186.08931042289495
250.1161991467623,114.36590738309536,93.8464866954986,184.99371630523376
245.10063686398766,116.29716578492106,94.80475054327445,185.42403950554964
224.69365424031272,121.2996315579966,101.25216534506767,181.54707579387122
236.18269074257216,120.91555908184914,106.94406380661326,177.36446038163368
251.06387982732377,121.22562168081588,110.71990127431708,174.6566350551449
268.2889518205147,119.90059728126248,112.64888860507392,172.740073517948
265.02271348260115,120.25906078669898,115.5787649448261,169.99353086643472
263.9556823149313,105.82054571021276,117.9369530677816,168.92046107433882
249.83290914015166,98.31392197089572,121.44804049400106,166.92544019664965
254.7649068626437,97.99949753850578,121.81376134998136,169.70180149734261
248.36279379881654,98.05865552119909,121.1481045125478,172.4954909564555
255.30155114442667,100.9656691893375,118.1455707478412,175.7492135972905
258.9624520277316,93.82283705489095,117.10296142889361,178.4308577474702
259.67832102864395,100.98249379632313,115.37687918068151,181.2956396472963
261.5940444639756,103.62562008133666,114.423474292669,182.55133539575067
259.8499772230474,108.23468065027879,113.9333992789809,182.71807334294942
256.1418258421519,110.04818710053208,114.2688023253484,182.5759401745748
253.82089883342275,110.77016337737672,117.60191823035701,179.66661231666342
268.2577624563484,110.71835731131397,120.84157523133179,177.54073679124193
266.0239015072354,102.98406336749898,126.13880382482843,172.38364184806136
262.76643442690096,109.14970020044852,130.4376194113548,168.26701261423014
264.2643561255543,111.98615586824452,132.9367677933756,164.36355015501906
262.1043850398882,112.70126667281258,136.23637846274698,162.2613680132177
260.6933630536348,109.66371913787492,137.830142844647,161.83887111074193
260.1993751231179,106.48529450127256,138.8297049480363,161.31638068896984
259.9367198301636,102.71910280718939,138.230547088167,162.45062221617428
259.7636801946045,99.50414070507773,137.79531746989625,163.26363310176356
253.3435130034657,98.03685337950348,137.2724287763071,164.4887448718238
250.0579209670172,97.52651174272572,136.34085005470945,167.0039297361081
259.2647378222513,100.49432316064852,134.4020126394073,170.1263198626038
263.9191751391634,97.51950426242392,129.21684482320995,175.2597496541015
273.34386587323814,96.62255010552529,123.49894071101754,177.61753888830893
283.4046932030059,98.55349601457891,120.54039678451436,180.1026209662283
278.84119446058725,95.32579046544986,116.24532281244244,181.06874325757113
288.3488224148958,97.85444982455073,116.38226951002652,180.78874444751148
293.2603094169561,90.68321616005719,114.71328148307877,183.05665542579055
299.2664662491314,92.21164896251962,114.53585436963147,184.9748507606545
293.5616354451914,87.02013848450801,113.07949196017735,185.39078683203417
294.36533685885024,89.68779646500924,112.29935916383505,185.3516749611501
293.2514129184447,83.64333290156833,111.14604916958515,185.81744458681123
293.38297852764725,81.76370400481056,110.48069409592297,187.02344324603416
290.51122359688725,80.12077628476942,110.1622995270536,188.84222202691387
290.6307555818977,74.53352482227838,105.07875551934352,195.52848375621724
279.3537240478896,68.9003573393776,99.60925520234991,202.0123923647495
283.0940841557507,65.70898832926297,95.72008223737545,208.77449448805763
282.5844817381789,63.08758731716763,93.7055649102723,213.2288546158097
268.75924243396895,60.789448168297085,91.42017048707604,215.73490054126685
253.15422152798098,62.59606053673005,91.86586331528729,213.99399931743193
255.7123834460599,63.39073781343279,91.90332709204448,214.3370820647085
254.166311567371,66.5982302112767,94.61713725104696,212.57484537693085
253.48798727090968,71.0404631227719,96.47011619460703,210.51293509593265
273.2227448486855,66.54946014780793,96.40618346703391,211.68528299532346
273.00900812663866,71.6820455886168,95.68380844997652,211.60144088720426
242.54588701532623,76.3947858532846,103.0717282238709,204.55333023854493
234.41659890522874,81.62527593751354,109.85843497537688,198.58452421864664
242.51101283326975,73.96129285267644,108.18715568039109,199.2933888639678
253.50243307731654,77.04273930750517,103.8172073431764,202.6031388528699
263.49398683471827,77.04667294469508,100.89793687976449,205.6482489020222
269.67483879975174,74.9270928846707,99.079064370596,210.7636964823981
274.11514293946254,69.58001131089439,97.94494656969002,215.23001110013504
278.2167108084694,67.95339517784616,96.87610248054114,217.56102301691968
291.1268743889252,63.917388540179545,97.52703729777886,220.63177839582957
289.0314615461854,62.55709573473513,97.11889018586469,223.86240947552562
288.5597275342921,67.4379096272992,96.40026027874312,222.70519567660352
288.85918337443377,71.80811934325328,95.94783297345973,221.3866564899041
287.51069556778776,78.44253058296424,96.90096121660403,218.80103103196657
287.37829919487547,80.34533106389729,97.49202329102287,217.8880019962174
283.53176788467204,86.79562547896717,98.4419375845559,214.61243986895852
282.165152695346,91.03844635596116,99.18424360484002,211.9094347574266
282.2044366758238,97.63040119273762,98.99233535548389,208.14433592829505
282.3148789305632,98.30209916230226,98.89583161335047,205.582125854568
283.0746562981665,101.14229510763376,99.25604191186586,202.76380309384885
282.0906332364813,98.04776182249685,100.35708644212319,198.72042871563633
282.7362492906695,102.77997845237286,100.40681817423152,197.322476092481
281.244512584332,96.4294355502063,101.10294736960597,193.88649791671156
279.47981624246773,91.43522928337714,101.50124798180134,191.53316221276003
276.9508837004527,89.99422493349257,102.2229729100392,189.00861955144518
276.9852823131695,96.10343463552391,101.75140123144257,187.718677434675
263.660676134449,84.97996079141917,100.11824397523604,185.94668515096063
260.80016450398745,78.22122448135278,98.99900053159979,182.64229650400358
257.64945179932414,71.42020418820367,97.62847560065545,180.18637467269926
255.44580833611298,73.40524387922653,95.39347908744152,181.32276396817429
254.71004735111742,71.51592032502899,92.67183146362159,184.2310101113556
254.25118443030206,72.73695690666186,91.51887454119894,188.76352152755763
254.8394895123473,74.32434654562856,90.72949635290232,193.64259814562033
256.3028314682033,73.84759651367817,90.99422036012044,198.94555213560753
254.14758533838582,70.48750080449922,90.75138792035348,201.55561610492978
252.0700380327855,68.15612071125942,89.23941548062028,204.34179474176491
251.0968894150475,69.36257705477541,87.78325690936408,207.9378094000088
245.26694779769025,69.59837544672145,87.13741504642233,209.62029706016276
241.9729847475958,68.86894758916272,85.79283887686638,209.40005154656623
236.18991597815517,71.12344481926847,83.40362363254454,208.79507143533849
233.57366457746954,70.32494192848291,81.8950795283982,208.60500825385876
232.6842775541495,72.6745797264996,81.12744635229043,206.32662894955817
236.54393828335554,71.60768601943604,80.05676314232201,204.81854467293516
249.32883780873237,71.92270487988289,79.52472577980078,204.27842033516774
247.78252602793896,71.78297762148617,79.15577073382838,205.1140069897366
250.51530643826368,67.29826386255036,78.09874873153828,206.7899936888216
252.4892376550672,63.68456129353767,77.66573906015356,209.62817048288335
257.4218685470085,64.15110916334473,77.69027544063866,210.77076024436786
259.66158070019316,61.1346719587804,78.25363296410333,212.19835234682537
263.6481744537078,63.42323808578999,78.9918969875306,214.766606788668
265.84061999333863,65.38484085849112,79.0818246147813,214.9148233433329
269.46239032585873,68.00455601572054,78.1526946362341,213.44992940010513
273.3273490073868,70.05628828306801,77.62972459983817,212.12213348647342
274.4448902874845,79.15269758678743,77.32567553173101,210.7612889085756
276.9117705755731,84.36492512367198,77.18154250758631,210.3399437667523
280.75754083293094,89.98159331326983,77.42492182700751,210.45182509232956
283.0607847668091,92.01422494312702,77.31253071523274,210.7693810083354
288.9673772789172,90.49019193871182,76.38424101572352,211.34598309847988
291.1156040153456,87.98695899469388,75.84450021796135,212.6944907173965
291.4999584252721,78.14381877274468,76.52846948248177,217.01999998209567
290.87525573638874,68.4976792712584,76.90828928657525,220.89346527962388
288.5747553710261,66.90785163028154,77.47475460928061,223.36202165219956
286.29775936004603,62.895088690877856,78.91990831146225,226.29840377795517
271.1766155422771,64.93239619795585,79.08255079013975,226.66420700720738
270.67563313759103,66.60942473759782,81.03116842915895,227.0355434616301
257.1022475910632,68.90614022458877,81.43259154553,226.86394409546682
256.6431076104876,67.68600900676081,81.99604255293819,226.96336428411345
265.17773063475914,67.36058263449583,81.23056275500554,227.27161656382256
272.38455677286083,66.19345638290126,80.96855995389978,227.84512401848875
277.4090580179593,63.97640346958711,81.26173104005781,228.11669846923203
276.17707260225757,59.066180201253275,81.73500901753364,230.29616142435674
276.10259760689235,48.68770045362119,82.0356951932188,232.38307888165704
276.52166279707814,50.8251406557106,81.70570692653277,233.25683624908467
277.18532219765507,50.2113173563818,81.56501157947292,233.92064347176952
280.34458731557083,50.96986590984727,82.03926698817261,232.4480415823407
286.47078556213603,51.616654390541754,83.06122542973459,230.33797164619358
287.3340531172025,56.77124625969189,84.13809393555323,228.18383341723168
288.2934971399175,64.03172280460875,83.74502280754258,223.89068546503225
289.57147838299977,64.16541941768041,84.04889809184006,220.65562108295936
293.01805598267185,68.9647601499586,83.33203531192959,216.10646058779386
295.28018343910713,69.86806368633117,82.79152859661448,212.28530878963062
300.7810881809854,70.78781087222247,81.57244635437402,207.62260751629773
302.8357274369857,70.234303614568,81.09833496426074,203.7938806070461
305.0467714961395,63.658726116101306,79.75861903452125,203.1145855459961
304.9275947076346,62.653361835507866,78.89426927863002,204.41674332881308
306.8630719055705,56.836814331580086,77.56354873323735,208.66228798266474
308.56046704250804,49.18312433450919,76.65760857609203,213.35903889508046
310.47926322343517,42.56681076924869,77.2040065020185,216.43676356741054
313.40449950524555,42.107853952141596,77.96188516901908,216.95166000854573
319.85557810600903,44.58133907734144,77.16183883022401,214.38118058952116
322.7527648441635,45.97658495853378,77.50414309591946,211.21573341141078
324.5817938463541,54.08577924067947,76.35743167013631,209.52647769013697
324.675081787227,57.854307199044854,76.87164315382705,206.44091789767378
326.2022978625688,59.364668376670096,76.78497514231884,203.87911500796514
326.18437882096396,58.15542655619234,77.172241168043,201.84841852273047
324.5383136473742,54.036518074825054,78.31321842760654,200.4679531673498
323.1331450550762,54.90356067805891,78.75032801591956,198.45300530166617
322.19664714114504,55.90409264933177,78.98877541810752,197.5279859185992
321.2982845184898,54.70373598383246,79.375126260418,198.0411435311759
315.54988800070146,56.281714750577365,80.18646683475205,196.09804169436424
313.77344919087886,56.80535701829183,81.69084868489657,194.32778309696937
316.82309805025847,59.05482598235501,81.35273565852015,193.1418310659072
322.6101797535591,60.71981250654618,79.96204297793204,192.00781424768846
324.5580337285629,62.56546484378747,79.73063380073626,190.32898864005463
327.1877663505576,64.62265713749542,79.87930397087048,188.6154169169423
329.1783890928315,62.88100852037091,80.14930064711986,188.98686102848015
330.36259571095025,59.448365691815496,79.83834342742284,189.7056551580336
330.94230339855966,61.876772769054,79.55734542490752,188.41685443319832
326.8119634266286,58.35985744262142,78.81909634502702,186.86585670929347
321.34921290318846,63.35690426981992,78.31986709100397,184.1972420855056
313.4839050701181,65.18408747527134,79.74512673144889,180.9780522855494
309.9955633116123,65.40559627436848,80.13842191990834,179.12740746243296
309.168025559682,68.74699465339178,79.38353023970208,177.36720858951819
323.25687389960746,73.59463615523696,78.06508076749276,173.28377012547017
320.86895738456474,75.59841802929971,77.41180184002809,168.40754300673538
317.7238792185604,77.39567251937936,75.9359202310578,164.9813041972647
312.4124224242377,74.9189695637136,73.89810727246201,163.6325941913904
307.7713981199943,76.42591317546118,72.50163090994059,162.49484887367987
307.2813712582511,72.3195774254629,71.71530909173988,161.4795950730783
304.6852680696839,75.17791919816904,71.03862709073098,160.92597648433104
288.5517370975803,73.60628056812132,70.4688894133561,160.32659751349996
276.2915793752214,75.18065935212326,70.80593535734157,160.1047493922124
277.01236713415085,71.83068404361158,67.76884923748521,161.09492408455313
276.8971555078989,71.52728810513884,65.93851604505807,161.81722249130667
273.9950806782749,72.99454946930639,64.42792552333682,163.66642073312536
271.6550724271063,69.41725608008352,63.320643346322335,165.24696280713385
268.2749183866082,72.58246370993825,62.96999714265052,165.7001898394471
268.7174623684914,73.82875555799727,61.98916267660385,166.3707464402651
270.63447202229963,72.69655327103088,61.078277934340754,165.83233486162524
270.73326685683844,75.31432208138769,61.40786464542068,165.15459133499732
271.84798537729324,74.17413378407483,61.61947050459646,164.94025557687036
270.93605157595886,72.93617554572324,62.16692359367728,164.94925167774954
270.06183027295555,70.13771176410143,61.10907628841382,164.9363250196492
270.7190621453649,69.54904080363487,59.52173914195324,165.8698706069117
271.14530323283844,65.03327221560882,57.949321847854094,167.50932318442253
272.2532081976134,59.967663509861424,56.56940966200615,169.56918572988948
273.0840295901444,64.94654048342936,56.23409074378831,169.11421365073457
273.34012063488865,64.23117541298355,56.260037209120796,169.37174354195426
280.5542871585755,65.90449490023273,56.9443922263223,167.7453147620436
278.3117026087264,66.93601961989718,57.071955868714596,166.40792272618378
277.7200163735074,74.72069051324081,57.03735212665104,163.34880337449408
279.22076562962314,78.30596768276303,57.2433674236237,162.16457716044965
277.44251065940676,81.68171592872713,56.92617078484802,160.14982745654635
277.45284841413707,81.48496911806748,56.952177748659544,159.40708619837193
279.0550129659464,84.16310931816795,56.47955264169927,157.64279221594137
281.50347816124406,83.9135428848063,55.836940965245674,155.97898624942798
281.9275176561025,87.59971095746246,56.05856960759367,152.92623924214666
282.9064967725591,86.24776005322576,56.70360224038787,150.35116127233027
283.3299926231165,91.5766886230504,58.51791763575437,146.9137206785489
283.2014372691071,91.00920213049362,60.20716249523196,144.72855568606238
289.7520625526629,90.27631790544541,62.42029543489529,143.18668067493138
289.7252116444484,90.84506834587214,64.75166382008038,141.7850242571879
297.057563445207,88.89193334700734,66.08601512731555,141.25259548630177
298.88364960711385,88.08960762329866,67.03340544846031,141.16605752541682
305.28844124412865,90.13327162560009,66.36832386052694,139.7183081016703
304.56186527611794,93.06990062851017,64.91606407627246,138.66966795855154
301.733766312194,94.36664998136015,62.19282551120042,138.58437657401856
301.3450668803241,92.27223534502463,59.14637398164496,139.77665981664506
299.676017099053,85.42884943451962,56.51082594973528,143.4515507630213
294.6721761020059,89.27063284155471,55.88233374186417,144.09439519620452
288.5503994266821,86.74470735068212,56.14610498801964,145.70672295788745
286.62817677239354,85.71273000928292,56.29580785541929,147.52887846494656
291.8390836290892,79.44960071109391,55.94063690325844,150.3771184913783
288.71882720853625,84.62284906250291,55.68050696787503,151.30984236961498
285.8263415895351,78.74544496783167,55.29905822296723,155.27904608202874
284.5660260300771,79.99536772727288,55.62787658820582,157.7871184441583
279.29334605461213,80.50707027842978,55.16926925397952,158.52106187928956
276.0816275103243,81.56529014020136,55.605833669520464,158.55000646742243
274.9398025765121,81.70307678444826,56.446174110837305,156.8541088533671
272.4973313093868,81.21478523012031,57.78290387844055,155.69747558095
270.25296571583783,85.21548893855282,59.30092001960948,155.54000937578542
271.9264048645458,86.71685210933333,60.317792656794325,155.47670015801896
283.5402665008871,87.15778700204245,60.02565059138718,156.25363121297852
283.8928065225948,89.19169024004054,59.78789429822932,157.75008283558464
289.64206537951975,90.84286827112597,59.51525529989449,156.45803623119272
293.1106968492165,89.54802684050364,59.461754720120204,155.34193596369897
295.91172197976994,88.80385457373126,59.866091215910316,156.5666165794638
296.59878133311895,87.46071941395806,60.74242478925678,157.5476548748174
298.87285856936313,91.07881025243205,62.26883429687097,157.05019695275223
301.21619371492983,93.65637870165303,63.5630933804324,156.85961436415525
302.462001194296,95.22828089525444,64.31629567862754,156.48029175986562
301.9267510364878,91.75455109193202,65.27056934346948,156.21824008645066
305.03749069337664,93.67593368594518,65.18124020287907,156.32265326222438
305.67229607407205,96.60740158355766,66.23593783687393,155.78089590327872
304.9295359028736,96.08458141177354,65.78715120009147,154.59132868916873
302.7979891100435,99.60125310568574,66.39833448072852,152.4777808144974
301.89255337026066,99.98824071222623,67.06141266729495,150.9827299473866
298.0793946792643,99.3138108940312,67.87827656189145,149.59866655292336
292.4234019531968,89.46301748136366,67.95182340776421,150.59920929561684
332.7271449637117,107.6919345379453,67.15962211573836,149.42666876155513
331.9343269596926,110.6747906473816,66.5727413009615,147.53389403123845
336.18468485898813,114.63065246993386,65.14064379994741,146.2278994892223
340.14026733253746,120.99070563048913,64.0542588401839,145.52768872170063
339.8513694402162,119.60014389468539,63.631155309946074,144.56401257935548
335.64625787826486,122.54179356191423,64.69652550950181,142.37410528324313
330.937337003338,122.34701201010338,65.53210808119401,140.5655404018642
323.0704471345743,121.37152061164761,67.10570581951478,138.57570035903882
318.40870602554736,122.37273406676337,68.7908623463455,137.62048199639946
313.14934353379954,120.51869317551028,69.97099289319573,137.1951905184076
309.4512751967417,119.54649562504106,70.3785545856219,136.89282572783603
306.6032279271423,117.17538123821768,70.93978574820326,137.7573312844723
305.8482994264457,114.06827034141264,71.31091019706807,138.5260121730836
303.613908337834,109.22608889306525,71.04824849230295,140.2532646648101
303.2191966207854,106.61791934768941,69.87663309850399,142.3294245983047
274.4252363996247,101.54828619887085,68.46939820635278,145.12646963587102
271.97931925636937,108.68104522370004,67.19323370212248,146.31854264303638
271.6011923300571,108.75826341228148,66.67881475659033,148.45319475349862
283.6005418400059,110.76499955937726,66.42548850890945,149.36429254292523
283.16957417096825,113.9492101319486,66.80415549662203,149.3800304859173
283.1158936016281,109.5640185315054,66.72487112748979,150.458785230688
280.8252399415394,107.05032062590814,66.8978108138476,150.7380531045656
275.80403161047406,110.39848596796993,66.59221169076098,149.16851580499403
273.1404022246684,110.66554882239302,65.90297332721008,148.17226539083322
270.2661308086815,111.8539215962603,66.22880621731977,147.92339803218556
267.7696764444687,111.19859779870268,65.020430537176,146.56753599900492
268.15334107699505,108.46708009789242,63.78140969349675,146.59523576448652
265.7697926340164,103.06039675954949,63.161965689713966,147.6809432157085
266.8594939054757,100.73382532658013,62.23364938184179,147.96678175654347
267.0763107334567,92.40066953247072,60.58814946630495,151.10058067996738
269.4880291145067,87.50087010268632,59.40472568371235,154.24324861607425
272.30228169021404,89.14082312012592,58.71217796409082,155.28898755113525
275.7148522842712,91.91625800873311,59.23372743073113,156.30572803774533
279.6181647010527,93.6032599334709,59.50983575146511,156.72452103847422
282.82962668279316,94.99539679071538,60.248117556569404,158.0016391544296
285.20267152191343,103.04443280152395,60.792391666933504,155.62800770745844
285.52539606504575,105.31205943541357,62.03433009478325,154.48588450368982
276.9333061568771,108.40519464047392,62.05920433861079,152.91660990503152
278.49432944854516,114.76867372115348,63.469758634943936,151.04894758870415
270.1518969703343,116.80987595364377,63.929546915950596,150.03637759447247
269.47181413600003,116.91576948018735,65.69369155824614,149.80737021189202
259.3999012470572,115.90329044591994,66.8905816824454,150.60169275663077
250.15940596920666,114.48558852529659,67.8382909118525,151.50146556111903
241.9667049987239,111.53788654473423,68.81436820682188,152.71185432067514
234.53286793469164,110.47730140031008,69.43149492582879,152.9346425418431
235.12275950438652,99.64016251786919,71.00906318490703,152.57395479158816
253.23354648008717,107.248422672058,76.64054709483386,148.93629858080575
243.86041178056072,113.7148066229766,81.29846715154058,147.82516878626836
238.94898363454473,110.88558653750592,81.95400033108476,151.1533110102798
246.89771861359526,111.61585044837523,81.0677169727152,153.7055738684728
255.30878878060793,109.10893172255834,81.48366906117519,155.11747378768166
251.44721388891526,109.93146540513696,81.94069698024168,155.99776366892334
248.02577366135682,110.09403226934893,82.4525198868356,156.9091839671031
261.32174587082125,112.96468298025337,82.41784170325832,155.7950388029236
260.6444115879657,112.87860336515323,82.44858572749598,154.35802676179975
262.52107938504116,113.44405403593241,82.13998804456952,152.82461579051497
266.77516446298387,111.67687601497829,81.36547572559813,153.08129072013378
269.14740286988354,112.87492447424307,79.91058044904551,153.94016840525717
267.9974502880011,108.46128473821636,79.4010595435507,153.78704588451274
266.2777806591795,109.09792622511985,77.98111201606817,156.25379343782063
266.99953457270936,104.93083150223785,76.32909541437026,159.67332242978824
270.47297334564246,97.27011954165955,73.65971325272037,164.87574019402345
273.83882393672326,94.67895363821026,71.32658833017179,169.05636635440715
274.45713743138657,93.76051753680508,69.09991174024404,172.58378864609995
276.0054639546063,88.39020623129794,67.93917130290488,176.3524845679663
279.74992342635574,88.53123483325436,67.31325799752864,177.14040083283396
282.3994517555955,85.62749127123716,67.43671816186398,178.90810257173652
286.3083395042226,83.55414224100461,67.16575043057045,181.62828517218728
289.86536731273605,86.37939407982549,67.67595047073965,183.14787455408532
291.21146370631936,84.06068278927006,67.21454829865482,185.85065613158747
292.0941383342378,83.06092443851615,66.7632460217684,187.39929308045933
292.945378991064,87.82575659012966,66.65211776693104,187.16373239966885
294.58795754278003,89.71418081548492,66.40846385449326,187.12787506452838
295.3460179790935,90.60544435941853,66.26514619307835,187.26155862805888
294.89220620304724,90.05897740659144,66.07832141715275,187.90709482482023
287.0864222767549,93.08675793619241,65.90905984011098,186.79538905126282
288.02967645900696,97.96233038318101,66.50510424240679,185.06231151720993
278.1671604022538,98.01800898759929,66.80019899324228,184.29396050201123
275.6930100797627,94.85358246099011,67.26183868088798,183.31975540779916
271.7968470865352,99.58915594514528,67.69331385633838,182.8224834852652
271.7419170276763,100.79781901252422,67.46117301275234,183.44206120869214
271.17773593713997,98.97020078755642,67.88671948232687,184.84492324799845
268.5302415578095,98.33176230576869,68.12896957445338,186.63225742926724
267.5861804324681,100.93609197877801,68.19499953044314,188.04012134908723
267.7142500864096,97.57918268779306,69.06352011845702,187.89640456881347
266.7408760032226,101.86432620840547,69.56076200202469,187.33571625958328
265.5239270632787,107.02421235814113,71.09867618592864,184.63141150848233
263.466973792735,112.08534239251067,73.0220123725543,182.8705348778536
262.49649868773554,117.21092283200232,74.21415694042531,181.5466792204279
262.4256238830574,112.75986848784603,75.21698344120378,181.48005316752955
260.289324045603,105.00362081484334,75.94063864284604,180.7522492886814
260.4417716277469,106.8369011997896,75.63441670151718,182.97450964381943
247.52101194657396,107.18432332203888,75.5723544446004,183.8371282107909
248.23180265659772,98.67907527430788,75.72410771846162,185.86690950827926
246.74872498745262,91.2705578877927,76.01325228213938,188.67080837127543
226.52772607577748,85.0311247329844,76.27971299611467,192.06371333903414
226.67445169198265,84.58484485070045,74.19508091462897,193.9955870159937
226.78033179841185,81.20634759595573,73.2216030246542,195.83379595343112
235.70913659393509,77.51272628315327,73.58305051673761,199.47061085610514
245.10247481117733,76.41256201030203,75.29678034751194,203.530175403776
241.5513902297942,75.60650114735665,77.19215572518294,205.92660907987351
237.3730215722291,77.16128598054732,79.14277941574039,206.54892532352636
238.80946648003004,74.02074829708309,81.41538310752378,206.76926260375438
242.29598267966776,75.04080896362545,82.47422059655399,206.45763210013743
258.4548082614913,79.15441087633674,84.15221304862968,206.508628424251
258.98015592400833,76.6061450288306,86.60877947667781,207.11013210031186
260.37422229473793,88.03244055803646,89.46169564345226,204.9261811786189
261.33797147736016,83.93874420700715,91.53851360816381,203.55540642309694
265.0198856368953,85.1331955803656,93.3255775467839,202.87615276237858
266.8076341923199,85.97970818208373,94.97569355315288,202.79558161568212
266.09267783617275,85.9456434782073,94.15919351138822,204.6381043435186
265.9986551244485,81.30562226765238,93.60237280210063,206.26333395182326
265.8991122750555,73.25543709696426,92.05175747778482,210.00300750059696
263.2827801920383,69.21984695746251,91.3872606368917,212.9833522083114
261.2455175472957,66.30040647795465,90.98463548616073,213.9491295487053
260.62368366567324,70.90544250516467,90.47086578183061,212.30665583718076
259.1353803397115,71.83687889590917,90.12085996121998,211.7181807865191
257.4483870959614,72.6644819910409,89.72542224866216,210.31149891936144
254.3707739006664,76.39927281334185,90.24874308352707,209.09505677060915
252.9408565250239,77.70233563814139,89.9963093869361,208.60019177355218
250.55633879577817,75.08425481208135,90.16161035217189,209.27024043052455
253.5108188024423,74.38296917928875,89.86925800485932,210.44744873958587
258.50710860715975,74.17053822386474,89.56573669925736,210.19546867617547
263.39617292317547,71.73132513637212,88.95656768484069,212.08789598221844
281.0542080654905,69.9452547547238,90.0565626162751,214.24649042173883
280.7005992338221,68.56976749763004,91.94646744296486,216.09750715985672
288.2062006792214,68.21226501028406,92.49583050065254,216.96962482237484
290.4923711713645,69.40772363081318,93.57964700995772,216.6796118076197
276.60659354673345,69.18590225331874,93.21384454742777,216.07315685867485
277.2459955263851,67.24146212964615,92.81144529078793,216.61069800422865
267.269700912922,54.53179271814081,89.59206033558519,218.29405583969051
258.83874038173275,45.401803313439885,87.5638446792137,220.02463286991755
249.52684958468114,49.06607409555653,86.96446839062654,218.54497636504095
256.026159437427,46.53753094871223,87.31071639143364,220.36882205432892
258.9959257895591,50.44542582625125,86.83539610477193,220.18493928548745
262.07478491738766,46.88236403788471,85.86171315032333,221.66472058469367
277.774686100501,51.921936663229445,84.66354042276853,224.8276350416458
277.1161745936037,43.14656123325257,84.34547773462069,228.16425645366255
273.28371188729454,42.02834125678007,85.67384814311912,229.01098943734638
279.5640453332284,38.16286417088381,86.6786357342836,228.96279884519237
265.5108052192588,40.191882040012615,87.67116714020135,227.4430664821789
269.4917096017309,41.33861485620237,88.61146275300368,225.46314104025768
269.8233132587951,52.18415912372845,86.1666706991902,226.50168011445845
271.08233541177185,55.68817111021565,83.7819725336215,225.6925630399826
259.39807256091115,57.72945720261288,83.46007617723734,223.36350669476485
259.6784646727073,63.7162023211751,84.40625258406192,221.0151614161365
257.49481623945627,66.63968329183592,85.93126691691842,216.89921694517466
256.31510930593805,67.54151536912678,87.33553900119416,213.16896485133054
253.28568146594625,63.926151583512976,87.38638286324569,210.72110450904498
250.53004547712533,63.12017526381004,86.72659189456796,208.77734993218803
208.5015535365326,57.80807322983236,90.38461947692527,207.75430668569027
204.34471763652928,54.6175253366324,91.71698043251051,208.78499964005894
200.40802311365536,47.2661996031255,91.7585685406058,210.1701681587695
199.7522920944418,45.14024896242772,90.88962830013276,213.8304786780267
202.38884727131511,54.37901125429448,88.32944457259154,217.12102240789181
205.20033688248284,56.87420470670638,85.38319359885232,220.8031656773234
205.709241595406,56.12041965643331,82.65583295783416,224.59863646413356
206.3778118338891,59.44071240110402,80.48829988176213,226.3368551816403
206.4899600587715,56.21475037602872,79.70246789475445,228.27409264731824
208.8846693064545,54.43796481084189,78.51113361073797,229.093997357709
195.72096423825246,57.71852828430559,78.41118702717131,228.73057234178134
182.04020380080215,46.29077385100935,78.51226898300456,228.18033856311015
166.8745202486523,44.71016918545685,82.9671483553707,222.62213699791388
150.609779246867,43.13572237144592,88.28334491277425,217.10165711366767
206.11277565060624,64.99926585252544,87.00655437580359,214.76155211561996
207.59962967197694,68.65747984461974,85.65915310529424,212.83638952373482
212.55524018762546,74.98257451658519,84.09584581606266,209.69442562078294
214.80187883443756,76.65661885862143,82.41430868242682,207.4000086543542
217.11608794416287,82.09086561612705,81.01841748056962,204.2380519092099
217.8780101379785,82.88909727986886,79.93280819702235,201.69412071816654
216.3877299048093,81.00452955716668,78.71853013949601,199.69955901620153
214.90369366895249,79.47095937411545,77.46268083539178,199.48778636121634
197.017915252205,75.68741721218066,77.2102203349024,199.51256187771287
196.43609841605763,74.06154463415842,77.0366854328639,199.80040670607485
211.5044923928959,71.78886841722053,75.0840519896854,202.77112887948311
212.23356873226203,70.00640841535632,73.48481030369473,205.51716582180254
214.45713138451256,76.33646971821811,72.35207446643307,205.51079745039291
216.97067607898114,77.26304899835995,72.30111413251909,204.85465477164763
217.84265618794666,85.47247912027149,73.55464765848458,202.0630060985643
218.94914529215808,91.79962001297237,75.34739197279731,198.4069256834018
218.4074859012892,100.29310728509282,78.49283596052871,194.1330563408821
218.86632816611956,101.12213350175026,80.00339983632455,190.56409580457802
219.10930123139454,102.18871135140701,81.54621270846013,188.06112809354576
209.56849344060936,102.0301082875498,81.72146766380976,186.58001440467083
316.72720788892775,106.30086498409008,80.8084424536965,181.0593926780026
308.92913852128873,109.63126448651184,79.76157009583478,177.19896365111015
309.9492983907085,115.61904888758755,78.74485117372197,173.30813167299436
299.36601877182017,117.444427319373,78.14450748791468,169.9995090765152
298.42112240519,120.37883599628958,77.33655704376105,168.65688867931658
297.87227330001576,120.70357604702183,76.08786691411314,167.20590098565086
297.3835068550387,120.86062327311292,73.83857981200184,166.90175311165095
284.7328204923331,120.09848543769363,72.41451537310645,165.9911690298345
287.7854236616128,117.27954335459272,70.52914193173326,166.93379171761225
277.60624795911366,126.78315785550242,69.79262753778141,165.49537794711608
278.91821957324925,113.02320754958565,69.71114642002968,165.8632056524555
275.27934289579537,105.42213557750621,70.38376338043673,167.7569141565509
278.2780856764806,99.97782095197424,70.1012550834705,170.67565710466684
294.6606976594708,104.23577609699525,68.13987938409159,175.5447146185799
294.42459134553644,103.82249315218525,68.1200866935572,176.70782686964628
295.7204259652304,104.43576749634016,68.13868437807369,178.55861520793252
298.50739765235454,105.14871802680696,68.26960216791835,182.96130740108828
313.2410183755189,102.85687350171366,67.56303996658485,187.58751882954073
297.06865124495823,104.89818152871848,67.88752962931746,189.34077780986337
296.39238945663453,106.62040650566918,68.62034043597961,191.6952446726734
292.2926561201413,107.59661039057946,70.73239236744999,193.14835996460516
267.83652178494657,110.00517086637245,74.44501122704845,195.66150548869666
296.6305224908586,106.20118989043306,76.89642708207006,198.23771580788502
