923	285	49	43
903	285	51	42
885	299	57	47
886	334	63	49
896	386	69	61
910	440	78	63
912	488	83	63
899	528	88	74
864	571	95	72
812	607	107	76
765	624	108	83
737	651	112	75
717	679	96	61
688	673	85	54
653	644	83	65
634	596	78	77
627	523	75	88
632	460	73	79
636	409	67	78
641	371	68	60
665	344	66	57
687	330	64	52
702	334	56	49
699	337	55	46
681	343	54	47
660	363	66	52
633	373	64	45
613	368	62	42
606	361	53	38
597	356	52	38
585	345	50	34
578	337	50	35
575	340	46	32
569	332	44	32
568	324	42	31
569	315	39	29
567	307	40	27
573	299	41	25
579	261	39	34
579	261	39	34
579	261	39	34
