1
336.47805002849117,31.122042726635613,33.68819855655841,49.24931572119897
337.8953366693135,20.876199714775197,33.11660792099924,49.396841899520155
340.0857302074898,13.737521904113972,31.519825795538264,51.602648308580534
341.43003234810874,11.973167887218565,32.78292137953579,48.89940657710173
343.8518650012261,12.57631021346748,34.462385201847326,46.964176091278375
350.34459749326726,16.51391522012428,31.695992577804727,50.83688808411964
356.67512135573935,24.554630528917862,36.167014853550285,47.28870171015595
363.199683215392,31.668473980360616,32.561125916567114,51.46080711793107
366.88248108345334,35.264495511076134,31.195833358287132,54.92040241111816
373.8937283505699,44.54691830695646,30.49364023691458,54.492823346744274
372.92415328645313,53.9574748756167,31.354683363007776,51.00295748546096
371.1049405131965,58.37487200771896,31.076820604144316,47.30601373138296
371.05720993990315,54.497188944087995,29.004981519777196,48.06931684989268
358.42557981577147,47.2269863262968,31.428434504199828,45.060746659434855
351.9703536450508,40.81294068941618,31.85501232211466,45.49172673017697
343.5848567469336,29.61718822209082,30.420349046637227,44.744342649833506
335.51433415712535,25.210350000627358,32.22648917346059,42.80356689447311
332.3237057654957,21.104462938945012,29.81150223207252,43.34869922658713
323.4973186156996,16.671489240511562,31.32459582914743,42.5583890614498
325.6816881415973,14.672160401653827,31.665598498816014,41.46291183447005
327.71023278648715,17.438851563504628,30.781464625138952,44.23974674839593
330.48071378682147,23.134662629191958,26.83258845696244,48.11620782098811
331.13939671253644,27.75333148130275,30.120529640873254,44.23668254005426
334.4462740997129,29.21581173887329,31.576894439230898,44.60753898181793
338.13777987752314,28.765326847681518,31.39979341864691,45.85059276769339
340.89707719558544,32.00485503849454,33.803521159375094,46.39374252529467
341.5349223396801,28.808829360524623,36.78148101276136,46.5620818178241
338.28407695085815,24.613944359954523,40.77064800322031,44.75301165135775
339.938249527834,19.952963270544227,43.762471644970724,45.108536869045345
351.07407367486485,16.451167054698697,40.62782012724101,47.564424234982845
360.52763749237783,20.460269066185198,37.015650860656955,47.93361301764563
371.3179838548221,28.781764874722974,34.66010962065005,47.541067318072336
383.41263647033804,42.72147033623802,33.07826693822496,46.87060136106821
397.0078793023797,61.81454050989781,31.175045634219927,48.922664228160414
400.75510623464953,77.55054196298664,31.65696168754937,47.027736189742555
399.0632133552489,87.19973015978046,31.927708080399928,46.83336932940947
405.54839440328425,99.3051228080719,38.38582097137057,40.91293533517428
403.8430326848318,105.13227699411634,38.10022473544552,42.228392103045046
399.43247274458247,115.14797257260628,37.41621766276079,43.333706666118644
397.4724111300052,119.12630016942533,34.82813210706421,48.17210800020964
399.18636767940745,116.78363042003872,33.02917358384058,50.02350576284333
401.5552888032186,108.02999039635743,35.77763417786426,50.959261646267606
394.0378665363956,92.96587806668983,35.155794380901185,53.06790550600786
385.0141710365824,72.12188466968658,35.36957003639577,54.09729106481517
369.7769367733038,48.23713528204935,34.31329693775307,53.64134767426011
356.40287101324293,25.63418663937253,37.054272740413005,54.29692475943662
337.1014609641843,14.200219119115928,38.5587338131834,54.07289991464677
322.5354236907056,11.316016817969711,37.76020029888771,55.201953733673875
307.84378811555985,11.138766834303418,36.62090454402978,57.72238479266176
303.59292313285687,15.156297994775308,39.12340897803307,52.67908278900629
305.1043214649019,19.15118264203707,38.367925043764565,53.38348573547195
310.768137243483,24.922222814004595,36.93946338354634,55.670012035719644
314.92258754117324,24.683181008370028,37.23479103052051,52.78478958451289
317.41641229964006,26.871005745270644,37.820398904004975,55.835793171520876
312.46420303101786,20.918138084436308,40.321385615723386,55.4066102772821
311.1863883960172,16.93019897653025,39.82548477275394,58.81449062548215
308.1904766207741,10.473368973651446,39.31084206044039,62.83783131447798
302.18782095638284,8.530307371950443,43.20313736541981,59.90489107214654
298.9633531384902,6.069022352719749,42.754864160195226,65.69797360891567
297.98516832598284,6.497486552005462,42.581421863711356,68.35760428269104
303.3855483073388,8.049229957334319,42.891121007218864,67.49284588791966
314.1259574711063,3.8313969691894556,44.60022090963516,68.3015977578851
327.82025600635217,0.0,45.65978696433336,68.17980987107367
331.34184132165853,0.0,47.425957170131966,70.32316350257244
331.825792143052,0.0,47.434030535130205,70.02713051704251
326.3768829409589,1.9934449605512086,46.44063737690277,70.51402793778081
330.0019584778546,4.626091272325624,46.389774206380515,72.6342560393651
328.97792817558695,6.598120503945616,48.29811434771515,70.7271862634763
326.01400331609045,1.2111042367033704,51.31579635065901,69.65462534339096
321.14877124057483,0.0,53.11328458830285,67.30604117786757
318.014054030973,0.0,54.6271063232724,66.00752188482083
319.02742825367886,0.0,52.52881910360064,69.56977065969096
308.00391247846295,0.1772813127267625,52.88892530691132,71.66185856880213
290.56352764631254,0.8704870370048354,58.033056468463414,73.28215211726481
282.39710162697787,24.742971012632594,59.858709277958155,81.06510311926547
297.1410018225319,59.16805602401417,59.3570450402098,89.45378215893963
313.5864358800143,103.57002257038666,58.038459532928314,96.65778990979052
328.2339937414456,138.8657968044604,61.83527859696704,95.45835967822578
340.65500898248195,156.18248113011884,64.91212327199284,93.36293728533059
335.7445746670999,169.69545384952158,60.3586068961968,95.45394496499347
337.66211496817044,168.4299310271491,55.87494223274384,93.49345431483582
332.60323032054913,162.95673511525692,51.0955858600296,88.60272620739677
321.8481709793375,158.67650272748935,52.68608955248379,80.69791521267648
307.52220499221767,147.01611527639602,50.84257642103107,79.82867839023686
283.3794504167008,123.67968368035486,53.617289682566195,80.15336294480824
266.0572011085282,104.87865612025661,57.3728114051918,80.91649910456368
252.32713272376174,85.60199966323322,60.895823140877695,81.19562254584129
239.04356986577756,54.025810898139355,64.26211387813245,85.59082192616916
229.01372839693326,33.286852307209074,65.65241539679546,93.19074524800345
213.08698443290865,10.421429655370119,66.36904510092175,97.88059600126695
190.07658594572678,3.535219398482141,70.56410119058854,94.75253446197547
171.11897874294365,19.587394811718234,69.38713958216489,95.63640043632542
155.75434566645947,3.4576568296400296,74.51665483208022,102.94874460451359
153.80437738776044,7.4513747560791685,77.25589080543725,110.3185302727509
145.86877948036795,18.512425701685416,65.116084441959,122.82386105476186
158.2768928333997,20.71167146029311,78.53686729410467,113.74073873880239
166.35025225022935,28.949586458546285,83.39356736465405,115.2632711445648
172.64558324151872,23.733141633854814,86.71096813708232,114.60352588835136
176.8422073086,12.779709632064694,83.8746906268618,121.39675112146227
