319,185,67,56
318.0120601103286,186.50813434407652,65.59973761005644,56.953916416273465
316.76229899938994,183.52228625426935,64.80907519845594,57.59122071126474
315.4172680299588,183.38046769875973,64.15884304537482,57.99608666327883
314.1805617379941,180.56461454462655,63.267032149732856,58.825884207461705
311.7918068913988,180.24116531906114,62.30516239298646,59.424961600734505
311.4056113525957,178.88320359447056,61.84638328156598,59.81879642146767
308.2467042382909,177.20885118828693,61.3827870836852,60.28351434192221
307.1377964402785,175.42753202216903,60.92611044389676,60.6831241932189
304.54923022938203,172.84426417989158,60.34969968963309,61.15347579821274
304.22767440843717,172.6176306198054,59.9994733954736,61.67494971826103
301.25074728582916,170.67739178837402,59.85306868530083,61.97279217367634
300.2505975820582,169.45030112466165,59.561644854035606,62.4999552391386
298.50462758725826,168.04057558464004,59.33272731902906,63.17194965490511
297.9255060520506,166.55212615942662,59.31128567524573,63.61087136488004
295.4765653777948,165.06756808522653,59.27823117414213,64.09251183818466
295.17262730798,164.61770836569457,59.43816783560926,64.15499474255734
294.2653089016634,162.2711280596803,59.189641240980635,65.01449902335493
292.5752733033919,162.19754481346118,59.624394965424074,65.05217293983065
290.7089030876069,160.192224241068,59.496415078819666,65.55997912295678
290.71264913455855,158.15911852022185,58.95851038938412,66.01358536379888
289.55881535967177,156.3925848464833,58.474290734949925,66.72295734950065
287.72175292732646,153.484242368682,58.04371067845381,67.52382455567056
287.0683087228167,150.24442911315143,57.47892635391141,68.82152659723255
285.14364492270295,149.6632937260971,57.28713736938519,69.6453819615371
285.87185338918334,147.6603890991862,56.688700457080486,70.5381618120911
286.04561734850665,145.97719340303402,56.57801452042932,71.07529356093106
286.3702431270638,142.16661029754158,55.640353262618284,72.20232522516477
286.08574355790273,140.4630058129609,54.78239186584986,73.27357321810044
287.4575752726539,137.16722746108132,54.04565037115152,74.61976302757922
284.7563246923085,134.96047153505765,54.088304906609636,75.27649861889316
284.71064484429445,132.34711950412063,54.86674916585117,75.3341895123615
283.2549764396062,130.66445530813814,55.91321499065086,75.05423834158593
279.0791370167789,130.647160981319,57.96833089469875,74.03500339759557
277.76654245227553,128.01306886366817,59.79543162425699,72.99645768460118
275.7730044605397,125.6275623482941,61.02627694072311,71.7503395168582
273.1286159845533,123.93453231515994,62.5794565223096,70.20974070890118
273.70071908505895,122.8402754846393,63.71177555096227,68.92299759175613
271.93832796316906,121.69399678858335,64.58143570250283,68.15552471624574
272.3862370115626,120.21230647382521,65.72000265200386,67.29062634522762
270.64061265975266,118.01105542642014,66.71892522000942,65.89754679134286
268.58969240674253,117.03232488119701,67.78230914377934,65.2273592765805
268.1414419256134,115.95387666351226,68.71243423666441,64.29686218998603
269.0517335970815,114.4493245938198,69.22433784947648,63.38708680757502
270.0035859103913,113.9096394101956,68.96106489635929,63.21882791238383
276.61452566790433,111.87380154654139,67.93457921811458,63.098041601910595
278.3044665797356,111.25799586170965,66.5087692961612,63.66930646593919
283.02141627110774,107.46878866424302,64.43266951684134,64.74145394716778
283.61813816239777,106.81412513106216,62.64952802536608,65.50670044830396
284.47756134386447,104.27011272751997,61.30074834275048,66.00757320102083
286.2687039218314,103.20707856054406,59.52614849724736,66.95801351740022
284.93810747205805,101.34519757936945,58.665289565018895,67.6651584151388
282.3539220577404,100.37845909544842,59.32252162042925,67.43062453934579
282.6135222375916,99.93585044814954,59.53190775920518,67.53333184063095
281.4300805764405,100.17582849694766,60.54112017441689,66.51959671348081
282.4429367491965,99.26654658323986,61.370107990870515,65.6154277641099
285.2791968605308,98.62917576190706,62.10461964598595,64.55785048088254
284.4755158466202,96.58806921620652,61.948839637656015,64.68412418158843
281.3761512146361,96.51903721083094,62.64134936019454,63.92070570208975
286.35554519644904,96.79468574433346,62.41755689963714,63.791490432734804
285.4417579027084,98.10851648993368,62.26195933432142,63.5455252802025
290.10301018498365,98.01907467310875,61.035808393545224,64.46850937566897
287.908171656282,96.89193657589956,60.92860068874529,64.85774115585872
286.85286096463847,95.94720515304334,60.5828006869475,65.23658995372325
284.18499461884505,94.72113369001049,60.650360406081546,65.3372905161051
284.62068841512195,95.55955300241905,61.28807737921831,64.6813502964858
287.5924888111818,94.38024809919997,61.41972212950057,64.78430153968891
286.36560558617424,93.93043157594852,61.79957702735693,64.3320775561862
288.34049816424425,93.79744690503559,61.77833627635094,64.31638516043603
289.24689673533095,92.53609852860167,61.53725913379105,64.40272010978924
290.46403679752035,91.58880075268407,61.13469969311636,64.34935336960353
292.02596215671406,90.36000944809305,60.33664997059477,64.93990245266626
293.0243715417143,89.89024921431793,59.61615026303874,65.16796165563662
295.61881617066933,88.82313883428807,58.72427419462923,65.55491594719463
297.150283786786,87.03585528593034,57.78268745739383,66.0403463548347
298.3151952754441,86.0002814668358,57.044531577971895,66.36157257270406
299.56050718263316,86.14977961382189,56.399239373338474,66.49899768319207
300.5470375971686,85.43894309108136,55.637053623780254,66.73316888170697
301.3207242256733,85.1419075330924,55.30759912916986,66.7205801144359
303.66947112305206,85.11487541265063,54.58778915140152,67.03983218573406
304.243088823558,83.24535616301577,53.781153855852146,67.06569012924878
306.9779967665285,83.14541755399408,52.940179523594296,67.30786757712102
306.87667907454374,83.5868466553386,52.12860711188955,67.90979708364151
308.8471328569672,80.75922786849006,51.63448303886799,67.89050091280136
308.93537078137456,79.79859452149839,51.18437998173753,68.2309174609853
310.14103573690255,77.79475053624134,50.700575813832174,68.6160346791651
310.89411920125366,76.33705433422656,50.38596109417769,68.86365185479416
311.76708172274414,76.09532744922475,50.03785246478985,69.18949367394707
313.6631352670576,74.42796913570146,49.914701784715355,69.07662463050396
311.99892362766246,76.43484061640774,50.18702482696992,68.62387164982574
314.3290439835745,75.99490111331929,50.19843058558123,68.66437734858968
315.046756187505,76.91713249849775,50.31123971752845,68.29294670826326
314.00833738122145,76.11925042179435,49.931846488797724,68.22434130221174
314.7571368134082,76.14139047876256,49.4202706851404,68.16019657236698
315.38445742933686,75.60074826027054,48.82805606120945,68.23198990724575
316.15170859933556,75.8757618583782,48.04036318866467,68.24870513762181
316.9510333526223,76.55988452127654,47.40195947746193,68.60304684643936
315.8966287891105,75.41683712109975,46.83814193946128,68.75559971371135
315.7429788413943,75.15730163640576,46.74532153949394,68.56283223875872
315.70028109867866,75.11815097006485,46.85601654249463,68.42158720255271
314.97924345892346,74.85276352502396,46.693397868694156,68.7546772066362
316.2837408390162,73.03821248581454,46.45317126453362,68.70401328779622
317.57337826560877,73.1275148921784,45.69392629755839,69.10400796680369
318.80795969907945,73.70581304225075,44.7083940211847,70.17171271891468
319.41863544291596,73.15108629819001,44.03578871633016,70.13636532742706
318.3231784121032,71.96131356770272,43.97036880684549,69.56453465579469
318.46785644212395,73.97430174420703,43.90583218487235,69.61287713859015
317.91882428186364,76.1373311729412,43.5045539609998,70.88835080647571
318.002499192852,76.47666652292628,43.29845669607964,71.52189773095405
318.18718485120297,76.83163059859014,43.02193325317498,72.28037408881596
319.76784888337215,76.18249467123579,42.533746537072474,72.71634006645199
318.4486673599712,74.15182796600848,42.62038479060443,72.40806589382163
317.15711994475214,75.43902586443158,43.04868233614521,72.53756297046492
317.0604790689186,75.43033508441256,43.7479604875767,72.10440052214068
315.8063280265263,76.41131252978829,44.73831911084188,72.08668076931623
314.8688461441196,76.72392122037708,46.071305146011895,71.65566224413018
315.4437853978018,77.61832372593932,47.46108932897499,71.19882195009633
314.0973050796963,77.65533171424806,48.32141003175489,70.95809385826666
313.27783377274915,78.8976451540462,48.869042128896155,70.77543460739454
312.9188398523622,77.40082491942434,49.27368357513701,71.00241388144421
312.9742135667033,79.62978852594986,49.77946864736927,71.22095311365088
312.3527207758549,80.36733780536647,50.041294679041336,71.60813320455516
311.66147184764657,80.27724408358114,50.47001585392893,72.1758177315771
311.23618494627465,82.10301899438575,51.12184622259781,71.91684840084784
309.93002058830695,81.58712110196284,51.476485162592596,72.0767479345551
309.6973652038894,85.27649067134509,52.30970136148451,71.40611699000164
309.8808801365516,86.76461729105323,53.27151698767871,70.84858810350602
309.1521078374054,88.88179997131542,54.206449796066565,70.1517249056146
310.24567291621975,88.63558927717483,54.65665250196838,70.35419581196824
309.36816914505994,88.30350809796865,55.2070916952095,70.91097238365057
309.15383383145553,87.81015742828384,55.641968600220665,71.51229846633804
308.61106479261014,87.01166093767372,56.288192469168905,72.19486179145801
309.0912071393699,88.16510127649568,57.075240345119326,72.6406696536467
308.71140480125655,90.64896635306326,58.37321331526174,72.80610380376248
307.4166738512262,92.33168962794156,59.57226675453553,72.83829211760317
305.41051371564987,90.9298624414833,60.113181900631034,73.3700586782465
305.5924028725425,92.66527556492763,61.08736905663592,73.29251931812198
305.9172388877422,91.83180324546709,61.47128159094529,73.48707696399553
305.14310734542346,93.81854160536719,62.23266311978699,73.66943881346647
308.37203261007005,93.86685334366355,62.061075175567865,74.39776018021828
308.5659090712764,94.0293269868013,62.170049093842294,75.042914943389
307.10886921016936,92.98891679050374,62.490020171538454,75.56393667347335
304.08875970858713,93.81180763419755,62.792021744258015,76.47029359503455
304.5156435464908,92.93673625846607,62.66939516285466,77.89314229879764
304.5973727792519,94.85434460229207,62.85515909814424,78.40477379493362
302.24951268172543,92.729302982129,63.160222417492975,79.33995961366296
304.75417736348794,91.52072323291624,63.23676450467619,79.70773766054495
305.9580716074415,92.9563719831816,63.036411345619086,80.3925124913196
304.27224299082627,92.97067162712153,63.39185016964936,80.26007864713627
306.19898010811517,92.44598264622107,63.072852940391854,80.55559215506076
304.15979852855054,93.13420152357055,63.39916771869423,80.91106082777625
305.93732337784445,92.88880895459641,63.074885652585664,81.23940590852203
306.8818179730573,94.35230625356624,63.08381693529819,81.26153356223585
302.6015466757828,96.26019850549623,63.73168275934454,81.37216016690027
300.97092222855315,97.09769907508834,64.80677033213999,81.15754369479532
300.3551983022228,97.80026081683643,65.7864209391652,80.90896764278793
298.5504960172713,96.6822183705412,66.2305586595676,81.23879057137157
294.378263027983,96.75104746265927,67.8089300356745,80.87950019548839
293.65928911987885,97.96820555382924,69.24122024347784,80.49517023083402
293.7584546654608,98.35810167739064,70.5855966695523,80.26315292940916
292.3106288504307,98.8669945221718,71.40872485434411,79.84914846419852
291.2993092757922,99.21961846852297,72.19297997537836,79.06628300706237
289.7926593766972,100.82035303359056,72.82292632566958,78.10354596077818
287.2538215123284,101.45745809103335,72.70444119921227,77.32172569326009
289.49570861285304,103.26111990673098,73.6800907016274,76.20850448697098
286.50847110569043,104.5918236564155,73.08615688198695,75.84084663691353
284.8315707007492,106.85231271980798,73.19484044274999,74.81710909266096
282.4039729792554,106.36893503853706,71.54882755628779,75.33115208849946
284.8180536606087,107.72569141957564,71.8565172365895,74.92004090123906
286.7137315235342,111.2910061212768,72.71922157718654,74.12902950144135
287.1587112445869,111.7538473888588,73.52979515510366,73.76474172817481
286.52816709335866,112.8191038706795,74.37039964060973,73.0864862504608
284.68479831894706,113.82770494530028,75.11233145965352,72.45005736269886
284.57723875531394,115.08765660324835,75.52597097781661,72.1280102541134
283.9821664041169,117.2911462844971,75.80075790284944,71.66339688837037
282.5333992282733,118.85534429210429,76.11168771041577,71.1715705370829
283.16970154124454,118.80755672859749,76.42678623089142,70.99809925222905
283.2361093203253,119.55020085483565,76.34234054921748,71.28811164913405
283.04334568939447,118.71577822726249,76.11472809867062,71.97918771795135
281.9173359949493,119.62365818840479,76.0938948104067,72.4074183008362
282.28326040276386,118.73196713535174,75.38626927741349,73.24415220223739
282.3699616309444,119.30764974318596,74.40657960628019,74.46809497840476
281.9344588481652,119.28233561665604,73.09851876716621,75.59259525971936
281.8634880823042,120.02205403918751,72.83810705625186,75.3503909512507
280.95667533769046,121.27742754919815,73.07258413294434,74.84561645920778
282.35170979927744,121.29254123635653,72.89784351342108,74.50525207685962
282.5786447306442,120.04169086911256,72.38706504993121,74.35363994036857
283.3368308831101,121.3520778170473,72.09423292038346,74.02593779728574
282.6549802582006,122.41888804766111,72.06191508732408,73.43822440479181
282.27313858820924,124.29789838286344,71.88411643221723,72.98811823061138
282.17063825074166,126.7978672616513,71.3498461861204,73.03720996365297
282.08753637609703,129.32557038211013,71.14170797439597,73.66550785279733
278.4016404595365,131.4040509215464,70.00481755235259,75.43656262964316
278.47988962760087,140.7377282292081,68.84653327604491,78.8061924686915
277.55727159831486,153.20591894758465,68.7852184625318,78.8942420035495
275.9775776704803,148.32607030255855,68.57970089571756,79.88932126399754
275.565604956767,152.9927897122122,68.8269152743935,79.31406292733337
275.95027634091014,161.79649847403218,70.08366940425866,76.27789224464647
275.56134494022496,160.73065724235477,71.50867504084381,73.79049800346054
273.0282684622795,164.34023979666333,72.61356994162301,71.0793484996985
272.1426998815818,155.98229221804473,72.38820161703252,71.61702681970726
271.31081287004474,158.0422399729734,72.484683556561,71.59446507318945
270.5203569883279,156.380719807043,72.03326788767825,72.6956168121341
270.4407538861086,157.39083092085127,71.84724055671697,73.36867696469935
271.10500611562753,155.0966421106819,71.43552301351956,74.65795028884514
270.5083799559584,160.28507093847145,72.08578082477351,73.96190580903865
269.5017436583096,158.7121305464199,72.61084685084285,73.52439972121199
268.097853639352,157.63049883837465,73.19063444482353,73.52661186277234
267.4956286942572,161.0482223144557,74.06646314897587,72.71128433920505
265.7006162246056,162.05515089694643,74.72343664971729,72.00932165102031
265.92880122465687,164.78654920321583,75.32741325827013,70.8462079936414
264.9997036405351,166.86795245285128,75.63077137294316,69.45533209758442
264.8097100725901,168.81310264543407,76.10773577547775,68.10167912078887
264.1269790882974,170.9941849861585,76.35374621531612,66.88642038977724
262.0660971522491,171.91425099175484,76.6602768380753,65.86895492821758
260.4916029571944,173.69487171322623,77.00222883821428,64.35142493140178
258.8317349637765,174.0694133096783,77.33543542144638,63.07697694991428
258.70070102530747,174.9546406412822,77.76701609198089,61.967103669037364
257.1926706582433,176.22448432828799,78.34007379023444,61.2296155057119
256.80806898578334,176.05337537791848,78.78789663038629,60.75369500734253
256.0387841816562,178.7784541138661,79.2578831357335,60.06637822530055
255.66604096809664,178.45827652495356,79.72515550187526,59.470355192873676
255.63927507216388,178.46830150395456,79.81382731750449,59.10865221517069
255.55845438737234,178.18293124272577,79.72291652940174,58.97774407064684
255.7546877070589,177.20617850099669,79.54468830139965,59.411772096602085
255.3409249641636,178.27052724586792,79.46426341867672,59.83718482248756
255.1304983744674,176.38222083614752,79.1755894136981,60.76788389881296
253.7764941670849,177.68854481893695,79.07788103340367,61.37419346443393
