1
523.1722373951104,202.00237049270282,20.764218141671716,25.95916907909897
533.477569250074,208.81392632866044,20.129136527667193,24.934304139150257
542.2045707975416,215.03419205923356,19.528211067657107,24.404713211331206
541.6637662171871,219.45418075189033,19.10679094660071,24.175587973763058
540.5529616555865,220.3990248161026,18.850370864268022,23.819038760914196
532.5505600838758,222.24615898978112,18.987800187540213,23.57546814335611
522.5599821750783,226.99451596963235,18.636320811588767,23.674544838582477
511.6235532419857,230.37365823610267,18.020511794103733,24.42751752697944
506.92622783024785,229.475690017889,18.185354428771937,24.603459354418312
506.0522899089902,226.50581625744348,18.833667650770067,24.305455802245937
517.0176036284765,223.39147783452617,18.832582605838265,24.5853060643509
524.9710187260033,221.21277573876978,18.826688667479118,24.12177493818123
539.3937394359314,220.96846138422978,18.65212035294978,23.67402260207165
547.9532223268997,224.09846699606416,18.853342315174505,22.958963355317152
555.5087617453722,230.28609699550483,18.613159790053658,23.25102459775814
555.1192189325513,234.78735368825087,18.7363583690292,22.811705311929078
555.464653952264,234.967217632129,18.21886702593978,23.157025859735032
547.7552240043428,234.00480530196506,17.889813621891825,23.778280770794915
538.8377086795884,234.14386353938121,17.863130972908827,23.908951753460233
525.2664311101715,236.7283820071265,18.27503700487243,23.919785657493755
516.671642710796,240.10849727437062,18.486891450136465,24.112789228653618
507.34062816755875,240.27510433930965,18.35651147704607,24.754695437266335
503.96131747411323,239.97243712943109,18.352526819159294,24.714325684499862
508.6113953481983,236.05802079142137,18.446799959524544,24.158648622288197
522.3034045433063,232.7210621186638,18.220602261548663,23.951287256304468
535.1402075615468,230.97089059360175,18.320808220264695,24.025348580713384
551.4688555849692,230.50128854144094,18.43636930954976,24.30494801816867
560.763501983967,233.61036398093557,18.351247869999817,23.68415325809405
567.891531985792,238.4356157536124,18.47603219915716,23.22440666183369
569.2255471896212,240.9030692391378,18.853896918087834,22.71899745453202
567.1541799853968,241.93637191671795,18.7793004627877,22.30396337284118
559.0191788506592,239.77873247635637,18.394773215101626,22.43320872483806
550.5434684801352,241.1082103965365,18.424797982667332,22.736555250173517
540.7613484590105,243.63773656357,18.387476928663293,22.61446245371302
530.9238870136282,243.44882177866214,18.702822083050798,22.51877717332659
524.0143949665152,242.04720317533602,19.033173927555346,22.763310486795607
525.2412069493578,239.10637401408079,18.643989817375108,22.57102366517829
534.5747481804403,236.44078056598087,18.40223822054759,23.223629053166327
546.4632429196407,232.4776670135786,18.265564556322527,23.111880445682125
562.3110031188255,229.82866018620675,18.152885447383422,24.071299735178304
572.6026739592498,230.3579661566951,18.127758703863524,23.35942626564185
577.3071613470274,235.81822101974956,17.97401005442265,22.740595009888793
579.8710701185836,240.61911578361241,17.933617670997815,22.38899665135986
575.4116904979563,244.0259454609388,17.96180001972852,22.60913931422798
571.098646712583,244.0537463490387,18.411627392716703,22.430939723985396
560.9789433215324,243.42688909217017,18.139309111669178,23.015893186935088
552.4349696951499,247.19919613867506,18.248800860478404,22.56876161212884
539.6034090430146,250.91430636217322,17.791936142571032,22.961942711147955
530.2989041321679,254.09899810732182,17.61600831988504,23.2048187063505
522.728239139026,255.45720655938462,17.960870970484912,22.772749885296257
518.30598548541,254.6781069098393,17.895807891799763,22.91554911580249
519.2453797277567,252.4394868985677,18.23996565183178,23.061743272870167
525.6858319974275,250.53427940615975,18.791474143239764,22.779474764640852
528.2470504090463,250.19480140167565,18.62613368158167,22.84320026557075
537.5974247371814,248.73351680436704,18.333423087290683,22.80689298966167
542.3026351048106,254.15932209653934,18.304379115748908,22.327784050405477
545.743016847696,257.59066670294015,18.245698845655046,22.476476322630006
543.5553395574877,263.326987576707,18.073847669605087,22.332928286675934
542.1099049857535,263.93020316913055,18.482996933628993,22.308171512109208
536.3475124633701,262.52348764798234,18.57445549463675,21.986136460837127
528.4823220637019,261.55206247711027,18.490968906921957,22.053565635073383
516.1754023887768,265.9067634010089,18.13688811664818,22.41283868349073
505.6808051735833,267.19955093134905,18.42072425395602,22.236622402607914
498.93556952009374,267.77905877891794,18.586317977359684,22.77100821654924
494.24339613980345,266.7357891563906,18.87405702588962,22.694840641650764
493.6064888230789,262.73247873620863,18.67247552220332,22.79948226370572
501.87204053725264,259.6098215843062,18.361709189077214,22.981971809860738
510.34608178577446,256.5777254627395,18.53523522707633,23.285408917244737
521.2437527214513,254.37521282306798,18.662739938601923,23.711221442098157
529.5738906697869,255.597468133008,18.97368015572662,23.592844006630166
537.1806935486692,260.81910842654617,18.87746964684549,22.763317444551344
538.2628306930725,266.29588833711864,18.6023597785283,23.33178330015801
537.3872503679127,269.47887584820506,18.494197943854175,23.446397941555524
534.8297467486366,272.43873215383104,18.73533194337051,23.026225020844798
530.5969341334663,271.55391938501907,18.771186963463478,23.23152479750449
519.3455332655149,277.6218023069664,19.197492966582868,22.974319874255173
510.9163605037871,286.1154661583533,19.524438974130053,23.003112877390116
503.28636510517697,292.0211525994058,18.799366402579132,23.656470221381053
499.7539313802827,295.87384504017695,19.02867563715952,23.587789907427258
498.50391363034873,300.34836477625174,19.13754077738784,23.36306733144916
504.02599539730005,300.84661467318665,18.83917641132318,23.54921369681585
512.8432957144396,304.5048350895921,18.70033117257826,23.784236589967556
525.3071626573058,304.3053498113762,18.934385614298833,23.238576940207416
534.4239535600923,304.7433563730005,18.917353503028135,23.100404548081595
543.8202922200276,308.8108939416709,19.09748205369827,22.728035256337225
544.756478882724,310.4866594301889,19.15172124249861,23.41500889619325
546.827048921889,312.53604351612194,18.97274016911459,23.533725830100195
543.3089779168146,305.9767687084896,19.265681363476727,23.828964781861856
539.6567346568797,299.4763674931192,19.30686072904956,24.02407440320492
524.4980888844079,290.43170887994734,19.676983963155642,24.14710385516097
513.791454525529,290.06910135140487,19.77188963552164,23.757220434479905
497.56466113367605,289.17943140673503,20.204836014100415,23.870476582712254
488.50932184357197,287.4185550427132,20.28868733665153,23.29622819115847
484.2263504172384,284.9234597036579,21.09108423030543,22.813833988061628
482.8456519312018,283.8202539042062,21.275381195672214,23.305539817192496
484.71241669471056,281.9163149627605,21.190804845171996,23.705876248978853
492.14772415548924,278.07558647058397,20.842699309864308,24.23877400676556
492.7482875243293,278.5559957365761,20.98768486012826,23.880126480977207
498.29441890739577,280.5842474248329,20.77340797839117,23.61981732072833
498.0265376611358,281.32859956548106,20.57201130241439,23.56420398636149
