22,87,88,142
23,86,66,54
23,87,67,54
23,87,67,54
23,86,67,54
23,86,67,54
23,87,68,53
24,88,68,53
23,88,68,53
22,87,68,53
22,87,68,53
23,87,68,53
24,86,68,52
23,85,68,52
23,84,68,52
24,84,68,51
24,83,68,51
25,82,68,51
26,83,67,50
24,83,67,50
25,83,67,50
26,84,66,50
26,83,66,49
27,84,66,49
28,84,66,49
29,84,65,48
29,84,65,48
30,83,65,48
30,84,65,48
31,83,64,48
31,84,64,48
32,86,64,47
33,85,64,47
33,84,63,47
34,83,63,47
34,85,63,47
35,84,62,46
36,83,62,46
36,82,62,46
37,81,61,46
39,80,61,46
39,79,61,45
40,80,60,45
40,80,60,45
40,81,60,45
42,82,59,44
41,84,59,44
42,85,59,44
43,85,58,44
43,87,58,43
43,86,58,43
43,86,57,43
43,85,57,43
43,84,57,43
43,85,56,42
44,85,56,42
45,85,56,42
45,87,55,42
45,86,55,41
46,88,55,41
45,89,54,41
46,89,54,40
46,88,54,40
46,88,53,40
47,89,53,40
47,89,53,39
47,88,53,39
47,87,52,39
47,87,52,39
47,88,52,38
48,87,51,38
47,86,51,38
48,86,51,38
48,86,50,38
49,85,50,37
49,85,50,37
50,86,49,37
50,86,49,37
50,86,49,37
50,84,49,36
51,84,48,36
51,84,48,36
52,83,48,36
52,83,48,36
53,84,47,36
53,83,47,35
53,85,47,35
53,84,47,35
54,83,46,35
54,84,46,35
54,84,46,35
54,84,46,35
54,83,45,35
54,82,45,34
54,84,45,34
55,82,45,34
55,83,45,34
54,83,44,34
55,83,44,34
55,83,44,34
55,83,44,33
55,83,44,33
54,83,43,33
55,83,43,33
55,82,43,33
55,82,43,33
54,80,42,33
54,79,42,33
54,78,42,32
54,77,42,32
55,76,42,32
55,76,42,32
55,76,41,31
55,76,41,31
55,77,41,31
54,78,41,31
54,79,41,31
53,80,41,31
54,82,41,31
54,83,40,31
53,83,40,31
52,84,40,31
52,84,40,30
53,83,40,30
52,83,40,30
52,82,40,30
52,80,39,30
52,80,39,30
52,80,39,30
51,79,39,30
52,80,39,30
51,79,39,29
50,79,39,29
50,80,39,29
50,81,38,29
49,80,38,29
49,80,38,29
48,80,38,29
48,80,38,29
49,81,38,29
48,80,38,29
47,80,38,29
47,80,38,28
47,81,37,28
46,81,37,28
45,81,37,28
45,80,37,28
45,81,37,28
44,80,37,28
44,81,37,28
43,82,37,28
43,82,37,28
43,82,37,27
43,82,36,27
42,81,36,27
42,80,36,27
41,79,36,27
41,78,36,27
41,78,36,27
40,79,36,26
40,79,36,26
39,79,35,26
38,80,35,26
38,81,35,26
37,81,35,26
37,81,35,26
37,81,35,26
36,81,35,26
36,81,35,26
36,80,35,25
35,80,35,25
35,80,35,25
34,80,35,25
34,80,35,25
33,80,35,25
34,80,35,25
34,80,35,25
33,80,35,25
32,81,35,25
32,81,35,25
32,81,35,25
32,82,35,25
32,82,35,25
32,82,35,25
28,82,35,25
29,82,35,25
29,82,34,25
29,82,34,25
28,82,34,25
28,82,34,25
28,83,34,25
28,83,34,24
27,83,34,24
26,84,33,24
26,85,33,24
26,85,33,24
26,84,33,25
25,85,33,25
23,86,33,25
22,87,33,25
23,85,33,24
23,87,33,24
22,86,33,24
22,86,33,24
22,87,33,24
22,87,33,24
22,86,33,24
21,86,33,24
21,85,33,24
20,83,33,24
20,83,33,24
20,82,33,24
19,81,33,24
18,81,33,24
17,80,33,24
17,80,33,24
17,80,33,24
17,81,33,24
16,82,33,24
16,82,33,24
17,82,33,24
18,82,33,24
18,82,33,24
18,82,33,24
18,82,33,24
18,82,33,24
18,82,33,24
18,81,33,24
18,81,32,24
18,80,32,24
18,80,32,24
18,80,32,23
18,80,32,23
17,81,32,23
17,82,32,23
17,82,32,23
17,83,32,23
17,84,32,23
17,84,32,23
17,84,32,23
17,84,32,23
17,83,32,23
18,82,32,23
18,82,32,23
18,81,32,23
18,82,32,23
18,83,31,23
19,84,31,23
17,84,31,23
17,84,31,23
18,84,31,23
18,84,31,23
18,83,31,23
18,82,31,23
18,81,31,23
18,81,30,23
19,81,30,23
19,81,30,23
19,83,30,23
19,83,30,23
19,83,30,23
19,84,30,23
19,84,30,23
19,85,30,23
20,85,30,23
20,86,30,23
20,86,30,23
19,86,30,23
20,85,30,23
20,84,30,23
20,84,30,23
20,84,30,23
20,83,30,23
20,84,30,22
20,84,30,22
21,83,30,22
22,82,29,23
22,82,30,22
22,81,29,22
23,80,29,22
23,80,29,22
23,79,29,22
24,80,29,22
25,80,29,22
24,80,29,22
25,81,29,22
24,81,28,22
24,81,28,22
25,81,28,22
25,81,28,22
25,81,28,22
25,81,28,22
26,81,28,22
26,81,28,22
25,81,29,22
26,82,29,22
26,82,29,22
27,81,29,22
27,82,29,22
27,81,29,22
27,81,29,22
27,81,28,22
27,82,28,22
26,81,28,21
26,81,28,21
27,81,28,21
26,82,28,21
27,82,28,21
27,84,28,21
27,84,28,21
27,83,28,21
27,83,28,20
27,82,28,20
27,82,28,20
27,82,28,20
27,81,27,20
28,82,27,20
28,82,27,20
28,82,27,20
28,82,27,20
28,84,27,20
27,84,27,20
27,84,27,20
27,84,27,20
26,84,27,19
27,85,27,20
27,85,27,19
27,85,27,19
28,85,27,19
28,85,27,19
29,85,27,19
29,85,27,19
28,85,27,19
29,84,27,19
28,84,27,19
29,84,26,19
29,85,26,19
28,85,26,19
29,85,26,19
29,86,26,19
29,87,26,19
29,86,26,19
30,86,26,19
31,87,26,19
30,86,26,19
30,87,25,18
30,86,25,18
30,86,25,18
29,86,25,18
30,86,25,18
30,87,25,18
30,87,25,18
30,87,25,18
30,87,25,18
30,87,25,18
30,87,25,18
30,88,24,18
32,88,24,18
33,88,24,18
33,87,24,18
33,87,24,18
33,86,24,18
33,85,24,18
33,85,24,18
34,85,24,18
34,84,24,18
35,85,24,18
35,85,24,17
36,85,24,17
36,86,24,17
36,85,23,17
38,85,23,17
39,85,23,17
39,85,23,17
39,85,23,17
40,85,23,17
40,85,23,17
40,85,23,17
42,86,23,17
42,85,23,17
42,84,23,17
43,84,23,17
43,84,23,17
44,85,23,17
45,84,23,17
46,84,23,17
46,84,23,17
47,85,23,17
49,84,23,17
49,84,23,17
50,83,23,17
51,83,22,17
53,83,22,17
53,83,23,17
55,83,22,17
55,85,22,17
56,85,22,17
57,87,22,17
58,87,22,17
58,89,22,17
59,88,22,17
60,88,22,17
61,87,22,17
62,86,22,18
63,86,22,18
64,86,22,18
66,86,22,18
66,87,22,18
67,89,22,18
69,88,22,18
69,88,22,18
71,88,22,18
72,87,22,18
73,87,22,18
74,85,22,18
75,85,22,18
77,85,22,18
77,84,22,18
78,84,22,18
79,85,22,18
80,84,23,17
81,85,23,17
83,85,23,17
84,85,23,17
85,85,23,18
85,85,23,17
87,85,23,17
87,85,23,17
88,86,23,18
89,85,23,18
90,85,23,17
91,85,23,17
92,85,22,17
92,86,22,17
92,85,22,17
93,85,22,17
94,86,22,17
95,85,22,17
96,85,22,17
97,85,22,17
97,84,22,17
97,85,22,17
98,85,22,17
99,85,22,17
100,85,22,17
100,85,22,17
101,85,22,17
101,85,22,17
101,85,22,17
102,85,22,17
102,85,21,17
103,85,21,17
102,86,21,17
103,86,21,17
103,86,21,17
103,86,21,17
104,86,21,17
104,86,21,17
104,86,21,17
105,86,21,17
105,86,21,17
105,87,21,17
105,86,21,17
105,87,21,17
106,87,21,17
105,86,21,17
106,86,21,17
106,85,21,17
106,85,21,17
105,85,21,17
106,85,21,17
106,85,21,17
106,85,21,17
106,86,21,17
105,85,21,17
106,86,21,17
105,86,21,17
105,87,21,17
105,87,21,17
105,87,21,17
105,88,21,17
105,87,21,17
105,87,21,17
104,87,21,17
105,88,21,17
105,87,21,17
105,87,21,16
105,88,21,16
105,87,21,16
105,88,21,16
105,88,21,16
105,88,21,16
105,88,21,16
104,88,21,16
104,87,21,16
104,87,21,16
104,86,21,16
104,86,21,16
103,86,21,16
103,86,21,16
103,86,21,16
102,87,21,16
102,87,21,16
102,87,21,16
102,87,21,16
101,87,21,16
101,88,21,16
101,87,21,16
101,87,21,16
101,87,21,16
100,87,21,16
100,88,21,16
100,89,21,16
100,88,21,16
100,87,21,16
101,87,21,16
100,86,21,16
100,86,21,16
100,86,21,16
100,86,20,16
100,85,20,16
100,85,20,16
101,85,20,16
101,85,20,16
101,85,20,16
102,84,20,16
102,84,20,16
102,84,20,16
103,83,20,16
102,84,20,16
103,85,20,16
103,85,20,16
103,84,20,16
104,84,20,16
104,84,20,16
105,85,20,16
105,85,20,16
105,85,20,16
105,85,20,16
106,85,20,16
105,85,20,16
106,84,20,16
106,84,20,16
106,84,20,16
107,85,20,16
108,84,20,16
108,85,20,16
108,85,20,16
109,85,20,16
108,85,20,16
109,85,20,16
109,85,20,16
110,84,20,16
110,85,20,16
110,85,20,16
111,85,20,16
110,85,20,16
110,85,20,16
110,84,20,16
110,85,20,16
110,84,20,16
110,85,20,16
110,84,20,16
110,84,20,16
110,83,20,16
110,84,20,16
111,83,20,16
110,84,20,16
110,83,20,16
110,83,20,16
110,83,20,16
110,84,20,16
109,85,20,16
110,84,20,16
109,84,20,16
109,83,20,16
110,84,20,16
109,84,21,16
109,84,21,16
109,84,21,15
109,84,21,15
109,85,21,15
109,85,21,16
109,87,21,16
109,85,21,16
109,85,20,16
109,85,20,15
109,85,20,15
109,85,20,15
109,85,20,15
109,85,20,15
108,86,20,16
108,85,21,16
108,85,20,16
108,86,21,16
108,85,21,16
108,85,21,16
107,85,21,16
108,84,21,16
108,84,21,16
108,84,21,16
108,84,21,16
108,84,21,16
108,85,21,16
108,85,21,16
108,85,21,16
108,84,21,16
108,84,21,16
108,84,21,16
107,84,21,16
108,84,21,16
107,84,21,16
108,84,21,16
108,85,21,16
107,85,21,15
107,85,21,15
107,86,21,15
107,86,21,15
107,85,21,15
107,85,21,15
107,85,21,15
107,85,21,15
107,84,21,15
107,85,21,15
106,84,20,15
106,84,20,15
105,84,20,15
105,84,20,15
105,84,20,15
105,83,20,15
105,83,20,15
105,83,20,15
105,84,20,15
105,84,20,15
105,84,20,15
105,85,20,15
105,86,20,15
105,86,20,15
105,86,20,15
104,85,20,15
104,84,20,15
104,84,20,15
104,84,20,15
104,84,20,15
104,84,20,15
104,85,20,15
104,85,20,15
103,85,20,15
103,85,20,15
103,85,20,15
103,85,20,15
103,85,20,15
103,85,20,15
104,85,20,15
104,84,20,15
103,83,20,15
103,83,20,15
104,83,20,15
103,83,20,15
104,84,20,15
103,84,20,15
103,85,20,15
103,86,20,15
104,87,20,15
104,87,20,15
104,87,20,15
104,88,20,15
104,87,20,15
104,87,20,15
104,87,20,15
105,87,20,15
106,87,20,15
105,87,20,15
105,86,20,15
105,86,20,15
106,85,20,15
106,85,20,15
106,85,20,15
106,85,20,15
107,84,20,15
107,84,20,15
107,83,21,15
107,83,21,15
108,82,21,15
108,82,21,15
108,83,21,15
109,83,21,15
109,83,21,15
109,83,21,15
109,84,21,15
110,84,21,15
110,83,21,15
110,83,21,15
111,84,21,15
111,85,21,15
111,85,21,15
111,85,21,15
111,85,21,15
111,85,21,15
112,84,21,15
113,84,20,15
112,85,21,15
113,85,20,15
113,85,20,15
114,85,20,15
114,85,20,15
114,85,20,15
115,85,20,15
115,85,20,15
115,85,20,15
116,84,20,16
117,84,20,16
118,84,20,16
117,84,20,16
118,84,20,16
118,84,20,16
119,84,20,16
118,84,21,16
119,83,21,16
119,83,21,16
120,82,21,16
120,82,21,16
120,82,21,16
120,82,21,16
120,82,21,16
120,82,21,16
120,82,21,16
120,82,21,16
121,82,21,16
121,82,21,16
122,83,21,16
123,82,21,16
123,82,21,16
123,82,21,16
123,83,21,16
125,83,21,16
124,83,21,16
126,83,21,16
125,83,21,16
126,83,21,16
126,83,21,16
126,84,21,16
127,83,21,16
128,84,21,16
128,84,21,16
129,84,21,16
130,84,21,16
132,84,21,16
132,84,21,16
133,84,21,16
133,82,21,16
134,82,21,16
135,82,21,16
136,82,21,16
137,81,21,16
138,81,21,16
140,81,21,16
140,81,21,16
141,82,21,16
141,82,21,16
143,83,21,16
144,83,21,16
146,83,21,16
146,83,21,16
147,83,21,16
148,83,21,15
149,82,21,16
150,82,21,15
151,82,21,16
152,82,21,16
153,82,21,16
154,82,21,16
155,82,21,16
156,83,21,16
158,84,21,16
158,84,21,16
159,84,21,16
160,84,21,16
160,84,21,16
162,84,21,16
162,83,21,16
163,82,21,16
163,82,21,16
164,81,21,16
164,80,21,16
165,81,21,16
166,81,21,16
166,81,21,17
167,81,21,17
167,81,21,17
168,81,21,17
167,81,21,17
167,81,22,17
169,82,22,17
169,82,22,17
168,82,22,17
169,82,22,17
169,82,22,17
170,82,22,17
170,83,23,17
171,83,23,17
171,83,23,17
171,83,23,17
172,83,23,17
172,84,23,18
172,83,23,18
173,84,23,18
173,83,23,18
174,84,23,18
174,83,23,18
174,84,23,18
174,82,24,18
174,82,24,18
175,82,24,18
175,82,24,18
175,82,24,18
175,83,24,18
175,84,24,18
175,84,24,18
176,85,24,18
177,85,24,18
177,85,24,18
177,84,24,18
177,84,24,18
176,84,24,18
177,83,24,18
177,83,24,18
177,83,24,18
176,82,24,18
176,82,24,18
176,82,24,18
176,82,24,18
177,83,24,18
177,83,24,18
177,83,24,18
177,83,23,18
177,83,23,18
176,83,23,18
176,83,23,18
175,83,23,17
175,83,23,17
176,83,23,17
176,83,23,17
176,83,23,17
176,83,22,17
176,83,22,17
175,83,22,17
175,82,22,17
175,82,22,17
174,82,22,17
174,82,22,17
172,80,22,16
174,82,22,16
173,83,22,16
172,83,22,16
173,83,22,16
172,83,22,16
172,83,22,16
172,82,22,16
172,82,22,16
171,82,22,16
171,82,22,16
171,82,22,16
170,82,22,16
170,82,22,16
170,82,22,16
170,81,22,16
170,81,22,16
169,82,22,16
170,82,22,16
170,82,22,16
170,82,22,16
169,83,22,16
169,83,22,16
169,84,22,16
169,85,22,16
169,85,22,16
170,86,22,16
170,86,22,16
169,86,22,16
170,85,22,16
170,86,22,16
170,85,22,16
170,83,22,16
171,82,22,16
171,81,22,16
171,80,22,16
171,82,22,16
171,80,22,16
171,80,22,16
170,81,22,16
170,80,22,17
171,80,22,17
170,80,23,17
170,82,23,17
171,81,23,17
170,81,23,17
170,82,23,17
171,82,23,17
170,82,23,17
171,82,23,17
170,82,23,17
171,82,23,17
171,82,23,17
172,82,23,17
172,82,23,17
172,82,23,17
171,82,23,17
172,82,24,17
172,81,24,17
172,81,24,17
172,80,24,17
172,79,24,17
172,79,24,17
172,79,24,17
171,79,24,17
171,79,24,17
172,79,24,17
172,79,24,17
172,80,24,17
172,80,24,17
172,80,24,17
172,80,24,17
172,80,24,17
171,80,23,17
172,80,23,17
171,79,24,17
172,79,24,17
171,78,24,17
171,78,24,17
171,78,24,17
170,77,24,17
169,78,24,18
169,77,24,18
169,78,24,18
169,77,24,18
169,77,24,18
168,77,24,18
167,77,24,18
168,76,24,18
167,76,24,18
167,76,24,18
166,76,24,18
166,76,25,18
166,75,25,18
165,75,25,18
165,75,24,18
166,75,25,18
165,74,25,18
165,74,25,18
165,74,25,18
164,74,25,18
164,74,25,18
163,75,25,18
163,75,25,18
163,76,25,18
162,76,25,18
162,76,25,18
161,76,25,18
162,76,25,18
161,75,25,18
161,75,25,18
161,75,25,19
160,75,25,19
160,74,25,19
160,75,25,19
159,75,26,19
159,76,26,19
158,76,26,19
158,75,26,19
158,76,26,19
158,75,26,19
158,75,26,19
158,75,26,19
158,73,26,19
158,72,26,19
158,70,26,19
158,70,26,19
157,70,26,19
157,70,26,19
156,71,26,19
155,71,26,19
155,71,26,19
154,70,26,19
155,71,26,19
155,71,26,19
154,71,27,19
155,71,27,19
155,71,27,19
154,71,27,19
154,72,27,20
154,72,27,20
153,72,27,20
153,72,27,20
153,71,27,20
154,72,27,20
153,72,27,20
153,71,27,20
153,72,28,20
152,72,28,20
153,73,28,20
153,74,28,20
153,73,28,20
152,72,28,20
151,72,28,20
152,72,28,20
152,71,28,20
152,70,28,20
152,71,28,20
152,71,29,20
152,70,29,20
152,71,29,21
152,70,29,21
153,71,29,21
152,71,29,20
152,71,29,21
152,70,29,21
152,70,29,21
152,69,29,21
152,68,29,21
