142,124,172,178
143,122,29,53
142,124,30,53
142,124,30,53
141,124,30,53
141,125,30,52
142,125,30,52
142,126,30,52
142,126,30,52
142,126,30,52
141,126,30,51
141,126,30,51
142,127,30,51
141,126,31,51
142,125,31,51
141,124,31,51
141,123,31,52
141,124,31,52
140,123,31,52
140,124,31,53
141,125,31,54
141,126,32,54
145,125,32,55
144,125,32,55
146,124,32,55
149,124,32,55
145,126,32,55
148,125,32,55
149,124,33,55
151,125,33,55
149,127,33,55
151,127,33,55
149,127,33,56
148,127,33,56
147,128,34,57
150,127,34,57
147,127,34,57
144,128,34,57
146,127,35,57
143,129,35,57
140,131,35,57
136,133,35,57
132,131,35,57
129,131,36,57
128,126,36,57
127,125,36,57
127,126,35,57
129,127,36,57
131,125,36,57
134,125,37,56
137,125,37,56
143,125,37,56
146,124,37,56
147,128,37,56
144,129,37,55
140,130,37,55
140,129,37,55
138,129,37,55
136,131,38,55
134,136,38,55
133,140,38,55
134,140,38,55
135,139,38,55
136,137,39,56
136,135,39,56
135,133,39,57
135,133,39,57
133,130,39,58
133,129,40,59
133,124,40,59
134,118,41,60
134,106,41,61
135,96,42,62
137,89,42,63
138,84,43,64
138,80,43,64
131,78,44,65
125,80,45,64
115,89,46,63
99,104,47,63
97,116,47,63
94,129,48,63
101,139,49,63
103,150,50,62
112,162,51,61
123,171,51,61
134,174,52,61
145,176,52,61
150,177,52,61
154,175,52,61
154,165,52,62
150,155,52,62
149,149,52,63
145,136,52,63
140,128,51,64
132,125,52,64
122,122,52,63
113,120,53,63
105,119,53,62
102,123,53,62
100,127,53,61
101,130,53,61
104,132,53,61
108,132,54,61
113,132,54,60
117,131,55,60
120,128,54,60
131,127,54,59
132,124,53,59
136,121,53,59
138,118,52,58
140,116,52,58
139,112,51,57
136,111,51,57
131,110,51,57
125,115,50,57
124,115,50,57
123,118,50,56
122,122,49,56
123,127,49,56
123,129,49,56
124,129,48,56
126,126,48,55
126,125,48,55
127,124,48,55
126,123,47,54
125,121,47,54
125,121,47,54
125,117,47,53
125,117,47,53
125,118,47,52
125,118,47,51
125,116,47,51
126,115,47,50
126,114,47,50
127,112,47,50
127,111,47,50
128,111,47,50
129,110,47,50
127,111,47,50
126,112,47,50
127,108,47,51
131,104,47,51
130,104,48,52
130,102,48,53
128,100,48,54
127,98,48,55
126,95,49,56
125,99,49,56
124,95,49,57
125,90,49,57
134,81,50,57
140,81,51,57
140,80,52,58
137,80,52,59
135,87,53,59
111,94,54,59
103,92,54,59
109,97,53,59
112,95,53,59
113,101,53,58
115,99,52,58
117,98,52,58
123,96,52,58
124,102,52,57
125,102,52,57
125,107,52,57
125,106,52,57
125,107,51,56
126,108,51,56
126,114,51,56
126,115,50,56
125,117,50,55
119,124,50,55
119,118,49,56
118,125,49,56
117,126,49,56
120,134,49,56
121,137,49,56
127,135,49,55
130,133,49,55
136,132,49,54
136,132,49,54
136,133,48,54
137,134,48,54
137,134,48,54
139,134,48,54
140,133,47,54
141,133,47,54
141,133,47,53
142,133,47,53
143,133,47,53
146,131,47,54
149,130,47,54
157,130,46,54
161,129,46,54
175,122,46,54
180,120,46,54
185,126,46,54
187,125,46,54
193,126,45,55
196,132,45,55
197,133,45,55
197,139,44,55
196,137,44,55
197,137,44,54
198,137,44,54
200,135,43,55
200,133,44,55
196,131,44,55
191,122,44,56
191,113,44,56
185,104,44,56
178,95,44,57
177,86,44,57
175,77,44,58
173,76,44,58
166,74,43,58
188,52,44,57
188,50,45,57
180,43,45,57
177,34,46,57
178,27,46,57
179,22,47,57
185,22,47,57
184,23,48,57
183,25,48,57
183,27,49,58
182,29,49,58
182,26,50,59
182,28,50,59
181,29,51,60
181,25,51,60
181,27,52,61
181,29,52,61
185,30,52,62
182,25,53,63
181,27,53,63
180,28,54,63
180,24,54,64
179,26,55,64
179,28,55,64
178,24,55,65
178,26,56,65
177,27,56,66
176,22,57,66
176,24,58,66
181,26,58,67
178,22,59,67
176,24,59,68
174,20,60,68
173,22,60,68
172,24,61,68
171,20,62,69
171,22,62,69
171,24,63,69
171,25,63,70
171,20,63,70
171,23,64,70
171,24,64,70
171,20,65,71
171,23,65,71
171,25,65,71
171,20,66,71
170,23,66,72
170,25,67,72
170,21,67,72
170,24,67,73
169,25,68,73
169,25,68,73
169,21,69,73
168,24,69,74
167,25,69,74
167,20,70,74
172,23,70,74
170,20,71,75
168,23,71,75
167,25,71,75
167,20,71,75
173,23,72,75
171,24,72,76
170,25,73,76
169,27,73,76
168,27,73,76
121,47,73,77
121,48,73,77
121,48,73,77
121,48,73,76
121,49,73,77
121,49,73,77
121,50,73,77
122,50,73,77
122,48,73,77
121,47,73,77
122,47,73,77
123,45,73,78
124,42,73,78
123,41,74,78
124,39,74,78
123,37,74,78
122,35,74,78
122,33,74,78
122,30,74,78
121,28,75,79
121,27,75,79
121,27,75,79
121,29,75,80
121,30,76,80
121,31,76,81
122,32,76,82
122,33,76,82
122,33,76,83
123,38,76,83
123,36,76,84
123,35,77,85
124,36,77,85
124,35,77,86
124,35,77,86
124,35,77,87
126,35,78,87
127,35,77,88
128,35,78,88
129,36,78,89
129,35,78,89
130,34,78,90
131,33,79,90
131,33,79,90
131,33,79,91
130,34,79,91
99,37,80,91
100,39,80,91
100,39,80,91
99,38,80,91
99,31,81,91
100,32,81,91
103,33,82,91
102,27,82,91
103,29,82,91
104,29,83,90
105,23,83,90
106,26,84,90
99,18,84,90
102,22,85,89
103,24,85,89
94,25,86,89
97,20,86,89
100,23,87,89
90,25,87,89
92,26,88,89
93,29,88,89
82,22,88,89
81,23,88,89
82,25,89,89
83,27,89,89
83,28,89,89
83,30,89,89
83,32,90,90
82,23,90,90
82,25,90,90
82,28,91,90
94,33,91,90
93,27,91,90
95,31,91,90
97,37,91,90
99,40,91,90
111,53,91,91
110,54,91,92
110,56,90,93
109,59,90,94
108,58,90,95
108,56,89,97
106,54,89,98
113,54,89,99
89,30,90,98
89,22,91,98
88,22,92,98
87,22,93,97
88,21,94,97
89,19,95,96
89,11,96,96
89,13,96,95
89,15,97,95
91,15,98,94
92,16,98,94
93,15,99,94
92,15,99,94
92,14,100,94
92,13,100,94
92,11,100,94
91,10,101,94
92,10,101,94
92,9,101,94
94,10,101,94
94,10,102,95
93,9,102,95
93,10,102,95
93,11,103,95
92,11,103,96
92,12,104,96
94,10,104,96
93,12,104,97
92,12,104,97
93,11,105,97
91,12,105,97
92,10,105,98
90,11,105,98
90,11,106,98
89,12,106,99
90,12,106,99
91,11,107,99
91,11,107,99
93,11,108,100
93,11,108,100
94,11,108,100
93,10,108,100
92,11,108,100
92,10,109,100
90,10,109,100
89,11,110,99
88,12,110,99
77,12,111,99
81,14,111,99
68,17,111,99
70,19,112,99
71,20,112,100
73,22,113,100
74,23,113,100
77,25,113,100
78,24,113,101
78,26,113,101
79,27,112,101
81,29,112,102
70,25,112,102
71,24,112,102
71,25,111,102
71,24,111,102
71,24,111,102
71,25,112,102
70,27,112,102
70,28,112,103
69,27,112,103
70,27,112,103
68,21,112,103
70,21,112,103
69,22,112,104
71,22,112,104
72,23,112,105
73,24,111,106
85,27,111,106
83,29,111,107
83,27,111,108
83,29,110,109
85,28,110,110
86,28,110,112
85,21,110,112
85,22,110,113
84,25,110,114
82,26,110,115
80,18,111,116
78,24,111,117
76,17,111,117
75,21,112,118
75,25,112,119
88,28,112,119
83,20,112,120
82,24,112,120
81,16,113,120
81,21,114,120
81,22,114,120
78,14,114,120
78,17,115,120
79,19,115,120
