146,109,180,142
148,110,33,33
151,113,33,33
154,114,33,33
157,112,32,34
160,115,32,34
160,116,32,35
160,117,32,35
162,118,32,35
162,118,32,35
165,116,31,36
164,113,31,36
160,111,31,36
157,109,31,36
157,106,31,36
156,78,30,36
153,71,30,36
150,69,30,36
145,67,30,36
138,65,30,36
130,63,30,36
130,62,30,36
129,62,31,36
130,61,31,36
130,59,30,36
140,61,30,36
147,67,30,36
152,68,30,36
158,79,30,36
162,89,30,36
163,109,30,36
165,115,30,37
167,121,30,37
167,107,30,37
167,89,30,37
163,58,30,37
163,52,29,37
163,49,30,36
161,48,29,36
161,49,29,36
160,60,29,36
161,78,29,36
161,93,29,36
162,108,29,36
160,110,29,36
160,103,29,36
160,96,29,36
160,89,29,36
158,88,29,36
157,90,29,36
155,101,29,36
154,112,29,36
155,127,29,35
157,143,29,35
157,158,29,35
157,153,29,36
158,138,29,36
154,124,28,36
155,116,28,36
153,109,28,36
151,107,28,35
149,108,28,36
147,111,28,36
145,120,28,36
145,131,28,36
143,134,28,36
139,128,28,36
134,130,28,35
135,115,28,35
131,105,29,34
127,99,29,34
127,105,29,34
123,91,29,34
121,97,29,34
121,112,29,34
122,132,29,34
123,130,29,34
123,120,29,34
132,105,28,34
138,90,29,34
143,77,29,34
149,75,29,33
154,75,29,34
156,77,29,34
159,83,29,34
169,101,29,34
171,110,29,34
173,109,29,34
174,99,29,34
175,85,29,34
181,73,29,34
181,71,29,34
180,73,29,34
180,79,29,34
180,91,29,34
177,127,29,34
174,133,29,34
173,133,29,34
168,119,28,34
164,112,28,34
163,104,28,34
161,98,28,34
158,96,28,34
155,98,28,35
154,104,28,35
150,117,29,34
146,119,29,35
142,109,28,35
137,99,28,35
136,89,28,35
130,82,28,34
126,80,28,34
124,82,28,35
120,88,28,35
121,102,28,35
121,118,28,34
122,118,28,35
122,108,28,35
122,102,28,35
126,96,28,34
132,92,28,34
132,92,28,35
134,94,28,35
139,105,28,34
146,119,28,34
157,132,28,34
163,131,28,34
168,120,28,34
172,109,28,34
173,102,28,34
176,90,28,35
174,89,28,35
172,90,28,35
168,97,28,35
164,109,28,35
162,124,28,35
162,119,28,35
162,109,28,35
162,98,28,35
162,95,28,35
162,87,28,35
159,86,28,35
157,88,28,35
153,95,28,35
152,106,28,35
152,113,28,35
152,108,28,35
148,94,28,35
146,87,28,35
140,85,28,35
128,89,28,35
123,92,28,35
123,106,28,35
120,121,28,35
117,136,28,35
118,144,28,35
120,139,28,35
121,129,28,35
123,124,28,35
130,118,29,35
138,117,29,35
142,119,29,35
149,125,29,35
156,140,29,35
161,155,29,35
169,153,29,35
174,146,29,35
176,131,29,35
184,124,29,35
189,118,29,34
193,115,29,34
192,116,29,35
192,119,29,35
187,132,29,35
181,140,29,35
167,140,29,35
162,147,29,35
156,131,29,34
149,117,29,34
145,107,29,34
142,101,29,34
138,86,29,34
138,87,29,34
138,97,29,34
139,109,29,34
140,110,29,34
141,106,29,34
142,99,29,34
144,92,29,34
147,92,29,34
152,94,29,34
154,105,29,34
155,119,29,34
156,135,29,34
157,151,29,34
158,150,29,34
158,144,29,34
158,136,29,34
158,133,29,34
157,132,29,34
156,138,29,35
157,149,28,35
157,162,29,34
157,177,29,34
159,197,29,34
160,198,29,34
160,187,28,34
160,173,28,34
160,163,28,34
160,155,28,34
160,143,28,34
159,141,28,34
159,142,28,35
159,148,28,35
160,156,28,35
161,147,28,35
165,144,28,35
165,130,28,34
165,116,28,34
166,110,29,34
165,108,29,34
157,93,28,34
156,96,28,34
156,115,28,34
157,126,28,34
152,125,28,34
148,111,28,34
147,104,28,34
144,97,28,33
141,95,28,33
137,99,28,33
134,104,28,33
134,115,28,33
135,126,28,33
138,129,28,34
143,110,28,33
144,100,28,33
146,94,28,33
153,92,28,33
158,90,28,33
161,96,28,33
166,103,28,33
175,115,28,33
178,121,28,33
180,120,28,33
184,118,28,33
188,113,28,33
189,110,28,33
185,87,28,33
186,85,28,33
192,87,28,33
194,98,28,33
196,112,28,33
200,115,28,33
201,115,28,33
202,93,28,33
202,86,28,33
199,84,28,33
191,83,28,33
185,83,28,33
179,91,28,33
175,103,28,33
172,111,28,33
169,114,28,33
165,112,28,33
162,93,28,33
162,86,28,33
159,83,28,33
157,82,28,34
156,84,28,34
154,103,28,34
151,118,28,33
149,124,28,34
147,127,28,34
138,122,28,33
120,107,27,33
117,101,27,33
116,98,27,33
113,98,27,33
113,100,27,34
118,115,27,33
123,129,27,34
125,131,27,34
132,131,28,34
139,117,28,34
145,89,28,34
150,82,27,34
154,75,27,34
157,75,27,34
162,77,27,34
166,91,27,34
166,106,27,34
166,113,28,34
165,114,27,34
164,104,27,34
163,82,27,34
163,79,27,34
161,77,27,34
159,77,27,34
157,79,27,34
148,98,27,34
147,112,27,34
146,119,27,34
144,118,27,34
142,108,27,34
142,101,27,34
143,100,27,34
145,102,27,34
146,108,27,34
148,118,27,34
148,140,27,34
147,151,27,34
146,158,27,33
