83,52,145,122
85,57,62,69
87,58,62,69
88,58,62,69
89,59,62,69
91,59,63,69
90,59,63,69
90,58,63,69
90,57,63,69
89,57,63,69
88,57,63,69
85,58,63,69
86,58,62,69
83,59,62,69
82,59,62,69
81,59,62,68
79,59,62,68
78,60,62,68
76,61,62,68
75,62,62,68
75,62,62,67
74,64,62,67
74,64,62,67
75,64,62,67
75,64,62,67
76,63,62,67
78,63,62,67
79,62,62,67
79,62,62,67
81,61,62,67
83,60,62,67
84,60,62,67
86,59,62,68
86,59,62,68
87,59,62,68
90,60,62,68
90,59,62,68
91,59,62,68
93,59,62,68
93,59,62,68
94,59,62,68
94,59,62,68
95,59,62,68
96,59,62,68
97,59,62,68
97,59,62,68
98,60,62,68
98,61,62,68
97,61,61,68
97,61,61,67
97,61,61,67
98,61,61,67
97,62,61,67
97,62,61,67
96,63,61,67
97,62,61,67
96,62,61,67
95,60,61,67
95,60,61,67
95,61,61,67
94,62,61,67
93,62,61,67
93,62,60,67
92,61,60,67
90,61,60,67
90,62,60,67
90,62,60,67
88,61,60,67
87,62,60,67
87,62,60,67
86,62,60,67
87,62,60,68
85,61,60,68
85,62,60,68
85,61,60,68
83,61,60,68
85,61,60,68
83,61,60,68
83,61,60,68
83,61,60,68
82,61,60,68
82,61,60,68
81,60,60,68
82,60,60,68
81,60,60,68
81,60,60,68
81,60,60,68
82,60,60,68
81,61,60,68
82,61,60,68
81,61,60,68
81,61,60,68
81,61,61,68
80,60,61,68
80,60,60,68
80,61,60,68
80,60,61,68
80,61,60,68
80,61,61,68
80,61,60,68
81,61,61,68
80,61,61,68
81,61,61,68
80,61,61,68
81,61,61,69
81,60,60,69
81,61,60,69
82,61,60,69
81,61,60,69
82,60,61,69
83,60,61,69
82,61,61,69
84,60,61,69
82,61,61,68
84,61,61,68
84,61,61,69
84,60,61,69
85,60,61,69
85,60,61,69
86,60,61,69
85,60,61,69
86,60,61,69
85,61,61,69
86,61,61,69
86,61,61,69
86,60,61,69
87,60,61,69
87,60,61,69
87,60,61,69
86,60,61,69
86,60,61,69
86,61,61,69
84,62,61,69
85,62,61,68
83,62,61,68
83,62,61,68
83,62,61,68
82,62,60,68
83,62,61,68
82,62,61,68
82,62,60,68
82,62,60,68
83,61,61,68
82,62,60,68
84,61,61,68
83,62,61,68
85,61,61,68
85,62,61,69
84,61,60,69
86,61,60,69
86,61,60,69
85,60,60,69
85,59,60,69
85,59,60,69
85,59,61,69
84,59,61,69
84,58,61,69
84,59,61,69
83,59,61,68
83,58,61,69
83,59,61,68
82,58,61,68
81,59,61,68
80,59,61,68
80,58,61,68
79,59,61,68
79,58,61,68
78,59,61,68
78,59,61,68
77,59,61,68
78,59,61,68
77,59,61,68
77,59,61,68
76,59,61,68
76,59,60,68
77,58,60,68
76,58,60,68
76,59,61,68
77,59,61,68
76,58,61,68
77,59,61,68
77,59,61,68
77,58,61,68
78,58,61,68
79,58,61,68
80,58,61,68
81,59,62,67
82,59,62,68
83,59,62,67
85,59,62,67
86,61,62,67
89,60,62,67
90,61,62,67
91,61,62,67
92,61,62,67
93,61,62,67
93,60,62,67
94,60,62,67
95,59,62,67
94,59,62,67
94,59,62,67
93,59,62,67
93,60,62,67
92,59,62,67
90,59,62,67
88,60,62,67
87,59,62,67
85,60,62,67
84,58,62,67
82,58,62,67
80,58,62,67
77,58,62,67
76,58,62,67
74,58,62,67
74,58,62,67
73,58,62,67
73,57,62,67
72,57,62,67
72,56,62,67
73,57,62,66
73,56,62,67
73,55,63,67
74,54,63,66
75,54,63,66
76,53,63,66
77,53,63,66
78,53,63,66
80,53,63,66
82,53,63,67
84,53,64,67
86,53,64,67
88,53,64,67
92,54,64,67
96,54,64,68
101,54,64,68
105,54,64,68
110,55,64,68
116,55,64,68
123,54,64,69
128,53,65,69
134,52,65,69
139,52,65,69
144,51,65,70
149,52,66,70
154,51,66,70
160,51,66,70
164,51,66,70
167,50,66,70
170,49,66,70
173,49,67,70
176,49,67,70
179,49,67,70
181,48,67,70
183,48,68,70
184,49,68,70
185,50,68,70
186,50,68,70
187,51,68,69
188,51,68,69
188,51,68,69
187,51,68,69
186,51,68,69
185,50,68,69
183,50,68,69
180,50,68,69
180,50,68,69
177,51,68,69
174,51,68,69
171,52,68,69
168,51,68,69
165,52,68,69
162,52,68,69
157,53,68,69
153,54,67,70
149,55,67,70
145,55,67,70
139,55,67,70
135,55,67,70
130,56,67,70
124,56,67,70
119,56,67,70
114,56,67,71
111,56,66,71
106,56,66,71
102,56,66,71
99,57,66,71
94,57,66,71
92,57,66,71
88,57,66,71
86,57,66,71
85,56,66,71
83,56,65,71
81,56,65,71
79,56,65,72
78,56,65,72
76,56,65,72
76,55,65,72
75,56,65,72
75,56,65,72
75,55,65,72
75,56,66,72
75,55,66,72
76,55,66,72
78,56,66,71
78,55,66,71
80,56,66,72
81,56,66,72
84,56,66,72
85,56,66,72
89,58,66,72
91,57,66,72
94,57,65,72
98,58,65,72
102,59,65,72
106,58,65,72
110,59,65,72
114,59,65,72
119,59,65,72
125,59,65,72
129,58,66,73
134,57,66,73
138,58,66,73
143,59,66,73
148,59,66,73
152,58,66,73
157,57,66,73
161,57,66,73
166,57,66,73
170,56,66,74
173,57,66,74
177,57,65,74
180,57,66,74
183,57,66,74
186,56,65,74
189,57,66,74
191,57,66,74
193,57,65,75
194,56,65,75
195,56,66,74
196,56,66,74
198,56,66,74
199,55,66,74
199,55,66,74
199,55,66,74
199,55,66,75
199,55,66,74
199,55,66,74
199,56,66,74
198,55,66,74
197,55,66,74
195,55,66,74
193,55,66,74
192,55,66,73
191,55,66,73
189,54,65,73
187,54,65,73
185,54,65,73
183,54,65,73
180,55,65,73
178,55,65,73
175,55,65,73
173,55,65,73
170,55,65,73
168,55,65,73
165,56,65,73
162,55,64,73
159,55,64,73
157,55,64,73
154,56,64,73
151,56,63,73
149,55,63,72
147,57,63,72
145,51,63,72
142,52,62,72
140,54,62,72
138,55,62,72
136,56,62,72
134,56,62,72
133,55,61,72
131,55,61,72
130,54,61,72
128,54,61,72
127,55,61,72
126,56,61,72
125,56,61,72
125,54,61,72
125,56,61,72
126,54,61,72
126,55,61,72
127,55,61,72
128,55,61,72
129,55,61,72
129,56,61,72
131,56,61,72
132,55,61,72
134,55,61,72
136,54,61,72
138,56,61,72
142,54,61,72
144,54,61,72
147,54,61,73
151,53,61,73
154,52,61,73
158,51,61,73
161,52,61,73
165,51,61,73
169,51,61,73
173,52,61,73
177,52,61,73
181,51,61,73
185,52,61,73
189,52,61,73
193,52,61,73
197,52,61,73
201,51,61,73
204,51,61,72
208,51,62,72
211,49,62,72
214,49,62,72
216,49,62,72
219,50,63,71
221,50,63,71
223,51,63,71
224,51,64,71
225,51,64,71
227,50,64,70
227,50,64,70
228,50,64,70
228,51,65,70
227,51,65,70
227,52,65,69
226,51,65,69
225,51,65,69
224,51,65,69
222,50,66,68
220,51,66,68
218,51,66,68
215,51,66,68
213,50,66,68
210,49,66,68
207,50,66,67
203,50,66,67
200,48,66,68
197,49,66,67
192,48,66,67
189,48,66,67
184,47,66,67
179,46,66,67
175,46,66,67
171,47,66,67
166,47,66,67
162,48,66,67
158,48,66,67
154,48,67,67
150,48,67,67
146,49,67,67
143,49,67,67
140,49,66,67
137,49,66,68
135,49,66,68
133,47,66,68
130,48,66,68
129,48,66,68
128,48,66,68
127,47,66,68
128,48,66,68
127,50,66,68
127,50,66,68
127,51,66,68
128,51,66,68
129,52,66,68
130,53,66,68
132,53,66,68
133,53,65,68
135,53,65,68
136,53,65,68
137,53,65,68
139,54,65,68
141,54,65,68
143,55,65,67
144,55,65,67
145,56,65,67
147,56,65,67
148,57,65,67
149,58,65,67
150,58,65,67
150,58,65,67
151,58,64,67
151,58,64,67
152,59,64,67
152,59,64,67
151,59,64,67
151,60,64,67
151,60,64,67
150,60,64,67
149,59,64,67
149,60,64,67
147,60,64,67
146,60,64,67
145,60,64,68
143,60,64,68
142,60,64,68
139,60,64,68
136,60,64,68
135,60,64,68
133,60,64,68
129,61,64,68
127,60,64,68
124,60,64,68
120,60,64,68
117,61,63,68
114,61,63,68
111,61,63,67
107,61,63,67
104,61,63,67
102,61,63,68
99,61,63,68
96,62,62,68
93,63,62,68
91,63,62,68
89,63,62,68
88,62,62,68
87,63,62,68
86,63,62,68
85,63,62,68
84,63,62,68
83,65,62,68
83,64,62,68
81,65,62,67
81,64,62,67
81,64,62,67
81,64,62,67
81,64,62,67
81,64,62,67
81,63,62,67
82,63,62,67
82,62,62,67
83,62,62,67
84,62,62,67
85,61,62,67
86,61,62,68
88,61,62,68
89,60,61,68
91,60,61,68
93,59,61,68
95,59,61,68
96,59,61,68
99,58,61,68
102,59,61,69
104,58,61,69
106,58,61,69
108,57,61,69
111,57,61,69
113,57,61,70
115,57,61,70
118,57,61,70
120,57,61,70
123,57,61,70
125,57,61,70
128,58,61,71
130,58,61,71
133,58,61,71
134,58,61,71
136,58,61,71
138,59,61,71
140,59,61,71
142,58,61,71
143,58,61,71
145,58,61,71
146,59,61,71
147,59,62,71
148,59,62,71
148,60,62,71
149,60,62,71
149,59,62,71
149,60,62,71
149,60,62,70
149,60,62,70
148,59,62,70
147,59,62,70
147,59,62,70
146,58,62,70
145,58,62,70
145,59,62,70
143,59,62,69
141,59,62,69
140,59,62,69
139,59,62,69
137,59,62,69
136,57,62,69
135,57,62,69
134,57,62,69
133,57,62,68
131,57,62,68
129,58,62,68
128,58,63,68
127,57,63,68
126,57,63,68
124,58,63,68
123,57,63,68
122,57,63,67
122,57,63,67
121,57,63,67
120,57,63,67
120,58,63,67
120,58,63,67
121,58,63,67
121,59,63,67
122,59,63,67
123,58,63,67
123,58,63,66
125,59,63,66
126,59,63,66
128,59,63,67
129,58,64,67
131,58,64,67
133,57,64,67
135,57,64,67
138,56,64,67
140,56,64,67
144,56,64,67
146,55,65,66
150,56,65,66
153,55,65,67
157,55,65,67
159,54,65,67
162,53,65,67
166,53,65,67
169,52,66,67
173,52,66,67
175,52,66,67
178,52,66,67
182,51,66,67
186,52,66,67
188,52,66,67
191,51,66,67
193,51,67,67
197,51,67,67
199,52,67,67
200,53,67,67
203,52,67,67
205,52,67,67
206,52,67,67
208,52,67,67
209,52,67,67
210,52,67,67
211,51,67,67
212,53,67,67
212,54,67,67
212,54,67,67
212,54,67,68
212,54,67,68
211,53,67,68
211,52,67,68
211,51,67,68
210,51,67,68
210,51,66,68
209,52,67,67
207,52,67,67
205,53,67,67
204,52,67,68
202,51,67,68
199,50,66,68
196,49,67,68
194,49,67,68
191,49,67,68
189,48,67,68
186,48,67,68
182,48,67,68
179,47,67,68
175,47,67,69
172,46,67,69
168,46,67,69
164,45,68,69
160,45,68,69
156,45,68,69
152,45,68,69
148,45,68,69
144,44,69,69
141,45,69,69
138,45,69,69
135,45,69,69
131,45,69,69
128,46,69,70
125,46,69,70
123,46,69,70
119,46,69,70
118,45,69,71
116,45,68,71
114,45,68,71
112,46,68,71
110,46,68,71
109,46,68,71
106,45,68,72
105,45,68,72
104,45,68,72
104,45,68,72
104,45,68,72
103,45,68,73
104,45,68,73
104,45,68,73
104,45,68,73
105,45,68,73
106,44,68,73
106,45,68,73
108,45,68,73
109,45,68,73
110,44,68,73
111,44,68,73
113,45,68,73
115,44,67,74
116,44,67,73
118,44,67,73
119,44,67,74
120,44,67,74
122,44,67,74
123,45,67,74
124,46,67,74
126,47,66,74
126,47,66,74
128,48,66,74
129,48,66,73
129,49,66,73
130,49,65,73
131,50,65,73
131,50,65,73
131,51,65,73
130,51,65,73
130,51,64,73
129,52,64,72
128,52,64,72
127,52,64,72
126,52,64,72
124,52,64,72
122,52,63,71
119,53,63,71
117,52,63,71
114,53,63,71
111,53,63,71
108,53,63,71
103,53,63,71
99,53,63,71
95,52,62,71
90,51,62,71
86,52,62,71
82,52,62,71
78,52,61,71
74,52,61,71
70,53,61,70
66,54,61,70
62,55,60,70
58,56,60,70
55,57,60,70
53,57,59,70
52,58,59,69
50,58,59,69
48,58,58,69
48,58,58,69
47,57,58,69
47,57,58,69
46,57,57,69
46,56,57,69
46,57,57,69
47,59,57,69
48,59,57,69
50,58,57,69
51,58,57,69
52,58,57,69
53,59,57,69
55,60,57,69
58,60,57,69
60,59,57,69
62,58,57,69
65,57,57,69
67,58,57,69
71,57,58,69
73,56,58,69
77,55,58,69
80,55,58,69
84,55,58,69
88,56,59,68
90,55,59,68
94,56,59,68
98,57,59,68
101,56,59,68
104,57,59,68
106,57,59,68
109,58,59,68
112,58,59,68
114,60,59,68
115,60,59,67
116,60,60,67
119,60,60,67
119,61,60,67
120,61,60,67
121,61,60,67
122,61,60,67
122,62,60,67
123,61,60,67
123,61,60,66
123,62,60,66
123,62,60,66
122,62,60,66
122,62,60,66
121,62,60,67
120,61,60,67
120,62,60,67
120,62,60,67
119,62,60,67
118,63,60,67
118,64,60,67
118,64,60,67
118,65,60,67
118,66,60,67
117,65,60,67
118,66,60,67
118,65,60,67
119,65,60,67
120,66,60,67
121,65,60,67
122,65,60,67
124,65,59,67
126,65,59,67
127,64,59,67
129,65,59,67
132,64,59,67
134,63,59,67
136,65,59,67
139,65,59,67
142,65,59,67
145,64,59,67
148,64,59,67
152,64,59,67
155,65,59,67
159,65,59,67
163,64,59,67
167,64,59,67
170,64,59,67
174,64,59,67
177,64,59,67
180,65,59,67
183,64,59,67
186,64,59,68
188,65,59,67
190,65,59,67
193,64,59,67
195,64,59,67
196,65,59,67
198,65,59,67
200,65,59,67
201,65,59,67
201,66,59,67
202,65,60,67
202,66,60,66
203,65,60,66
202,65,60,66
203,66,60,66
202,67,60,66
202,67,60,66
201,67,60,65
200,67,60,65
199,66,60,65
197,65,60,65
195,66,60,65
194,66,60,65
191,65,60,65
189,65,60,65
188,65,60,65
184,64,60,64
182,64,60,65
179,63,60,65
176,62,60,65
173,61,60,65
170,61,60,65
167,60,60,65
164,60,60,64
161,60,60,64
160,61,60,65
157,61,60,65
154,61,60,65
152,60,60,65
150,61,60,65
148,60,60,65
147,60,61,65
145,60,61,65
145,60,61,65
143,60,61,65
143,60,61,65
143,61,61,65
142,61,61,65
142,61,61,65
142,61,61,65
142,60,61,65
143,61,62,65
143,61,62,65
143,61,62,65
145,60,62,65
146,60,62,65
147,60,62,65
147,60,62,65
148,59,63,65
150,58,63,65
152,58,63,65
154,57,63,66
154,56,63,66
156,55,63,66
158,54,64,66
160,53,64,66
162,52,64,66
164,52,64,66
166,51,64,66
168,50,65,67
169,50,65,67
171,49,65,67
173,49,66,67
174,49,66,67
175,49,66,67
178,49,66,68
178,49,66,68
179,48,67,68
180,47,67,68
181,47,67,68
182,47,67,69
182,46,67,69
182,45,67,69
182,45,68,69
182,45,68,69
181,44,68,69
180,44,68,69
179,44,69,69
178,45,69,69
176,44,69,69
173,45,69,69
170,45,69,69
168,44,70,69
165,44,70,70
162,43,70,70
158,43,70,70
154,42,70,70
150,42,71,70
146,41,71,71
142,41,71,71
138,41,71,71
135,41,71,71
130,41,72,71
127,41,72,71
124,41,72,72
121,40,72,72
118,40,72,72
115,40,73,72
113,40,73,72
112,41,73,72
109,41,73,72
109,41,73,73
108,42,73,73
106,42,73,73
106,42,73,73
107,43,73,73
107,44,74,73
107,45,74,73
108,45,74,73
109,46,74,73
109,48,74,73
111,49,74,73
112,49,74,74
113,50,74,74
113,51,74,74
113,51,74,74
114,51,74,74
114,51,74,74
114,51,74,74
113,51,74,74
114,51,73,74
113,50,73,74
113,51,73,74
112,50,73,75
111,50,73,75
110,50,73,75
109,50,73,75
107,50,72,75
106,49,72,75
104,50,72,75
102,50,72,75
100,51,72,75
98,51,72,75
95,52,72,75
94,52,71,75
90,53,71,75
87,53,71,76
85,54,71,76
83,50,71,76
80,53,71,76
78,54,71,76
75,54,70,76
73,54,70,76
71,55,70,76
69,56,70,77
67,55,70,77
65,54,70,77
65,55,70,77
64,55,69,77
62,55,69,77
62,56,69,77
61,56,69,77
61,56,69,78
61,57,69,78
60,56,69,78
61,55,69,78
61,55,69,78
62,55,70,78
62,55,69,78
64,53,69,78
65,53,69,78
66,51,69,78
69,50,69,78
72,50,69,78
73,50,70,78
77,51,70,78
80,51,70,78
82,52,70,78
86,52,70,78
90,52,70,78
94,53,70,78
98,52,70,78
102,52,70,78
106,51,70,78
111,52,70,78
115,51,70,78
119,50,70,78
124,50,70,79
127,51,70,79
131,51,69,79
134,52,69,79
137,53,70,79
140,53,70,79
143,53,70,79
146,53,70,79
148,53,69,79
150,53,69,79
153,54,69,79
155,53,69,79
158,54,69,79
159,54,69,79
161,54,69,79
162,54,69,79
164,54,69,79
165,54,68,79
167,55,68,79
167,55,68,79
168,54,68,79
169,55,68,79
169,55,68,79
170,56,68,79
170,56,68,79
171,56,68,79
171,56,68,79
171,56,68,79
172,56,68,78
171,56,68,78
171,55,68,78
172,55,68,78
171,54,68,78
172,55,68,78
171,53,68,78
171,53,68,78
170,52,68,78
169,51,67,78
167,50,67,78
166,50,67,78
165,49,67,78
163,49,67,78
162,48,67,78
160,47,67,79
159,47,67,79
157,47,67,79
156,47,67,78
155,47,67,78
153,47,67,79
152,48,67,78
152,47,67,78
151,48,67,78
150,48,67,78
149,48,67,78
148,48,67,78
149,49,68,78
148,49,68,78
148,48,68,77
148,48,68,77
148,49,68,77
149,50,68,77
150,50,68,77
150,49,68,77
151,51,68,77
152,51,68,77
154,51,68,76
155,51,68,76
156,51,68,76
158,50,68,76
160,49,68,76
163,49,68,76
165,49,68,76
167,49,68,76
169,48,68,76
173,47,68,76
175,46,68,76
178,46,68,75
181,46,69,75
183,44,69,75
186,44,69,75
188,43,69,75
190,44,70,74
194,44,70,74
196,43,70,74
199,44,70,74
201,44,71,74
203,44,71,74
205,44,71,74
207,44,71,74
208,44,71,74
209,44,71,74
209,45,71,74
209,44,71,74
210,44,71,73
209,45,71,73
209,45,71,73
208,45,71,73
207,46,71,73
205,46,71,73
203,46,71,74
201,46,71,74
199,47,71,74
196,47,71,74
195,47,71,74
191,47,71,74
188,48,71,74
185,48,71,75
181,48,71,75
178,48,71,75
174,48,71,75
169,47,71,75
164,48,71,75
158,48,71,75
153,47,71,75
148,47,71,76
144,46,71,76
140,47,70,76
135,46,70,77
130,40,70,77
125,42,70,77
121,43,70,77
118,44,69,77
114,46,69,78
110,48,69,78
107,49,68,78
105,50,68,78
101,51,68,78
99,52,67,78
96,53,67,78
95,54,66,78
92,55,66,78
90,55,65,78
88,57,65,77
88,57,65,77
86,58,64,77
86,58,64,77
85,59,64,77
85,57,63,78
85,57,63,78
86,57,63,78
86,57,63,77
87,56,63,77
87,55,63,77
89,55,63,77
94,55,63,77
92,63,63,77
97,54,63,77
95,63,63,77
95,63,63,77
96,62,62,77
97,61,62,77
97,61,62,76
97,61,62,76
99,59,62,76
98,58,62,76
98,58,62,76
98,58,61,76
97,58,61,76
97,58,61,76
97,57,61,76
96,57,61,76
95,57,60,76
94,58,60,75
93,58,60,75
90,58,60,75
88,57,60,75
86,57,59,75
83,57,59,74
80,58,59,74
77,59,59,74
74,59,59,73
71,59,59,73
67,60,58,73
65,59,58,72
61,67,58,72
58,65,58,72
56,64,58,72
53,63,58,71
50,63,58,71
48,63,57,71
47,62,57,71
46,62,57,70
44,63,57,70
43,63,57,70
43,63,57,70
43,64,57,70
43,63,56,70
44,63,56,69
45,63,56,69
46,63,56,69
47,63,56,69
48,63,56,69
49,63,56,69
51,62,56,69
54,62,56,69
57,62,56,69
60,62,56,69
63,61,56,68
67,60,56,68
71,60,56,68
75,59,56,68
80,60,56,68
84,59,56,68
90,60,57,67
95,60,57,67
100,59,57,67
104,59,57,67
109,59,57,67
113,60,57,67
117,60,57,67
121,60,57,67
124,60,57,67
127,60,57,67
129,61,57,67
131,61,57,67
133,60,57,66
134,61,57,66
135,61,57,66
136,62,57,66
136,62,57,66
138,63,57,66
137,64,57,66
138,63,57,66
137,64,57,66
137,64,57,66
136,63,57,66
133,62,57,66
131,62,57,65
129,62,56,65
127,62,57,65
124,62,57,65
121,61,57,65
118,60,57,65
114,60,57,65
110,60,57,65
107,60,57,65
102,59,57,65
98,58,57,65
93,58,57,65
88,57,57,65
84,57,57,65
81,57,56,65
76,56,56,65
73,56,56,65
68,56,56,65
65,57,56,65
62,57,56,65
60,57,56,65
57,56,56,65
54,56,56,65
53,55,56,65
49,55,56,65
47,55,56,65
46,55,56,65
46,55,56,65
45,55,56,65
44,56,56,65
44,57,56,65
44,57,56,65
43,57,56,65
44,57,56,65
44,57,56,65
46,58,56,65
46,57,56,65
47,58,56,65
50,59,56,64
51,59,56,64
53,58,56,64
56,58,55,64
58,58,55,64
60,57,55,64
63,57,55,63
67,56,55,63
70,55,55,63
73,56,54,63
76,55,54,63
80,55,54,63
83,55,54,63
87,55,54,63
90,55,54,62
93,54,54,62
101,55,54,62
102,55,54,62
106,55,54,62
108,56,54,62
111,56,54,62
114,56,54,61
117,56,54,61
119,60,54,61
121,57,55,61
123,61,55,62
124,59,55,62
124,56,55,62
125,56,56,62
125,55,56,61
126,54,56,61
127,55,57,61
127,55,57,62
128,55,57,62
128,55,57,62
128,55,57,62
128,54,57,62
129,54,57,62
129,53,57,62
129,52,57,62
129,52,57,62
129,52,57,62
128,51,57,62
128,51,56,62
127,51,56,62
126,52,56,62
126,52,56,62
126,52,56,62
126,52,56,62
126,52,55,62
126,52,55,62
127,51,55,62
127,51,55,62
128,51,55,63
130,50,55,63
131,50,55,63
132,50,55,63
133,49,55,63
135,49,55,63
137,49,55,63
139,49,55,63
141,49,56,63
143,50,56,63
145,50,56,63
148,49,57,64
150,48,57,64
154,47,58,64
159,47,58,64
162,52,58,64
165,48,59,65
170,47,59,65
173,52,59,65
177,50,60,65
179,48,60,65
182,49,60,65
184,50,61,65
186,50,61,65
188,50,61,66
189,50,62,66
191,49,62,66
192,48,62,67
195,47,62,67
196,46,62,68
197,46,62,68
197,46,62,68
198,45,62,69
199,46,62,69
199,46,62,69
200,47,63,70
200,48,63,70
199,49,63,70
200,49,63,70
200,49,63,70
199,49,63,71
199,49,64,71
199,49,64,71
200,49,64,71
199,50,64,71
199,51,64,72
199,51,64,72
199,52,64,72
199,52,65,73
200,52,65,73
201,52,65,73
202,52,65,73
204,53,65,73
205,53,65,74
207,53,64,74
209,54,64,74
211,54,64,74
213,55,64,75
214,55,63,75
216,55,63,75
218,55,63,75
221,56,63,75
223,56,63,75
225,56,63,75
228,55,63,76
229,56,63,76
230,57,63,76
231,58,63,76
232,60,63,76
232,60,63,76
232,61,63,76
232,61,63,76
231,62,63,76
230,62,63,76
228,62,63,76
225,62,63,76
224,61,63,76
220,61,63,76
217,62,64,76
213,63,64,76
209,62,64,76
204,61,64,76
200,60,65,76
194,59,65,76
189,58,65,76
184,57,65,77
179,57,66,77
174,55,66,77
169,55,66,77
164,54,66,78
159,53,66,78
155,52,67,78
150,51,67,78
146,51,67,79
141,51,67,79
137,51,67,79
133,51,68,79
130,50,68,80
126,50,68,80
123,49,68,80
120,49,69,80
117,50,69,80
113,50,69,80
111,50,69,80
108,50,70,80
106,51,70,81
103,51,70,81
101,50,70,81
100,49,70,81
98,47,71,81
96,47,71,81
94,46,71,81
91,45,71,81
90,45,72,81
87,46,72,81
85,46,72,81
82,45,72,81
80,44,72,81
78,44,73,81
76,43,73,81
75,42,73,82
72,41,73,82
71,40,73,83
69,39,73,83
69,33,74,84
65,35,74,84
62,36,74,85
61,35,74,85
58,36,75,86
55,36,75,86
53,37,75,87
51,38,75,87
49,37,75,88
47,37,75,89
45,30,75,89
42,33,76,89
39,35,76,89
37,31,76,89
34,33,76,89
31,35,76,90
28,37,76,90
28,34,76,90
26,35,76,91
