145,53,213,154
147,53,68,102
148,52,68,103
148,52,69,104
149,51,69,105
152,50,69,106
153,47,69,107
157,46,69,107
156,47,70,108
160,46,70,109
158,45,70,109
157,46,70,110
159,50,71,110
158,51,71,110
160,50,72,110
163,51,72,110
165,54,72,110
168,55,72,110
173,55,72,110
177,54,72,110
179,51,72,110
181,47,71,109
184,46,71,109
186,47,71,109
188,49,71,108
189,52,71,107
188,54,70,107
186,56,70,106
186,57,70,105
184,59,70,104
181,59,69,103
177,58,69,103
173,56,69,102
169,56,69,101
165,55,68,101
160,58,68,100
155,57,68,100
151,57,68,100
149,56,67,100
147,54,67,100
146,56,67,100
146,56,66,100
147,58,66,100
144,58,66,100
142,58,66,100
141,60,67,100
141,62,66,100
139,61,66,99
139,60,66,100
139,60,65,100
138,59,65,100
134,57,65,100
139,56,65,100
135,57,64,100
140,58,65,99
144,60,64,99
143,61,64,99
143,65,64,98
143,68,64,98
139,69,64,98
142,68,63,97
145,66,63,97
149,64,63,97
153,59,63,97
154,58,63,97
158,54,63,97
163,52,63,97
165,52,62,97
168,54,62,96
171,58,62,96
172,60,61,96
174,61,61,96
176,63,61,96
177,61,61,96
178,61,60,96
179,61,60,96
179,59,61,96
177,58,60,96
178,55,60,95
176,56,60,95
173,58,60,95
172,59,60,95
171,60,60,94
170,60,60,94
169,60,60,94
167,60,60,94
167,61,59,94
167,59,59,94
165,59,59,94
164,56,59,93
162,53,58,93
159,54,58,93
155,53,58,94
153,51,58,94
151,54,59,93
151,58,59,93
150,63,59,93
149,65,59,93
149,66,59,93
147,66,59,93
148,66,60,93
150,66,59,92
151,64,60,92
152,64,59,92
153,63,59,92
154,63,59,92
156,63,59,91
159,64,59,91
163,65,59,91
166,65,58,91
170,64,58,91
174,67,57,91
173,68,57,91
172,66,57,92
176,65,57,92
179,64,56,92
182,65,56,92
185,65,56,92
186,65,56,92
186,64,56,92
186,64,56,91
188,67,56,91
188,69,56,91
188,73,56,91
191,74,56,91
192,74,56,91
192,72,56,91
190,69,56,91
188,66,56,91
184,66,56,91
181,63,55,91
179,59,55,91
177,58,55,91
177,59,54,91
174,61,54,91
169,63,54,90
166,63,54,90
163,63,54,90
160,64,54,89
159,62,54,89
158,61,53,89
158,60,53,89
159,62,53,89
159,63,52,89
160,65,52,88
163,65,52,88
168,69,52,88
168,70,52,88
169,69,51,88
171,69,51,87
174,68,51,87
176,68,51,87
179,66,51,87
182,63,51,87
182,62,51,87
184,63,51,88
184,66,51,88
184,66,51,88
183,68,52,88
184,68,52,88
184,70,52,88
184,73,52,88
182,75,52,88
181,75,52,88
180,75,52,88
179,72,52,88
179,71,52,88
183,69,52,88
181,66,52,89
178,66,52,89
175,68,52,89
174,69,52,90
171,67,52,90
169,70,52,91
167,72,52,91
163,73,52,90
160,70,52,90
157,68,51,90
154,66,51,90
153,65,51,90
151,66,51,89
152,68,51,89
155,68,51,89
158,70,51,89
160,73,51,89
162,74,51,88
164,75,51,88
166,75,51,88
168,75,51,88
170,76,50,88
174,79,50,87
178,81,50,87
182,81,50,87
188,76,50,87
189,73,50,87
191,72,51,87
194,71,51,87
199,71,51,86
203,73,51,86
205,75,51,86
209,77,50,86
213,78,50,87
215,76,50,87
215,77,50,87
216,77,50,87
217,77,50,87
215,76,50,87
213,75,50,87
214,74,50,87
214,76,50,86
213,77,50,86
211,76,49,86
211,76,49,86
210,74,49,86
209,74,49,86
211,71,49,87
208,71,49,87
206,72,49,87
203,74,49,87
202,76,49,87
202,76,49,87
201,74,48,87
200,74,48,87
199,71,48,87
199,71,48,87
204,70,48,87
203,69,48,87
206,70,48,87
207,73,48,87
206,74,47,87
207,76,47,87
208,75,48,87
213,73,48,87
213,70,48,88
216,70,47,88
220,70,47,88
226,70,47,88
230,72,47,89
234,74,47,89
236,77,48,89
236,77,47,89
237,79,47,89
236,79,47,89
237,78,47,89
238,77,48,89
241,78,48,88
243,79,48,87
244,74,49,87
243,76,49,87
242,77,49,86
242,77,49,86
240,79,50,86
238,81,50,85
235,83,49,85
233,83,50,85
231,82,50,85
222,82,50,85
220,79,50,85
220,73,50,85
220,69,50,85
228,65,50,85
229,64,50,85
232,65,50,85
235,67,50,86
238,70,50,86
241,64,50,86
250,75,50,87
252,77,50,87
254,69,50,87
257,69,50,87
261,66,50,88
266,64,49,88
269,61,49,88
271,60,49,88
271,60,48,88
269,62,48,88
267,62,48,88
266,63,48,88
265,63,48,88
265,63,48,89
264,64,48,88
263,62,48,88
266,61,48,89
265,60,48,89
266,60,48,89
266,59,48,90
266,57,48,90
266,56,48,91
266,54,48,91
265,52,49,92
265,51,49,92
265,57,49,92
265,57,49,92
266,58,49,92
266,58,49,92
266,60,49,92
264,62,49,92
256,64,50,93
247,66,50,92
240,66,50,92
239,65,50,92
235,63,51,92
231,62,51,92
226,61,51,92
221,59,51,92
218,59,51,93
216,60,51,93
214,60,52,94
211,61,52,94
208,60,52,95
204,60,53,96
199,70,53,96
195,69,52,97
185,66,52,96
181,61,53,96
175,58,53,96
162,52,53,96
157,51,53,96
147,48,53,96
139,48,53,96
137,49,53,95
137,49,53,95
130,47,53,95
133,47,52,94
132,49,52,94
130,50,52,94
129,50,52,94
130,52,52,94
133,52,52,94
136,52,52,94
137,55,53,94
139,57,53,94
142,56,53,94
146,58,53,94
151,59,53,94
156,61,53,94
160,63,53,94
164,65,52,94
167,65,52,94
169,63,52,94
169,59,52,94
169,56,51,94
170,52,51,93
171,44,51,93
172,46,51,93
171,47,51,93
172,57,51,93
173,61,51,93
183,66,51,93
192,72,51,94
195,78,51,93
197,84,52,93
198,91,52,94
200,93,53,94
204,91,53,94
206,92,53,93
208,93,53,93
207,92,54,93
206,89,54,92
204,88,54,92
202,83,53,92
199,77,53,91
188,66,53,91
184,64,53,91
181,62,53,91
178,63,52,92
174,65,52,92
172,66,52,92
170,68,52,92
170,70,51,93
168,73,51,93
168,73,51,93
167,74,51,93
167,73,51,93
167,69,51,93
166,66,50,93
165,64,51,93
164,60,51,93
164,56,51,93
167,54,51,94
170,53,51,94
181,55,52,94
183,58,52,94
187,61,53,95
193,64,53,95
198,66,53,95
204,69,53,96
208,70,53,95
212,68,53,95
214,65,53,95
213,61,53,94
212,55,54,94
211,55,53,94
210,54,53,94
209,57,54,94
208,58,54,94
214,60,54,94
212,61,55,93
210,62,55,93
208,64,56,93
206,65,56,92
203,65,56,92
200,65,56,91
197,64,57,91
188,63,57,91
189,61,57,91
190,61,57,91
190,70,57,91
191,80,56,90
192,88,56,90
191,88,56,89
192,88,55,89
191,87,55,89
190,85,55,88
190,82,55,88
196,77,54,88
196,67,54,88
196,59,54,88
203,62,54,88
204,62,54,89
212,65,54,89
212,69,54,89
214,70,54,90
215,71,54,90
217,70,54,90
219,71,54,90
220,70,53,90
218,68,53,89
208,67,53,89
199,66,53,88
190,66,53,88
189,66,52,88
188,63,52,88
187,60,52,88
187,61,52,87
195,62,52,87
196,64,53,86
199,66,52,86
201,67,52,87
205,68,52,87
204,66,52,87
196,65,52,87
197,62,52,87
190,58,52,86
189,57,52,86
187,59,52,86
178,61,52,86
177,64,52,86
169,65,52,86
169,65,51,86
170,64,51,86
169,65,51,86
167,66,51,86
168,63,50,86
168,56,50,86
170,54,50,85
172,54,50,85
175,56,49,85
175,59,49,85
175,60,49,85
175,62,49,85
173,65,49,85
167,63,49,85
160,62,50,85
154,60,50,84
148,56,49,85
142,51,49,85
138,46,49,85
134,41,49,85
131,37,49,85
132,36,49,85
133,38,49,85
133,42,50,85
136,43,50,86
140,44,50,86
144,45,50,87
152,46,49,87
157,45,49,86
157,45,49,86
157,44,49,86
157,46,49,86
158,47,49,86
159,50,49,86
159,59,48,86
161,56,48,86
161,49,48,86
162,50,48,86
170,53,48,85
170,54,48,85
171,52,48,84
172,50,48,84
173,49,48,84
172,43,48,84
171,44,48,84
170,53,47,83
169,53,47,83
168,54,47,82
168,54,47,82
168,55,47,82
168,55,47,81
169,53,47,81
177,53,47,82
178,52,47,82
181,49,47,82
184,48,47,82
193,55,47,82
194,58,47,82
193,58,47,82
189,58,47,82
185,54,47,83
185,51,47,83
186,49,46,83
187,49,46,83
188,49,46,83
191,49,46,83
195,48,46,83
196,50,46,83
196,54,46,84
195,57,46,84
187,63,46,84
177,68,47,85
172,70,47,84
160,66,47,84
155,60,47,84
149,56,47,84
146,50,47,85
142,47,48,85
139,47,48,85
138,47,48,85
141,50,48,86
143,53,48,86
144,57,48,86
144,61,49,87
146,64,49,87
147,63,49,87
150,60,49,87
152,56,49,88
155,56,49,88
157,57,49,88
159,57,49,88
159,59,50,88
163,63,50,89
159,68,50,89
156,71,50,89
152,73,50,90
147,72,51,90
143,70,51,91
141,69,51,91
138,64,51,91
137,56,51,91
137,50,52,91
137,47,52,91
141,46,52,91
140,46,52,92
138,51,52,92
138,54,52,92
137,58,52,92
137,60,52,93
136,61,52,93
136,62,52,93
138,62,52,94
141,61,52,93
145,57,52,94
151,55,52,94
157,53,52,94
163,52,53,94
169,53,53,93
175,55,53,93
179,58,54,93
