1025.000,277.000,48.000,53.000
1028.637,279.787,41.443,49.794
1032.711,290.844,48.096,51.975
1000.231,297.109,55.175,56.588
966.762,313.090,45.864,45.605
922.682,295.419,57.533,43.410
922.682,295.419,57.533,43.410
882.441,291.720,85.206,48.936
769.384,240.064,88.851,66.919
769.384,240.064,88.851,66.919
679.075,153.666,73.097,71.351
697.170,133.763,63.591,77.713
706.737,118.394,61.914,73.482
718.089,103.381,58.908,72.287
716.554,86.753,59.552,65.939
694.050,62.161,61.247,73.538
676.364,43.716,63.688,78.152
672.524,40.356,59.144,71.642
661.670,26.007,64.176,76.485
652.982,36.697,61.103,77.266
644.847,100.662,59.095,65.710
631.826,116.238,60.147,74.126
626.854,143.428,58.778,77.763
618.827,153.737,73.183,80.280
606.350,170.217,60.493,77.467
607.398,176.661,58.229,78.560
613.817,186.392,57.901,78.057
609.395,190.266,56.734,76.187
599.116,190.372,55.626,71.482
588.496,189.037,55.242,73.558
572.256,189.085,53.928,64.839
557.261,193.972,51.442,61.173
542.444,211.120,51.065,60.357
525.582,237.612,52.865,62.734
531.136,262.149,50.937,67.023
528.974,284.986,57.232,70.017
510.114,307.982,55.519,65.372
510.844,321.622,58.350,67.811
518.621,319.360,60.822,68.845
528.264,305.157,61.337,70.187
523.229,286.290,62.825,71.346
508.539,273.901,60.500,68.541
503.680,264.137,51.510,65.724
510.160,254.440,55.240,67.801
503.734,258.104,58.476,68.509
495.150,259.474,54.469,65.904
500.480,254.244,54.436,66.652
493.498,255.864,56.012,65.509
444.685,255.001,76.489,61.169
441.133,258.019,60.629,63.749
449.933,267.418,57.578,58.466
478.607,321.169,49.661,50.319
529.401,427.496,58.393,59.567
499.439,302.093,61.247,58.904
570.930,243.751,65.391,70.035
637.618,264.045,73.985,82.202
729.545,105.600,86.783,96.048
730.257,31.998,95.596,96.992
